-0.491981 0.815462 -0.041048 
 -0.524434 0.810394 -0.038337 
 -0.123324 0.802904 -0.120541 
 -0.155640 0.797857 -0.117841 
 -0.323983 0.811124 -0.041465 
 -0.356436 0.806056 -0.038754 
 -0.388889 0.800988 -0.036043 
 -0.421342 0.795920 -0.033332 
 -0.453795 0.790852 -0.030620 
 -0.486248 0.785784 -0.027909 
 -0.518702 0.780716 -0.025198 
 -0.551155 0.775648 -0.022487 
 0.043965 0.798585 -0.120956 
 0.011649 0.793538 -0.118256 
 -0.018832 0.775636 -0.136499 
 -0.051103 0.770596 -0.133803 
 -0.083373 0.765557 -0.131107 
 -0.115644 0.760517 -0.128411 
 -0.147914 0.755478 -0.125715 
 -0.182248 0.763258 -0.102057 
 -0.218782 0.783838 -0.057425 
 -0.251190 0.778777 -0.054718 
 -0.283597 0.773716 -0.052010 
 -0.318250 0.781447 -0.028326 
 -0.350704 0.776379 -0.025615 
 -0.383157 0.771311 -0.022904 
 -0.415610 0.766243 -0.020192 
 -0.445635 0.748412 -0.038473 
 -0.480516 0.756107 -0.014770 
 -0.510450 0.738290 -0.033058 
 -0.542857 0.733229 -0.030351 
 -0.575265 0.728168 -0.027643 
 0.049673 0.769033 -0.107872 
 0.017357 0.763986 -0.105172 
 -0.009478 0.720497 -0.165355 
 -0.041657 0.715472 -0.162667 
 -0.073837 0.710447 -0.159978 
 -0.106016 0.705422 -0.157290 
 -0.138195 0.700396 -0.154602 
 -0.170374 0.695371 -0.151913 
 -0.206755 0.715888 -0.107257 
 -0.239026 0.710849 -0.104561 
 -0.273489 0.718566 -0.080874 
 -0.305805 0.713520 -0.078174 
 -0.342688 0.733959 -0.033475 
 -0.375095 0.728898 -0.030767 
 -0.407503 0.723837 -0.028060 
 -0.439910 0.718776 -0.025352 
 -0.472318 0.713715 -0.022645 
 -0.507237 0.721361 0.001081 
 -0.537133 0.703594 -0.017230 
 -0.561732 0.660454 -0.077601 
 -0.594002 0.655414 -0.074905 
 0.149149 0.780237 -0.060966 
 0.116741 0.775176 -0.058258 
 0.087698 0.744527 -0.097488 
 0.055381 0.739481 -0.094788 
 0.024839 0.721654 -0.113064 
 -0.003794 0.691070 -0.152327 
 -0.035973 0.686045 -0.149638 
 -0.068153 0.681020 -0.146950 
 -0.100332 0.675995 -0.144262 
 -0.132511 0.670969 -0.141573 
 -0.164691 0.665944 -0.138885 
 -0.196870 0.660919 -0.136197 
 -0.233326 0.681338 -0.091496 
 -0.265597 0.676299 -0.088800 
 -0.300097 0.683967 -0.065090 
 -0.332413 0.678921 -0.062391 
 -0.364729 0.673874 -0.059691 
 -0.397045 0.668828 -0.056991 
 -0.434186 0.689141 -0.012232 
 -0.469052 0.696752 0.011509 
 -0.501505 0.691684 0.014220 
 -0.533958 0.686616 0.016931 
 -0.558626 0.643594 -0.043492 
 -0.590943 0.638548 -0.040792 
 -0.623259 0.633501 -0.038092 
 -0.655575 0.628454 -0.035392 
 0.218197 0.773503 -0.032289 
 0.185743 0.768435 -0.029577 
 0.154873 0.750601 -0.047845 
 0.125722 0.720022 -0.087104 
 0.093406 0.714975 -0.084404 
 0.062809 0.697184 -0.102695 
 0.034069 0.666669 -0.141987 
 0.001890 0.661644 -0.139299 
 -0.030290 0.656618 -0.136610 
 -0.062469 0.651593 -0.133922 
 -0.094648 0.646568 -0.131233 
 -0.126827 0.641543 -0.128545 
 -0.159007 0.636517 -0.125857 
 -0.191186 0.631492 -0.123168 
 -0.223365 0.626467 -0.120480 
 -0.259897 0.646789 -0.075735 
 -0.292167 0.641749 -0.073039 
 -0.326705 0.649369 -0.049307 
 -0.359021 0.644322 -0.046607 
 -0.391337 0.639275 -0.043907 
 -0.428462 0.659505 0.000889 
 -0.463319 0.667075 0.024648 
 -0.495773 0.662007 0.027359 
 -0.525685 0.644322 0.009011 
 -0.552918 0.614042 -0.030408 
 -0.582602 0.596393 -0.048775 
 -0.617551 0.603949 -0.025008 
 -0.649867 0.598902 -0.022309 
 0.286051 0.779469 0.017393 
 0.256382 0.748894 -0.021861 
 0.223929 0.743826 -0.019149 
 0.193005 0.726027 -0.037432 
 0.163746 0.695516 -0.076720 
 0.131430 0.690470 -0.074020 
 0.100780 0.672713 -0.092325 
 0.068509 0.667673 -0.089629 
 0.039753 0.637242 -0.128959 
 0.007574 0.632217 -0.126270 
 -0.024606 0.627191 -0.123582 
 -0.056785 0.622166 -0.120893 
 -0.088964 0.617141 -0.118205 
 -0.121144 0.612116 -0.115517 
 -0.153323 0.607090 -0.112828 
 -0.185502 0.602065 -0.110140 
 -0.217681 0.597040 -0.107452 
 -0.254197 0.617278 -0.062669 
 -0.286467 0.612239 -0.059973 
 -0.320997 0.619816 -0.036223 
 -0.353313 0.614770 -0.033523 
 -0.385629 0.609723 -0.030823 
 -0.422738 0.629869 0.014010 
 -0.455145 0.624808 0.016717 
 -0.487553 0.619748 0.019425 
 -0.519960 0.614687 0.022132 
 -0.544632 0.571923 -0.038405 
 -0.576902 0.566883 -0.035709 
 -0.609173 0.561844 -0.033013 
 -0.641443 0.556804 -0.030317 
 0.323006 0.767508 0.048848 
 0.294567 0.724285 -0.011433 
 0.262114 0.719217 -0.008721 
 0.231136 0.701452 -0.027018 
 0.198729 0.696391 -0.024311 
 0.169454 0.665964 -0.063636 
 0.137138 0.660917 -0.060937 
 0.106480 0.643203 -0.079260 
 0.077616 0.612841 -0.118619 
 0.045437 0.607815 -0.115930 
 0.013257 0.602790 -0.113242 
 -0.018922 0.597765 -0.110553 
 -0.051101 0.592739 -0.107865 
 -0.083280 0.587714 -0.105177 
 -0.115460 0.582689 -0.102488 
 -0.147639 0.577664 -0.099800 
 -0.179818 0.572638 -0.097112 
 -0.211998 0.567613 -0.094423 
 -0.244177 0.562588 -0.091735 
 -0.280767 0.582728 -0.046908 
 -0.313038 0.577689 -0.044212 
 -0.345308 0.572649 -0.041516 
 -0.379921 0.580171 -0.017739 
 -0.417014 0.600234 0.027131 
 -0.449421 0.595173 0.029838 
 -0.481829 0.590112 0.032545 
 -0.514236 0.585051 0.035253 
 -0.541502 0.554938 -0.004240 
 -0.573818 0.549891 -0.001541 
 -0.606135 0.544845 0.001159 
 -0.638451 0.539798 0.003859 
 0.391464 0.773266 0.098612 
 0.361352 0.742795 0.059320 
 0.330092 0.725029 0.041027 
 0.300300 0.694608 0.001707 
 0.269268 0.676877 -0.016605 
 0.236860 0.671816 -0.013898 
 0.207479 0.641459 -0.053252 
 0.176721 0.623771 -0.071587 
 0.144450 0.618732 -0.068891 
 0.115479 0.588439 -0.108279 
 0.083300 0.583414 -0.105590 
 0.051121 0.578388 -0.102902 
 0.018941 0.573363 -0.100214 
 -0.013238 0.568338 -0.097525 
 -0.043539 0.550721 -0.115898 
 -0.075673 0.545703 -0.113213 
 -0.109776 0.553262 -0.089460 
 -0.141955 0.548237 -0.086772 
 -0.174134 0.543211 -0.084083 
 -0.206314 0.538186 -0.081395 
 -0.238493 0.533161 -0.078706 
 -0.275067 0.553218 -0.033843 
 -0.307338 0.548178 -0.031147 
 -0.339608 0.543139 -0.028451 
 -0.374213 0.550619 -0.004656 
 -0.406529 0.545572 -0.001956 
 -0.438846 0.540526 0.000744 
 -0.476105 0.560476 0.045666 
 -0.508512 0.555416 0.048374 
 -0.535794 0.525386 0.008843 
 -0.568110 0.520339 0.011543 
 -0.605735 0.540233 0.056496 
 -0.638142 0.535172 0.059203 
 -0.670550 0.530111 0.061911 
 0.428733 0.761140 0.130135 
 0.399699 0.718082 0.069792 
 0.368385 0.700351 0.051484 
 0.338485 0.669998 0.012135 
 0.307400 0.652302 -0.006192 
 0.274992 0.647242 -0.003484 
 0.245503 0.616953 -0.042869 
 0.214691 0.599300 -0.061217 
 0.182421 0.594261 -0.058521 
 0.153342 0.564037 -0.097939 
 0.121163 0.559012 -0.095250 
 0.088984 0.553987 -0.092562 
 0.056804 0.548961 -0.089873 
 0.026404 0.531372 -0.108257 
 -0.005730 0.526354 -0.105572 
 -0.037864 0.521336 -0.102888 
 -0.069997 0.516318 -0.100203 
 -0.102131 0.511300 -0.097518 
 -0.134264 0.506282 -0.094834 
 -0.168451 0.513784 -0.071055 
 -0.200630 0.508759 -0.068366 
 -0.232809 0.503734 -0.065678 
 -0.269367 0.523708 -0.020777 
 -0.301638 0.518668 -0.018081 
 -0.333908 0.513628 -0.015385 
 -0.368505 0.521067 0.008428 
 -0.400821 0.516020 0.011128 
 -0.433138 0.510974 0.013828 
 -0.470380 0.530841 0.058787 
 -0.497770 0.500880 0.019227 
 -0.530086 0.495834 0.021927 
 -0.562402 0.490787 0.024627 
 -0.600010 0.510597 0.069617 
 -0.632418 0.505536 0.072324 
 -0.664825 0.500476 0.075032 
 0.530614 0.771817 0.177243 
 0.497796 0.766692 0.179985 
 0.464978 0.761567 0.182727 
 0.438045 0.693369 0.080264 
 0.405455 0.688279 0.082986 
 0.374133 0.670590 0.064660 
 0.344217 0.640321 0.025274 
 0.313124 0.622667 0.006929 
 0.280716 0.617606 0.009637 
 0.251211 0.587401 -0.029785 
 0.220391 0.569790 -0.048152 
 0.188121 0.564750 -0.045456 
 0.159026 0.534610 -0.084910 
 0.126847 0.529585 -0.082222 
 0.094668 0.524560 -0.079534 
 0.064213 0.507006 -0.097931 
 0.032080 0.501987 -0.095247 
 -0.000054 0.496969 -0.092562 
 -0.032188 0.491951 -0.089878 
 -0.064321 0.486933 -0.087193 
 -0.096455 0.481915 -0.084509 
 -0.128589 0.476897 -0.081824 
 -0.160722 0.471879 -0.079140 
 -0.194946 0.479332 -0.055338 
 -0.227125 0.474307 -0.052650 
 -0.259305 0.469282 -0.049961 
 -0.291484 0.464257 -0.047273 
 -0.328208 0.484118 -0.002320 
 -0.360479 0.479079 0.000376 
 -0.392749 0.474039 0.003072 
 -0.425020 0.469000 0.005768 
 -0.459746 0.476375 0.029611 
 -0.489561 0.458921 0.011160 
 -0.521832 0.453881 0.013856 
 -0.554102 0.448842 0.016552 
 -0.589011 0.456188 0.040411 
 -0.621327 0.451142 0.043110 
 -0.653643 0.446095 0.045810 
 0.602048 0.752056 0.185047 
 0.569229 0.746931 0.187788 
 0.536411 0.741805 0.190530 
 0.503593 0.736680 0.193272 
 0.473021 0.706395 0.153902 
 0.443802 0.663566 0.093458 
 0.412426 0.645911 0.075118 
 0.382403 0.615711 0.035702 
 0.351255 0.598092 0.017342 
 0.321551 0.567942 -0.022101 
 0.289235 0.562895 -0.019401 
 0.256919 0.557849 -0.016701 
 0.226091 0.540280 -0.035087 
 0.196889 0.510209 -0.074570 
 0.164710 0.505183 -0.071882 
 0.132531 0.500158 -0.069194 
 0.100351 0.495133 -0.066505 
 0.068172 0.490108 -0.063817 
 0.035993 0.485082 -0.061128 
 0.005622 0.467584 -0.079552 
 -0.026512 0.462566 -0.076868 
 -0.058646 0.457548 -0.074183 
 -0.090779 0.452530 -0.071499 
 -0.122913 0.447512 -0.068814 
 -0.155046 0.442493 -0.066130 
 -0.187180 0.437475 -0.063445 
 -0.219314 0.432457 -0.060760 
 -0.251447 0.427439 -0.058076 
 -0.285800 0.434830 -0.034245 
 -0.317979 0.429804 -0.031556 
 -0.354779 0.449568 0.013441 
 -0.387049 0.444529 0.016137 
 -0.419320 0.439489 0.018833 
 -0.451591 0.434450 0.021529 
 -0.483861 0.429410 0.024225 
 -0.516132 0.424371 0.026921 
 -0.548402 0.419331 0.029617 
 -0.580673 0.414292 0.032313 
 -0.612943 0.409252 0.035009 
 -0.647935 0.416543 0.058894 
 0.607844 0.722044 0.198334 
 0.575026 0.716919 0.201075 
 0.542208 0.711794 0.203817 
 0.509389 0.706669 0.206559 
 0.478802 0.676467 0.167152 
 0.449558 0.633764 0.106653 
 0.418175 0.616150 0.088294 
 0.388135 0.586034 0.048841 
 0.356980 0.568457 0.030463 
 0.327259 0.538390 -0.009017 
 0.296332 0.520848 -0.027414 
 0.266932 0.490832 -0.066919 
 0.234752 0.485807 -0.064230 
 0.202573 0.480782 -0.061542 
 0.170394 0.475757 -0.058854 
 0.138214 0.470731 -0.056165 
 0.106035 0.465706 -0.053477 
 0.073856 0.460681 -0.050788 
 0.043431 0.443217 -0.069227 
 0.011297 0.438199 -0.066543 
 -0.020836 0.433181 -0.063858 
 -0.051078 0.415745 -0.082314 
 -0.083166 0.410734 -0.079633 
 -0.115254 0.405723 -0.076952 
 -0.147342 0.400712 -0.074271 
 -0.179430 0.395701 -0.071591 
 -0.213638 0.403072 -0.047751 
 -0.245772 0.398054 -0.045066 
 -0.277905 0.393036 -0.042382 
 -0.312295 0.400378 -0.018528 
 -0.344475 0.395352 -0.015840 
 -0.376654 0.390327 -0.013151 
 -0.408833 0.385302 -0.010463 
 -0.445891 0.404939 0.034595 
 -0.478161 0.399900 0.037291 
 -0.510432 0.394860 0.039987 
 -0.542702 0.389821 0.042683 
 -0.564486 0.335569 -0.039422 
 -0.596574 0.330558 -0.036741 
 0.645580 0.709690 0.229952 
 0.612716 0.704558 0.232698 
 0.580823 0.686908 0.214362 
 0.548004 0.681783 0.217104 
 0.515186 0.676658 0.219846 
 0.484582 0.646540 0.180402 
 0.456467 0.591472 0.098751 
 0.423923 0.586390 0.101470 
 0.393867 0.556357 0.061980 
 0.362704 0.538821 0.043584 
 0.334303 0.496377 -0.017044 
 0.304795 0.466431 -0.056579 
 0.272615 0.461405 -0.053890 
 0.240436 0.456380 -0.051202 
 0.208257 0.451355 -0.048514 
 0.176078 0.446330 -0.045825 
 0.143898 0.441304 -0.043137 
 0.113374 0.423868 -0.061586 
 0.081241 0.418850 -0.058902 
 0.049107 0.413832 -0.056217 
 0.016973 0.408814 -0.053533 
 -0.013323 0.391413 -0.072003 
 -0.045411 0.386402 -0.069322 
 -0.073641 0.356655 -0.108963 
 -0.105638 0.351658 -0.106290 
 -0.137634 0.346661 -0.103617 
 -0.173763 0.366358 -0.058599 
 -0.205851 0.361347 -0.055918 
 -0.240096 0.368669 -0.032056 
 -0.272229 0.363651 -0.029372 
 -0.306611 0.370951 -0.005500 
 -0.338791 0.365925 -0.002811 
 -0.370970 0.360900 -0.000123 
 -0.403149 0.355875 0.002566 
 -0.440191 0.375429 0.047660 
 -0.472461 0.370390 0.050356 
 -0.499687 0.340799 0.010631 
 -0.531866 0.335774 0.013319 
 -0.558819 0.306226 -0.026430 
 -0.590907 0.301215 -0.023749 
 0.649643 0.704618 0.285443 
 0.618521 0.674505 0.246003 
 0.585657 0.669373 0.248749 
 0.553801 0.651772 0.230391 
 0.520983 0.646647 0.233133 
 0.490363 0.616612 0.193652 
 0.462216 0.561711 0.111927 
 0.432052 0.531748 0.072408 
 0.400835 0.514246 0.053997 
 0.370992 0.484333 0.014451 
 0.340003 0.466867 -0.003979 
 0.310479 0.437004 -0.043550 
 0.279718 0.419574 -0.061999 
 0.247585 0.414556 -0.059315 
 0.215451 0.409537 -0.056630 
 0.183317 0.404519 -0.053946 
 0.151184 0.399501 -0.051261 
 0.119050 0.394483 -0.048577 
 0.086916 0.389465 -0.045892 
 0.054783 0.384447 -0.043207 
 0.024433 0.367080 -0.061692 
 -0.007655 0.362069 -0.059012 
 -0.035993 0.332391 -0.098682 
 -0.066068 0.315068 -0.117188 
 -0.099986 0.322398 -0.093336 
 -0.131983 0.317401 -0.090663 
 -0.163979 0.312405 -0.087990 
 -0.195976 0.307408 -0.085317 
 -0.232271 0.326992 -0.040246 
 -0.264359 0.321981 -0.037566 
 -0.300928 0.341524 0.007529 
 -0.333107 0.336498 0.010217 
 -0.365286 0.331473 0.012906 
 -0.397465 0.326448 0.015594 
 -0.429645 0.321423 0.018282 
 -0.461824 0.316398 0.020971 
 -0.494003 0.311372 0.023659 
 -0.526183 0.306347 0.026347 
 -0.555756 0.289102 0.007799 
 -0.587890 0.284084 0.010484 
 0.655464 0.674482 0.298785 
 0.624326 0.644452 0.259309 
 0.591462 0.639320 0.262055 
 0.559598 0.621760 0.243678 
 0.526780 0.616635 0.246420 
 0.496144 0.586684 0.206902 
 0.467964 0.531950 0.125104 
 0.437785 0.502070 0.085547 
 0.406560 0.484611 0.067118 
 0.377973 0.442396 0.006390 
 0.348342 0.412602 -0.033210 
 0.316163 0.407577 -0.030522 
 0.286805 0.377825 -0.070147 
 0.254717 0.372814 -0.067466 
 0.221127 0.380152 -0.043620 
 0.188993 0.375134 -0.040936 
 0.156859 0.370116 -0.038251 
 0.124726 0.365098 -0.035567 
 0.094277 0.347759 -0.054062 
 0.062189 0.342748 -0.051382 
 0.030101 0.337737 -0.048701 
 0.001656 0.308128 -0.088401 
 -0.028474 0.290840 -0.106922 
 -0.060425 0.285850 -0.104252 
 -0.092376 0.280861 -0.101583 
 -0.124327 0.275871 -0.098914 
 -0.156278 0.270881 -0.096244 
 -0.190324 0.278148 -0.072362 
 -0.222321 0.273151 -0.069689 
 -0.258691 0.292638 -0.024574 
 -0.293011 0.299862 -0.000667 
 -0.327423 0.307072 0.023246 
 -0.359602 0.302046 0.025934 
 -0.391782 0.297021 0.028622 
 -0.423961 0.291996 0.031311 
 -0.456140 0.286971 0.033999 
 -0.488319 0.281945 0.036687 
 -0.517947 0.264735 0.018125 
 -0.547483 0.247539 -0.000447 
 -0.579571 0.242528 0.002233 
 0.661285 0.644345 0.312128 
 0.630131 0.614399 0.272615 
 0.597267 0.609267 0.275360 
 0.565395 0.591749 0.256965 
 0.532576 0.586624 0.259707 
 0.501924 0.556756 0.220152 
 0.473712 0.502189 0.138280 
 0.443517 0.472393 0.098687 
 0.412284 0.454975 0.080239 
 0.383673 0.412886 0.019456 
 0.354026 0.383175 -0.020182 
 0.321846 0.378150 -0.017494 
 0.295278 0.323839 -0.099505 
 0.263281 0.318842 -0.096831 
 0.228296 0.338460 -0.051794 
 0.194669 0.345749 -0.027926 
 0.162535 0.340731 -0.025241 
 0.132032 0.323427 -0.043752 
 0.099944 0.318416 -0.041071 
 0.067856 0.313405 -0.038390 
 0.035768 0.308394 -0.035709 
 0.007307 0.278868 -0.075446 
 -0.022830 0.261622 -0.093986 
 -0.054781 0.256632 -0.091316 
 -0.086732 0.251642 -0.088647 
 -0.118683 0.246653 -0.085978 
 -0.150634 0.241663 -0.083309 
 -0.182585 0.236674 -0.080639 
 -0.214536 0.231684 -0.077970 
 -0.253023 0.263295 -0.011583 
 -0.287336 0.270477 0.012343 
 -0.319469 0.265459 0.015027 
 -0.353918 0.272620 0.038962 
 -0.386098 0.267594 0.041651 
 -0.418277 0.262569 0.044339 
 -0.450456 0.257544 0.047027 
 -0.482636 0.252519 0.049716 
 -0.512271 0.235350 0.031135 
 -0.541815 0.218196 0.012544 
 -0.573903 0.213185 0.015225 
 0.667106 0.614209 0.325470 
 0.635935 0.584346 0.285920 
 0.604010 0.566863 0.267511 
 0.571191 0.561738 0.270253 
 0.540432 0.531939 0.230668 
 0.508780 0.514499 0.212236 
 0.481702 0.447784 0.109115 
 0.450416 0.430400 0.090652 
 0.420432 0.400723 0.051003 
 0.391889 0.358773 -0.009842 
 0.359710 0.353748 -0.007154 
 0.328879 0.336437 -0.025654 
 0.300929 0.294579 -0.086550 
 0.270373 0.277310 -0.105074 
 0.236936 0.284586 -0.081204 
 0.204939 0.279589 -0.078531 
 0.169788 0.299094 -0.033441 
 0.137700 0.294083 -0.030760 
 0.108949 0.264599 -0.070511 
 0.073524 0.284061 -0.025399 
 0.044956 0.254605 -0.065165 
 0.012959 0.249608 -0.062492 
 -0.017187 0.232403 -0.081050 
 -0.049138 0.227414 -0.078380 
 -0.077204 0.198036 -0.118190 
 -0.113040 0.217435 -0.073042 
 -0.144991 0.212445 -0.070373 
 -0.176942 0.207455 -0.067703 
 -0.208893 0.202466 -0.065034 
 -0.247356 0.233951 0.001409 
 -0.281660 0.241092 0.025352 
 -0.313793 0.236074 0.028037 
 -0.348234 0.243193 0.051991 
 -0.380414 0.238167 0.054679 
 -0.412593 0.233142 0.057367 
 -0.444772 0.228117 0.060056 
 -0.476952 0.223091 0.062744 
 -0.506595 0.205965 0.044144 
 -0.538729 0.200947 0.046829 
 -0.570862 0.195929 0.049513 
 0.672927 0.584072 0.338813 
 0.641740 0.554293 0.299226 
 0.608876 0.549161 0.301971 
 0.576988 0.531727 0.283540 
 0.546213 0.502011 0.243918 
 0.514553 0.484613 0.225468 
 0.485209 0.442668 0.164632 
 0.456140 0.400765 0.103773 
 0.427344 0.358904 0.042890 
 0.397573 0.329347 0.003186 
 0.366689 0.312069 -0.015329 
 0.338578 0.270316 -0.076269 
 0.307967 0.253082 -0.094807 
 0.276016 0.248092 -0.092138 
 0.244065 0.243102 -0.089468 
 0.210591 0.250329 -0.065576 
 0.178594 0.245332 -0.062903 
 0.146597 0.240336 -0.060230 
 0.114601 0.235339 -0.057557 
 0.082604 0.230342 -0.054884 
 0.050607 0.225345 -0.052211 
 0.020408 0.208175 -0.070783 
 -0.011543 0.203185 -0.068114 
 -0.039717 0.173876 -0.107953 
 -0.071577 0.168901 -0.105291 
 -0.103436 0.163926 -0.102629 
 -0.135296 0.158950 -0.099968 
 -0.167156 0.153975 -0.097306 
 -0.203249 0.173248 -0.052098 
 -0.237363 0.180374 -0.028153 
 -0.273776 0.199597 0.017081 
 -0.308118 0.206689 0.041047 
 -0.340251 0.201671 0.043731 
 -0.372385 0.196652 0.046416 
 -0.406909 0.203715 0.070396 
 -0.439088 0.198690 0.073084 
 -0.471268 0.193665 0.075772 
 -0.500919 0.176580 0.057154 
 -0.533053 0.171562 0.059839 
 -0.565187 0.166544 0.062523 
 0.678748 0.553936 0.352155 
 0.647545 0.524240 0.312531 
 0.615603 0.506840 0.294085 
 0.582785 0.501715 0.296827 
 0.551993 0.472084 0.257168 
 0.523502 0.417989 0.175090 
 0.493167 0.388429 0.135393 
 0.464164 0.346665 0.074470 
 0.431848 0.341619 0.077170 
 0.404498 0.287702 -0.005004 
 0.372364 0.282684 -0.002319 
 0.344229 0.241056 -0.063314 
 0.313611 0.223863 -0.081871 
 0.284508 0.194495 -0.121671 
 0.252648 0.189520 -0.119009 
 0.217758 0.208895 -0.073863 
 0.185807 0.203905 -0.071194 
 0.153856 0.198915 -0.068525 
 0.121905 0.193926 -0.065855 
 0.089954 0.188936 -0.063186 
 0.058003 0.183946 -0.060517 
 0.026052 0.178957 -0.057847 
 -0.002230 0.149717 -0.097715 
 -0.034089 0.144742 -0.095054 
 -0.065949 0.139766 -0.092392 
 -0.097809 0.134791 -0.089730 
 -0.129669 0.129816 -0.087069 
 -0.161529 0.124840 -0.084407 
 -0.197606 0.144029 -0.039162 
 -0.229557 0.139040 -0.036493 
 -0.263708 0.146118 -0.012525 
 -0.300196 0.165242 0.032753 
 -0.334575 0.172285 0.056741 
 -0.366709 0.167267 0.059426 
 -0.398843 0.162249 0.062110 
 -0.433405 0.169263 0.086112 
 -0.463110 0.152213 0.067480 
 -0.492724 0.135176 0.048837 
 -0.524812 0.130165 0.051518 
 -0.556900 0.125154 0.054199 
 0.654218 0.481954 0.304630 
 0.621400 0.476829 0.307372 
 0.590501 0.447267 0.267684 
 0.557774 0.442156 0.270418 
 0.529250 0.388228 0.188266 
 0.499996 0.346554 0.127307 
 0.469872 0.317113 0.087554 
 0.441120 0.275518 0.026555 
 0.410174 0.258317 0.008006 
 0.379319 0.241130 -0.010551 
 0.351206 0.199635 -0.071604 
 0.319255 0.194645 -0.068935 
 0.290136 0.165361 -0.108772 
 0.258276 0.160385 -0.106110 
 0.226416 0.155410 -0.103448 
 0.191450 0.174687 -0.058258 
 0.159499 0.169697 -0.055589 
 0.130837 0.140484 -0.095463 
 0.098977 0.135508 -0.092802 
 0.063646 0.154728 -0.047581 
 0.035257 0.125558 -0.087478 
 0.003398 0.120582 -0.084816 
 -0.028462 0.115607 -0.082155 
 -0.058404 0.098563 -0.100787 
 -0.090218 0.093595 -0.098129 
 -0.122032 0.088626 -0.095471 
 -0.153846 0.083658 -0.092813 
 -0.185660 0.078690 -0.090156 
 -0.219621 0.085755 -0.066185 
 -0.255864 0.104832 -0.020887 
 -0.294528 0.135899 0.045744 
 -0.326616 0.130888 0.048425 
 -0.361033 0.137882 0.072436 
 -0.393167 0.132864 0.075120 
 -0.425301 0.127846 0.077805 
 -0.457434 0.122828 0.080489 
 -0.487056 0.105833 0.061829 
 -0.519144 0.100822 0.064510 
 -0.551232 0.095811 0.067190 
 0.660015 0.451943 0.317917 
 0.629008 0.422450 0.278200 
 0.596281 0.417339 0.280934 
 0.564552 0.400059 0.262432 
 0.534999 0.358468 0.201442 
 0.505720 0.316919 0.140428 
 0.476715 0.275413 0.079390 
 0.446804 0.246091 0.039583 
 0.417075 0.216798 -0.000241 
 0.387529 0.187533 -0.040079 
 0.356849 0.170417 -0.058668 
 0.327623 0.141201 -0.098534 
 0.295763 0.136226 -0.095873 
 0.263903 0.131251 -0.093211 
 0.232043 0.126275 -0.090549 
 0.200184 0.121300 -0.087888 
 0.168324 0.116324 -0.085226 
 0.136464 0.111349 -0.082564 
 0.104604 0.106374 -0.079903 
 0.072745 0.101398 -0.077241 
 0.040885 0.096423 -0.074579 
 0.010844 0.079406 -0.093222 
 -0.020970 0.074438 -0.090564 
 -0.052784 0.069470 -0.087907 
 -0.084598 0.064502 -0.085249 
 -0.116413 0.059533 -0.082591 
 -0.148227 0.054565 -0.079933 
 -0.182133 0.061595 -0.055947 
 -0.218270 0.080603 -0.010621 
 -0.250221 0.075614 -0.007952 
 -0.284401 0.082601 0.016057 
 -0.320949 0.101544 0.061417 
 -0.355357 0.108497 0.085446 
 -0.387491 0.103479 0.088130 
 -0.419625 0.098461 0.090815 
 -0.451758 0.093443 0.093499 
 -0.481389 0.076489 0.074820 
 -0.513477 0.071478 0.077501 
 -0.545565 0.066467 0.080182 
 0.634789 0.392522 0.291450 
 0.602062 0.387411 0.294185 
 0.572302 0.345917 0.233154 
 0.542817 0.304465 0.172100 
 0.511444 0.287283 0.153548 
 0.482415 0.245903 0.092456 
 0.453659 0.204565 0.031341 
 0.425177 0.163270 -0.029797 
 0.394444 0.146188 -0.048402 
 0.362493 0.141198 -0.045733 
 0.333250 0.112067 -0.085635 
 0.301390 0.107091 -0.082974 
 0.269531 0.102116 -0.080312 
 0.237671 0.097140 -0.077650 
 0.205811 0.092165 -0.074989 
 0.173951 0.087190 -0.072327 
 0.142092 0.082214 -0.069665 
 0.110232 0.077239 -0.067003 
 0.078372 0.072263 -0.064342 
 0.048278 0.055282 -0.083000 
 0.016463 0.050313 -0.080342 
 -0.015351 0.045345 -0.077684 
 -0.047165 0.040377 -0.075026 
 -0.075084 0.011452 -0.115038 
 -0.110793 0.030440 -0.069710 
 -0.142607 0.025472 -0.067052 
 -0.174421 0.020504 -0.064395 
 -0.208366 0.027485 -0.040387 
 -0.240226 0.022510 -0.037725 
 -0.276528 0.041406 0.007654 
 -0.315281 0.072201 0.074408 
 -0.347369 0.067190 0.077089 
 -0.381815 0.074094 0.101140 
 -0.413949 0.069076 0.103825 
 -0.446083 0.064057 0.106509 
 -0.478216 0.059039 0.109194 
 -0.507809 0.042135 0.090492 
 -0.539897 0.037124 0.093173 
 0.579040 0.304028 0.225075 
 0.549576 0.262709 0.163962 
 0.519313 0.233503 0.124106 
 0.488115 0.216392 0.105521 
 0.459335 0.175180 0.044351 
 0.432038 0.121959 -0.038135 
 0.402597 0.092883 -0.078060 
 0.370737 0.087907 -0.075398 
 0.338878 0.082932 -0.072736 
 0.308410 0.065935 -0.091382 
 0.275158 0.072981 -0.067413 
 0.244782 0.055998 -0.086066 
 0.211439 0.063030 -0.062090 
 0.179579 0.058055 -0.059428 
 0.147719 0.053080 -0.056766 
 0.115859 0.048104 -0.054105 
 0.084000 0.043129 -0.051443 
 0.053897 0.026189 -0.070119 
 0.022083 0.021220 -0.067461 
 -0.009731 0.016252 -0.064803 
 -0.041545 0.011284 -0.062146 
 -0.069480 -0.017557 -0.102195 
 -0.101203 -0.022511 -0.099544 
 -0.136988 -0.003621 -0.054172 
 -0.164649 -0.032419 -0.094244 
 -0.202738 -0.001649 -0.027488 
 -0.234598 -0.006625 -0.024826 
 -0.270885 0.012188 0.020590 
 -0.305095 0.019085 0.044639 
 -0.337092 0.014088 0.047312 
 -0.376139 0.044709 0.114150 
 -0.408273 0.039690 0.116834 
 -0.440407 0.034672 0.119519 
 -0.470053 0.017803 0.100803 
 -0.502141 0.012792 0.103484 
 -0.534229 0.007781 0.106165 
 0.584788 0.274267 0.238252 
 0.555300 0.233073 0.177082 
 0.525021 0.203951 0.137189 
 0.496034 0.162836 0.075980 
 0.465011 0.145795 0.057361 
 0.436481 0.104750 -0.003888 
 0.408225 0.063748 -0.065161 
 0.376365 0.058773 -0.062499 
 0.344505 0.053797 -0.059837 
 0.314029 0.036842 -0.078502 
 0.282215 0.031873 -0.075844 
 0.250401 0.026905 -0.073186 
 0.217066 0.033896 -0.049191 
 0.185206 0.028920 -0.046529 
 0.154959 0.012000 -0.065212 
 0.121487 0.018969 -0.041206 
 0.089627 0.013994 -0.038544 
 0.059516 -0.002904 -0.057239 
 0.027702 -0.007873 -0.054581 
 -0.000432 -0.036659 -0.094652 
 -0.032154 -0.041613 -0.092001 
 -0.063877 -0.046567 -0.089351 
 -0.093623 -0.063409 -0.108078 
 -0.127323 -0.056474 -0.084051 
 -0.159046 -0.061428 -0.081400 
 -0.194997 -0.042650 -0.035976 
 -0.228971 -0.035759 -0.011927 
 -0.265241 -0.017030 0.033526 
 -0.299443 -0.010175 0.057593 
 -0.336033 0.008503 0.103071 
 -0.370464 0.015323 0.127160 
 -0.402597 0.010305 0.129844 
 -0.432297 -0.006530 0.111114 
 -0.464385 -0.011541 0.113794 
 -0.496473 -0.016552 0.116475 
 -0.528561 -0.021563 0.119156 
 0.592466 0.220501 0.208806 
 0.561024 0.203437 0.190203 
 0.530729 0.174399 0.150273 
 0.499515 0.157371 0.131652 
 0.470687 0.116410 0.070371 
 0.443326 0.063523 -0.012263 
 0.413852 0.034613 -0.052262 
 0.381992 0.029638 -0.049600 
 0.351463 0.012717 -0.068279 
 0.322400 -0.016128 -0.108311 
 0.290677 -0.021082 -0.105660 
 0.258954 -0.026036 -0.103010 
 0.224206 -0.007156 -0.057648 
 0.195509 -0.035944 -0.097710 
 0.163786 -0.040898 -0.095059 
 0.128764 -0.022061 -0.049674 
 0.096950 -0.027029 -0.047016 
 0.068617 -0.055760 -0.087108 
 0.036895 -0.060714 -0.084458 
 0.007004 -0.077536 -0.103192 
 -0.024673 -0.082483 -0.100546 
 -0.056351 -0.087429 -0.097899 
 -0.088028 -0.092376 -0.095253 
 -0.119705 -0.097323 -0.092606 
 -0.151382 -0.102270 -0.089960 
 -0.189377 -0.071743 -0.023095 
 -0.221192 -0.076711 -0.020437 
 -0.259598 -0.046249 0.046462 
 -0.293792 -0.039435 0.070548 
 -0.325788 -0.044432 0.073221 
 -0.362454 -0.025851 0.118744 
 -0.396922 -0.019080 0.142854 
 -0.426630 -0.035873 0.124105 
 -0.458718 -0.040884 0.126786 
 -0.490806 -0.045895 0.129467 
 -0.522894 -0.050906 0.132147 
 0.599156 0.178863 0.200616 
 0.569756 0.137940 0.139325 
 0.537485 0.132901 0.142021 
 0.508496 0.092043 0.080696 
 0.479781 0.051227 0.019347 
 0.448969 0.034305 0.000673 
 0.419479 0.005478 -0.039363 
 0.388896 -0.011408 -0.058056 
 0.359726 -0.040184 -0.098117 
 0.328003 -0.045138 -0.095467 
 0.296280 -0.050092 -0.092817 
 0.266016 -0.066929 -0.111538 
 0.234339 -0.071875 -0.108892 
 0.202662 -0.076822 -0.106246 
 0.170985 -0.081769 -0.103599 
 0.137666 -0.074862 -0.079565 
 0.105943 -0.079816 -0.076915 
 0.074221 -0.084770 -0.074265 
 0.044276 -0.101557 -0.093013 
 0.012599 -0.106503 -0.090367 
 -0.019078 -0.111450 -0.087720 
 -0.050755 -0.116397 -0.085074 
 -0.082433 -0.121344 -0.082428 
 -0.114110 -0.126291 -0.079781 
 -0.145787 -0.131238 -0.077135 
 -0.179562 -0.124402 -0.053063 
 -0.215572 -0.105804 -0.007557 
 -0.253954 -0.075467 0.059398 
 -0.288140 -0.068695 0.083502 
 -0.324698 -0.050183 0.129054 
 -0.356786 -0.055194 0.131735 
 -0.391246 -0.048465 0.155864 
 -0.420962 -0.065216 0.137096 
 -0.453050 -0.070227 0.139777 
 -0.480120 -0.098676 0.099541 
 -0.512117 -0.103672 0.102214 
 -0.544114 -0.108669 0.104887 
 0.607726 0.113469 0.149694 
 0.577445 0.084606 0.109688 
 0.547346 0.055770 0.069665 
 0.515258 0.050759 0.072346 
 0.485432 0.021967 0.032302 
 0.454613 0.005087 0.013609 
 0.426330 -0.035533 -0.047834 
 0.394515 -0.040501 -0.045176 
 0.365329 -0.069193 -0.085274 
 0.334966 -0.086003 -0.104006 
 0.304694 -0.102797 -0.122745 
 0.273063 -0.107737 -0.120103 
 0.244424 -0.136344 -0.160246 
 0.212884 -0.141270 -0.157611 
 0.181344 -0.146195 -0.154976 
 0.149803 -0.151121 -0.152341 
 0.113226 -0.120631 -0.085481 
 0.081549 -0.125578 -0.082835 
 0.049871 -0.130524 -0.080188 
 0.018194 -0.135471 -0.077542 
 -0.013483 -0.140418 -0.074895 
 -0.045160 -0.145365 -0.072249 
 -0.074884 -0.162074 -0.091034 
 -0.106516 -0.167014 -0.088391 
 -0.140192 -0.160205 -0.064310 
 -0.173959 -0.153411 -0.040219 
 -0.209953 -0.134897 0.005324 
 -0.248311 -0.104685 0.072334 
 -0.282488 -0.097955 0.096457 
 -0.319030 -0.079527 0.142046 
 -0.351118 -0.084538 0.144726 
 -0.383206 -0.089549 0.147407 
 -0.415294 -0.094560 0.150088 
 -0.447382 -0.099571 0.152769 
 -0.479470 -0.104582 0.155449 
 -0.506465 -0.132932 0.115169 
 -0.538462 -0.137929 0.117842 
 0.615308 0.060204 0.120028 
 0.584115 0.043309 0.101347 
 0.555077 0.002700 0.039910 
 0.523081 -0.002296 0.042583 
 0.491084 -0.007293 0.045256 
 0.460256 -0.024132 0.026545 
 0.431949 -0.064626 -0.034953 
 0.400135 -0.069594 -0.032295 
 0.370933 -0.098203 -0.072430 
 0.340561 -0.114970 -0.091181 
 0.310281 -0.131723 -0.109939 
 0.278650 -0.136663 -0.107296 
 0.249995 -0.165187 -0.147476 
 0.218455 -0.170112 -0.144841 
 0.186915 -0.175038 -0.142206 
 0.155374 -0.179963 -0.139571 
 0.120492 -0.161362 -0.094083 
 0.088861 -0.166302 -0.091440 
 0.055467 -0.159492 -0.067363 
 0.023789 -0.164439 -0.064717 
 -0.007888 -0.169386 -0.062070 
 -0.039565 -0.174333 -0.059424 
 -0.069297 -0.191000 -0.078227 
 -0.100929 -0.195940 -0.075584 
 -0.132560 -0.200880 -0.072942 
 -0.164192 -0.205819 -0.070299 
 -0.197951 -0.199067 -0.046192 
 -0.238321 -0.157274 0.042331 
 -0.274618 -0.138893 0.087939 
 -0.306569 -0.143882 0.090608 
 -0.345450 -0.113881 0.157718 
 -0.377538 -0.118892 0.160398 
 -0.409626 -0.123903 0.163079 
 -0.441714 -0.128914 0.165760 
 -0.468817 -0.157195 0.125450 
 -0.500814 -0.162192 0.128123 
 -0.532810 -0.167189 0.130796 
 0.620992 0.030777 0.133056 
 0.589791 0.013923 0.114357 
 0.560729 -0.026560 0.052864 
 0.528732 -0.031556 0.055537 
 0.496736 -0.036553 0.058211 
 0.465900 -0.053350 0.039481 
 0.437568 -0.093718 -0.022073 
 0.405754 -0.098687 -0.019415 
 0.376536 -0.127212 -0.059587 
 0.346156 -0.143938 -0.078356 
 0.315868 -0.160649 -0.097132 
 0.284237 -0.165589 -0.094489 
 0.255566 -0.194029 -0.134707 
 0.224026 -0.198955 -0.132072 
 0.192486 -0.203880 -0.129437 
 0.157711 -0.185348 -0.083919 
 0.126079 -0.190288 -0.081276 
 0.092739 -0.183513 -0.057184 
 0.061062 -0.188460 -0.054538 
 0.029385 -0.193407 -0.051892 
 -0.002293 -0.198354 -0.049245 
 -0.033970 -0.203301 -0.046599 
 -0.063710 -0.219926 -0.065421 
 -0.095342 -0.224866 -0.062778 
 -0.126973 -0.229806 -0.060135 
 -0.158605 -0.234745 -0.057493 
 -0.192356 -0.228035 -0.033367 
 -0.230528 -0.198051 0.033743 
 -0.268974 -0.168111 0.100875 
 -0.307695 -0.138214 0.168028 
 -0.339783 -0.143225 0.170709 
 -0.371871 -0.148236 0.173390 
 -0.399172 -0.176462 0.133058 
 -0.431169 -0.181459 0.135731 
 -0.463165 -0.186455 0.138404 
 -0.492632 -0.203038 0.119560 
 -0.524583 -0.208028 0.122229 
 0.595466 -0.015462 0.127367 
 0.566381 -0.055819 0.065819 
 0.534384 -0.060816 0.068492 
 0.502387 -0.065813 0.071165 
 0.471543 -0.082568 0.052417 
 0.441989 -0.111060 0.012233 
 0.411374 -0.127780 -0.006534 
 0.382139 -0.156222 -0.046743 
 0.351752 -0.172906 -0.065531 
 0.321456 -0.189575 -0.084325 
 0.289824 -0.194515 -0.081683 
 0.261137 -0.222872 -0.121937 
 0.229597 -0.227797 -0.119302 
 0.198057 -0.232723 -0.116667 
 0.166516 -0.237648 -0.114032 
 0.131666 -0.219214 -0.068470 
 0.100035 -0.224154 -0.065827 
 0.066657 -0.217428 -0.041713 
 0.036772 -0.234033 -0.060542 
 0.003303 -0.227321 -0.036420 
 -0.026491 -0.243913 -0.055257 
 -0.058123 -0.248852 -0.052614 
 -0.089755 -0.253792 -0.049971 
 -0.121386 -0.258732 -0.047329 
 -0.153018 -0.263671 -0.044686 
 -0.186760 -0.257003 -0.020542 
 -0.220595 -0.250347 0.003612 
 -0.263331 -0.197329 0.113811 
 -0.302027 -0.167557 0.181020 
 -0.334115 -0.172568 0.183701 
 -0.366203 -0.177579 0.186381 
 -0.393520 -0.205722 0.146012 
 -0.425517 -0.210719 0.148686 
 -0.455037 -0.227267 0.129827 
 -0.486988 -0.232256 0.132496 
 -0.518939 -0.237246 0.135165 
 0.573040 -0.096817 0.057345 
 0.540036 -0.090076 0.081446 
 0.508039 -0.095073 0.084119 
 0.477187 -0.111786 0.065352 
 0.447617 -0.140195 0.025132 
 0.416993 -0.156873 0.006346 
 0.387742 -0.185231 -0.033899 
 0.357347 -0.201874 -0.052706 
 0.327043 -0.218501 -0.071519 
 0.295411 -0.223441 -0.068876 
 0.266708 -0.251714 -0.109168 
 0.235168 -0.256640 -0.106533 
 0.203628 -0.261565 -0.103898 
 0.172087 -0.266491 -0.101263 
 0.140547 -0.271416 -0.098628 
 0.105622 -0.253080 -0.053020 
 0.073990 -0.258019 -0.050378 
 0.042359 -0.262959 -0.047735 
 0.010727 -0.267899 -0.045093 
 -0.020904 -0.272838 -0.042450 
 -0.052536 -0.277778 -0.039807 
 -0.080235 -0.305894 -0.080183 
 -0.115799 -0.287658 -0.034522 
 -0.143315 -0.315745 -0.074913 
 -0.179062 -0.297537 -0.029237 
 -0.212842 -0.290917 -0.005070 
 -0.251103 -0.261206 0.062162 
 -0.289638 -0.231537 0.129416 
 -0.323875 -0.224988 0.153621 
 -0.353540 -0.241516 0.134755 
 -0.385492 -0.246506 0.137424 
 -0.417443 -0.251495 0.140093 
 -0.444457 -0.279505 0.099659 
 -0.473802 -0.295983 0.080767 
 -0.505617 -0.300951 0.083424 
 0.607772 -0.085936 0.131942 
 0.577684 -0.114339 0.091728 
 0.545687 -0.119336 0.094401 
 0.513690 -0.124333 0.097074 
 0.482831 -0.141004 0.078288 
 0.453244 -0.169330 0.038031 
 0.421384 -0.174305 0.040693 
 0.390798 -0.190934 0.021885 
 0.362942 -0.230841 -0.039881 
 0.332630 -0.247428 -0.058712 
 0.300998 -0.252367 -0.056070 
 0.272279 -0.280557 -0.096398 
 0.242241 -0.297100 -0.115252 
 0.209199 -0.290408 -0.091128 
 0.179252 -0.306937 -0.109990 
 0.146118 -0.300259 -0.085858 
 0.111209 -0.282006 -0.040214 
 0.079577 -0.286945 -0.037571 
 0.047946 -0.291885 -0.034929 
 0.016314 -0.296825 -0.032286 
 -0.015317 -0.301764 -0.029643 
 -0.046949 -0.306704 -0.027001 
 -0.074664 -0.334737 -0.067413 
 -0.106204 -0.339662 -0.064778 
 -0.137744 -0.344588 -0.062143 
 -0.169284 -0.349513 -0.059508 
 -0.205106 -0.331403 -0.013788 
 -0.241111 -0.313320 0.031949 
 -0.283995 -0.260755 0.142352 
 -0.318224 -0.254248 0.166575 
 -0.347897 -0.270734 0.147691 
 -0.379848 -0.275724 0.150360 
 -0.411799 -0.280714 0.153029 
 -0.438829 -0.308640 0.112558 
 -0.470689 -0.313615 0.115220 
 -0.499997 -0.330044 0.096305 
 0.613440 -0.115279 0.144933 
 0.584327 -0.155254 0.083216 
 0.551339 -0.148596 0.107355 
 0.519342 -0.153593 0.110028 
 0.488474 -0.170223 0.091224 
 0.458872 -0.198465 0.050930 
 0.427012 -0.203440 0.053592 
 0.398949 -0.243250 -0.008212 
 0.368537 -0.259809 -0.027056 
 0.338217 -0.276354 -0.045906 
 0.306585 -0.281293 -0.043263 
 0.277850 -0.309399 -0.083628 
 0.247804 -0.325901 -0.102501 
 0.216309 -0.330819 -0.099870 
 0.184815 -0.335737 -0.097238 
 0.153320 -0.340656 -0.094607 
 0.120149 -0.334027 -0.070453 
 0.085165 -0.315871 -0.024765 
 0.053533 -0.320811 -0.022122 
 0.021902 -0.325751 -0.019479 
 -0.009730 -0.330690 -0.016837 
 -0.041362 -0.335630 -0.014194 
 -0.069093 -0.363579 -0.054643 
 -0.100633 -0.368505 -0.052008 
 -0.130132 -0.384921 -0.070927 
 -0.163713 -0.378356 -0.046738 
 -0.195254 -0.383281 -0.044103 
 -0.233329 -0.353799 0.023227 
 -0.273903 -0.312898 0.112149 
 -0.310302 -0.294963 0.157957 
 -0.342253 -0.299953 0.160626 
 -0.374204 -0.304942 0.163296 
 -0.401342 -0.332799 0.122796 
 -0.433202 -0.337775 0.125457 
 -0.465062 -0.342750 0.128119 
 0.589971 -0.184472 0.096152 
 0.558020 -0.189461 0.098822 
 0.524994 -0.182853 0.122983 
 0.494118 -0.199441 0.104160 
 0.464499 -0.227599 0.063829 
 0.433851 -0.244152 0.044988 
 0.404552 -0.272260 0.004631 
 0.374132 -0.288777 -0.014231 
 0.343804 -0.305280 -0.033099 
 0.312173 -0.310219 -0.030456 
 0.283421 -0.338242 -0.070859 
 0.253367 -0.354701 -0.089750 
 0.221872 -0.359620 -0.087118 
 0.190378 -0.364538 -0.084487 
 0.158883 -0.369456 -0.081856 
 0.125720 -0.362869 -0.057684 
 0.090752 -0.344797 -0.011958 
 0.062639 -0.372720 -0.052414 
 0.027489 -0.354677 -0.006673 
 -0.004143 -0.359616 -0.004030 
 -0.031981 -0.387496 -0.044509 
 -0.061579 -0.403885 -0.063438 
 -0.093074 -0.408803 -0.060807 
 -0.124569 -0.413721 -0.058176 
 -0.156063 -0.418640 -0.055544 
 -0.187558 -0.423558 -0.052913 
 -0.225564 -0.394194 0.014468 
 -0.261627 -0.376293 0.060286 
 -0.300135 -0.347008 0.127710 
 -0.331995 -0.351983 0.130371 
 -0.363855 -0.356959 0.133033 
 -0.393316 -0.373326 0.114092 
 -0.425130 -0.378294 0.116750 
 0.595614 -0.213690 0.109088 
 0.563663 -0.218680 0.111758 
 0.531712 -0.223669 0.114427 
 0.499761 -0.228659 0.117096 
 0.470126 -0.256734 0.076728 
 0.439471 -0.273245 0.057868 
 0.410155 -0.301269 0.017475 
 0.379728 -0.317745 -0.001406 
 0.349391 -0.334206 -0.020292 
 0.317760 -0.339145 -0.017650 
 0.288992 -0.367084 -0.058089 
 0.258930 -0.383502 -0.076998 
 0.228958 -0.399907 -0.095917 
 0.197509 -0.404818 -0.093290 
 0.164446 -0.398257 -0.069105 
 0.132951 -0.403176 -0.066474 
 0.099751 -0.396637 -0.042279 
 0.068210 -0.401563 -0.039644 
 0.036670 -0.406488 -0.037009 
 0.005130 -0.411413 -0.034374 
 -0.026410 -0.416339 -0.031739 
 -0.056016 -0.432686 -0.050687 
 -0.087511 -0.437604 -0.048056 
 -0.119006 -0.442522 -0.045424 
 -0.150500 -0.447441 -0.042793 
 -0.181995 -0.452359 -0.040162 
 -0.215652 -0.445892 -0.015929 
 -0.256024 -0.405303 0.073130 
 -0.292254 -0.387514 0.118999 
 -0.324068 -0.392482 0.121657 
 -0.355883 -0.397450 0.124315 
 -0.387697 -0.402419 0.126973 
 -0.419511 -0.407387 0.129631 
 -0.451325 -0.412355 0.132289 
 0.601258 -0.242908 0.122024 
 0.571333 -0.270943 0.081642 
 0.537356 -0.252888 0.127363 
 0.507614 -0.280893 0.086966 
 0.476904 -0.297369 0.068091 
 0.447481 -0.325325 0.027668 
 0.417000 -0.341766 0.008773 
 0.385323 -0.346713 0.011420 
 0.354978 -0.363132 -0.007486 
 0.326103 -0.391001 -0.047954 
 0.295987 -0.407385 -0.066879 
 0.264493 -0.412303 -0.064247 
 0.234513 -0.428666 -0.083185 
 0.203064 -0.433577 -0.080557 
 0.171615 -0.438488 -0.077930 
 0.140166 -0.443399 -0.075302 
 0.108717 -0.448310 -0.072675 
 0.077268 -0.453222 -0.070048 
 0.045819 -0.458133 -0.067420 
 0.014370 -0.463044 -0.064793 
 -0.017078 -0.467955 -0.062166 
 -0.048527 -0.472866 -0.059538 
 -0.079976 -0.477778 -0.056911 
 -0.111425 -0.482689 -0.054284 
 -0.144937 -0.476241 -0.030042 
 -0.176432 -0.481160 -0.027411 
 -0.210081 -0.474734 -0.003160 
 -0.248221 -0.445649 0.064348 
 -0.286635 -0.416607 0.131880 
 -0.318449 -0.421575 0.134538 
 -0.350263 -0.426543 0.137196 
 -0.382077 -0.431512 0.139853 
 -0.413891 -0.436480 0.142511 
 -0.445706 -0.441448 0.145169 
 0.576961 -0.300077 0.094541 
 0.545101 -0.305053 0.097203 
 0.514337 -0.321494 0.078314 
 0.484808 -0.349380 0.037861 
 0.454272 -0.365787 0.018952 
 0.422595 -0.370733 0.021598 
 0.392197 -0.387118 0.002678 
 0.363215 -0.414919 -0.037820 
 0.331674 -0.419844 -0.035185 
 0.301550 -0.436186 -0.054127 
 0.271517 -0.452514 -0.073079 
 0.240068 -0.457425 -0.070452 
 0.211725 -0.485125 -0.111003 
 0.177170 -0.467247 -0.065197 
 0.145721 -0.472158 -0.062570 
 0.114272 -0.477070 -0.059942 
 0.082823 -0.481981 -0.057315 
 0.051374 -0.486892 -0.054688 
 0.019925 -0.491803 -0.052060 
 -0.011524 -0.496714 -0.049433 
 -0.042973 -0.501626 -0.046806 
 -0.074422 -0.506537 -0.044178 
 -0.105870 -0.511448 -0.041551 
 -0.137319 -0.516359 -0.038923 
 -0.168768 -0.521270 -0.036296 
 -0.202364 -0.514879 -0.012029 
 -0.242626 -0.474617 0.077173 
 -0.276541 -0.468276 0.101467 
 -0.308263 -0.473230 0.104118 
 -0.339986 -0.478184 0.106768 
 -0.376458 -0.460605 0.152734 
 -0.408272 -0.465573 0.155392 
 -0.435155 -0.493046 0.114719 
 -0.466878 -0.498000 0.117369 
 0.582588 -0.329212 0.107440 
 0.551771 -0.345619 0.088536 
 0.519957 -0.350587 0.091194 
 0.490411 -0.378390 0.050705 
 0.459868 -0.394754 0.031777 
 0.429416 -0.411104 0.012842 
 0.397784 -0.416044 0.015485 
 0.370102 -0.455150 -0.046639 
 0.338608 -0.460068 -0.044007 
 0.308521 -0.476361 -0.062974 
 0.279979 -0.504007 -0.103547 
 0.248621 -0.508904 -0.100927 
 0.217264 -0.513801 -0.098307 
 0.185906 -0.518698 -0.095687 
 0.154548 -0.523595 -0.093068 
 0.123191 -0.528492 -0.090448 
 0.088378 -0.510740 -0.044582 
 0.056929 -0.515651 -0.041955 
 0.025480 -0.520562 -0.039328 
 -0.005969 -0.525473 -0.036700 
 -0.037418 -0.530385 -0.034073 
 -0.068867 -0.535296 -0.031445 
 -0.100316 -0.540207 -0.028818 
 -0.131765 -0.545118 -0.026191 
 -0.163214 -0.550029 -0.023563 
 -0.196801 -0.543680 0.000723 
 -0.234847 -0.514838 0.068337 
 -0.270937 -0.497285 0.114311 
 -0.307210 -0.479761 0.160299 
 -0.339024 -0.484729 0.162957 
 -0.370839 -0.489698 0.165614 
 -0.397829 -0.517101 0.124912 
 -0.429551 -0.522055 0.127562 
 -0.461274 -0.527009 0.130212 
 -0.492997 -0.531963 0.132863 
 0.557390 -0.374712 0.101417 
 0.525576 -0.379680 0.104075 
 0.497140 -0.418775 0.041955 
 0.465463 -0.423722 0.044602 
 0.435003 -0.440030 0.025649 
 0.403371 -0.444970 0.028291 
 0.375665 -0.483950 -0.033887 
 0.344171 -0.488869 -0.031256 
 0.314076 -0.505120 -0.050241 
 0.285518 -0.532683 -0.090851 
 0.254160 -0.537580 -0.088231 
 0.222802 -0.542477 -0.085611 
 0.191445 -0.547374 -0.082992 
 0.161715 -0.563568 -0.102006 
 0.128729 -0.557167 -0.077752 
 0.097372 -0.562064 -0.075132 
 0.062484 -0.544410 -0.029222 
 0.031035 -0.549321 -0.026595 
 -0.000414 -0.554232 -0.023968 
 -0.031863 -0.559144 -0.021340 
 -0.063312 -0.564055 -0.018713 
 -0.090774 -0.591446 -0.059414 
 -0.122132 -0.596343 -0.056794 
 -0.157659 -0.578788 -0.010831 
 -0.189108 -0.583700 -0.008203 
 -0.229260 -0.543764 0.081144 
 -0.265334 -0.526295 0.127154 
 -0.297057 -0.531249 0.129805 
 -0.328780 -0.536203 0.132455 
 -0.365219 -0.518791 0.178495 
 -0.392225 -0.546111 0.137755 
 -0.423948 -0.551065 0.140406 
 -0.460662 -0.533695 0.186469 
 -0.492476 -0.538663 0.189126 
 0.502735 -0.447743 0.054781 
 0.471058 -0.452690 0.057427 
 0.440590 -0.468956 0.038455 
 0.411468 -0.496521 -0.002146 
 0.381228 -0.512751 -0.021136 
 0.351080 -0.528968 -0.040136 
 0.319631 -0.533879 -0.037509 
 0.291056 -0.561358 -0.078155 
 0.259699 -0.566255 -0.075535 
 0.229870 -0.582422 -0.094560 
 0.198558 -0.587312 -0.091945 
 0.170486 -0.614713 -0.132634 
 0.135934 -0.597091 -0.086713 
 0.102910 -0.590740 -0.062437 
 0.071553 -0.595637 -0.059817 
 0.040195 -0.600534 -0.057197 
 0.005141 -0.582992 -0.011235 
 -0.022520 -0.610328 -0.051958 
 -0.053878 -0.615225 -0.049338 
 -0.085236 -0.620122 -0.046718 
 -0.116593 -0.625019 -0.044099 
 -0.152104 -0.607548 0.001902 
 -0.183553 -0.612459 0.004529 
 -0.223673 -0.572690 0.093950 
 -0.259731 -0.555304 0.139998 
 -0.291454 -0.560258 0.142648 
 -0.323176 -0.565212 0.145298 
 -0.354899 -0.570166 0.147949 
 -0.386622 -0.575120 0.150599 
 -0.418345 -0.580074 0.153249 
 -0.450068 -0.585028 0.155899 
 -0.481791 -0.589982 0.158550 
 0.446177 -0.497882 0.051262 
 0.417039 -0.525363 0.010624 
 0.386791 -0.541552 -0.008385 
 0.355297 -0.546470 -0.005754 
 0.325185 -0.562639 -0.024776 
 0.296595 -0.590034 -0.065459 
 0.266713 -0.606166 -0.084499 
 0.235400 -0.611056 -0.081883 
 0.204088 -0.615945 -0.079267 
 0.176000 -0.643263 -0.119994 
 0.144779 -0.648139 -0.117386 
 0.110152 -0.630615 -0.071420 
 0.078840 -0.635505 -0.068804 
 0.045734 -0.629209 -0.044502 
 0.014376 -0.634106 -0.041882 
 -0.016982 -0.639003 -0.039262 
 -0.048339 -0.643900 -0.036642 
 -0.079697 -0.648797 -0.034023 
 -0.111055 -0.653694 -0.031403 
 -0.146549 -0.636307 0.014635 
 -0.177998 -0.641218 0.017262 
 -0.218086 -0.601616 0.106757 
 -0.258538 -0.562072 0.196282 
 -0.285850 -0.589268 0.155492 
 -0.317573 -0.594222 0.158142 
 -0.349296 -0.599176 0.160792 
 -0.381019 -0.604130 0.163443 
 -0.412742 -0.609084 0.166093 
 -0.444465 -0.614038 0.168743 
 -0.476187 -0.618992 0.171393 
 0.392354 -0.570353 0.004366 
 0.362189 -0.586486 -0.014671 
 0.333492 -0.613812 -0.055384 
 0.303555 -0.629910 -0.074438 
 0.275177 -0.657187 -0.115179 
 0.243956 -0.662062 -0.112571 
 0.212735 -0.666938 -0.109962 
 0.183119 -0.682985 -0.129043 
 0.151944 -0.687854 -0.126439 
 0.119073 -0.681564 -0.102137 
 0.084371 -0.664139 -0.056126 
 0.053059 -0.669028 -0.053510 
 0.019915 -0.662782 -0.029186 
 -0.011443 -0.667679 -0.026566 
 -0.042801 -0.672576 -0.023947 
 -0.074158 -0.677473 -0.021327 
 -0.105516 -0.682370 -0.018707 
 -0.136874 -0.687267 -0.016087 
 -0.168231 -0.692164 -0.013468 
 -0.206044 -0.663801 0.054358 
 -0.248524 -0.613323 0.165685 
 -0.280247 -0.618277 0.168335 
 -0.311970 -0.623231 0.170986 
 -0.343693 -0.628185 0.173636 
 -0.375416 -0.633139 0.176286 
 -0.407138 -0.638093 0.178936 
 -0.438861 -0.643047 0.181587 
 -0.470584 -0.648001 0.184237 
 0.367744 -0.615245 -0.001938 
 0.339030 -0.642488 -0.042688 
 0.311912 -0.680861 -0.105147 
 0.280692 -0.685737 -0.102539 
 0.250975 -0.701757 -0.121630 
 0.219800 -0.706625 -0.119026 
 0.190221 -0.722624 -0.138129 
 0.159091 -0.727485 -0.135529 
 0.126275 -0.721231 -0.111212 
 0.093367 -0.714990 -0.086889 
 0.062146 -0.719866 -0.084280 
 0.027278 -0.702552 -0.038217 
 -0.004034 -0.707442 -0.035601 
 -0.037262 -0.701251 -0.011251 
 -0.068619 -0.706148 -0.008631 
 -0.097971 -0.722111 -0.027754 
 -0.131335 -0.715942 -0.003392 
 -0.162692 -0.720839 -0.000772 
 -0.194050 -0.725736 0.001848 
 -0.240732 -0.653371 0.156770 
 -0.274644 -0.647287 0.181179 
 -0.306367 -0.652241 0.183829 
 -0.338090 -0.657195 0.186479 
 -0.374556 -0.640131 0.232675 
 -0.406370 -0.645099 0.235333 
 -0.438184 -0.650067 0.237991 
 0.318832 -0.720529 -0.114218 
 0.289108 -0.736507 -0.133328 
 0.257978 -0.741368 -0.130727 
 0.226849 -0.746229 -0.128127 
 0.195719 -0.751091 -0.125526 
 0.164590 -0.755952 -0.122925 
 0.133460 -0.760813 -0.120325 
 0.100606 -0.754608 -0.095986 
 0.069431 -0.759476 -0.093382 
 0.032808 -0.731186 -0.025540 
 0.005219 -0.758167 -0.066424 
 -0.029816 -0.740965 -0.020308 
 -0.063081 -0.734824 0.004065 
 -0.092440 -0.750745 -0.015076 
 -0.123752 -0.755635 -0.012460 
 -0.155064 -0.760525 -0.009845 
 -0.186376 -0.765415 -0.007229 
 -0.224231 -0.737317 0.060715 
 -0.264587 -0.698274 0.150462 
 -0.300764 -0.681250 0.196673 
 -0.337122 -0.664255 0.242898 
 -0.368936 -0.669224 0.245555 
 -0.400751 -0.674192 0.248213 
 -0.432565 -0.679160 0.250871 
 0.324339 -0.749037 -0.101596 
 0.293163 -0.753906 -0.098991 
 0.263477 -0.769835 -0.118124 
 0.232347 -0.774696 -0.115523 
 0.204377 -0.801651 -0.156413 
 0.173339 -0.806498 -0.153820 
 0.138959 -0.789280 -0.107721 
 0.107829 -0.794142 -0.105121 
 0.074938 -0.787985 -0.080760 
 0.041955 -0.781842 -0.056392 
 0.010734 -0.786718 -0.053783 
 -0.024285 -0.769599 -0.007631 
 -0.055597 -0.774489 -0.005015 
 -0.082928 -0.801344 -0.045958 
 -0.114149 -0.806220 -0.043350 
 -0.145370 -0.811096 -0.040742 
 -0.176591 -0.815971 -0.038134 
 -0.218677 -0.766076 0.073447 
 -0.252344 -0.760040 0.097874 
 -0.292896 -0.721200 0.187713 
 -0.326883 -0.715214 0.212166 
 -0.358606 -0.720167 0.214817 
 -0.395131 -0.703285 0.261094 
 -0.426945 -0.708253 0.263752 
 0.300105 -0.793441 -0.108121 
 0.268975 -0.798302 -0.105521 
 0.240897 -0.825188 -0.146440 
 0.209859 -0.830035 -0.143847 
 0.178821 -0.834882 -0.141254 
 0.144457 -0.817747 -0.095118 
 0.113328 -0.822608 -0.092517 
 0.080444 -0.816493 -0.068138 
 0.047469 -0.810392 -0.043751 
 0.016249 -0.815268 -0.041143 
 -0.018754 -0.798233 0.005046 
 -0.050066 -0.803123 0.007662 
 -0.077414 -0.829895 -0.033318 
 -0.108634 -0.834770 -0.030710 
 -0.139855 -0.839646 -0.028102 
 -0.171076 -0.844521 -0.025493 
 -0.206626 -0.827572 0.020742 
 -0.240149 -0.821557 0.045174 
 -0.271507 -0.826454 0.047794 
 -0.302865 -0.831351 0.050414 
 -0.334222 -0.836248 0.053034 
 -0.389512 -0.732378 0.273974 
 -0.421326 -0.737346 0.276632 
 0.305603 -0.821907 -0.095518 
 0.274474 -0.826769 -0.092917 
 0.246380 -0.853571 -0.133874 
 0.215342 -0.858418 -0.131281 
 0.184304 -0.863265 -0.128688 
 0.149956 -0.846214 -0.082515 
 0.118826 -0.851075 -0.079914 
 0.087697 -0.855937 -0.077313 
 0.054776 -0.849870 -0.052912 
 0.023600 -0.854739 -0.050307 
 -0.009458 -0.848694 -0.025895 
 -0.040678 -0.853570 -0.023286 
 -0.069925 -0.869344 -0.042494 
 -0.101100 -0.874213 -0.039889 
 -0.134341 -0.868196 -0.015461 
 -0.163450 -0.883949 -0.034680 
 -0.194625 -0.888818 -0.032076 
 -0.225800 -0.893686 -0.029471 
 -0.265968 -0.855129 0.060490 
 -0.297326 -0.860026 0.063110 
 -0.328683 -0.864923 0.065729 
 0.311101 -0.850374 -0.082915 
 0.279972 -0.855236 -0.080314 
 0.248842 -0.860097 -0.077713 
 0.222379 -0.897723 -0.140514 
 0.191387 -0.902563 -0.137925 
 0.155454 -0.874681 -0.069911 
 0.124325 -0.879542 -0.067311 
 0.091457 -0.873511 -0.042895 
 0.060282 -0.878379 -0.040290 
 0.029107 -0.883247 -0.037686 
 -0.003943 -0.877244 -0.013254 
 -0.035164 -0.882120 -0.010646 
 -0.066385 -0.886995 -0.008038 
 -0.097605 -0.891871 -0.005429 
 -0.128826 -0.896747 -0.002821 
 -0.160047 -0.901622 -0.000213 
 -0.191268 -0.906498 0.002396 
 -0.222488 -0.911373 0.005004 
 0.160953 -0.903148 -0.057308 
 0.129823 -0.908009 -0.054707 
 0.098694 -0.912870 -0.052107 
 0.065789 -0.906888 -0.027668 
 0.034613 -0.911756 -0.025064 
 0.001571 -0.905795 -0.000614 
 -0.029649 -0.910670 0.001994 
 -0.060870 -0.915546 0.004603 
 -0.092091 -0.920421 0.007211 
 -0.123311 -0.925297 0.009819 
 -0.154532 -0.930173 0.012428 
 -0.185753 -0.935048 0.015036 
 -0.216974 -0.939924 0.017644 
 0.133645 -0.925659 -0.020255 
 0.102470 -0.930528 -0.017651 
 0.071295 -0.935396 -0.015046 
 0.038307 -0.929469 0.009418 
 0.007086 -0.934345 0.012026 
 -0.024135 -0.939221 0.014635 
 -0.053405 -0.954870 -0.004629 
 -0.084580 -0.959738 -0.002024 
 -0.115756 -0.964607 0.000580 
 -0.146931 -0.969475 0.003185 
 -0.180238 -0.963598 0.027676 
 0.075042 -0.953144 0.019450 
 0.043821 -0.958020 0.022058 
 0.012601 -0.962895 0.024667 
 -0.018620 -0.967771 0.027275 
 -0.049841 -0.972647 0.029883 
 -0.087025 -0.945347 0.098174 
 -0.118383 -0.950244 0.100794 
 -0.149740 -0.955141 0.103413 
 -0.081486 -0.974022 0.110870 
 -0.112844 -0.978919 0.113489 
 