0.124442 -0.482353 -0.020610 
 -0.209843 -0.624989 0.121856 
 -0.279826 0.630328 0.116286 
 -0.190280 -0.643694 0.134050 
 -0.057015 -0.180413 -0.101986 
 -0.021897 0.614346 -0.012342 
 -0.063075 0.304969 -0.168406 
 0.011775 -0.057548 -0.064583 
 0.005181 -0.810187 0.106481 
 -0.093808 -0.815591 0.131308 
 0.266928 0.486489 -0.028870 
 -0.067307 -0.834083 0.157220 
 0.024145 -0.814053 0.099154 
 0.323796 0.008492 -0.022363 
 -0.139706 -0.408558 0.027286 
 0.516268 0.543154 0.148755 
 -0.176918 0.127981 -0.112363 
 0.139187 -0.706690 0.082733 
 -0.392891 -0.357854 0.045047 
 -0.120319 -0.786625 0.164742 
 0.131479 -0.228492 -0.057164 
 0.185094 0.733750 0.078776 
 0.211089 -0.573518 -0.030606 
 -0.131213 -0.705227 0.156871 
 0.348496 -0.289623 -0.061894 
 0.275213 -0.400159 -0.041818 
 -0.418502 -0.255510 0.141446 
 -0.060525 0.147265 -0.147350 
 0.146604 -0.234063 -0.075455 
 0.368916 0.496466 0.106635 
 0.283300 -0.322951 -0.055516 
 0.509764 0.764193 0.240804 
 0.072598 0.309668 -0.116262 
 0.237810 0.724172 0.125983 
 0.012404 0.627200 0.035798 
 0.141628 -0.504455 -0.021193 
 0.163503 -0.291996 -0.057444 
 0.306987 0.248488 -0.052154 
 0.079770 -0.803945 0.067787 
 0.299588 0.759176 0.179417 
 -0.356194 0.145623 -0.020315 
 -0.235255 0.207495 -0.062298 
 -0.224452 -0.332524 0.055162 
 0.185144 -0.453334 -0.040548 
 0.250716 0.435473 -0.062377 
 0.001440 0.022368 -0.071388 
 0.113318 0.076071 -0.064636 
 -0.115241 -0.193008 -0.084478 
 0.063079 -0.300114 -0.043330 
 -0.335802 -0.296961 0.080578 
 0.129039 0.301329 -0.130645 
 0.287347 -0.283955 -0.061065 
 0.169553 -0.234053 -0.067709 
 -0.125897 0.465431 -0.188440 
 0.255241 0.569292 0.037759 
 0.396563 -0.022124 -0.038462 
 -0.120318 -0.786624 0.164465 
 -0.332570 0.266952 -0.088942 
 0.381659 -0.155211 -0.090684 
 -0.282126 0.436037 -0.051748 
 -0.131639 -0.330206 0.015724 
 -0.433247 0.423364 0.007650 
 -0.154907 0.003647 -0.116089 
 -0.123240 -0.269620 -0.071563 
 0.227957 -0.668511 0.006722 
 -0.108652 -0.793427 0.133528 
 -0.007095 -0.055007 -0.058390 
 -0.217589 0.561793 -0.026769 
 -0.093960 0.495602 -0.156252 
 0.427761 0.343236 0.022019 
 0.212855 -0.554825 -0.033863 
 -0.379886 0.411337 -0.020664 
 0.143347 -0.483995 -0.024444 
 0.350546 0.353847 -0.033386 
 0.176609 -0.748772 0.093255 
 0.002233 0.218017 -0.098314 
 -0.389863 0.518584 0.056814 
 -0.194006 0.359230 -0.155103 
 0.184265 -0.170388 -0.049514 
 0.165105 0.028879 -0.072532 
 -0.133149 0.214036 -0.151179 
 0.248064 -0.542803 -0.060244 
 0.381647 -0.156426 -0.090688 
 -0.188941 -0.038993 -0.056116 
 0.032058 -0.698732 0.065892 
 -0.503472 0.405089 0.073297 
 0.313106 -0.405729 -0.053100 
 -0.277298 -0.305320 0.066289 
 -0.174563 0.181295 -0.136430 
 -0.405304 -0.013757 0.045401 
 -0.194802 0.720453 0.155568 
 -0.252113 0.819215 0.322301 
 0.112145 -0.047385 -0.076857 
 -0.302047 -0.341148 0.076946 
 -0.131230 -0.706928 0.156866 
 0.418417 0.557519 0.100024 
 -0.481175 -0.026045 -0.023266 
 0.443253 0.014261 -0.042066 
 0.415985 0.819345 0.257314 
 -0.130367 0.233156 -0.154758 
 -0.107169 0.462678 -0.193429 
 0.241837 -0.460416 -0.053646 
 -0.292252 0.299755 -0.104904 
 0.284331 -0.056415 -0.047984 
 -0.282008 0.526822 -0.019336 
 0.246812 -0.156502 -0.053289 
 0.002986 0.323005 -0.158975 
 0.245127 -0.245181 -0.084916 
 -0.329111 -0.203221 0.050637 
 0.076133 -0.360747 -0.038368 
 -0.211591 0.100975 -0.069234 
 0.072079 0.638348 0.019724 
 0.393257 0.388576 0.027257 
 -0.189316 -0.643704 0.134051 
 -0.266175 0.563895 0.031557 
 -0.009834 -0.482537 0.017157 
 -0.363562 0.017264 0.029973 
 -0.035665 -0.937029 0.177681 
 0.537771 0.673378 0.227570 
 0.332541 0.068683 -0.018829 
 0.250258 0.604814 0.079429 
 0.096006 -0.845482 0.069507 
 0.346177 0.836126 0.230622 
 -0.049420 -0.387818 -0.030387 
 -0.049382 -0.459799 0.007441 
 0.067428 -0.583029 0.055415 
 0.033662 0.644001 0.030083 
 0.404745 0.125957 -0.016515 
 0.227790 0.327211 -0.085197 
 -0.139700 -0.407954 0.027288 
 0.115328 0.094187 -0.067904 
 0.008039 -0.667938 0.113246 
 -0.377012 0.547771 0.094291 
 -0.065023 0.321909 -0.185108 
 0.211665 0.513792 -0.017575 
 -0.061266 0.521205 -0.123905 
 0.025613 -0.579746 0.052162 
 -0.217969 -0.062815 0.000770 
 -0.187711 -0.038665 -0.056114 
 0.248106 0.508165 -0.027311 
 -0.034774 -0.537367 0.031199 
 -0.205835 -0.123274 0.005733 
 -0.095729 0.208530 -0.160999 
 0.356316 -0.036167 -0.026820 
 0.249701 0.131402 -0.049565 
 -0.195284 0.720458 0.155568 
 -0.377858 0.432050 -0.024557 
 -0.056312 0.565554 -0.041642 
 0.507563 0.461887 0.089314 
 -0.393452 0.436070 -0.006180 
 0.140331 0.115171 -0.062159 
 0.000058 0.731558 0.099833 
 -0.016562 -0.649437 0.087446 
 0.023434 -0.776198 0.078945 
 -0.085042 0.023989 -0.092896 
 0.042603 0.020060 -0.067450 
 -0.168581 0.237694 -0.145268 
 0.154191 -0.674565 0.043761 
 -0.349332 0.238331 -0.050511 
 -0.081252 0.602723 0.005128 
 -0.390885 -0.338483 0.041811 
 0.113393 0.146146 -0.104613 
 -0.488153 0.451026 0.017793 
 0.094347 0.130260 -0.096562 
 0.046957 0.616453 0.013009 
 0.236742 0.532900 -0.012384 
 0.207167 -0.795326 0.076348 
 0.096081 -0.825727 0.066243 
 0.064350 -0.104455 -0.071863 
 0.064586 0.688430 0.043319 
 -0.086863 0.354241 -0.213767 
 -0.215131 0.238175 -0.087118 
 0.300973 -0.521935 -0.033629 
 0.143697 0.817537 0.199114 
 0.504489 0.739958 0.230583 
 0.518469 0.489148 0.111082 
 -0.285337 -0.151125 0.031379 
 0.298205 -0.364208 -0.054303 
 -0.198443 -0.170565 -0.019828 
 -0.238278 0.115815 -0.018903 
 0.011779 -0.057144 -0.063176 
 -0.271343 0.316151 -0.113632 
 0.296190 -0.382692 -0.050530 
 0.084953 0.425554 -0.137159 
 -0.178171 -0.225433 0.011777 
 0.534483 0.466297 0.110364 
 -0.289709 0.233382 -0.051222 
 -0.442850 -0.099084 0.022039 
 -0.387841 -0.340664 0.041805 
 0.286127 0.651874 0.107502 
 0.154156 -0.747666 0.084462 
 -0.086551 -0.382865 -0.020842 
 0.201982 0.003929 -0.080041 
 -0.190458 0.117420 -0.079030 
 0.026759 0.077448 -0.085924 
 0.027128 0.271576 -0.113638 
 -0.280608 0.047910 0.017468 
 -0.434593 0.066944 0.041970 
 -0.068253 -0.457039 0.016864 
 0.204048 -0.455151 -0.045339 
 0.025652 -0.203774 -0.077116 
 -0.050915 0.174892 -0.125643 
 0.326219 -0.503238 -0.027057 
 -0.005078 -0.035480 -0.064459 
 -0.073243 0.209208 -0.152799 
 -0.026696 -0.746410 0.103796 
 0.137269 -0.615837 0.025108 
 -0.201697 -0.033175 -0.037737 
 -0.224712 -0.121389 0.010517 
 0.276209 -0.134092 -0.034504 
 -0.195317 0.430244 -0.119479 
 0.403164 0.270481 -0.021417 
 0.347607 0.028753 -0.017086 
 0.235970 0.367738 -0.079283 
 -0.013865 -0.520840 0.024951 
 -0.296360 0.477383 -0.054039 
 -0.403778 0.465675 0.022559 
 0.407879 0.492742 0.096761 
 0.502255 0.402088 0.098790 
 -0.178925 0.108072 -0.108470 
 -0.292093 0.298391 -0.104909 
 0.087242 -0.726474 0.056206 
 0.201175 0.093859 -0.046786 
 0.444741 0.466851 0.090170 
 -0.142124 -0.625445 0.149592 
 0.068603 -0.900773 0.084102 
 -0.374826 0.148392 -0.015922 
 -0.081247 0.603253 0.005187 
 0.368939 0.331502 -0.034948 
 -0.220476 0.164241 -0.060597 
 -0.235646 -0.076319 0.022445 
 0.052056 0.328535 -0.128168 
 0.185060 -0.151008 -0.052777 
 -0.059650 -0.291624 -0.055420 
 -0.178594 0.386846 -0.193311 
 0.410444 0.586336 0.128252 
 -0.290079 0.318980 -0.108132 
 0.169409 0.244699 -0.102932 
 -0.316554 0.159328 -0.035656 
 -0.246319 0.040165 -0.005900 
 -0.043163 0.656232 0.047498 
 0.025390 0.323813 -0.149019 
 -0.197141 -0.399011 0.041651 
 -0.082090 0.820371 0.230282 
 0.196300 -0.750332 0.088426 
 -0.435741 -0.233324 0.144173 
 0.088311 0.021341 -0.050037 
 -0.161451 -0.088970 -0.086528 
 -0.237529 0.398317 -0.103469 
 0.191173 0.048611 -0.066649 
 0.022131 -0.832364 0.102458 
 0.011775 -0.057553 -0.063262 
 -0.209659 -0.004085 -0.085556 
 0.166656 0.367294 -0.103126 
 0.061496 0.017106 -0.072244 
 -0.338391 -0.104005 0.039242 
 0.329469 -0.286827 -0.058187 
 -0.256082 0.190759 -0.054284 
 -0.218009 0.219033 -0.083883 
 -0.107781 -0.884795 0.188654 
 0.053150 0.756700 0.126914 
 0.078410 -0.626579 0.043226 
 -0.170366 -0.646493 0.128386 
 0.109581 -0.440954 -0.019884 
 -0.088317 0.637408 0.047084 
 0.070926 0.326051 -0.132954 
 -0.003474 0.229588 -0.129315 
 0.287349 -0.283741 -0.062040 
 -0.084793 0.541011 -0.060470 
 0.136535 -0.330499 -0.059212 
 0.250238 0.602749 0.079422 
 0.264012 -0.248840 -0.090724 
 -0.280762 0.064009 0.000422 
 -0.302065 -0.342909 0.077584 
 -0.295393 -0.246271 0.047632 
 -0.064215 -0.636659 0.129281 
 0.227190 -0.668508 0.008029 
 0.084863 0.229617 -0.108040 
 -0.104079 -0.272382 -0.076349 
 -0.463386 0.531871 0.089734 
 -0.162458 0.856049 0.321243 
 0.353026 -0.391384 -0.064952 
 0.273559 -0.011536 -0.035615 
 -0.280036 0.083310 -0.003189 
 -0.130339 -0.632686 0.116342 
 -0.274689 -0.090079 0.035287 
 0.077185 -0.164117 -0.066074 
 0.122367 -0.574315 0.023711 
 0.122973 -0.465515 -0.036482 
 -0.041416 -0.099542 -0.086908 
 0.575030 0.460523 0.101976 
 -0.377860 0.431852 -0.024557 
 -0.004879 -0.605341 0.108248 
 -0.048732 0.807056 0.193474 
 0.001173 0.022370 -0.071388 
 -0.404475 0.583341 0.141475 
 -0.213129 -0.839588 0.153286 
 -0.162713 -0.283259 -0.058720 
 0.250343 -0.011803 -0.044636 
 0.324224 0.028033 -0.024504 
 0.083954 0.685721 0.038433 
 0.123709 -0.269860 -0.064434 
 -0.230388 0.836395 0.312989 
 0.082775 0.665897 0.041750 
 -0.236539 0.010838 -0.033595 
 0.048005 0.617627 0.013014 
 -0.105986 -0.451526 0.024215 
 -0.068252 -0.457036 0.016103 
 0.061428 -0.319396 -0.040080 
 -0.120817 0.510256 -0.106294 
 -0.134324 -0.209420 -0.076521 
 -0.029574 -0.019619 -0.086619 
 0.146849 -0.892564 0.062076 
 -0.262987 -0.150791 0.040510 
 -0.158556 -0.404056 0.032079 
 -0.417934 0.130986 -0.016794 
 0.050668 0.097122 -0.080467 
 0.027982 -0.485193 0.007579 
 0.090198 0.635538 0.013377 
 0.155921 0.541821 -0.006277 
 0.149200 0.461619 -0.068231 
 0.033928 0.154609 -0.100096 
 0.210720 -0.538565 -0.050674 
 0.258717 -0.482340 -0.056465 
 0.037593 0.706090 0.092246 
 0.447512 0.124392 -0.012880 
 0.402850 -0.070111 -0.063229 
 0.186425 0.115853 -0.045236 
 0.045883 -0.225811 -0.078648 
 0.255908 -0.200888 -0.065480 
 0.029169 0.293556 -0.116878 
 0.115339 0.095336 -0.067733 
 0.142656 0.817548 0.199114 
 0.115847 -0.932137 0.045006 
 -0.375967 0.566423 0.090996 
 0.261064 0.592856 0.047790 
 0.413196 0.169456 -0.007658 
 0.553395 0.443425 0.107681 
 0.000958 0.021808 -0.071390 
 -0.276143 0.258678 -0.103203 
 -0.015568 -0.788989 0.091826 
 -0.146184 -0.664335 0.154336 
 -0.177067 0.803592 0.287448 
 -0.103058 -0.324491 -0.038803 
 -0.388539 0.384739 -0.046707 
 -0.234245 0.154922 -0.025401 
 -0.056184 -0.057469 -0.089483 
 0.173168 -0.787730 0.100481 
 0.117379 0.116409 -0.071156 
 -0.128339 -0.864420 0.178256 
 0.404177 0.270471 -0.021417 
 -0.233266 -0.233603 0.042434 
 0.289362 -0.265331 -0.065307 
 -0.420163 0.025603 0.041681 
 -0.065379 -0.277909 -0.085856 
 0.288047 -0.264570 -0.065306 
 -0.182858 0.480026 -0.085434 
 -0.340771 0.635192 0.116966 
 -0.079489 -0.950614 0.177967 
 0.368934 0.498217 0.106566 
 0.438647 0.760980 0.218110 
 0.020844 -0.085869 -0.091785 
 0.274121 -0.664082 -0.050837 
 0.106746 -0.247797 -0.062653 
 -0.032507 0.417280 -0.192522 
 -0.312561 0.232808 -0.060047 
 0.047607 0.058574 -0.073958 
 -0.033310 -0.877757 0.154122 
 0.390483 0.515256 0.098151 
 -0.185555 -0.515129 0.070066 
 -0.013864 -0.201100 -0.081902 
 0.115412 0.165677 -0.107867 
 -0.073761 0.418918 -0.196509 
 0.353718 0.085936 -0.026975 
 -0.423322 0.092988 -0.010321 
 0.130832 0.556632 -0.030886 
 0.106999 -0.126393 -0.063845 
 -0.419465 0.473249 0.041390 
 -0.435745 0.243317 0.015011 
 -0.432722 -0.038428 0.026031 
 -0.246619 0.369793 -0.127324 
 0.127494 0.279754 -0.127398 
 0.114915 -0.170202 -0.075650 
 -0.158583 0.334672 -0.161375 
 0.085197 -0.496116 -0.006811 
 -0.109433 -0.868906 0.173423 
 -0.435456 -0.233958 0.144171 
 0.445777 0.212583 0.005469 
 -0.517443 -0.036841 0.003949 
 0.146519 0.587758 0.005373 
 0.261803 -0.712826 0.004750 
 -0.105333 -0.575755 0.101729 
 -0.087120 -0.454258 0.020550 
 0.162601 0.327919 -0.098454 
 -0.201809 -0.084869 -0.001646 
 0.389483 0.797959 0.254277 
 -0.395130 0.167035 -0.027870 
 -0.379076 0.321834 -0.053917 
 -0.047257 0.457037 -0.194227 
 -0.215332 0.489350 -0.061854 
 -0.234250 0.154483 -0.025403 
 0.224774 0.618316 0.054272 
 -0.501225 -0.058487 0.002423 
 0.347075 0.028340 -0.017087 
 0.088515 -0.280881 -0.037813 
 -0.179450 -0.261352 -0.056279 
 -0.440755 -0.115340 0.039681 
 0.366827 0.757721 0.191870 
 0.293173 0.675692 0.117858 
 0.105219 0.246157 -0.116088 
 0.111140 -0.049098 -0.076864 
 0.207327 -0.240942 -0.076344 
 -0.159836 0.141416 -0.133894 
 -0.219186 -0.434313 0.052941 
 0.319184 -0.346397 -0.061862 
 0.035197 -0.856167 0.087192 
 0.089258 -0.049377 -0.084409 
 -0.255468 0.275074 -0.111184 
 0.325087 0.610169 0.118038 
 -0.361469 -0.087061 0.013419 
 -0.283148 -0.343383 0.072799 
 -0.271980 0.160464 -0.017766 
 0.536870 0.653101 0.234536 
 -0.222761 0.356150 -0.101768 
 -0.332371 0.585081 0.093840 
 -0.214060 0.327038 -0.130375 
 -0.453502 0.156125 -0.010494 
 0.383796 -0.067625 -0.058709 
 0.288057 0.053191 -0.020176 
 0.175171 -0.620408 0.015929 
 -0.010758 -0.022383 -0.092591 
 0.104093 -0.785672 0.073366 
 -0.382933 -0.123658 0.024672 
 -0.013796 -0.807974 0.108784 
 -0.431106 0.442680 0.003411 
 -0.347639 -0.181142 0.052241 
 0.223716 0.287006 -0.079557 
 -0.081761 -0.236040 -0.087554 
 0.140562 -0.291931 -0.064157 
 0.372681 0.686640 0.169635 
 -0.417609 0.418167 -0.011732 
 -0.307246 0.432188 -0.074077 
 0.186430 -0.256149 -0.068711 
 -0.034110 -0.518042 0.028460 
 0.398093 0.211924 -0.011491 
 0.370315 -0.450360 -0.046487 
 -0.289801 -0.189484 0.037879 
 0.196009 0.844979 0.225883 
 0.227841 -0.153704 -0.050014 
 0.340732 0.149150 -0.032000 
 0.114157 -0.707790 0.060296 
 0.225741 0.869083 0.244199 
 -0.081738 0.062409 -0.098985 
 -0.335377 0.161398 -0.028714 
 0.045655 0.058594 -0.073959 
 0.273196 -0.419064 -0.039198 
 -0.091734 0.246785 -0.168274 
 0.088730 -0.421385 -0.032728 
 0.305112 0.029880 -0.020811 
 0.185094 0.733749 0.078934 
 -0.048988 0.439040 -0.190995 
 0.098785 -0.326434 -0.049660 
 0.147166 0.031665 -0.069911 
 -0.273735 0.576632 0.077017 
 -0.383098 0.282277 -0.047886 
 -0.120574 -0.126148 -0.062237 
 -0.136349 0.419690 -0.209205 
 -0.140635 -0.318959 -0.029925 
 0.434163 0.366052 0.032026 
 0.032031 -0.698732 0.065892 
 -0.388539 0.384734 -0.045506 
 -0.224466 -0.333954 0.055157 
 0.115837 0.433860 -0.100349 
 0.363587 0.292292 -0.027088 
 0.502791 0.644526 0.199370 
 0.000396 -0.102092 -0.083770 
 0.048238 -0.258758 -0.044050 
 0.030595 -0.060329 -0.067964 
 -0.414398 0.169805 -0.023266 
 0.008798 -0.201022 -0.073132 
 -0.182783 -0.176219 -0.038229 
 0.329101 -0.286823 -0.058187 
 -0.245586 -0.137183 0.019132 
 0.009233 -0.771387 0.097155 
 -0.260643 0.452245 -0.059785 
 0.063085 -0.299519 -0.043328 
 -0.180590 0.367290 -0.190099 
 0.239999 0.574871 0.056024 
 -0.120581 -0.126892 -0.062267 
 -0.192458 0.098896 -0.073998 
 0.191627 0.048608 -0.067145 
 -0.265005 -0.170108 0.044463 
 0.273190 -0.419640 -0.039200 
 -0.035771 0.203691 -0.161953 
 -0.265001 -0.169773 0.043510 
 0.228606 0.113725 -0.041234 
 0.137289 -0.542751 -0.014683 
 0.128434 -0.516216 0.014922 
 -0.494366 0.453067 0.094050 
 0.360494 -0.192666 -0.079339 
 -0.394082 -0.043952 0.016484 
 0.447756 -0.089281 -0.044686 
 -0.008462 -0.571862 0.074949 
 -0.121167 0.328794 -0.170522 
 0.211413 0.241520 -0.099826 
 0.255243 0.569407 0.037760 
 -0.076196 -0.733881 0.145664 
 -0.059040 -0.202014 -0.098768 
 -0.238800 0.079744 0.001200 
 0.373652 -0.234229 -0.077618 
 0.148327 -0.073987 -0.083197 
 -0.171459 -0.185625 -0.070244 
 0.216968 -0.073341 -0.056556 
 0.136542 -0.329802 -0.059227 
 -0.286078 0.025443 0.007929 
 -0.151532 -0.900973 0.189635 
 0.031428 0.382778 -0.160007 
 0.324502 0.610175 0.118038 
 0.006626 0.581423 -0.045106 
 -0.145380 0.746654 0.182878 
 0.050778 0.132262 -0.100462 
 -0.087677 0.075139 -0.129681 
 -0.135121 0.197405 -0.148304 
 -0.103999 -0.360275 -0.019306 
 0.256585 -0.200894 -0.065480 
 0.157556 -0.402776 -0.010357 
 -0.074152 -0.714961 0.142386 
 -0.211107 -0.820219 0.149743 
 -0.148602 0.429926 -0.175840 
 -0.215562 0.586494 0.059156 
 0.065092 -0.280820 -0.046349 
 0.244138 0.615470 0.049268 
 -0.455894 0.049454 0.050003 
 0.149915 -0.054670 -0.086041 
 0.009302 -0.557593 0.052664 
 0.360377 0.001182 -0.032064 
 -0.140185 0.156668 -0.141869 
 -0.062679 -0.239590 -0.092311 
 -0.318299 -0.283148 0.059074 
 -0.134711 -0.014735 -0.104037 
 0.146419 0.208754 -0.091947 
 -0.120496 0.511859 -0.106288 
 0.343693 -0.151751 -0.081063 
 0.052053 0.328191 -0.128533 
 0.384416 0.735601 0.189505 
 -0.358048 -0.296876 0.070108 
 0.433456 0.366698 0.032028 
 0.351687 0.067445 -0.023437 
 -0.231251 -0.214452 0.040429 
 0.344809 0.187593 -0.038255 
 0.002428 -0.332478 -0.022476 
 -0.222020 0.180583 -0.077410 
 0.048238 -0.258778 -0.045042 
 -0.422195 -0.204917 0.091626 
 0.370830 0.065958 -0.028526 
 -0.110396 0.883720 0.349594 
 0.329763 0.229519 -0.040260 
 -0.335370 0.162094 -0.029803 
 -0.454156 0.406838 0.013484 
 -0.424705 0.525925 0.080065 
 0.249152 -0.523508 -0.063495 
 0.222448 0.091042 -0.053026 
 -0.087253 -0.599491 0.100179 
 0.015064 0.157768 -0.094134 
 0.348776 -0.430675 -0.058428 
 -0.353540 0.200089 -0.044039 
 -0.066237 -0.437741 0.010756 
 -0.376068 -0.294113 0.076526 
 0.035943 0.173899 -0.104180 
 0.238017 0.388490 -0.082560 
 -0.266271 -0.365501 0.071258 
 0.148073 -0.805215 0.094295 
 -0.418667 0.307333 -0.041149 
 -0.044295 -0.242345 -0.096629 
 -0.356082 0.145623 -0.020697 
 0.091671 -0.510647 0.023646 
 0.371707 -0.430959 -0.049755 
 -0.375959 0.567271 0.090999 
 -0.044381 -0.546882 0.080804 
 0.084541 -0.942306 0.085822 
 0.272080 -0.031015 -0.032986 
 0.135243 -0.635606 0.028801 
 0.209681 -0.131510 -0.047364 
 0.513740 0.523089 0.153456 
 0.414588 0.442567 0.071129 
 -0.122426 0.134782 -0.144297 
 0.038170 -0.355188 -0.029498 
 0.005219 -0.485964 -0.001253 
 -0.240379 -0.363607 0.093089 
 0.192440 0.244215 -0.095013 
 -0.117306 -0.037034 -0.105565 
 -0.310170 0.725822 0.215435 
 -0.119441 0.610286 0.014829 
 -0.077024 0.527836 -0.107180 
 0.367477 -0.291594 -0.067812 
 -0.345412 0.065916 -0.010920 
 0.012733 0.419038 -0.174285 
 -0.345371 0.065921 -0.012508 
 0.055040 0.510785 -0.064047 
 0.469644 0.710858 0.197465 
 0.124390 -0.554947 0.020208 
 0.066354 -0.086075 -0.074291 
 0.135128 -0.745232 0.089677 
 0.046229 -0.277618 -0.041790 
 -0.413906 -0.041169 0.020372 
 0.064521 -0.476474 -0.018870 
 -0.059932 -0.578301 0.120722 
 -0.175708 -0.883377 0.163630 
 0.264270 0.863839 0.234185 
 0.259280 -0.622731 -0.052591 
 0.428752 -0.192567 -0.053306 
 0.066271 -0.939525 0.090629 
 0.345697 -0.061699 -0.049079 
 -0.238787 0.080981 0.000434 
 -0.215165 -0.396251 0.048600 
 0.481822 0.404968 0.103025 
 0.415719 -0.025078 -0.043310 
 0.112255 -0.671217 0.040136 
 0.106077 -0.107051 -0.066876 
 -0.070546 -0.512494 0.038004 
 -0.155772 -0.312701 -0.011462 
 0.343700 -0.151065 -0.081274 
 0.113537 0.342744 -0.132359 
 0.289369 -0.264586 -0.064752 
 0.091411 0.635526 0.013378 
 0.420793 -0.200847 -0.006309 
 -0.198961 -0.189813 -0.016586 
 -0.400330 -0.241682 0.120810 
 0.238550 -0.675640 -0.025747 
 -0.090403 -0.871215 0.168598 
 0.348972 -0.431107 -0.058429 
 -0.338018 -0.052255 0.002161 
 -0.205289 -0.675385 0.172272 
 -0.234024 -0.058369 0.019185 
 0.028594 0.815538 0.170326 
 0.119599 0.566593 0.000151 
 -0.086041 -0.543645 0.076628 
 0.398600 -0.002740 -0.041168 
 -0.055423 -0.517474 0.019603 
 -0.279507 0.455322 -0.056182 
 -0.327840 -0.007577 0.023693 
 0.118034 -0.187098 -0.058878 
 0.491103 0.767094 0.247575 
 0.280180 -0.184342 -0.073549 
 0.117418 0.183951 -0.111124 
 0.001923 0.731540 0.099834 
 0.019831 0.019600 -0.077379 
 -0.167318 0.432018 -0.172745 
 -0.056302 0.566495 -0.042551 
 -0.057047 0.397041 -0.198639 
 0.122777 0.513747 -0.039665 
 0.066059 0.428338 -0.133235 
 0.524306 0.737469 0.225914 
 -0.207860 -0.143717 0.008978 
 -0.269344 0.335305 -0.117166 
 -0.389095 0.010891 0.006751 
 0.140517 -0.291925 -0.065729 
 0.339252 -0.013826 -0.025599 
 -0.212622 -0.004949 -0.008476 
 0.155230 0.073592 -0.060785 
 -0.090663 0.575974 -0.019941 
 -0.048171 0.018465 -0.102219 
 -0.034774 -0.537375 0.031715 
 0.257264 -0.642276 -0.048783 
 -0.454751 0.406839 0.014713 
 -0.222902 0.447251 -0.069358 
 -0.216650 -0.043528 -0.000220 
 0.298347 -0.223067 -0.058362 
 0.159304 0.112341 -0.067321 
 -0.101971 0.395006 -0.215460 
 -0.173332 -0.739332 0.173511 
 0.216521 0.648738 0.082585 
 0.325096 0.612096 0.118045 
 0.495904 0.546046 0.155055 
 -0.325375 0.551189 0.049334 
 -0.141375 -0.143331 -0.054724 
 0.170602 -0.109490 -0.054496 
 -0.155462 0.778532 0.211440 
 0.020629 -0.742122 0.045079 
 -0.341921 -0.266581 0.031645 
 -0.103060 -0.324699 -0.039414 
 -0.145169 0.746654 0.182218 
 0.038783 -0.567806 0.015913 
 -0.168380 -0.700443 0.166524 
 0.094972 -0.929340 0.050397 
 0.142641 -0.577117 0.019014 
 0.032129 -0.413047 -0.020318 
 0.337204 -0.034118 -0.020633 
 -0.150688 0.469046 -0.121986 
 -0.461076 0.219920 -0.001774 
 0.105705 0.535419 -0.036764 
 -0.182132 0.859662 0.327542 
 -0.045674 -0.745111 0.108605 
 0.404231 0.269587 -0.021420 
 -0.215930 0.307884 -0.127148 
 0.171453 0.228744 -0.085897 
 -0.363563 0.104450 -0.027856 
 -0.206306 -0.159133 0.026009 
 0.172057 0.783072 0.165797 
 0.126133 -0.535578 0.017294 
 0.164774 -0.096268 -0.084737 
 -0.091455 -0.528981 0.046096 
 0.146419 0.208757 -0.092927 
 0.098338 0.082214 -0.046343 
 0.522472 0.716784 0.229326 
 -0.127428 0.446300 -0.185459 
 -0.325084 -0.164648 0.044204 
 0.329759 0.229079 -0.040329 
 0.264940 -0.693471 0.001679 
 0.342493 0.587373 0.115342 
 -0.130864 -0.883863 0.181533 
 -0.483142 0.027601 0.031478 
 0.226472 -0.313540 -0.041091 
 -0.028433 -0.968682 0.223760 
 0.335887 0.288131 -0.050213 
 0.337370 0.109365 -0.025412 
 -0.232035 0.085751 -0.061226 
 -0.141844 -0.354736 -0.009758 
 -0.105995 -0.452380 0.024212 
 -0.172613 0.662967 0.111916 
 -0.181143 0.480007 -0.084989 
 0.325673 0.189759 -0.033740 
 0.330523 0.710981 0.162890 
 -0.236540 0.010635 -0.034672 
 -0.052492 0.227145 -0.160247 
 -0.029378 0.436274 -0.195749 
 -0.260918 0.452544 -0.059785 
 -0.161147 -0.622638 0.152464 
 -0.289363 -0.189564 0.037879 
 -0.454090 0.121001 0.009654 
 -0.106097 -0.649841 0.142214 
 0.463666 0.611995 0.154874 
 0.258289 -0.378003 -0.040375 
 0.001155 -0.330338 -0.022469 
 -0.039406 -0.080009 -0.091016 
 0.488067 0.464765 0.092082 
 -0.400402 -0.065767 0.006035 
 -0.470697 0.380301 0.053308 
 0.076359 0.531285 -0.058741 
 -0.468010 0.508605 0.077970 
 -0.006918 -0.625594 0.111933 
 0.081888 0.664908 0.041747 
 0.475369 0.381502 0.094081 
 -0.233191 0.816334 0.317264 
 0.389960 0.063093 -0.033380 
 0.320201 0.814773 0.225991 
 -0.166313 -0.607377 0.122702 
 -0.389737 0.516848 0.056808 
 0.307225 0.632974 0.119626 
 -0.048537 0.260966 -0.166716 
 0.388674 0.042253 -0.030089 
 -0.251892 0.696891 0.204013 
 -0.009003 -0.947038 0.126842 
 0.236069 0.227181 -0.074551 
 -0.346283 0.327776 -0.093867 
 -0.062784 0.716221 0.104434 
 -0.394874 0.342652 -0.052389 
 0.237995 0.724168 0.126559 
 -0.113970 0.002101 -0.112017 
 0.036156 -0.374477 -0.025983 
 0.029628 -0.183869 -0.080353 
 -0.278514 0.736917 0.251147 
 0.317533 0.660689 0.142951 
 -0.201507 -0.365651 0.007803 
 -0.161148 -0.622615 0.153417 
 -0.099247 -0.040272 -0.110321 
 0.065454 0.595191 0.011451 
 -0.009831 -0.482269 0.017158 
 -0.181919 0.244886 -0.126973 
 -0.121454 0.294084 -0.149402 
 0.193242 -0.372866 -0.053554 
 -0.040170 0.878910 0.283965 
 0.075068 0.716144 0.066805 
 0.186428 -0.256297 -0.068292 
 0.139830 -0.151245 -0.068448 
 0.436532 -0.078697 -0.086472 
 -0.400784 -0.241678 0.120799 
 0.198668 -0.316867 -0.063323 
 0.309144 -0.444469 -0.045550 
 0.314867 0.291020 -0.045359 
 0.327943 -0.306226 -0.054919 
 0.341629 -0.100653 -0.041254 
 -0.331353 0.200561 -0.036296 
 -0.039767 0.717471 0.113062 
 -0.372551 -0.343394 0.037036 
 -0.168572 0.238668 -0.144603 
 -0.157115 -0.121373 -0.052705 
 -0.318299 -0.283147 0.058675 
 0.399755 0.616861 0.156492 
 -0.340825 0.634879 0.116965 
 -0.176190 -0.048225 -0.088078 
 0.322186 0.008509 -0.022502 
 0.255715 -0.678410 -0.028718 
 -0.072279 -0.423515 -0.019132 
 0.116554 -0.347019 -0.051192 
 -0.096630 0.768891 0.196615 
 -0.014412 0.679708 0.066184 
 -0.217957 0.703238 0.163804 
 -0.026397 -0.424011 -0.001434 
 0.151238 -0.786939 0.091015 
 0.021595 -0.260796 -0.067391 
 0.236756 0.534366 -0.011640 
 0.042201 -0.316215 -0.035292 
 -0.031476 0.587035 -0.037021 
 0.398451 0.597376 0.159870 
 0.274468 -0.223059 -0.067024 
 -0.465219 0.351479 0.100785 
 0.264032 -0.246844 -0.090717 
 0.000445 -0.348610 -0.019215 
 -0.461230 -0.044736 -0.010312 
 -0.238922 -0.291553 0.053447 
 -0.087295 0.354245 -0.213668 
 0.077927 -0.340584 -0.041615 
 -0.066157 -0.833934 0.157221 
 0.181302 -0.599781 0.026248 
 -0.081589 0.660967 0.057523 
 -0.172574 0.199688 -0.138821 
 -0.330731 0.236712 -0.055275 
 -0.076248 -0.250432 -0.055705 
 -0.463211 -0.064007 -0.007085 
 -0.213033 -0.376957 0.043190 
 -0.236797 0.221745 -0.079896 
 -0.101970 0.395138 -0.215943 
 -0.100797 0.663797 0.061762 
 0.158764 -0.402788 -0.010356 
 -0.074211 0.399777 -0.193255 
 0.231361 0.152689 -0.048016 
 -0.310340 -0.010337 0.018207 
 0.393871 0.388577 0.025168 
 0.198672 -0.212956 -0.047798 
 0.378156 0.000087 -0.036906 
 -0.242107 0.539185 -0.032218 
 0.290114 -0.441772 -0.040743 
 -0.203499 0.676962 0.148717 
 -0.121453 0.294091 -0.151268 
 -0.237540 0.397231 -0.103473 
 0.112139 -0.047977 -0.076859 
 0.446133 0.634964 0.156548 
 0.011853 0.138106 -0.090886 
 0.400536 0.616584 0.156491 
 -0.153941 0.618417 0.038010 
 0.111944 -0.421638 -0.024621 
 0.045528 0.289640 -0.121671 
 0.138832 -0.151229 -0.070180 
 -0.053761 -0.821201 0.123078 
 0.050659 0.096228 -0.080470 
 0.163499 -0.292319 -0.056990 
 0.247888 -0.402469 -0.065043 
 0.027885 0.096739 -0.087915 
 0.146604 -0.234062 -0.075863 
 0.008331 0.581409 -0.045966 
 -0.133069 -0.706016 0.156868 
 0.203993 0.434245 -0.079450 
 -0.211139 0.345825 -0.133603 
 0.012999 -0.429580 -0.011007 
 0.137066 0.005496 -0.091422 
 0.348984 -0.429828 -0.058425 
 -0.293722 0.195247 -0.044739 
 0.367314 0.311889 -0.031644 
 0.099731 0.760148 0.142713 
 -0.175445 -0.222585 -0.063785 
 0.273031 0.095056 -0.020943 
 -0.275996 0.123104 -0.009323 
 -0.275830 -0.090064 0.034401 
 0.103207 0.682091 0.033542 
 0.402188 0.250828 -0.016542 
 0.109622 -0.403799 -0.041440 
 0.065255 -0.280821 -0.046580 
 -0.178788 0.599440 0.032663 
 0.418401 0.555958 0.100800 
 0.382384 0.639783 0.158089 
 0.109581 0.847483 0.218243 
 -0.253421 0.157684 -0.020614 
 0.146604 -0.234062 -0.075876 
 0.023323 -0.314444 -0.030507 
 0.089259 -0.049373 -0.085575 
 0.083286 0.592384 0.006246 
 -0.009017 -0.179013 -0.070808 
 -0.241413 0.624249 0.106156 
 0.078761 0.530981 -0.058741 
 -0.087754 0.637402 0.047084 
 0.496638 0.546035 0.156100 
 -0.423646 0.587340 0.147363 
 -0.370856 0.514042 0.053908 
 0.261891 0.247247 -0.069077 
 0.359490 0.252793 -0.021734 
 0.126739 0.389869 -0.112036 
 -0.192470 0.358919 -0.155104 
 0.094858 -0.648993 0.041681 
 -0.369533 -0.216950 0.063528 
 0.394419 -0.112184 -0.070395 
 0.468568 0.467629 0.098604 
 -0.429959 0.503009 0.067266 
 -0.266376 0.767269 0.288398 
 -0.208311 -0.640912 0.139131 
 0.245409 -0.317117 -0.043975 
 0.264214 -0.089422 -0.023143 
 -0.425677 0.339747 0.000432 
 -0.309724 0.543965 0.030943 
 -0.240059 -0.114939 0.028029 
 -0.107783 -0.884804 0.191186 
 0.407867 0.491522 0.096756 
 0.400112 0.339226 0.000225 
 -0.354737 0.199931 -0.044040 
 -0.091787 0.691420 0.085734 
 -0.016043 -0.255965 -0.055439 
 0.207473 0.131647 -0.053343 
 -0.108950 -0.867223 0.173429 
 0.230640 0.133203 -0.045201 
 -0.122574 -0.144892 -0.059000 
 -0.364050 0.598566 0.128441 
 -0.220407 0.199774 -0.080646 
 -0.020834 0.462987 -0.172634 
 0.247877 -0.403522 -0.064692 
 -0.088064 -0.563013 0.080217 
 -0.073244 0.209179 -0.152271 
 -0.121241 -0.250554 -0.074822 
 -0.140535 0.296850 -0.146164 
 0.131020 -0.051895 -0.079956 
 0.158195 -0.526548 -0.022288 
 -0.419196 -0.063446 0.011197 
 -0.003466 0.230415 -0.128086 
 -0.442725 0.361811 0.002799 
 -0.339392 0.123058 -0.022232 
 -0.221185 0.145463 -0.057354 
 0.325679 0.190412 -0.034664 
 0.215378 -0.092737 -0.053898 
 -0.390478 -0.270524 0.091793 
 -0.335379 0.161230 -0.028715 
 0.273030 0.095048 -0.018636 
 -0.158848 0.594961 0.027809 
 0.242791 0.787133 0.190116 
 0.154508 0.286228 -0.106242 
 0.260748 0.247259 -0.069256 
 0.264020 -0.247959 -0.090304 
 0.039238 -0.817732 0.081164 
 0.194254 -0.771049 0.089663 
 0.260605 0.049325 -0.041278 
 -0.412324 0.440987 -0.001378 
 -0.125601 -0.360140 -0.028174 
 0.171381 -0.391339 -0.045513 
 -0.280564 -0.288694 0.047566 
 0.376317 -0.392174 -0.056782 
 0.293167 0.601527 0.081736 
 0.161444 -0.275415 -0.073767 
 -0.126715 0.061498 -0.117503 
 -0.448993 0.505031 0.074564 
 -0.079208 0.622783 0.001504 
 0.142284 -0.504461 -0.021192 
 0.018622 0.441626 -0.164960 
 -0.160261 0.496516 -0.092567 
 0.308428 -0.267372 -0.070112 
 0.004430 -0.633424 0.079374 
 0.110147 -0.032128 -0.093609 
 -0.348864 -0.219743 0.058742 
 -0.332372 0.584849 0.091577 
 -0.114894 -0.765145 0.175608 
 0.433045 -0.083413 -0.024882 
 0.287357 -0.283009 -0.062038 
 0.130834 0.746341 0.108475 
 -0.122836 -0.429072 0.025753 
 0.038163 -0.355823 -0.028796 
 0.157963 0.560881 -0.009583 
 -0.437002 0.049299 0.045224 
 -0.312824 0.282614 -0.096926 
 0.049510 -0.063110 -0.071863 
 -0.481882 0.221958 0.002996 
 0.294175 0.111773 -0.029089 
 -0.318524 0.517828 0.007105 
 -0.451031 0.426137 0.011460 
 -0.180038 0.879069 0.321619 
 0.068296 -0.723683 0.060502 
 0.264112 -0.247959 -0.090721 
 -0.062613 -0.722041 0.110154 
 -0.160248 0.497756 -0.093466 
 -0.203256 -0.655563 0.169626 
 0.224082 -0.457643 -0.050131 
 -0.078988 -0.093561 -0.078245 
 -0.453502 0.156125 -0.010797 
 0.427763 0.343505 0.022020 
 -0.169386 -0.325939 0.023862 
 0.416895 0.389312 0.032137 
 -0.184021 0.750935 0.192727 
 -0.337818 -0.316275 0.084010 
 -0.044295 -0.242343 -0.097332 
 -0.314271 -0.244572 0.052005 
 0.171568 -0.214746 -0.068833 
 0.011037 0.119245 -0.087634 
 0.052816 0.153981 -0.103703 
 0.024474 -0.470898 -0.009297 
 0.289344 0.251288 -0.048293 
 0.124779 -0.482360 -0.019653 
 -0.200352 -0.384915 0.011046 
 0.021905 -0.545715 0.018781 
 -0.132706 0.004966 -0.107263 
 -0.245341 -0.137183 0.018556 
 0.022315 -0.795572 0.081548 
 0.243606 0.073636 -0.039719 
 0.063562 0.688440 0.043319 
 0.200236 -0.602573 0.021410 
 0.028711 -0.184551 -0.080356 
 -0.354286 0.250815 -0.080960 
 -0.092565 -0.926557 0.192191 
 -0.307254 0.431361 -0.074824 
 0.352539 -0.251569 -0.069538 
 0.033638 -0.146089 -0.088138 
 0.321595 0.151300 -0.027728 
 0.496648 0.547013 0.155059 
 0.203534 0.792909 0.200587 
 -0.143133 0.118410 -0.136624 
 0.488065 0.464755 0.094844 
 -0.183445 -0.299244 -0.050878 
 -0.405897 0.246629 -0.036543 
 0.164304 -0.541159 0.008379 
 0.134522 -0.349781 -0.057425 
 0.354320 -0.127853 -0.057470 
 -0.109988 0.443560 -0.190207 
 0.024160 -0.812586 0.099159 
 -0.158587 0.334301 -0.161522 
 0.003767 -0.718506 0.046623 
 -0.281522 0.436030 -0.051526 
 0.323637 0.170856 -0.031186 
 -0.151292 0.680233 0.103038 
 0.317175 -0.225857 -0.063176 
 -0.318536 0.516587 0.007101 
 0.337838 0.732545 0.172834 
 0.004462 -0.311069 -0.024042 
 0.169428 0.209351 -0.083091 
 -0.184969 -0.195419 -0.036165 
 -0.385792 0.228088 -0.021699 
 0.298973 -0.203658 -0.061630 
 0.453544 0.793224 0.251333 
 0.008046 -0.667288 0.113111 
 -0.158581 -0.406576 0.032071 
 0.231013 -0.380109 -0.063147 
 0.214599 -0.498678 -0.057169 
 -0.348160 0.222564 -0.034958 
 0.100030 -0.164791 -0.057337 
 0.039255 -0.107643 -0.093318 
 0.168809 -0.057448 -0.091834 
 0.198538 0.304681 -0.104808 
 -0.044324 0.337473 -0.193081 
 -0.276009 0.121880 -0.008576 
 0.500631 0.402104 0.098789 
 0.181514 -0.471368 -0.037291 
 -0.004578 -0.907153 0.120311 
 -0.123087 0.851193 0.312562 
 -0.200916 -0.013927 -0.041758 
 -0.139222 0.668720 0.071861 
 0.342910 -0.488775 -0.050176 
 -0.194668 -0.879230 0.168956 
 0.439249 0.685784 0.180712 
 -0.064632 -0.740868 0.113424 
 -0.040405 0.835251 0.216997 
 0.002773 -0.258722 -0.063375 
 0.149386 -0.427189 -0.036006 
 -0.118376 -0.037023 -0.105566 
 0.058786 -0.624047 0.048032 
 0.225934 -0.687881 0.010404 
 0.420788 -0.201283 -0.005115 
 -0.160653 0.555286 -0.041204 
 0.108682 0.391419 -0.107232 
 -0.397101 0.550624 0.099137 
 -0.190093 0.830604 0.303923 
 0.222729 0.598103 0.057602 
 0.156975 -0.173336 -0.071720 
 -0.076178 -0.733992 0.145664 
 -0.316815 0.245055 -0.091595 
 -0.336492 0.177944 -0.045570 
 0.096952 -0.929360 0.050660 
 -0.028713 -0.765807 0.107830 
 -0.383687 -0.174295 0.061820 
 -0.130472 -0.883867 0.181683 
 -0.300029 -0.321646 0.074337 
 -0.112465 0.228058 -0.159514 
 -0.287347 -0.170030 0.034630 
 0.303752 0.352262 -0.050390 
 -0.215135 0.307876 -0.127064 
 0.241088 -0.284478 -0.079422 
 0.326543 -0.058894 -0.044206 
 -0.418492 0.182621 -0.053790 
 0.204748 -0.153809 -0.056204 
 -0.073248 -0.338549 -0.000069 
 -0.477352 -0.042122 -0.005557 
 -0.308978 -0.010797 0.018206 
 -0.480373 -0.042092 -0.005559 
 -0.491606 0.075279 0.055911 
 0.164844 0.641372 0.052277 
 0.234455 -0.341742 -0.069657 
 -0.054694 -0.932154 0.180423 
 -0.316821 0.244562 -0.090471 
 -0.112702 -0.832218 0.139390 
 0.258337 0.208292 -0.062693 
 -0.004888 -0.606152 0.110306 
 -0.470500 0.142999 0.011188 
 0.425541 0.107736 -0.004698 
 0.126147 0.388646 -0.112040 
 -0.187764 0.612299 0.078027 
 -0.161445 0.280457 -0.138182 
 -0.184209 -0.282861 0.022156 
 0.214330 -0.430527 -0.021886 
 0.220183 -0.300342 -0.070482 
 -0.046139 0.846938 0.185759 
 0.043149 -0.529180 0.009284 
 0.175210 -0.731377 0.074626 
 0.235657 -0.413951 -0.029584 
 0.524301 0.737036 0.227293 
 -0.031512 0.172114 -0.128319 
 -0.441097 -0.203022 0.096384 
 -0.382961 -0.244455 0.116002 
 -0.319255 0.441591 -0.043884 
 -0.388538 0.384877 -0.045262 
 -0.156713 -0.225798 -0.068906 
 -0.128361 0.042339 -0.113719 
 -0.317234 -0.106804 0.034456 
 -0.188225 0.381729 -0.144809 
 -0.127895 0.446301 -0.184386 
 0.336847 -0.546396 -0.038847 
 -0.318926 -0.319060 0.080556 
 -0.169083 -0.700436 0.166523 
 0.144814 0.587781 0.003811 
 -0.397102 0.550593 0.099068 
 -0.113782 0.631524 0.025004 
 -0.000128 0.022383 -0.071389 
 -0.202024 0.463499 -0.077527 
 -0.081525 -0.614408 0.130832 
 -0.113773 0.632346 0.024129 
 0.412548 0.739731 0.212254 
 0.299846 -0.098000 -0.046258 
 0.110884 -0.404884 -0.041443 
 -0.348704 0.308029 -0.090643 
 -0.215331 0.489352 -0.062420 
 -0.239854 0.254943 -0.112705 
 -0.337225 0.463659 -0.040636 
 -0.393970 0.064595 0.045619 
 0.261797 -0.713419 0.004940 
 0.199740 -0.192529 -0.051059 
 -0.251887 0.697417 0.203592 
 0.033930 0.154910 -0.098921 
 0.493709 0.711864 0.207936 
 0.172834 -0.019689 -0.097756 
 0.096372 0.096000 -0.063100 
 -0.130151 -0.920955 0.201858 
 0.326209 -0.504257 -0.027060 
 0.294644 0.005140 -0.045289 
 0.004437 -0.632831 0.078171 
 -0.141683 0.552157 -0.046019 
 0.094493 0.148222 -0.099822 
 -0.144607 -0.682211 0.172148 
 0.013898 -0.695952 0.070700 
 -0.197499 -0.258870 0.037348 
 0.030794 -0.165319 -0.083596 
 -0.486902 0.333573 0.108884 
 0.175202 -0.768254 0.096687 
 -0.147947 0.584382 -0.004014 
 0.378342 -0.372782 -0.059277 
 -0.133966 -0.189141 -0.079745 
 0.109491 -0.513064 0.018839 
 -0.446136 0.217189 -0.006550 
 -0.037286 -0.342642 -0.009640 
 -0.030731 -0.497702 0.025210 
 -0.091741 0.246175 -0.167477 
 -0.327840 -0.007577 0.023883 
 0.098970 -0.910042 0.046219 
 -0.156792 -0.050672 -0.092830 
 0.376627 0.230646 -0.023324 
 -0.047431 -0.157158 -0.078203 
 0.255791 0.188822 -0.059421 
 0.351009 -0.410196 -0.061688 
 0.402707 0.107314 -0.013207 
 -0.186616 0.031459 -0.096230 
 0.163508 -0.291460 -0.056987 
 -0.211107 -0.820217 0.149003 
 -0.418672 0.307003 -0.038495 
 -0.184535 -0.478954 0.049864 
 -0.186236 -0.303508 0.025401 
 -0.174777 -0.758784 0.176354 
 0.510951 0.765071 0.240808 
 -0.458231 0.277651 -0.011498 
 -0.313067 -0.173263 0.012057 
 -0.250607 0.332548 -0.122098 
 0.255509 0.366896 -0.084109 
 -0.061969 -0.291601 -0.055421 
 -0.382301 -0.104411 0.021449 
 0.016842 -0.122886 -0.085300 
 -0.184969 -0.195423 -0.034990 
 0.135142 0.711638 0.065483 
 0.081662 0.210307 -0.102432 
 -0.257141 0.119106 -0.013886 
 -0.451370 0.445475 0.008204 
 -0.299211 -0.247312 0.047627 
 -0.227234 -0.510700 0.065942 
 -0.250611 0.332211 -0.120868 
 0.355043 -0.372573 -0.068653 
 -0.159730 0.553310 -0.041210 
 -0.128888 -0.487921 0.035499 
 -0.217589 0.561698 -0.027259 
 0.187826 -0.131646 -0.056680 
 -0.154496 0.197671 -0.143566 
 0.046967 -0.454408 -0.016005 
 0.017816 0.000305 -0.072140 
 0.019830 0.019596 -0.076306 
 0.061484 -0.604686 0.044642 
 -0.216005 0.238182 -0.086854 
 -0.162187 0.086266 -0.110665 
 0.001608 -0.829557 0.107239 
 -0.210759 0.833740 0.308904 
 0.146850 -0.892559 0.060750 
 0.065559 0.428335 -0.130994 
 0.245849 -0.264519 -0.082672 
 0.314259 -0.139688 -0.045196 
 -0.267008 -0.188167 0.046767 
 0.213575 0.191075 -0.062237 
 -0.103813 -0.150397 -0.063776 
 0.365245 -0.508554 -0.036683 
 -0.094200 0.876022 0.331111 
 0.072080 0.638357 0.017212 
 0.025407 -0.880052 0.063064 
 -0.417007 -0.131482 0.064891 
 0.193290 0.371715 -0.083006 
 0.137716 0.131290 -0.079233 
 0.019813 0.556893 -0.060942 
 -0.353931 0.375541 -0.068397 
 0.399814 0.339225 0.001287 
 0.259859 0.227776 -0.067100 
 -0.250600 0.556846 0.013192 
 0.119464 0.206179 -0.114369 
 0.042693 0.556335 -0.049969 
 0.134909 -0.635203 0.028802 
 0.223350 0.618330 0.054272 
 0.109593 -0.746575 0.066832 
 -0.481864 0.223685 0.003002 
 0.136357 0.711627 0.065189 
 -0.448586 0.302606 0.012543 
 0.013548 -0.339155 -0.054433 
 0.204048 -0.455081 -0.045338 
 0.146733 -0.073971 -0.083197 
 -0.158713 -0.244938 -0.065314 
 0.057798 -0.643425 0.051295 
 0.469641 0.710586 0.199501 
 0.213447 0.261943 -0.100743 
 0.237995 0.724168 0.126637 
 -0.330709 0.486853 -0.030321 
 0.197251 -0.336749 -0.060071 
 0.099236 -0.324951 -0.049654 
 0.023992 -0.599114 0.054383 
 -0.396367 -0.043929 0.016483 
 0.132042 0.649507 0.000322 
 0.156183 -0.728584 0.081388 
 -0.158562 -0.404574 0.032224 
 -0.503431 0.409247 0.073312 
 0.244251 -0.070308 -0.035054 
 0.078785 -0.926587 0.055193 
 -0.333143 -0.242129 0.057202 
 0.334821 -0.566248 -0.036609 
 -0.021222 0.092527 -0.120142 
 0.366735 0.025724 -0.021940 
 0.039663 -0.088395 -0.096010 
 -0.388553 0.383368 -0.045267 
 0.019903 -0.352420 -0.024006 
 -0.001296 0.003087 -0.068138 
 -0.152529 -0.187495 -0.074995 
 -0.089720 0.267684 -0.170692 
 -0.217590 0.561692 -0.025689 
 0.002978 0.041663 -0.075828 
 0.098540 0.188225 -0.107283 
 -0.122961 -0.396012 -0.008049 
 -0.390913 -0.341308 0.041801 
 0.144591 -0.253280 -0.072227 
 0.128062 0.537086 -0.028209 
 0.481959 0.798314 0.274062 
 0.107594 -0.087731 -0.070355 
 0.460206 0.278581 0.022198 
 -0.064372 -0.740829 0.113424 
 -0.006742 -0.889619 0.101710 
 0.442952 0.301079 0.025139 
 -0.177422 -0.401197 0.036867 
 -0.083207 -0.614391 0.130831 
 -0.419320 -0.063443 0.010800 
 0.154186 -0.638665 0.023993 
 0.104096 -0.785348 0.073248 
 -0.157450 -0.050667 -0.092448 
 -0.318208 -0.263841 0.055664 
 -0.041135 -0.099541 -0.087781 
 0.125182 0.782021 0.148952 
 0.048639 0.076552 -0.077217 
 -0.115230 -0.191888 -0.084499 
 -0.209662 -0.004276 -0.085023 
 0.414487 0.169450 -0.009748 
 0.083198 -0.765203 0.060823 
 0.354859 -0.549662 -0.043656 
 0.229727 -0.577407 -0.035404 
 0.393864 0.172291 -0.004875 
 -0.144721 -0.111516 -0.087905 
 -0.193545 -0.556655 0.062860 
 -0.111446 -0.708841 0.152042 
 0.145643 -0.253361 -0.072227 
 -0.139288 0.400315 -0.205992 
 0.245127 -0.245179 -0.085661 
 0.034871 0.663652 0.024691 
 -0.103311 0.132021 -0.148140 
 0.243110 -0.264492 -0.082624 
 -0.111855 -0.708837 0.152042 
 0.364167 -0.508542 -0.037113 
 0.379497 0.000075 -0.037276 
 0.350997 -0.411313 -0.060706 
 0.159303 0.112294 -0.067321 
 -0.154267 -0.828577 0.133427 
 -0.107782 -0.884731 0.190461 
 -0.187940 -0.534436 0.072420 
 0.187804 0.155008 -0.051790 
 -0.489908 0.145770 0.017058 
 0.114697 0.345154 -0.132350 
 0.110264 -0.421621 -0.024622 
 0.221673 -0.653444 -0.022383 
 -0.208310 -0.640788 0.138865 
 0.213393 -0.092717 -0.053899 
 -0.520827 -0.055721 0.007176 
 -0.082718 0.482863 -0.188047 
 0.181673 -0.673043 0.066527 
 -0.209879 0.100958 -0.069233 
 -0.075756 0.400026 -0.193255 
 0.200858 -0.675844 0.061699 
 -0.050700 -0.370978 -0.047243 
 0.236392 -0.657876 -0.040743 
 -0.456004 0.387518 0.017967 
 -0.175450 -0.223042 -0.063981 
 -0.419427 -0.151371 0.068139 
 -0.044818 0.555367 -0.073364 
 -0.141137 0.137531 -0.138167 
 0.179554 0.306325 -0.100040 
 -0.398759 -0.221991 0.117547 
 -0.363024 0.349097 -0.094775 
 -0.100753 -0.611606 0.135658 
 -0.051397 -0.479093 0.012894 
 0.094505 0.149585 -0.097609 
 0.434769 -0.027888 -0.048620 
 0.163500 -0.292258 -0.056990 
 0.025940 -0.507082 0.010651 
 -0.256937 -0.092847 0.030147 
 0.106083 -0.106496 -0.067099 
 -0.331547 0.286585 -0.092168 
 0.368622 0.045077 -0.025236 
 -0.216201 -0.255703 0.042144 
 0.116300 -0.632423 0.034810 
 0.159474 -0.330133 -0.050479 
 -0.049543 0.850525 0.262241 
 -0.248117 -0.191160 0.041972 
 -0.356193 0.145626 -0.021176 
 -0.295197 0.143970 -0.007792 
 0.436633 0.591055 0.149920 
 0.124434 -0.483146 -0.019656 
 -0.256604 0.275461 -0.111184 
 0.140763 0.347125 -0.110321 
 -0.449052 0.327976 0.099229 
 0.166179 0.170556 -0.077123 
 0.031349 -0.060337 -0.067964 
 -0.039407 -0.080136 -0.091017 
 -0.274910 0.192242 -0.047337 
 -0.428696 0.210985 -0.026581 
 0.197937 -0.034806 -0.073625 
 0.013300 -0.214615 -0.041968 
 0.021163 -0.795563 0.082207 
 0.061065 -0.319391 -0.040565 
 0.385573 0.129776 -0.011247 
 0.195984 -0.532106 -0.032469 
 0.058915 0.534073 -0.053906 
 0.037577 0.704577 0.093346 
 0.047929 0.637257 0.009709 
 -0.179113 0.500839 -0.088676 
 -0.200398 0.266820 -0.127234 
 0.380716 0.269199 -0.029906 
 0.444405 0.824501 0.280694 
 -0.464326 0.024886 0.025857 
 0.127656 0.610240 0.005987 
 0.122759 0.512012 -0.038324 
 0.029631 -0.183554 -0.080352 
 0.122765 -0.574320 0.023821 
 0.071287 -0.881412 0.080840 
 0.373081 -0.128639 -0.062290 
 -0.093725 -0.926546 0.192190 
 -0.403237 0.003532 0.042144 
 0.170173 -0.038129 -0.094500 
 0.357446 0.233470 -0.018627 
 0.221675 0.091045 -0.051613 
 -0.149442 0.026892 -0.105735 
 0.094225 0.655154 0.010070 
 -0.088407 -0.600053 0.100176 
 -0.212343 0.770232 0.243123 
 -0.209257 0.119258 -0.072473 
 -0.069717 -0.476323 0.017890 
 -0.203235 0.177482 -0.082179 
 0.358622 -0.192646 -0.079696 
 -0.143709 -0.444667 0.033794 
 0.014117 -0.611023 0.103410 
 0.020930 -0.741634 0.045081 
 -0.055023 0.418965 -0.201216 
 0.329070 0.337162 -0.025214 
 -0.214916 -0.610312 0.091126 
 -0.156154 -0.102158 -0.055184 
 0.017816 0.000306 -0.072226 
 0.422258 -0.181289 -0.008408 
 -0.181139 -0.440374 0.043364 
 0.051812 -0.043822 -0.076001 
 0.201949 0.413704 -0.076172 
 -0.436714 0.134674 -0.012024 
 0.372860 0.084189 -0.032735 
 -0.161132 -0.800468 0.178079 
 -0.092489 -0.155859 -0.095705 
 0.121694 -0.289153 -0.059576 
 0.197257 -0.336184 -0.060885 
 0.207373 0.203763 -0.091530 
 0.072404 -0.027312 -0.083092 
 0.342211 -0.100655 -0.042477 
 0.391046 0.515250 0.098347 
 -0.039409 -0.080329 -0.091668 
 0.163503 -0.291994 -0.057949 
 -0.476703 0.171656 -0.036301 
 -0.091147 -0.492827 0.025599 
 0.318592 -0.367012 -0.058602 
 0.302311 0.187941 -0.042289 
 -0.452294 0.138506 0.006407 
 0.387619 0.149382 -0.013536 
 -0.086554 -0.383209 -0.020843 
 0.134521 -0.349785 -0.056499 
 0.202138 0.093850 -0.046786 
 0.239358 -0.303123 -0.076165 
 0.009241 -0.770586 0.097440 
 0.130490 -0.424629 -0.029417 
 0.320406 -0.328255 -0.065130 
 0.037220 0.589830 -0.010531 
 0.113401 0.146819 -0.106474 
 -0.001983 -0.121205 -0.080530 
 0.149301 0.051024 -0.070987 
 -0.057041 0.740092 0.113487 
 0.415450 0.389321 0.033603 
 0.044821 -0.511090 0.006026 
 0.144293 0.817532 0.199115 
 -0.169047 -0.537217 0.067757 
 -0.305479 0.772737 0.297647 
 0.106873 -0.245932 -0.062647 
 0.273560 -0.011533 -0.036718 
 0.107791 0.392485 -0.107229 
 0.316290 -0.120241 -0.048046 
 0.019790 0.554496 -0.060951 
 -0.044454 -0.242342 -0.097065 
 0.407122 -0.173135 -0.065391 
 0.382307 0.714590 0.192927 
 0.354277 0.709607 0.170104 
 -0.266191 0.562258 0.029848 
 -0.110110 0.882806 0.349591 
 -0.141453 0.102433 -0.118647 
 0.175851 -0.529314 -0.027527 
 0.098991 -0.164981 -0.057338 
 -0.154418 -0.012350 -0.099285 
 -0.169048 -0.537221 0.068801 
 -0.026013 0.632855 0.045075 
 0.160248 -0.689359 0.074632 
 0.124395 0.590614 0.010246 
 0.073293 -0.027318 -0.084037 
 0.416367 0.536029 0.103377 
 0.145882 -0.093204 -0.079943 
 0.345946 0.836127 0.230873 
 -0.300017 -0.320463 0.074341 
 0.248422 -0.579075 -0.040195 
 0.070318 -0.704314 0.056706 
 -0.034540 -0.897874 0.157397 
 -0.095744 -0.001473 -0.116774 
 0.514573 0.339432 0.104424 
 -0.204163 0.676969 0.148622 
 -0.245620 0.039174 -0.005903 
 0.371334 -0.148089 -0.059286 
 -0.069491 -0.368431 -0.043025 
 0.137632 0.638374 0.030408 
 -0.245151 -0.172894 0.038716 
 0.071573 -0.027300 -0.084038 
 0.368772 0.498219 0.106641 
 -0.000078 -0.745085 0.127653 
 0.035656 -0.125889 -0.090074 
 -0.491073 0.162346 -0.000958 
 -0.209429 -0.714282 0.179454 
 0.131523 -0.228493 -0.057164 
 -0.294875 0.124664 -0.005969 
 0.269538 -0.562870 -0.048244 
 -0.005061 -0.033666 -0.061632 
 -0.450757 -0.000292 0.009959 
 0.260850 -0.286595 -0.084212 
 -0.218737 0.218985 -0.083883 
 -0.346909 0.416114 -0.061297 
 -0.172937 -0.080184 -0.054306 
 0.181271 -0.598959 0.026251 
 -0.103717 0.132026 -0.148394 
 -0.173206 0.621232 0.043237 
 0.243590 0.071972 -0.039457 
 -0.486490 0.386433 0.071763 
 0.296857 0.131295 -0.032411 
 0.109487 -0.513423 0.018417 
 0.111383 0.127498 -0.101032 
 0.094507 0.149589 -0.099817 
 0.255790 0.188814 -0.057042 
 -0.301085 0.613521 0.123839 
 0.209019 0.330012 -0.081279 
 -0.120015 0.665817 0.066987 
 0.273031 0.095055 -0.020585 
 0.451441 0.343580 0.030450 
 -0.346765 0.327183 -0.093870 
 -0.376874 0.164276 -0.032800 
 0.255242 0.569275 0.035464 
 -0.345384 0.065921 -0.012508 
 0.264346 -0.320863 -0.050711 
 0.350560 0.355227 -0.033381 
 0.069863 -0.418600 -0.030210 
 -0.092322 0.691425 0.085733 
 -0.176567 0.161482 -0.132376 
 0.448366 0.844816 0.277269 
 -0.103963 0.375908 -0.212247 
 0.205995 0.870779 0.249201 
 0.066536 0.428326 -0.130993 
 0.455303 0.529109 0.093478 
 -0.335492 0.372779 -0.073231 
 0.018627 0.442099 -0.164959 
 -0.219453 0.561714 -0.026770 
 -0.519455 -0.057327 0.007171 
 0.093312 -0.668155 0.044944 
 -0.064646 -0.742237 0.113419 
 -0.133885 0.388931 -0.177023 
 -0.456288 0.102383 0.012897 
 0.146407 0.173363 -0.074397 
 -0.361548 0.036555 0.025904 
 -0.139882 0.330976 -0.166126 
 0.320112 0.680406 0.139583 
 -0.209254 0.119630 -0.072471 
 0.125829 0.461202 -0.076802 
 0.105676 0.784116 0.154265 
 -0.194400 -0.757137 0.181177 
 0.184397 0.096638 -0.042270 
 0.105028 -0.851213 0.037384 
 -0.028582 -0.371353 -0.038402 
 0.156641 0.850157 0.235869 
 0.259988 -0.286583 -0.085101 
 0.283303 -0.322686 -0.055734 
 -0.032653 -0.198338 -0.076307 
 -0.328104 -0.007572 0.022995 
 0.080918 0.386917 -0.127990 
 0.132509 -0.405099 -0.033244 
 0.482230 0.404962 0.103738 
 -0.433758 0.260040 0.014251 
 0.227977 -0.666384 0.008037 
 0.311822 -0.602853 -0.024254 
 0.205641 0.132751 -0.053340 
 0.238695 0.246929 -0.077826 
 -0.203565 -0.104162 0.002483 
 0.015502 -0.676578 0.066832 
 0.095248 -0.685587 0.062418 
 -0.043400 -0.116755 -0.084539 
 0.190706 0.225952 -0.091741 
 -0.035509 -0.537362 0.031714 
 0.351698 0.068558 -0.023672 
 -0.104060 -0.629714 0.138939 
 0.399472 0.766800 0.226042 
 0.013018 -0.038259 -0.066426 
 -0.385659 -0.230685 0.085289 
 -0.253119 0.494911 -0.052242 
 -0.093732 0.227656 -0.164193 
 0.184049 0.436549 -0.074619 
 -0.068122 0.247500 -0.158724 
 0.092582 0.130278 -0.096563 
 -0.120164 -0.056178 -0.102338 
 0.054446 0.718999 0.071705 
 -0.365576 -0.002027 0.034308 
 0.225760 0.307766 -0.082731 
 -0.487911 0.451021 0.018534 
 0.408687 0.366016 0.023592 
 -0.364940 0.598493 0.128440 
 0.076442 -0.823299 0.071049 
 0.195373 -0.771068 0.091704 
 -0.143734 -0.447222 0.033786 
 -0.316292 -0.264558 0.055663 
 -0.049245 0.439043 -0.191230 
 0.256382 0.188816 -0.059411 
 0.084946 0.424939 -0.135790 
 0.206821 0.872534 0.249208 
 0.359477 0.251498 -0.021738 
 -0.160712 -0.264105 -0.062435 
 -0.423203 -0.101496 0.017274 
 0.283544 -0.075759 -0.044707 
 -0.375007 0.148540 -0.015922 
 0.363587 0.292296 -0.028179 
 0.153932 -0.016041 -0.092959 
 0.017287 -0.371706 -0.019523 
 -0.028108 -0.373081 -0.038408 
 0.000024 -0.102088 -0.083828 
 0.094785 -0.362217 -0.043151 
 -0.059030 -0.201267 -0.102553 
 -0.057145 0.566501 -0.041639 
 -0.027409 -0.000385 -0.090425 
 0.188394 0.205856 -0.088476 
 0.406877 0.640745 0.165633 
 0.026349 0.506010 -0.086083 
 0.553450 0.443421 0.108771 
 -0.119558 -0.231311 -0.078049 
 0.115339 0.095334 -0.067072 
 0.182810 -0.294782 -0.061783 
 0.516660 0.359824 0.100561 
 -0.026645 0.843743 0.181808 
 0.013795 -0.037648 -0.066424 
 -0.123163 0.309671 -0.168411 
 -0.067083 -0.760216 0.116691 
 0.261803 -0.712828 0.005291 
 -0.101725 0.150701 -0.151365 
 0.205647 0.792887 0.200935 
 -0.063032 -0.239620 -0.092311 
 -0.147748 -0.484427 0.040289 
 -0.132737 -0.829411 0.144204 
 0.302651 0.703525 0.142643 
 -0.211261 0.100214 -0.069236 
 -0.395081 -0.042904 0.016487 
 -0.177448 -0.242190 -0.061990 
 0.253934 -0.344969 -0.074452 
 -0.341935 -0.142412 0.045743 
 -0.220244 -0.274998 0.045397 
 0.299675 0.170366 -0.038992 
 -0.337450 -0.052260 0.002161 
 0.500832 0.586547 0.148295 
 0.251341 0.697411 0.111277 
 0.069036 -0.901398 0.084100 
 -0.437280 0.384734 0.014831 
 -0.254921 -0.073536 0.027551 
 0.075119 -0.841622 0.074317 
 0.360811 0.452976 0.024987 
 -0.190352 0.452900 -0.109205 
 -0.401901 0.283551 -0.042687 
 -0.074146 -0.714431 0.141644 
 0.052790 0.151353 -0.103712 
 0.337931 0.307746 -0.054949 
 -0.240426 0.541226 -0.032210 
 -0.373042 0.202692 -0.039272 
 0.230562 0.168017 -0.064722 
 0.336239 0.564856 0.106466 
 -0.141435 0.104316 -0.118641 
 0.445843 0.634967 0.156474 
 0.278887 -0.184329 -0.073550 
 0.473710 0.810597 0.244037 
 0.211071 -0.112108 -0.050632 
 -0.232575 -0.374174 0.047977 
 -0.124036 0.359731 -0.204298 
 -0.060950 0.078213 -0.107373 
 -0.528344 -0.029872 -0.054164 
 -0.024177 0.708406 0.094626 
 -0.414123 0.083457 0.034375 
 0.150631 -0.214797 -0.078726 
 -0.133901 0.387428 -0.175796 
 -0.147482 -0.484501 0.040289 
 -0.113184 -0.832209 0.139390 
 -0.149767 -0.504218 0.043537 
 -0.155124 0.002924 -0.116091 
 -0.085742 0.304355 -0.177142 
 0.172377 -0.372015 -0.048767 
 -0.207054 0.384487 -0.140055 
 0.024149 -0.813714 0.099155 
 -0.103798 -0.148868 -0.062618 
 0.360681 -0.169868 -0.082596 
 0.215217 0.460618 -0.055972 
 -0.327404 0.726900 0.220351 
 -0.433245 0.423371 0.005583 
 0.179225 -0.580725 0.009406 
 -0.037555 -0.665662 0.095541 
 -0.160710 -0.263856 -0.062086 
 -0.145976 -0.305168 -0.060856 
 0.286202 0.374858 -0.048830 
 -0.000152 -0.102087 -0.083770 
 -0.198309 -0.418217 0.044902 
 0.111400 0.129180 -0.101351 
 -0.130809 -0.883863 0.181533 
 -0.308011 0.724089 0.215430 
 0.023813 0.253831 -0.110384 
 -0.470568 0.072479 0.051545 
 0.038447 0.706078 0.093351 
 -0.164722 -0.303423 -0.055636 
 0.341634 -0.100237 -0.042476 
 0.220212 -0.053955 -0.060433 
 0.317895 -0.544194 -0.034041 
 0.164316 -0.577589 0.026554 
 -0.175414 -0.382508 0.033484 
 0.238693 0.246626 -0.078801 
 -0.320572 0.120854 -0.026984 
 -0.184637 -0.317730 0.042324 
 -0.012425 0.584233 -0.042024 
 0.005695 0.581435 -0.045967 
 -0.435262 0.404054 0.009781 
 -0.414880 0.048144 0.054113 
 -0.211107 -0.820218 0.149523 
 -0.020082 -0.296780 -0.051372 
 -0.348299 0.306940 -0.090646 
 0.047249 0.289623 -0.121670 
 0.142836 -0.557731 0.015749 
 -0.064315 -0.652444 0.146258 
 0.375328 -0.234245 -0.077617 
 -0.452139 0.426148 0.011555 
 -0.217954 0.703546 0.164054 
 -0.229152 -0.478315 0.032022 
 0.428409 -0.156487 -0.074283 
 -0.172174 -0.739342 0.173078 
 -0.004856 0.706388 0.089728 
 0.428409 -0.156489 -0.073652 
 -0.456764 0.387526 0.017967 
 -0.126858 -0.467034 0.032255 
 -0.073284 0.418913 -0.196478 
 0.351688 0.067449 -0.024551 
 -0.139157 0.154976 -0.141874 
 -0.051409 -0.480236 0.013099 
 -0.383700 -0.175606 0.062257 
 -0.184414 0.418531 -0.151268 
 0.211423 0.242557 -0.099667 
 0.105711 0.536082 -0.036753 
 -0.061312 -0.239603 -0.092310 
 0.373374 -0.127702 -0.062286 
 0.471272 0.487554 0.095252 
 0.027027 0.506000 -0.085051 
 -0.046165 0.037673 -0.105708 
 0.160248 -0.689380 0.074632 
 -0.327834 -0.007014 0.022997 
 0.416950 0.763915 0.221027 
 -0.252111 0.819417 0.322246 
 0.145351 -0.465830 -0.025897 
 -0.257142 0.119100 -0.012218 
 -0.313949 0.214520 -0.056806 
 -0.213385 -0.376954 0.043190 
 -0.037700 0.184538 -0.158552 
 0.013789 -0.038263 -0.067502 
 -0.106511 -0.292268 -0.073124 
 -0.106092 -0.560234 0.084772 
 -0.452605 0.341033 0.068667 
 -0.341927 -0.141632 0.045745 
 0.024371 -0.879599 0.063065 
 -0.196546 0.720824 0.155569 
 0.276210 -0.134089 -0.035528 
 0.402417 0.107349 -0.013207 
 -0.160926 0.280451 -0.138074 
 -0.065036 0.320537 -0.185899 
 0.218374 -0.391794 -0.027647 
 0.010282 -0.948734 0.122032 
 0.273662 0.436339 -0.055080 
 0.319419 -0.453255 -0.077359 
 -0.342884 0.497082 0.001049 
 -0.071712 -0.909878 0.182401 
 0.343923 -0.488790 -0.048638 
 -0.316556 0.159320 -0.033201 
 -0.354021 -0.258307 0.065308 
 0.396553 -0.023157 -0.038466 
 -0.103983 -0.433309 0.020961 
 -0.438704 0.274875 -0.016271 
 -0.041106 0.676582 0.044192 
 -0.001985 -0.121323 -0.080117 
 0.015501 -0.676585 0.068661 
 -0.220890 0.466340 -0.072608 
 0.051276 0.097206 -0.080467 
 0.000477 -0.349638 -0.019219 
 -0.043932 0.772066 0.151321 
 -0.066657 -0.760221 0.116867 
 -0.125857 -0.360135 -0.028676 
 0.191870 -0.092914 -0.062163 
 0.507551 0.460678 0.088711 
 0.415651 -0.026549 -0.043315 
 0.014552 -0.018967 -0.069676 
 0.064220 -0.958893 0.093892 
 -0.151775 -0.522918 0.046789 
 0.076770 -0.842691 0.074314 
 0.348496 -0.289624 -0.061562 
 0.138338 0.132078 -0.079230 
 -0.207319 -0.694701 0.176178 
 -0.238543 0.080975 0.001205 
 0.143652 0.366487 -0.114705 
 -0.317456 0.194404 -0.053574 
 0.340153 -0.329799 -0.069932 
 0.214943 -0.092729 -0.054942 
 0.350894 -0.411308 -0.061691 
 -0.008997 -0.946476 0.126844 
 0.056811 -0.839893 0.079120 
 -0.174181 -0.028049 -0.091301 
 -0.015845 -0.829811 0.112043 
 -0.340619 0.677114 0.186348 
 -0.097059 0.768896 0.196292 
 0.175506 0.267779 -0.093461 
 -0.252905 -0.054228 0.025982 
 0.114264 -0.049129 -0.076862 
 0.078292 -0.664212 0.063385 
 0.447875 -0.089287 -0.043133 
 0.077451 0.101332 -0.058283 
 0.301327 -0.078548 -0.049167 
 -0.144678 -0.286009 -0.063614 
 0.048665 0.812662 0.165378 
 -0.196296 -0.399021 0.041998 
 0.455304 0.529274 0.093479 
 -0.196469 0.060401 -0.067527 
 0.492776 0.360199 0.092185 
 -0.330443 0.235565 -0.055278 
 -0.246110 -0.172882 0.037840 
 0.470637 0.486324 0.095247 
 -0.087217 0.304176 -0.177144 
 0.553768 0.443418 0.108771 
 -0.311810 0.484534 -0.035113 
 -0.369025 0.291628 -0.082292 
 -0.154187 -0.578630 0.071009 
 0.324225 0.028034 -0.024884 
 0.092790 0.130276 -0.096562 
 -0.234225 0.492129 -0.056585 
 0.035194 -0.856464 0.086690 
 -0.159844 0.140637 -0.133897 
 -0.032738 -0.515991 0.028468 
 0.241490 -0.178757 -0.063935 
 0.096523 0.168909 -0.103672 
 0.061483 -0.604777 0.044768 
 0.088833 -0.421383 -0.033407 
 -0.232047 0.084532 -0.061636 
 0.162218 -0.489059 -0.029246 
 0.262564 -0.693448 0.001678 
 0.291176 0.092254 -0.025832 
 0.064336 0.232415 -0.103246 
 -0.353265 -0.062653 0.037531 
 0.039548 -0.657805 0.073016 
 -0.293378 -0.226870 0.044383 
 0.035946 0.174321 -0.102171 
 0.078172 -0.341460 -0.041617 
 -0.152735 -0.759544 0.185972 
 0.301338 -0.077441 -0.049531 
 -0.483141 0.027606 0.030105 
 -0.292079 0.299756 -0.105732 
 0.092649 0.655170 0.010069 
 -0.397714 0.550598 0.099137 
 0.333865 0.637839 0.141358 
 -0.145446 0.064864 -0.112191 
 -0.007145 0.841194 0.177308 
 0.196270 -0.714195 0.068255 
 0.133781 -0.209188 -0.058406 
 0.206027 0.873981 0.249212 
 -0.135771 0.861751 0.344524 
 -0.222897 0.447764 -0.069356 
 -0.489272 0.145767 0.015961 
 -0.282163 0.653110 0.188521 
 0.046526 0.852012 0.220607 
 -0.238046 -0.272228 0.050191 
 -0.272727 0.246483 -0.072817 
 -0.390898 -0.339770 0.041806 
 -0.227738 0.122940 -0.067702 
 -0.228037 0.122940 -0.066724 
 0.021062 0.728696 0.094927 
 0.000991 0.732955 0.099839 
 0.502791 0.644526 0.199330 
 -0.190129 -0.093113 -0.032788 
 -0.450748 0.445468 0.008205 
 0.183239 -0.545110 0.002868 
 0.247470 -0.598399 -0.036939 
 -0.014622 -0.826792 0.112054 
 0.062466 0.017166 -0.072244 
 -0.085304 0.373316 -0.216410 
 -0.419646 0.473252 0.040977 
 -0.269234 0.002407 0.005379 
 -0.001595 -0.370574 -0.015976 
 0.169426 0.209152 -0.083660 
 0.028391 0.061358 -0.069164 
 0.373292 -0.234225 -0.077618 
 0.032426 -0.698737 0.066109 
 -0.066767 0.460960 -0.189469 
 -0.333145 -0.242359 0.057201 
 -0.105286 -0.097243 -0.100638 
 -0.021347 0.093830 -0.120138 
 0.135254 -0.634489 0.028805 
 -0.120448 0.152048 -0.146622 
 -0.216096 0.489360 -0.062339 
 -0.105798 -0.167484 -0.060533 
 -0.338549 -0.104004 0.039242 
 -0.424441 0.323445 0.018140 
 0.277045 -0.485281 -0.061260 
 -0.028427 -0.967985 0.225497 
 -0.006742 -0.889623 0.102974 
 -0.279826 0.630331 0.115438 
 0.116690 0.362046 -0.135501 
 0.308539 0.786545 0.202697 
 -0.139374 -0.124541 -0.057475 
 -0.058904 0.604346 0.013739 
 -0.159153 0.140279 -0.133898 
 0.135246 -0.635209 0.029556 
 -0.073598 -0.055609 -0.084718 
 -0.330765 0.233310 -0.055287 
 -0.222904 0.447068 -0.069358 
 0.456158 0.059491 -0.021202 
 0.096079 -0.826090 0.064890 
 -0.109716 0.578768 -0.012306 
 0.347606 0.028628 -0.017086 
 0.264561 -0.601161 -0.041735 
 0.484687 0.743875 0.235971 
 0.384415 -0.314606 -0.067192 
 0.117860 -0.913053 0.042350 
 -0.363340 0.349092 -0.092343 
 0.105712 0.536121 -0.036761 
 -0.103814 -0.253212 -0.079576 
 0.072363 -0.682706 0.053022 
 -0.342660 -0.090715 0.008642 
 0.182486 -0.673051 0.066527 
 -0.202024 0.463498 -0.077232 
 -0.316908 -0.299775 0.075876 
 0.257825 0.208295 -0.062105 
 0.052687 0.116665 -0.083720 
 0.429426 0.509523 0.088969 
 -0.162590 -0.443150 0.039156 
 -0.401126 -0.102647 0.026201 
 -0.155797 -0.315159 -0.011470 
 0.146428 -0.465835 -0.027701 
 0.419843 0.688677 0.186295 
 0.041264 -0.798080 0.077401 
 -0.495931 0.088075 0.025174 
 -0.375876 -0.294115 0.076527 
 -0.390463 -0.269015 0.091799 
 0.229602 -0.540027 -0.056558 
 0.390483 0.515253 0.099024 
 0.307161 0.050374 -0.023343 
 0.031625 -0.165692 -0.083597 
 -0.028457 -0.729109 0.087293 
 -0.011849 -0.501531 0.023152 
 -0.044968 -0.619997 0.122374 
 -0.395073 -0.042108 0.016490 
 -0.413916 -0.042185 0.021254 
 -0.151794 -0.524819 0.046782 
 0.267726 0.749258 0.143159 
 0.059461 -0.624057 0.048962 
 -0.174925 0.146379 -0.115212 
 0.162031 0.755579 0.142413 
 0.220397 -0.372422 -0.032080 
 0.513460 0.523092 0.153456 
 0.353620 0.540891 0.104595 
 -0.045444 -0.139728 -0.081316 
 -0.399466 0.414123 -0.016524 
 -0.199204 0.266802 -0.125447 
 0.249692 0.130403 -0.051163 
 -0.085017 0.128289 -0.152891 
 0.387620 0.149434 -0.014948 
 -0.275831 -0.090069 0.035663 
 -0.356009 0.564490 0.086153 
 0.161844 0.435654 -0.083041 
 0.205459 0.621162 0.059010 
 -0.147859 0.255599 -0.153231 
 0.310665 -0.425097 -0.048814 
 -0.040942 0.356019 -0.196304 
 -0.261697 -0.291480 0.045171 
 0.304270 -0.306110 -0.062671 
 0.111496 -0.495498 0.015570 
 -0.152992 -0.470145 0.009686 
 -0.087741 0.285033 -0.173075 
 -0.179663 0.283203 -0.131602 
 -0.304951 0.027579 0.011706 
 -0.275343 0.277845 -0.107161 
 0.195984 -0.532110 -0.031414 
 -0.179446 -0.421464 0.040113 
 0.318320 -0.100797 -0.050360 
 0.002705 0.323007 -0.158629 
 0.222295 -0.281026 -0.074625 
 0.007303 0.361415 -0.165447 
 0.368777 0.045224 -0.025235 
 -0.425396 0.230174 -0.028206 
 -0.389066 0.013762 0.006037 
 -0.017332 -0.920125 0.155847 
 -0.376915 -0.294105 0.076563 
 0.023393 -0.898926 0.067030 
 -0.085714 0.354230 -0.213766 
 0.284325 -0.057079 -0.047987 
 -0.095528 0.768880 0.196616 
 0.323451 -0.414671 -0.083868 
 0.246812 -0.156501 -0.053399 
 0.246615 -0.598390 -0.037213 
 -0.130472 -0.883867 0.181513 
 0.154137 -0.749649 0.084455 
 -0.269958 0.180521 -0.019074 
 0.265209 0.863464 0.234185 
 0.433023 -0.085644 -0.024889 
 -0.195950 0.430249 -0.119131 
 -0.017773 0.376066 -0.190156 
 -0.312802 0.284800 -0.096919 
 0.085258 0.611992 0.003280 
 0.113639 -0.366297 -0.047958 
 0.057038 -0.357962 -0.035229 
 0.267458 -0.069964 -0.025320 
 -0.183902 0.244905 -0.126974 
 0.157147 -0.526536 -0.022734 
 -0.346697 -0.003688 0.027786 
 0.005177 -0.810706 0.103970 
 0.114278 -0.651786 0.036786 
 -0.422681 0.268601 -0.035032 
 0.049511 -0.063102 -0.073995 
 0.234623 0.206825 -0.071277 
 -0.258947 -0.111461 0.033748 
 0.086717 -0.440668 -0.030617 
 0.220392 -0.372890 -0.031305 
 -0.187286 0.615126 0.078037 
 0.212741 -0.518575 -0.053921 
 0.172062 0.783621 0.166740 
 0.355120 0.106563 -0.030267 
 0.316892 -0.366995 -0.058603 
 0.309056 -0.445039 -0.045552 
 -0.218010 0.218976 -0.083404 
 0.296564 -0.383581 -0.050533 
 0.153010 -0.657371 0.027259 
 0.475376 0.382236 0.093769 
 0.447325 0.560599 0.121698 
 -0.356992 0.447063 -0.032599 
 -0.035088 0.203684 -0.161779 
 0.387081 0.292929 -0.018940 
 -0.144609 -0.682402 0.172147 
 -0.097069 0.767880 0.196611 
 -0.118566 -0.106726 -0.065473 
 -0.129874 0.484586 -0.130004 
 -0.230295 -0.477858 0.032023 
 -0.391816 0.572555 0.109430 
 0.116171 -0.009457 -0.083368 
 -0.098670 -0.947809 0.181708 
 -0.374022 0.253333 -0.076208 
 0.155704 0.709617 0.060580 
 0.460059 0.424558 0.092000 
 -0.409909 0.208088 -0.029738 
 0.121467 0.224073 -0.118938 
 0.306834 0.372028 -0.053683 
 0.152123 -0.767477 0.086859 
 0.048226 -0.260024 -0.045046 
 0.094055 -0.845463 0.069641 
 -0.318046 0.140082 -0.030245 
 -0.110566 -0.726197 0.168884 
 0.255032 0.834321 0.210895 
 -0.297755 -0.090279 0.026419 
 -0.196304 -0.399817 0.041649 
 0.056069 0.365680 -0.134672 
 -0.047402 -0.726311 0.089482 
 -0.084529 -0.362284 -0.024077 
 -0.051397 -0.479044 0.013103 
 0.189867 -0.110281 -0.059297 
 0.368927 -0.469761 -0.043219 
 -0.484255 0.353016 0.105262 
 -0.262654 0.433253 -0.056083 
 -0.367505 0.310787 -0.085888 
 0.447440 -0.158641 -0.078320 
 0.317903 -0.543385 -0.034039 
 0.125964 0.282026 -0.127390 
 0.207483 0.132730 -0.052502 
 -0.044382 -0.546887 0.082320 
 0.278513 -0.184322 -0.074336 
 -0.006963 -0.926105 0.123580 
 0.082937 0.406442 -0.132533 
 -0.089122 -0.472436 0.022682 
 -0.327104 -0.183935 0.047454 
 -0.063517 0.339665 -0.188336 
 -0.015885 0.044979 -0.069848 
 -0.481874 0.222726 0.002999 
 0.406220 -0.173126 -0.065391 
 -0.158735 -0.404571 0.032078 
 0.371302 0.612096 0.134805 
 0.273575 -0.523916 -0.054614 
 0.202196 -0.546735 -0.001380 
 -0.319073 0.245074 -0.090470 
 0.222445 0.090806 -0.051614 
 0.278240 -0.114646 -0.037224 
 -0.214371 -0.236236 0.038891 
 -0.389244 -0.269317 0.091798 
 0.275208 -0.400699 -0.042464 
 0.165204 0.151151 -0.073855 
 0.273031 0.095055 -0.020555 
 0.077136 -0.822844 0.071051 
 0.240191 -0.109037 -0.028500 
 0.181228 -0.563311 0.005892 
 0.091326 0.306890 -0.121056 
 -0.224705 -0.120673 0.011314 
 0.187826 -0.131647 -0.056258 
 0.003140 -0.831418 0.107233 
 -0.066078 0.654184 0.038804 
 0.250354 -0.010771 -0.044879 
 -0.217719 0.008511 -0.039444 
 -0.308535 0.725806 0.215436 
 -0.130398 -0.632901 0.116341 
 0.115753 -0.632413 0.033610 
 -0.375009 0.148392 -0.015421 
 0.290111 -0.442097 -0.040744 
 -0.033665 0.488760 -0.157118 
 -0.074708 -0.160207 -0.100466 
 0.181362 0.325721 -0.103265 
 0.113317 0.075968 -0.064111 
 0.003374 -0.523600 0.018872 
 -0.372061 0.514061 0.051980 
 0.194477 0.264747 -0.098872 
 -0.493923 0.107307 0.022323 
 -0.168491 0.238670 -0.145264 
 -0.026488 -0.424008 -0.001938 
 -0.073398 -0.892268 0.167396 
 0.158941 0.488258 -0.044723 
 -0.207137 0.384352 -0.140055 
 -0.312272 -0.226767 0.049161 
 0.165366 0.169352 -0.077128 
 0.082080 -0.889138 0.048680 
 -0.192160 -0.823010 0.145713 
 0.073169 -0.201569 -0.059570 
 0.065528 -0.565954 0.039110 
 0.248403 0.130410 -0.049569 
 -0.008342 -0.179020 -0.070808 
 0.040937 -0.921025 0.064780 
 0.122798 -0.093499 -0.088651 
 -0.112286 -0.708833 0.152042 
 0.197257 -0.336180 -0.061932 
 0.398121 -0.002733 -0.041752 
 0.392517 -0.237016 -0.083472 
 -0.088402 -0.599485 0.101627 
 0.505489 0.442674 0.092076 
 -0.255028 0.189470 -0.054288 
 -0.056397 -0.913934 0.165503 
 0.230629 0.132186 -0.044737 
 -0.079612 -0.217677 -0.090784 
 0.078300 -0.663401 0.064125 
 -0.008975 -0.944262 0.126852 
 0.310334 -0.248414 -0.073376 
 0.102469 0.589561 0.001089 
 0.162086 0.755573 0.143997 
 0.031629 -0.165328 -0.083343 
 -0.356101 -0.030239 0.003695 
 0.094055 -0.845462 0.069428 
 0.220396 -0.372427 -0.030631 
 -0.312422 -0.173194 0.012057 
 -0.323813 0.030994 0.018277 
 0.227793 0.327482 -0.086106 
 0.093587 -0.845458 0.069505 
 -0.483292 0.027605 0.030631 
 -0.137086 0.861407 0.344522 
 0.065084 -0.281675 -0.046583 
 -0.115980 -0.017882 -0.106526 
 0.130357 0.688166 0.055431 
 0.273630 -0.683387 -0.047070 
 0.377025 0.230642 -0.023296 
 0.305799 0.372388 -0.053682 
 -0.244850 0.663043 0.161845 
 -0.273209 0.296994 -0.109658 
 0.416783 0.389308 0.033604 
 0.390489 -0.256698 -0.079165 
 0.520071 0.696531 0.233639 
 0.178073 0.306340 -0.099998 
 -0.268909 0.335297 -0.116112 
 -0.127982 -0.577165 0.092840 
 0.220438 0.073704 -0.048329 
 -0.415512 -0.288543 0.086101 
 0.139967 -0.151240 -0.070180 
 0.195384 -0.427738 -0.017085 
 -0.244851 0.662911 0.161609 
 -0.213119 -0.838555 0.152952 
 0.248631 -0.579078 -0.039873 
 -0.076381 0.742937 0.118533 
 -0.296588 0.105369 -0.001291 
 -0.294085 0.280026 -0.101679 
 0.098011 -0.184304 -0.054601 
 0.255040 0.366714 -0.084110 
 -0.233545 -0.057006 0.019190 
 0.158705 -0.156027 -0.074981 
 0.378522 -0.176034 -0.087422 
 -0.087250 0.074404 -0.129684 
 0.220591 0.748246 0.127576 
 0.309627 -0.036619 -0.041841 
 -0.173432 0.146365 -0.115592 
 0.125605 0.590601 0.010505 
 0.111295 0.056604 -0.061842 
 -0.226497 0.107013 -0.052000 
 -0.250063 -0.015580 0.017475 
 0.122442 -0.465139 -0.036481 
 -0.214386 -0.237819 0.038885 
 -0.172034 -0.556524 0.071780 
 -0.154800 0.777484 0.211437 
 -0.040334 0.375166 -0.201565 
 0.129753 0.053818 -0.066180 
 -0.051736 -0.801805 0.119689 
 -0.240379 -0.363608 0.093456 
 -0.295927 0.124670 -0.004541 
 0.140360 0.221285 -0.121643 
 0.130211 0.687880 0.055430 
 -0.298819 -0.285930 0.054127 
 -0.188924 0.012304 -0.091783 
 0.414588 0.442566 0.071429 
 0.439013 0.080896 -0.019643 
 0.538019 0.486270 0.106083 
 -0.151347 -0.327416 0.019078 
 -0.289708 0.233485 -0.050964 
 -0.209349 -0.714075 0.179455 
 0.006531 0.814279 0.162298 
 -0.228269 -0.456746 0.028789 
 0.356598 -0.212033 -0.078593 
 -0.389100 0.013760 0.006761 
 -0.367506 -0.145936 0.023138 
 -0.218409 -0.275347 0.045396 
 0.207626 0.621140 0.059181 
 0.023615 -0.596744 0.054391 
 0.224995 0.810086 0.192573 
 -0.141061 0.296855 -0.146164 
 -0.290906 0.500471 -0.042394 
 -0.071962 -0.694987 0.139111 
 0.348851 0.685614 0.161285 
 -0.311418 -0.048941 0.024707 
 -0.339627 -0.123299 0.042492 
 -0.418145 -0.131470 0.064891 
 -0.227685 -0.531269 0.069188 
 0.382310 0.714922 0.192894 
 -0.008791 -0.462884 0.013903 
 0.269492 -0.050484 -0.029809 
 0.201148 -0.297558 -0.066577 
 -0.448986 0.505796 0.075744 
 0.266471 -0.069950 -0.026423 
 -0.331125 -0.222509 0.053830 
 0.077123 -0.824207 0.071046 
 0.201846 0.074384 -0.043508 
 -0.023963 0.652489 0.042268 
 0.274908 0.698496 0.120840 
 0.150631 -0.195495 -0.080434 
 0.109583 -0.440943 -0.023010 
 -0.458132 -0.180926 0.097956 
 0.327188 0.209970 -0.037033 
 -0.093548 -0.748474 0.166698 
 -0.153448 -0.012073 -0.099284 
 -0.133683 -0.762343 0.180186 
 -0.060329 0.677782 0.047807 
 -0.157610 0.403370 -0.201258 
 -0.048915 -0.387821 -0.030868 
 0.244996 -0.728001 0.026597 
 0.224961 -0.438315 -0.054100 
 -0.215135 0.307875 -0.126789 
 -0.242086 0.541247 -0.033340 
 0.313834 -0.584587 -0.027521 
 0.088738 -0.420584 -0.033404 
 -0.485828 0.419762 0.051581 
 0.481821 0.404960 0.105422 
 -0.001442 0.251164 -0.132548 
 0.355780 -0.550560 -0.043659 
 0.231597 -0.522517 -0.058712 
 0.391758 -0.131435 -0.067118 
 0.316290 -0.120243 -0.047582 
 -0.503455 0.406839 0.073756 
 -0.141979 -0.267091 -0.066842 
 0.109754 -0.440951 -0.021368 
 0.407492 0.059016 -0.038239 
 0.075424 0.081547 -0.055189 
 -0.259160 0.099290 -0.010867 
 -0.104454 0.306916 -0.173005 
 -0.289363 -0.189490 0.038559 
 -0.066033 -0.637577 0.129277 
 0.141220 -0.686891 0.080554 
 0.132623 -0.369075 -0.052730 
 0.181583 0.326075 -0.103264 
 -0.347635 -0.200449 0.055491 
 0.256225 0.531540 -0.017253 
 -0.071613 0.573167 -0.023442 
 -0.073866 0.418919 -0.196478 
 0.192235 0.516342 -0.012708 
 0.409385 -0.153688 -0.069116 
 -0.039464 0.674935 0.044187 
 0.212753 -0.517423 -0.053917 
 0.023330 -0.313838 -0.031172 
 -0.060573 -0.701152 0.106892 
 -0.198238 0.040584 -0.064292 
 0.188964 -0.236842 -0.071545 
 0.272107 -0.683371 -0.047236 
 -0.389050 0.015450 0.006767 
 -0.288463 0.338063 -0.111359 
 -0.031279 -0.858352 0.150845 
 0.129850 0.746355 0.107209 
 -0.331554 0.285922 -0.092170 
 0.145096 -0.892545 0.061609 
 -0.075224 0.190053 -0.149044 
 -0.160926 0.280449 -0.137503 
 0.117558 0.567147 0.000152 
 0.139190 -0.706335 0.082649 
 -0.024165 0.515244 -0.133481 
 0.238597 0.227155 -0.074549 
 -0.188856 -0.606654 0.113792 
 0.310148 -0.017127 -0.045935 
 0.240769 -0.178750 -0.063935 
 -0.432696 -0.035850 0.026040 
 -0.080011 -0.269616 -0.053890 
 -0.094484 0.831241 0.262172 
 0.327615 -0.058905 -0.044206 
 0.491108 0.767577 0.245840 
 -0.089149 -0.475170 0.022672 
 -0.314818 0.263943 -0.093697 
 -0.168787 -0.501007 0.048325 
 0.164643 0.349030 -0.101715 
 -0.338664 -0.054003 0.002155 
 0.045306 -0.759626 0.070318 
 0.113101 0.710463 0.057625 
 -0.252116 0.818869 0.322244 
 -0.180782 0.879068 0.324150 
 0.160606 -0.275407 -0.073766 
 -0.500704 -0.058490 0.001814 
 -0.244835 0.664495 0.161850 
 0.109377 -0.440947 -0.021368 
 0.058310 -0.162116 -0.061290 
 0.166916 0.662066 0.048954 
 0.237078 0.667365 0.074330 
 -0.061895 0.521211 -0.123941 
 -0.175507 -0.382508 0.033615 
 0.382297 0.639784 0.158089 
 -0.257904 0.400148 -0.098706 
 0.350541 0.353288 -0.033388 
 0.400539 0.616860 0.154608 
 0.179717 -0.582685 0.009399 
 -0.067031 -0.277891 -0.086305 
 0.155039 -0.349916 -0.047228 
 -0.367498 -0.145169 0.023140 
 0.128994 -0.037032 -0.098405 
 -0.350289 0.288869 -0.086666 
 -0.246109 -0.172801 0.038715 
 0.398447 0.596997 0.159869 
 0.027024 0.505637 -0.086083 
 -0.110405 0.882813 0.348426 
 -0.053768 -0.822011 0.121678 
 -0.057466 -0.840573 0.124948 
 -0.090663 0.575969 -0.018438 
 -0.382357 0.106749 -0.023091 
 0.071130 -0.223334 -0.056329 
 0.154508 0.286225 -0.105406 
 -0.335802 -0.296963 0.081337 
 0.242222 -0.089594 -0.032321 
 0.401046 0.087733 -0.009903 
 -0.284885 0.357199 -0.114585 
 -0.278010 -0.305313 0.066289 
 0.263826 -0.693455 0.000367 
 -0.341922 -0.266587 0.033562 
 -0.122429 0.134536 -0.143394 
 0.011267 -0.751096 0.094172 
 -0.452760 0.426154 0.011460 
 -0.054188 -0.039159 -0.091103 
 0.175935 -0.835309 0.061621 
 -0.294482 0.369120 -0.069139 
 -0.137872 0.351449 -0.169344 
 -0.167241 -0.680992 0.164879 
 0.320114 0.680668 0.140046 
 -0.442819 0.361812 0.002799 
 -0.043420 -0.118744 -0.085025 
 0.111282 0.410781 -0.110495 
 -0.260987 -0.133085 0.036995 
 -0.026239 -0.424012 -0.001434 
 0.153944 -0.016446 -0.092961 
 -0.386317 -0.142840 0.027913 
 0.128449 -0.443729 -0.026162 
 0.028457 0.362294 -0.156771 
 0.331536 -0.161942 -0.046082 
 -0.173193 0.622522 0.042867 
 0.151932 -0.035357 -0.089253 
 -0.184941 -0.478950 0.049864 
 -0.184235 -0.658742 0.165946 
 0.396547 -0.023747 -0.038468 
 0.004195 0.307356 -0.142275 
 0.352541 -0.251431 -0.069538 
 0.033770 -0.698749 0.065893 
 -0.377383 0.058607 0.027608 
 0.071051 -0.882738 0.080835 
 -0.424694 0.526943 0.080069 
 -0.081953 0.603260 0.005130 
 -0.346300 0.326122 -0.093873 
 -0.314616 0.194376 -0.053573 
 -0.123962 0.115648 -0.140171 
 -0.310832 0.300940 -0.100156 
 0.219613 -0.300333 -0.071371 
 0.426504 0.637853 0.161378 
 0.230634 0.132689 -0.044736 
 -0.196398 0.305126 -0.133993 
 0.027143 0.273107 -0.114174 
 0.344573 0.607300 0.113160 
 -0.190134 -0.093631 -0.033206 
 -0.325547 0.344057 -0.101849 
 0.481456 0.514887 0.117283 
 0.245285 0.866735 0.239193 
 -0.375060 0.360652 -0.060388 
 -0.233410 -0.021458 -0.000941 
 -0.065378 -0.563482 0.088199 
 -0.210995 0.833505 0.308903 
 -0.129882 -0.632690 0.116342 
 0.358326 0.564584 0.114859 
 0.063733 -0.512157 0.001238 
 -0.158556 -0.404033 0.032079 
 0.006015 -0.686739 0.117219 
 -0.141696 0.550797 -0.046023 
 -0.048640 -0.000756 -0.099194 
 0.031901 0.134146 -0.095677 
 0.148161 0.461629 -0.068231 
 0.063050 -0.104445 -0.071039 
 -0.064215 -0.135187 -0.076474 
 0.400704 0.411913 0.035181 
 -0.133154 -0.015132 -0.104037 
 -0.194675 -0.880011 0.168447 
 0.000964 0.022374 -0.071955 
 0.163510 -0.291258 -0.056986 
 -0.393124 0.186245 -0.031918 
 0.266930 0.749262 0.144364 
 -0.046508 0.283056 -0.168838 
 -0.215154 -0.395300 0.046443 
 0.234646 0.209204 -0.071269 
 0.110497 0.632702 0.007910 
 -0.453865 0.070336 0.046759 
 -0.187662 0.206596 -0.120370 
 -0.201528 -0.297106 0.042627 
 -0.414912 0.048061 0.054112 
 0.182598 -0.471379 -0.037290 
 -0.030330 -0.462585 0.005066 
 0.036598 0.419974 -0.166491 
 -0.090675 0.574816 -0.018520 
 0.319919 -0.524723 -0.038317 
 -0.403100 -0.118387 0.029454 
 0.095952 0.815322 0.182274 
 -0.083018 -0.614390 0.129798 
 0.197937 -0.034809 -0.072764 
 0.166792 -0.076762 -0.088534 
 -0.064215 -0.135191 -0.075328 
 0.094619 -0.382826 -0.039905 
 -0.185104 -0.515133 0.070066 
 -0.329346 0.219790 -0.038438 
 0.014455 0.646840 0.031307 
 0.158278 -0.349948 -0.047226 
 0.237498 0.227166 -0.074550 
 0.269542 -0.562538 -0.049755 
 0.460407 0.169765 0.007214 
 -0.171846 -0.467375 0.013815 
 -0.090474 0.440800 -0.195731 
 0.466079 0.557729 0.117116 
 -0.129150 -0.576792 0.092841 
 0.432262 0.734818 0.206110 
 -0.178172 -0.225440 0.013907 
 0.157453 -0.349936 -0.048394 
 -0.255104 0.140670 -0.017356 
 -0.137143 0.175783 -0.144536 
 0.069042 -0.900782 0.085469 
 -0.481875 0.222599 0.002999 
 -0.453500 0.156289 -0.010494 
 0.343123 0.512769 0.081527 
 -0.312198 0.283351 -0.096923 
 -0.454751 0.356091 0.051756 
 0.003038 -0.632821 0.079376 
 0.095779 0.345514 -0.127935 
 -0.273332 0.298232 -0.109654 
 -0.220464 0.165447 -0.060593 
 0.138549 -0.311212 -0.062821 
 0.385790 0.548943 0.139945 
 -0.107010 -0.560223 0.084364 
 0.111171 0.632693 0.008504 
 -0.013884 0.063026 -0.073102 
 -0.137207 0.861408 0.344522 
 -0.233511 -0.305516 0.084071 
 -0.176585 -0.241951 0.029857 
 0.367461 0.403968 -0.000156 
 0.259987 -0.286586 -0.084276 
 0.299296 -0.097994 -0.046447 
 0.124391 -0.554942 0.018968 
 0.214943 -0.092732 -0.054174 
 0.058163 -0.660594 0.068202 
 -0.007822 0.122908 -0.082844 
 0.452386 0.199521 0.035504 
 0.062468 0.017166 -0.072244 
 -0.474914 0.450264 0.089224 
 0.177235 -0.748779 0.093540 
 -0.344781 0.101117 -0.031652 
 -0.367703 0.402575 -0.053272 
 0.134291 0.093104 -0.072704 
 -0.332369 -0.222497 0.053952 
 0.230640 0.133203 -0.045094 
 -0.377993 0.548172 0.094292 
 0.311462 -0.602194 -0.024252 
 -0.516960 -0.036586 0.003950 
 0.323622 0.169295 -0.030448 
 -0.178594 0.386816 -0.193311 
 0.008715 0.379992 -0.168686 
 -0.267287 0.022672 0.002133 
 -0.021361 0.092527 -0.119775 
 -0.318299 -0.283145 0.057962 
 0.131075 0.649516 0.000321 
 -0.206365 -0.495456 0.058189 
 0.287347 -0.283955 -0.061006 
 -0.084783 0.541974 -0.060467 
 0.179228 -0.580413 0.009407 
 0.414588 0.442566 0.071399 
 -0.120980 -0.126888 -0.062240 
 0.282281 -0.077779 -0.044715 
 -0.107188 0.462673 -0.191985 
 0.255039 0.835060 0.210898 
 0.197405 -0.408374 -0.019226 
 -0.171392 -0.344501 0.027114 
 -0.143135 0.118399 -0.133530 
 0.304400 0.703513 0.141179 
 0.371188 -0.148089 -0.059013 
 0.105948 0.463510 -0.071977 
 -0.341923 -0.266590 0.034163 
 -0.118166 -0.037025 -0.105566 
 -0.312840 0.392907 -0.067599 
 0.051373 -0.701523 0.060595 
 0.247909 -0.400320 -0.064681 
 -0.042937 -0.600544 0.117873 
 0.292327 0.675945 0.117858 
 0.536679 0.466276 0.110365 
 -0.061705 -0.327444 -0.035335 
 0.046225 -0.278043 -0.041593 
 -0.174629 -0.363209 0.030365 
 0.135062 -0.012459 -0.088163 
 -0.413918 0.169894 -0.023265 
 -0.361479 -0.088066 0.013416 
 -0.208365 -0.513284 0.061155 
 -0.017875 -0.239514 -0.075043 
 -0.342680 0.033779 0.020692 
 -0.414784 0.345428 -0.047622 
 -0.422210 -0.206378 0.091621 
 -0.234456 0.205937 -0.062303 
 -0.393083 -0.024685 0.013243 
 -0.088401 -0.599480 0.100263 
 0.061714 -0.531594 0.004492 
 0.244879 -0.690669 0.005899 
 -0.026687 -0.746412 0.104413 
 0.063805 -0.478016 -0.018876 
 0.206013 0.872545 0.248149 
 0.466314 0.841910 0.271548 
 -0.151282 0.681339 0.103716 
 0.163078 0.328507 -0.098451 
 0.361718 0.792816 0.233214 
 -0.316092 0.159316 -0.033486 
 -0.370721 0.272473 -0.079434 
 0.396453 -0.092353 -0.073670 
 -0.071695 -0.694989 0.139111 
 -0.395878 0.341795 -0.052393 
 -0.183183 0.244898 -0.126974 
 0.103421 -0.571525 0.028063 
 -0.333552 0.266962 -0.089130 
 -0.168818 0.567709 0.004100 
 -0.246321 0.039888 -0.005901 
 0.293015 -0.599410 -0.019445 
 -0.414496 0.220661 -0.060245 
 0.102823 -0.286803 -0.056155 
 0.257887 -0.200907 -0.065479 
 -0.210120 0.100960 -0.069233 
 0.147174 0.032536 -0.067721 
 0.098100 -0.806726 0.062634 
 0.092420 0.635516 0.013379 
 -0.141873 0.312459 -0.162901 
 0.025864 0.076705 -0.085927 
 0.261358 -0.128383 -0.017047 
 0.023592 -0.599108 0.053888 
 -0.491915 0.126539 0.019504 
 -0.274181 0.141172 -0.012577 
 0.193223 -0.374814 -0.053885 
 -0.419479 0.112176 -0.013557 
 0.019890 -0.565027 0.021342 
 -0.322575 0.102144 -0.023762 
 0.415666 -0.025077 -0.043493 
 0.155965 0.003273 -0.096227 
 0.333413 0.376376 -0.031190 
 -0.043728 0.655320 0.047494 
 0.419666 0.688679 0.186295 
 -0.130121 -0.596170 0.096105 
 0.029407 0.362283 -0.156327 
 -0.029202 -0.552010 0.062264 
 -0.108371 -0.291512 -0.073123 
 -0.212407 -0.553318 0.067946 
 0.026359 -0.756841 0.076226 
 -0.266417 0.603981 0.100801 
 -0.177584 0.162175 -0.132374 
 0.011531 -0.892406 0.098524 
 -0.013865 -0.201104 -0.080671 
 -0.102054 -0.612799 0.135653 
 -0.421941 0.092975 -0.010402 
 0.244885 0.807194 0.187945 
 -0.258947 -0.111433 0.033749 
 0.193802 0.371757 -0.083006 
 0.364788 -0.064503 -0.053874 
 -0.127240 -0.307925 -0.065557 
 -0.139370 -0.124129 -0.056827 
 0.187826 -0.131645 -0.056771 
 -0.047775 0.088335 -0.142419 
 0.303941 0.352481 -0.050389 
 0.315466 0.092264 -0.017265 
 -0.040172 0.878800 0.285804 
 -0.204692 -0.104151 0.002482 
 -0.014723 -0.807377 0.108785 
 0.127655 0.610237 0.006912 
 0.185094 0.733751 0.078352 
 0.014189 -0.608945 0.103418 
 0.095790 0.346677 -0.127561 
 0.020141 0.846606 0.198749 
 0.105549 -0.479530 -0.014859 
 -0.301066 0.615499 0.124095 
 -0.105144 -0.577296 0.101724 
 0.127635 0.608226 0.006931 
 -0.185647 0.227233 -0.123742 
 -0.156156 -0.102452 -0.055943 
 0.409693 -0.153692 -0.068667 
 0.205324 -0.258926 -0.074364 
 -0.206916 -0.159126 0.025873 
 -0.021361 0.092524 -0.119002 
 -0.266093 0.603894 0.100800 
 -0.169311 -0.324648 0.023867 
 0.518728 0.378562 0.097199 
 -0.367503 -0.145647 0.023413 
 0.246614 -0.598396 -0.035356 
 0.034777 0.643997 0.028000 
 -0.170955 -0.823825 0.153831 
 -0.228802 0.856462 0.310503 
 -0.030423 -0.498745 0.025206 
 -0.053425 -0.499757 0.016348 
 -0.018381 0.732455 0.104735 
 0.068377 -0.065881 -0.078193 
 0.150092 -0.786930 0.091693 
 -0.033326 0.242012 -0.168233 
 0.066656 -0.457188 -0.022120 
 0.281012 -0.164962 -0.076813 
 -0.213139 -0.375875 0.043194 
 -0.090591 -0.423730 -0.014368 
 0.001787 0.731541 0.099834 
 -0.363007 0.350992 -0.092336 
 0.295630 -0.242447 -0.056919 
 0.000963 0.022368 -0.070296 
 0.147074 -0.892565 0.061610 
 0.057029 -0.358739 -0.033584 
 -0.406287 -0.015745 0.045393 
 -0.423669 0.358466 -0.001991 
 -0.474053 0.450255 0.089224 
 -0.004887 -0.606145 0.108495 
 0.025872 0.077458 -0.086475 
 0.024940 -0.470903 -0.009297 
 -0.079208 0.622831 0.001840 
 0.103430 -0.570651 0.028631 
 -0.003022 0.786196 0.139335 
 0.211415 -0.682946 0.029691 
 0.181301 -0.673039 0.066598 
 -0.377094 0.042495 0.045783 
 0.157953 0.559897 -0.009586 
 -0.151736 0.466918 -0.121994 
 0.283303 -0.322687 -0.055541 
 0.229601 -0.540030 -0.055579 
 0.267723 0.749026 0.144364 
 0.275213 -0.400160 -0.041390 
 0.024151 -0.813479 0.099156 
 -0.448606 0.327972 0.099229 
 -0.421940 -0.118110 0.035251 
 -0.467262 0.330764 0.105114 
 0.219996 0.391973 -0.077723 
 -0.005615 -0.408221 -0.009473 
 0.004461 -0.311210 -0.025719 
 -0.085742 0.304305 -0.177142 
 -0.395096 -0.044394 0.016482 
 -0.124426 0.115648 -0.138699 
 0.406877 0.640813 0.166435 
 0.262418 0.784242 0.185618 
 -0.111978 0.020490 -0.115246 
 -0.044508 0.302214 -0.173263 
 -0.296080 0.261345 -0.098451 
 0.363567 0.290284 -0.028348 
 0.388405 0.495348 0.102725 
 0.444995 0.124563 -0.012881 
 -0.040675 -0.275164 -0.063364 
 0.082941 0.406839 -0.132532 
 0.289369 -0.264588 -0.064111 
 0.309183 0.068170 -0.027394 
 -0.021360 0.092530 -0.120489 
 -0.011771 0.433751 -0.200502 
 -0.202024 0.463500 -0.077963 
 0.155615 -0.173323 -0.071721 
 -0.388540 0.384733 -0.045167 
 0.122966 -0.093504 -0.087597 
 0.023183 -0.776195 0.078945 
 -0.253474 -0.250148 0.051732 
 0.328759 -0.286820 -0.058187 
 -0.108652 -0.793426 0.133175 
 -0.067731 -0.385056 -0.024909 
 -0.158157 -0.121356 -0.054473 
 -0.173328 -0.738955 0.173079 
 0.084048 0.685594 0.038433 
 -0.369724 0.381970 -0.051584 
 -0.023920 -0.904944 0.125122 
 0.132509 -0.405097 -0.033813 
 0.027043 0.042037 -0.065910 
 0.203306 -0.278250 -0.068437 
 0.159304 0.112378 -0.066694 
 -0.155867 0.177193 -0.140349 
 0.503402 0.422238 0.095433 
 -0.329345 0.219793 -0.039362 
 -0.110506 0.840873 0.280627 
 0.235382 0.030001 -0.046609 
 0.140361 0.221291 -0.123355 
 -0.031283 -0.858754 0.150844 
 0.433257 -0.103096 -0.021586 
 -0.149764 -0.503790 0.044770 
 -0.186448 0.155828 -0.084057 
 -0.040833 0.060091 -0.095373 
 -0.032510 -0.479927 0.008322 
 -0.005067 -0.926563 0.123579 
 -0.360730 0.036546 0.026070 
 -0.026454 -0.711726 0.083570 
 -0.174594 -0.310735 -0.007919 
 -0.368048 -0.021303 0.035818 
 0.035411 -0.856467 0.087191 
 0.084637 -0.496118 -0.004683 
 -0.120319 -0.786630 0.166129 
 -0.114148 -0.193019 -0.084502 
 -0.118436 0.172738 -0.149840 
 -0.064966 0.039222 -0.100904 
 -0.087500 -0.653285 0.137384 
 0.182918 0.811768 0.189167 
 0.375258 0.523302 0.116634 
 0.305128 0.031485 -0.020805 
 0.282301 -0.075748 -0.044308 
 0.084014 0.685594 0.038433 
 -0.042302 -0.223778 -0.100294 
 