0.383751 0.380925 0.075444 
 0.376179 0.360003 0.100007 
 0.384000 0.342282 0.102559 
 -0.017498 0.980355 0.129463 
 -0.009554 0.962355 0.132055 
 0.014498 0.946043 0.112880 
 0.022422 0.928089 0.115465 
 0.054447 0.912807 0.085378 
 0.062339 0.894923 0.087953 
 0.070232 0.877039 0.090528 
 0.360693 0.409811 0.050181 
 0.368482 0.392159 0.052722 
 0.376272 0.374507 0.055264 
 0.384062 0.356855 0.057806 
 0.407244 0.342518 0.038345 
 0.399642 0.321552 0.062889 
 0.422782 0.307307 0.043415 
 0.430552 0.289701 0.045950 
 -0.057126 0.988610 0.139240 
 -0.032972 0.972179 0.120108 
 -0.025029 0.954179 0.122700 
 0.007139 0.938743 0.092677 
 0.031180 0.922568 0.073509 
 0.039072 0.904684 0.076084 
 0.063052 0.888649 0.056895 
 0.070924 0.870811 0.059464 
 0.062749 0.851032 0.083809 
 0.070642 0.833148 0.086384 
 0.078534 0.815264 0.088959 
 0.345517 0.401793 0.041007 
 0.353307 0.384141 0.043549 
 0.353361 0.364868 0.057072 
 0.368887 0.348838 0.048632 
 0.392109 0.334521 0.029196 
 0.384467 0.313534 0.053715 
 0.407647 0.299310 0.034266 
 0.415416 0.281705 0.036800 
 0.470155 0.119364 0.081673 
 0.477944 0.101712 0.084214 
 -0.072641 0.980413 0.129861 
 -0.048447 0.964003 0.110754 
 -0.016189 0.948529 0.080776 
 -0.008276 0.930598 0.083358 
 0.015805 0.914445 0.064214 
 0.023697 0.896561 0.066789 
 0.031590 0.878677 0.069364 
 0.039482 0.860793 0.071939 
 0.031288 0.840946 0.096267 
 0.039201 0.823016 0.098848 
 0.047114 0.805085 0.101430 
 0.322552 0.411427 0.029292 
 0.330342 0.393775 0.031833 
 0.338132 0.376123 0.034375 
 0.345922 0.358472 0.036916 
 0.353712 0.340820 0.039458 
 0.376973 0.326524 0.020046 
 0.369291 0.305516 0.044541 
 0.392512 0.291314 0.025116 
 0.415691 0.277204 0.005678 
 0.423440 0.259645 0.008206 
 0.431189 0.242086 0.010734 
 0.438938 0.224527 0.013262 
 0.446687 0.206968 0.015791 
 0.447190 0.128998 0.069957 
 0.454979 0.111347 0.072499 
 0.462769 0.093695 0.075041 
 -0.088155 0.972215 0.120482 
 -0.047652 0.957486 0.079717 
 -0.031604 0.940385 0.071458 
 -0.023691 0.922454 0.074039 
 0.000430 0.906322 0.054920 
 0.008323 0.888437 0.057495 
 0.000048 0.868663 0.081785 
 0.007960 0.850732 0.084366 
 0.015873 0.832802 0.086948 
 0.015733 0.813856 0.100398 
 0.023656 0.795902 0.102983 
 0.015514 0.775826 0.127316 
 0.023458 0.757825 0.129908 
 0.031401 0.739825 0.132500 
 0.039345 0.721825 0.135092 
 0.047288 0.703825 0.137683 
 0.307377 0.403409 0.020118 
 0.315167 0.385757 0.022659 
 0.322957 0.368106 0.025201 
 0.346300 0.353738 0.005827 
 0.354069 0.336133 0.008362 
 0.361838 0.318528 0.010896 
 0.369607 0.300922 0.013431 
 0.377377 0.283317 0.015966 
 0.400596 0.269228 -0.003448 
 0.408345 0.251669 -0.000920 
 0.416094 0.234110 0.001609 
 0.423842 0.216552 0.004137 
 0.431591 0.198993 0.006665 
 0.439340 0.181434 0.009193 
 0.431762 0.160080 0.033711 
 0.439531 0.142474 0.036246 
 0.432015 0.120981 0.060784 
 0.455070 0.107264 0.041315 
 0.462839 0.089658 0.043850 
 0.470609 0.072053 0.046385 
 0.501184 0.060559 0.015876 
 0.508922 0.043023 0.018401 
 -0.063086 0.949331 0.070387 
 -0.047018 0.932240 0.062139 
 -0.039105 0.914310 0.064721 
 -0.014944 0.898198 0.045625 
 -0.007052 0.880314 0.048200 
 0.000840 0.862430 0.050775 
 0.008733 0.844546 0.053350 
 0.000459 0.824657 0.077629 
 0.000298 0.805701 0.091067 
 0.008221 0.787747 0.093652 
 0.000039 0.767650 0.117962 
 0.007983 0.749649 0.120553 
 0.015927 0.731649 0.123145 
 0.023870 0.713649 0.125737 
 0.031814 0.695649 0.128329 
 0.039757 0.677649 0.130920 
 0.047701 0.659648 0.133512 
 0.292202 0.395391 0.010944 
 0.299992 0.377740 0.013486 
 0.323395 0.363347 -0.005858 
 0.331164 0.345742 -0.003323 
 0.338934 0.328136 -0.000788 
 0.346703 0.310531 0.001747 
 0.370003 0.296370 -0.017630 
 0.377752 0.278812 -0.015101 
 0.385501 0.261253 -0.012573 
 0.393250 0.243694 -0.010045 
 0.400998 0.226135 -0.007517 
 0.408747 0.208576 -0.004989 
 0.416496 0.191017 -0.002460 
 0.408858 0.169688 0.022026 
 0.416627 0.152083 0.024561 
 0.424396 0.134478 0.027096 
 0.432165 0.116872 0.029631 
 0.455240 0.103223 0.010181 
 0.462989 0.085664 0.012709 
 0.455473 0.064056 0.037236 
 0.486108 0.052594 0.006763 
 0.486235 0.032987 0.020294 
 0.493984 0.015428 0.022822 
 0.486551 -0.006365 0.047375 
 0.509482 -0.019690 0.027878 
 0.517231 -0.037248 0.030407 
 0.524980 -0.054807 0.032935 
 0.517628 -0.076787 0.057515 
 0.525397 -0.094392 0.060050 
 0.533167 -0.111997 0.062585 
 0.540936 -0.129603 0.065120 
 0.548705 -0.147208 0.067655 
 -0.062433 0.924096 0.052820 
 -0.038212 0.907959 0.033756 
 -0.030319 0.890075 0.036331 
 -0.022427 0.872191 0.038906 
 -0.014535 0.854307 0.041481 
 -0.006642 0.836423 0.044056 
 -0.014956 0.816513 0.068311 
 -0.007043 0.798582 0.070893 
 -0.007213 0.779592 0.084322 
 -0.015435 0.759474 0.108607 
 -0.007492 0.741473 0.111198 
 0.000452 0.723473 0.113790 
 0.008396 0.705473 0.116382 
 0.016339 0.687473 0.118974 
 0.024283 0.669473 0.121565 
 0.032226 0.651472 0.124157 
 0.040170 0.633472 0.126749 
 0.284817 0.369722 0.004312 
 0.308260 0.355350 -0.015008 
 0.316029 0.337745 -0.012473 
 0.323799 0.320140 -0.009938 
 0.347159 0.305954 -0.029283 
 0.354908 0.288395 -0.026755 
 0.362657 0.270836 -0.024227 
 0.370406 0.253277 -0.021699 
 0.378154 0.235718 -0.019171 
 0.385903 0.218159 -0.016642 
 0.393652 0.200600 -0.014114 
 0.401401 0.183042 -0.011586 
 0.416863 0.167378 -0.020025 
 0.424602 0.149843 -0.017500 
 0.432340 0.132307 -0.014975 
 0.432396 0.112806 -0.001473 
 0.447817 0.097236 -0.009925 
 0.470881 0.083723 -0.029368 
 0.455643 0.060129 0.006112 
 0.471033 0.044629 -0.002351 
 0.471140 0.025012 0.011168 
 0.478889 0.007453 0.013696 
 0.471416 -0.014362 0.038226 
 0.494387 -0.027665 0.018753 
 0.502136 -0.045224 0.021281 
 0.509884 -0.062783 0.023809 
 0.517633 -0.080342 0.026338 
 0.525382 -0.097901 0.028866 
 0.533131 -0.115459 0.031394 
 0.548419 -0.130728 0.022898 
 0.548628 -0.150577 0.036450 
 0.556377 -0.168136 0.038979 
 -0.077848 0.915952 0.043502 
 -0.069935 0.898021 0.046083 
 -0.045694 0.881952 0.027036 
 -0.037802 0.864068 0.029611 
 -0.029909 0.846184 0.032186 
 -0.022017 0.828300 0.034761 
 -0.014125 0.810416 0.037336 
 -0.022458 0.790438 0.061574 
 -0.022648 0.771438 0.074991 
 -0.030910 0.751298 0.099252 
 -0.022966 0.733297 0.101844 
 -0.015023 0.715297 0.104435 
 -0.007079 0.697297 0.107027 
 0.000864 0.679297 0.109619 
 0.008808 0.661297 0.112211 
 0.016752 0.643296 0.114802 
 -0.015408 0.619017 0.171701 
 -0.007413 0.600901 0.174310 
 0.285355 0.364959 -0.026692 
 0.293125 0.347354 -0.024157 
 0.300894 0.329748 -0.021622 
 0.324315 0.315537 -0.040937 
 0.332064 0.297978 -0.038409 
 0.339813 0.280419 -0.035881 
 0.347561 0.262860 -0.033352 
 0.355310 0.245302 -0.030824 
 0.363059 0.227743 -0.028296 
 0.370808 0.210184 -0.025768 
 0.378557 0.192625 -0.023240 
 0.386306 0.175066 -0.020711 
 0.394054 0.157507 -0.018183 
 0.401803 0.139948 -0.015655 
 0.432692 0.128247 -0.046012 
 0.448112 0.112734 -0.054459 
 0.455820 0.095268 -0.051944 
 0.463528 0.077802 -0.049429 
 0.471236 0.060336 -0.046915 
 0.471282 0.040801 -0.033421 
 0.463697 0.019128 -0.008939 
 0.471435 0.001592 -0.006414 
 0.471543 -0.018082 0.007099 
 0.479291 -0.035641 0.009627 
 0.487040 -0.053200 0.012156 
 0.494789 -0.070758 0.014684 
 0.502538 -0.088317 0.017212 
 0.510287 -0.105876 0.019740 
 0.518036 -0.123435 0.022268 
 0.525784 -0.140994 0.024797 
 0.518435 -0.163201 0.049355 
 0.541282 -0.176112 0.029853 
 0.549031 -0.193671 0.032381 
 -0.093262 0.907807 0.034183 
 -0.085350 0.889877 0.036765 
 -0.061069 0.873829 0.017742 
 -0.053176 0.855945 0.020317 
 -0.028957 0.840036 0.001273 
 -0.021085 0.822198 0.003841 
 -0.029500 0.802292 0.028042 
 -0.037873 0.782294 0.052255 
 -0.029960 0.764363 0.054837 
 -0.046384 0.743122 0.089897 
 -0.038441 0.725121 0.092489 
 -0.030497 0.707121 0.095081 
 -0.022554 0.689121 0.097672 
 -0.014610 0.671121 0.100264 
 -0.006667 0.653121 0.102856 
 -0.014825 0.632634 0.127139 
 -0.022942 0.612055 0.151437 
 -0.014957 0.593962 0.154042 
 0.270220 0.356962 -0.035842 
 0.277989 0.339357 -0.033307 
 0.285759 0.321752 -0.030772 
 0.309220 0.307562 -0.050063 
 0.316969 0.290003 -0.047534 
 0.324717 0.272444 -0.045006 
 0.332466 0.254885 -0.042478 
 0.340215 0.237326 -0.039950 
 0.347964 0.219767 -0.037422 
 0.355713 0.202208 -0.034893 
 0.363461 0.184649 -0.032365 
 0.371210 0.167090 -0.029837 
 0.378959 0.149532 -0.027309 
 0.409938 0.137792 -0.057620 
 0.425389 0.122266 -0.066051 
 0.433097 0.104800 -0.063536 
 0.440805 0.087334 -0.061021 
 0.448513 0.069868 -0.058507 
 0.456221 0.052402 -0.055992 
 0.463928 0.034936 -0.053477 
 0.463965 0.015368 -0.039992 
 0.456360 -0.006373 -0.015528 
 0.456447 -0.026057 -0.002026 
 0.464196 -0.043616 0.000502 
 0.471945 -0.061175 0.003030 
 0.479694 -0.078734 0.005558 
 0.495053 -0.094051 -0.002903 
 0.502791 -0.111587 -0.000378 
 0.510530 -0.129122 0.002147 
 0.533427 -0.142035 -0.017329 
 0.541145 -0.159524 -0.014810 
 0.511069 -0.188803 0.042741 
 0.496192 -0.213552 0.078305 
 0.503993 -0.231227 0.080850 
 -0.100764 0.881732 0.027446 
 -0.076444 0.865705 0.008447 
 -0.068551 0.847821 0.011022 
 -0.044292 0.831934 -0.007997 
 -0.036420 0.814096 -0.005429 
 -0.044874 0.794169 0.018747 
 -0.053287 0.774149 0.042937 
 -0.045375 0.756219 0.045518 
 -0.045594 0.737174 0.058915 
 -0.037671 0.719220 0.061500 
 -0.029748 0.701267 0.064085 
 -0.038028 0.680945 0.088317 
 -0.030085 0.662945 0.090909 
 -0.022141 0.644945 0.093501 
 -0.014198 0.626944 0.096093 
 -0.022375 0.606391 0.120359 
 -0.014411 0.588344 0.122957 
 0.207782 0.358445 0.006911 
 0.239292 0.345669 -0.023209 
 0.262854 0.331360 -0.042457 
 0.270624 0.313755 -0.039922 
 0.294124 0.299586 -0.059188 
 0.301873 0.282027 -0.056660 
 0.309622 0.264468 -0.054132 
 0.317371 0.246909 -0.051603 
 0.325120 0.229350 -0.049075 
 0.332869 0.211792 -0.046547 
 0.340617 0.194233 -0.044019 
 0.348366 0.176674 -0.041491 
 0.356115 0.159115 -0.038962 
 0.371637 0.143483 -0.047365 
 0.394903 0.129848 -0.066709 
 0.410374 0.114333 -0.075128 
 0.418082 0.096867 -0.072613 
 0.425790 0.079401 -0.070099 
 0.433497 0.061935 -0.067584 
 0.441205 0.044469 -0.065069 
 0.441211 0.024913 -0.051600 
 0.433546 0.003198 -0.027166 
 0.441285 -0.014338 -0.024641 
 0.441352 -0.034033 -0.011152 
 0.449101 -0.051592 -0.008624 
 0.456850 -0.069151 -0.006095 
 0.472239 -0.084480 -0.014542 
 0.479977 -0.102016 -0.012017 
 0.487716 -0.119552 -0.009492 
 0.495455 -0.137087 -0.006967 
 0.518392 -0.149979 -0.026418 
 0.510932 -0.172159 -0.001917 
 0.473197 -0.203905 0.066575 
 0.465860 -0.226364 0.091115 
 0.458564 -0.248915 0.115669 
 0.466405 -0.266683 0.118228 
 0.459171 -0.289374 0.142801 
 0.467032 -0.307188 0.145366 
 0.467377 -0.327510 0.158946 
 0.460234 -0.350410 0.183550 
 0.468126 -0.368294 0.186125 
 -0.091818 0.857582 -0.000847 
 -0.083926 0.839698 0.001728 
 -0.059626 0.823831 -0.017268 
 -0.051755 0.805994 -0.014699 
 -0.060249 0.786046 0.009453 
 -0.068702 0.766005 0.033618 
 -0.060789 0.748075 0.036200 
 -0.061029 0.729019 0.049584 
 -0.053106 0.711066 0.052169 
 -0.045183 0.693112 0.054754 
 -0.053503 0.672769 0.078963 
 -0.045559 0.654769 0.081554 
 -0.037616 0.636769 0.084146 
 -0.029672 0.618768 0.086738 
 -0.021729 0.600768 0.089330 
 -0.013785 0.582768 0.091921 
 0.192547 0.350395 -0.002299 
 0.216200 0.335992 -0.021505 
 0.247719 0.323364 -0.051606 
 0.255488 0.305758 -0.049071 
 0.279029 0.291610 -0.068314 
 0.286778 0.274052 -0.065785 
 0.302392 0.258268 -0.074153 
 0.302276 0.238934 -0.060729 
 0.310024 0.221375 -0.058201 
 0.325608 0.205661 -0.066578 
 0.333346 0.188125 -0.064053 
 0.333271 0.168698 -0.050616 
 0.341020 0.151139 -0.048088 
 0.356562 0.135518 -0.056478 
 0.379867 0.121905 -0.075798 
 0.387586 0.104415 -0.073280 
 0.403066 0.088934 -0.081691 
 0.410774 0.071468 -0.079176 
 0.418482 0.054002 -0.076661 
 0.418458 0.034459 -0.063207 
 0.426176 0.016969 -0.060689 
 0.418471 -0.004767 -0.036279 
 0.426209 -0.022303 -0.033754 
 0.426257 -0.042008 -0.020277 
 0.418644 -0.063954 0.004162 
 0.441754 -0.077126 -0.015221 
 0.457164 -0.092445 -0.023655 
 0.464902 -0.109981 -0.021130 
 0.472641 -0.127517 -0.018605 
 0.480379 -0.145052 -0.016080 
 0.480499 -0.164921 -0.002580 
 0.488247 -0.182479 -0.000052 
 0.458002 -0.211934 0.057389 
 0.450625 -0.234413 0.081905 
 0.443289 -0.256986 0.106435 
 0.451130 -0.274754 0.108993 
 0.443856 -0.297465 0.133543 
 0.466812 -0.310289 0.114110 
 0.452042 -0.335612 0.149675 
 0.444859 -0.358533 0.174256 
 0.437718 -0.381547 0.198849 
 0.460644 -0.394301 0.179406 
 0.468536 -0.412186 0.181981 
 -0.099301 0.831575 -0.007567 
 -0.074961 0.815729 -0.026538 
 -0.067089 0.797892 -0.023970 
 -0.075624 0.777923 0.000159 
 -0.084117 0.757861 0.024299 
 -0.076204 0.739930 0.026881 
 -0.076464 0.720864 0.040253 
 -0.068541 0.702911 0.042838 
 -0.060618 0.684957 0.045423 
 -0.068977 0.664593 0.069608 
 -0.044772 0.649049 0.050593 
 -0.036849 0.631096 0.053178 
 -0.045147 0.610592 0.077383 
 -0.021002 0.595188 0.058349 
 -0.029260 0.574592 0.082567 
 -0.021316 0.556592 0.085158 
 0.177312 0.342346 -0.011509 
 0.224815 0.332972 -0.063291 
 0.232584 0.315367 -0.060756 
 0.240353 0.297762 -0.058221 
 0.263934 0.283635 -0.077439 
 0.271683 0.266076 -0.074911 
 0.287317 0.250303 -0.083266 
 0.287180 0.230958 -0.069855 
 0.294929 0.213399 -0.067326 
 0.302678 0.195840 -0.064798 
 0.318271 0.180160 -0.073166 
 0.318176 0.160723 -0.059742 
 0.333748 0.145089 -0.068117 
 0.341487 0.127553 -0.065592 
 0.349225 0.110018 -0.063067 
 0.372550 0.096471 -0.082369 
 0.380268 0.078982 -0.079851 
 0.387986 0.061493 -0.077333 
 0.395704 0.044004 -0.074815 
 0.403422 0.026515 -0.072297 
 0.411141 0.009025 -0.069778 
 0.403395 -0.012732 -0.045393 
 0.411134 -0.030268 -0.042868 
 0.411162 -0.049984 -0.029403 
 0.418910 -0.067543 -0.026875 
 0.426659 -0.085102 -0.024346 
 0.442088 -0.100410 -0.032768 
 0.449827 -0.117946 -0.030244 
 0.457565 -0.135482 -0.027719 
 0.480603 -0.148377 -0.047115 
 0.488321 -0.165867 -0.044597 
 0.496039 -0.183356 -0.042078 
 0.442807 -0.219962 0.048203 
 0.435390 -0.242463 0.072695 
 0.428014 -0.265056 0.097201 
 0.435855 -0.282824 0.099759 
 0.443696 -0.300592 0.102318 
 0.451537 -0.318360 0.104876 
 0.444264 -0.341186 0.129415 
 0.429484 -0.366657 0.164961 
 0.422303 -0.389691 0.189530 
 0.430216 -0.407622 0.192112 
 0.438129 -0.425552 0.194694 
 -0.082424 0.789790 -0.033240 
 -0.090999 0.769799 -0.009136 
 -0.099532 0.749716 0.014981 
 -0.091619 0.731786 0.017562 
 -0.091899 0.712709 0.030922 
 -0.083976 0.694756 0.033507 
 -0.076052 0.676802 0.036093 
 -0.068129 0.658848 0.038678 
 -0.060206 0.640894 0.041263 
 -0.052283 0.622941 0.043848 
 -0.044360 0.604987 0.046433 
 -0.036437 0.587033 0.049018 
 -0.044734 0.566416 0.073212 
 -0.036791 0.548416 0.075803 
 -0.028847 0.530416 0.078395 
 0.201910 0.342581 -0.074975 
 0.209680 0.324976 -0.072440 
 0.217449 0.307370 -0.069905 
 0.225218 0.289765 -0.067371 
 0.232987 0.272160 -0.064836 
 0.256587 0.258100 -0.084037 
 0.264336 0.240542 -0.081508 
 0.272085 0.222983 -0.078980 
 0.264065 0.201738 -0.054696 
 0.287583 0.187865 -0.073924 
 0.295332 0.170306 -0.071395 
 0.303080 0.152747 -0.068867 
 0.310829 0.135188 -0.066339 
 0.318578 0.117629 -0.063811 
 0.334150 0.102053 -0.072180 
 0.357515 0.088528 -0.091459 
 0.349627 0.066981 -0.067131 
 0.372951 0.053549 -0.086422 
 0.380669 0.036060 -0.083904 
 0.372843 0.014374 -0.059556 
 0.380582 -0.003161 -0.057031 
 0.388320 -0.020697 -0.054506 
 0.396059 -0.038233 -0.051981 
 0.396066 -0.057960 -0.038528 
 0.403815 -0.075518 -0.036000 
 0.411564 -0.093077 -0.033472 
 0.427013 -0.108375 -0.041882 
 0.434752 -0.125911 -0.039357 
 0.442490 -0.143447 -0.036832 
 0.465568 -0.156321 -0.056204 
 0.473286 -0.173811 -0.053686 
 0.481004 -0.191300 -0.051168 
 0.412335 -0.232790 0.060933 
 0.404898 -0.255359 0.085409 
 0.412739 -0.273127 0.087967 
 0.420580 -0.290895 0.090525 
 0.428421 -0.308662 0.093083 
 0.436262 -0.326430 0.095642 
 0.428949 -0.349277 0.120157 
 0.429244 -0.369654 0.133703 
 0.406889 -0.397836 0.180211 
 0.429894 -0.410548 0.160817 
 0.437786 -0.428432 0.163392 
 -0.107034 0.723642 0.008244 
 -0.123757 0.702242 0.043123 
 -0.099410 0.686601 0.024177 
 -0.107870 0.666241 0.048306 
 -0.083564 0.650693 0.029347 
 -0.075641 0.632740 0.031932 
 -0.067718 0.614786 0.034517 
 -0.059795 0.596832 0.037102 
 -0.051872 0.578878 0.039687 
 -0.060209 0.558240 0.063857 
 -0.052265 0.540240 0.066449 
 -0.044322 0.522240 0.069040 
 -0.052577 0.501416 0.093237 
 -0.044613 0.483369 0.095835 
 0.170801 0.331250 -0.062446 
 0.194544 0.316979 -0.081590 
 0.202314 0.299374 -0.079055 
 0.210083 0.281768 -0.076520 
 0.217852 0.264163 -0.073985 
 0.241492 0.250125 -0.093162 
 0.249241 0.232566 -0.090634 
 0.256990 0.215007 -0.088105 
 0.248930 0.193742 -0.063846 
 0.256699 0.176136 -0.061311 
 0.264468 0.158531 -0.058776 
 0.287985 0.144772 -0.077993 
 0.295734 0.127213 -0.075464 
 0.303483 0.109654 -0.072936 
 0.311232 0.092095 -0.070408 
 0.326813 0.076552 -0.078769 
 0.334552 0.059016 -0.076244 
 0.342291 0.041481 -0.073719 
 0.350029 0.023945 -0.071194 
 0.357768 0.006409 -0.068669 
 0.365506 -0.011126 -0.066145 
 0.373245 -0.028662 -0.063620 
 0.373222 -0.048376 -0.050182 
 0.380971 -0.065935 -0.047654 
 0.388720 -0.083494 -0.045126 
 0.396469 -0.101053 -0.042597 
 0.411938 -0.116340 -0.050995 
 0.435096 -0.129287 -0.070330 
 0.427415 -0.151412 -0.045946 
 0.450533 -0.164265 -0.065293 
 0.458251 -0.181754 -0.062775 
 0.465969 -0.199244 -0.060257 
 0.397100 -0.240840 0.051723 
 0.404920 -0.258561 0.054275 
 0.397464 -0.281197 0.078733 
 0.405305 -0.298965 0.081291 
 0.413146 -0.316733 0.083849 
 0.420987 -0.334501 0.086408 
 0.428828 -0.352269 0.088966 
 0.436670 -0.370037 0.091524 
 0.391474 -0.405980 0.170893 
 0.399387 -0.423911 0.173475 
 0.407299 -0.441841 0.176056 
 0.415212 -0.459772 0.178638 
 -0.139232 0.694066 0.033768 
 -0.114845 0.678446 0.014846 
 -0.106922 0.660492 0.017431 
 -0.098999 0.642538 0.020016 
 -0.091076 0.624585 0.022601 
 -0.083153 0.606631 0.025186 
 -0.075230 0.588677 0.027771 
 -0.083627 0.568064 0.051910 
 -0.091984 0.547358 0.076062 
 -0.067740 0.532064 0.057094 
 -0.076056 0.511265 0.081259 
 -0.068092 0.493219 0.083858 
 -0.060127 0.475172 0.086456 
 -0.052163 0.457125 0.089055 
 0.171640 0.326588 -0.093275 
 0.179409 0.308982 -0.090740 
 0.187178 0.291377 -0.088205 
 0.194948 0.273772 -0.085670 
 0.202717 0.256166 -0.083135 
 0.210486 0.238561 -0.080600 
 0.218256 0.220956 -0.078065 
 0.226025 0.203350 -0.075530 
 0.233794 0.185745 -0.072995 
 0.241564 0.168140 -0.070460 
 0.249333 0.150534 -0.067925 
 0.257102 0.132929 -0.065391 
 0.264872 0.115324 -0.062856 
 0.288388 0.101678 -0.082062 
 0.296136 0.084119 -0.079533 
 0.311738 0.068587 -0.087882 
 0.311634 0.049002 -0.074477 
 0.327215 0.033516 -0.082833 
 0.334954 0.015980 -0.080308 
 0.334881 -0.003675 -0.066892 
 0.350431 -0.019091 -0.075258 
 0.358170 -0.036627 -0.072733 
 0.358127 -0.056352 -0.059308 
 0.365876 -0.073911 -0.056779 
 0.373625 -0.091469 -0.054251 
 0.381373 -0.109028 -0.051723 
 0.396862 -0.124305 -0.060109 
 0.404601 -0.141841 -0.057584 
 0.412340 -0.159377 -0.055059 
 0.420078 -0.176912 -0.052534 
 0.427817 -0.194448 -0.050009 
 0.427866 -0.214382 -0.036554 
 0.381865 -0.248889 0.042513 
 0.389685 -0.266611 0.045065 
 0.382189 -0.289268 0.069499 
 0.390030 -0.307035 0.072057 
 0.397871 -0.324803 0.074615 
 0.405712 -0.342571 0.077174 
 0.398319 -0.365460 0.101640 
 0.406181 -0.383275 0.104205 
 0.376059 -0.414124 0.161574 
 0.383972 -0.432055 0.164156 
 0.391885 -0.449985 0.166738 
 0.399798 -0.467916 0.169319 
 -0.154707 0.685890 0.024413 
 -0.146763 0.667889 0.027005 
 -0.122356 0.652337 0.008101 
 -0.130876 0.631889 0.032188 
 -0.106510 0.616430 0.013271 
 -0.114989 0.595889 0.037372 
 -0.107045 0.577889 0.039964 
 -0.115462 0.557208 0.064085 
 -0.107498 0.539161 0.066683 
 -0.083215 0.523888 0.047739 
 -0.091570 0.503068 0.071880 
 -0.083606 0.485022 0.074479 
 -0.075642 0.466975 0.077077 
 -0.083916 0.445969 0.101246 
 -0.075931 0.427876 0.103851 
 -0.084331 0.347525 0.168280 
 -0.076295 0.329316 0.170902 
 0.156505 0.318591 -0.102424 
 0.164274 0.300986 -0.099889 
 0.172043 0.283381 -0.097354 
 0.179813 0.265775 -0.094819 
 0.187582 0.248170 -0.092285 
 0.195351 0.230565 -0.089750 
 0.203121 0.212959 -0.087215 
 0.210890 0.195354 -0.084680 
 0.218659 0.177748 -0.082145 
 0.226429 0.160143 -0.079610 
 0.234198 0.142538 -0.077075 
 0.241967 0.124932 -0.074540 
 0.265544 0.111262 -0.093715 
 0.273292 0.093703 -0.091187 
 0.281041 0.076144 -0.088659 
 0.288790 0.058585 -0.086131 
 0.296539 0.041026 -0.083602 
 0.304288 0.023467 -0.081074 
 0.312037 0.005908 -0.078546 
 0.319785 -0.011651 -0.076018 
 0.327534 -0.029209 -0.073490 
 0.335283 -0.046768 -0.070961 
 0.343032 -0.064327 -0.068433 
 0.350781 -0.081886 -0.065905 
 0.358529 -0.099445 -0.063377 
 0.366278 -0.117004 -0.060848 
 0.381787 -0.132270 -0.069222 
 0.389526 -0.149806 -0.066697 
 0.389525 -0.169680 -0.053264 
 0.405003 -0.184877 -0.061647 
 0.405022 -0.204798 -0.048207 
 0.397354 -0.227174 -0.023842 
 0.382027 -0.252075 0.011459 
 0.389827 -0.269750 0.014004 
 0.382271 -0.292382 0.038406 
 0.390091 -0.310103 0.040958 
 0.397912 -0.327824 0.043510 
 0.405733 -0.345546 0.046061 
 0.398279 -0.368410 0.070498 
 0.406120 -0.386178 0.073056 
 0.413961 -0.403946 0.075614 
 0.421802 -0.421714 0.078173 
 0.376470 -0.458130 0.157419 
 -0.170181 0.677714 0.015058 
 -0.162238 0.659713 0.017650 
 -0.154294 0.641713 0.020242 
 -0.146351 0.623713 0.022833 
 -0.121945 0.608275 0.003940 
 -0.130464 0.587713 0.028017 
 -0.122520 0.569713 0.030609 
 -0.130977 0.549011 0.054706 
 -0.123013 0.530964 0.057304 
 -0.115049 0.512918 0.059903 
 -0.107085 0.494871 0.062501 
 -0.099121 0.476824 0.065100 
 -0.091157 0.458778 0.067698 
 -0.099470 0.437751 0.091843 
 -0.091486 0.419658 0.094448 
 -0.091620 0.400028 0.107832 
 -0.099841 0.378792 0.132007 
 -0.108021 0.357464 0.156195 
 -0.099986 0.339255 0.158816 
 -0.091950 0.321045 0.161438 
 -0.083914 0.302836 0.164060 
 -0.075878 0.284627 0.166682 
 0.149139 0.292989 -0.109039 
 0.156908 0.275384 -0.106504 
 0.164677 0.257778 -0.103969 
 0.172447 0.240173 -0.101434 
 0.164225 0.218937 -0.077260 
 0.172015 0.201286 -0.074718 
 0.179805 0.183634 -0.072176 
 0.187595 0.165982 -0.069635 
 0.195384 0.148330 -0.067093 
 0.203174 0.130678 -0.064552 
 0.210964 0.113027 -0.062010 
 0.234601 0.099330 -0.081155 
 0.242371 0.081725 -0.078620 
 0.265946 0.068168 -0.097784 
 0.273695 0.050609 -0.095256 
 0.265678 0.028909 -0.071015 
 0.273448 0.011304 -0.068480 
 0.296941 -0.002067 -0.087672 
 0.288986 -0.023907 -0.063411 
 0.312439 -0.037185 -0.082615 
 0.320188 -0.054744 -0.080087 
 0.327937 -0.072303 -0.077559 
 0.335685 -0.089862 -0.075030 
 0.343434 -0.107421 -0.072502 
 0.351183 -0.124979 -0.069974 
 0.366712 -0.140235 -0.078336 
 0.374450 -0.157771 -0.075811 
 0.374430 -0.177656 -0.062389 
 0.382178 -0.195215 -0.059861 
 0.389927 -0.212774 -0.057333 
 0.397676 -0.230333 -0.054805 
 0.374550 -0.257661 -0.008636 
 0.374632 -0.277778 0.004819 
 0.382432 -0.295453 0.007363 
 0.390232 -0.313128 0.009908 
 0.398032 -0.330803 0.012453 
 0.405832 -0.348478 0.014998 
 0.383004 -0.376480 0.061264 
 0.390845 -0.394248 0.063822 
 0.398686 -0.412016 0.066380 
 0.406527 -0.429784 0.068939 
 -0.169769 0.633537 0.010887 
 -0.161825 0.615537 0.013479 
 -0.170384 0.594954 0.037531 
 -0.145938 0.579537 0.018662 
 -0.137995 0.561537 0.021254 
 -0.146491 0.540814 0.045327 
 -0.138527 0.522767 0.047925 
 -0.130563 0.504721 0.050524 
 -0.122599 0.486674 0.053122 
 -0.114635 0.468627 0.055721 
 -0.123010 0.447626 0.079834 
 -0.115025 0.429533 0.082439 
 -0.107040 0.411440 0.085045 
 -0.107194 0.391800 0.098417 
 -0.115456 0.370543 0.122568 
 -0.123676 0.349193 0.146731 
 -0.115640 0.330984 0.149353 
 -0.107604 0.312774 0.151975 
 -0.099568 0.294565 0.154597 
 -0.075379 0.279729 0.135644 
 -0.067364 0.261566 0.138259 
 0.134003 0.284992 -0.118189 
 0.141773 0.267387 -0.115654 
 0.149542 0.249782 -0.113119 
 0.157311 0.232176 -0.110584 
 0.149050 0.210920 -0.086433 
 0.156840 0.193268 -0.083892 
 0.164630 0.175616 -0.081350 
 0.172419 0.157964 -0.078809 
 0.180209 0.140312 -0.076267 
 0.180035 0.120719 -0.062901 
 0.195789 0.105009 -0.071184 
 0.219466 0.091334 -0.090305 
 0.227235 0.073728 -0.087770 
 0.235005 0.056123 -0.085235 
 0.258600 0.042634 -0.104382 
 0.250543 0.020912 -0.080165 
 0.258313 0.003307 -0.077630 
 0.266082 -0.014298 -0.075095 
 0.273851 -0.031904 -0.072560 
 0.297344 -0.045161 -0.091741 
 0.305093 -0.062719 -0.089212 
 0.312841 -0.080278 -0.086684 
 0.320590 -0.097837 -0.084156 
 0.328339 -0.115396 -0.081628 
 0.336088 -0.132955 -0.079099 
 0.343837 -0.150514 -0.076571 
 0.351585 -0.168073 -0.074043 
 0.359334 -0.185632 -0.071515 
 0.367083 -0.203190 -0.068987 
 0.374832 -0.220749 -0.066458 
 0.367083 -0.243168 -0.042141 
 0.374852 -0.260773 -0.039606 
 0.367165 -0.283330 -0.015268 
 0.374955 -0.300982 -0.012727 
 0.382745 -0.318634 -0.010185 
 0.390534 -0.336286 -0.007644 
 0.398324 -0.353938 -0.005102 
 0.406114 -0.371589 -0.002560 
 0.413904 -0.389241 -0.000019 
 0.253249 -0.464944 0.242866 
 0.261264 -0.483107 0.245481 
 0.269279 -0.501270 0.248096 
 0.262043 -0.524849 0.272580 
 0.270079 -0.543059 0.275202 
 -0.185898 0.586757 0.028152 
 -0.177934 0.568710 0.030751 
 -0.169970 0.550663 0.033349 
 -0.178487 0.529873 0.057406 
 -0.154042 0.514570 0.038546 
 -0.146078 0.496524 0.041145 
 -0.154533 0.475594 0.065221 
 -0.146549 0.457501 0.067826 
 -0.138564 0.439408 0.070431 
 -0.130579 0.421315 0.073036 
 -0.130763 0.401687 0.086393 
 -0.122768 0.383571 0.089002 
 -0.114774 0.365455 0.091610 
 -0.123055 0.344130 0.115744 
 -0.115039 0.325967 0.118359 
 -0.107024 0.307804 0.120974 
 -0.099009 0.289642 0.123589 
 -0.090993 0.271479 0.126204 
 -0.082978 0.253316 0.128819 
 -0.074963 0.235153 0.131435 
 0.110505 0.255857 -0.103232 
 0.118295 0.238205 -0.100690 
 0.126085 0.220554 -0.098149 
 0.125840 0.201066 -0.084812 
 0.141665 0.185250 -0.093066 
 0.149455 0.167598 -0.090524 
 0.149240 0.148040 -0.077177 
 0.157040 0.130365 -0.074632 
 0.164840 0.112690 -0.072087 
 0.172640 0.095015 -0.069542 
 0.188404 0.079339 -0.077816 
 0.196193 0.061688 -0.075274 
 0.203983 0.044036 -0.072733 
 0.227639 0.030521 -0.091850 
 0.235408 0.012916 -0.089315 
 0.243177 -0.004690 -0.086780 
 0.250947 -0.022295 -0.084245 
 0.258716 -0.039900 -0.081710 
 0.266485 -0.057506 -0.079175 
 0.289997 -0.070695 -0.098338 
 0.297746 -0.088254 -0.095810 
 0.305495 -0.105813 -0.093281 
 0.313244 -0.123372 -0.090753 
 0.320993 -0.140930 -0.088225 
 0.328741 -0.158489 -0.085697 
 0.336490 -0.176048 -0.083169 
 0.328640 -0.198348 -0.058896 
 0.351988 -0.211166 -0.078112 
 0.359737 -0.228725 -0.075584 
 0.367486 -0.246284 -0.073056 
 0.359717 -0.268770 -0.048756 
 0.367487 -0.286375 -0.046221 
 0.375256 -0.303980 -0.043686 
 0.383025 -0.321586 -0.041151 
 0.390795 -0.339191 -0.038616 
 0.398564 -0.356796 -0.036081 
 0.406333 -0.374402 -0.033547 
 0.414102 -0.392007 -0.031012 
 0.206929 -0.483791 0.277076 
 0.230317 -0.496702 0.257873 
 0.238353 -0.514911 0.260495 
 0.246389 -0.533120 0.263117 
 0.254425 -0.551330 0.265739 
 -0.193449 0.560513 0.021372 
 -0.185485 0.542466 0.023970 
 -0.194041 0.521655 0.048002 
 -0.186057 0.503562 0.050607 
 -0.178072 0.485469 0.053213 
 -0.170088 0.467376 0.055818 
 -0.170322 0.447807 0.069153 
 -0.162327 0.429691 0.071761 
 -0.146134 0.413096 0.063633 
 -0.146338 0.393458 0.076978 
 -0.138343 0.375342 0.079587 
 -0.146684 0.354043 0.103689 
 -0.138669 0.335880 0.106304 
 -0.130654 0.317717 0.108919 
 -0.122638 0.299555 0.111534 
 -0.114623 0.281392 0.114150 
 -0.090374 0.266644 0.095238 
 -0.074273 0.250259 0.087079 
 -0.066288 0.232166 0.089685 
 -0.082562 0.208741 0.124610 
 0.103120 0.230188 -0.109864 
 0.110910 0.212536 -0.107323 
 0.110645 0.193037 -0.093998 
 0.118445 0.175362 -0.091453 
 0.126245 0.157687 -0.088908 
 0.117996 0.136179 -0.064776 
 0.125816 0.118458 -0.062224 
 0.149645 0.104662 -0.081273 
 0.157445 0.086987 -0.078728 
 0.173229 0.071322 -0.086990 
 0.181018 0.053670 -0.084448 
 0.188808 0.036018 -0.081907 
 0.212504 0.022525 -0.100999 
 0.220273 0.004919 -0.098464 
 0.228042 -0.012686 -0.095929 
 0.235812 -0.030291 -0.093394 
 0.243581 -0.047897 -0.090859 
 0.267153 -0.061112 -0.109992 
 0.274902 -0.078670 -0.107463 
 0.266889 -0.100713 -0.083255 
 0.274658 -0.118318 -0.080720 
 0.298149 -0.131347 -0.099879 
 0.305897 -0.148906 -0.097350 
 0.313646 -0.166465 -0.094822 
 0.305736 -0.188740 -0.070580 
 0.313505 -0.206345 -0.068045 
 0.321274 -0.223950 -0.065510 
 0.344641 -0.236700 -0.084709 
 0.352390 -0.254259 -0.082181 
 0.344582 -0.276766 -0.057906 
 0.352351 -0.294372 -0.055371 
 0.360121 -0.311977 -0.052836 
 0.383386 -0.324495 -0.072068 
 0.391134 -0.342054 -0.069540 
 0.398883 -0.359613 -0.067012 
 0.406632 -0.377171 -0.064484 
 0.414381 -0.394730 -0.061955 
 0.191234 -0.492083 0.267589 
 0.199291 -0.510339 0.270217 
 0.207347 -0.528595 0.272846 
 0.230735 -0.541391 0.253653 
 0.238770 -0.559601 0.256275 
 -0.200999 0.534269 0.014591 
 -0.209596 0.513437 0.038599 
 -0.201611 0.495344 0.041204 
 -0.193627 0.477251 0.043810 
 -0.185642 0.459158 0.046415 
 -0.185897 0.439579 0.059738 
 -0.169673 0.422971 0.051625 
 -0.161688 0.404878 0.054230 
 -0.153704 0.386785 0.056835 
 -0.145719 0.368692 0.059440 
 -0.145923 0.348997 0.072780 
 -0.137928 0.330881 0.075389 
 -0.129933 0.312764 0.077997 
 -0.121938 0.294648 0.080605 
 -0.113943 0.276532 0.083214 
 -0.105949 0.258415 0.085822 
 -0.089827 0.242040 0.077676 
 -0.089959 0.222183 0.091039 
 -0.098176 0.200491 0.115171 
 -0.049682 0.191383 0.063962 
 0.071479 0.199016 -0.084193 
 0.079299 0.181294 -0.081641 
 0.087120 0.163573 -0.079089 
 0.094940 0.145851 -0.076538 
 0.102761 0.128130 -0.073986 
 0.110581 0.110408 -0.071434 
 0.118402 0.092687 -0.068883 
 0.142250 0.078959 -0.087914 
 0.150050 0.061284 -0.085369 
 0.157850 0.043609 -0.082824 
 0.165650 0.025934 -0.080279 
 0.197369 0.014528 -0.110149 
 0.205138 -0.003077 -0.107614 
 0.212907 -0.020683 -0.105079 
 0.220676 -0.038288 -0.102544 
 0.228446 -0.055893 -0.100009 
 0.236215 -0.073499 -0.097474 
 0.259807 -0.086646 -0.116589 
 0.251754 -0.108709 -0.092404 
 0.259523 -0.126315 -0.089869 
 0.267292 -0.143920 -0.087335 
 0.275062 -0.161525 -0.084800 
 0.282831 -0.179131 -0.082265 
 0.290600 -0.196736 -0.079730 
 0.298370 -0.214341 -0.077195 
 0.306139 -0.231947 -0.074660 
 0.329546 -0.244676 -0.093835 
 0.337295 -0.262235 -0.091307 
 0.345044 -0.279794 -0.088778 
 0.337216 -0.302368 -0.064520 
 0.360541 -0.314912 -0.083722 
 0.368290 -0.332470 -0.081194 
 0.376039 -0.350029 -0.078665 
 0.391535 -0.364988 -0.087016 
 0.391537 -0.385147 -0.073609 
 0.399286 -0.402706 -0.071081 
 0.175540 -0.500375 0.258101 
 0.183596 -0.518631 0.260729 
 0.191653 -0.536887 0.263358 
 0.199709 -0.555142 0.265987 
 0.207765 -0.573398 0.268615 
 -0.225150 0.505219 0.029196 
 -0.200586 0.489979 0.010409 
 -0.192622 0.471932 0.013008 
 -0.201197 0.450939 0.037012 
 -0.193212 0.432846 0.039617 
 -0.168729 0.417792 0.020803 
 -0.160765 0.399746 0.023402 
 -0.152801 0.381699 0.026000 
 -0.161274 0.360474 0.050037 
 -0.153289 0.342381 0.052642 
 -0.153502 0.322652 0.065973 
 -0.145507 0.304536 0.068582 
 -0.137513 0.286419 0.071190 
 -0.129518 0.268303 0.073799 
 -0.113366 0.251915 0.065668 
 -0.105382 0.233822 0.068273 
 -0.105533 0.213954 0.081624 
 -0.089413 0.197636 0.073484 
 -0.065197 0.183186 0.054583 
 -0.057232 0.165140 0.057181 
 0.047874 0.169509 -0.069332 
 0.055715 0.151741 -0.066773 
 0.079705 0.137802 -0.085748 
 0.087526 0.120080 -0.083196 
 0.095347 0.102359 -0.080644 
 0.103167 0.084637 -0.078093 
 0.110988 0.066916 -0.075541 
 0.134855 0.053256 -0.094555 
 0.142655 0.035581 -0.092010 
 0.150455 0.017906 -0.089465 
 0.182233 0.006531 -0.119298 
 0.190003 -0.011074 -0.116763 
 0.197772 -0.028679 -0.114229 
 0.205541 -0.046285 -0.111694 
 0.213311 -0.063890 -0.109159 
 0.221080 -0.081495 -0.106624 
 0.228849 -0.099101 -0.104089 
 0.236619 -0.116706 -0.101554 
 0.244388 -0.134311 -0.099019 
 0.252157 -0.151917 -0.096484 
 0.259927 -0.169522 -0.093949 
 0.267696 -0.187127 -0.091414 
 0.275465 -0.204733 -0.088879 
 0.283235 -0.222338 -0.086345 
 0.291004 -0.239943 -0.083810 
 0.314451 -0.252652 -0.102960 
 0.322200 -0.270210 -0.100432 
 0.329948 -0.287769 -0.097904 
 0.337697 -0.305328 -0.095376 
 0.345446 -0.322887 -0.092848 
 0.353195 -0.340446 -0.090319 
 0.368721 -0.355417 -0.098654 
 0.376460 -0.372953 -0.096129 
 0.384198 -0.390488 -0.093604 
 0.391937 -0.408024 -0.091079 
 0.159846 -0.508667 0.248613 
 0.167902 -0.526923 0.251242 
 0.175958 -0.545179 0.253870 
 0.184015 -0.563434 0.256499 
 0.192071 -0.581690 0.259127 
 -0.240705 0.497000 0.019793 
 -0.241030 0.477470 0.033082 
 -0.233035 0.459354 0.035690 
 -0.225040 0.441237 0.038299 
 -0.217046 0.423121 0.040907 
 -0.209051 0.405005 0.043516 
 -0.201056 0.386889 0.046124 
 -0.193061 0.368772 0.048733 
 -0.176828 0.352256 0.040634 
 -0.168844 0.334163 0.043239 
 -0.160859 0.316070 0.045844 
 -0.152875 0.297976 0.048450 
 -0.144890 0.279883 0.051055 
 -0.136905 0.261790 0.053660 
 -0.128921 0.243697 0.056265 
 -0.120936 0.225604 0.058870 
 -0.112952 0.207511 0.061475 
 -0.104967 0.189418 0.064080 
 -0.080711 0.174989 0.045204 
 -0.072747 0.156942 0.047802 
 0.016369 0.157681 -0.057072 
 0.040440 0.143670 -0.076008 
 0.048281 0.125902 -0.073449 
 0.056122 0.108134 -0.070891 
 0.063963 0.090367 -0.068333 
 0.071804 0.072599 -0.065774 
 0.095753 0.058866 -0.084751 
 0.119660 0.045227 -0.103741 
 0.127460 0.027552 -0.101196 
 0.159329 0.016140 -0.130983 
 0.167098 -0.001465 -0.128448 
 0.174867 -0.019071 -0.125913 
 0.166652 -0.040991 -0.101803 
 0.174442 -0.058642 -0.099261 
 0.198175 -0.071887 -0.118308 
 0.205945 -0.089492 -0.115773 
 0.213714 -0.107097 -0.113239 
 0.205601 -0.129250 -0.089095 
 0.229253 -0.142308 -0.108169 
 0.237022 -0.159913 -0.105634 
 0.244791 -0.177519 -0.103099 
 0.252561 -0.195124 -0.100564 
 0.260330 -0.212729 -0.098029 
 0.268099 -0.230335 -0.095494 
 0.275869 -0.247940 -0.092959 
 0.283638 -0.265545 -0.090424 
 0.307105 -0.278186 -0.109558 
 0.314853 -0.295745 -0.107029 
 0.322602 -0.313304 -0.104501 
 0.330351 -0.330863 -0.101973 
 0.345907 -0.345846 -0.110292 
 0.369241 -0.358185 -0.129470 
 0.376959 -0.375674 -0.126951 
 0.384677 -0.393163 -0.124433 
 0.120562 -0.504040 0.258220 
 0.144152 -0.516959 0.239126 
 0.136715 -0.540644 0.263490 
 0.160264 -0.553471 0.244383 
 0.168321 -0.571726 0.247011 
 0.176377 -0.589982 0.249640 
 -0.256605 0.469241 0.023666 
 -0.248610 0.451125 0.026275 
 -0.240615 0.433009 0.028883 
 -0.232620 0.414892 0.031492 
 -0.224625 0.396776 0.034100 
 -0.208352 0.380224 0.026021 
 -0.200367 0.362131 0.028626 
 -0.192383 0.344038 0.031231 
 -0.184398 0.325944 0.033836 
 -0.176414 0.307851 0.036441 
 -0.151974 0.293118 0.017636 
 -0.144010 0.275072 0.020234 
 -0.152460 0.253572 0.044257 
 -0.144475 0.235479 0.046862 
 -0.120118 0.220932 0.028030 
 -0.128506 0.199293 0.052072 
 -0.120522 0.181200 0.054677 
 -0.112537 0.163107 0.057282 
 -0.104553 0.145014 0.059888 
 -0.096568 0.126921 0.062493 
 0.008915 0.131775 -0.063765 
 0.033006 0.117832 -0.082683 
 0.040847 0.100064 -0.080125 
 0.048688 0.082296 -0.077567 
 0.056529 0.064528 -0.075008 
 0.080518 0.050817 -0.093961 
 0.088338 0.033096 -0.091410 
 0.112265 0.019524 -0.110381 
 0.128108 0.003947 -0.118602 
 0.135897 -0.013705 -0.116060 
 0.143687 -0.031357 -0.113518 
 0.151477 -0.049008 -0.110977 
 0.159267 -0.066660 -0.108435 
 0.183040 -0.079883 -0.127458 
 0.174847 -0.101964 -0.103352 
 0.198579 -0.115094 -0.122388 
 0.190426 -0.137267 -0.098269 
 0.214118 -0.150305 -0.117318 
 0.221887 -0.167910 -0.114783 
 0.229656 -0.185515 -0.112249 
 0.237426 -0.203121 -0.109714 
 0.245195 -0.220726 -0.107179 
 0.252964 -0.238331 -0.104644 
 0.260733 -0.255937 -0.102109 
 0.268503 -0.273542 -0.099574 
 0.292009 -0.286162 -0.118683 
 0.299758 -0.303720 -0.116155 
 0.307507 -0.321279 -0.113627 
 0.315256 -0.338838 -0.111099 
 0.346488 -0.348639 -0.141077 
 0.354206 -0.366129 -0.138559 
 0.361924 -0.383618 -0.136041 
 0.369642 -0.401107 -0.133522 
 0.120401 -0.506996 0.227009 
 0.128457 -0.525251 0.229638 
 0.120981 -0.548958 0.253978 
 0.144570 -0.561763 0.234895 
 0.152626 -0.580018 0.237524 
 0.160683 -0.598274 0.240152 
 -0.256189 0.424780 0.019468 
 -0.248195 0.406664 0.022077 
 -0.231891 0.390099 0.014012 
 -0.223906 0.372005 0.016618 
 -0.199345 0.357108 -0.002137 
 -0.207937 0.335819 0.021828 
 -0.183417 0.321015 0.003060 
 -0.175453 0.302968 0.005658 
 -0.167489 0.284921 0.008257 
 -0.159525 0.266875 0.010855 
 -0.151561 0.248828 0.013454 
 -0.143596 0.230781 0.016052 
 -0.135632 0.212735 0.018651 
 -0.144061 0.191075 0.042669 
 -0.136076 0.172982 0.045274 
 -0.128092 0.154888 0.047879 
 -0.120107 0.136795 0.050484 
 -0.095812 0.122502 0.031643 
 -0.006400 0.123684 -0.073023 
 0.001462 0.105869 -0.070458 
 0.009323 0.088055 -0.067893 
 -0.007157 0.064263 -0.033118 
 0.016943 0.050410 -0.052023 
 0.024815 0.032573 -0.049455 
 0.032686 0.014735 -0.046887 
 0.064777 0.003154 -0.076568 
 0.112933 -0.004071 -0.127775 
 0.120722 -0.021723 -0.125234 
 0.120470 -0.041529 -0.111932 
 0.128270 -0.059204 -0.109388 
 0.136070 -0.076879 -0.106843 
 0.151882 -0.092330 -0.115067 
 0.159671 -0.109981 -0.112526 
 0.167461 -0.127633 -0.109984 
 0.175251 -0.145285 -0.107443 
 0.198982 -0.158301 -0.126468 
 0.206752 -0.175907 -0.123933 
 0.214521 -0.193512 -0.121398 
 0.222290 -0.211117 -0.118863 
 0.230060 -0.228723 -0.116328 
 0.237829 -0.246328 -0.113793 
 0.245598 -0.263933 -0.111259 
 0.253368 -0.281539 -0.108724 
 0.261137 -0.299144 -0.106189 
 0.268906 -0.316749 -0.103654 
 0.292412 -0.329255 -0.122752 
 0.300160 -0.346814 -0.120224 
 0.315757 -0.361776 -0.128519 
 0.323495 -0.379312 -0.125994 
 0.331234 -0.396847 -0.123469 
 0.096650 -0.497032 0.214893 
 0.104707 -0.515288 0.217522 
 0.112763 -0.533543 0.220150 
 0.120819 -0.551799 0.222779 
 0.128876 -0.570055 0.225408 
 0.136932 -0.588310 0.228036 
 0.144988 -0.606566 0.230665 
 -0.263769 0.398435 0.012662 
 -0.247445 0.381880 0.004609 
 -0.239461 0.363787 0.007214 
 -0.231476 0.345694 0.009820 
 -0.223492 0.327601 0.012425 
 -0.198931 0.312818 -0.006319 
 -0.190967 0.294771 -0.003721 
 -0.183003 0.276724 -0.001122 
 -0.175039 0.258678 0.001476 
 -0.167075 0.240631 0.004075 
 -0.159111 0.222584 0.006673 
 -0.151147 0.204538 0.009272 
 -0.159615 0.182856 0.033266 
 -0.151631 0.164763 0.035871 
 -0.143646 0.146670 0.038476 
 -0.135662 0.128577 0.041081 
 -0.111327 0.114305 0.022264 
 -0.103363 0.096258 0.024862 
 -0.079090 0.082125 0.006026 
 -0.071146 0.064124 0.008617 
 -0.063202 0.046124 0.011209 
 -0.030887 0.034203 -0.018383 
 -0.022974 0.016272 -0.015801 
 0.001145 0.002487 -0.034688 
 0.025223 -0.011205 -0.053589 
 0.041178 -0.026923 -0.061761 
 0.097475 -0.031883 -0.123663 
 0.105275 -0.049558 -0.121118 
 0.113075 -0.067233 -0.118573 
 0.104792 -0.089332 -0.094520 
 0.136707 -0.100347 -0.124241 
 0.144496 -0.117999 -0.121700 
 0.152286 -0.135651 -0.119158 
 0.152075 -0.155608 -0.105849 
 0.159875 -0.173283 -0.103304 
 0.175656 -0.188606 -0.111533 
 0.183445 -0.206258 -0.108992 
 0.191235 -0.223910 -0.106450 
 0.199025 -0.241562 -0.103908 
 0.206815 -0.259214 -0.101367 
 0.214605 -0.276865 -0.098825 
 0.222395 -0.294517 -0.096284 
 0.246002 -0.307141 -0.115338 
 0.253771 -0.324746 -0.112803 
 0.261540 -0.342351 -0.110269 
 0.269310 -0.359957 -0.107734 
 0.292814 -0.372348 -0.126821 
 0.269133 -0.400428 -0.081034 
 0.119982 -0.471148 0.137869 
 0.127977 -0.489264 0.140477 
 0.135972 -0.507381 0.143086 
 0.112701 -0.536389 0.189007 
 0.120737 -0.554599 0.191629 
 0.128773 -0.572808 0.194251 
 0.136809 -0.591017 0.196873 
 0.144845 -0.609226 0.199494 
 -0.263000 0.373662 -0.004794 
 -0.238338 0.358760 -0.023493 
 -0.230374 0.340714 -0.020895 
 -0.239046 0.319383 0.003022 
 -0.231062 0.301290 0.005627 
 -0.206482 0.286574 -0.013100 
 -0.198518 0.268527 -0.010501 
 -0.190554 0.250481 -0.007903 
 -0.182590 0.232434 -0.005304 
 -0.174626 0.214387 -0.002706 
 -0.166661 0.196341 -0.000107 
 -0.175170 0.174638 0.023863 
 -0.167185 0.156545 0.026468 
 -0.159201 0.138452 0.029073 
 -0.151216 0.120359 0.031678 
 -0.126841 0.106107 0.012885 
 -0.102508 0.091949 -0.005921 
 -0.094564 0.073949 -0.003329 
 -0.102949 0.051968 0.020680 
 -0.135755 0.023853 0.076841 
 -0.103309 0.011801 0.047309 
 -0.046523 0.006068 -0.014400 
 -0.030476 -0.009802 -0.022538 
 -0.030677 -0.029839 -0.009230 
 -0.014651 -0.045663 -0.017374 
 0.082280 -0.039911 -0.132849 
 0.090080 -0.057586 -0.130304 
 0.097880 -0.075261 -0.127759 
 0.105680 -0.092936 -0.125214 
 0.121532 -0.108365 -0.133415 
 0.129321 -0.126017 -0.130873 
 0.113018 -0.150546 -0.096075 
 0.120839 -0.168267 -0.093523 
 0.128659 -0.185989 -0.090972 
 0.136480 -0.203710 -0.088420 
 0.160280 -0.216661 -0.107400 
 0.152121 -0.239153 -0.083317 
 0.159942 -0.256875 -0.080765 
 0.183681 -0.269686 -0.099765 
 0.191481 -0.287361 -0.097220 
 0.199281 -0.305036 -0.094675 
 0.207081 -0.322711 -0.092130 
 0.222799 -0.337838 -0.100374 
 0.230589 -0.355490 -0.097833 
 0.238379 -0.373142 -0.095291 
 0.246169 -0.390794 -0.092749 
 0.096413 -0.461260 0.125845 
 0.104408 -0.479377 0.128454 
 0.112403 -0.497493 0.131062 
 0.089011 -0.526451 0.176922 
 0.112719 -0.539193 0.157912 
 0.105083 -0.562870 0.182165 
 0.113118 -0.581079 0.184787 
 0.121154 -0.599288 0.187409 
 0.129190 -0.617497 0.190031 
 -0.278928 0.345745 -0.000952 
 -0.262585 0.329258 -0.008987 
 -0.254601 0.311165 -0.006382 
 -0.246616 0.293072 -0.003776 
 -0.221996 0.278377 -0.022479 
 -0.214032 0.260330 -0.019880 
 -0.206068 0.242283 -0.017282 
 -0.198104 0.224237 -0.014683 
 -0.190140 0.206190 -0.012085 
 -0.182176 0.188143 -0.009486 
 -0.190724 0.166420 0.014460 
 -0.166248 0.152050 -0.004289 
 -0.174755 0.130234 0.019670 
 -0.166771 0.112141 0.022275 
 -0.142356 0.097910 0.003506 
 -0.134392 0.079864 0.006104 
 -0.126428 0.061817 0.008703 
 -0.118464 0.043770 0.011301 
 -0.135022 0.019651 0.046001 
 -0.143354 -0.002560 0.070017 
 -0.110879 -0.014511 0.040511 
 -0.102894 -0.032604 0.043116 
 -0.094910 -0.050697 0.045721 
 -0.086925 -0.068790 0.048326 
 -0.078940 -0.086883 0.050932 
 0.074885 -0.065614 -0.139490 
 0.082685 -0.083289 -0.136945 
 0.090485 -0.100964 -0.134400 
 0.106356 -0.116383 -0.142589 
 0.114146 -0.134035 -0.140047 
 0.113885 -0.153989 -0.126765 
 0.089522 -0.180969 -0.081245 
 0.113424 -0.194038 -0.100182 
 0.121245 -0.211760 -0.097630 
 0.129066 -0.229481 -0.095078 
 0.120886 -0.252041 -0.071012 
 0.128727 -0.269809 -0.068454 
 0.136568 -0.287576 -0.065895 
 0.160348 -0.300367 -0.084872 
 0.152251 -0.323112 -0.060779 
 0.175989 -0.335810 -0.079768 
 0.183810 -0.353531 -0.077217 
 0.207486 -0.366090 -0.096226 
 0.215286 -0.383765 -0.093681 
 0.223086 -0.401440 -0.091136 
 0.065044 -0.474792 0.138012 
 0.073059 -0.492954 0.140627 
 0.081074 -0.511117 0.143242 
 0.073357 -0.534722 0.167458 
 0.081393 -0.552931 0.170080 
 0.089428 -0.571140 0.172702 
 0.097464 -0.589350 0.175324 
 0.105500 -0.607559 0.177946 
 0.113536 -0.625768 0.180567 
 0.121572 -0.643977 0.183189 
 -0.311260 0.334283 0.010889 
 -0.286508 0.319400 -0.007759 
 -0.270155 0.302947 -0.015785 
 -0.262171 0.284854 -0.013179 
 -0.254186 0.266760 -0.010574 
 -0.229547 0.252133 -0.029259 
 -0.221583 0.234086 -0.026661 
 -0.213619 0.216040 -0.024062 
 -0.205655 0.197993 -0.021464 
 -0.197691 0.179946 -0.018865 
 -0.189727 0.161900 -0.016267 
 -0.181763 0.143853 -0.013668 
 -0.173799 0.125807 -0.011070 
 -0.165834 0.107760 -0.008472 
 -0.157870 0.089713 -0.005873 
 -0.149906 0.071667 -0.003275 
 -0.141942 0.053620 -0.000676 
 -0.150387 0.031550 0.023293 
 -0.142402 0.013457 0.025898 
 -0.158969 -0.010810 0.060578 
 -0.126433 -0.022729 0.031108 
 -0.142938 -0.047135 0.065808 
 -0.118617 -0.061043 0.047020 
 -0.110622 -0.079159 0.049628 
 -0.118892 -0.101624 0.073654 
 -0.110877 -0.119786 0.076269 
 0.035042 -0.100200 -0.103271 
 0.042883 -0.117968 -0.100713 
 0.083090 -0.126668 -0.141041 
 0.090890 -0.144343 -0.138496 
 0.082548 -0.166645 -0.114495 
 0.074247 -0.189039 -0.090479 
 0.098189 -0.202087 -0.109391 
 0.089929 -0.224575 -0.085363 
 0.097770 -0.242343 -0.082804 
 0.081552 -0.267400 -0.048011 
 0.097434 -0.282785 -0.056191 
 0.105295 -0.300599 -0.053626 
 0.113157 -0.318413 -0.051061 
 0.121018 -0.336228 -0.048496 
 0.144817 -0.348951 -0.067454 
 0.168575 -0.361581 -0.086427 
 0.192291 -0.374118 -0.105412 
 0.200091 -0.391793 -0.102867 
 0.207891 -0.409468 -0.100322 
 0.049429 -0.483042 0.128572 
 0.041631 -0.506574 0.152751 
 0.049667 -0.524784 0.155373 
 0.057703 -0.542993 0.157995 
 0.065738 -0.561202 0.160617 
 0.073774 -0.579411 0.163238 
 0.081810 -0.597620 0.165860 
 0.089846 -0.615830 0.168482 
 0.097882 -0.634039 0.171104 
 0.105917 -0.652248 0.173726 
 -0.326874 0.326033 0.001450 
 -0.293694 0.312821 -0.027793 
 -0.285710 0.294728 -0.025188 
 -0.277725 0.276635 -0.022583 
 -0.253025 0.261983 -0.041237 
 -0.245061 0.243936 -0.038638 
 -0.237097 0.225889 -0.036040 
 -0.229133 0.207843 -0.033441 
 -0.221169 0.189796 -0.030843 
 -0.196593 0.175422 -0.049536 
 -0.205241 0.153703 -0.025646 
 -0.197277 0.135656 -0.023047 
 -0.189313 0.117609 -0.020449 
 -0.181349 0.099563 -0.017850 
 -0.173385 0.081516 -0.015252 
 -0.165421 0.063470 -0.012654 
 -0.157457 0.045423 -0.010055 
 -0.165941 0.023332 0.013889 
 -0.166171 0.003194 0.027170 
 -0.174583 -0.019060 0.051138 
 -0.166568 -0.037222 0.053754 
 -0.158553 -0.055385 0.056369 
 -0.134191 -0.069271 0.037604 
 -0.126196 -0.087388 0.040213 
 -0.134507 -0.109873 0.064214 
 -0.126491 -0.128036 0.066829 
 -0.094080 -0.139506 0.037336 
 0.060095 -0.117021 -0.152772 
 0.067895 -0.134696 -0.150227 
 0.075695 -0.152371 -0.147682 
 -0.118778 -0.228146 0.122770 
 0.058972 -0.197110 -0.099713 
 0.066813 -0.214878 -0.097155 
 0.074654 -0.232646 -0.094597 
 0.066396 -0.255247 -0.070579 
 0.050138 -0.280382 -0.035815 
 0.082119 -0.290876 -0.065449 
 0.089980 -0.308690 -0.062884 
 0.089833 -0.329015 -0.049576 
 0.097705 -0.346852 -0.047008 
 0.113565 -0.362134 -0.055189 
 0.121427 -0.379948 -0.052624 
 0.121320 -0.400365 -0.039303 
 0.113277 -0.423455 -0.015215 
 0.065537 -0.459883 0.062702 
 0.033815 -0.491291 0.119133 
 0.041830 -0.509454 0.121748 
 0.034012 -0.533055 0.145909 
 0.042048 -0.551264 0.148531 
 0.050084 -0.569473 0.151153 
 0.058120 -0.587682 0.153775 
 0.066156 -0.605891 0.156397 
 0.074191 -0.624101 0.159019 
 0.082227 -0.642310 0.161640 
 -0.342489 0.317783 -0.007989 
 -0.292432 0.307925 -0.058411 
 -0.301264 0.286510 -0.034591 
 -0.276504 0.271832 -0.053214 
 -0.268540 0.253785 -0.050616 
 -0.260576 0.235739 -0.048017 
 -0.252612 0.217692 -0.045419 
 -0.244648 0.199646 -0.042820 
 -0.236684 0.181599 -0.040222 
 -0.212068 0.167246 -0.058891 
 -0.204124 0.149246 -0.056299 
 -0.212792 0.127459 -0.032426 
 -0.204828 0.109412 -0.029828 
 -0.196863 0.091366 -0.027229 
 -0.188899 0.073319 -0.024631 
 -0.180935 0.055272 -0.022033 
 -0.189480 0.033207 0.001881 
 -0.181496 0.015114 0.004486 
 -0.173511 -0.002979 0.007091 
 -0.190198 -0.027309 0.041699 
 -0.182182 -0.045472 0.044314 
 -0.174167 -0.063635 0.046929 
 -0.166152 -0.081798 0.049545 
 -0.158136 -0.099960 0.052160 
 -0.166466 -0.122514 0.076143 
 -0.158430 -0.140723 0.078765 
 -0.134090 -0.154449 0.060005 
 -0.142358 -0.177141 0.084009 
 -0.134322 -0.195350 0.086630 
 -0.142529 -0.218182 0.110654 
 -0.134472 -0.236438 0.113282 
 -0.126416 -0.254694 0.115911 
 -0.118360 -0.272949 0.118539 
 -0.110304 -0.291205 0.121168 
 0.002661 -0.277904 -0.015532 
 0.010584 -0.295858 -0.012947 
 0.026557 -0.311337 -0.021086 
 0.034470 -0.329268 -0.018505 
 0.042383 -0.347198 -0.015923 
 0.066332 -0.360042 -0.034810 
 0.074225 -0.377926 -0.032235 
 0.082117 -0.395810 -0.029660 
 0.074034 -0.418920 -0.005596 
 0.042059 -0.450033 0.050724 
 0.034088 -0.473399 0.074825 
 0.018201 -0.499541 0.109694 
 0.026216 -0.517704 0.112309 
 0.034231 -0.535867 0.114924 
 0.026394 -0.559535 0.139068 
 0.034430 -0.577744 0.141690 
 0.042465 -0.595953 0.144311 
 0.050501 -0.614162 0.146933 
 0.058537 -0.632372 0.149555 
 -0.324803 0.296385 -0.046599 
 -0.316819 0.278292 -0.043994 
 -0.292019 0.263635 -0.062593 
 -0.284055 0.245588 -0.059995 
 -0.276091 0.227542 -0.057396 
 -0.284880 0.205920 -0.033574 
 -0.260162 0.191448 -0.052199 
 -0.252198 0.173402 -0.049601 
 -0.244234 0.155355 -0.047002 
 -0.236270 0.137309 -0.044404 
 -0.228306 0.119262 -0.041805 
 -0.220342 0.101215 -0.039207 
 -0.212378 0.083169 -0.036608 
 -0.204414 0.065122 -0.034010 
 -0.196450 0.047075 -0.031412 
 -0.205035 0.024989 -0.007522 
 -0.197050 0.006896 -0.004917 
 -0.172558 -0.007064 -0.023616 
 -0.164594 -0.025111 -0.021018 
 -0.197797 -0.053722 0.034875 
 -0.189781 -0.071885 0.037490 
 -0.181766 -0.090048 0.040105 
 -0.173751 -0.108210 0.042720 
 -0.182120 -0.130785 0.066679 
 -0.190448 -0.153452 0.090652 
 -0.166048 -0.167203 0.071923 
 -0.174336 -0.189963 0.095909 
 -0.166279 -0.208219 0.098537 
 -0.158223 -0.226474 0.101166 
 -0.166429 -0.249420 0.125179 
 -0.142110 -0.262986 0.106423 
 -0.134054 -0.281241 0.109052 
 -0.125998 -0.299497 0.111680 
 -0.117941 -0.317753 0.114309 
 -0.021010 -0.308935 -0.000860 
 -0.013066 -0.326935 0.001732 
 0.010996 -0.339920 -0.017107 
 0.018919 -0.357874 -0.014522 
 0.034881 -0.373273 -0.022660 
 0.042794 -0.391204 -0.020078 
 0.010616 -0.422137 0.036148 
 0.018580 -0.440184 0.038747 
 0.010548 -0.463524 0.062817 
 0.010546 -0.484288 0.076161 
 0.002586 -0.507791 0.100254 
 0.010601 -0.525954 0.102869 
 0.002704 -0.549597 0.126982 
 0.010739 -0.567806 0.129604 
 0.018775 -0.586015 0.132226 
 0.010960 -0.609843 0.156366 
 0.034847 -0.622433 0.137470 
 -0.340358 0.288167 -0.056002 
 -0.332373 0.270074 -0.053397 
 -0.307533 0.255438 -0.071972 
 -0.299569 0.237391 -0.069374 
 -0.291605 0.219345 -0.066775 
 -0.300435 0.197702 -0.042977 
 -0.275677 0.183251 -0.061578 
 -0.267713 0.165205 -0.058980 
 -0.259749 0.147158 -0.056381 
 -0.268497 0.125329 -0.032556 
 -0.243821 0.111065 -0.051184 
 -0.235857 0.093018 -0.048586 
 -0.244543 0.071050 -0.024741 
 -0.236558 0.052957 -0.022135 
 -0.228574 0.034864 -0.019530 
 -0.220589 0.016771 -0.016925 
 -0.212605 -0.001322 -0.014320 
 -0.204620 -0.019415 -0.011715 
 -0.204899 -0.039609 0.001533 
 -0.213411 -0.061972 0.025435 
 -0.205396 -0.080135 0.028051 
 -0.197381 -0.098297 0.030666 
 -0.189365 -0.116460 0.033281 
 -0.197774 -0.139055 0.057216 
 -0.189739 -0.157265 0.059838 
 -0.181703 -0.175474 0.062460 
 -0.173667 -0.193683 0.065082 
 -0.181974 -0.216511 0.089050 
 -0.173917 -0.234766 0.091678 
 -0.182163 -0.257733 0.115668 
 -0.157805 -0.271278 0.096935 
 -0.149748 -0.289533 0.099564 
 -0.141692 -0.307789 0.102193 
 -0.133636 -0.326045 0.104821 
 -0.125579 -0.344300 0.107450 
 -0.060898 -0.345091 0.035178 
 -0.036755 -0.358148 0.016375 
 -0.012654 -0.371111 -0.002439 
 0.011407 -0.383982 -0.021268 
 -0.028960 -0.417463 0.045598 
 -0.020975 -0.435556 0.048203 
 -0.012990 -0.453650 0.050809 
 -0.013024 -0.474400 0.064137 
 -0.021044 -0.497878 0.088200 
 -0.013028 -0.516041 0.090815 
 -0.005013 -0.534204 0.093430 
 -0.012951 -0.557867 0.117519 
 -0.004915 -0.576077 0.120141 
 -0.012791 -0.599880 0.144249 
 -0.355912 0.279949 -0.065405 
 -0.347928 0.261856 -0.062800 
 -0.339943 0.243763 -0.060195 
 -0.331958 0.225669 -0.057590 
 -0.323974 0.207576 -0.054985 
 -0.299156 0.193101 -0.073556 
 -0.308005 0.171390 -0.049775 
 -0.283228 0.157008 -0.068359 
 -0.275264 0.138961 -0.065760 
 -0.284051 0.117111 -0.041959 
 -0.276067 0.099018 -0.039354 
 -0.268082 0.080925 -0.036749 
 -0.260097 0.062832 -0.034144 
 -0.252113 0.044739 -0.031539 
 -0.244128 0.026646 -0.028933 
 -0.236144 0.008552 -0.026328 
 -0.228159 -0.009541 -0.023723 
 -0.220175 -0.027634 -0.021118 
 -0.220473 -0.047837 -0.007882 
 -0.212479 -0.065954 -0.005273 
 -0.221010 -0.088384 0.018611 
 -0.212995 -0.106547 0.021226 
 -0.204980 -0.124710 0.023842 
 -0.213429 -0.147326 0.047752 
 -0.205393 -0.165536 0.050374 
 -0.197357 -0.183745 0.052996 
 -0.189321 -0.201954 0.055618 
 -0.197668 -0.224803 0.079562 
 -0.189612 -0.243058 0.082191 
 -0.197897 -0.266047 0.106156 
 -0.189820 -0.284349 0.108791 
 -0.181744 -0.302651 0.111426 
 -0.173667 -0.320953 0.114061 
 -0.165590 -0.339255 0.116697 
 -0.157513 -0.357557 0.119332 
 -0.084562 -0.355815 0.036462 
 -0.076567 -0.373931 0.039071 
 -0.060483 -0.389495 0.030985 
 -0.052499 -0.407588 0.033590 
 -0.052582 -0.428280 0.046896 
 -0.036530 -0.443775 0.038800 
 -0.028545 -0.461868 0.041405 
 -0.028598 -0.482629 0.054722 
 -0.020603 -0.500745 0.057330 
 -0.028643 -0.524291 0.081376 
 -0.020627 -0.542454 0.083991 
 -0.012612 -0.560616 0.086606 
 -0.020569 -0.584348 0.110677 
 -0.012533 -0.602557 0.113299 
 -0.363482 0.253637 -0.072204 
 -0.355498 0.235544 -0.069598 
 -0.347513 0.217451 -0.066993 
 -0.339529 0.199358 -0.064388 
 -0.314670 0.184904 -0.082935 
 -0.306706 0.166857 -0.080336 
 -0.315575 0.145079 -0.056573 
 -0.307590 0.126986 -0.053968 
 -0.299606 0.108893 -0.051362 
 -0.291621 0.090800 -0.048757 
 -0.283637 0.072707 -0.046152 
 -0.275652 0.054614 -0.043547 
 -0.267667 0.036520 -0.040942 
 -0.259683 0.018427 -0.038337 
 -0.251698 0.000334 -0.035732 
 -0.243714 -0.017759 -0.033126 
 -0.219101 -0.031656 -0.051753 
 -0.227745 -0.053945 -0.027916 
 -0.228053 -0.074183 -0.014689 
 -0.236625 -0.096634 0.009172 
 -0.228609 -0.114797 0.011787 
 -0.220594 -0.132960 0.014402 
 -0.229083 -0.155597 0.038289 
 -0.237531 -0.178328 0.062189 
 -0.213011 -0.192016 0.043533 
 -0.204976 -0.210225 0.046155 
 -0.213362 -0.233095 0.070075 
 -0.205306 -0.251350 0.072703 
 -0.213631 -0.274360 0.096644 
 -0.205554 -0.292662 0.099279 
 -0.197478 -0.310964 0.101914 
 -0.197561 -0.331712 0.115215 
 -0.189474 -0.350038 0.117854 
 -0.181387 -0.368363 0.120493 
 -0.165170 -0.384172 0.112455 
 -0.124617 -0.392317 0.072373 
 -0.116582 -0.410526 0.074995 
 -0.092349 -0.423564 0.056245 
 -0.084334 -0.441727 0.058860 
 -0.060162 -0.454625 0.040090 
 -0.052167 -0.472741 0.042698 
 -0.044172 -0.490858 0.045307 
 -0.052272 -0.514378 0.069321 
 -0.044257 -0.532541 0.071936 
 -0.036242 -0.550703 0.074551 
 -0.044259 -0.574409 0.098592 
 -0.036224 -0.592619 0.101214 
 -0.379037 0.245419 -0.081607 
 -0.371052 0.227326 -0.079002 
 -0.363068 0.209233 -0.076396 
 -0.355083 0.191140 -0.073791 
 -0.330185 0.176707 -0.092314 
 -0.339114 0.154954 -0.068581 
 -0.339565 0.134984 -0.055406 
 -0.331571 0.116868 -0.052797 
 -0.323576 0.098752 -0.050189 
 -0.307176 0.082581 -0.058160 
 -0.299191 0.064488 -0.055555 
 -0.299591 0.044403 -0.042363 
 -0.283222 0.028302 -0.050345 
 -0.275237 0.010209 -0.047740 
 -0.267253 -0.007884 -0.045135 
 -0.259268 -0.025977 -0.042530 
 -0.251284 -0.044070 -0.039924 
 -0.243299 -0.062163 -0.037319 
 -0.243628 -0.082411 -0.024104 
 -0.252239 -0.104884 -0.000267 
 -0.244224 -0.123047 0.002348 
 -0.236208 -0.141210 0.004963 
 -0.261282 -0.168364 0.050073 
 -0.253225 -0.186620 0.052701 
 -0.228666 -0.200287 0.034069 
 -0.237113 -0.223131 0.057958 
 -0.229056 -0.241387 0.060587 
 -0.237442 -0.264371 0.084497 
 -0.229365 -0.282673 0.087132 
 -0.221289 -0.300975 0.089767 
 -0.213212 -0.319277 0.092403 
 -0.213315 -0.340036 0.105692 
 -0.205228 -0.358361 0.108330 
 -0.197141 -0.376687 0.110969 
 -0.180905 -0.392485 0.102944 
 -0.140272 -0.400588 0.062910 
 -0.132236 -0.418797 0.065532 
 -0.107963 -0.431814 0.046806 
 -0.099948 -0.449977 0.049421 
 -0.108128 -0.473425 0.073397 
 -0.067742 -0.480970 0.033283 
 -0.059747 -0.499086 0.035891 
 -0.067887 -0.522628 0.059882 
 -0.059871 -0.540790 0.062497 
 -0.051856 -0.558953 0.065112 
 -0.059914 -0.582680 0.089128 
 -0.370637 0.182922 -0.083194 
 -0.345699 0.168510 -0.101693 
 -0.354668 0.146736 -0.077984 
 -0.388965 0.119208 -0.022588 
 -0.364037 0.104819 -0.041089 
 -0.372893 0.082790 -0.017344 
 -0.331155 0.072407 -0.056995 
 -0.323161 0.054290 -0.054387 
 -0.315166 0.036174 -0.051778 
 -0.307171 0.018058 -0.049170 
 -0.290792 0.001991 -0.057143 
 -0.282807 -0.016102 -0.054538 
 -0.274823 -0.034195 -0.051933 
 -0.266838 -0.052288 -0.049327 
 -0.267197 -0.072524 -0.036127 
 -0.250869 -0.088474 -0.044117 
 -0.251207 -0.108756 -0.030910 
 -0.243212 -0.126873 -0.028302 
 -0.235218 -0.144989 -0.025693 
 -0.260392 -0.172139 0.019362 
 -0.268920 -0.194912 0.043214 
 -0.244320 -0.208558 0.024606 
 -0.236284 -0.226767 0.027228 
 -0.244751 -0.249679 0.051099 
 -0.253176 -0.272684 0.074985 
 -0.245100 -0.290986 0.077620 
 -0.237023 -0.309288 0.080256 
 -0.228946 -0.327590 0.082891 
 -0.220869 -0.345892 0.085526 
 -0.212792 -0.364194 0.088161 
 -0.204716 -0.382496 0.090797 
 -0.180300 -0.395724 0.072128 
 -0.155926 -0.408859 0.053446 
 -0.147890 -0.427068 0.056068 
 -0.123578 -0.440064 0.037366 
 -0.131819 -0.463487 0.061312 
 -0.123783 -0.481696 0.063934 
 -0.099532 -0.494552 0.045212 
 -0.091516 -0.512715 0.047827 
 -0.083501 -0.530878 0.050442 
 -0.075486 -0.549040 0.053057 
 -0.067470 -0.567203 0.055673 
 -0.404619 0.110937 -0.032051 
 -0.379652 0.096569 -0.050528 
 -0.371636 0.078407 -0.047913 
 -0.346730 0.064178 -0.066411 
 -0.355606 0.042081 -0.042683 
 -0.330740 0.027945 -0.061194 
 -0.322746 0.009829 -0.058585 
 -0.314751 -0.008287 -0.055977 
 -0.306756 -0.026404 -0.053368 
 -0.298761 -0.044520 -0.050760 
 -0.282393 -0.060506 -0.058731 
 -0.274408 -0.078600 -0.056125 
 -0.266423 -0.096693 -0.053520 
 -0.258439 -0.114786 -0.050915 
 -0.250454 -0.132879 -0.048310 
 -0.250792 -0.153218 -0.035109 
 -0.276046 -0.180410 0.009899 
 -0.268010 -0.198619 0.012520 
 -0.259974 -0.216829 0.015142 
 -0.251939 -0.235038 0.017764 
 -0.260445 -0.257971 0.041612 
 -0.252389 -0.276227 0.044240 
 -0.244332 -0.294482 0.046869 
 -0.236276 -0.312738 0.049497 
 -0.244680 -0.335903 0.073379 
 -0.236603 -0.354205 0.076014 
 -0.228527 -0.372508 0.078650 
 -0.204051 -0.385760 0.060012 
 -0.179616 -0.398921 0.041361 
 -0.171580 -0.417130 0.043983 
 -0.163545 -0.435339 0.046605 
 -0.139192 -0.448314 0.027927 
 -0.147473 -0.471758 0.051848 
 -0.139437 -0.489967 0.054470 
 -0.115146 -0.502802 0.035773 
 -0.107131 -0.520965 0.038388 
 -0.099115 -0.539127 0.041003 
 -0.091100 -0.557290 0.043618 
 -0.420273 0.102666 -0.041515 
 -0.395266 0.088320 -0.059967 
 -0.404202 0.066248 -0.036271 
 -0.396166 0.048039 -0.033649 
 -0.371220 0.033831 -0.052122 
 -0.363205 0.015668 -0.049507 
 -0.355189 -0.002494 -0.046892 
 -0.330325 -0.016516 -0.065392 
 -0.339159 -0.038820 -0.041661 
 -0.314335 -0.052749 -0.060175 
 -0.297947 -0.068725 -0.068134 
 -0.298346 -0.088981 -0.054958 
 -0.290351 -0.107097 -0.052349 
 -0.282356 -0.125214 -0.049741 
 -0.274361 -0.143330 -0.047132 
 -0.266366 -0.161446 -0.044524 
 -0.291700 -0.188681 0.000435 
 -0.283665 -0.206890 0.003057 
 -0.275629 -0.225100 0.005679 
 -0.267593 -0.243309 0.008301 
 -0.259557 -0.261518 0.010922 
 -0.268083 -0.284519 0.034753 
 -0.260027 -0.302774 0.037381 
 -0.251970 -0.321030 0.040010 
 -0.243914 -0.339286 0.042638 
 -0.235858 -0.357541 0.045267 
 -0.227801 -0.375797 0.047895 
 -0.219745 -0.394053 0.050524 
 -0.195271 -0.407192 0.031897 
 -0.187235 -0.425401 0.034519 
 -0.179199 -0.443610 0.037141 
 -0.154806 -0.456563 0.018488 
 -0.146791 -0.474726 0.021103 
 -0.138776 -0.492889 0.023718 
 -0.130760 -0.511052 0.026333 
 -0.122745 -0.529214 0.028948 
 -0.114730 -0.547377 0.031564 
 -0.106714 -0.565540 0.034179 
 -0.426911 0.116395 -0.074637 
 -0.418896 0.098232 -0.072022 
 -0.410880 0.080070 -0.069407 
 -0.402865 0.061907 -0.066792 
 -0.411820 0.039768 -0.043113 
 -0.403784 0.021559 -0.040491 
 -0.395749 0.003349 -0.037869 
 -0.387713 -0.014860 -0.035247 
 -0.362789 -0.028907 -0.053716 
 -0.354773 -0.047070 -0.051101 
 -0.346758 -0.065232 -0.048486 
 -0.321915 -0.079094 -0.066982 
 -0.313920 -0.097210 -0.064373 
 -0.305925 -0.115326 -0.061765 
 -0.297931 -0.133443 -0.059156 
 -0.289936 -0.151559 -0.056548 
 -0.281941 -0.169675 -0.053939 
 -0.273946 -0.187791 -0.051331 
 -0.299319 -0.215161 -0.006407 
 -0.291283 -0.233370 -0.003785 
 -0.266605 -0.246860 -0.022334 
 -0.275211 -0.269789 0.001459 
 -0.283777 -0.292811 0.025265 
 -0.275721 -0.311066 0.027893 
 -0.267665 -0.329322 0.030522 
 -0.259608 -0.347578 0.033151 
 -0.235032 -0.360835 0.014568 
 -0.243496 -0.384089 0.038408 
 -0.235439 -0.402345 0.041036 
 -0.210925 -0.415463 0.022434 
 -0.202889 -0.433672 0.025056 
 -0.194853 -0.451881 0.027678 
 -0.186817 -0.470090 0.030300 
 -0.178782 -0.488299 0.032921 
 -0.170746 -0.506509 0.035543 
 -0.146375 -0.519302 0.016894 
 -0.138360 -0.537464 0.019509 
 -0.130344 -0.555627 0.022124 
 -0.442525 0.108145 -0.084077 
 -0.434510 0.089983 -0.081461 
 -0.426495 0.071820 -0.078846 
 -0.435510 0.049706 -0.055198 
 -0.427475 0.031497 -0.052576 
 -0.419439 0.013288 -0.049954 
 -0.411403 -0.004922 -0.047332 
 -0.403367 -0.023131 -0.044711 
 -0.395331 -0.041340 -0.042089 
 -0.387296 -0.059549 -0.039467 
 -0.379260 -0.077758 -0.036845 
 -0.329056 -0.085161 -0.086940 
 -0.329495 -0.105439 -0.073788 
 -0.313087 -0.121347 -0.081730 
 -0.313505 -0.141671 -0.068571 
 -0.305510 -0.159788 -0.065963 
 -0.297516 -0.177904 -0.063354 
 -0.289521 -0.196020 -0.060746 
 -0.281526 -0.214137 -0.058137 
 -0.306937 -0.241641 -0.013248 
 -0.298902 -0.259851 -0.010626 
 -0.290866 -0.278060 -0.008005 
 -0.282830 -0.296269 -0.005383 
 -0.274794 -0.314478 -0.002761 
 -0.283359 -0.337614 0.021034 
 -0.275302 -0.355870 0.023663 
 -0.250687 -0.369106 0.005105 
 -0.259190 -0.392381 0.028920 
 -0.251133 -0.410637 0.031549 
 -0.226579 -0.423734 0.012970 
 -0.218543 -0.441943 0.015592 
 -0.210508 -0.460152 0.018214 
 -0.202472 -0.478361 0.020836 
 -0.194436 -0.496570 0.023458 
 -0.186400 -0.514780 0.026080 
 -0.161989 -0.527551 0.007455 
 -0.458140 0.099896 -0.093516 
 -0.450124 0.081733 -0.090901 
 -0.442109 0.063570 -0.088286 
 -0.468236 0.037463 -0.043653 
 -0.443129 0.023226 -0.062040 
 -0.435093 0.005017 -0.059418 
 -0.427057 -0.013193 -0.056796 
 -0.436010 -0.035560 -0.033139 
 -0.410986 -0.049611 -0.051552 
 -0.419898 -0.072071 -0.027881 
 -0.377987 -0.081732 -0.067364 
 -0.353064 -0.095551 -0.085812 
 -0.361956 -0.118058 -0.062134 
 -0.337074 -0.131784 -0.080595 
 -0.345925 -0.154383 -0.056903 
 -0.337910 -0.172546 -0.054288 
 -0.329895 -0.190709 -0.051673 
 -0.321879 -0.208871 -0.049058 
 -0.313864 -0.227034 -0.046443 
 -0.322592 -0.249912 -0.022712 
 -0.331278 -0.272883 0.001033 
 -0.323222 -0.291139 0.003661 
 -0.315166 -0.309395 0.006290 
 -0.307109 -0.327650 0.008918 
 -0.299053 -0.345906 0.011547 
 -0.290997 -0.364162 0.014175 
 -0.266341 -0.377377 -0.004359 
 -0.258305 -0.395586 -0.001737 
 -0.250269 -0.413795 0.000885 
 -0.242234 -0.432004 0.003507 
 -0.234198 -0.450214 0.006129 
 -0.226162 -0.468423 0.008751 
 -0.218126 -0.486632 0.011373 
 -0.210090 -0.504841 0.013994 
 -0.202054 -0.523051 0.016616 
 -0.177604 -0.535801 -0.001985 
 -0.473754 0.091646 -0.102955 
 -0.465739 0.073483 -0.100340 
 -0.440592 0.059267 -0.118704 
 -0.466819 0.033164 -0.074125 
 -0.458783 0.014955 -0.071503 
 -0.467817 -0.007340 -0.047883 
 -0.459761 -0.025596 -0.045255 
 -0.451705 -0.043852 -0.042626 
 -0.443648 -0.062107 -0.039998 
 -0.435592 -0.080363 -0.037369 
 -0.427536 -0.098619 -0.034741 
 -0.385586 -0.108145 -0.074188 
 -0.377570 -0.126307 -0.071573 
 -0.369555 -0.144470 -0.068958 
 -0.361540 -0.162633 -0.066343 
 -0.353524 -0.180796 -0.063728 
 -0.345509 -0.198958 -0.061112 
 -0.337494 -0.217121 -0.058497 
 -0.346282 -0.239974 -0.034797 
 -0.338246 -0.258183 -0.032175 
 -0.346973 -0.281175 -0.008455 
 -0.338916 -0.299431 -0.005826 
 -0.330860 -0.317687 -0.003198 
 -0.322804 -0.335942 -0.000569 
 -0.314747 -0.354198 0.002059 
 -0.306691 -0.372454 0.004688 
 -0.298635 -0.390709 0.007316 
 -0.273960 -0.403857 -0.011200 
 -0.265924 -0.422066 -0.008578 
 -0.257888 -0.440275 -0.005957 
 -0.249852 -0.458485 -0.003335 
 -0.241816 -0.476694 -0.000713 
 -0.233781 -0.494903 0.001909 
 -0.225745 -0.513112 0.004531 
 -0.201233 -0.525888 -0.014039 
 -0.481353 0.065233 -0.109779 
 -0.456166 0.051038 -0.128119 
 -0.499624 0.020879 -0.062628 
 -0.491568 0.002623 -0.060000 
 -0.483512 -0.015632 -0.057371 
 -0.492545 -0.038042 -0.033761 
 -0.484468 -0.056344 -0.031126 
 -0.459343 -0.070399 -0.049485 
 -0.451286 -0.088655 -0.046857 
 -0.443230 -0.106911 -0.044228 
 -0.418187 -0.120781 -0.062614 
 -0.410151 -0.138990 -0.059992 
 -0.402115 -0.157199 -0.057370 
 -0.394080 -0.175408 -0.054748 
 -0.386044 -0.193617 -0.052126 
 -0.378008 -0.211827 -0.049504 
 -0.369972 -0.230036 -0.046882 
 -0.378780 -0.252956 -0.023200 
 -0.370723 -0.271212 -0.020571 
 -0.362667 -0.289467 -0.017943 
 -0.354611 -0.307723 -0.015314 
 -0.346554 -0.325979 -0.012686 
 -0.338498 -0.344234 -0.010057 
 -0.330442 -0.362490 -0.007428 
 -0.322385 -0.380746 -0.004800 
 -0.314329 -0.399001 -0.002171 
 -0.306273 -0.417257 0.000457 
 -0.281578 -0.430337 -0.018042 
 -0.273542 -0.448546 -0.015420 
 -0.265506 -0.466756 -0.012798 
 -0.257471 -0.484965 -0.010176 
 -0.249435 -0.503174 -0.007554 
 -0.241399 -0.521383 -0.004933 
 -0.515318 0.012587 -0.072116 
 -0.507262 -0.005669 -0.069487 
 -0.516356 -0.028053 -0.045908 
 -0.508279 -0.046355 -0.043273 
 -0.500202 -0.064657 -0.040638 
 -0.492125 -0.082959 -0.038002 
 -0.484049 -0.101261 -0.035367 
 -0.458924 -0.115203 -0.053716 
 -0.450868 -0.133458 -0.051087 
 -0.442812 -0.151714 -0.048459 
 -0.434755 -0.169970 -0.045830 
 -0.409734 -0.183679 -0.064212 
 -0.401698 -0.201888 -0.061590 
 -0.393662 -0.220098 -0.058968 
 -0.385626 -0.238307 -0.056346 
 -0.377591 -0.256516 -0.053724 
 -0.386417 -0.279504 -0.030059 
 -0.378361 -0.297759 -0.027430 
 -0.370305 -0.316015 -0.024802 
 -0.362248 -0.334271 -0.022173 
 -0.354192 -0.352526 -0.019545 
 -0.362896 -0.375793 0.004162 
 -0.354820 -0.394095 0.006797 
 -0.330023 -0.407293 -0.011659 
 -0.321967 -0.425549 -0.009030 
 -0.313911 -0.443805 -0.006402 
 -0.289197 -0.456817 -0.024884 
 -0.281161 -0.475027 -0.022262 
 -0.273125 -0.493236 -0.019640 
 -0.265089 -0.511445 -0.017018 
 -0.522956 -0.013961 -0.078975 
 -0.532090 -0.036366 -0.055420 
 -0.524013 -0.054668 -0.052785 
 -0.515936 -0.072970 -0.050149 
 -0.507860 -0.091272 -0.047514 
 -0.499783 -0.109574 -0.044879 
 -0.474619 -0.123495 -0.063203 
 -0.483629 -0.146179 -0.039608 
 -0.458506 -0.160006 -0.057946 
 -0.450450 -0.178262 -0.055318 
 -0.442393 -0.196517 -0.052689 
 -0.417352 -0.210159 -0.071053 
 -0.409316 -0.228368 -0.068431 
 -0.401281 -0.246578 -0.065809 
 -0.410168 -0.269540 -0.042175 
 -0.402112 -0.287796 -0.039546 
 -0.394055 -0.306052 -0.036918 
 -0.402861 -0.329200 -0.013256 
 -0.394784 -0.347502 -0.010621 
 -0.369886 -0.360818 -0.029032 
 -0.378631 -0.384106 -0.005350 
 -0.370554 -0.402408 -0.002715 
 -0.345717 -0.415585 -0.021147 
 -0.337661 -0.433841 -0.018518 
 -0.329605 -0.452097 -0.015889 
 -0.304851 -0.465088 -0.034347 
 -0.313492 -0.488608 -0.010632 
 -0.288779 -0.501507 -0.029103 
 -0.538651 -0.022253 -0.088462 
 -0.547824 -0.044679 -0.064932 
 -0.539748 -0.062981 -0.062296 
 -0.531671 -0.081283 -0.059661 
 -0.523594 -0.099585 -0.057026 
 -0.515517 -0.117888 -0.054391 
 -0.507440 -0.136190 -0.051755 
 -0.499363 -0.154492 -0.049120 
 -0.474200 -0.168298 -0.067434 
 -0.466144 -0.186554 -0.064805 
 -0.458087 -0.204809 -0.062177 
 -0.450031 -0.223065 -0.059548 
 -0.441975 -0.241321 -0.056920 
 -0.433918 -0.259576 -0.054291 
 -0.425862 -0.277832 -0.051663 
 -0.434749 -0.300909 -0.028038 
 -0.426672 -0.319211 -0.025403 
 -0.418595 -0.337513 -0.022768 
 -0.410519 -0.355815 -0.020132 
 -0.402442 -0.374117 -0.017497 
 -0.394365 -0.392419 -0.014862 
 -0.386288 -0.410722 -0.012227 
 -0.378211 -0.429024 -0.009592 
 -0.370134 -0.447326 -0.006956 
 -0.362058 -0.465628 -0.004321 
 -0.337243 -0.478644 -0.022748 
 -0.563559 -0.052992 -0.074443 
 -0.555482 -0.071294 -0.071808 
 -0.556019 -0.091739 -0.058728 
 -0.547932 -0.110064 -0.056089 
 -0.539845 -0.128389 -0.053450 
 -0.523174 -0.144503 -0.061267 
 -0.523671 -0.165040 -0.048173 
 -0.507021 -0.181107 -0.055997 
 -0.507497 -0.201691 -0.042896 
 -0.490867 -0.217711 -0.050726 
 -0.465725 -0.231357 -0.069036 
 -0.474714 -0.254316 -0.045456 
 -0.466637 -0.272618 -0.042820 
 -0.458560 -0.290920 -0.040185 
 -0.450483 -0.309222 -0.037550 
 -0.442406 -0.327524 -0.034915 
 -0.434329 -0.345826 -0.032279 
 -0.426253 -0.364128 -0.029644 
 -0.418176 -0.382430 -0.027009 
 -0.410099 -0.400733 -0.024374 
 -0.402022 -0.419035 -0.021739 
 -0.393945 -0.437337 -0.019103 
 -0.385869 -0.455639 -0.016468 
 -0.571773 -0.100062 -0.068251 
 -0.580934 -0.122740 -0.044740 
 -0.555599 -0.136713 -0.062974 
 -0.538909 -0.152816 -0.070779 
 -0.539425 -0.173364 -0.057697 
 -0.522755 -0.189420 -0.065508 
 -0.514678 -0.207722 -0.062873 
 -0.506601 -0.226024 -0.060238 
 -0.481420 -0.239649 -0.078524 
 -0.490448 -0.262629 -0.054967 
 -0.482371 -0.280931 -0.052332 
 -0.474294 -0.299233 -0.049697 
 -0.466217 -0.317535 -0.047062 
 -0.458140 -0.335837 -0.044426 
 -0.450064 -0.354139 -0.041791 
 -0.441987 -0.372441 -0.039156 
 -0.433910 -0.390744 -0.036521 
 -0.425833 -0.409046 -0.033886 
 -0.426206 -0.429919 -0.020757 
 -0.409680 -0.445650 -0.028615 
 -0.587528 -0.108386 -0.077775 
 -0.596728 -0.131085 -0.054288 
 -0.588621 -0.149456 -0.051642 
 -0.580513 -0.167828 -0.048997 
 -0.572406 -0.186200 -0.046352 
 -0.564298 -0.204572 -0.043706 
 -0.556191 -0.222944 -0.041061 
 -0.548083 -0.241315 -0.038416 
 -0.522831 -0.254989 -0.056667 
 -0.514744 -0.273314 -0.054028 
 -0.506657 -0.291640 -0.051389 
 -0.498570 -0.309965 -0.048751 
 -0.490483 -0.328290 -0.046112 
 -0.473875 -0.344150 -0.053938 
 -0.465798 -0.362452 -0.051303 
 -0.457721 -0.380755 -0.048668 
 -0.449644 -0.399057 -0.046033 
 -0.450047 -0.419917 -0.032919 
 -0.441960 -0.438242 -0.030281 
 -0.629851 -0.143824 -0.043010 
 -0.621723 -0.162242 -0.040358 
 -0.613594 -0.180660 -0.037706 
 -0.605466 -0.199079 -0.035054 
 -0.597338 -0.217497 -0.032402 
 -0.589210 -0.235915 -0.029750 
 -0.581082 -0.254333 -0.027098 
 -0.555769 -0.268032 -0.045319 
 -0.547662 -0.286404 -0.042673 
 -0.539554 -0.304776 -0.040028 
 -0.548570 -0.328006 -0.016490 
 -0.540442 -0.346425 -0.013838 
 -0.515232 -0.359891 -0.032092 
 -0.507124 -0.378263 -0.029447 
 -0.499016 -0.396635 -0.026802 
 -0.490909 -0.415006 -0.024156 
 -0.645685 -0.152190 -0.052582 
 -0.637556 -0.170608 -0.049930 
 -0.629428 -0.189026 -0.047278 
 -0.621300 -0.207444 -0.044626 
 -0.613172 -0.225863 -0.041974 
 -0.605044 -0.244281 -0.039322 
 -0.596916 -0.262699 -0.036670 
 -0.588788 -0.281117 -0.034018 
 -0.580660 -0.299536 -0.031366 
 -0.572532 -0.317954 -0.028714 
 -0.564404 -0.336372 -0.026062 
 -0.556276 -0.354790 -0.023410 
 -0.548148 -0.373209 -0.020758 
 -0.540020 -0.391627 -0.018106 
 -0.645263 -0.197392 -0.056850 
 -0.637134 -0.215810 -0.054198 
 -0.646332 -0.238851 -0.030743 
 -0.638184 -0.257316 -0.028084 
 -0.630035 -0.275780 -0.025425 
 -0.621886 -0.294245 -0.022767 
 -0.613738 -0.312710 -0.020108 
 -0.605589 -0.331174 -0.017450 
 -0.597441 -0.349639 -0.014791 
 -0.662206 -0.247238 -0.040339 
 -0.671403 -0.270392 -0.016894 
 -0.645909 -0.284167 -0.035022 
 -0.655065 -0.307415 -0.011563 
 -0.646896 -0.325926 -0.008898 
 -0.638727 -0.344437 -0.006232 
 -0.669932 -0.274090 -0.047277 
 -0.679148 -0.297312 -0.023849 
 -0.679651 -0.318225 -0.010796 
 -0.671472 -0.336759 -0.008127 
 -0.703231 -0.287209 -0.036135 
 -0.695062 -0.305720 -0.033469 
 -0.695585 -0.326643 -0.020428 
 -0.719145 -0.295617 -0.045755 
 -0.710976 -0.314128 -0.043090 
 