0.421231 0.419513 0.127704 
 0.406539 0.432886 0.125131 
 0.391848 0.446258 0.122559 
 0.377156 0.459631 0.119986 
 0.362465 0.473003 0.117413 
 0.343318 0.481252 0.127181 
 0.328607 0.494642 0.124605 
 0.313896 0.508033 0.122028 
 0.299185 0.521423 0.119452 
 0.284474 0.534813 0.116876 
 -0.038592 0.883942 -0.018423 
 -0.053186 0.897226 -0.020979 
 -0.067200 0.937517 -0.062796 
 -0.081736 0.950748 -0.065341 
 0.433125 0.402425 0.097396 
 0.409727 0.405300 0.119524 
 0.403820 0.429099 0.092264 
 0.380343 0.432045 0.114378 
 0.365652 0.445418 0.111805 
 0.350960 0.458790 0.109233 
 0.336269 0.472163 0.106660 
 0.321577 0.485535 0.104087 
 0.306886 0.498907 0.101514 
 0.287666 0.507191 0.111261 
 0.272955 0.520581 0.108685 
 0.258244 0.533971 0.106109 
 -0.006237 0.829972 -0.018882 
 -0.020831 0.843255 -0.021438 
 -0.035426 0.856539 -0.023994 
 -0.039990 0.879116 -0.051019 
 -0.054545 0.892364 -0.053567 
 -0.064047 0.910224 -0.068344 
 -0.078583 0.923455 -0.070889 
 -0.093118 0.936685 -0.073435 
 -0.112767 0.945358 -0.063763 
 -0.127322 0.958607 -0.066312 
 -0.141877 0.971855 -0.068861 
 -0.156433 0.985104 -0.071410 
 0.427605 0.364342 0.116489 
 0.412914 0.377715 0.113916 
 0.398222 0.391087 0.111343 
 0.383530 0.404460 0.108771 
 0.368839 0.417832 0.106198 
 0.354147 0.431205 0.103625 
 0.339456 0.444577 0.101052 
 0.324764 0.457949 0.098479 
 0.310073 0.471322 0.095907 
 0.295381 0.484694 0.093334 
 0.280690 0.498067 0.090761 
 0.261435 0.506349 0.100494 
 0.246724 0.519739 0.097917 
 0.011348 0.733982 0.056698 
 0.001550 0.752144 0.041878 
 -0.013142 0.765516 0.039306 
 -0.012976 0.793097 0.000021 
 -0.017665 0.815852 -0.027009 
 -0.032260 0.829136 -0.029564 
 -0.036832 0.851786 -0.056574 
 -0.051388 0.865035 -0.059123 
 -0.060893 0.882931 -0.073892 
 -0.075429 0.896161 -0.076437 
 -0.089965 0.909392 -0.078983 
 -0.104501 0.922623 -0.081529 
 -0.124164 0.931277 -0.071868 
 -0.149014 0.935408 -0.050010 
 -0.163608 0.948691 -0.052566 
 -0.178202 0.961975 -0.055122 
 0.430792 0.336757 0.110881 
 0.416101 0.350129 0.108309 
 0.401409 0.363502 0.105736 
 0.386718 0.376874 0.103163 
 0.372026 0.390246 0.100590 
 0.357334 0.403619 0.098017 
 0.342643 0.416991 0.095445 
 0.327951 0.430364 0.092872 
 0.313260 0.443736 0.090299 
 0.298568 0.457109 0.087726 
 0.283877 0.470481 0.085154 
 0.269185 0.483854 0.082581 
 0.249915 0.492117 0.092302 
 0.235204 0.505507 0.089726 
 0.014539 0.706360 0.051083 
 -0.000172 0.719750 0.048507 
 -0.009954 0.737930 0.033698 
 -0.024646 0.751303 0.031125 
 -0.024434 0.778940 -0.008127 
 -0.039068 0.792259 -0.010689 
 -0.043688 0.815017 -0.037690 
 -0.058282 0.828301 -0.040246 
 -0.062785 0.850953 -0.067228 
 -0.077341 0.864202 -0.069777 
 -0.091896 0.877450 -0.072326 
 -0.106451 0.890699 -0.074874 
 -0.121007 0.903947 -0.077423 
 -0.135562 0.917196 -0.079972 
 -0.160442 0.921289 -0.058136 
 -0.175036 0.934573 -0.060692 
 -0.189631 0.947856 -0.063248 
 -0.204225 0.961140 -0.065804 
 0.433979 0.309171 0.105274 
 0.419288 0.322544 0.102701 
 0.404596 0.335916 0.100128 
 0.389905 0.349288 0.097555 
 0.375213 0.362661 0.094983 
 0.360522 0.376033 0.092410 
 0.345830 0.389406 0.089837 
 0.331139 0.402778 0.087264 
 0.316447 0.416151 0.084691 
 0.301755 0.429523 0.082119 
 0.296135 0.453258 0.054958 
 0.281482 0.466595 0.052392 
 0.266829 0.479932 0.049826 
 0.242989 0.483013 0.071828 
 0.228298 0.496386 0.069255 
 0.003019 0.692128 0.042892 
 -0.011692 0.705518 0.040316 
 -0.021459 0.723717 0.025518 
 -0.026223 0.746673 -0.001493 
 -0.035893 0.764783 -0.016275 
 -0.050526 0.778103 -0.018837 
 -0.055116 0.800898 -0.045817 
 -0.069710 0.814182 -0.048372 
 -0.074183 0.836872 -0.075332 
 -0.088739 0.850120 -0.077881 
 -0.103294 0.863369 -0.080430 
 -0.117849 0.876617 -0.082979 
 -0.132405 0.889866 -0.085528 
 -0.146960 0.903114 -0.088077 
 -0.171870 0.907170 -0.066263 
 -0.186465 0.920454 -0.068818 
 -0.201059 0.933737 -0.071374 
 -0.215653 0.947021 -0.073930 
 0.437167 0.281586 0.099666 
 0.422475 0.294958 0.097093 
 0.407783 0.308330 0.094521 
 0.393092 0.321703 0.091948 
 0.378400 0.335075 0.089375 
 0.363709 0.348448 0.086802 
 0.349017 0.361820 0.084229 
 0.334326 0.375193 0.081657 
 0.319634 0.388565 0.079084 
 0.304943 0.401938 0.076511 
 0.290251 0.415310 0.073938 
 0.275559 0.428683 0.071366 
 0.260868 0.442055 0.068793 
 0.246176 0.455427 0.066220 
 0.231485 0.468800 0.063647 
 0.216793 0.482172 0.061074 
 -0.008500 0.677896 0.034701 
 -0.023211 0.691286 0.032125 
 -0.023045 0.719160 -0.007086 
 -0.037697 0.732497 -0.009652 
 -0.047352 0.750627 -0.024423 
 -0.061985 0.763946 -0.026985 
 -0.066544 0.786779 -0.053943 
 -0.081139 0.800063 -0.056499 
 -0.085581 0.822791 -0.083437 
 -0.100136 0.836039 -0.085986 
 -0.114692 0.849288 -0.088535 
 -0.129247 0.862536 -0.091084 
 -0.143802 0.875785 -0.093632 
 -0.168704 0.879767 -0.071833 
 -0.183298 0.893051 -0.074389 
 -0.197893 0.906335 -0.076945 
 -0.212487 0.919618 -0.079500 
 -0.227081 0.932902 -0.082056 
 0.520392 0.228020 0.042716 
 0.492976 0.224851 0.077130 
 0.478324 0.238188 0.074564 
 0.463671 0.251525 0.071998 
 0.449018 0.264862 0.069432 
 0.434366 0.278199 0.066866 
 0.419713 0.291536 0.064300 
 0.396279 0.294117 0.086340 
 0.390408 0.318211 0.059168 
 0.375755 0.331548 0.056602 
 0.352204 0.334235 0.078622 
 0.337513 0.347607 0.076049 
 0.322821 0.360980 0.073476 
 0.308130 0.374352 0.070903 
 0.293438 0.387725 0.068331 
 0.278747 0.401097 0.065758 
 0.264055 0.414469 0.063185 
 0.249363 0.427842 0.060612 
 0.234672 0.441214 0.058040 
 0.219980 0.454587 0.055467 
 0.205289 0.467959 0.052894 
 -0.015141 0.640474 0.053507 
 -0.015085 0.668546 0.014302 
 -0.029776 0.681919 0.011730 
 -0.034519 0.704985 -0.015245 
 -0.049171 0.718322 -0.017811 
 -0.058811 0.736470 -0.032570 
 -0.063378 0.759377 -0.059513 
 -0.077973 0.772660 -0.062069 
 -0.082423 0.795461 -0.088992 
 -0.096979 0.808709 -0.091541 
 -0.111534 0.821958 -0.094090 
 -0.126089 0.835206 -0.096639 
 -0.140645 0.848455 -0.099188 
 -0.155200 0.861703 -0.101737 
 -0.180132 0.865648 -0.079959 
 -0.194727 0.878932 -0.082515 
 -0.219776 0.882983 -0.060759 
 -0.234409 0.896302 -0.063321 
 -0.238510 0.918783 -0.090182 
 0.508964 0.213901 0.034590 
 0.481502 0.210676 0.068971 
 0.466850 0.224013 0.066405 
 0.456525 0.242818 0.051534 
 0.437544 0.250687 0.061273 
 0.414158 0.253159 0.083305 
 0.399466 0.266532 0.080733 
 0.384775 0.279904 0.078160 
 0.383359 0.309414 0.038721 
 0.368726 0.322734 0.036158 
 0.354093 0.336053 0.033596 
 0.326008 0.333394 0.067869 
 0.311317 0.346766 0.065296 
 0.296625 0.360139 0.062723 
 0.281934 0.373511 0.060150 
 0.267242 0.386884 0.057578 
 0.252551 0.400256 0.055005 
 0.237859 0.413629 0.052432 
 0.223167 0.427001 0.049859 
 0.208476 0.440374 0.047286 
 0.193784 0.453746 0.044714 
 -0.011897 0.640961 0.008695 
 -0.026589 0.654333 0.006122 
 -0.041281 0.667706 0.003549 
 -0.041003 0.695675 -0.035593 
 -0.055636 0.708994 -0.038156 
 -0.060212 0.731974 -0.065084 
 -0.074807 0.745258 -0.067640 
 -0.079266 0.768131 -0.094548 
 -0.103995 0.771825 -0.072751 
 -0.108377 0.794628 -0.099646 
 -0.122932 0.807876 -0.102195 
 -0.137487 0.821125 -0.104744 
 -0.152042 0.834373 -0.107293 
 -0.166598 0.847622 -0.109842 
 -0.191561 0.851529 -0.088086 
 -0.206155 0.864813 -0.090641 
 -0.231234 0.868826 -0.068906 
 -0.245868 0.882145 -0.071469 
 0.512130 0.186499 0.029020 
 0.497535 0.199782 0.026464 
 0.474333 0.202022 0.048511 
 0.459699 0.215342 0.045948 
 0.445066 0.228661 0.043386 
 0.430433 0.241980 0.040823 
 0.415800 0.255300 0.038261 
 0.396765 0.263186 0.047983 
 0.382112 0.276523 0.045417 
 0.371900 0.295258 0.030573 
 0.352807 0.303197 0.040285 
 0.338155 0.316534 0.037719 
 0.314504 0.319181 0.059688 
 0.299812 0.332553 0.057115 
 0.285121 0.345926 0.054543 
 0.270429 0.359298 0.051970 
 0.251161 0.367397 0.061651 
 0.241046 0.386043 0.046824 
 0.226355 0.399416 0.044252 
 0.211663 0.412788 0.041679 
 0.183008 0.410551 0.075826 
 0.168258 0.423977 0.073243 
 -0.023491 0.598509 0.039664 
 -0.023402 0.626747 0.000514 
 -0.038093 0.640120 -0.002059 
 -0.052785 0.653492 -0.004631 
 -0.052462 0.681518 -0.043741 
 -0.067095 0.694837 -0.046304 
 -0.071641 0.717855 -0.073210 
 -0.086235 0.731139 -0.075766 
 -0.100829 0.744422 -0.078322 
 -0.105219 0.767298 -0.105201 
 -0.119774 0.780547 -0.107750 
 -0.134330 0.793795 -0.110299 
 -0.148885 0.807044 -0.112848 
 -0.163440 0.820292 -0.115397 
 -0.177996 0.833540 -0.117946 
 -0.202989 0.837410 -0.096212 
 -0.217583 0.850694 -0.098767 
 0.500701 0.172380 0.020893 
 0.486107 0.185663 0.018338 
 0.471513 0.198947 0.015782 
 0.456919 0.212231 0.013226 
 0.442324 0.225515 0.010670 
 0.427730 0.238799 0.008115 
 0.413136 0.252083 0.005559 
 0.398542 0.265367 0.003003 
 0.375075 0.267782 0.024988 
 0.360442 0.281101 0.022425 
 0.341333 0.289021 0.032126 
 0.317691 0.291595 0.054081 
 0.302999 0.304968 0.051508 
 0.288308 0.318340 0.048935 
 0.273616 0.331713 0.046362 
 0.258925 0.345085 0.043789 
 0.239641 0.353165 0.053460 
 0.229542 0.371830 0.038644 
 0.214850 0.385202 0.036071 
 0.200159 0.398575 0.033498 
 0.171458 0.396281 0.067614 
 0.156708 0.409707 0.065031 
 -0.030137 0.560831 0.058405 
 -0.035041 0.584240 0.031451 
 -0.049791 0.597665 0.028868 
 -0.064541 0.611091 0.026285 
 -0.064289 0.639279 -0.012812 
 -0.078981 0.652652 -0.015384 
 -0.078554 0.680681 -0.054452 
 -0.083069 0.703736 -0.081336 
 -0.097663 0.717020 -0.083892 
 -0.112257 0.730303 -0.086448 
 -0.126852 0.743587 -0.089004 
 -0.141446 0.756871 -0.091559 
 -0.145727 0.779714 -0.118404 
 0.489273 0.158260 0.012767 
 0.474679 0.171544 0.010211 
 0.460085 0.184828 0.007656 
 0.445490 0.198112 0.005100 
 0.430896 0.211396 0.002544 
 0.416302 0.224680 -0.000012 
 0.401708 0.237964 -0.002567 
 0.387113 0.251248 -0.005123 
 0.363616 0.253625 0.016840 
 0.348983 0.266944 0.014277 
 0.329859 0.274846 0.023967 
 0.306187 0.277382 0.045900 
 0.291495 0.290755 0.043327 
 0.276803 0.304127 0.040755 
 0.262112 0.317500 0.038182 
 0.247420 0.330872 0.035609 
 0.228122 0.338933 0.045268 
 0.218037 0.357617 0.030464 
 0.203346 0.370989 0.027891 
 0.174657 0.368586 0.061984 
 0.159907 0.382012 0.059401 
 0.145157 0.395437 0.056818 
 0.130408 0.408863 0.054235 
 -0.046656 0.541513 0.062345 
 -0.056507 0.559984 0.047581 
 -0.061342 0.583396 0.020656 
 -0.066099 0.606736 -0.006255 
 -0.080810 0.620127 -0.008832 
 -0.090485 0.638439 -0.023565 
 -0.105177 0.651811 -0.026138 
 -0.119869 0.665184 -0.028710 
 -0.134560 0.678556 -0.031283 
 -0.149252 0.691929 -0.033856 
 -0.163943 0.705301 -0.036429 
 -0.178635 0.718673 -0.039002 
 0.486467 0.155369 -0.019911 
 0.471912 0.168618 -0.022460 
 0.448656 0.170709 -0.000471 
 0.434062 0.183993 -0.003026 
 0.419468 0.197277 -0.005582 
 0.404874 0.210561 -0.008138 
 0.390279 0.223845 -0.010694 
 0.375685 0.237129 -0.013249 
 0.352157 0.239468 0.008692 
 0.337524 0.252788 0.006129 
 0.318385 0.260670 0.015809 
 0.303733 0.274007 0.013243 
 0.279991 0.276541 0.035147 
 0.265299 0.289914 0.032574 
 0.250607 0.303286 0.030001 
 0.235916 0.316659 0.027429 
 0.216602 0.324701 0.037077 
 0.206533 0.343404 0.022283 
 0.191841 0.356776 0.019710 
 0.172469 0.364871 0.029349 
 0.148357 0.367742 0.051188 
 0.133607 0.381168 0.048605 
 0.118857 0.394593 0.046022 
 0.104107 0.408019 0.043439 
 0.089357 0.421445 0.040856 
 -0.013827 0.486751 0.061879 
 -0.028635 0.500229 0.059286 
 -0.043444 0.513708 0.056693 
 -0.058252 0.527187 0.054099 
 -0.068087 0.545677 0.039346 
 -0.072892 0.569126 0.012443 
 -0.077618 0.592504 -0.014447 
 -0.092329 0.605895 -0.017023 
 -0.101990 0.624226 -0.031745 
 -0.116681 0.637598 -0.034318 
 -0.131373 0.650970 -0.036891 
 -0.146065 0.664343 -0.039464 
 -0.160756 0.677715 -0.042036 
 -0.175448 0.691088 -0.044609 
 -0.190139 0.704460 -0.047182 
 0.481011 0.116739 -0.000930 
 0.475070 0.141288 -0.028016 
 0.460514 0.154537 -0.030565 
 0.445959 0.167785 -0.033114 
 0.431404 0.181034 -0.035663 
 0.416848 0.194282 -0.038211 
 0.393445 0.196442 -0.016264 
 0.387738 0.220779 -0.043309 
 0.373182 0.234028 -0.045858 
 0.349663 0.236294 -0.023931 
 0.326066 0.238631 -0.002018 
 0.306911 0.246495 0.007650 
 0.283178 0.248956 0.029539 
 0.268486 0.262328 0.026967 
 0.253795 0.275701 0.024394 
 0.239103 0.289073 0.021821 
 0.219793 0.297079 0.031462 
 0.195807 0.299770 0.053307 
 0.190371 0.323859 0.026310 
 0.175660 0.337249 0.023734 
 0.160949 0.350639 0.021157 
 0.146238 0.364030 0.018581 
 0.131527 0.377420 0.016005 
 0.107307 0.380324 0.037809 
 0.092557 0.393749 0.035226 
 0.077807 0.407175 0.032643 
 -0.010615 0.458946 0.056227 
 -0.035243 0.462222 0.077959 
 -0.050090 0.475736 0.075359 
 -0.064937 0.489250 0.072759 
 -0.069848 0.512861 0.045854 
 -0.084656 0.526339 0.043261 
 -0.094457 0.544831 0.028522 
 -0.099192 0.568282 0.001647 
 -0.103849 0.591663 -0.025214 
 -0.118560 0.605053 -0.027790 
 -0.133271 0.618443 -0.030366 
 -0.142877 0.636757 -0.045071 
 -0.157569 0.650130 -0.047644 
 -0.172260 0.663502 -0.050217 
 -0.186952 0.676875 -0.052790 
 -0.201644 0.690247 -0.055362 
 0.475572 0.077962 0.018022 
 0.469583 0.102620 -0.009056 
 0.463672 0.127207 -0.036120 
 0.449117 0.140455 -0.038669 
 0.434561 0.153704 -0.041218 
 0.420006 0.166952 -0.043767 
 0.405451 0.180201 -0.046316 
 0.390895 0.193449 -0.048865 
 0.376340 0.206698 -0.051414 
 0.361784 0.219946 -0.053963 
 0.338234 0.222175 -0.032057 
 0.323640 0.235459 -0.034613 
 0.299974 0.237794 -0.012729 
 0.280785 0.245656 -0.003075 
 0.266132 0.258993 -0.005641 
 0.237696 0.256066 0.028423 
 0.222985 0.269457 0.025847 
 0.208274 0.282847 0.023271 
 0.184257 0.285501 0.045094 
 0.178852 0.309627 0.018119 
 0.154757 0.312352 0.039928 
 0.149429 0.336408 0.012966 
 0.134718 0.349798 0.010390 
 0.110507 0.352629 0.032179 
 0.095757 0.366054 0.029596 
 0.081007 0.379480 0.027013 
 0.066257 0.392905 0.024430 
 -0.007402 0.431141 0.050575 
 -0.032022 0.434344 0.072292 
 -0.046869 0.447858 0.069692 
 -0.061717 0.461372 0.067092 
 -0.066635 0.485056 0.040202 
 -0.091411 0.488401 0.061892 
 -0.091249 0.517063 0.022877 
 -0.111060 0.525492 0.032422 
 -0.100658 0.564040 -0.030829 
 -0.125492 0.567438 -0.009149 
 -0.124999 0.595799 -0.048106 
 -0.144791 0.604211 -0.038558 
 -0.159502 0.617601 -0.041134 
 -0.174213 0.630991 -0.043710 
 -0.183765 0.649289 -0.058397 
 0.474448 0.044762 0.024690 
 0.464113 0.063805 0.009874 
 0.458155 0.088501 -0.017182 
 0.452274 0.113125 -0.044225 
 0.437719 0.126374 -0.046774 
 0.423163 0.139622 -0.049323 
 0.408608 0.152871 -0.051872 
 0.394053 0.166119 -0.054421 
 0.379497 0.179368 -0.056970 
 0.364942 0.192616 -0.059518 
 0.350387 0.205865 -0.062067 
 0.326806 0.208056 -0.040184 
 0.303148 0.210318 -0.018314 
 0.288515 0.223637 -0.020877 
 0.269311 0.231481 -0.011234 
 0.245477 0.233902 0.010606 
 0.226176 0.241835 0.020232 
 0.211465 0.255225 0.017656 
 0.187456 0.257806 0.039464 
 0.172707 0.271231 0.036881 
 0.157957 0.284657 0.034298 
 0.152621 0.308785 0.007351 
 0.128457 0.311508 0.029132 
 0.123199 0.335566 0.002199 
 0.098957 0.338359 0.023966 
 0.084207 0.351785 0.021383 
 0.069457 0.365210 0.018800 
 0.054707 0.378636 0.016217 
 -0.028801 0.406466 0.066625 
 -0.043649 0.419980 0.064025 
 -0.058496 0.433494 0.061425 
 -0.073343 0.447008 0.058825 
 -0.088190 0.460523 0.056225 
 -0.103037 0.474037 0.053625 
 -0.102829 0.502755 0.014642 
 -0.122656 0.511166 0.024177 
 -0.137464 0.524645 0.021583 
 -0.137042 0.553169 -0.017362 
 -0.141599 0.576589 -0.044173 
 -0.156310 0.589979 -0.046749 
 -0.171021 0.603369 -0.049325 
 -0.185732 0.616759 -0.051901 
 0.477626 0.017250 0.019097 
 0.475915 0.047814 -0.020197 
 0.461321 0.061098 -0.022752 
 0.446726 0.074382 -0.025308 
 0.432132 0.087666 -0.027864 
 0.417538 0.100949 -0.030420 
 0.402943 0.114233 -0.032975 
 0.388349 0.127517 -0.035531 
 0.373755 0.140801 -0.038087 
 0.359161 0.154085 -0.040643 
 0.344566 0.167369 -0.043198 
 0.329972 0.180653 -0.045754 
 0.306322 0.182842 -0.023900 
 0.291689 0.196161 -0.026462 
 0.272489 0.203968 -0.016826 
 0.257837 0.217305 -0.019392 
 0.233973 0.219689 0.002425 
 0.219281 0.233062 -0.000147 
 0.199945 0.240993 0.009465 
 0.185234 0.254383 0.006888 
 0.170523 0.267773 0.004312 
 0.155812 0.281163 0.001736 
 0.141101 0.294553 -0.000840 
 0.126390 0.307944 -0.003416 
 0.111679 0.321334 -0.005993 
 0.087407 0.324090 0.015753 
 0.072657 0.337515 0.013170 
 0.057907 0.350941 0.010587 
 0.033478 0.353838 0.032306 
 0.018690 0.367299 0.029716 
 -0.050262 0.381716 0.082633 
 -0.065148 0.395265 0.080026 
 -0.070122 0.419131 0.053158 
 -0.094920 0.422364 0.074812 
 -0.099816 0.446159 0.047958 
 -0.114664 0.459673 0.045358 
 -0.129511 0.473187 0.042757 
 -0.144358 0.486701 0.040157 
 -0.149060 0.510319 0.013338 
 -0.163869 0.523797 0.010745 
 -0.178677 0.537276 0.008152 
 -0.193485 0.550755 0.005558 
 0.522863 -0.019441 -0.018100 
 0.508269 -0.006157 -0.020656 
 0.493675 0.007127 -0.023211 
 0.479081 0.020411 -0.025767 
 0.464487 0.033695 -0.028323 
 0.449892 0.046979 -0.030879 
 0.435298 0.060263 -0.033434 
 0.420704 0.073547 -0.035990 
 0.406110 0.086830 -0.038546 
 0.382663 0.088769 -0.016672 
 0.368030 0.102089 -0.019235 
 0.362327 0.126682 -0.046213 
 0.338763 0.128727 -0.024360 
 0.324130 0.142046 -0.026922 
 0.309497 0.155366 -0.029485 
 0.294864 0.168685 -0.032048 
 0.280231 0.182005 -0.034610 
 0.261016 0.189793 -0.024985 
 0.237160 0.192103 -0.003182 
 0.222468 0.205476 -0.005755 
 0.207777 0.218848 -0.008328 
 0.179106 0.215841 0.025621 
 0.173715 0.240151 -0.001303 
 0.149606 0.242692 0.020455 
 0.134856 0.256118 0.017872 
 0.120106 0.269543 0.015289 
 0.114871 0.293712 -0.011608 
 0.100159 0.307102 -0.014184 
 0.066264 0.299148 0.031841 
 0.051476 0.312609 0.029251 
 0.022182 0.310168 0.063091 
 -0.002374 0.313116 0.084771 
 -0.027008 0.316135 0.106437 
 -0.041933 0.329720 0.103823 
 -0.061770 0.338075 0.113339 
 -0.076715 0.351678 0.110722 
 -0.076805 0.380864 0.071737 
 -0.081748 0.404767 0.044891 
 -0.106577 0.407963 0.066523 
 -0.111443 0.431795 0.039690 
 -0.126290 0.445309 0.037090 
 -0.131040 0.469035 0.010279 
 -0.145848 0.482514 0.007686 
 -0.160656 0.495993 0.005093 
 -0.170357 0.514524 -0.009596 
 -0.185146 0.527985 -0.012186 
 -0.199935 0.541446 -0.014776 
 0.498636 -0.051112 0.010478 
 0.488270 -0.031942 -0.004320 
 0.469331 -0.024438 0.005346 
 0.459003 -0.005303 -0.009445 
 0.444370 0.008016 -0.012007 
 0.438464 0.032860 -0.039005 
 0.415104 0.034655 -0.017132 
 0.409275 0.059428 -0.044116 
 0.394681 0.072711 -0.046672 
 0.371204 0.074613 -0.024820 
 0.356571 0.087932 -0.027383 
 0.350898 0.112563 -0.054339 
 0.327305 0.114570 -0.032508 
 0.312671 0.127890 -0.035070 
 0.298038 0.141209 -0.037633 
 0.283405 0.154529 -0.040195 
 0.268772 0.167848 -0.042758 
 0.249542 0.175617 -0.033144 
 0.225656 0.177890 -0.011363 
 0.210964 0.191263 -0.013935 
 0.196272 0.204635 -0.016508 
 0.176906 0.212529 -0.006918 
 0.162195 0.225919 -0.009494 
 0.147484 0.239309 -0.012070 
 0.123306 0.241848 0.009659 
 0.108556 0.255274 0.007076 
 0.103351 0.279480 -0.019799 
 0.079056 0.282125 0.001910 
 0.054684 0.284840 0.023606 
 0.025403 0.282290 0.057424 
 0.000855 0.285165 0.079089 
 -0.023770 0.288111 0.100740 
 -0.038695 0.301696 0.098127 
 -0.058528 0.310015 0.107635 
 -0.073473 0.323617 0.105018 
 -0.088417 0.337220 0.102401 
 -0.098395 0.356036 0.087672 
 -0.103348 0.380012 0.060841 
 -0.108222 0.403917 0.034023 
 -0.123069 0.417431 0.031423 
 -0.137916 0.430946 0.028823 
 -0.152764 0.444460 0.026223 
 -0.167611 0.457974 0.023623 
 -0.172252 0.481667 -0.003153 
 -0.187060 0.495145 -0.005746 
 -0.196727 0.513678 -0.020421 
 -0.211516 0.527139 -0.023010 
 0.487162 -0.065288 0.002319 
 0.485413 -0.034395 -0.036908 
 0.462178 -0.032779 -0.015030 
 0.456224 -0.007827 -0.042020 
 0.432911 -0.006141 -0.020155 
 0.427036 0.018741 -0.047131 
 0.412442 0.032025 -0.049687 
 0.397847 0.045309 -0.052243 
 0.383253 0.058592 -0.054798 
 0.359745 0.060456 -0.032968 
 0.345112 0.073775 -0.035531 
 0.339470 0.098444 -0.062466 
 0.315846 0.100414 -0.040656 
 0.301213 0.113733 -0.043218 
 0.286579 0.127053 -0.045781 
 0.271946 0.140372 -0.048343 
 0.252720 0.148105 -0.038737 
 0.228843 0.150305 -0.016970 
 0.214151 0.163677 -0.019543 
 0.199460 0.177050 -0.022116 
 0.180097 0.184907 -0.012533 
 0.165386 0.198297 -0.015109 
 0.150675 0.211687 -0.017685 
 0.135964 0.225077 -0.020261 
 0.111756 0.227578 0.001446 
 0.097006 0.241004 -0.001137 
 0.082256 0.254429 -0.003720 
 0.067506 0.267855 -0.006303 
 0.043103 0.270533 0.015372 
 0.023468 0.278638 0.024907 
 -0.001070 0.281440 0.046557 
 -0.025688 0.284313 0.068194 
 -0.050382 0.287257 0.089816 
 -0.070231 0.295557 0.099314 
 -0.085175 0.309160 0.096697 
 -0.100120 0.322762 0.094080 
 -0.115064 0.336365 0.091463 
 -0.130009 0.349968 0.088846 
 -0.129891 0.379160 0.049946 
 -0.134695 0.403068 0.023156 
 -0.149543 0.416582 0.020556 
 -0.164390 0.430096 0.017956 
 -0.179237 0.443610 0.015356 
 -0.194084 0.457124 0.012756 
 -0.208932 0.470639 0.010156 
 -0.223779 0.484153 0.007556 
 -0.223096 0.512832 -0.031245 
 0.490341 -0.092800 -0.003274 
 0.479985 -0.073575 -0.018053 
 0.473985 -0.048514 -0.045034 
 0.459390 -0.035230 -0.047590 
 0.444796 -0.021946 -0.050146 
 0.430202 -0.008662 -0.052702 
 0.415608 0.004622 -0.055257 
 0.401013 0.017906 -0.057813 
 0.386419 0.031190 -0.060369 
 0.371825 0.044473 -0.062925 
 0.348287 0.046299 -0.041116 
 0.333654 0.059619 -0.043678 
 0.319020 0.072938 -0.046241 
 0.299857 0.080581 -0.036631 
 0.285204 0.093918 -0.039197 
 0.275121 0.112896 -0.053929 
 0.255899 0.120592 -0.044329 
 0.241246 0.133929 -0.046895 
 0.217338 0.136092 -0.025151 
 0.202647 0.149464 -0.027723 
 0.187955 0.162837 -0.030296 
 0.168578 0.170675 -0.020724 
 0.153867 0.184065 -0.023300 
 0.139156 0.197455 -0.025876 
 0.124445 0.210845 -0.028453 
 0.100206 0.213309 -0.006767 
 0.085456 0.226734 -0.009350 
 0.070706 0.240160 -0.011933 
 0.055956 0.253585 -0.014516 
 0.031523 0.256226 0.007137 
 0.002150 0.253562 0.040890 
 -0.012697 0.267077 0.038290 
 -0.037344 0.269912 0.059905 
 -0.062069 0.272818 0.081506 
 -0.081933 0.281099 0.090993 
 -0.096878 0.294702 0.088376 
 -0.111823 0.308305 0.085759 
 -0.126767 0.321907 0.083141 
 -0.141712 0.335510 0.080524 
 -0.156656 0.349113 0.077907 
 -0.146322 0.388704 0.014889 
 -0.181470 0.381498 0.060596 
 -0.176016 0.415732 0.009689 
 -0.190864 0.429247 0.007089 
 -0.215978 0.432507 0.028623 
 -0.230864 0.446056 0.026016 
 -0.245750 0.459606 0.023409 
 0.484973 -0.132198 0.015552 
 0.478867 -0.106976 -0.011433 
 0.468527 -0.087731 -0.026201 
 0.462556 -0.062633 -0.053161 
 0.447962 -0.049349 -0.055716 
 0.433368 -0.036065 -0.058272 
 0.427554 -0.011108 -0.085205 
 0.412998 0.002140 -0.087754 
 0.389585 0.003787 -0.065939 
 0.374991 0.017071 -0.068495 
 0.351461 0.018823 -0.046701 
 0.336828 0.032143 -0.049264 
 0.317688 0.039732 -0.039658 
 0.307562 0.058781 -0.054389 
 0.288383 0.066406 -0.044790 
 0.273730 0.079743 -0.047356 
 0.263662 0.098739 -0.062077 
 0.244425 0.106417 -0.052488 
 0.229772 0.119754 -0.055054 
 0.205834 0.121878 -0.033331 
 0.186480 0.129663 -0.023763 
 0.171769 0.143053 -0.026339 
 0.147655 0.145337 -0.004647 
 0.132906 0.158762 -0.007230 
 0.118156 0.172188 -0.009813 
 0.103406 0.185614 -0.012396 
 0.079097 0.188075 0.009262 
 0.073906 0.212465 -0.017562 
 0.049520 0.214997 0.004082 
 0.034731 0.228458 0.001492 
 0.019942 0.241919 -0.001097 
 -0.009476 0.239199 0.032623 
 -0.024323 0.252713 0.030023 
 -0.058832 0.244794 0.075809 
 -0.073757 0.258379 0.073195 
 -0.093636 0.266641 0.082671 
 -0.108580 0.280244 0.080054 
 -0.123525 0.293847 0.077437 
 -0.138470 0.307449 0.074820 
 -0.153414 0.321052 0.072203 
 -0.168359 0.334655 0.069586 
 -0.178232 0.353474 0.054900 
 -0.193157 0.367059 0.052286 
 -0.208082 0.380644 0.049672 
 -0.223007 0.394229 0.047059 
 -0.237932 0.407814 0.044445 
 -0.252858 0.421399 0.041831 
 -0.267783 0.434984 0.039218 
 0.473469 -0.146411 0.007372 
 0.471701 -0.115207 -0.031786 
 0.457068 -0.101888 -0.034349 
 0.451128 -0.076752 -0.061287 
 0.436534 -0.063468 -0.063843 
 0.430711 -0.038438 -0.090761 
 0.416156 -0.025189 -0.093310 
 0.401600 -0.011941 -0.095859 
 0.378157 -0.010332 -0.074066 
 0.363563 0.002952 -0.076621 
 0.340002 0.004667 -0.054849 
 0.325369 0.017986 -0.057412 
 0.306214 0.025556 -0.047817 
 0.291562 0.038893 -0.050383 
 0.276909 0.052230 -0.052949 
 0.262256 0.065567 -0.055515 
 0.247604 0.078904 -0.058081 
 0.232951 0.092242 -0.060647 
 0.218298 0.105579 -0.063213 
 0.194329 0.107665 -0.041511 
 0.174960 0.115431 -0.031954 
 0.160249 0.128821 -0.034530 
 0.136105 0.131067 -0.012860 
 0.121355 0.144493 -0.015443 
 0.106605 0.157918 -0.018026 
 0.082306 0.160306 0.003617 
 0.067517 0.173767 0.001027 
 0.052728 0.187228 -0.001562 
 0.037939 0.200689 -0.004152 
 0.018298 0.208702 0.005357 
 0.003489 0.222181 0.002764 
 -0.021102 0.224835 0.024356 
 -0.035949 0.238349 0.021756 
 -0.070519 0.230355 0.067499 
 -0.085444 0.243940 0.064885 
 -0.105338 0.252183 0.074350 
 -0.120283 0.265786 0.071733 
 -0.135228 0.279389 0.069116 
 -0.150172 0.292992 0.066499 
 -0.165117 0.306594 0.063882 
 -0.180061 0.320197 0.061265 
 -0.195006 0.333800 0.058648 
 -0.209950 0.347402 0.056031 
 -0.224895 0.361005 0.053414 
 -0.239839 0.374608 0.050796 
 -0.254784 0.388211 0.048179 
 -0.269728 0.401813 0.045562 
 -0.284673 0.415416 0.042945 
 0.476656 -0.173997 0.001764 
 0.461965 -0.160624 -0.000809 
 0.460242 -0.129364 -0.039934 
 0.454294 -0.104155 -0.066857 
 0.439700 -0.090871 -0.069413 
 0.433869 -0.065768 -0.096317 
 0.419313 -0.052519 -0.098866 
 0.404758 -0.039271 -0.101415 
 0.390203 -0.026022 -0.103963 
 0.366729 -0.024451 -0.082192 
 0.352134 -0.011167 -0.084748 
 0.337540 0.002116 -0.087303 
 0.313910 0.003829 -0.065560 
 0.294740 0.011381 -0.055976 
 0.284644 0.030468 -0.070685 
 0.265435 0.038055 -0.061108 
 0.250782 0.051392 -0.063674 
 0.236130 0.064729 -0.066240 
 0.221477 0.078066 -0.068806 
 0.206824 0.091403 -0.071371 
 0.182825 0.093452 -0.049692 
 0.163441 0.101199 -0.040145 
 0.148730 0.114589 -0.042722 
 0.124555 0.116798 -0.021073 
 0.109805 0.130223 -0.023656 
 0.095055 0.143649 -0.026239 
 0.070725 0.145999 -0.004617 
 0.051127 0.153940 0.004891 
 0.036318 0.167419 0.002298 
 0.021510 0.180898 -0.000295 
 0.006702 0.194376 -0.002888 
 -0.017881 0.196957 0.018689 
 -0.032729 0.210471 0.016088 
 -0.057429 0.213158 0.037646 
 -0.082206 0.215916 0.059188 
 -0.112027 0.213366 0.092789 
 -0.127011 0.227005 0.090166 
 -0.141994 0.240643 0.087542 
 -0.156977 0.254281 0.084918 
 -0.171961 0.267919 0.082294 
 -0.176819 0.292136 0.055561 
 -0.191764 0.305739 0.052944 
 -0.206708 0.319342 0.050326 
 -0.221653 0.332945 0.047709 
 -0.236597 0.346547 0.045092 
 -0.251542 0.360150 0.042475 
 -0.266486 0.373753 0.039858 
 -0.281431 0.387355 0.037241 
 -0.296375 0.400958 0.034624 
 0.509226 -0.228327 0.001302 
 0.494535 -0.214955 -0.001271 
 0.479843 -0.201583 -0.003844 
 0.465152 -0.188210 -0.006417 
 0.450460 -0.174838 -0.008989 
 0.444445 -0.149502 -0.035909 
 0.434150 -0.130201 -0.050644 
 0.419517 -0.116882 -0.053207 
 0.413677 -0.091706 -0.080095 
 0.399083 -0.078422 -0.082651 
 0.384489 -0.065138 -0.085207 
 0.369895 -0.051854 -0.087762 
 0.355300 -0.038570 -0.090318 
 0.331718 -0.036966 -0.068582 
 0.317085 -0.023647 -0.071145 
 0.302452 -0.010327 -0.073707 
 0.283266 -0.002795 -0.064134 
 0.268614 0.010542 -0.066700 
 0.253961 0.023879 -0.069266 
 0.239308 0.037216 -0.071832 
 0.224656 0.050554 -0.074398 
 0.210003 0.063891 -0.076964 
 0.195351 0.077228 -0.079530 
 0.171320 0.079239 -0.057872 
 0.156629 0.092612 -0.060445 
 0.137210 0.100357 -0.050913 
 0.122499 0.113747 -0.053489 
 0.088722 0.104770 -0.007672 
 0.073933 0.118231 -0.010262 
 0.054339 0.126135 -0.000761 
 0.039531 0.139614 -0.003354 
 0.015034 0.142051 0.018222 
 0.009914 0.166572 -0.008540 
 -0.014660 0.169079 0.013021 
 -0.029508 0.182593 0.010421 
 -0.044355 0.196108 0.007821 
 -0.083910 0.182460 0.065559 
 -0.108777 0.185233 0.087070 
 -0.123760 0.198871 0.084447 
 -0.138744 0.212509 0.081823 
 -0.153727 0.226147 0.079199 
 -0.168711 0.239785 0.076575 
 -0.183694 0.253423 0.073951 
 -0.198677 0.267062 0.071327 
 -0.203466 0.291281 0.044622 
 -0.218411 0.304884 0.042005 
 -0.243628 0.307976 0.063455 
 -0.258611 0.321614 0.060831 
 -0.273595 0.335252 0.058208 
 -0.288578 0.348890 0.055584 
 -0.303561 0.362529 0.052960 
 -0.318545 0.376167 0.050336 
 -0.333528 0.389805 0.047712 
 0.508177 -0.262020 0.007877 
 0.497722 -0.242541 -0.006879 
 0.483030 -0.229168 -0.009451 
 0.468339 -0.215796 -0.012024 
 0.453647 -0.202423 -0.014597 
 0.447624 -0.177015 -0.041502 
 0.432971 -0.163678 -0.044067 
 0.422692 -0.144358 -0.058792 
 0.408059 -0.131039 -0.061355 
 0.402249 -0.105825 -0.088221 
 0.387655 -0.092541 -0.090777 
 0.373061 -0.079257 -0.093333 
 0.349526 -0.077761 -0.071605 
 0.334893 -0.064442 -0.074168 
 0.320259 -0.051123 -0.076730 
 0.301098 -0.043644 -0.067161 
 0.277349 -0.041954 -0.045470 
 0.262657 -0.028581 -0.048043 
 0.247965 -0.015209 -0.050616 
 0.233274 -0.001836 -0.053189 
 0.218582 0.011536 -0.055761 
 0.213182 0.036378 -0.082557 
 0.189199 0.038281 -0.060907 
 0.174508 0.051654 -0.063480 
 0.159816 0.065026 -0.066053 
 0.145125 0.078398 -0.068625 
 0.116205 0.074833 -0.034916 
 0.091930 0.077001 -0.013317 
 0.072360 0.084852 -0.003820 
 0.057552 0.098331 -0.006413 
 0.042743 0.111809 -0.009006 
 0.027935 0.125288 -0.011599 
 0.003408 0.127687 0.009954 
 -0.011440 0.141201 0.007354 
 -0.026287 0.154716 0.004754 
 -0.041134 0.168230 0.002154 
 -0.065856 0.170806 0.023675 
 -0.095613 0.168002 0.057238 
 -0.110557 0.181604 0.054621 
 -0.125502 0.195207 0.052004 
 -0.140446 0.208810 0.049386 
 -0.155391 0.222413 0.046769 
 -0.170335 0.236015 0.044152 
 -0.195427 0.238928 0.065608 
 -0.210410 0.252566 0.062984 
 -0.225394 0.266204 0.060360 
 -0.240377 0.279842 0.057736 
 -0.255361 0.293480 0.055112 
 -0.280686 0.296606 0.076527 
 -0.285328 0.320757 0.049865 
 -0.300311 0.334395 0.047241 
 -0.315294 0.348033 0.044617 
 -0.330278 0.361671 0.041993 
 -0.345261 0.375309 0.039369 
 0.502903 -0.301928 0.026612 
 0.496657 -0.276252 -0.000314 
 0.481946 -0.262861 -0.002891 
 0.471526 -0.243381 -0.017632 
 0.456834 -0.230009 -0.020205 
 0.442143 -0.216636 -0.022777 
 0.427451 -0.203264 -0.025350 
 0.421497 -0.177853 -0.052226 
 0.406845 -0.164516 -0.054792 
 0.392192 -0.151179 -0.057358 
 0.377539 -0.137842 -0.059924 
 0.362887 -0.124505 -0.062490 
 0.352700 -0.105237 -0.077190 
 0.333582 -0.097831 -0.067622 
 0.318929 -0.084494 -0.070188 
 0.304276 -0.071157 -0.072754 
 0.289624 -0.057820 -0.075320 
 0.265844 -0.056167 -0.053651 
 0.246570 -0.048619 -0.044110 
 0.236461 -0.029422 -0.058796 
 0.217148 -0.021838 -0.049262 
 0.207078 -0.002677 -0.063942 
 0.192386 0.010696 -0.066515 
 0.177695 0.024068 -0.069087 
 0.163003 0.037441 -0.071660 
 0.148312 0.050813 -0.074233 
 0.128882 0.058503 -0.064719 
 0.104655 0.060563 -0.043129 
 0.075572 0.057047 -0.009472 
 0.060764 0.070526 -0.012065 
 0.036323 0.072781 0.009487 
 0.021476 0.086295 0.006887 
 0.006629 0.099809 0.004287 
 -0.008219 0.113324 0.001687 
 -0.023066 0.126838 -0.000913 
 -0.047741 0.129305 0.020600 
 -0.062627 0.142855 0.017993 
 -0.102276 0.128965 0.075632 
 -0.117259 0.142604 0.073009 
 -0.122260 0.167147 0.046299 
 -0.137204 0.180749 0.043682 
 -0.162210 0.183518 0.065137 
 -0.177193 0.197156 0.062513 
 -0.192176 0.210794 0.059889 
 -0.207160 0.224432 0.057265 
 -0.222143 0.238071 0.054641 
 -0.237127 0.251709 0.052017 
 -0.252110 0.265347 0.049393 
 -0.277427 0.268399 0.070793 
 -0.292449 0.282073 0.068162 
 -0.307472 0.295746 0.065531 
 -0.322494 0.309420 0.062901 
 -0.337516 0.323093 0.060270 
 -0.352539 0.336767 0.057639 
 -0.367561 0.350440 0.055008 
 0.493417 -0.348162 0.057486 
 0.491353 -0.316198 0.018399 
 0.485137 -0.290484 -0.008506 
 0.474713 -0.270967 -0.023239 
 0.460021 -0.257594 -0.025812 
 0.445330 -0.244222 -0.028385 
 0.439329 -0.218703 -0.055253 
 0.424676 -0.205366 -0.057819 
 0.410024 -0.192028 -0.060385 
 0.395371 -0.178691 -0.062951 
 0.380718 -0.165354 -0.065517 
 0.366066 -0.152017 -0.068083 
 0.351413 -0.138680 -0.070649 
 0.336760 -0.125343 -0.073215 
 0.322108 -0.112006 -0.075781 
 0.298414 -0.110497 -0.054113 
 0.292802 -0.085332 -0.080913 
 0.269031 -0.083752 -0.059258 
 0.254340 -0.070380 -0.061831 
 0.235050 -0.062851 -0.052301 
 0.220339 -0.049460 -0.054877 
 0.205628 -0.036070 -0.057453 
 0.190917 -0.022680 -0.060029 
 0.176206 -0.009290 -0.062606 
 0.161495 0.004100 -0.065182 
 0.146784 0.017490 -0.067758 
 0.136807 0.036600 -0.082413 
 0.117362 0.044271 -0.072910 
 0.093105 0.046294 -0.051342 
 0.063976 0.042721 -0.017717 
 0.049168 0.056200 -0.020311 
 0.024697 0.058417 0.001220 
 0.009849 0.071932 -0.001380 
 -0.014739 0.074255 0.020132 
 -0.019845 0.098960 -0.006580 
 -0.044511 0.101354 0.014918 
 -0.059398 0.114904 0.012311 
 -0.084180 0.117405 0.033788 
 -0.114009 0.114470 0.067289 
 -0.128992 0.128108 0.064666 
 -0.133962 0.152689 0.037978 
 -0.148907 0.166291 0.035361 
 -0.184034 0.158151 0.080843 
 -0.188926 0.182661 0.054170 
 -0.214078 0.185498 0.075582 
 -0.218893 0.209937 0.048922 
 -0.233876 0.223575 0.046298 
 -0.248860 0.237213 0.043674 
 -0.263843 0.250851 0.041051 
 -0.289190 0.253866 0.062428 
 -0.304213 0.267540 0.059797 
 -0.319235 0.281213 0.057167 
 -0.334257 0.294887 0.054536 
 -0.349280 0.308560 0.051905 
 -0.364302 0.322234 0.049275 
 -0.379324 0.335907 0.046644 
 0.486065 -0.356290 0.037084 
 0.479803 -0.330467 0.010186 
 0.473618 -0.304715 -0.016697 
 0.463209 -0.285180 -0.031420 
 0.448517 -0.271808 -0.033993 
 0.442508 -0.246215 -0.060846 
 0.427855 -0.232878 -0.063412 
 0.413202 -0.219541 -0.065978 
 0.398550 -0.206204 -0.068544 
 0.383897 -0.192867 -0.071110 
 0.360368 -0.191573 -0.049429 
 0.345676 -0.178200 -0.052002 
 0.339939 -0.152856 -0.078808 
 0.325286 -0.139519 -0.081374 
 0.310634 -0.126182 -0.083940 
 0.286910 -0.124710 -0.062293 
 0.281328 -0.099508 -0.089071 
 0.257527 -0.097965 -0.067439 
 0.238241 -0.090473 -0.057916 
 0.223530 -0.077083 -0.060492 
 0.208819 -0.063692 -0.063068 
 0.194108 -0.050302 -0.065644 
 0.179397 -0.036912 -0.068221 
 0.164686 -0.023522 -0.070797 
 0.149975 -0.010132 -0.073373 
 0.135264 0.003259 -0.075949 
 0.120553 0.016649 -0.078525 
 0.096304 0.018598 -0.056972 
 0.081554 0.032024 -0.059555 
 0.052380 0.028395 -0.025963 
 0.037572 0.041874 -0.028556 
 0.022764 0.055352 -0.031149 
 -0.001777 0.057568 -0.009647 
 -0.016624 0.071082 -0.012247 
 -0.041282 0.073403 0.009236 
 -0.056168 0.086953 0.006629 
 -0.080942 0.089381 0.028091 
 -0.100831 0.097423 0.037508 
 -0.135708 0.088924 0.083001 
 -0.140725 0.113613 0.056323 
 -0.165753 0.116271 0.077740 
 -0.180775 0.129944 0.075109 
 -0.195797 0.143618 0.072479 
 -0.210820 0.157291 0.069848 
 -0.225842 0.170965 0.067217 
 -0.230626 0.195441 0.040579 
 -0.245609 0.209079 0.037955 
 -0.260593 0.222718 0.035331 
 -0.275576 0.236356 0.032708 
 -0.306151 0.234002 0.066054 
 -0.315976 0.253006 0.051433 
 -0.330999 0.266680 0.048802 
 -0.346021 0.280353 0.046171 
 -0.361043 0.294027 0.043541 
 0.446879 -0.446408 0.152936 
 0.461708 -0.389249 0.065288 
 0.459696 -0.357136 0.026260 
 0.453503 -0.331311 -0.000609 
 0.447387 -0.305557 -0.027464 
 0.437013 -0.286021 -0.042173 
 0.422321 -0.272648 -0.044746 
 0.416381 -0.247053 -0.071570 
 0.392938 -0.245903 -0.049891 
 0.378246 -0.232531 -0.052464 
 0.363555 -0.219158 -0.055037 
 0.348863 -0.205786 -0.057610 
 0.334172 -0.192413 -0.060182 
 0.319480 -0.179041 -0.062755 
 0.304788 -0.165669 -0.065328 
 0.290097 -0.152296 -0.067901 
 0.275405 -0.138924 -0.070474 
 0.260714 -0.125551 -0.073046 
 0.246022 -0.112179 -0.075619 
 0.226722 -0.104705 -0.066107 
 0.212011 -0.091315 -0.068683 
 0.197300 -0.077924 -0.071260 
 0.182589 -0.064534 -0.073836 
 0.167878 -0.051144 -0.076412 
 0.153167 -0.037754 -0.078988 
 0.138456 -0.024364 -0.081564 
 0.123744 -0.010973 -0.084140 
 0.099504 -0.009097 -0.062602 
 0.084754 0.004329 -0.065185 
 0.060397 0.006312 -0.043666 
 0.040785 0.014069 -0.034208 
 0.025976 0.027548 -0.036801 
 0.001444 0.029690 -0.015314 
 -0.013403 0.043204 -0.017914 
 -0.038053 0.045452 0.003554 
 -0.052939 0.059002 0.000947 
 -0.077705 0.061357 0.022394 
 -0.092630 0.074942 0.019780 
 -0.132449 0.060717 0.077267 
 -0.147471 0.074390 0.074637 
 -0.152458 0.099117 0.047980 
 -0.167442 0.112755 0.045356 
 -0.182425 0.126393 0.042732 
 -0.197409 0.140032 0.040108 
 -0.212392 0.153670 0.037484 
 -0.227375 0.167308 0.034860 
 -0.242359 0.180946 0.032236 
 -0.267650 0.183779 0.053591 
 -0.287846 0.192067 0.062947 
 -0.297695 0.211126 0.048330 
 -0.317930 0.219450 0.057679 
 -0.332972 0.233141 0.055045 
 -0.348014 0.246833 0.052411 
 -0.384138 0.239339 0.097652 
 -0.399258 0.253101 0.095004 
 -0.414377 0.266863 0.092357 
 0.458600 -0.461999 0.122932 
 0.435146 -0.460904 0.144593 
 0.428711 -0.434794 0.117698 
 0.418060 -0.414972 0.102949 
 0.441952 -0.345581 -0.008822 
 0.435867 -0.319789 -0.035655 
 0.425508 -0.300234 -0.050353 
 0.410817 -0.286861 -0.052926 
 0.396125 -0.273489 -0.055499 
 0.381434 -0.260116 -0.058072 
 0.366742 -0.246744 -0.060644 
 0.352050 -0.233371 -0.063217 
 0.337359 -0.219999 -0.065790 
 0.322667 -0.206626 -0.068363 
 0.307976 -0.193254 -0.070936 
 0.293284 -0.179882 -0.073508 
 0.278592 -0.166509 -0.076081 
 0.263901 -0.153137 -0.078654 
 0.249209 -0.139764 -0.081227 
 0.234518 -0.126392 -0.083800 
 0.215202 -0.118937 -0.074298 
 0.205135 -0.099647 -0.088945 
 0.185780 -0.092156 -0.079451 
 0.171069 -0.078766 -0.082027 
 0.156358 -0.065376 -0.084603 
 0.141647 -0.051986 -0.087179 
 0.126936 -0.038595 -0.089755 
 0.112225 -0.025205 -0.092332 
 0.087954 -0.023366 -0.070815 
 0.063605 -0.021457 -0.049310 
 0.048816 -0.007996 -0.051900 
 0.029189 -0.000257 -0.042453 
 0.014380 0.013222 -0.045047 
 -0.010182 0.015326 -0.023581 
 -0.025030 0.028840 -0.026181 
 -0.049710 0.031051 -0.004735 
 -0.064596 0.044601 -0.007341 
 -0.089392 0.046918 0.014084 
 -0.109292 0.054904 0.023483 
 -0.144212 0.046184 0.068903 
 -0.159235 0.059857 0.066272 
 -0.164191 0.084622 0.039637 
 -0.179175 0.098260 0.037013 
 -0.194158 0.111898 0.034389 
 -0.209142 0.125536 0.031765 
 -0.224125 0.139174 0.029141 
 -0.239109 0.152812 0.026517 
 -0.254092 0.166450 0.023893 
 -0.279414 0.169246 0.045226 
 -0.310002 0.166708 0.078522 
 -0.325083 0.180435 0.075881 
 -0.340164 0.194162 0.073240 
 -0.344750 0.218589 0.046669 
 -0.359792 0.232281 0.044035 
 -0.395978 0.224711 0.089233 
 -0.411097 0.238474 0.086586 
 -0.426217 0.252236 0.083938 
 0.425646 -0.507909 0.175268 
 0.410604 -0.494218 0.172634 
 0.399851 -0.474271 0.157875 
 0.384829 -0.460598 0.155244 
 0.421746 -0.372290 0.007201 
 0.415652 -0.346425 -0.019618 
 0.414004 -0.314447 -0.058534 
 0.399312 -0.301074 -0.061107 
 0.384621 -0.287702 -0.063679 
 0.369929 -0.274329 -0.066252 
 0.355237 -0.260957 -0.068825 
 0.340546 -0.247584 -0.071398 
 0.325854 -0.234212 -0.073970 
 0.306659 -0.226900 -0.064456 
 0.291948 -0.213510 -0.067032 
 0.277237 -0.200119 -0.069609 
 0.262526 -0.186729 -0.072185 
 0.247815 -0.173339 -0.074761 
 0.233104 -0.159949 -0.077337 
 0.218393 -0.146559 -0.079913 
 0.203682 -0.133169 -0.082490 
 0.193630 -0.113860 -0.097125 
 0.174260 -0.106388 -0.087642 
 0.159549 -0.092998 -0.090218 
 0.144838 -0.079608 -0.092794 
 0.130127 -0.066218 -0.095371 
 0.115416 -0.052828 -0.097947 
 0.091154 -0.051062 -0.076444 
 0.066813 -0.049225 -0.054955 
 0.047210 -0.041541 -0.045512 
 0.032401 -0.028062 -0.048106 
 0.017593 -0.014583 -0.050699 
 0.002785 -0.001104 -0.053292 
 -0.031594 -0.010450 -0.007810 
 -0.036656 0.014477 -0.034448 
 -0.061366 0.016650 -0.013023 
 -0.086154 0.018894 0.008387 
 -0.106050 0.026844 0.017778 
 -0.130974 0.029212 0.039166 
 -0.155976 0.031651 0.060538 
 -0.170998 0.045324 0.057908 
 -0.175924 0.070126 0.031294 
 -0.190908 0.083764 0.028670 
 -0.205891 0.097402 0.026046 
 -0.220875 0.111040 0.023422 
 -0.235858 0.124679 0.020798 
 -0.250842 0.138317 0.018174 
 -0.265825 0.151955 0.015550 
 -0.306731 0.138392 0.072766 
 -0.321811 0.152119 0.070125 
 -0.336892 0.165845 0.067484 
 -0.351973 0.179572 0.064843 
 -0.356529 0.204037 0.038294 
 -0.366289 0.223080 0.023708 
 -0.407817 0.210084 0.080814 
 -0.422937 0.223846 0.078167 
 0.433155 -0.529825 0.157402 
 0.413867 -0.522461 0.166893 
 0.398825 -0.508770 0.164259 
 0.383783 -0.495078 0.161624 
 0.381714 -0.462619 0.122659 
 0.397135 -0.405312 0.035286 
 0.391013 -0.379357 0.008480 
 0.398117 -0.334863 -0.054614 
 0.383406 -0.321473 -0.057190 
 0.373116 -0.301915 -0.071860 
 0.358425 -0.288543 -0.074432 
 0.343733 -0.275170 -0.077005 
 0.324562 -0.267912 -0.067495 
 0.309851 -0.254522 -0.070071 
 0.295140 -0.241132 -0.072647 
 0.280429 -0.227741 -0.075224 
 0.265718 -0.214351 -0.077800 
 0.251007 -0.200961 -0.080376 
 0.236296 -0.187571 -0.082952 
 0.221585 -0.174181 -0.085528 
 0.206874 -0.160791 -0.088105 
 0.192163 -0.147400 -0.090681 
 0.182126 -0.128073 -0.105306 
 0.162741 -0.120620 -0.095833 
 0.148030 -0.107230 -0.098409 
 0.133319 -0.093840 -0.100986 
 0.109103 -0.092182 -0.079491 
 0.094353 -0.078757 -0.082074 
 0.065230 -0.082824 -0.048571 
 0.050422 -0.069346 -0.051165 
 0.035614 -0.055867 -0.053758 
 0.011107 -0.053944 -0.032315 
 -0.003741 -0.040430 -0.034915 
 -0.018588 -0.026915 -0.037515 
 -0.033435 -0.013401 -0.040115 
 -0.058137 -0.011301 -0.018705 
 -0.073023 0.002248 -0.021312 
 -0.097841 0.004455 0.000077 
 -0.127724 0.001078 0.033447 
 -0.142707 0.014716 0.030823 
 -0.167739 0.017117 0.052174 
 -0.182762 0.030791 0.049543 
 -0.187657 0.055631 0.022951 
 -0.202641 0.069269 0.020327 
 -0.217624 0.082907 0.017703 
 -0.232608 0.096545 0.015079 
 -0.247591 0.110183 0.012455 
 -0.272896 0.112832 0.033759 
 -0.277558 0.137459 0.007208 
 -0.318540 0.123802 0.064369 
 -0.333621 0.137529 0.061728 
 -0.348701 0.151256 0.059087 
 -0.363782 0.164982 0.056446 
 -0.368308 0.189485 0.029918 
 -0.383350 0.203177 0.027284 
 -0.419657 0.195457 0.072396 
 -0.434777 0.209219 0.069748 
 0.423688 -0.577122 0.188018 
 0.417130 -0.550704 0.161151 
 0.402088 -0.537013 0.158517 
 0.387046 -0.523322 0.155883 
 0.372004 -0.509630 0.153249 
 0.361302 -0.489664 0.138515 
 0.363715 -0.450962 0.087500 
 0.370661 -0.406161 0.024419 
 0.377802 -0.361538 -0.038627 
 0.363052 -0.348113 -0.041210 
 0.357175 -0.322315 -0.067958 
 0.342464 -0.308924 -0.070534 
 0.327753 -0.295534 -0.073110 
 0.313042 -0.282144 -0.075686 
 0.298331 -0.268754 -0.078263 
 0.274552 -0.267559 -0.056708 
 0.259802 -0.254134 -0.059291 
 0.245053 -0.240708 -0.061874 
 0.230303 -0.227282 -0.064457 
 0.215553 -0.213857 -0.067040 
 0.200803 -0.200431 -0.069623 
 0.195354 -0.175023 -0.096296 
 0.180643 -0.161632 -0.098872 
 0.165932 -0.148242 -0.101448 
 0.151221 -0.134852 -0.104024 
 0.127053 -0.133303 -0.082538 
 0.112303 -0.119878 -0.085121 
 0.088018 -0.118223 -0.063655 
 0.073230 -0.104762 -0.066245 
 0.058441 -0.091301 -0.068834 
 0.038826 -0.083672 -0.059410 
 0.024018 -0.070193 -0.062003 
 -0.000520 -0.068307 -0.040582 
 -0.015367 -0.054793 -0.043182 
 -0.030214 -0.041279 -0.045782 
 -0.045061 -0.027765 -0.048382 
 -0.069794 -0.025703 -0.026994 
 -0.094604 -0.023569 -0.005620 
 -0.114510 -0.015675 0.003753 
 -0.139457 -0.013417 0.025104 
 -0.154440 0.000221 0.022480 
 -0.169423 0.013859 0.019856 
 -0.184407 0.027497 0.017232 
 -0.199390 0.041135 0.014608 
 -0.214374 0.054773 0.011984 
 -0.229357 0.068411 0.009360 
 -0.244341 0.082050 0.006736 
 -0.259324 0.095688 0.004112 
 -0.284659 0.098299 0.025394 
 -0.299682 0.111973 0.022763 
 -0.330349 0.109213 0.055972 
 -0.345430 0.122939 0.053331 
 -0.360511 0.136666 0.050690 
 -0.375591 0.150393 0.048049 
 -0.390672 0.164119 0.045408 
 -0.405753 0.177846 0.042767 
 -0.431497 0.180830 0.063977 
 -0.446616 0.194592 0.061329 
 0.411879 -0.591712 0.179621 
 0.405351 -0.565256 0.152776 
 0.390309 -0.551565 0.150142 
 0.375268 -0.537874 0.147508 
 0.360226 -0.524182 0.144874 
 0.349539 -0.504197 0.130150 
 0.334516 -0.490524 0.127519 
 0.341461 -0.445558 0.064480 
 0.335362 -0.419492 0.037710 
 0.342637 -0.374828 -0.025273 
 0.336752 -0.348957 -0.052006 
 0.330944 -0.323156 -0.078725 
 0.316234 -0.309766 -0.081301 
 0.301523 -0.296376 -0.083878 
 0.277752 -0.295254 -0.062338 
 0.263002 -0.281829 -0.064921 
 0.248252 -0.268403 -0.067504 
 0.233502 -0.254978 -0.070087 
 0.218753 -0.241552 -0.072670 
 0.194749 -0.240218 -0.051171 
 0.179960 -0.226757 -0.053761 
 0.174503 -0.201275 -0.080419 
 0.169123 -0.175864 -0.107063 
 0.154412 -0.162474 -0.109639 
 0.130253 -0.160998 -0.088168 
 0.106015 -0.159452 -0.066710 
 0.091227 -0.145991 -0.069300 
 0.071655 -0.138434 -0.059876 
 0.056847 -0.124955 -0.062469 
 0.042038 -0.111476 -0.065062 
 0.017548 -0.109700 -0.043649 
 0.002701 -0.096185 -0.046249 
 -0.021906 -0.094302 -0.024855 
 -0.036792 -0.080753 -0.027462 
 -0.061516 -0.078763 -0.006090 
 -0.081379 -0.070941 0.003283 
 -0.091366 -0.051593 -0.011317 
 -0.111268 -0.043735 -0.001951 
 -0.136206 -0.041551 0.019385 
 -0.151190 -0.027913 0.016761 
 -0.176244 -0.025623 0.038075 
 -0.181156 -0.000637 0.011513 
 -0.206289 0.001725 0.032814 
 -0.211123 0.026640 0.006265 
 -0.226107 0.040278 0.003641 
 -0.241090 0.053916 0.001017 
 -0.256074 0.067554 -0.001607 
 -0.281401 0.070092 0.019660 
 -0.296423 0.083766 0.017030 
 -0.316656 0.091925 0.026338 
 -0.342158 0.094623 0.047574 
 -0.357239 0.108350 0.044933 
 -0.382858 0.111154 0.066149 
 -0.387400 0.135803 0.039652 
 -0.402481 0.149530 0.037011 
 -0.417562 0.163256 0.034370 
 -0.432643 0.176983 0.031729 
 -0.447723 0.190710 0.029088 
 0.400069 -0.606302 0.171224 
 0.393572 -0.579808 0.144400 
 0.378531 -0.566117 0.141766 
 0.363489 -0.552426 0.139132 
 0.348447 -0.538734 0.136498 
 0.337775 -0.518730 0.121786 
 0.331531 -0.492467 0.095006 
 0.329774 -0.459998 0.056169 
 0.310421 -0.452672 0.065623 
 0.317714 -0.407861 0.002685 
 0.316268 -0.375675 -0.036097 
 0.310452 -0.349801 -0.062802 
 0.295702 -0.336375 -0.065385 
 0.280952 -0.322950 -0.067968 
 0.266202 -0.309524 -0.070551 
 0.242323 -0.308369 -0.049046 
 0.236702 -0.282673 -0.075717 
 0.221952 -0.269247 -0.078300 
 0.197957 -0.267986 -0.056816 
 0.183168 -0.254525 -0.059405 
 0.168379 -0.241064 -0.061995 
 0.162953 -0.215545 -0.088632 
 0.148203 -0.202119 -0.091215 
 0.133453 -0.188694 -0.093798 
 0.109224 -0.187220 -0.072354 
 0.094435 -0.173759 -0.074944 
 0.074868 -0.166239 -0.065528 
 0.060059 -0.152760 -0.068121 
 0.035617 -0.151092 -0.046716 
 0.020769 -0.137577 -0.049316 
 -0.003791 -0.135803 -0.027930 
 -0.018677 -0.122253 -0.030537 
 -0.043353 -0.120372 -0.009173 
 -0.058278 -0.106787 -0.011786 
 -0.078137 -0.099001 -0.002421 
 -0.093082 -0.085398 -0.005038 
 -0.108026 -0.071796 -0.007655 
 -0.122971 -0.058193 -0.010272 
 -0.147939 -0.056047 0.011042 
 -0.162923 -0.042408 0.008418 
 -0.177906 -0.028770 0.005794 
 -0.192889 -0.015132 0.003170 
 -0.207873 -0.001494 0.000546 
 -0.222856 0.012144 -0.002078 
 -0.248097 0.014539 0.019188 
 -0.252823 0.039420 -0.007326 
 -0.278142 0.041886 0.013926 
 -0.293164 0.055559 0.011296 
 -0.313393 0.063682 0.020597 
 -0.328435 0.077373 0.017963 
 -0.353967 0.080033 0.039177 
 -0.369048 0.093760 0.036536 
 -0.384129 0.107487 0.033895 
 -0.399210 0.121213 0.031255 
 -0.414290 0.134940 0.028614 
 -0.429371 0.148667 0.025973 
 -0.444452 0.162394 0.023332 
 -0.459533 0.176120 0.020691 
 0.388260 -0.620891 0.162827 
 0.381794 -0.594360 0.136025 
 0.366752 -0.580669 0.133391 
 0.351710 -0.566978 0.130757 
 0.336668 -0.553286 0.128123 
 0.326012 -0.533263 0.113421 
 0.310989 -0.519590 0.110790 
 0.304815 -0.493324 0.084040 
 0.298718 -0.467130 0.057302 
 0.288236 -0.447266 0.042631 
 0.291240 -0.408710 -0.008182 
 0.289898 -0.376521 -0.046921 
 0.284152 -0.350645 -0.073598 
 0.269402 -0.337219 -0.076181 
 0.254652 -0.323794 -0.078764 
 0.230743 -0.322677 -0.057281 
 0.215954 -0.309216 -0.059871 
 0.210402 -0.283517 -0.086513 
 0.186376 -0.282294 -0.065050 
 0.171587 -0.268833 -0.067640 
 0.156798 -0.255372 -0.070230 
 0.151402 -0.229814 -0.096845 
 0.136652 -0.216389 -0.099428 
 0.121903 -0.202963 -0.102011 
 0.097643 -0.201528 -0.080589 
 0.082854 -0.188066 -0.083179 
 0.063272 -0.180565 -0.073773 
 0.038837 -0.178969 -0.052383 
 0.023990 -0.165455 -0.054983 
 -0.000561 -0.163754 -0.033612 
 -0.015447 -0.150204 -0.036219 
 -0.040115 -0.148396 -0.014869 
 -0.055040 -0.134811 -0.017483 
 -0.074895 -0.127062 -0.008125 
 -0.089840 -0.113459 -0.010742 
 -0.114722 -0.111457 0.010570 
 -0.129705 -0.097818 0.007947 
 -0.144689 -0.084180 0.005323 
 -0.159672 -0.070542 0.002699 
 -0.184749 -0.068362 0.023977 
 -0.199771 -0.054689 0.021346 
 -0.214793 -0.041015 0.018715 
 -0.229816 -0.027342 0.016085 
 -0.244838 -0.013668 0.013454 
 -0.259860 0.000006 0.010823 
 -0.274883 0.013679 0.008193 
 -0.289905 0.027353 0.005562 
 -0.304927 0.041026 0.002931 
 -0.325172 0.049130 0.012221 
 -0.340214 0.062821 0.009587 
 -0.355255 0.076512 0.006953 
 -0.380857 0.079170 0.028139 
 -0.395938 0.092897 0.025498 
 -0.400381 0.117586 -0.000949 
 -0.415423 0.131277 -0.003583 
 -0.430464 0.144969 -0.006217 
 -0.456261 0.147804 0.014935 
 0.376451 -0.635481 0.154430 
 0.370015 -0.608912 0.127650 
 0.354973 -0.595221 0.125016 
 0.339931 -0.581530 0.122381 
 0.324890 -0.567838 0.119747 
 0.309848 -0.554147 0.117113 
 0.294806 -0.540456 0.114479 
 0.279764 -0.526765 0.111845 
 0.278098 -0.494182 0.073073 
 0.263115 -0.480544 0.070449 
 0.261624 -0.448121 0.031707 
 0.264767 -0.409560 -0.019049 
 0.258992 -0.383593 -0.045714 
 0.248740 -0.363906 -0.060336 
 0.233951 -0.350445 -0.062925 
 0.214567 -0.343157 -0.053493 
 0.204373 -0.323523 -0.068105 
 0.198852 -0.297786 -0.094726 
 0.174795 -0.296601 -0.073285 
 0.160007 -0.283140 -0.075875 
 0.145218 -0.269679 -0.078464 
 0.139852 -0.244084 -0.105058 
 0.125102 -0.230658 -0.107641 
 0.096101 -0.235327 -0.074239 
 0.081292 -0.221848 -0.076832 
 0.066484 -0.208370 -0.079426 
 0.051676 -0.194891 -0.082019 
 0.027211 -0.193333 -0.060650 
 0.012364 -0.179819 -0.063250 
 -0.012218 -0.178155 -0.041901 
 -0.036877 -0.176420 -0.020566 
 -0.056709 -0.168725 -0.011212 
 -0.071653 -0.155122 -0.013829 
 -0.096488 -0.153228 0.007475 
 -0.111471 -0.139590 0.004851 
 -0.136423 -0.137590 0.026135 
 -0.141438 -0.112314 -0.000396 
 -0.156422 -0.098676 -0.003020 
 -0.181490 -0.096569 0.018243 
 -0.196512 -0.082895 0.015612 
 -0.201372 -0.057761 -0.010892 
 -0.216355 -0.044123 -0.013516 
 -0.241579 -0.041875 0.007720 
 -0.256601 -0.028201 0.005089 
 -0.271624 -0.014528 0.002459 
 -0.286646 -0.000854 -0.000172 
 -0.301669 0.012820 -0.002803 
 -0.316691 0.026493 -0.005434 
 -0.336951 0.034578 0.003846 
 -0.351992 0.048269 0.001212 
 -0.377586 0.050854 0.022383 
 -0.392667 0.064581 0.019742 
 -0.407747 0.078308 0.017101 
 -0.412160 0.103034 -0.009325 
 -0.427201 0.116726 -0.011959 
 -0.442243 0.130417 -0.014593 
 0.358236 -0.623464 0.119274 
 0.347552 -0.603350 0.104584 
 0.328153 -0.596081 0.114006 
 0.313111 -0.582390 0.111372 
 0.298069 -0.568699 0.108738 
 0.283027 -0.555008 0.106104 
 0.281349 -0.522315 0.067354 
 0.257418 -0.521309 0.088800 
 0.251382 -0.495039 0.062106 
 0.245424 -0.468840 0.035425 
 0.253141 -0.423923 -0.027316 
 0.247396 -0.397919 -0.053959 
 0.237159 -0.378213 -0.068570 
 0.222370 -0.364752 -0.071160 
 0.207581 -0.351291 -0.073750 
 0.202052 -0.325482 -0.100356 
 0.187302 -0.312056 -0.102939 
 0.172552 -0.298630 -0.105522 
 0.148426 -0.297447 -0.084109 
 0.133637 -0.283986 -0.086699 
 0.128302 -0.258354 -0.113271 
 0.104060 -0.257064 -0.091879 
 0.089271 -0.243603 -0.094468 
 0.069697 -0.236174 -0.085078 
 0.054888 -0.222696 -0.087671 
 0.030432 -0.221211 -0.066317 
 0.005897 -0.219656 -0.044976 
 -0.008989 -0.206106 -0.047583 
 -0.023875 -0.192557 -0.050190 
 -0.048565 -0.190859 -0.028877 
 -0.068411 -0.183183 -0.019534 
 -0.093237 -0.181362 0.001756 
 -0.108221 -0.167724 -0.000868 
 -0.138144 -0.171652 0.032348 
 -0.153186 -0.157961 0.029714 
 -0.163208 -0.138449 0.015140 
 -0.168155 -0.113171 -0.011363 
 -0.183138 -0.099533 -0.013987 
 -0.213353 -0.103196 0.019178 
 -0.213105 -0.072257 -0.019235 
 -0.228088 -0.058619 -0.021859 
 -0.243072 -0.044981 -0.024483 
 -0.268365 -0.042734 -0.003275 
 -0.283387 -0.029061 -0.005906 
 -0.298410 -0.015387 -0.008537 
 -0.313432 -0.001714 -0.011167 
 -0.328454 0.011960 -0.013798 
 -0.348729 0.020026 -0.004529 
 -0.363771 0.033717 -0.007164 
 -0.389395 0.036264 0.013986 
 -0.404476 0.049991 0.011345 
 -0.419556 0.063718 0.008704 
 -0.434637 0.077445 0.006063 
 -0.449718 0.091171 0.003422 
 -0.454022 0.115865 -0.022968 
 0.335788 -0.617884 0.096219 
 0.316374 -0.610634 0.105631 
 0.301332 -0.596942 0.102996 
 0.290721 -0.576863 0.088327 
 0.275699 -0.563189 0.085696 
 0.260677 -0.549516 0.083066 
 0.245654 -0.535842 0.080435 
 0.230632 -0.522169 0.077804 
 0.233721 -0.483298 0.027104 
 0.223324 -0.463414 0.012473 
 0.226667 -0.424773 -0.038183 
 0.220992 -0.398766 -0.064798 
 0.206184 -0.385288 -0.067391 
 0.196001 -0.365598 -0.081984 
 0.181212 -0.352137 -0.084574 
 0.166423 -0.338676 -0.087164 
 0.081379 -0.417579 0.090099 
 0.066299 -0.403853 0.087458 
 0.041773 -0.402370 0.108783 
 0.059847 -0.345877 0.022276 
 0.044864 -0.332239 0.019652 
 0.063347 -0.276117 -0.066784 
 0.048500 -0.262603 -0.069384 
 0.033653 -0.249089 -0.071984 
 0.009127 -0.247607 -0.050658 
 -0.015477 -0.246054 -0.029346 
 -0.030402 -0.232469 -0.031960 
 -0.045327 -0.218884 -0.034573 
 -0.065169 -0.211244 -0.025238 
 -0.089987 -0.209496 -0.003963 
 -0.104970 -0.195858 -0.006587 
 -0.129905 -0.194003 0.014667 
 -0.149922 -0.186204 0.023973 
 -0.164964 -0.172513 0.021339 
 -0.174972 -0.152982 0.006775 
 -0.179888 -0.127667 -0.019706 
 -0.194871 -0.114029 -0.022330 
 -0.209855 -0.100390 -0.024954 
 -0.224838 -0.086752 -0.027578 
 -0.239821 -0.073114 -0.030202 
 -0.265106 -0.070941 -0.009009 
 -0.280128 -0.057267 -0.011640 
 -0.295151 -0.043594 -0.014271 
 -0.310173 -0.029920 -0.016901 
 -0.325195 -0.016247 -0.019532 
 -0.345466 -0.008217 -0.010271 
 -0.360508 0.005474 -0.012905 
 -0.386123 0.007948 0.008230 
 -0.401204 0.021675 0.005589 
 -0.416285 0.035402 0.002948 
 -0.431366 0.049128 0.000307 
 -0.446446 0.062855 -0.002334 
 -0.461527 0.076582 -0.004975 
 0.304595 -0.625185 0.097255 
 0.289553 -0.611494 0.094621 
 0.274512 -0.597803 0.091987 
 0.263936 -0.577723 0.077332 
 0.248913 -0.564049 0.074701 
 0.229386 -0.556729 0.084085 
 0.218868 -0.536702 0.069440 
 0.212932 -0.510392 0.042796 
 0.197949 -0.496754 0.040172 
 0.182965 -0.483116 0.037548 
 0.167982 -0.469478 0.034925 
 0.162241 -0.443345 0.008314 
 0.147296 -0.429742 0.005697 
 0.164971 -0.372656 -0.080823 
 0.084651 -0.445896 0.084343 
 0.069570 -0.432169 0.081702 
 0.054489 -0.418442 0.079061 
 0.039409 -0.404716 0.076420 
 0.014814 -0.403236 0.097717 
 0.023578 -0.358945 0.035240 
 0.032536 -0.314833 -0.027202 
 0.017611 -0.301248 -0.029815 
 0.012356 -0.275558 -0.056340 
 -0.012239 -0.274078 -0.035043 
 -0.027164 -0.260493 -0.037656 
 -0.046983 -0.252907 -0.028325 
 -0.061927 -0.239304 -0.030942 
 -0.086737 -0.237629 -0.009682 
 -0.111624 -0.235883 0.011564 
 -0.126646 -0.222210 0.008933 
 -0.156641 -0.226269 0.042088 
 -0.171722 -0.212542 0.039447 
 -0.186802 -0.198815 0.036806 
 -0.191785 -0.173373 0.010329 
 -0.206827 -0.159682 0.007695 
 -0.206604 -0.128524 -0.030673 
 -0.236910 -0.132300 0.002427 
 -0.236571 -0.101248 -0.035921 
 -0.251554 -0.087610 -0.038545 
 -0.266538 -0.073972 -0.041169 
 -0.291892 -0.071801 -0.020004 
 -0.306914 -0.058127 -0.022635 
 -0.321937 -0.044454 -0.025266 
 -0.342203 -0.036461 -0.016012 
 -0.357245 -0.022769 -0.018646 
 -0.372287 -0.009078 -0.021280 
 -0.397933 -0.006641 -0.000167 
 -0.423656 -0.004134 0.020932 
 -0.428094 0.020812 -0.005449 
 -0.443175 0.034539 -0.008090 
 -0.458255 0.048265 -0.010731 
 -0.473336 0.061992 -0.013372 
 0.292817 -0.639737 0.088880 
 0.277775 -0.626046 0.086246 
 0.267194 -0.605929 0.071598 
 0.252172 -0.592256 0.068967 
 0.237150 -0.578582 0.066337 
 0.217607 -0.571281 0.075709 
 0.207105 -0.551235 0.061075 
 0.201199 -0.524888 0.034453 
 0.186216 -0.511249 0.031829 
 0.171232 -0.497611 0.029206 
 0.147015 -0.496541 0.050552 
 0.141266 -0.470335 0.023958 
 0.126282 -0.456697 0.021334 
 0.097273 -0.461751 0.054636 
 0.072842 -0.460485 0.075946 
 0.057761 -0.446759 0.073305 
 0.042680 -0.433032 0.070664 
 0.027600 -0.419305 0.068023 
 0.012519 -0.405579 0.065382 
 -0.002562 -0.391852 0.062741 
 -0.008020 -0.365912 0.036197 
 -0.008569 -0.333954 -0.002281 
 -0.013852 -0.308173 -0.028795 
 -0.028796 -0.294570 -0.031412 
 -0.053519 -0.293039 -0.010153 
 -0.068503 -0.279401 -0.012777 
 -0.073630 -0.253762 -0.039263 
 -0.098470 -0.252125 -0.018025 
 -0.123387 -0.250417 0.003199 
 -0.143396 -0.242690 0.012490 
 -0.158438 -0.228999 0.009856 
 -0.183531 -0.227132 0.031050 
 -0.198612 -0.213405 0.028409 
 -0.213692 -0.199678 0.025768 
 -0.228773 -0.185952 0.023127 
 -0.228544 -0.154702 -0.015215 
 -0.248689 -0.146851 -0.005949 
 -0.248304 -0.115743 -0.044264 
 -0.273611 -0.113681 -0.023108 
 -0.288633 -0.100007 -0.025738 
 -0.303655 -0.086334 -0.028369 
 -0.318678 -0.072660 -0.031000 
 -0.333700 -0.058987 -0.033630 
 -0.353982 -0.051013 -0.024387 
 -0.369023 -0.037321 -0.027022 
 -0.384065 -0.023630 -0.029656 
 -0.409742 -0.021231 -0.008564 
 -0.424823 -0.007504 -0.011205 
 -0.439903 0.006222 -0.013846 
 -0.454984 0.019949 -0.016487 
 -0.470065 0.033676 -0.019128 
 -0.485145 0.047402 -0.021769 
 0.265996 -0.640598 0.077870 
 0.250954 -0.626907 0.075236 
 0.240409 -0.606789 0.060603 
 0.225386 -0.593115 0.057972 
 0.205829 -0.585833 0.067334 
 0.195341 -0.565768 0.052711 
 0.189466 -0.539383 0.026110 
 0.174483 -0.525745 0.023486 
 0.159499 -0.512107 0.020863 
 0.130620 -0.517377 0.054163 
 0.120230 -0.497400 0.039557 
 0.105207 -0.483727 0.036926 
 0.085494 -0.476303 0.046261 
 0.061032 -0.475075 0.067548 
 0.045952 -0.461348 0.064908 
 0.030871 -0.447622 0.062267 
 0.006254 -0.446252 0.083527 
 -0.008866 -0.432490 0.080879 
 -0.014371 -0.406442 0.054344 
 -0.029452 -0.392715 0.051703 
 -0.029994 -0.360665 0.013250 
 -0.035285 -0.334811 -0.013248 
 -0.050269 -0.321173 -0.015872 
 -0.065252 -0.307535 -0.018496 
 -0.080236 -0.293897 -0.021120 
 -0.105106 -0.292297 0.000096 
 -0.125091 -0.284625 0.009383 
 -0.140133 -0.270934 0.006749 
 -0.165178 -0.269175 0.027934 
 -0.180259 -0.255448 0.025294 
 -0.195340 -0.241721 0.022653 
 -0.210421 -0.227994 0.020012 
 -0.225501 -0.214268 0.017371 
 -0.240582 -0.200541 0.014730 
 -0.245426 -0.175095 -0.011690 
 -0.270744 -0.173088 0.009448 
 -0.285824 -0.159361 0.006807 
 -0.290551 -0.134021 -0.019592 
 -0.305593 -0.120330 -0.022226 
 -0.315419 -0.100867 -0.036734 
 -0.330441 -0.087193 -0.039364 
 -0.350719 -0.079256 -0.030129 
 -0.365760 -0.065565 -0.032763 
 -0.391390 -0.063274 -0.011680 
 -0.406470 -0.049547 -0.014320 
 -0.421551 -0.035821 -0.016961 
 -0.447336 -0.033389 0.004095 
 -0.451712 -0.008367 -0.022243 
 -0.466793 0.005359 -0.024884 
 -0.508926 -0.008885 0.031667 
 -0.524104 0.004930 0.029009 
 0.254217 -0.655150 0.069495 
 0.239175 -0.641459 0.066861 
 0.228645 -0.621322 0.052238 
 0.209092 -0.614076 0.061592 
 0.194050 -0.600385 0.058958 
 0.183578 -0.580301 0.044346 
 0.177733 -0.553879 0.017767 
 0.162750 -0.540241 0.015144 
 0.147766 -0.526602 0.012520 
 0.118841 -0.531929 0.045788 
 0.108466 -0.511933 0.031192 
 0.088757 -0.504546 0.040519 
 0.064304 -0.503392 0.061792 
 0.049223 -0.489665 0.059151 
 0.034143 -0.475938 0.056510 
 0.019062 -0.462211 0.053870 
 0.003981 -0.448485 0.051229 
 -0.011100 -0.434758 0.048588 
 -0.026180 -0.421031 0.045947 
 -0.041261 -0.407305 0.043306 
 -0.046619 -0.381325 0.016812 
 -0.056780 -0.361524 0.002255 
 -0.071802 -0.347851 -0.000376 
 -0.086824 -0.334177 -0.003007 
 -0.101847 -0.320503 -0.005638 
 -0.121828 -0.312868 0.003642 
 -0.136870 -0.299177 0.001008 
 -0.161907 -0.297491 0.022178 
 -0.176988 -0.283764 0.019537 
 -0.192068 -0.270038 0.016896 
 -0.207149 -0.256311 0.014256 
 -0.222230 -0.242584 0.011615 
 -0.237311 -0.228857 0.008974 
 -0.252391 -0.215131 0.006333 
 -0.257205 -0.189647 -0.020065 
 -0.272246 -0.175955 -0.022699 
 -0.282115 -0.156421 -0.037206 
 -0.302330 -0.148573 -0.027968 
 -0.312160 -0.129074 -0.042467 
 -0.327182 -0.115400 -0.045098 
 -0.342205 -0.101727 -0.047729 
 -0.373037 -0.105317 -0.014795 
 -0.377539 -0.080117 -0.041138 
 -0.403199 -0.077864 -0.020077 
 -0.418280 -0.064137 -0.022718 
 -0.444056 -0.061778 -0.001677 
 -0.469910 -0.059348 0.019352 
 -0.490455 -0.051199 0.028531 
 -0.505633 -0.037384 0.025874 
 -0.520811 -0.023569 0.023216 
 -0.535990 -0.009753 0.020558 
 -0.551168 0.004062 0.017900 
 0.227397 -0.656011 0.058485 
 0.216882 -0.635855 0.043874 
 0.197313 -0.628628 0.053217 
 0.186837 -0.608508 0.038612 
 0.171815 -0.594834 0.035981 
 0.156792 -0.581161 0.033351 
 0.151017 -0.554736 0.006801 
 0.126747 -0.553814 0.028089 
 0.107062 -0.546481 0.037412 
 0.092020 -0.532789 0.034778 
 0.076979 -0.519098 0.032144 
 0.052495 -0.517981 0.053395 
 0.037414 -0.504254 0.050754 
 0.022333 -0.490528 0.048113 
 0.007253 -0.476801 0.045472 
 -0.007828 -0.463074 0.042832 
 -0.022909 -0.449348 0.040191 
 -0.037989 -0.435621 0.037550 
 -0.053070 -0.421894 0.034909 
 -0.068151 -0.408167 0.032268 
 -0.073440 -0.382185 0.005803 
 -0.088481 -0.368494 0.003169 
 -0.103523 -0.354803 0.000535 
 -0.118565 -0.341111 -0.002100 
 -0.143555 -0.339534 0.019063 
 -0.158635 -0.325807 0.016422 
 -0.173716 -0.312080 0.013781 
 -0.198861 -0.310361 0.034917 
 -0.213981 -0.296599 0.032269 
 -0.229100 -0.282837 0.029621 
 -0.244220 -0.269075 0.026973 
 -0.249120 -0.243447 0.000577 
 -0.264200 -0.229720 -0.002064 
 -0.279281 -0.215994 -0.004705 
 -0.294362 -0.202267 -0.007346 
 -0.309443 -0.188540 -0.009987 
 -0.324523 -0.174813 -0.012628 
 -0.339604 -0.161087 -0.015269 
 -0.338946 -0.129933 -0.053463 
 -0.359234 -0.122051 -0.044245 
 -0.384846 -0.119907 -0.023192 
 -0.399927 -0.106180 -0.025833 
 -0.415008 -0.092453 -0.028474 
 -0.440776 -0.090167 -0.007447 
 -0.455895 -0.076405 -0.010095 
 -0.481780 -0.074013 0.010911 
 -0.502341 -0.065883 0.020080 
 -0.517519 -0.052068 0.017422 
 -0.532697 -0.038252 0.014764 
 -0.547875 -0.024437 0.012106 
 -0.563053 -0.010622 0.009448 
 0.205118 -0.650388 0.035509 
 0.185534 -0.643180 0.044842 
 0.170493 -0.629489 0.042207 
 0.160051 -0.609368 0.027617 
 0.145029 -0.595694 0.024986 
 0.130006 -0.582020 0.022355 
 0.114984 -0.568347 0.019725 
 0.095284 -0.561033 0.029037 
 0.080242 -0.547341 0.026403 
 0.065200 -0.533650 0.023769 
 0.040686 -0.532571 0.044998 
 0.025605 -0.518844 0.042357 
 0.010524 -0.505117 0.039716 
 -0.004556 -0.491391 0.037075 
 -0.019637 -0.477664 0.034434 
 -0.034718 -0.463937 0.031794 
 -0.049799 -0.450211 0.029153 
 -0.064879 -0.436484 0.026512 
 -0.079960 -0.422757 0.023871 
 -0.095041 -0.409030 0.021230 
 -0.110122 -0.395304 0.018589 
 -0.125202 -0.381577 0.015948 
 -0.140283 -0.367850 0.013307 
 -0.165342 -0.366275 0.034441 
 -0.180461 -0.352513 0.031793 
 -0.195581 -0.338751 0.029146 
 -0.210701 -0.324989 0.026498 
 -0.225820 -0.311227 0.023850 
 -0.240940 -0.297464 0.021202 
 -0.256060 -0.283702 0.018555 
 -0.271179 -0.269940 0.015907 
 -0.276010 -0.244310 -0.010461 
 -0.291090 -0.230583 -0.013102 
 -0.306171 -0.216857 -0.015743 
 -0.310846 -0.191368 -0.042084 
 -0.336333 -0.189403 -0.021025 
 -0.351413 -0.175677 -0.023666 
 -0.350709 -0.144466 -0.061827 
 -0.381575 -0.148223 -0.028948 
 -0.396656 -0.134497 -0.031589 
 -0.411736 -0.120770 -0.034230 
 -0.426817 -0.107043 -0.036871 
 -0.452615 -0.104795 -0.015866 
 -0.467735 -0.091033 -0.018514 
 -0.493650 -0.088678 0.002471 
 -0.514226 -0.080567 0.011629 
 -0.529404 -0.066752 0.008971 
 -0.544582 -0.052936 0.006313 
 -0.559760 -0.039121 0.003655 
 -0.574938 -0.025306 0.000997 
 0.193355 -0.664921 0.027144 
 0.155451 -0.683669 0.084273 
 0.158714 -0.644041 0.033832 
 0.143672 -0.630350 0.031198 
 0.133265 -0.610227 0.016622 
 0.118243 -0.596554 0.013991 
 0.103220 -0.582880 0.011360 
 0.083505 -0.575585 0.020661 
 0.068463 -0.561893 0.018027 
 0.053421 -0.548202 0.015393 
 0.028877 -0.547160 0.036601 
 0.013796 -0.533434 0.033960 
 -0.001285 -0.519707 0.031319 
 -0.016366 -0.505980 0.028678 
 -0.031446 -0.492254 0.026037 
 -0.046527 -0.478527 0.023396 
 -0.061608 -0.464800 0.020755 
 -0.076689 -0.451073 0.018115 
 -0.101583 -0.449713 0.039261 
 -0.116703 -0.435951 0.036613 
 -0.121931 -0.409893 0.010192 
 -0.137011 -0.396167 0.007551 
 -0.162062 -0.394664 0.028670 
 -0.177181 -0.380902 0.026022 
 -0.192301 -0.367140 0.023375 
 -0.207421 -0.353378 0.020727 
 -0.222540 -0.339616 0.018079 
 -0.237660 -0.325854 0.015431 
 -0.252780 -0.312092 0.012784 
 -0.267899 -0.298329 0.010136 
 -0.283019 -0.284567 0.007488 
 -0.298139 -0.270805 0.004840 
 -0.302900 -0.245173 -0.021499 
 -0.317980 -0.231446 -0.024140 
 -0.333061 -0.217720 -0.026781 
 -0.348142 -0.203993 -0.029422 
 -0.352708 -0.178538 -0.055728 
 -0.367750 -0.164846 -0.058362 
 -0.393384 -0.162813 -0.037345 
 -0.419096 -0.160708 -0.016342 
 -0.423546 -0.135359 -0.042627 
 -0.449335 -0.133184 -0.021637 
 -0.475203 -0.130938 -0.000660 
 -0.490362 -0.117141 -0.003315 
 -0.521760 -0.120511 0.029447 
 -0.520679 -0.089546 -0.008624 
 -0.541290 -0.081435 0.000520 
 -0.556468 -0.067620 -0.002138 
 -0.571646 -0.053805 -0.004796 
 0.143611 -0.698296 0.075854 
 0.146935 -0.658593 0.025457 
 0.131893 -0.644902 0.022822 
 0.116851 -0.631210 0.020188 
 0.106479 -0.611087 0.005626 
 0.086768 -0.603828 0.014920 
 0.071726 -0.590137 0.012286 
 0.056684 -0.576445 0.009652 
 0.041642 -0.562754 0.007018 
 0.017067 -0.561750 0.028204 
 0.001987 -0.548023 0.025563 
 -0.013094 -0.534297 0.022922 
 -0.028175 -0.520570 0.020281 
 -0.043255 -0.506843 0.017640 
 -0.058336 -0.493117 0.014999 
 -0.073417 -0.479390 0.012358 
 -0.088498 -0.465663 0.009717 
 -0.113423 -0.464340 0.030842 
 -0.128542 -0.450578 0.028195 
 -0.133740 -0.424483 0.001795 
 -0.148821 -0.410756 -0.000846 
 -0.173901 -0.409292 0.020251 
 -0.189021 -0.395529 0.017604 
 -0.204141 -0.381767 0.014956 
 -0.219260 -0.368005 0.012308 
 -0.234380 -0.354243 0.009660 
 -0.249500 -0.340481 0.007013 
 -0.264619 -0.326719 0.004365 
 -0.279739 -0.312957 0.001717 
 -0.294859 -0.299195 -0.000931 
 -0.309978 -0.285432 -0.003578 
 -0.325098 -0.271670 -0.006226 
 -0.329789 -0.246036 -0.032537 
 -0.344870 -0.232309 -0.035178 
 -0.359951 -0.218583 -0.037819 
 -0.375032 -0.204856 -0.040460 
 -0.379528 -0.179398 -0.066738 
 -0.405193 -0.177403 -0.045742 
 -0.430936 -0.175336 -0.024761 
 -0.446055 -0.161574 -0.027408 
 -0.477285 -0.165195 0.005358 
 -0.492463 -0.151380 0.002700 
 -0.502232 -0.131806 -0.011755 
 -0.533676 -0.135233 0.020974 
 -0.537997 -0.109934 -0.005274 
 -0.553175 -0.096119 -0.007932 
 -0.568353 -0.082304 -0.010590 
 0.095743 -0.658700 0.035652 
 0.080662 -0.644973 0.033012 
 0.065581 -0.631246 0.030371 
 0.059948 -0.604689 0.003911 
 0.044906 -0.590997 0.001276 
 0.029864 -0.577306 -0.001358 
 0.014822 -0.563615 -0.003992 
 -0.000220 -0.549923 -0.006626 
 -0.015262 -0.536232 -0.009260 
 -0.039984 -0.535159 0.011884 
 -0.055065 -0.521433 0.009243 
 -0.070145 -0.507706 0.006602 
 -0.085226 -0.493979 0.003961 
 -0.100307 -0.480253 0.001320 
 -0.115388 -0.466526 -0.001321 
 -0.130468 -0.452799 -0.003962 
 -0.155502 -0.451443 0.017128 
 -0.170622 -0.437681 0.014480 
 -0.200787 -0.442369 0.047409 
 -0.200861 -0.410157 0.009185 
 -0.215981 -0.396395 0.006537 
 -0.231100 -0.382633 0.003889 
 -0.246220 -0.368871 0.001241 
 -0.261340 -0.355108 -0.001406 
 -0.276459 -0.341346 -0.004054 
 -0.291579 -0.327584 -0.006702 
 -0.306698 -0.313822 -0.009350 
 -0.321818 -0.300060 -0.011997 
 -0.336938 -0.286298 -0.014645 
 -0.341599 -0.260626 -0.040935 
 -0.356679 -0.246899 -0.043576 
 -0.371760 -0.233172 -0.046216 
 -0.386841 -0.219445 -0.048857 
 -0.401922 -0.205719 -0.051498 
 -0.417002 -0.191992 -0.054139 
 -0.442775 -0.189963 -0.033179 
 -0.457895 -0.176201 -0.035827 
 -0.489170 -0.179879 -0.003093 
 -0.504348 -0.166064 -0.005751 
 -0.530374 -0.163805 0.015165 
 -0.545591 -0.149954 0.012501 
 -0.560808 -0.136103 0.009836 
 -0.565060 -0.110803 -0.016383 
 0.074573 -0.686264 0.051073 
 0.068853 -0.659563 0.024615 
 0.053772 -0.645836 0.021974 
 0.038691 -0.632109 0.019333 
 0.033127 -0.605549 -0.007099 
 0.018085 -0.591858 -0.009733 
 -0.006551 -0.590929 0.011410 
 -0.011999 -0.564475 -0.015001 
 -0.036712 -0.563476 0.006128 
 -0.051793 -0.549749 0.003487 
 -0.066874 -0.536022 0.000846 
 -0.081954 -0.522296 -0.001795 
 -0.097035 -0.508569 -0.004436 
 -0.112116 -0.494842 -0.007077 
 -0.127197 -0.481116 -0.009718 
 -0.142277 -0.467389 -0.012359 
 -0.157358 -0.453662 -0.014999 
 -0.172439 -0.439935 -0.017640 
 -0.197581 -0.438546 0.003414 
 -0.212700 -0.424784 0.000766 
 -0.237959 -0.423289 0.021801 
 -0.253118 -0.409491 0.019146 
 -0.258059 -0.383498 -0.007177 
 -0.273179 -0.369736 -0.009825 
 -0.288299 -0.355974 -0.012473 
 -0.303418 -0.342211 -0.015121 
 -0.318538 -0.328449 -0.017768 
 -0.333658 -0.314687 -0.020416 
 -0.348777 -0.300925 -0.023064 
 -0.353408 -0.275215 -0.049332 
 -0.368488 -0.261488 -0.051973 
 -0.383569 -0.247762 -0.054613 
 -0.398650 -0.234035 -0.057254 
 -0.413731 -0.220308 -0.059895 
 -0.439495 -0.218352 -0.038950 
 -0.454615 -0.204590 -0.041598 
 -0.480497 -0.202528 -0.020673 
 -0.501055 -0.194563 -0.011544 
 -0.516234 -0.180747 -0.014202 
 -0.542290 -0.178526 0.006693 
 -0.557507 -0.164675 0.004028 
 -0.572724 -0.150825 0.001363 
 0.041963 -0.660426 0.013576 
 0.026882 -0.646699 0.010936 
 0.011801 -0.632972 0.008295 
 0.006306 -0.606410 -0.018109 
 -0.018360 -0.605519 0.003013 
 -0.023777 -0.579027 -0.023377 
 -0.038819 -0.565336 -0.026011 
 -0.053861 -0.551645 -0.028645 
 -0.078683 -0.550612 -0.007551 
 -0.093764 -0.536885 -0.010192 
 -0.108845 -0.523159 -0.012833 
 -0.123925 -0.509432 -0.015474 
 -0.139006 -0.495705 -0.018115 
 -0.154087 -0.481979 -0.020756 
 -0.179181 -0.480698 0.000290 
 -0.194301 -0.466936 -0.002357 
 -0.219512 -0.465549 0.018669 
 -0.224540 -0.439411 -0.007653 
 -0.249830 -0.437954 0.013360 
 -0.254779 -0.411887 -0.012948 
 -0.280147 -0.410359 0.008051 
 -0.285019 -0.384363 -0.018244 
 -0.300138 -0.370601 -0.020892 
 -0.315258 -0.356839 -0.023539 
 -0.330378 -0.343077 -0.026187 
 -0.345497 -0.329314 -0.028835 
 -0.360617 -0.315552 -0.031483 
 -0.365217 -0.289805 -0.057729 
 -0.380298 -0.276078 -0.060370 
 -0.405976 -0.274266 -0.039426 
 -0.410459 -0.248625 -0.065652 
 -0.425540 -0.234898 -0.068293 
 -0.451335 -0.232980 -0.047369 
 -0.477208 -0.230991 -0.026458 
 -0.497763 -0.223062 -0.017338 
 -0.512941 -0.209247 -0.019996 
 -0.538989 -0.207098 0.000884 
 -0.554206 -0.193247 -0.001780 
 -0.569423 -0.179397 -0.004445 
 -0.584640 -0.165546 -0.007110 
 0.015073 -0.661289 0.002538 
 -0.000008 -0.647562 -0.000102 
 -0.015089 -0.633835 -0.002743 
 -0.030169 -0.620108 -0.005384 
 -0.035556 -0.593579 -0.031752 
 -0.050598 -0.579888 -0.034386 
 -0.065640 -0.566197 -0.037020 
 -0.090492 -0.565202 -0.015948 
 -0.105573 -0.551475 -0.018589 
 -0.120654 -0.537748 -0.021230 
 -0.135734 -0.524021 -0.023871 
 -0.150815 -0.510295 -0.026512 
 -0.165896 -0.496568 -0.029153 
 -0.180977 -0.482841 -0.031794 
 -0.196057 -0.469115 -0.034435 
 -0.231382 -0.480214 0.010229 
 -0.246541 -0.466416 0.007574 
 -0.261700 -0.452619 0.004920 
 -0.276858 -0.438821 0.002265 
 -0.292017 -0.425023 -0.000389 
 -0.296858 -0.398990 -0.026663 
 -0.311978 -0.385228 -0.029310 
 -0.327098 -0.371466 -0.031958 
 -0.342217 -0.357704 -0.034606 
 -0.357337 -0.343942 -0.037254 
 -0.372457 -0.330180 -0.039901 
 -0.387576 -0.316417 -0.042549 
 -0.402696 -0.302655 -0.045197 
 -0.428444 -0.300845 -0.024281 
 -0.432935 -0.275131 -0.050492 
 -0.448055 -0.261369 -0.053140 
 -0.473920 -0.259453 -0.032244 
 -0.494470 -0.251561 -0.023131 
 -0.509648 -0.237746 -0.025789 
 -0.535688 -0.235670 -0.004924 
 -0.561805 -0.233524 0.015927 
 -0.577061 -0.219638 0.013255 
 -0.592317 -0.205751 0.010584 
 -0.607573 -0.191865 0.007912 
 -0.622829 -0.177979 0.005241 
 -0.041978 -0.634698 -0.013781 
 -0.047335 -0.608131 -0.040128 
 -0.062377 -0.594440 -0.042762 
 -0.077418 -0.580749 -0.045396 
 -0.092460 -0.567058 -0.048030 
 -0.107502 -0.553366 -0.050664 
 -0.132463 -0.552338 -0.029627 
 -0.147544 -0.538611 -0.032268 
 -0.162624 -0.524885 -0.034909 
 -0.177705 -0.511158 -0.037550 
 -0.192786 -0.497431 -0.040191 
 -0.207867 -0.483704 -0.042832 
 -0.233100 -0.482428 -0.021843 
 -0.248219 -0.468666 -0.024490 
 -0.263339 -0.454904 -0.027138 
 -0.278459 -0.441142 -0.029786 
 -0.303887 -0.439688 -0.008830 
 -0.308698 -0.413617 -0.035081 
 -0.323818 -0.399855 -0.037729 
 -0.349363 -0.398296 -0.016794 
 -0.354057 -0.372331 -0.043025 
 -0.369177 -0.358569 -0.045672 
 -0.384296 -0.344807 -0.048320 
 -0.399416 -0.331045 -0.050968 
 -0.414536 -0.317283 -0.053616 
 -0.440314 -0.315511 -0.032721 
 -0.455473 -0.301713 -0.035376 
 -0.470631 -0.287915 -0.038030 
 -0.485790 -0.274118 -0.040685 
 -0.506356 -0.266245 -0.031582 
 -0.532387 -0.264242 -0.010732 
 -0.547604 -0.250392 -0.013397 
 -0.573752 -0.248283 0.007432 
 -0.610948 -0.257810 0.051736 
 -0.626281 -0.243853 0.049051 
 -0.647139 -0.235714 0.058102 
 -0.662492 -0.221739 0.055413 
 -0.059113 -0.622683 -0.048503 
 -0.074155 -0.608992 -0.051137 
 -0.089197 -0.595301 -0.053771 
 -0.114111 -0.594381 -0.032742 
 -0.129191 -0.580654 -0.035383 
 -0.144272 -0.566928 -0.038024 
 -0.159353 -0.553201 -0.040665 
 -0.174434 -0.539474 -0.043306 
 -0.189514 -0.525747 -0.045947 
 -0.204595 -0.512021 -0.048588 
 -0.219676 -0.498294 -0.051229 
 -0.234756 -0.484567 -0.053870 
 -0.260059 -0.483293 -0.032909 
 -0.275179 -0.469531 -0.035557 
 -0.290298 -0.455769 -0.038205 
 -0.305418 -0.442007 -0.040852 
 -0.320538 -0.428245 -0.043500 
 -0.346074 -0.426758 -0.022579 
 -0.361233 -0.412961 -0.025234 
 -0.376391 -0.399163 -0.027889 
 -0.381016 -0.373196 -0.054091 
 -0.396136 -0.359434 -0.056739 
 -0.411256 -0.345672 -0.059387 
 -0.437026 -0.343973 -0.038507 
 -0.452184 -0.330175 -0.041161 
 -0.467343 -0.316378 -0.043816 
 -0.487885 -0.308559 -0.034717 
 -0.503063 -0.294743 -0.037375 
 -0.529086 -0.292814 -0.016540 
 -0.555186 -0.290814 0.004281 
 -0.570442 -0.276928 0.001609 
 -0.613102 -0.292491 0.057619 
 -0.639455 -0.290260 0.078396 
 -0.665887 -0.287959 0.099160 
 -0.681318 -0.273914 0.096457 
 -0.696749 -0.259868 0.093755 
 -0.156081 -0.581517 -0.046421 
 -0.171162 -0.567790 -0.049062 
 -0.186243 -0.554064 -0.051703 
 -0.201323 -0.540337 -0.054344 
 -0.216404 -0.526610 -0.056985 
 -0.231485 -0.512884 -0.059626 
 -0.256779 -0.511683 -0.038680 
 -0.271899 -0.497921 -0.041328 
 -0.287018 -0.484158 -0.043976 
 -0.302138 -0.470396 -0.046623 
 -0.327627 -0.469018 -0.025711 
 -0.342786 -0.455221 -0.028365 
 -0.357944 -0.441423 -0.031020 
 -0.362617 -0.415348 -0.057214 
 -0.377736 -0.401586 -0.059862 
 -0.392856 -0.387824 -0.062510 
 -0.418579 -0.386233 -0.041638 
 -0.423095 -0.360299 -0.067805 
 -0.448896 -0.358638 -0.046947 
 -0.469414 -0.350873 -0.037853 
 -0.484592 -0.337058 -0.040511 
 -0.510568 -0.335237 -0.019683 
 -0.525785 -0.321386 -0.022348 
 -0.551877 -0.319459 -0.001542 
 -0.567133 -0.305573 -0.004214 
 -0.604295 -0.315392 0.040030 
 -0.658100 -0.342796 0.119423 
 -0.662539 -0.316933 0.093270 
 -0.677970 -0.302888 0.090568 
 -0.693401 -0.288842 0.087865 
 -0.708832 -0.274797 0.085163 
 -0.213133 -0.554927 -0.062741 
 -0.228213 -0.541200 -0.065382 
 -0.243294 -0.527473 -0.068023 
 -0.268619 -0.526310 -0.047099 
 -0.283738 -0.512548 -0.049747 
 -0.298858 -0.498786 -0.052394 
 -0.313978 -0.485023 -0.055042 
 -0.329097 -0.471261 -0.057690 
 -0.344217 -0.457499 -0.060338 
 -0.369815 -0.456088 -0.039460 
 -0.384973 -0.442291 -0.042115 
 -0.400132 -0.428493 -0.044770 
 -0.415290 -0.414696 -0.047424 
 -0.435765 -0.407003 -0.038330 
 -0.461616 -0.405361 -0.017497 
 -0.466122 -0.379372 -0.043646 
 -0.492050 -0.377660 -0.022827 
 -0.507267 -0.363809 -0.025491 
 -0.522484 -0.349958 -0.028156 
 -0.537701 -0.336108 -0.030821 
 -0.563823 -0.334218 -0.010037 
 -0.617385 -0.362072 0.069341 
 -0.643761 -0.359953 0.090082 
 -0.701154 -0.329600 0.105391 
 -0.716624 -0.315519 0.102682 
 -0.270184 -0.528336 -0.079061 
 -0.285265 -0.514610 -0.081702 
 -0.325818 -0.499651 -0.063461 
 -0.340937 -0.485889 -0.066109 
 -0.356057 -0.472127 -0.068756 
 -0.381685 -0.470753 -0.047901 
 -0.396843 -0.456955 -0.050555 
 -0.417295 -0.449317 -0.041465 
 -0.443098 -0.447784 -0.020640 
 -0.484234 -0.432294 -0.002502 
 -0.488749 -0.406232 -0.028635 
 -0.503965 -0.392381 -0.031300 
 -0.519182 -0.378530 -0.033964 
 -0.545258 -0.376749 -0.013188 
 -0.560514 -0.362863 -0.015860 
 -0.575770 -0.348977 -0.018531 
 -0.500664 -0.420953 -0.037108 
 -0.515881 -0.407102 -0.039773 
 -0.541948 -0.405395 -0.019011 
 -0.557204 -0.391508 -0.021683 
 -0.572460 -0.377622 -0.024354 
 -0.598682 -0.375773 -0.003620 
 