-0.003552 -0.419799 0.024275 
 0.262633 -0.512012 -0.044890 
 0.407295 0.479794 0.047571 
 -0.141025 -0.574125 0.098043 
 -0.334750 -0.199184 -0.025477 
 0.349341 0.541893 0.019007 
 -0.389077 0.226272 0.037025 
 -0.072660 -0.018860 -0.264573 
 0.033319 -0.607027 0.017899 
 0.386873 -0.573798 -0.105892 
 -0.110656 0.409766 -0.048362 
 0.121497 -0.629047 0.039323 
 0.072044 -0.611377 0.041868 
 -0.161755 0.038448 -0.196944 
 -0.096338 -0.406846 0.033975 
 0.238558 0.437838 0.073323 
 -0.200865 0.123532 -0.232612 
 -0.176269 -0.638548 0.313025 
 0.361425 -0.353473 -0.062243 
 -0.055209 -0.623962 0.065499 
 0.366467 -0.183478 -0.069733 
 0.187614 0.796947 0.086997 
 -0.126968 -0.472238 0.035849 
 0.500779 -0.537045 -0.066325 
 0.122709 -0.273933 0.133011 
 0.447375 -0.294971 -0.099531 
 0.315968 -0.299734 -0.036887 
 -0.322441 0.128441 -0.125434 
 0.384348 -0.179135 -0.079248 
 -0.001177 0.411755 -0.097665 
 0.444550 -0.237607 -0.081713 
 0.162077 0.813178 0.089100 
 -0.284398 0.237385 0.025798 
 0.185279 0.746534 0.138905 
 0.389350 0.540961 0.043079 
 0.398499 -0.384984 -0.093785 
 0.194212 -0.278243 0.090342 
 0.278963 0.218236 0.056063 
 0.451208 -0.558007 -0.074004 
 0.239299 0.807740 0.058444 
 -0.287293 0.097605 -0.235289 
 0.434954 0.158092 0.011428 
 0.011026 -0.358175 0.032143 
 0.217577 -0.391251 0.044984 
 0.256549 0.376560 0.078322 
 -0.385346 0.002865 -0.121729 
 0.439204 0.079521 -0.011453 
 -0.236736 -0.165987 -0.208127 
 0.278922 -0.268885 -0.007538 
 -0.315823 -0.378009 0.107974 
 -0.249979 0.243540 0.007357 
 0.087160 -0.280769 0.152171 
 0.401503 -0.176024 -0.088759 
 -0.324357 0.361990 0.083409 
 0.180279 0.474005 0.069136 
 -0.052663 0.038368 -0.248106 
 -0.085731 -0.621211 0.052513 
 -0.285577 0.206362 -0.191320 
 -0.402007 -0.148318 -0.004373 
 -0.107264 0.335218 -0.070403 
 -0.161422 -0.345615 0.024435 
 -0.066256 0.318655 -0.163729 
 -0.416802 -0.022664 -0.109801 
 -0.163277 -0.285105 0.041306 
 0.207691 -0.512771 0.020082 
 -0.036836 -0.620264 0.055405 
 -0.090732 -0.022641 -0.255411 
 0.425690 0.465432 0.033232 
 -0.411674 0.356049 0.167003 
 -0.188789 0.303232 -0.143712 
 0.346690 -0.415340 -0.070858 
 0.020506 0.319928 -0.133282 
 0.028011 -0.421644 0.036909 
 -0.251904 0.282845 0.018415 
 -0.122628 -0.588978 0.082875 
 0.281357 0.179329 0.044676 
 -0.390428 0.311616 0.108672 
 0.327577 0.306522 0.050343 
 -0.369546 -0.170160 -0.078480 
 -0.365234 0.032996 -0.154616 
 0.196357 0.169000 0.060085 
 0.011885 -0.444657 0.041064 
 -0.402132 -0.148313 -0.005413 
 -0.222627 -0.042297 -0.214996 
 0.535279 -0.509938 -0.079173 
 0.031942 0.289205 -0.166040 
 0.480145 -0.297554 -0.088145 
 -0.277001 -0.361769 0.057864 
 0.510800 0.165173 0.016118 
 -0.335413 -0.096190 -0.111804 
 0.294892 0.633747 0.042698 
 0.307436 0.734522 0.061829 
 0.202091 -0.077093 0.136809 
 0.216636 -0.372310 0.050605 
 0.500748 -0.535946 -0.065652 
 0.230538 0.458760 0.067641 
 -0.385993 -0.106731 -0.085393 
 -0.145869 0.061173 -0.200599 
 0.265872 0.922911 -0.008307 
 -0.139405 0.230138 -0.240994 
 -0.293732 0.362211 0.096867 
 0.270532 -0.380835 0.017673 
 -0.390620 0.180664 0.058409 
 0.287763 -0.050105 0.045773 
 -0.463743 0.324899 0.189202 
 -0.394980 -0.189208 0.076732 
 -0.392900 0.236957 0.074938 
 0.475468 -0.171809 -0.084271 
 0.460796 -0.214443 -0.086189 
 0.088029 -0.347361 0.085945 
 0.181547 0.041146 0.067503 
 0.330940 0.596114 0.044933 
 -0.324068 0.280650 0.093206 
 -0.141052 -0.573476 0.098049 
 0.377948 0.440731 0.024013 
 0.285569 -0.404424 -0.049639 
 -0.431687 -0.064002 -0.110820 
 -0.012996 -0.688599 0.072444 
 0.176265 0.615533 0.076664 
 -0.410204 0.039120 -0.031891 
 0.298244 0.511772 0.041224 
 -0.176942 -0.650810 0.132064 
 0.276883 0.953077 0.057295 
 0.413166 -0.321952 -0.086156 
 -0.160005 -0.431372 0.035259 
 -0.267090 -0.541822 0.181547 
 0.279416 0.593112 0.041184 
 0.301223 0.124821 0.018008 
 -0.250883 0.261763 0.012871 
 -0.095105 -0.406795 0.033972 
 0.320278 0.089697 -0.002722 
 -0.032263 -0.543032 0.009172 
 -0.466757 0.301954 0.216407 
 -0.426302 0.229906 0.093325 
 -0.257445 0.395049 0.051532 
 -0.414692 0.376026 0.172593 
 0.518594 -0.445310 -0.083690 
 -0.190963 -0.080866 -0.211509 
 -0.221866 -0.042274 -0.214158 
 -0.230128 0.403805 0.021545 
 -0.253796 -0.527996 0.210047 
 0.311932 -0.154911 -0.030964 
 0.231237 0.175987 0.041266 
 0.249772 -0.038028 0.069615 
 0.213806 0.107469 0.065591 
 0.294898 0.633745 0.042954 
 -0.119029 0.326737 -0.130765 
 -0.381589 0.401582 0.159654 
 0.411123 0.402279 0.025028 
 -0.117922 0.326782 -0.130716 
 0.249743 0.094504 0.040497 
 0.274966 0.751530 0.054094 
 0.433356 -0.493869 -0.076769 
 -0.123265 -0.609569 0.077210 
 -0.434459 -0.007584 -0.094181 
 -0.367974 0.006388 -0.130843 
 -0.168388 0.230739 -0.254707 
 -0.195014 -0.622553 0.328154 
 0.194488 0.140867 0.086439 
 -0.348461 0.426737 0.147060 
 0.163748 -0.383535 0.079438 
 -0.233481 0.160412 -0.234754 
 -0.202156 0.309186 -0.083632 
 -0.113361 0.149723 -0.228272 
 -0.452178 0.443171 0.213188 
 -0.242022 0.417290 0.047854 
 0.031464 -0.586250 0.023632 
 0.153424 -0.612804 0.057700 
 0.271221 -0.112288 0.039004 
 0.226759 0.708619 0.038835 
 0.361499 0.335012 0.037070 
 -0.082547 0.212392 -0.230622 
 -0.330679 -0.479594 0.169228 
 0.111715 0.885096 0.107106 
 0.325183 0.780908 0.031583 
 0.308705 0.406830 0.056211 
 -0.304018 -0.219612 -0.018608 
 0.009113 -0.319514 0.043186 
 -0.297116 -0.182456 -0.158089 
 -0.045801 0.100096 -0.251259 
 -0.073845 -0.020490 -0.264562 
 -0.442376 0.188762 0.091205 
 0.267596 -0.322162 0.032929 
 -0.034168 0.385620 -0.084765 
 -0.393202 -0.304384 0.124972 
 -0.534048 0.286112 0.253410 
 0.229437 0.148281 0.067461 
 0.172696 -0.203706 0.121648 
 0.162713 -0.383392 0.079461 
 0.244846 0.603734 0.065597 
 -0.141238 -0.593819 0.092377 
 0.377188 -0.330326 -0.067048 
 -0.278059 0.039929 -0.239661 
 -0.097175 0.108205 -0.216650 
 0.371540 0.072457 -0.005124 
 -0.254718 0.249443 -0.198568 
 -0.429248 -0.084999 0.140195 
 0.357835 -0.007964 -0.017420 
 -0.177504 -0.434981 0.043351 
 0.235261 -0.388797 0.035398 
 -0.145431 -0.150933 -0.240189 
 -0.420771 0.097807 0.054747 
 0.218586 -0.411421 0.040096 
 -0.173175 -0.013181 -0.236264 
 0.231214 0.175996 0.040238 
 0.223063 -0.575917 0.025083 
 0.154305 -0.495057 0.022760 
 -0.225389 -0.050520 -0.182550 
 0.294470 -0.159387 -0.020276 
 0.455371 -0.096945 -0.051850 
 -0.156201 0.350295 -0.069430 
 0.228343 0.233987 0.056756 
 -0.285897 0.058651 -0.246135 
 -0.429213 0.269381 0.104391 
 0.185231 -0.457876 0.046905 
 -0.305018 0.327937 0.062591 
 -0.222852 0.317125 -0.038217 
 0.223447 0.395672 0.070617 
 -0.287483 0.293804 0.042366 
 -0.097169 0.107833 -0.217073 
 -0.372328 0.184172 0.049180 
 0.207190 -0.551975 0.008657 
 0.387587 0.096477 -0.008916 
 0.344206 0.394764 0.031614 
 0.296959 -0.504696 -0.065088 
 0.316629 -0.608112 -0.071737 
 -0.287846 0.098676 -0.235267 
 -0.346656 0.426816 0.146672 
 -0.207641 0.292442 -0.102004 
 -0.338440 0.106335 -0.120450 
 -0.155276 -0.092458 -0.235287 
 -0.352705 0.241444 0.068147 
 -0.426467 -0.207096 0.139162 
 0.198433 -0.288982 0.051326 
 -0.022530 0.352290 -0.116411 
 0.264395 0.485271 0.053966 
 -0.459659 0.185210 0.100724 
 0.004636 0.257976 -0.223073 
 -0.331687 0.103452 -0.191277 
 -0.367268 -0.086939 0.167851 
 0.227481 0.581609 0.069392 
 -0.376484 0.240485 0.064412 
 -0.143154 -0.408519 0.030164 
 0.290071 0.836697 0.035066 
 -0.105104 -0.586475 0.073407 
 0.111309 -0.326567 0.093359 
 -0.347629 0.017958 -0.170430 
 -0.136771 -0.063757 -0.270657 
 0.036496 0.342298 -0.139117 
 -0.416054 0.022818 -0.049509 
 0.528058 -0.575624 -0.076802 
 -0.072947 -0.018872 -0.264567 
 -0.381655 -0.034233 -0.132679 
 -0.479962 0.256831 0.131825 
 -0.350733 0.011983 -0.139937 
 0.228674 -0.184327 0.060846 
 0.104235 -0.277113 0.142609 
 -0.418146 0.079654 0.049202 
 0.281143 0.159901 0.039014 
 -0.122545 -0.676689 0.092139 
 0.342124 0.804260 0.027818 
 0.518103 -0.465020 -0.089426 
 -0.140474 -0.574368 0.098029 
 0.182322 -0.399215 0.063434 
 0.297240 0.531024 0.047041 
 -0.335763 0.245593 0.059071 
 -0.018559 0.237742 -0.230017 
 0.087423 -0.280797 0.152165 
 -0.430764 0.371311 0.181798 
 -0.399996 -0.349597 0.134577 
 0.298137 0.512967 0.041237 
 0.476853 -0.172417 -0.084306 
 0.374378 0.015128 -0.022119 
 0.216669 -0.373055 0.050709 
 -0.092949 -0.292829 -0.001870 
 0.350537 -0.493329 -0.093752 
 0.207088 -0.512796 0.020095 
 0.247678 0.198968 0.035780 
 -0.145891 -0.284490 0.031305 
 -0.427939 0.296057 0.159678 
 0.218224 0.823139 0.072562 
 0.280803 -0.307053 -0.019308 
 -0.126742 0.026554 -0.220710 
 0.321530 0.023616 0.012008 
 0.315415 -0.501990 -0.074665 
 0.154105 -0.187837 0.137300 
 -0.376968 -0.204589 0.060880 
 0.207274 -0.464494 -0.000191 
 -0.355566 -0.461162 0.176218 
 0.222707 -0.134249 0.109999 
 -0.517931 0.291614 0.244188 
 -0.117922 0.326782 -0.130704 
 0.432852 -0.474230 -0.072864 
 0.322316 0.839181 0.048458 
 -0.384155 0.002906 -0.120822 
 0.360233 0.417699 0.029221 
 0.370198 -0.597026 -0.102387 
 0.127017 -0.303709 0.089549 
 -0.144353 0.023010 -0.211554 
 -0.285990 0.060909 -0.246113 
 0.258875 0.709589 0.051553 
 -0.146856 -0.264539 0.037528 
 0.095159 0.759745 0.115267 
 0.328585 0.660385 0.029868 
 -0.399132 -0.037092 -0.123555 
 -0.452372 0.442949 0.213191 
 -0.181001 -0.443707 0.075447 
 -0.178417 -0.435018 0.043371 
 0.498257 -0.245962 -0.116744 
 -0.417396 0.348806 0.199681 
 0.209862 -0.234848 0.090890 
 -0.265030 -0.008960 -0.196372 
 -0.021926 -0.645731 0.072689 
 -0.303175 -0.220507 -0.018634 
 -0.127307 -0.404965 0.020791 
 -0.201615 0.078572 -0.211169 
 0.285669 0.082413 0.016601 
 0.310584 -0.403489 -0.045102 
 0.346154 0.599648 0.035550 
 -0.292291 0.406693 0.075764 
 -0.102910 0.389208 -0.042459 
 -0.290087 0.152995 -0.219030 
 -0.041059 -0.434431 -0.005642 
 -0.251386 -0.439413 0.119120 
 0.184922 0.702557 0.046156 
 0.336077 0.132110 -0.000842 
 0.359168 -0.027367 -0.024120 
 0.267200 0.098159 0.030118 
 0.314500 -0.193752 -0.041198 
 -0.188812 -0.136877 -0.227927 
 -0.266846 0.239077 -0.065545 
 0.320587 0.089722 -0.004032 
 0.109257 0.885238 0.107161 
 0.105727 -0.651768 0.043143 
 0.410191 0.421420 0.031331 
 0.340907 0.517485 0.033634 
 -0.224412 0.185359 -0.249777 
 -0.458276 0.296073 0.143235 
 -0.384189 0.002920 -0.122391 
 -0.259928 0.215305 -0.219283 
 0.368489 -0.557932 -0.089002 
 0.333920 -0.516821 -0.090146 
 0.114201 0.726551 0.095069 
 -0.347370 -0.357078 0.102008 
 0.226025 0.272615 0.069526 
 -0.272058 0.119465 -0.238900 
 -0.138670 -0.024793 -0.259272 
 -0.016730 -0.588462 0.020231 
 0.215598 0.087239 0.059878 
 0.187305 -0.652534 0.058804 
 0.229276 0.234012 0.058152 
 -0.285547 -0.301774 0.063233 
 -0.281838 -0.246205 0.010202 
 -0.445499 -0.077537 -0.058014 
 -0.076746 -0.270084 -0.004408 
 -0.280536 -0.246150 0.010063 
 -0.323453 0.343190 0.076835 
 0.339937 0.471399 0.054310 
 0.303118 -0.650804 -0.073685 
 0.206066 0.392041 0.080366 
 0.113031 0.808633 0.084813 
 0.218831 -0.114580 0.115802 
 -0.174041 -0.533960 0.096245 
 -0.392228 -0.286076 0.130525 
 -0.102505 0.370376 -0.047920 
 0.211907 0.145351 0.075887 
 -0.413844 -0.024708 0.147587 
 0.243758 -0.633877 -0.001801 
 -0.035566 0.422196 -0.073743 
 0.415584 -0.429584 -0.083295 
 -0.169352 -0.151964 -0.241777 
 -0.350157 0.137889 -0.087875 
 -0.157103 0.368698 -0.063533 
 -0.428292 0.036260 0.058090 
 0.239628 -0.004861 0.102768 
 -0.276262 0.429047 0.071741 
 0.327556 -0.112407 -0.028157 
 -0.239734 0.313209 -0.029061 
 0.265356 0.135954 0.042792 
 -0.303878 -0.116803 -0.104164 
 0.292628 0.299226 0.069559 
 -0.241606 0.264855 -0.170363 
 -0.373344 -0.194728 0.029524 
 -0.475233 0.209749 0.165275 
 0.363338 -0.392473 -0.074207 
 0.204964 -0.647281 0.049197 
 0.128928 -0.323180 0.084720 
 -0.385333 0.150169 0.015018 
 -0.368284 -0.120070 -0.099532 
 0.230659 0.504025 0.046852 
 0.227427 -0.519194 -0.026904 
 -0.068934 -0.511644 0.039446 
 -0.177375 -0.434966 0.042401 
 -0.284823 0.254992 0.031297 
 0.149792 -0.176772 0.175050 
 0.193661 0.858965 0.081636 
 -0.347523 0.083770 -0.106626 
 -0.458376 0.166436 0.095560 
 -0.273310 0.372622 0.055217 
 -0.326839 0.336005 0.108407 
 -0.288659 0.116026 -0.227373 
 0.177988 0.538220 0.054215 
 -0.303010 -0.134195 -0.109650 
 -0.285973 0.060497 -0.246117 
 0.141329 -0.290344 0.117694 
 -0.209833 -0.290020 0.037239 
 0.333091 -0.163408 -0.076679 
 0.305966 0.816191 0.050906 
 0.243473 0.668412 0.050388 
 -0.045890 0.247066 -0.194816 
 0.202090 -0.077069 0.136810 
 0.459229 -0.175421 -0.075153 
 -0.316260 0.125406 -0.194897 
 -0.261080 -0.465100 0.133705 
 -0.261937 -0.319971 0.059729 
 0.225021 -0.615727 0.013572 
 -0.091638 -0.003772 -0.248836 
 -0.319377 0.200748 -0.091458 
 0.357785 0.521104 0.023033 
 -0.154309 -0.112827 -0.240780 
 0.234272 -0.368630 0.041164 
 -0.305293 0.110840 -0.220833 
 0.405837 0.563668 0.039145 
 0.362321 0.294390 0.025702 
 0.306700 0.426116 0.061906 
 -0.490619 0.204490 0.092071 
 -0.330836 0.084965 -0.197081 
 0.341557 -0.031028 -0.014604 
 -0.369255 0.043591 -0.120394 
 0.203346 -0.493360 0.025892 
 -0.230859 -0.002752 -0.214596 
 -0.069226 -0.597789 0.048715 
 0.383010 -0.159727 -0.073160 
 0.033198 -0.604109 0.017927 
 -0.151646 0.320178 -0.112483 
 0.231603 -0.243893 0.043664 
 -0.188639 0.282691 -0.229356 
 0.435533 -0.196134 -0.081949 
 0.176546 -0.281811 0.098557 
 0.278057 0.674876 0.031644 
 -0.020677 0.314710 -0.127430 
 -0.138368 0.334757 -0.084198 
 -0.350811 -0.260515 0.047285 
 0.185252 -0.457884 0.047880 
 -0.419170 0.143666 0.032424 
 0.131800 -0.381681 0.066874 
 0.276967 -0.229121 0.003903 
 0.158877 0.933948 0.090372 
 -0.405443 -0.195275 0.096771 
 -0.062959 0.178890 -0.250681 
 -0.176339 -0.637118 0.312495 
 0.139242 0.968265 0.110875 
 0.390012 0.057629 -0.018911 
 -0.334580 0.095605 -0.158306 
 -0.413647 -0.024424 0.147585 
 -0.232158 -0.388202 0.088505 
 -0.258359 0.241265 -0.248622 
 -0.144592 -0.389340 0.036479 
 -0.295645 0.054715 -0.225664 
 0.187580 0.797055 0.085607 
 -0.211766 0.372082 0.001348 
 -0.417256 -0.352520 0.143940 
 -0.381989 0.028915 -0.148376 
 0.359264 0.437034 0.034147 
 -0.305782 0.196414 -0.150222 
 0.262885 -0.157391 0.047471 
 -0.177479 0.358015 -0.022573 
 -0.381840 -0.364267 0.120396 
 -0.238896 0.296580 -0.034540 
 0.535344 -0.509643 -0.079172 
 0.226945 0.272653 0.069507 
 0.010024 -0.358214 0.031863 
 -0.017152 0.388095 -0.093633 
 -0.072210 0.283172 -0.186043 
 0.388383 0.560512 0.048614 
 0.224565 -0.125680 0.078045 
 -0.219593 -0.268407 0.031498 
 0.203207 -0.100321 0.131036 
 -0.364262 0.078579 -0.098542 
 -0.143634 -0.150856 -0.240484 
 -0.297128 -0.182576 -0.158916 
 0.104973 -0.275102 0.142610 
 0.495182 -0.148509 -0.088163 
 -0.139101 -0.613149 0.086721 
 -0.223847 0.337567 -0.032718 
 0.278876 -0.268095 -0.008168 
 0.291704 0.317722 0.075001 
 -0.215440 0.446440 0.023394 
 0.262864 -0.157286 0.046706 
 0.199218 0.044807 0.057307 
 -0.412800 0.030853 -0.082918 
 -0.143738 -0.169585 -0.245947 
 -0.249461 -0.391816 0.097877 
 0.280909 0.179298 0.045954 
 -0.144686 -0.169625 -0.245926 
 0.302188 0.105327 0.012446 
 0.286601 -0.424544 -0.053268 
 -0.141756 -0.446955 0.019332 
 -0.123863 0.309988 -0.147688 
 -0.265227 -0.138185 -0.164421 
 -0.256273 -0.114021 -0.099778 
 -0.432693 -0.120500 0.117447 
 0.481487 -0.452775 -0.064410 
 -0.478073 0.219246 0.122402 
 0.226584 0.207106 0.086599 
 -0.215354 0.444898 0.023378 
 0.187699 -0.583076 0.044283 
 -0.195982 -0.161808 -0.212997 
 0.338389 0.027238 0.003156 
 0.313000 -0.176392 -0.035503 
 0.269205 -0.073295 0.046115 
 -0.287117 -0.178105 -0.178624 
 0.304355 -0.064585 0.030572 
 -0.380869 -0.345074 0.125188 
 -0.432637 -0.044755 -0.105606 
 0.244166 -0.652060 -0.007529 
 0.343090 0.348948 0.049840 
 0.357816 0.521091 0.024484 
 -0.267084 0.453058 0.058553 
 0.309419 0.693988 0.050534 
 -0.168308 0.149035 -0.243718 
 0.301440 0.058189 0.032935 
 0.366757 0.169415 0.023385 
 0.180435 -0.360761 0.075597 
 -0.186145 -0.136766 -0.227984 
 -0.318819 -0.404914 0.135510 
 0.561950 -0.528747 -0.083734 
 -0.003736 -0.642034 0.063138 
 -0.193779 0.354496 -0.012355 
 0.426433 0.464084 0.033204 
 0.123638 -0.292614 0.127282 
 0.210422 0.538780 0.067552 
 0.428846 -0.012753 -0.062677 
 0.219797 -0.075186 0.127218 
 0.119017 -0.482860 0.047597 
 -0.144943 0.041698 -0.207414 
 -0.366117 0.116789 -0.086593 
 0.461453 -0.194875 -0.080500 
 0.428813 -0.278867 -0.084255 
 -0.332012 -0.024696 -0.159980 
 0.433424 0.197057 0.023446 
 -0.447687 0.347824 0.185507 
 -0.409256 -0.165299 0.059475 
 -0.353640 0.242016 0.068173 
 0.241164 0.769534 0.046310 
 -0.333974 -0.381660 0.118236 
 -0.238125 0.294892 -0.034572 
 -0.400135 0.045090 -0.052575 
 -0.425700 -0.312456 0.143611 
 -0.354251 0.148836 -0.052975 
 -0.278272 -0.342676 0.063478 
 -0.399458 0.090451 0.007697 
 -0.236526 -0.269855 0.040855 
 -0.424771 -0.331230 0.138013 
 -0.400371 0.044978 -0.052571 
 0.112044 0.866038 0.101533 
 0.457634 0.217118 0.030163 
 -0.331680 0.101996 -0.191290 
 0.014130 0.303006 -0.151525 
 -0.407349 0.307038 0.117872 
 -0.348029 -0.483238 0.180382 
 0.420545 0.096005 0.003811 
 0.350017 -0.474130 -0.088041 
 -0.299350 0.147423 -0.198548 
 -0.193950 -0.371925 0.036429 
 -0.436667 0.058089 0.134967 
 0.337345 -0.373965 -0.070796 
 -0.333099 -0.381615 0.117350 
 -0.366601 0.116557 -0.005151 
 -0.512053 0.259234 0.199816 
 0.446557 -0.344037 -0.079481 
 0.527124 -0.556417 -0.070205 
 -0.372765 0.165736 0.043699 
 0.477771 -0.191249 -0.090763 
 -0.287838 0.098461 -0.235269 
 -0.159115 -0.450553 0.026948 
 -0.193940 -0.371930 0.036928 
 0.408748 0.421592 0.031364 
 0.076749 -0.487491 0.055475 
 0.435565 -0.621096 -0.081669 
 0.207378 -0.051165 0.110400 
 -0.282748 -0.564808 0.184970 
 0.382590 -0.092773 -0.088070 
 0.239925 0.418000 0.067650 
 -0.516941 0.270736 0.237472 
 -0.289662 0.134528 -0.226216 
 0.025074 -0.344097 0.060001 
 0.285677 -0.405957 -0.047561 
 0.482099 -0.336667 -0.098471 
 0.005060 0.257986 -0.222273 
 -0.230505 -0.021384 -0.217837 
 0.211150 0.557758 0.073150 
 -0.367418 0.423111 0.155987 
 -0.414688 0.374842 0.170511 
 0.122699 -0.273676 0.133014 
 0.321752 0.004184 0.003528 
 -0.075220 0.379259 -0.078303 
 0.339325 0.007815 -0.003193 
 -0.342270 0.377269 0.097159 
 0.227033 0.727775 0.044437 
 -0.196418 -0.487015 0.073561 
 0.257006 -0.107103 0.096961 
 -0.139432 -0.593744 0.092339 
 0.104954 -0.296675 0.136876 
 -0.303919 -0.115810 -0.104155 
 -0.073349 -0.415234 -0.013100 
 -0.048590 -0.498689 -0.000663 
 0.527324 -0.624672 -0.056719 
 0.191378 0.978010 0.082891 
 -0.143412 -0.494432 0.039633 
 -0.213765 -0.127588 -0.192894 
 0.436424 -0.621066 -0.081025 
 0.306263 -0.039702 0.004417 
 0.338407 0.027231 0.003967 
 -0.163204 -0.412247 0.039628 
 -0.286731 0.293835 0.042288 
 0.203404 -0.031798 0.117181 
 0.551715 -0.486546 -0.083031 
 0.288950 -0.108607 0.028660 
 0.135644 -0.459687 0.043796 
 -0.380613 -0.364209 0.119595 
 -0.409244 -0.165759 0.059126 
 -0.424318 0.256089 0.066358 
 -0.281855 -0.245863 0.010094 
 0.345748 0.599631 0.035559 
 0.156860 -0.207310 0.131045 
 0.156997 -0.246686 0.119605 
 0.161764 -0.324656 0.096634 
 0.208879 -0.503438 -0.011631 
 0.222792 -0.645797 0.040233 
 -0.193973 -0.371916 0.035400 
 -0.236354 -0.101146 -0.140848 
 -0.087665 -0.581920 0.063893 
 -0.206685 -0.084344 -0.201135 
 0.244444 0.888824 0.059202 
 -0.276234 0.428399 0.071777 
 0.013358 -0.482194 0.029709 
 -0.111541 0.048699 -0.224355 
 0.153203 -0.455337 0.034197 
 -0.240677 0.332336 -0.023709 
 -0.326405 -0.070656 -0.127460 
 -0.264316 -0.156867 -0.170415 
 0.144848 0.810065 0.098480 
 -0.302056 -0.153695 -0.115240 
 -0.452656 0.100146 0.122267 
 0.274316 0.751485 0.055953 
 -0.384172 0.002845 -0.121754 
 -0.211220 0.350949 -0.004178 
 -0.364601 0.404330 0.150412 
 -0.040451 0.368805 -0.101679 
 -0.291372 0.387941 0.069953 
 -0.034163 0.384574 -0.086565 
 0.342481 0.784012 0.022198 
 -0.424586 -0.245262 0.127990 
 -0.508339 0.183799 0.177334 
 -0.431682 -0.063358 -0.109343 
 0.175551 -0.281953 0.098577 
 -0.093528 0.034193 -0.238971 
 -0.314337 -0.039678 -0.174536 
 -0.438538 -0.006551 0.150839 
 -0.415527 0.392555 0.178106 
 -0.417702 -0.004083 -0.103531 
 -0.253763 -0.528787 0.210039 
 0.253402 -0.471080 -0.045628 
 0.015408 0.303058 -0.151369 
 -0.175861 0.337513 -0.028117 
 -0.207676 -0.064603 -0.196906 
 0.276836 -0.190116 0.015298 
 0.248994 0.094469 0.040932 
 -0.087427 0.364120 -0.106157 
 -0.173916 -0.677925 0.300909 
 0.208666 0.596441 0.084438 
 0.357782 0.521105 0.022912 
 0.238928 0.438406 0.073320 
 -0.484661 0.315656 0.231847 
 0.364514 -0.143949 -0.058679 
 0.326660 -0.092979 -0.022191 
 0.117908 0.732780 0.062447 
 -0.153303 -0.643885 0.264706 
 0.213743 -0.313654 0.067823 
 -0.346865 -0.357047 0.100897 
 0.309397 0.694968 0.051409 
 0.154226 -0.475532 0.029983 
 0.467927 -0.533849 -0.077851 
 0.073915 -0.649093 0.030434 
 0.226100 -0.460773 -0.009768 
 -0.192774 -0.391084 0.031923 
 0.239568 -0.045118 0.091353 
 -0.275775 0.346638 0.082429 
 0.386151 0.135352 0.002615 
 -0.326220 0.399613 0.094141 
 0.203898 0.819652 0.082997 
 0.223116 -0.577198 0.025071 
 0.228368 0.233977 0.057930 
 -0.408504 0.195839 0.072235 
 0.315748 0.206018 0.031376 
 0.194237 0.009389 0.117435 
 -0.202876 -0.226594 0.033325 
 0.289091 0.856702 0.040683 
 0.269041 -0.427599 -0.042276 
 0.305733 -0.085457 0.024835 
 0.515995 -0.425726 -0.077889 
 0.417481 0.193464 0.032356 
 0.421622 0.076526 -0.001349 
 0.275232 0.732340 0.048948 
 -0.272544 0.353804 0.049954 
 -0.178242 -0.176140 -0.227624 
 0.457602 0.217893 0.030171 
 -0.180825 -0.571898 0.154884 
 0.229570 0.480570 0.073315 
 -0.141115 -0.681109 0.101669 
 -0.458748 -0.091803 -0.005089 
 0.384615 -0.246092 -0.064765 
 0.283979 -0.654536 -0.065243 
 -0.102959 0.282220 -0.199669 
 0.387099 0.116090 -0.003223 
 0.284829 0.035712 0.035657 
 0.162781 -0.363942 0.085176 
 -0.180975 -0.444172 0.075752 
 0.213042 0.519412 0.061877 
 -0.321993 0.343245 0.077303 
 -0.352255 0.138960 -0.008790 
 0.134833 0.718436 0.047576 
 -0.415864 -0.041260 -0.114294 
 -0.035574 0.234221 -0.220757 
 -0.211683 0.369760 0.000733 
 -0.223741 0.334983 -0.032743 
 0.279850 -0.508347 -0.055548 
 0.266773 -0.235320 0.026647 
 -0.112197 0.067383 -0.219964 
 -0.088560 -0.564008 0.069566 
 -0.467270 0.420803 0.216867 
 0.232301 -0.328528 0.052628 
 -0.278486 -0.342677 0.062683 
 0.186438 -0.121807 0.133527 
 0.393673 0.398620 0.035739 
 -0.249349 -0.115960 -0.170520 
 0.312967 0.244758 0.042770 
 -0.343226 0.396958 0.103115 
 -0.372464 0.294939 0.094583 
 -0.037179 -0.531441 0.046807 
 0.328695 0.660183 0.029864 
 -0.221990 0.298386 -0.043730 
 0.324778 0.737012 0.051176 
 -0.380077 0.055714 -0.093883 
 0.212212 0.906504 0.049257 
 -0.140334 -0.554945 0.103693 
 -0.391679 0.310160 0.108686 
 0.259858 0.542962 0.071422 
 -0.260166 0.235673 -0.134560 
 -0.329892 0.066463 -0.201052 
 -0.366409 0.442052 0.161407 
 0.015173 -0.677367 0.044255 
 0.349843 0.213034 0.012414 
 -0.473384 0.172035 0.153660 
 0.101383 0.691082 0.060622 
 0.415434 0.259382 0.017663 
 0.183742 0.746470 0.138937 
 -0.399060 -0.019132 -0.118127 
 0.271512 -0.332158 -0.004036 
 -0.283755 -0.188523 -0.054613 
 0.211503 0.558069 0.073146 
 0.261189 0.607316 0.055454 
 0.290108 -0.349089 -0.019320 
 0.280196 -0.508332 -0.055586 
 -0.206697 -0.021245 -0.217805 
 0.177972 0.493151 0.075082 
 0.285628 -0.404448 -0.046934 
 -0.190446 0.229340 -0.257075 
 -0.340709 0.209970 0.036733 
 0.197022 -0.336865 0.069292 
 0.142659 0.911167 0.094104 
 0.326149 0.761271 0.025957 
 -0.350229 -0.262728 0.047253 
 0.456334 -0.116476 -0.057574 
 0.378766 -0.015252 -0.065319 
 0.161400 -0.324671 0.096642 
 0.366788 -0.251443 -0.055236 
 0.075309 -0.381590 0.052087 
 -0.102504 0.283539 -0.199667 
 0.280759 -0.240204 -0.033564 
 0.382382 -0.054307 -0.076734 
 -0.437515 0.058055 0.134795 
 0.118592 0.696192 0.051314 
 0.163764 -0.383359 0.080551 
 -0.169533 0.230104 -0.254688 
 0.259874 -0.165747 0.078505 
 0.428514 -0.280291 -0.084261 
 0.407736 0.525270 0.027962 
 0.339863 0.473194 0.054327 
 -0.205776 -0.039949 -0.223269 
 -0.161734 0.038170 -0.196466 
 0.208899 -0.503928 -0.011636 
 -0.043033 -0.395924 0.005662 
 -0.192826 -0.324725 0.016712 
 0.165299 0.737306 0.066714 
 0.259892 0.645744 0.067473 
 0.295360 0.569526 0.059223 
 0.027077 -0.402275 0.043639 
 -0.020245 -0.597192 0.052912 
 -0.235599 -0.271949 0.040816 
 -0.240781 0.417342 0.047827 
 0.479696 -0.249803 -0.107174 
 -0.300958 0.444692 0.074874 
 0.264359 0.486386 0.054443 
 0.264784 -0.195797 0.036029 
 -0.433889 0.150333 0.092138 
 0.476813 -0.171458 -0.084297 
 -0.021426 -0.337194 0.025606 
 -0.333375 -0.114824 -0.117876 
 0.481646 -0.269264 -0.112919 
 0.361538 0.334072 0.037061 
 -0.209563 -0.327758 0.026063 
 0.122373 -0.628992 0.037382 
 -0.191243 -0.517753 0.111362 
 0.192871 0.573606 0.088194 
 0.316840 0.167205 0.022261 
 0.193539 0.141656 0.086467 
 -0.318770 -0.281127 0.055309 
 -0.283011 -0.123322 -0.150791 
 -0.356555 -0.441891 0.180118 
 0.264319 0.157280 0.048499 
 -0.088612 0.364077 -0.106759 
 0.389746 0.585870 0.022292 
 -0.317400 -0.406219 0.135468 
 -0.057317 0.363422 -0.092498 
 -0.152400 0.171074 -0.248260 
 -0.273614 -0.071768 -0.111475 
 -0.323964 0.278115 0.093182 
 0.212008 -0.206527 0.064682 
 -0.128050 0.045185 -0.213667 
 0.410088 0.441066 0.037002 
 0.043531 -0.377982 0.039168 
 0.180981 0.519972 0.048556 
 -0.340726 0.209977 0.035909 
 0.035178 0.342234 -0.138154 
 0.202156 -0.078677 0.136794 
 0.355982 0.559655 0.035517 
 -0.216367 0.146279 -0.249216 
 0.407699 0.526093 0.027809 
 -0.399518 0.416102 0.173323 
 -0.127314 -0.385060 0.026413 
 -0.255003 0.244635 -0.085570 
 0.431241 -0.118793 -0.059078 
 0.452202 -0.578065 -0.079395 
 0.268212 0.078083 0.025732 
 0.196368 -0.269526 0.057073 
 0.429815 -0.299323 -0.089988 
 0.268167 0.078775 0.024947 
 0.383975 -0.179157 -0.078567 
 -0.267089 0.452118 0.056480 
 0.500791 -0.537050 -0.065794 
 0.207282 0.372768 0.075216 
 0.381024 0.296613 0.016173 
 0.044493 -0.398602 0.031301 
 -0.282361 0.023955 -0.176393 
 -0.193935 -0.371931 0.037118 
 -0.430158 0.074609 0.070050 
 -0.174708 0.297387 -0.201113 
 0.111370 0.783801 0.111491 
 0.349901 -0.206526 -0.065921 
 0.437824 0.099658 -0.005721 
 -0.072241 0.090895 -0.220628 
 0.154136 -0.188819 0.136812 
 0.258912 0.709584 0.052244 
 0.363861 0.228826 0.041743 
 -0.340126 -0.419017 0.176945 
 0.124020 -0.292935 0.127271 
 -0.483586 0.379476 0.216040 
 0.213213 0.455138 0.077068 
 0.295812 0.550261 0.052537 
 0.107372 0.923067 0.117546 
 -0.288534 0.116056 -0.229862 
 0.366020 -0.182825 -0.069717 
 0.480686 -0.249767 -0.106624 
 -0.074837 -0.000248 -0.259349 
 0.196671 0.496529 0.065645 
 -0.317792 -0.195043 -0.035943 
 0.424818 0.482757 0.038899 
 -0.343147 0.395027 0.103096 
 0.297236 0.531025 0.046851 
 0.238923 0.438537 0.073322 
 0.343220 0.414092 0.037287 
 -0.373385 0.313746 0.100392 
 0.246764 0.218169 0.043032 
 0.313920 0.225362 0.036911 
 0.395558 0.360197 0.023763 
 0.327581 0.306520 0.050560 
 0.103339 -0.525210 0.045672 
 -0.383723 -0.326055 0.131720 
 -0.445710 -0.115393 0.012530 
 0.363010 0.398459 0.022119 
 -0.323949 0.298315 0.098708 
 0.210809 0.622156 0.056359 
 -0.158479 -0.578044 0.108086 
 0.401859 -0.242443 -0.073950 
 0.343210 -0.070923 -0.026011 
 -0.472449 0.153309 0.148638 
 -0.467641 0.319219 0.221941 
 0.294466 -0.159304 -0.020275 
 -0.122464 -0.678630 0.092120 
 0.223571 0.395670 0.071437 
 -0.212189 0.301640 -0.145512 
 -0.437474 0.057173 0.134977 
 0.192633 0.637688 0.073506 
 -0.267304 -0.269691 0.027356 
 0.178910 0.099281 0.085561 
 0.187351 -0.653641 0.058793 
 0.196314 0.104184 0.075084 
 0.381475 -0.140319 -0.067824 
 0.257308 0.422195 0.059068 
 0.452690 0.161764 0.001886 
 -0.256501 0.375878 0.046007 
 0.429403 -0.299796 -0.089983 
 0.398652 -0.450353 -0.079432 
 0.230594 0.175961 0.041165 
 -0.336884 -0.284749 0.064649 
 -0.342655 0.209893 0.036366 
 0.202193 -0.079558 0.136785 
 -0.093204 -0.445306 0.022704 
 -0.266136 -0.119505 -0.158305 
 -0.018505 0.236493 -0.229911 
 0.347926 0.252032 0.024020 
 -0.129927 0.082523 -0.204365 
 -0.272020 0.118550 -0.238909 
 -0.350628 0.139023 -0.008418 
 0.326251 -0.073528 -0.016500 
 0.351144 -0.294079 -0.057132 
 -0.335636 0.095571 -0.159259 
 -0.439115 0.012214 0.156394 
 -0.449586 0.386583 0.196745 
 0.093964 0.843725 0.105310 
 -0.238983 0.272235 -0.201852 
 0.246694 0.219873 0.043048 
 0.494442 -0.168761 -0.093857 
 0.089605 -0.607210 0.031963 
 0.367309 -0.537505 -0.083252 
 -0.386044 0.040104 -0.112459 
 -0.152335 0.319720 -0.112472 
 0.162780 -0.363800 0.085415 
 0.352042 -0.312027 -0.062833 
 0.446467 -0.276609 -0.093485 
 0.283710 -0.300336 -0.050688 
 0.340422 0.517484 0.033644 
 -0.244708 -0.209429 -0.196511 
 0.354902 0.051205 -0.001294 
 -0.325002 0.299587 0.098742 
 0.322047 0.534018 0.048752 
 0.398506 -0.385128 -0.093720 
 -0.177810 0.376836 -0.018153 
 -0.361782 0.347764 0.132588 
 -0.251036 -0.248096 0.023612 
 -0.017534 -0.520137 0.005417 
 -0.143103 0.004375 -0.218439 
 -0.354825 -0.316158 0.100619 
 0.306937 0.426509 0.061904 
 0.279948 -0.576347 -0.041122 
 0.429809 -0.032017 -0.067865 
 0.087408 -0.280753 0.151537 
 0.146627 0.791018 0.092830 
 0.302177 -0.381283 -0.053356 
 0.041700 -0.341167 0.050524 
 -0.242354 0.436646 0.053366 
 0.469082 -0.014587 -0.038499 
 -0.304994 0.179791 0.006902 
 0.203145 -0.098591 0.131484 
 0.353768 0.135767 -0.010336 
 0.370704 0.112316 0.006266 
 -0.429414 0.314673 0.165223 
 -0.066442 0.318609 -0.163726 
 0.288148 0.875856 0.046347 
 0.190644 -0.555610 0.018208 
 0.494963 -0.168060 -0.093862 
 0.561725 -0.529153 -0.083732 
 -0.362955 0.347703 0.133831 
 0.298320 -0.524181 -0.070820 
 0.252853 -0.384496 0.025110 
 0.187412 -0.141363 0.128254 
 -0.330843 0.084968 -0.197399 
 -0.212673 0.303068 -0.145489 
 -0.208616 -0.347400 0.019686 
 -0.323971 0.278292 0.093183 
 0.260501 0.690454 0.046609 
 -0.113066 -0.362989 0.022685 
 0.477730 -0.189860 -0.090010 
 -0.093136 -0.292822 -0.003373 
 0.194419 -0.210171 0.074232 
 -0.047580 0.137393 -0.237434 
 -0.290516 0.152969 -0.218157 
 -0.094115 -0.426048 0.028296 
 0.248001 0.218335 0.043006 
 0.027975 -0.421629 0.035253 
 -0.339176 -0.438272 0.171260 
 -0.232185 -0.516009 0.168229 
 -0.400013 -0.019176 -0.117720 
 -0.441756 -0.248684 0.137311 
 0.418520 -0.556337 -0.087142 
 -0.413282 0.012972 0.076635 
 0.226787 0.708608 0.040115 
 -0.192391 -0.519144 0.111374 
 -0.284684 -0.188564 -0.054399 
 -0.209107 0.207285 -0.253944 
 0.437384 -0.640714 -0.087240 
 -0.137106 0.334808 -0.084134 
 -0.423636 -0.264554 0.122362 
 0.331114 -0.123448 -0.066055 
 -0.080672 0.175327 -0.239406 
 0.214193 0.435891 0.070711 
 0.289142 0.856752 0.040682 
 -0.162808 0.120543 -0.206900 
 0.393665 0.398623 0.035358 
 0.332547 -0.276581 -0.041904 
 -0.081670 0.194757 -0.236076 
 0.311521 -0.422980 -0.051973 
 -0.162388 -0.326459 0.030058 
 -0.453838 -0.140125 0.028287 
 -0.255464 0.357351 0.040487 
 0.071998 -0.610874 0.040689 
 -0.491040 0.206250 0.174451 
 0.123314 -0.560850 0.024661 
 -0.107279 0.334628 -0.072214 
 -0.274744 0.173732 -0.222655 
 0.354975 0.578507 0.041174 
 0.278495 -0.181637 -0.016469 
 -0.425239 0.321949 0.131978 
 0.223989 0.764584 0.055665 
 0.461925 -0.253481 -0.097621 
 0.433433 0.196534 0.022848 
 0.174620 -0.242808 0.109961 
 0.300283 0.144194 0.024401 
 -0.163219 -0.135568 -0.225809 
 0.228986 0.866197 0.061755 
 -0.015249 -0.539417 0.000408 
 -0.125221 -0.404879 0.020746 
 0.214746 -0.333222 0.063914 
 0.135370 -0.420614 0.055151 
 0.317808 0.146373 0.014319 
 -0.372356 -0.195957 0.029492 
 0.260931 -0.118277 0.057726 
 0.222922 -0.067784 0.095184 
 -0.234068 0.264799 -0.078607 
 -0.476178 0.228614 0.170148 
 -0.072265 0.090904 -0.221721 
 -0.286778 0.293855 0.040130 
 -0.303507 -0.449858 0.147100 
 -0.020925 -0.666176 0.066962 
 0.255545 0.830460 0.052744 
 -0.276678 -0.045238 -0.149436 
 0.372300 0.582559 0.031738 
 -0.195658 -0.419369 0.056727 
 0.486925 -0.619562 -0.078645 
 0.344942 0.682998 0.026099 
 0.190987 -0.575173 0.011071 
 0.193656 0.878083 0.087426 
 -0.267275 -0.270387 0.027349 
 -0.078679 -0.384168 0.030169 
 -0.231141 -0.021389 -0.220026 
 0.515634 -0.473983 -0.057962 
 -0.215823 -0.579142 0.176150 
 0.155745 -0.207356 0.131068 
 -0.512829 0.360634 0.195217 
 0.378100 0.356093 0.033248 
 -0.483734 0.296749 0.226080 
 0.113225 0.764757 0.105917 
 0.298107 0.513678 0.041244 
 -0.373737 -0.176372 -0.046331 
 0.187770 -0.584702 0.044267 
 -0.185330 0.208727 -0.251536 
 -0.395497 0.080117 -0.030065 
 0.073906 -0.648858 0.030436 
 -0.156558 -0.617282 0.096150 
 0.213935 -0.246301 0.051852 
 -0.140027 -0.681272 0.101644 
 -0.076285 -0.355664 0.003175 
 -0.083470 0.231182 -0.225039 
 -0.160486 -0.173098 -0.236798 
 -0.287762 0.274944 0.036871 
 -0.407170 0.195885 0.073093 
 -0.060469 -0.247301 -0.010645 
 0.306238 -0.039102 0.004423 
 -0.419028 0.062914 0.043747 
 -0.407325 -0.203794 0.129797 
 -0.111833 -0.344351 0.028270 
 -0.351385 -0.117674 -0.108694 
 -0.271895 -0.073178 -0.111525 
 -0.351319 -0.119263 -0.108709 
 0.304461 -0.018958 0.010149 
 0.388804 0.605460 0.028974 
 -0.313897 -0.330211 0.087808 
 -0.013028 -0.687744 0.072587 
 -0.185297 0.208176 -0.251059 
 0.072711 -0.630398 0.036156 
 -0.470575 0.115264 0.137564 
 0.432347 -0.474205 -0.072853 
 -0.263232 0.080397 -0.238978 
 0.454811 0.123062 -0.009548 
 0.378377 0.356233 0.033243 
 -0.483145 0.379504 0.215048 
 -0.316468 0.209833 -0.042920 
 0.315000 -0.280682 -0.032327 
 -0.042855 -0.376622 0.011290 
 0.232490 -0.262135 0.036857 
 0.176599 0.918339 0.075472 
 0.223603 -0.441342 -0.003172 
 0.228363 -0.538073 -0.032622 
 -0.253329 -0.400885 0.128394 
 0.342439 0.785023 0.022208 
 -0.403130 0.101933 0.045538 
 -0.442058 -0.332953 0.147376 
 0.177626 -0.321050 0.087098 
 -0.169366 0.334024 -0.097861 
 0.226483 0.272228 0.069513 
 0.367407 -0.202240 -0.074988 
 0.441124 0.040599 -0.022885 
 0.246155 -0.178054 0.051321 
 0.259432 0.318363 0.061930 
 -0.272612 0.355333 0.049716 
 0.093510 -0.444720 0.057347 
 -0.076546 -0.355681 0.003835 
 0.450235 -0.538752 -0.069184 
 0.231304 0.503976 0.046838 
 -0.483549 0.296761 0.225646 
 0.279844 0.528043 0.056312 
 -0.384175 0.002898 -0.121754 
 -0.244615 0.343894 0.014748 
 -0.087227 -0.534687 0.043278 
 0.279858 0.527720 0.056309 
 0.258362 0.773144 0.035399 
 0.363198 -0.057587 -0.067204 
 -0.340204 -0.416976 0.177276 
 -0.426880 0.173411 0.076856 
 -0.343848 0.332456 0.117625 
 -0.243302 0.218791 -0.229481 
 -0.253688 0.318739 0.029439 
 0.375341 -0.004302 -0.027610 
 0.226733 -0.519373 -0.026890 
 -0.237663 -0.146078 -0.200535 
 -0.366407 0.442051 0.161509 
 -0.290548 0.153302 -0.219017 
 0.243191 0.731326 0.035103 
 -0.216054 0.019291 -0.218221 
 0.303259 0.083151 0.006731 
 0.372929 -0.636115 -0.111967 
 0.218589 -0.411934 0.039234 
 -0.192664 0.038063 -0.210531 
 -0.016804 -0.520106 0.005401 
 -0.482701 0.361218 0.209529 
 -0.257227 0.159847 -0.237105 
 -0.020234 -0.577716 0.057836 
 0.535368 -0.509940 -0.078604 
 0.075149 -0.313868 0.118187 
 -0.404501 -0.214260 0.091440 
 -0.351589 0.158447 -0.003319 
 0.334807 -0.534399 -0.095634 
 -0.450079 0.386564 0.196598 
 0.109269 -0.326928 0.093400 
 -0.253522 -0.169491 -0.196886 
 -0.141745 -0.447434 0.018898 
 0.420063 0.135019 0.015213 
 -0.091212 -0.331208 -0.013112 
 -0.210060 -0.482711 0.132162 
 -0.241692 0.244705 -0.254844 
 -0.326446 -0.069666 -0.127451 
 0.334934 -0.604386 -0.083149 
 -0.205235 -0.038778 -0.223270 
 -0.488515 0.130616 0.152335 
 0.457351 -0.136435 -0.061587 
 -0.401325 0.128448 0.018828 
 -0.402186 -0.396043 0.155728 
 0.444208 0.117084 0.011119 
 -0.448109 -0.040197 0.034555 
 0.195466 -0.269563 0.057093 
 -0.003920 -0.642041 0.063142 
 -0.389664 0.161785 0.054106 
 -0.347084 -0.502516 0.174447 
 -0.399087 -0.367857 0.129059 
 0.244451 -0.583717 -0.021969 
 0.144862 0.810059 0.099103 
 -0.291324 0.189947 -0.208204 
 -0.178226 -0.176649 -0.227867 
 -0.492087 0.187308 0.168959 
 -0.425669 0.274808 0.071866 
 0.198313 -0.289302 0.051326 
 0.211075 -0.187806 0.070261 
 0.288021 -0.128163 0.022984 
 0.174094 -0.242830 0.110043 
 0.096936 0.742082 0.109661 
 0.351214 0.193916 0.006719 
 -0.062588 0.096205 -0.240827 
 -0.168469 0.315926 -0.103340 
 -0.093013 -0.292831 -0.001868 
 0.381290 -0.436903 -0.064167 
 -0.491341 0.188032 0.168949 
 0.040732 -0.321114 0.056950 
 -0.482693 0.361023 0.209527 
 -0.281530 -0.497328 0.169346 
 0.425724 0.464610 0.033224 
 0.365129 -0.096781 -0.078583 
 0.334216 0.172123 0.010543 
 0.447749 -0.362473 -0.085215 
 -0.330071 0.003939 -0.186475 
 -0.384180 0.003030 -0.121752 
 0.095662 -0.503184 0.040214 
 -0.082552 0.212570 -0.230522 
 0.234151 0.052960 0.039039 
 0.503874 -0.576403 -0.077251 
 0.095141 0.761128 0.115280 
 -0.021920 -0.645727 0.072968 
 -0.058238 0.382067 -0.086986 
 -0.316128 -0.252217 0.028693 
 -0.412984 -0.173829 0.092883 
 0.276988 -0.229145 0.003902 
 -0.404663 0.120694 0.051064 
 0.399548 -0.136632 -0.078123 
 0.236190 -0.407729 0.029187 
 0.127363 0.869547 0.091902 
 0.328375 0.596007 0.044988 
 -0.121942 -0.657916 0.097801 
 -0.386797 -0.248712 0.071465 
 -0.464370 0.260309 0.122800 
 -0.081589 0.149070 -0.215266 
 -0.327110 0.417387 0.099406 
 0.260003 0.279854 0.050614 
 -0.212529 0.299586 -0.145523 
 0.382318 0.212976 0.025285 
 0.377339 0.440706 0.024026 
 0.415837 0.193399 0.032044 
 -0.327148 0.418291 0.099415 
 -0.265309 -0.560045 0.175853 
 0.180071 0.538306 0.054243 
 -0.162572 -0.607057 0.133992 
 0.353668 0.135496 -0.010336 
 0.096176 0.742050 0.109677 
 -0.331134 0.168957 -0.044744 
 -0.263707 -0.339191 0.054179 
 0.251879 -0.384544 0.025851 
 0.259062 -0.079296 0.071751 
 -0.356862 -0.298096 0.106235 
 0.032812 -0.518859 0.008830 
 0.243042 0.731324 0.034755 
 -0.070862 0.264517 -0.190282 
 0.184335 0.746498 0.138542 
 -0.337790 0.320904 0.080988 
 -0.350165 -0.338037 0.106555 
 -0.417284 -0.351842 0.143947 
 0.031857 -0.499515 0.014516 
 -0.285270 -0.112625 -0.113370 
 0.142510 0.651873 0.074416 
 0.210772 -0.541676 -0.023071 
 -0.126348 -0.404698 0.020772 
 0.033664 0.287824 -0.166089 
 0.307141 -0.057772 -0.002405 
 0.049280 -0.650087 0.028825 
 -0.127655 -0.300046 0.016934 
 0.464753 -0.406861 -0.074780 
 0.247874 0.067253 0.066307 
 -0.262279 0.061240 -0.243775 
 0.239400 -0.110793 0.107718 
 0.226423 0.273696 0.069527 
 -0.021291 -0.337177 0.024448 
 -0.346815 0.001076 -0.177391 
 -0.270334 -0.173037 -0.186973 
 -0.270590 0.229848 -0.113962 
 0.425729 0.464063 0.032393 
 -0.452450 0.007495 -0.079883 
 -0.452653 0.100145 0.122401 
 -0.287049 -0.428001 0.143313 
 0.163740 -0.383349 0.079440 
 -0.371210 -0.272838 0.088521 
 -0.310259 0.403114 0.084706 
 0.253701 0.868241 0.064999 
 0.277594 -0.095393 0.055090 
 0.277572 0.237427 0.061759 
 0.191040 -0.575195 0.013517 
 0.264463 -0.619131 -0.042021 
 -0.016347 0.284479 -0.168416 
 -0.143656 -0.408541 0.030352 
 -0.103366 -0.538553 0.052712 
 -0.266221 -0.118273 -0.159927 
 -0.263739 -0.561101 0.175809 
 -0.069663 -0.598579 0.048717 
 -0.189703 -0.035326 -0.232357 
 0.231385 -0.310164 0.058355 
 0.222697 -0.134011 0.109995 
 0.254573 0.849579 0.056946 
 0.389011 0.077356 -0.014626 
 -0.236685 -0.166008 -0.205761 
 -0.382299 -0.034278 -0.130756 
 -0.226036 0.185292 -0.249742 
 0.282103 -0.547329 -0.067825 
 0.117116 -0.444431 0.059008 
 -0.127006 -0.471799 0.034938 
 -0.224821 0.185335 -0.249050 
 0.202855 -0.166655 0.145869 
 0.313744 -0.461975 -0.063215 
 0.524947 -0.536231 -0.064386 
 -0.371533 -0.272854 0.088862 
 -0.108114 0.353377 -0.062511 
 0.476870 -0.172829 -0.084310 
 0.294413 0.652969 0.048666 
 -0.272982 0.137992 -0.233944 
 -0.316131 -0.252155 0.028694 
 0.500790 -0.536970 -0.065662 
 0.235813 -0.407750 0.029674 
 -0.128095 0.045203 -0.215759 
 -0.432567 -0.395197 0.142072 
 0.249757 0.094498 0.041167 
 0.016699 -0.628754 0.021723 
 -0.122511 -0.677494 0.092131 
 -0.084685 -0.486670 0.022613 
 -0.207237 0.170338 -0.262543 
 -0.263209 0.080387 -0.237901 
 -0.424686 0.256070 0.066759 
 -0.127260 -0.385731 0.027622 
 -0.213025 -0.550231 0.147378 
 -0.158468 -0.578598 0.107524 
 0.326926 -0.073500 -0.016514 
 -0.333601 -0.133550 -0.124254 
 -0.396274 0.359532 0.157802 
 -0.177203 -0.620050 0.318251 
 0.181792 0.040304 0.067490 
 -0.057290 0.363983 -0.090167 
 -0.176409 -0.618808 0.318245 
 0.215655 -0.352751 0.055606 
 -0.208944 -0.540762 0.114285 
 0.243720 0.256894 0.054403 
 0.349884 -0.205896 -0.065502 
 -0.245620 -0.190723 -0.190532 
 -0.364591 0.404350 0.148390 
 -0.306260 0.130671 -0.215401 
 -0.250946 0.262350 -0.068542 
 -0.161955 -0.307246 0.035651 
 0.328567 0.267727 0.038988 
 -0.103416 -0.538256 0.050958 
 0.257788 -0.414488 -0.017875 
 -0.257256 0.159937 -0.238289 
 0.220970 -0.028118 0.106636 
 0.194171 -0.278227 0.088431 
 -0.180000 -0.464186 0.069783 
 0.171721 -0.184150 0.126915 
 0.289724 -0.108575 0.028644 
 -0.304966 0.179115 0.006896 
 -0.346571 0.062985 -0.192180 
 0.075294 -0.314677 0.118177 
 -0.282716 -0.565394 0.185326 
 -0.382830 -0.344427 0.125236 
 0.177560 0.874541 0.096537 
 0.279799 -0.220757 -0.027862 
 -0.264390 0.098869 -0.232911 
 -0.216659 0.101603 -0.228266 
 0.281732 0.489824 0.045012 
 -0.003525 -0.419810 0.025542 
 -0.309541 0.206619 -0.112707 
 -0.377356 0.258632 0.071256 
 -0.348306 0.164832 -0.035592 
 -0.340370 0.145144 -0.110857 
 0.203166 -0.099323 0.131045 
 0.186487 -0.121827 0.135768 
 -0.430097 0.073130 0.070036 
 0.418728 0.134964 0.015273 
 -0.092596 0.015252 -0.244451 
 0.279928 -0.201045 -0.022182 
 0.385888 -0.554238 -0.101080 
 0.498283 -0.246100 -0.115792 
 0.301316 0.124824 0.018133 
 -0.075815 -0.442285 0.013212 
 -0.343240 0.397298 0.103118 
 0.184898 0.703128 0.046161 
 0.312879 0.592461 0.054377 
 -0.378783 0.344647 0.143045 
 -0.303870 0.221344 -0.177125 
 0.210937 0.230428 0.067636 
 0.076656 0.901320 0.098976 
 -0.458782 -0.091739 -0.006542 
 -0.401297 0.452392 0.185473 
 -0.291368 0.387885 0.070038 
 -0.283756 -0.188523 -0.054684 
 0.206949 -0.464504 -0.000591 
 -0.102211 -0.644621 0.057474 
 -0.436903 -0.136147 0.018532 
 0.437291 -0.638581 -0.087434 
 -0.371648 -0.084599 -0.088547 
 -0.092603 0.014909 -0.245431 
 0.457920 0.218304 0.030168 
 0.421729 0.096054 0.003786 
 -0.457971 -0.027383 -0.019457 
 0.345876 0.664713 0.020470 
 0.349831 -0.474138 -0.088037 
 0.242545 0.686827 0.055349 
 -0.114083 0.106343 -0.207915 
 0.256680 -0.414538 -0.017363 
 -0.382583 0.094503 -0.001497 
 -0.266149 -0.138214 -0.165403 
 -0.215723 -0.451170 0.094303 
 0.450257 -0.470553 -0.082457 
 -0.153279 -0.644848 0.263960 
 -0.126004 0.367917 -0.050190 
 -0.218146 0.287006 -0.082658 
 -0.176935 -0.562301 0.122133 
 0.185099 -0.168425 0.155486 
 -0.330036 0.002925 -0.186829 
 -0.238557 -0.128671 -0.196260 
 -0.243661 -0.461484 0.125721 
 -0.108508 -0.006868 -0.240789 
 0.327238 0.371780 0.035086 
 -0.201596 0.078565 -0.210274 
 -0.431456 0.046464 0.013622 
 0.334091 -0.586842 -0.075608 
 0.398769 -0.136672 -0.077333 
 0.176534 -0.281532 0.098560 
 -0.348340 -0.337960 0.106372 
 -0.487633 0.112923 0.146811 
 -0.159899 0.000849 -0.207681 
 0.380677 -0.054371 -0.077434 
 -0.052958 0.418644 -0.065191 
 0.187010 -0.121796 0.134876 
 0.194219 -0.279108 0.088974 
 -0.376341 0.065005 -0.044730 
 -0.277474 -0.488025 0.139435 
 0.040729 -0.321112 0.056780 
 -0.367559 0.135511 -0.000811 
 -0.246492 0.083850 -0.245007 
 -0.033325 0.178214 -0.237177 
 0.378005 -0.330281 -0.068210 
 -0.161267 -0.326412 0.029898 
 0.388146 0.094514 -0.008945 
 0.232503 -0.261881 0.037955 
 -0.139262 -0.613155 0.086669 
 -0.127314 -0.385709 0.025121 
 0.477265 -0.238709 -0.069943 
 -0.248603 0.456677 0.047257 
 -0.257243 0.159932 -0.237687 
 0.279460 -0.132983 0.043657 
 -0.446355 0.024391 -0.062876 
 0.224891 0.746825 0.050816 
 -0.324699 0.279386 0.093209 
 -0.181640 -0.463491 0.069825 
 0.109627 0.885010 0.107150 
 -0.066995 -0.482096 0.013174 
 0.176273 0.614939 0.075886 
 -0.388337 -0.277145 0.098168 
 -0.144026 0.023038 -0.213085 
 0.378106 0.356217 0.033751 
 0.454415 -0.077908 -0.046714 
 -0.344116 0.414844 0.108627 
 0.478276 -0.191235 -0.090034 
 -0.353686 -0.145532 -0.082882 
 0.183934 0.721854 0.049979 
 0.166370 0.718230 0.061111 
 0.358581 0.437012 0.033519 
 0.110186 0.865970 0.100692 
 -0.063507 0.114805 -0.235350 
 -0.093286 -0.443359 0.022666 
 -0.372400 -0.195959 0.029493 
 -0.332052 -0.023735 -0.159970 
 -0.065929 -0.482984 0.013143 
 0.349350 0.541459 0.018585 
 0.154086 -0.543431 0.043102 
 0.231305 0.503942 0.046837 
 -0.159928 0.000861 -0.209016 
 -0.053608 0.437460 -0.059009 
 0.287813 -0.089140 0.034640 
 0.276891 0.953282 0.058055 
 -0.076325 -0.354373 0.003842 
 -0.109618 -0.468185 0.026573 
 0.553114 -0.506039 -0.088821 
 -0.069854 -0.668766 0.063568 
 -0.383265 -0.015505 -0.127207 
 -0.065513 0.299743 -0.169211 
 0.181016 0.519150 0.048631 
 -0.367229 -0.087887 0.167842 
 -0.405704 -0.156797 0.026836 
 0.215658 -0.352367 0.056459 
 0.363878 0.603274 0.027481 
 0.123492 -0.253774 0.138718 
 -0.157314 0.000958 -0.207956 
 0.206095 0.391595 0.080876 
 0.225882 -0.567843 -0.006657 
 0.289721 -0.128089 0.022532 
 -0.336581 0.067849 -0.132707 
 0.031720 -0.586239 0.023627 
 0.366394 -0.182790 -0.071805 
 -0.096244 0.089062 -0.222551 
 0.414457 -0.410043 -0.077553 
 -0.155877 -0.009659 -0.245149 
 -0.407208 -0.080856 -0.111844 
 0.056256 -0.279322 0.139164 
 0.281131 0.159901 0.039014 
 -0.101645 0.330276 -0.139927 
 -0.154074 -0.065536 -0.261515 
 -0.192960 -0.517824 0.111398 
 -0.289641 0.134944 -0.224435 
 -0.416511 0.412546 0.183284 
 -0.413956 0.012935 0.077530 
 0.295470 0.241100 0.051272 
 0.231649 0.110245 0.056086 
 -0.159123 -0.450550 0.026593 
 -0.081841 0.149059 -0.215261 
 -0.257201 0.159915 -0.235737 
 -0.370285 0.127785 0.032656 
 0.340863 0.452732 0.048611 
 -0.252059 0.263249 0.012910 
 0.389696 0.586205 0.020600 
 -0.439470 0.012341 0.156402 
 -0.188785 0.303230 -0.143521 
 -0.490032 0.168495 0.163399 
 -0.335762 0.087834 -0.127277 
 -0.215205 0.444904 0.023375 
 0.321836 0.004150 0.007383 
 0.419397 -0.238292 -0.083829 
 -0.251843 0.282093 0.019819 
 -0.175519 -0.387478 0.022544 
 0.175311 0.634101 0.080734 
 -0.369233 0.107998 -0.054491 
 0.157978 0.952028 0.095948 
 0.034509 0.361054 -0.132638 
 0.139837 0.968291 0.110731 
 -0.056789 0.382851 -0.087011 
 0.214190 0.435893 0.070547 
 0.293603 0.279840 0.064754 
 -0.177242 0.376849 -0.017084 
 0.427006 0.464108 0.033191 
 -0.333992 -0.133575 -0.123327 
 0.552148 -0.486528 -0.083121 
 0.190945 -0.573436 0.012499 
 0.017521 0.357513 -0.123427 
 0.195164 -0.010075 0.110211 
 -0.350184 0.137324 -0.090260 
 -0.400612 -0.094455 0.104469 
 -0.478114 0.219263 0.120525 
 0.260768 0.671573 0.041004 
 -0.114012 0.104695 -0.207777 
 -0.126925 0.386574 -0.044678 
 0.237481 0.843858 0.068732 
 0.224829 -0.596894 0.019301 
 0.370595 0.091555 0.000576 
 -0.159493 -0.645857 0.121664 
 0.233281 -0.349068 0.045687 
 0.124487 0.928255 0.109026 
 0.055726 -0.280704 0.139164 
 0.444559 -0.238165 -0.082377 
 -0.185786 -0.155451 -0.233449 
 -0.326350 -0.071980 -0.127473 
 0.359792 0.352540 0.042757 
 -0.323363 -0.415422 0.167840 
 -0.303691 0.290293 0.051710 
 -0.136846 0.193092 -0.251891 
 0.205763 -0.512854 0.020401 
 0.347619 -0.434046 -0.076574 
 0.178874 0.099648 0.084565 
 0.227454 0.214567 0.052537 
 0.224568 -0.171686 0.098539 
 0.016235 -0.540537 0.012645 
 0.097218 -0.542756 0.028783 
 0.258947 -0.146211 0.085995 
 0.332337 0.209638 0.020988 
 -0.270660 -0.531780 0.219545 
 -0.400131 0.044988 -0.052603 
 0.332959 -0.497320 -0.084335 
 0.323270 0.819785 0.042824 
 -0.139644 -0.005076 -0.254241 
 -0.162208 -0.307288 0.035656 
 -0.374029 0.332577 0.104960 
 -0.083495 0.231715 -0.225153 
 0.009485 0.396938 -0.124450 
 -0.225059 0.248161 -0.262730 
 -0.112433 0.149767 -0.228800 
 -0.172214 -0.032711 -0.241494 
 0.309408 0.758735 0.035335 
 -0.356931 -0.069449 -0.141220 
 -0.225386 0.270192 -0.098304 
 -0.202184 0.309124 -0.085036 
 -0.241873 0.287553 -0.003550 
 0.275139 0.425851 0.048764 
 0.135206 -0.615391 0.067320 
 0.367346 -0.538388 -0.083242 
 -0.215762 -0.450224 0.094312 
 0.231377 -0.309975 0.058361 
 -0.212872 0.369705 0.001351 
 -0.370844 0.127739 0.035000 
 -0.034119 0.384556 -0.084549 
 0.138606 0.968238 0.110888 
 0.310155 0.225204 0.037163 
 -0.211478 -0.288834 0.037285 
 0.190339 -0.200355 0.111932 
 0.324677 -0.054121 -0.011216 
 -0.296547 0.091959 -0.214829 
 -0.071783 0.282550 -0.186058 
 -0.246445 0.020372 -0.232360 
 0.268559 -0.341713 0.027097 
 0.232674 -0.349105 0.046894 
 0.225808 -0.125641 0.079334 
 0.112299 -0.346351 0.088410 
 -0.195998 -0.161481 -0.213123 
 -0.381558 0.400783 0.159521 
 -0.349725 -0.008680 -0.145150 
 0.458544 0.198889 0.024452 
 0.319598 0.552332 0.054434 
 -0.359235 0.373960 0.106800 
 -0.458245 0.296060 0.144651 
 0.401945 -0.194944 -0.094445 
 0.323326 0.089823 -0.002787 
 0.197324 -0.269480 0.056394 
 -0.155257 0.311472 -0.161376 
 0.177007 0.918347 0.076388 
 -0.139535 -0.007696 -0.254266 
 -0.421778 0.218646 0.055346 
 -0.130439 -0.650844 0.217042 
 0.227410 -0.519335 -0.027935 
 -0.339367 0.124497 -0.116332 
 0.306717 0.860362 0.031319 
 0.459694 -0.194948 -0.080463 
 -0.299554 -0.500997 0.179538 
 0.048274 -0.629479 0.034552 
 0.118064 0.713715 0.056878 
 0.199256 0.044792 0.059062 
 -0.287030 -0.112687 -0.114448 
 -0.387480 -0.294216 0.092601 
 -0.313932 -0.329359 0.087817 
 -0.337268 -0.226717 0.002257 
 0.279516 -0.287592 -0.013239 
 -0.292878 0.171381 -0.213571 
 -0.251778 -0.105586 -0.131713 
 0.356349 0.495996 0.050533 
 0.083381 0.706540 0.075233 
 0.317395 -0.609410 -0.071765 
 0.244881 0.256221 0.054372 
 -0.155291 -0.092686 -0.235288 
 -0.178148 -0.649569 0.132101 
 0.308859 0.387483 0.050555 
 -0.241243 0.351085 -0.018068 
 -0.325362 0.183933 -0.109067 
 0.561759 -0.528777 -0.081404 
 -0.290520 0.152971 -0.218373 
 -0.178175 0.290162 -0.169161 
 0.409249 0.440473 0.037015 
 -0.454132 0.054512 0.144237 
 -0.303510 0.158223 -0.161123 
 -0.198771 0.429594 0.008694 
 -0.063241 0.115245 -0.235352 
 0.355913 0.559651 0.035721 
 -0.302051 -0.153697 -0.115011 
 0.110745 0.912126 0.080420 
 0.329225 -0.084857 -0.053918 
 0.482814 -0.336636 -0.098651 
 0.326634 0.325572 0.056027 
 0.318915 0.062452 0.022413 
 -0.402698 -0.110247 -0.075767 
 0.135812 0.698453 0.041981 
 0.283977 -0.011233 0.057789 
 0.194508 -0.212331 0.074211 
 0.019219 0.357583 -0.123463 
 -0.299190 -0.500982 0.179531 
 0.073169 -0.630379 0.036146 
 0.061523 -0.460577 0.038816 
 -0.416762 -0.022680 -0.107934 
 -0.405974 0.222139 0.045015 
 0.179423 -0.340558 0.080392 
 0.245180 0.315062 0.071329 
 0.072052 -0.611553 0.041867 
 0.399561 -0.136569 -0.077349 
 -0.388185 -0.152620 -0.063768 
 -0.076135 0.398040 -0.072231 
 0.193322 0.554419 0.082568 
 -0.066447 0.318729 -0.163724 
 0.242391 -0.457156 -0.019290 
 -0.036187 -0.552494 0.039497 
 -0.211397 -0.290098 0.038627 
 0.350090 -0.272322 -0.051392 
 -0.408908 0.278328 0.062694 
 0.225657 -0.125634 0.078021 
 0.239275 -0.399323 -0.002120 
 -0.113374 0.149729 -0.228898 
 -0.140028 -0.681067 0.102024 
 0.209234 0.557975 0.073194 
 -0.153517 0.252671 -0.258315 
 0.322738 -0.014503 0.000627 
 0.184969 0.701424 0.046145 
 0.332502 -0.275472 -0.041849 
 0.413261 -0.055457 -0.064058 
 0.252031 -0.057461 0.064861 
 0.060628 -0.442902 0.044068 
 0.241214 -0.457204 -0.019265 
 -0.339124 -0.439376 0.171595 
 0.229203 0.214640 0.052500 
 -0.113069 0.085405 -0.213413 
 -0.208576 -0.347962 0.020444 
 -0.266387 0.453106 0.056474 
 -0.266086 0.453119 0.056467 
 0.038384 0.304359 -0.149226 
 -0.433848 -0.101554 0.123279 
 -0.005192 -0.642094 0.063169 
 0.233879 -0.281630 0.032221 
 -0.424499 0.173510 0.076854 
 -0.256605 0.244568 -0.085536 
 -0.179092 -0.482676 0.063715 
 -0.053638 -0.556151 0.050225 
 0.312937 -0.174358 -0.034507 
 -0.066440 0.318562 -0.163726 
 0.295298 0.569551 0.056361 
 0.500155 -0.400622 -0.093988 
 -0.388408 -0.133847 -0.059176 
 -0.194761 -0.681761 0.310621 
 0.167729 0.699155 0.056588 
 -0.388488 -0.131458 -0.058261 
 0.226099 0.253249 0.063872 
 0.219528 -0.430858 0.033502 
 -0.157117 0.368823 -0.063933 
 -0.401665 0.044924 -0.052544 
 -0.367449 0.115738 -0.086574 
 0.257796 -0.414491 -0.017492 
 0.211220 -0.254985 0.085138 
 -0.154827 0.350023 -0.069462 
 0.226530 0.207355 0.084532 
 -0.325699 0.399637 0.093885 
 0.460191 -0.194709 -0.080472 
 -0.453876 -0.139472 0.027746 
 0.258407 0.402929 0.052553 
 -0.342265 0.377267 0.097394 
 -0.458899 -0.009284 -0.015412 
 0.153846 -0.544030 0.043102 
 -0.302631 -0.070468 -0.124710 
 0.095857 0.805282 0.094093 
 0.324791 0.737317 0.052416 
 -0.338272 -0.457508 0.163545 
 -0.061327 0.096624 -0.240851 
 0.352697 0.155142 -0.004853 
 -0.356487 -0.441918 0.183222 
 0.459500 0.179289 0.018269 
 -0.139587 -0.006436 -0.254254 
 0.177511 -0.301462 0.092646 
 0.381113 -0.456499 -0.070223 
 -0.416897 0.153201 0.082921 
 -0.354392 -0.229789 0.009159 
 -0.123624 -0.657986 0.097837 
 0.295086 0.633752 0.043035 
 -0.430088 -0.177395 0.101948 
 0.444788 0.117596 0.011111 
 -0.316469 0.209834 -0.042976 
 -0.444265 0.227358 0.102555 
 0.394646 -0.307115 -0.071367 
 0.037422 -0.676827 0.043852 
 0.255556 0.376513 0.078972 
 0.107105 -0.383450 0.064975 
 -0.342902 0.313956 0.113504 
 0.282183 -0.635030 -0.058324 
 -0.213750 -0.423032 0.067811 
 -0.330947 0.103483 -0.191292 
 0.196812 -0.317306 0.077490 
 -0.052625 0.038542 -0.245988 
 0.327237 -0.380327 -0.047706 
 -0.275738 0.193394 -0.218820 
 0.227146 0.644915 0.052882 
 0.278288 -0.134171 0.043672 
 0.015138 -0.541614 0.012659 
 -0.261579 0.340367 0.022929 
 0.285670 0.082413 0.016643 
 -0.021454 -0.337182 0.024304 
 0.256664 0.792204 0.042589 
 -0.130366 -0.652599 0.217025 
 0.161698 -0.363842 0.085201 
 0.305311 -0.083945 0.024857 
 0.411098 0.402289 0.023876 
 0.220998 -0.028777 0.106631 
 -0.231366 -0.002773 -0.214586 
 0.089076 -0.675420 0.046975 
 0.480832 -0.433103 -0.059593 
 -0.194447 -0.654890 0.141574 
 0.122646 -0.272403 0.133026 
 -0.081802 0.149061 -0.215262 
 0.417792 -0.536735 -0.080518 
 0.338095 0.027232 0.002515 
 -0.480876 0.256792 0.131989 
 -0.433703 0.065975 0.102489 
 0.479066 -0.230287 -0.101457 
 0.308120 -0.077207 -0.007169 
 -0.402949 -0.396075 0.155755 
 0.015089 -0.676413 0.042189 
 -0.193639 -0.653141 0.141572 
 -0.252982 -0.041795 -0.147157 
 0.470094 -0.574356 -0.089402 
 0.373859 0.497754 0.041049 
 0.166365 0.737351 0.066691 
 -0.126033 0.263038 -0.207382 
 -0.206720 -0.084330 -0.202746 
 -0.074882 0.000994 -0.259057 
 0.534468 -0.492294 -0.073414 
 -0.432626 -0.120498 0.117446 
 0.303024 0.088835 0.006786 
 0.359484 -0.046822 -0.029808 
 0.128003 -0.305054 0.089515 
 0.262505 0.892444 0.050590 
 -0.143645 -0.408546 0.030868 
 0.213639 0.435861 0.071429 
 0.391254 0.038227 -0.026038 
 -0.154921 0.310245 -0.161394 
 0.194477 0.141143 0.086442 
 0.121701 -0.253331 0.138761 
 0.275608 0.406560 0.042215 
 -0.389778 0.225624 0.037035 
 -0.458292 0.297637 0.145518 
 -0.322484 0.324363 0.073164 
 -0.332072 0.170361 0.036052 
 -0.118130 -0.513207 0.037570 
 -0.285959 0.060648 -0.245179 
 -0.112796 0.149751 -0.228792 
 -0.373776 0.332588 0.104955 
 0.221793 -0.626135 0.044674 
 -0.306296 0.131045 -0.216348 
 0.185218 -0.457567 0.046915 
 -0.322191 -0.165732 -0.074269 
 -0.365568 0.134466 -0.081171 
 0.095351 -0.505127 0.040203 
 -0.144536 -0.391047 0.035795 
 0.284883 0.035690 0.038150 
 0.045533 -0.418915 0.027771 
 -0.180840 -0.571804 0.154370 
 -0.440735 0.012147 0.156428 
 0.230558 0.195328 0.046819 
 -0.232498 -0.111661 -0.178232 
 0.498859 -0.497862 -0.054102 
 -0.322323 -0.309055 0.081972 
 -0.383488 0.112807 0.004022 
 -0.209581 -0.328284 0.024211 
 0.244875 -0.583583 -0.021977 
 0.342322 -0.050463 -0.020301 
 -0.458773 -0.091743 -0.006147 
 -0.392046 0.180521 0.058438 
 0.328644 0.658964 0.029854 
 -0.465257 0.300371 0.216360 
 0.278905 0.546663 0.061194 
 0.354924 0.050335 -0.001967 
 0.208902 0.921688 0.089091 
 -0.167727 -0.619277 0.247294 
 0.173613 -0.222210 0.115782 
 0.139835 0.968291 0.110627 
 0.238369 0.826065 0.063137 
 -0.176091 0.339249 -0.028096 
 -0.287121 0.079111 -0.240692 
 0.374776 0.479337 0.035420 
 0.243372 0.927033 0.069265 
 0.269578 -0.293793 0.005719 
 -0.154058 0.208158 -0.237381 
 0.163745 -0.383475 0.079438 
 -0.132072 0.101133 -0.198766 
 -0.131872 0.101142 -0.198770 
 0.290596 0.755067 0.044748 
 0.274282 0.751499 0.054381 
 0.388374 0.560298 0.047766 
 0.149770 -0.176443 0.174676 
 -0.169679 0.316182 -0.103311 
 0.312405 -0.422946 -0.051780 
 0.312535 -0.442483 -0.057486 
 0.502734 -0.576359 -0.077226 
 -0.350875 0.009901 -0.139953 
 0.240982 0.335618 0.077084 
 -0.239957 0.313590 -0.029053 
 -0.347888 -0.045857 -0.155899 
 0.251739 -0.345366 0.037289 
 0.432916 0.197042 0.022864 
 -0.430965 -0.028010 0.157388 
 0.312914 -0.174349 -0.035577 
 0.536056 -0.509906 -0.079190 
 -0.273483 0.372618 0.054950 
 -0.096446 -0.301664 0.029601 
 0.184144 -0.149134 0.161236 
 0.248842 0.067285 0.067164 
 -0.283564 -0.564846 0.185349 
 -0.349450 0.119292 -0.095714 
 -0.343789 0.332432 0.120320 
 -0.358956 -0.219026 0.046942 
 0.246226 -0.179781 0.051304 
 -0.389767 0.161793 0.052896 
 -0.234266 -0.435796 0.109385 
 0.283973 -0.654533 -0.065496 
 0.246822 -0.623125 -0.033458 
 0.407239 0.481593 0.048413 
 -0.477109 0.247474 0.175650 
 0.129163 0.850547 0.086648 
 0.262160 -0.157323 0.047487 
 -0.344982 0.432161 0.114134 
 -0.306273 0.131036 -0.215294 
 -0.265296 -0.560351 0.175850 
 -0.138685 -0.024787 -0.259966 
 0.194462 0.141691 0.086817 
 -0.175927 0.339253 -0.027834 
 -0.353471 0.067435 -0.123574 
 0.154015 -0.611654 0.057697 
 -0.415582 0.393687 0.177700 
 -0.262299 0.061899 -0.243447 
 0.330076 -0.438818 -0.067034 
 0.307935 0.777847 0.043316 
 0.315786 -0.232631 -0.052835 
 0.352857 -0.600713 -0.090905 
 0.329522 0.266968 0.038961 
 -0.326217 0.399611 0.094290 
 -0.335915 -0.285199 0.064624 
 0.079157 -0.545840 0.038337 
 -0.154906 -0.111142 -0.240752 
 -0.195068 -0.622530 0.325636 
 -0.244600 0.343900 0.014210 
 -0.298489 -0.375367 0.099446 
 -0.466892 0.124490 0.105041 
 0.194336 0.075718 0.099851 
 0.218932 0.407902 0.109245 
 -0.226270 -0.458521 0.115103 
 0.209881 -0.196266 0.102319 
 -0.381851 -0.364414 0.119620 
 -0.338148 -0.459275 0.165937 
 0.328119 0.679404 0.035493 
 