-0.112100 -0.378374 -0.009459 
 0.040850 -0.482083 0.016275 
 -0.300216 0.352534 -0.004863 
 0.329443 -0.451582 -0.038383 
 -0.133602 -0.163356 -0.018737 
 -0.002717 0.436898 -0.012500 
 0.228757 0.265561 0.098087 
 0.091102 -0.037661 -0.129205 
 0.603469 -0.483397 0.107989 
 0.135647 -0.560037 0.059634 
 -0.393783 0.307319 0.128888 
 0.502507 -0.516808 0.030479 
 -0.125558 -0.584884 0.065474 
 -0.268633 -0.019337 0.012633 
 -0.062838 -0.351810 -0.031099 
 -0.351560 0.322730 -0.020677 
 0.380219 0.143949 0.068503 
 0.187008 -0.475739 -0.011007 
 0.424417 -0.270392 -0.034144 
 0.459228 -0.504126 0.008798 
 0.376695 -0.114670 -0.040951 
 0.156836 0.762081 -0.007379 
 0.290070 -0.366106 -0.084655 
 -0.167310 -0.556034 0.072628 
 -0.050181 -0.203309 -0.005527 
 -0.089842 -0.300665 -0.021069 
 -0.145031 -0.292481 0.007793 
 -0.060024 0.101148 -0.098140 
 0.394740 -0.111505 -0.041451 
 -0.220946 0.308412 -0.028135 
 0.194261 -0.198913 0.012478 
 0.228408 0.795866 0.021217 
 0.320203 0.281520 0.097582 
 0.314063 0.720074 0.005035 
 0.015264 0.438058 -0.011961 
 0.199732 -0.344772 -0.015794 
 -0.067555 -0.226529 -0.032711 
 -0.018004 0.178253 -0.084909 
 0.308484 -0.512991 0.000574 
 0.231083 0.778061 0.017843 
 0.436530 0.135122 0.066154 
 -0.505118 0.047302 -0.003646 
 0.324848 -0.250730 -0.064458 
 0.242173 -0.300988 -0.058622 
 -0.199560 0.293840 -0.031620 
 -0.538630 -0.065091 0.038961 
 0.000877 0.055439 -0.108554 
 -0.003544 -0.159469 -0.022857 
 -0.008071 -0.232120 -0.011285 
 0.094113 -0.270635 0.003429 
 0.374676 0.291332 0.097279 
 -0.106751 -0.212667 -0.029096 
 0.414616 -0.109240 -0.028564 
 0.318049 0.408746 0.121540 
 0.233599 0.447790 0.106802 
 -0.027100 -0.004226 -0.143751 
 0.459265 -0.504885 0.008823 
 -0.292929 0.120277 0.027319 
 -0.268987 -0.130610 -0.007872 
 -0.476453 0.217373 0.052121 
 0.287587 -0.238663 -0.047324 
 -0.397163 0.194833 0.056642 
 -0.464455 -0.071911 0.010551 
 -0.317439 -0.265789 0.019004 
 0.181067 -0.439806 -0.006585 
 0.481189 -0.501852 0.033001 
 0.056386 -0.043709 -0.129012 
 -0.153948 0.358028 -0.009040 
 0.135265 0.398565 0.151417 
 -0.544443 0.166464 -0.003686 
 -0.033508 -0.401972 -0.015798 
 -0.343512 0.202980 0.044592 
 -0.075762 -0.372319 -0.009661 
 0.314326 0.316433 0.103170 
 0.121208 -0.505813 0.021653 
 0.277565 0.200006 0.084136 
 0.214613 0.354957 0.115269 
 -0.154642 0.229894 -0.070743 
 -0.155668 -0.148687 -0.027819 
 -0.596844 -0.058079 0.017850 
 0.152722 0.172540 -0.053934 
 -0.250962 -0.418927 0.038034 
 -0.268982 -0.130708 -0.007781 
 -0.087957 -0.067568 -0.128219 
 0.099950 -0.490892 0.025320 
 -0.236161 0.181106 -0.051631 
 -0.055890 -0.295593 -0.046392 
 0.149095 -0.261531 0.002751 
 -0.451835 0.056265 -0.003942 
 -0.200592 -0.101308 -0.017024 
 0.261559 0.556871 0.063317 
 0.233719 0.673390 0.023251 
 0.069155 -0.023306 -0.125727 
 0.363711 -0.262463 -0.068071 
 -0.167284 -0.556567 0.072629 
 -0.623011 0.295592 -0.016820 
 -0.252059 -0.109748 -0.004468 
 -0.361878 -0.018319 0.015732 
 0.217706 0.893262 -0.048501 
 -0.102608 0.145937 -0.087819 
 0.332590 0.409439 0.096074 
 0.294713 -0.290522 -0.071092 
 0.362489 0.251072 0.089875 
 0.202814 -0.000102 -0.063316 
 0.115038 0.374740 0.097216 
 -0.284125 -0.151385 -0.011862 
 0.125817 0.261475 0.012516 
 -0.468559 -0.234808 0.091294 
 0.275011 -0.167999 -0.047187 
 0.493858 -0.204042 0.000849 
 -0.292505 0.011494 0.020834 
 0.234696 0.518100 0.082188 
 0.202364 0.316013 0.108495 
 0.329470 -0.452202 -0.039291 
 -0.082720 0.347657 -0.050550 
 0.054656 -0.368971 -0.013832 
 -0.386265 -0.095388 0.004069 
 -0.016053 -0.642495 0.100907 
 0.319132 0.548206 0.059611 
 0.165500 0.083754 -0.084158 
 0.160551 0.455932 0.137540 
 0.312990 -0.529251 0.011662 
 0.173829 0.937534 -0.038268 
 -0.246418 -0.344000 0.026633 
 -0.253863 -0.402431 0.041491 
 -0.061656 -0.443597 0.002256 
 0.198856 0.510065 0.082390 
 -0.519958 0.026612 -0.010452 
 0.317361 0.297029 0.101023 
 -0.044784 -0.347393 -0.031556 
 -0.224054 0.039321 -0.015362 
 0.496668 -0.424155 -0.015430 
 0.114810 0.353195 0.068375 
 0.059852 0.243788 -0.103044 
 0.360807 0.429716 0.061380 
 0.001109 0.377781 -0.071488 
 -0.095852 -0.450527 0.026869 
 0.039478 -0.083414 -0.172591 
 -0.087312 -0.068132 -0.128220 
 -0.620042 0.276882 -0.019194 
 0.062921 -0.405094 0.004356 
 -0.512942 -0.206766 0.037188 
 0.198874 0.185978 0.033877 
 0.121235 0.003218 -0.122652 
 -0.626093 0.010603 0.031624 
 0.247049 0.556598 0.089943 
 -0.472348 0.199689 0.048701 
 -0.070698 0.386034 -0.044326 
 -0.028677 0.318235 -0.096146 
 -0.473032 0.199655 0.048196 
 -0.463003 0.018093 -0.010659 
 0.281272 0.696591 0.000799 
 0.220464 -0.451778 -0.011552 
 -0.072535 -0.556608 0.068641 
 -0.592689 -0.075169 0.014425 
 -0.503618 -0.058771 0.013929 
 -0.139973 0.138984 -0.087615 
 0.377577 -0.424833 -0.060587 
 0.244221 0.175290 0.080901 
 -0.178631 0.387689 -0.014552 
 0.290955 -0.274520 -0.067671 
 0.078772 0.120562 -0.136905 
 -0.584179 0.178082 -0.001496 
 0.359794 0.158812 0.073422 
 0.169966 0.471942 0.088490 
 0.290495 0.438055 0.103077 
 0.087609 -0.529876 0.017368 
 -0.048635 -0.572773 0.090057 
 0.343977 -0.029341 -0.023776 
 0.312659 0.653531 0.028857 
 -0.173211 0.243410 -0.041869 
 0.056297 0.153369 -0.117405 
 0.338602 -0.321591 -0.078125 
 0.185369 0.866867 -0.051645 
 0.307929 0.732955 -0.018264 
 -0.097664 0.327147 -0.054436 
 -0.184936 -0.189252 -0.021859 
 -0.399538 -0.315735 0.062111 
 -0.095746 -0.174975 -0.034948 
 -0.310160 0.008501 0.019671 
 0.076804 -0.039555 -0.103876 
 0.193061 0.239797 0.068379 
 -0.235056 -0.307226 0.008290 
 -0.321001 0.277949 0.032278 
 0.420434 -0.143524 -0.036267 
 -0.009240 0.321069 -0.096251 
 0.280508 0.182377 0.080201 
 0.262223 -0.097091 -0.033523 
 0.291883 -0.274982 -0.067673 
 -0.031679 0.482694 -0.027744 
 0.121204 -0.505816 0.020255 
 -0.298519 -0.353304 0.064612 
 -0.357401 -0.034900 0.037059 
 -0.496083 -0.005771 -0.014483 
 -0.070491 0.043548 -0.108160 
 -0.424487 0.135421 0.047527 
 0.408830 0.056253 0.027359 
 0.282647 0.033943 0.002795 
 -0.271270 -0.405033 0.053777 
 0.260234 -0.297616 -0.058344 
 0.134891 -0.134849 0.089765 
 -0.322351 0.079529 0.032211 
 0.087757 -0.345081 -0.012361 
 -0.057204 -0.045781 -0.162913 
 0.220104 0.187891 0.059112 
 0.265790 -0.499404 -0.020606 
 0.296374 -0.401521 -0.078961 
 -0.105178 -0.070507 -0.125935 
 0.466565 -0.062620 0.003159 
 -0.377884 -0.147878 0.018047 
 -0.478911 0.235133 0.053476 
 -0.127964 0.177675 -0.080964 
 -0.452919 -0.033975 0.001633 
 0.092396 0.286737 -0.069261 
 -0.247946 -0.437996 0.034582 
 0.323633 0.373021 0.114242 
 -0.602050 0.194621 0.027402 
 -0.202740 0.310698 -0.028233 
 0.278185 0.330341 0.133850 
 -0.477452 -0.002739 -0.013968 
 0.361433 0.251022 0.090513 
 0.485061 -0.444545 0.006472 
 -0.159029 0.045766 -0.078996 
 -0.076911 0.312588 -0.056465 
 0.095633 -0.472958 0.014925 
 -0.058954 -0.613368 0.108165 
 0.419506 0.132404 0.066249 
 -0.177712 0.387733 -0.014898 
 -0.580367 0.160478 -0.004239 
 0.032263 0.095185 -0.102002 
 0.120464 -0.086374 -0.112774 
 0.166837 0.272290 0.076457 
 -0.338353 -0.160418 -0.010864 
 -0.118923 -0.251628 -0.034847 
 -0.350024 0.238429 0.051424 
 0.319006 0.459188 0.068129 
 0.172042 0.234904 0.044294 
 -0.123839 0.160476 -0.084343 
 0.231845 0.117702 0.045397 
 -0.571553 -0.088918 0.036179 
 -0.026357 0.467595 -0.005630 
 0.147354 0.267382 0.051179 
 -0.113268 -0.360433 -0.006062 
 0.186601 0.803858 -0.000844 
 0.140403 -0.502725 0.020886 
 -0.309880 -0.300948 0.037274 
 -0.467393 -0.054147 0.014408 
 0.114752 -0.069910 -0.138191 
 -0.312259 0.225834 0.022409 
 0.277074 0.090985 0.063613 
 0.242884 -0.541549 0.036239 
 0.090279 -0.037849 -0.129202 
 -0.351470 -0.071157 0.031554 
 0.018413 0.274069 -0.093742 
 -0.485759 -0.057174 0.013832 
 0.370782 -0.078357 -0.034123 
 -0.070577 -0.207071 -0.029444 
 -0.248057 0.074016 0.016872 
 0.353189 0.194486 0.080788 
 0.054826 -0.612036 0.104091 
 0.233972 0.760785 0.014383 
 0.527173 -0.382288 -0.009020 
 0.347616 -0.448553 -0.037560 
 0.196769 -0.308649 0.017334 
 -0.076960 0.420746 -0.037572 
 0.187115 0.275414 0.076349 
 0.002682 0.164947 -0.088406 
 -0.106733 -0.213038 -0.029095 
 -0.034502 0.371843 -0.075121 
 0.227524 -0.213233 -0.041146 
 0.160534 0.456188 0.136090 
 -0.450271 -0.231759 0.092152 
 0.258620 0.048552 0.007785 
 0.363081 -0.262493 -0.068069 
 -0.349302 -0.288564 0.040920 
 0.165861 -0.461697 -0.009928 
 0.181064 -0.439739 -0.006585 
 0.071495 0.172714 -0.114135 
 -0.299269 -0.262786 0.018921 
 0.121039 0.336960 0.090363 
 0.288149 0.795016 -0.068857 
 -0.198289 -0.301151 0.008088 
 -0.113810 -0.019636 -0.117994 
 0.043758 0.027445 -0.115509 
 0.097413 -0.472870 0.015490 
 0.222697 -0.085389 -0.029907 
 -0.242034 -0.162211 0.010481 
 0.507170 -0.349127 0.023543 
 0.446983 -0.285108 -0.037677 
 0.235625 -0.046868 -0.024462 
 0.027559 0.328823 -0.083738 
 -0.473028 0.199658 0.049346 
 0.432545 -0.397715 -0.033374 
 0.222246 0.809989 -0.001040 
 -0.537506 -0.065035 0.039404 
 -0.029964 0.336744 -0.092792 
 0.012436 -0.599783 0.082674 
 -0.206862 -0.266071 -0.010186 
 -0.147479 -0.022621 -0.091677 
 -0.470957 -0.036974 0.006017 
 0.312703 0.652622 0.028859 
 -0.249569 -0.235729 -0.003129 
 0.149193 0.728460 0.011578 
 0.331263 0.586594 0.066325 
 -0.389152 -0.078787 0.006496 
 0.151896 0.468829 0.088923 
 0.536261 -0.288964 0.046379 
 -0.271268 -0.405032 0.054380 
 0.160882 -0.222817 0.010658 
 0.057386 0.369308 -0.077201 
 0.154709 -0.149641 0.073378 
 -0.193323 -0.046244 -0.033365 
 0.356715 -0.541200 0.030911 
 -0.166837 -0.186600 -0.020897 
 -0.061821 -0.351762 -0.031456 
 -0.491951 -0.022292 0.008023 
 -0.278241 0.031590 0.011682 
 0.091076 -0.362914 -0.014032 
 0.252619 0.521101 0.082089 
 0.222591 0.429382 0.128910 
 -0.358400 0.291671 0.062224 
 0.011452 0.111087 -0.098072 
 0.557522 -0.303885 0.042933 
 -0.238611 -0.380611 0.044843 
 0.259036 0.642069 0.029158 
 -0.483927 0.032530 -0.007153 
 0.316966 0.023926 -0.013437 
 -0.444737 0.022206 0.014558 
 0.304476 -0.126593 -0.040553 
 0.134981 -0.115329 0.118412 
 -0.609553 0.120783 0.012725 
 -0.242076 0.036313 0.010046 
 0.185304 0.868195 -0.051648 
 0.285503 -0.571473 0.026762 
 0.006899 0.342655 -0.080272 
 0.196886 0.461984 0.136198 
 0.026404 0.131365 -0.095252 
 0.085316 0.319750 -0.087404 
 -0.523234 -0.063261 0.014036 
 -0.240673 0.128845 0.001673 
 0.221567 -0.526593 0.038721 
 -0.080872 -0.521426 0.050577 
 0.323184 0.688072 0.022169 
 0.182045 -0.238519 0.005991 
 -0.254495 0.196670 -0.010076 
 0.307553 0.131848 0.072346 
 0.019725 -0.049703 -0.129884 
 0.051066 -0.536523 0.017936 
 -0.497829 0.011982 -0.010464 
 0.343739 -0.561481 0.052506 
 -0.127980 0.177949 -0.081758 
 -0.441351 -0.285663 0.081262 
 -0.252476 -0.218709 0.000900 
 -0.422426 -0.101416 0.001853 
 -0.264706 -0.257328 -0.006456 
 -0.270644 -0.220853 0.000398 
 -0.630896 0.242737 0.012941 
 -0.354717 0.341979 -0.017295 
 0.027694 -0.655077 0.134695 
 -0.220727 0.308422 -0.028136 
 0.174628 0.786934 0.020284 
 0.208650 -0.035257 -0.070111 
 -0.056411 -0.461410 0.021243 
 -0.427384 -0.246600 0.089425 
 -0.408811 0.267779 0.096692 
 0.260654 0.179269 0.080806 
 0.147961 0.062065 -0.112722 
 0.432165 -0.547036 0.028110 
 -0.330111 0.309165 -0.011512 
 -0.080600 -0.428555 0.032283 
 0.098304 -0.140611 0.089966 
 -0.202659 0.095245 -0.056493 
 -0.425740 0.264817 0.096788 
 -0.036286 0.067244 -0.104987 
 -0.081703 0.005545 -0.114815 
 0.146288 0.435095 0.132751 
 -0.519853 -0.170457 0.044063 
 -0.621265 0.191562 0.027313 
 0.414508 0.187472 0.101867 
 -0.147685 -0.112016 -0.072283 
 -0.206094 0.220081 -0.045057 
 -0.520643 0.134156 -0.012020 
 -0.208825 -0.158149 -0.014917 
 -0.030491 0.228900 -0.100174 
 0.145229 -0.353848 -0.013724 
 0.383432 -0.556209 0.052295 
 -0.309875 -0.301020 0.037681 
 -0.510734 0.082697 0.000706 
 -0.197655 -0.119073 -0.020790 
 0.033536 0.420032 -0.041538 
 0.004431 -0.490387 0.016004 
 0.087011 -0.436780 -0.002638 
 0.554529 -0.285554 0.046140 
 0.263327 0.289527 0.101319 
 0.156321 -0.082075 -0.114418 
 0.155729 0.826768 -0.058141 
 0.139817 0.095308 -0.131267 
 0.271657 0.235684 0.091010 
 0.365420 0.412057 0.057680 
 0.302508 0.387849 0.118016 
 0.307472 0.133357 0.070286 
 0.294903 0.491653 0.076163 
 -0.093090 -0.122241 -0.100433 
 -0.452912 -0.033971 0.003543 
 -0.140299 -0.236896 -0.032313 
 -0.368952 -0.273759 0.069790 
 0.473097 -0.077941 0.024905 
 0.281430 0.782763 -0.008066 
 0.292115 0.598279 0.070407 
 -0.160745 0.154056 -0.084142 
 0.052493 -0.026222 -0.125633 
 0.471934 -0.097966 -0.003696 
 0.100300 0.106818 -0.127701 
 0.414836 -0.308899 -0.040910 
 0.408244 -0.182057 -0.041107 
 -0.082680 -0.597024 0.087452 
 0.034674 -0.029192 -0.124784 
 -0.494813 0.103437 0.006469 
 0.227760 0.463142 0.084769 
 0.159629 -0.097525 -0.105202 
 0.382190 -0.260741 -0.068169 
 0.268015 0.125311 0.045195 
 -0.023455 0.450172 -0.009014 
 -0.098151 0.220179 -0.074412 
 -0.152025 0.338221 -0.025147 
 0.044960 0.223340 -0.102790 
 0.344630 0.118524 0.041364 
 0.299044 0.018386 -0.013333 
 0.364538 0.104551 0.037839 
 0.335407 -0.394718 -0.054122 
 -0.177336 -0.044416 -0.059748 
 -0.000201 -0.545169 0.043233 
 -0.453881 -0.214188 0.083851 
 0.602948 -0.483419 0.110218 
 -0.530317 0.187058 -0.001794 
 0.122526 -0.173259 0.082947 
 -0.427417 0.152974 0.050947 
 0.361567 -0.135261 -0.045178 
 -0.085761 -0.226854 -0.032616 
 0.328126 0.604277 0.069108 
 -0.379067 0.197528 0.057487 
 -0.493861 0.212628 0.026805 
 -0.341491 -0.233710 0.025980 
 -0.247816 -0.437990 0.034581 
 -0.548387 0.076622 0.003370 
 0.275450 -0.278492 -0.055022 
 0.157642 -0.166809 0.070162 
 0.194372 0.923107 -0.040163 
 -0.301343 -0.154354 -0.011004 
 0.283405 0.165777 0.077260 
 0.186960 -0.474928 -0.013478 
 0.171007 0.976136 -0.006268 
 0.036980 0.042450 -0.137405 
 0.213683 0.115498 0.045496 
 0.127375 0.057343 -0.137901 
 0.039571 -0.298100 -0.025195 
 -0.332012 0.132828 0.030931 
 0.024825 -0.318909 -0.029611 
 -0.489048 -0.039329 0.004607 
 0.140913 0.760275 -0.007290 
 -0.502804 0.267063 0.062465 
 0.212393 -0.214462 -0.015533 
 -0.614036 -0.060039 0.043238 
 -0.099300 0.346823 -0.025439 
 -0.346326 0.112498 0.040288 
 0.367875 -0.061293 -0.031493 
 -0.481226 0.253841 0.072330 
 0.145711 -0.244652 0.006191 
 0.350669 0.322488 0.104127 
 0.100199 -0.490881 0.024549 
 -0.254080 0.195224 -0.010074 
 0.325022 -0.250725 -0.066611 
 -0.303456 0.279005 0.007103 
 -0.337847 0.167490 0.037333 
 -0.041357 0.447427 -0.008917 
 0.272666 -0.040806 -0.023382 
 -0.338564 -0.250986 0.022497 
 0.111759 -0.034265 -0.104069 
 0.101941 0.088571 -0.143714 
 0.116577 -0.137324 0.089625 
 -0.095595 -0.175950 -0.034947 
 -0.070555 -0.207069 -0.029294 
 -0.347425 -0.197422 0.034086 
 -0.090867 -0.560658 0.068434 
 -0.552846 0.219425 0.005095 
 -0.008031 -0.232883 -0.010308 
 -0.261845 0.230100 -0.028679 
 0.217538 0.447134 0.132355 
 0.387655 -0.057722 -0.018987 
 -0.275132 0.013855 0.006828 
 0.291672 0.091583 0.038242 
 0.001247 -0.176440 -0.000532 
 0.040002 -0.298079 -0.025474 
 0.259399 0.196913 0.084237 
 0.001217 -0.175865 -0.001101 
 -0.407526 0.027601 0.014356 
 -0.103965 -0.414910 0.008706 
 0.438894 -0.323272 -0.019398 
 -0.470127 0.182595 0.045288 
 -0.006383 -0.126729 -0.167320 
 -0.099378 -0.105579 -0.133935 
 -0.529780 -0.118627 0.029124 
 -0.132424 -0.455631 0.026898 
 0.006448 0.235223 -0.100376 
 -0.071539 0.169334 -0.084419 
 0.217994 0.447479 0.132353 
 0.215610 -0.508549 0.017905 
 0.040948 -0.150009 0.077681 
 0.081340 0.032419 -0.115710 
 0.412608 -0.090186 -0.025150 
 0.229751 -0.011389 -0.017878 
 -0.077587 -0.171962 -0.034494 
 0.285515 -0.001727 -0.003690 
 0.245598 -0.210182 -0.041245 
 -0.443446 -0.086526 0.006793 
 0.150165 -0.614801 0.100055 
 -0.176118 0.260924 -0.038484 
 0.212118 0.461343 0.110333 
 -0.091324 0.400266 -0.040852 
 0.250663 0.627688 0.076940 
 0.304632 0.148823 0.073727 
 -0.173085 0.027818 -0.069038 
 0.451160 0.213912 0.130429 
 0.438716 -0.231654 -0.026402 
 0.153007 -0.112741 0.118313 
 -0.071071 -0.315419 -0.049714 
 -0.094420 -0.542626 0.072223 
 0.374186 -0.538186 0.031660 
 -0.500100 0.249858 0.059049 
 -0.172799 0.352252 -0.021663 
 -0.158448 -0.239911 -0.032214 
 0.327576 0.497565 0.049389 
 0.411982 0.038455 0.023930 
 0.087264 -0.020320 -0.125827 
 0.406541 -0.365127 -0.026039 
 -0.233304 -0.016136 -0.000200 
 -0.131309 0.087303 -0.097686 
 0.397683 -0.129240 -0.042842 
 -0.040679 -0.276348 -0.043069 
 -0.280747 -0.059559 0.006123 
 0.408219 0.223253 0.108665 
 0.057439 0.368217 -0.077199 
 -0.323215 -0.139643 -0.007078 
 0.169647 0.272426 0.076447 
 0.225080 0.724236 0.033406 
 0.074914 -0.273712 0.003157 
 0.351017 0.322505 0.104255 
 0.191124 0.090533 -0.020890 
 0.364489 -0.152623 -0.047683 
 -0.289991 0.102548 0.024236 
 0.266490 -0.222335 -0.044769 
 -0.213790 0.076944 -0.008641 
 -0.338565 -0.250987 0.022184 
 0.313240 -0.178884 -0.050799 
 0.213636 0.095811 0.015176 
 0.134437 0.841784 -0.054697 
 0.292769 0.221113 0.087708 
 0.213707 0.114986 0.045497 
 -0.322727 0.188239 0.041409 
 0.178379 0.346716 0.115473 
 0.300667 -0.327677 -0.077920 
 -0.141230 0.050657 -0.079098 
 0.356462 -0.409175 -0.057650 
 -0.006457 0.109418 -0.098435 
 0.115193 -0.284566 -0.000486 
 -0.337483 0.058757 0.030099 
 0.263188 -0.315741 -0.062837 
 0.075938 -0.273665 0.001943 
 -0.250933 0.090495 0.020290 
 -0.022551 0.283318 -0.102873 
 -0.313793 -0.375192 0.059865 
 0.360960 -0.502075 -0.024721 
 -0.638902 0.081261 0.032624 
 0.397481 -0.129253 -0.044465 
 0.437680 0.135346 0.066150 
 0.399080 -0.329756 -0.044861 
 0.116069 -0.285422 -0.000487 
 0.006885 0.342794 -0.082249 
 0.345618 -0.375577 -0.088362 
 0.365130 -0.576955 0.048929 
 0.049559 -0.007544 -0.122259 
 -0.199637 -0.485386 0.061586 
 -0.447142 -0.158998 0.044093 
 -0.223466 0.326011 -0.024752 
 -0.005247 0.303864 -0.099617 
 0.135867 0.112746 -0.127896 
 0.453890 -0.210867 -0.024066 
 0.072550 -0.365958 -0.013876 
 -0.276630 -0.369068 0.061052 
 -0.106684 0.163415 -0.084440 
 -0.125914 -0.056342 -0.124649 
 0.165839 0.489546 0.091914 
 -0.196948 0.384688 -0.014794 
 -0.014246 0.377081 -0.048711 
 -0.050179 -0.203309 -0.005117 
 0.174560 0.031027 -0.095006 
 -0.355535 0.275366 0.058250 
 0.204382 0.039513 0.005865 
 0.242144 0.413361 0.125381 
 0.180717 0.664260 0.023544 
 0.203507 -0.380580 -0.021499 
 0.250680 -0.024731 -0.019866 
 0.102916 -0.508864 0.019593 
 -0.176136 -0.242099 -0.032117 
 -0.129716 -0.109019 -0.070064 
 -0.146370 -0.384138 0.016654 
 0.123504 -0.431149 -0.002838 
 0.000648 -0.621208 0.104360 
 0.203413 0.978172 -0.033777 
 0.138715 -0.410218 0.000164 
 0.076720 -0.107384 0.122185 
 0.365156 -0.577470 0.049314 
 0.262908 0.012787 -0.013134 
 0.079496 0.032328 -0.116574 
 -0.130430 -0.363173 0.019140 
 0.278188 0.330343 0.134735 
 -0.006759 -0.001401 -0.118584 
 0.322279 -0.433937 -0.060873 
 0.363698 -0.025208 -0.011820 
 0.542210 -0.324899 0.039537 
 0.131518 -0.246028 0.031414 
 -0.323216 -0.139644 -0.007521 
 0.095297 0.269201 -0.072875 
 -0.270594 -0.221725 0.002527 
 0.252916 0.521114 0.081387 
 0.246038 -0.099573 -0.020831 
 0.082985 -0.161447 0.086608 
 -0.275188 -0.295466 0.012152 
 0.181074 -0.439946 -0.006628 
 0.398883 -0.552494 0.052203 
 0.115236 -0.285462 -0.000694 
 -0.049334 -0.097757 -0.160384 
 0.176064 -0.496675 0.021232 
 0.021819 -0.086372 -0.173390 
 0.276598 0.865383 -0.056656 
 0.070595 0.407185 -0.070569 
 0.291871 -0.383901 -0.088066 
 -0.199184 -0.010857 -0.027467 
 0.564403 -0.322584 0.064278 
 -0.571152 0.215993 0.005197 
 -0.239019 -0.089554 -0.013763 
 0.015958 -0.136888 0.030229 
 0.210388 0.791537 0.021319 
 -0.071150 -0.135399 -0.078716 
 -0.489764 0.067483 -0.000339 
 0.281272 0.696591 0.000697 
 -0.521624 -0.063182 0.014606 
 -0.538181 0.240240 0.008395 
 -0.070686 0.385697 -0.045491 
 -0.336076 0.257257 0.030010 
 0.312629 0.424281 0.099543 
 -0.320994 0.277953 0.034340 
 0.131445 0.725493 0.011676 
 -0.312672 -0.193615 0.007459 
 -0.007510 0.214487 -0.103647 
 -0.404349 -0.098404 0.001989 
 -0.085681 -0.228501 -0.032613 
 -0.063863 -0.010892 -0.157083 
 -0.224522 -0.068838 -0.011071 
 0.017611 0.057035 -0.135271 
 -0.122056 0.379046 -0.020781 
 -0.574895 -0.070706 0.039608 
 0.062937 -0.405423 0.004357 
 0.429587 -0.379863 -0.030621 
 -0.322591 0.185417 0.041083 
 -0.516195 0.227254 0.030316 
 -0.034525 -0.077798 -0.171386 
 0.355700 -0.099778 -0.036941 
 -0.443689 0.022257 0.014554 
 -0.369832 0.254143 0.066242 
 0.432695 -0.489991 -0.024911 
 0.339844 0.533495 0.056106 
 0.227154 0.462860 0.084772 
 -0.352311 0.322694 -0.020675 
 0.062929 0.354163 -0.055140 
 -0.438583 -0.193158 0.089429 
 0.443842 -0.010645 0.038753 
 0.141365 0.675809 0.027129 
 -0.004371 -0.527342 0.046705 
 -0.220679 -0.286385 0.012056 
 0.182910 -0.237603 0.005986 
 0.264997 0.629659 0.051302 
 0.444083 -0.359015 -0.026244 
 -0.185741 -0.557907 0.072727 
 0.270273 -0.574721 0.052434 
 0.544889 -0.342881 0.035866 
 -0.029590 -0.326940 -0.028227 
 0.103172 -0.000249 -0.122552 
 -0.612942 0.245725 0.010822 
 -0.447907 0.038412 -0.007351 
 0.184624 0.423248 0.128467 
 0.276869 0.799701 -0.017395 
 0.266665 -0.499362 -0.020773 
 -0.129925 0.177856 -0.080957 
 0.233656 0.247802 0.094642 
 0.152670 0.191917 -0.027100 
 -0.220077 0.003097 -0.022166 
 -0.130790 -0.178477 -0.022161 
 0.216641 0.822395 -0.036144 
 -0.122199 -0.417556 0.008806 
 0.340981 -0.010370 -0.020363 
 -0.009901 -0.418063 0.004759 
 0.408261 0.222385 0.108762 
 -0.034159 0.049525 -0.108360 
 0.215842 0.670191 0.024363 
 -0.578028 0.250334 -0.013445 
 -0.055440 -0.186296 -0.025841 
 0.292795 0.220570 0.087474 
 0.475216 -0.409304 -0.011637 
 0.284321 0.454198 0.081054 
 0.017882 -0.618144 0.104262 
 -0.475418 -0.109457 0.028193 
 0.142544 -0.207013 0.038209 
 -0.009207 -0.661246 0.134899 
 -0.354666 0.165354 0.050546 
 -0.298390 0.047016 0.026411 
 -0.101833 0.019703 -0.111343 
 0.418157 -0.235294 -0.052406 
 0.536257 -0.288966 0.045153 
 -0.164036 0.408232 -0.011607 
 -0.630895 0.242737 0.013122 
 -0.325325 0.098062 0.036769 
 0.290309 0.664528 0.017863 
 -0.389206 -0.077682 0.006494 
 -0.032230 0.157780 -0.088209 
 -0.484227 0.272803 0.075079 
 -0.554060 0.219366 0.005099 
 0.077415 -0.476887 0.015599 
 0.157699 -0.167987 0.070164 
 -0.307643 -0.009282 0.016692 
 0.402149 -0.440115 -0.039692 
 0.315773 0.479314 0.071540 
 -0.288688 -0.316089 0.033729 
 0.266493 -0.222396 -0.044769 
 0.148660 -0.046371 -0.132880 
 -0.043882 0.316400 -0.083344 
 -0.013435 -0.110779 -0.202702 
 -0.038748 0.192740 -0.081456 
 0.166649 0.420231 0.129217 
 0.217542 0.337646 0.111831 
 -0.070569 -0.482391 0.032376 
 0.331059 0.586585 0.066860 
 -0.637615 0.170806 0.024202 
 0.251606 0.676468 0.023151 
 0.255987 0.104906 0.065596 
 0.129366 0.877004 -0.048010 
 -0.194812 -0.501701 0.083153 
 0.194083 0.351720 0.115377 
 0.345697 0.498110 0.047893 
 -0.480567 0.124091 0.010184 
 -0.617844 -0.043696 0.021370 
 -0.253107 0.393348 -0.010806 
 0.038665 -0.633297 0.100669 
 0.217023 0.208460 0.062534 
 0.104008 0.216598 -0.082216 
 0.169429 0.627865 0.029650 
 0.047992 0.205855 -0.107306 
 0.295787 0.717079 0.004046 
 -0.428162 -0.068780 0.010118 
 -0.318980 -0.339217 0.068171 
 -0.062447 -0.151731 -0.031732 
 0.167083 0.488523 0.091911 
 0.159131 0.523789 0.086003 
 0.481552 -0.242188 -0.005926 
 0.077376 -0.476079 0.015598 
 -0.107110 -0.052929 -0.124751 
 -0.055737 0.406208 -0.040481 
 0.054341 -0.368176 -0.013833 
 -0.157864 0.136934 -0.087951 
 0.341333 0.266580 0.094045 
 -0.341089 -0.322419 0.071729 
 0.143707 0.896867 -0.044761 
 0.172198 0.699290 0.030322 
 -0.358161 -0.235467 0.051258 
 -0.372985 -0.166073 0.014613 
 0.356206 0.028145 -0.001016 
 -0.275186 -0.295527 0.011931 
 0.126054 -0.210206 0.038304 
 0.224188 -0.285692 -0.028133 
 -0.355218 0.167249 0.050544 
 0.087596 -0.197703 0.065301 
 -0.490007 -0.130255 0.025494 
 -0.319400 0.061624 0.029932 
 0.205279 0.633514 0.031158 
 0.291859 -0.274476 -0.067546 
 -0.140017 0.139907 -0.087627 
 0.349229 -0.064328 -0.030605 
 -0.040657 -0.275105 -0.043072 
 0.277923 0.470814 0.071750 
 -0.354199 0.340323 -0.017294 
 -0.071802 -0.065687 -0.152353 
 -0.251386 -0.018627 -0.001187 
 0.199291 -0.436911 -0.006604 
 0.009227 -0.339755 -0.031851 
 0.373319 -0.206217 -0.057276 
 0.178171 0.681858 0.026927 
 0.241020 0.571584 0.066585 
 0.237032 0.500332 0.078776 
 0.048419 -0.333279 -0.006957 
 0.035282 -0.539431 0.043035 
 -0.355198 -0.253393 0.047677 
 0.288750 0.438933 0.103081 
 0.142185 -0.225872 0.009628 
 -0.124072 0.396673 -0.015194 
 0.319249 0.459200 0.068128 
 0.337661 -0.103151 -0.037337 
 0.423488 0.243884 0.112106 
 -0.450179 -0.231753 0.092990 
 0.436890 -0.213793 -0.023971 
 -0.147716 -0.111328 -0.071530 
 0.034111 -0.262462 -0.017613 
 -0.173261 0.244459 -0.041871 
 0.337207 -0.212235 -0.058438 
 0.502479 -0.516259 0.030104 
 0.047638 -0.425390 0.001010 
 -0.064507 0.460053 -0.030924 
 0.411129 0.206449 0.105313 
 0.244122 0.177333 0.080897 
 -0.426715 -0.264826 0.073387 
 -0.058068 -0.116164 -0.113239 
 -0.243377 -0.363514 0.023288 
 0.334977 0.192317 0.080397 
 -0.368698 0.254200 0.067641 
 -0.082254 0.455840 -0.030823 
 -0.071010 -0.316657 -0.049435 
 -0.352493 0.255472 0.054839 
 0.182282 0.144741 -0.010829 
 -0.203525 -0.083567 -0.012562 
 0.202377 0.316128 0.108495 
 0.265544 -0.114811 -0.036939 
 -0.217187 -0.013855 -0.026343 
 -0.049401 0.351391 -0.077087 
 0.209037 -0.288182 -0.004771 
 -0.182280 0.405234 -0.011508 
 0.324719 0.262947 0.094141 
 -0.313503 0.224804 0.022415 
 0.051174 -0.026285 -0.125628 
 -0.076502 0.440763 -0.008720 
 0.268301 0.142612 0.073928 
 0.278464 0.470841 0.071749 
 -0.232209 0.376724 -0.014595 
 0.042956 -0.315978 -0.028625 
 -0.573874 0.125210 -0.011695 
 -0.389680 -0.167772 0.039581 
 0.169560 -0.553901 0.035392 
 -0.278300 0.032699 0.010241 
 -0.067636 -0.224832 -0.032641 
 -0.109103 -0.304482 -0.020965 
 -0.296287 0.028315 0.010343 
 0.394874 -0.111497 -0.041051 
 -0.091089 0.400278 -0.040853 
 -0.151443 -0.551902 0.072533 
 -0.235692 0.288834 -0.018707 
 -0.080243 0.221941 -0.073133 
 0.084855 -0.328191 -0.007156 
 -0.395074 -0.042419 0.013334 
 0.115235 -0.285463 -0.000833 
 -0.284114 0.067069 0.018312 
 -0.486429 0.159478 0.016211 
 0.271339 0.766812 0.014264 
 0.269487 -0.150385 -0.043762 
 -0.125528 0.052734 -0.104496 
 -0.364798 -0.000905 0.019973 
 0.225174 -0.085269 -0.029916 
 0.330702 0.653854 0.028762 
 0.050706 0.189194 -0.110674 
 -0.120978 -0.324586 0.000818 
 -0.156369 -0.239811 -0.032221 
 -0.193618 0.367126 -0.019307 
 -0.623029 0.296043 -0.015814 
 -0.238127 0.413908 -0.007791 
 0.123577 0.912521 -0.041322 
 0.286189 0.127218 0.044225 
 0.394774 -0.112162 -0.041050 
 0.142714 -0.225844 0.011169 
 0.034621 -0.028138 -0.125537 
 -0.037734 0.409188 -0.041146 
 -0.098658 -0.155599 -0.031536 
 -0.265177 0.355207 -0.017017 
 0.165823 0.420191 0.129220 
 -0.056306 0.426132 -0.013020 
 -0.352029 0.322708 -0.020676 
 -0.046505 0.333902 -0.080371 
 0.232816 0.357294 0.115169 
 -0.035849 0.175279 -0.084832 
 0.015147 0.182428 -0.110807 
 -0.105579 0.273519 -0.038878 
 -0.154510 0.227162 -0.070738 
 0.053577 -0.461465 -0.005881 
 0.367004 -0.170760 -0.051095 
 -0.437554 -0.122186 0.000982 
 -0.059067 0.315561 -0.056825 
 0.257012 0.345208 0.138926 
 0.174832 0.544566 0.089493 
 0.311284 -0.454890 -0.039191 
 0.160714 -0.203012 0.038107 
 0.420027 0.002943 0.017066 
 0.213670 0.224988 0.065967 
 0.077424 0.354627 -0.080663 
 0.466560 -0.062512 0.003159 
 0.054826 -0.612036 0.104053 
 -0.184892 0.314382 -0.030767 
 -0.561399 0.165457 0.020395 
 -0.337482 0.058757 0.030294 
 0.171902 0.562309 0.094627 
 -0.374604 -0.256485 0.047917 
 -0.663248 0.003905 0.018348 
 0.362193 -0.559983 0.052408 
 -0.663248 0.003905 0.018255 
 -0.420326 -0.190118 0.087817 
 -0.205639 0.328039 -0.024849 
 -0.504575 0.047328 -0.003648 
 -0.600470 0.263356 -0.022675 
 -0.108257 -0.304441 -0.020968 
 -0.202595 -0.467684 0.067422 
 0.220083 0.188327 0.059111 
 -0.462147 -0.270718 0.086172 
 0.323196 0.262872 0.093686 
 0.070304 -0.022061 -0.125733 
 0.478887 -0.316679 0.005490 
 -0.027908 -0.112246 -0.163852 
 0.002741 0.163690 -0.088937 
 -0.005495 0.195919 -0.107008 
 -0.419737 -0.010214 0.007875 
 0.325717 0.134843 0.070188 
 -0.325283 0.097208 0.036771 
 0.378498 -0.004449 -0.007950 
 -0.110871 -0.286614 -0.015865 
 0.213701 0.115143 0.045935 
 -0.107658 0.055206 -0.104203 
 -0.175718 0.370111 -0.017071 
 0.249958 0.828198 -0.036332 
 -0.502655 0.136592 -0.012087 
 -0.034577 0.175341 -0.084836 
 -0.450271 -0.231760 0.092078 
 -0.105827 -0.581757 0.065367 
 0.469848 -0.467142 0.003122 
 0.328375 0.096797 0.038041 
 -0.510284 0.191872 0.025814 
 0.417899 -0.235306 -0.052405 
 -0.196604 -0.319068 0.003812 
 -0.004589 -0.269088 -0.044160 
 -0.182510 -0.298240 0.007996 
 0.212061 0.462557 0.110742 
 -0.213282 -0.230479 -0.002837 
 -0.012636 0.034997 -0.113844 
 0.235759 0.339671 0.111733 
 -0.056355 0.427201 -0.012203 
 0.199988 -0.344757 -0.014633 
 -0.447621 0.279567 0.100319 
 0.245039 0.396619 0.120196 
 -0.234357 -0.215692 -0.000284 
 -0.035176 -0.476311 0.018478 
 -0.095395 -0.033675 -0.146727 
 0.403549 -0.164725 -0.051843 
 -0.151974 0.337172 -0.025145 
 0.111575 -0.544918 0.038833 
 -0.528836 -0.118467 0.029121 
 -0.106713 -0.213449 -0.029095 
 0.305356 0.772678 0.014962 
 0.227148 -0.321756 -0.061564 
 0.453916 -0.211408 -0.024065 
 0.166329 0.441184 0.158104 
 0.435405 0.042936 0.049062 
 -0.531650 0.097160 0.006671 
 0.111471 -0.033648 -0.104070 
 -0.465928 0.035723 -0.007252 
 -0.334588 0.041921 0.026610 
 0.193496 0.369691 0.120051 
 -0.415253 0.192159 0.057685 
 0.279509 0.847387 -0.058823 
 0.463229 -0.448714 -0.018428 
 -0.450346 -0.230147 0.092987 
 -0.075441 -0.540268 0.072120 
 0.263218 0.399651 0.122717 
 -0.133564 -0.531400 0.075901 
 0.278328 -0.294965 -0.058412 
 0.193557 -0.054813 -0.073411 
 0.344599 0.118522 0.041364 
 -0.544456 0.166456 -0.007587 
 0.251434 -0.244686 -0.047139 
 0.220617 0.319159 0.108395 
 0.214255 0.621067 0.077141 
 0.218158 -0.267258 -0.051309 
 0.397660 -0.128873 -0.044466 
 -0.348152 -0.289137 0.040917 
 0.248903 -0.116897 -0.024251 
 -0.570041 0.001204 0.014953 
 0.029291 0.114150 -0.098629 
 -0.182743 -0.391478 0.016000 
 -0.035855 0.175277 -0.086276 
 -0.093863 -0.376756 -0.009590 
 -0.225162 -0.360479 0.023175 
 0.096628 -0.398639 -0.021168 
 -0.446381 -0.068900 0.009808 
 -0.330863 -0.195169 0.008711 
 0.255132 -0.519997 0.013366 
 0.087344 0.070278 -0.146985 
 0.293261 0.648356 0.028965 
 0.065850 -0.422357 -0.000062 
 -0.062140 -0.151199 -0.031734 
 -0.046817 0.137290 -0.091488 
 0.154589 -0.633117 0.110459 
 -0.495259 0.213476 0.026809 
 -0.379097 -0.220617 0.054803 
 -0.461093 -0.179070 0.064893 
 0.265217 0.163133 0.077359 
 -0.370728 0.319688 -0.020575 
 0.214692 0.822300 -0.036160 
 0.415668 0.149962 0.069690 
 -0.043621 0.316658 -0.083346 
 -0.043450 -0.257335 -0.039653 
 0.154190 0.154090 -0.071355 
 -0.085764 -0.411560 0.008605 
 0.391366 -0.203213 -0.059308 
 -0.380389 -0.130916 -0.004334 
 -0.560132 0.253722 -0.013544 
 -0.124633 -0.584840 0.065129 
 -0.029138 0.228964 -0.101360 
 0.405077 -0.457327 -0.041968 
 -0.475986 0.217801 0.052119 
 -0.044988 0.119702 -0.095188 
 0.310019 0.512400 0.079062 
 0.373746 -0.096774 -0.038959 
 0.193588 0.367711 0.118809 
 0.188427 0.719911 0.033604 
 0.127285 -0.227811 0.034863 
 0.426435 0.226288 0.108516 
 0.101218 -0.157325 0.086505 
 -0.648127 0.024655 0.022697 
 0.161313 -0.112672 0.029316 
 0.211806 0.839720 -0.033447 
 0.515423 -0.421094 -0.015286 
 -0.080921 -0.355700 -0.031351 
 -0.304177 -0.318414 0.058961 
 -0.005516 -0.360558 -0.033531 
 -0.612018 0.030670 0.022839 
 -0.226956 -0.160114 -0.015973 
 0.325906 -0.031822 -0.021302 
 0.105357 -0.017335 -0.125926 
 -0.612482 0.138477 0.016150 
 -0.014230 0.249420 -0.097046 
 -0.364720 -0.002524 0.019976 
 0.278171 0.330603 0.133482 
 0.527454 -0.271864 0.012081 
 0.162824 -0.593335 0.077206 
 0.149539 0.796635 -0.013465 
 -0.222946 -0.068760 -0.010451 
 0.324764 0.512806 0.052220 
 -0.167606 -0.368145 0.019341 
 -0.019084 -0.623788 0.104465 
 0.217158 0.603975 0.074474 
 0.249966 -0.502485 0.004330 
 0.207326 0.857065 -0.029423 
 -0.354839 -0.253375 0.047811 
 0.081808 -0.308445 -0.003722 
 -0.141664 -0.057785 -0.100073 
 0.508994 -0.386039 -0.008392 
 0.453666 -0.412544 -0.038070 
 0.245986 -0.099574 -0.020332 
 -0.101249 0.364450 -0.022637 
 -0.122477 0.270546 -0.038782 
 0.081466 0.337193 -0.084034 
 0.183337 0.734330 0.010642 
 0.142371 0.452899 0.134423 
 -0.173113 -0.151096 -0.015117 
 0.233228 -0.505537 0.016929 
 -0.012203 0.143182 -0.092556 
 -0.074851 0.078261 -0.101414 
 0.270181 -0.572787 0.052910 
 -0.126736 -0.566738 0.068944 
 0.085954 -0.179320 0.083149 
 0.037376 -0.615064 0.104157 
 0.236315 -0.265896 -0.051405 
 -0.086220 0.148839 -0.087913 
 -0.016873 -0.179569 -0.000999 
 0.277988 0.310379 0.103549 
 0.232612 0.247751 0.094646 
 -0.142883 -0.219115 -0.028638 
 0.262930 0.012371 -0.012380 
 -0.128470 0.071057 -0.101121 
 -0.338352 -0.160418 -0.010654 
 0.340138 -0.229786 -0.061143 
 -0.163484 -0.116333 -0.046206 
 -0.203537 -0.083401 -0.013960 
 -0.179592 -0.116258 -0.020890 
 0.205830 0.021086 -0.009337 
 0.307112 0.529477 0.081791 
 0.334172 -0.194499 -0.054312 
 -0.016072 -0.642106 0.100971 
 -0.030039 0.140213 -0.090224 
 0.467600 -0.522832 0.030302 
 -0.669482 0.057251 0.029400 
 0.432568 -0.398153 -0.033019 
 -0.546512 -0.031287 0.008323 
 -0.228903 0.056922 -0.012362 
 -0.104524 0.272254 -0.038879 
 -0.212084 0.364120 -0.018080 
 -0.588619 0.106087 0.008309 
 -0.061733 -0.260839 -0.039552 
 0.136361 -0.300293 -0.004021 
 -0.010479 -0.215053 -0.007857 
 0.179567 0.902786 -0.042929 
 -0.174306 -0.425798 0.034177 
 0.544870 -0.435629 0.043675 
 -0.014936 -0.307164 -0.024894 
 0.129363 0.725392 0.011683 
 -0.304781 0.082518 0.033253 
 0.295209 -0.182341 -0.050700 
 -0.257021 -0.292440 0.011465 
 -0.495211 0.212564 0.027684 
 -0.254154 0.196685 -0.011059 
 0.289683 -0.147273 -0.043870 
 0.219516 0.060285 0.008241 
 0.389220 -0.076006 -0.034222 
 -0.261793 0.230105 -0.027320 
 -0.577396 0.249809 -0.013446 
 -0.179841 -0.408108 0.012520 
 0.235189 -0.265515 -0.051402 
 0.548549 -0.453612 0.038520 
 0.015635 0.418239 -0.041442 
 0.080980 0.337169 -0.084392 
 -0.091737 0.420189 -0.012005 
 -0.536850 -0.065003 0.039402 
 -0.574915 0.232185 -0.016834 
 -0.123310 -0.491497 0.058770 
 -0.092109 0.420652 -0.012005 
 0.239782 0.725718 0.009119 
 -0.526652 -0.136313 0.025696 
 -0.104987 -0.322236 -0.025934 
 0.307982 0.241993 0.090742 
 0.302548 0.387044 0.118207 
 -0.209558 0.130401 -0.049204 
 -0.625055 0.207438 0.005363 
 0.315620 0.039203 -0.010022 
 0.004321 -0.488171 0.015136 
 0.079663 -0.124505 0.119828 
 -0.234677 0.396354 -0.011216 
 0.012702 0.111147 -0.098535 
 0.197539 0.667189 0.023449 
 -0.180250 -0.026762 -0.054523 
 -0.242223 0.039340 0.010041 
 0.116500 -0.639335 0.109242 
 0.087762 -0.345078 -0.011033 
 -0.286600 -0.024615 0.012736 
 -0.036119 -0.476355 0.019660 
 -0.085625 0.365190 -0.048018 
 0.062312 0.118701 -0.124139 
 0.226395 -0.487573 -0.016971 
 0.081703 -0.494793 0.024653 
 -0.261656 -0.277243 -0.009881 
 -0.278708 -0.168269 0.010682 
 -0.474649 0.087425 0.002969 
 0.447945 -0.469059 -0.022667 
 -0.157835 0.373087 -0.019564 
 -0.328170 -0.302453 0.037372 
 -0.019760 -0.163001 0.002432 
 0.438921 -0.323833 -0.019371 
 -0.428137 0.043026 0.017868 
 0.377986 -0.223989 -0.048783 
 0.302784 -0.345476 -0.081331 
 -0.332578 0.131982 0.030934 
 -0.221582 -0.086576 -0.013713 
 -0.006116 -0.602859 0.082885 
 -0.071805 -0.065689 -0.153281 
 0.310885 0.225231 0.087371 
 -0.350402 -0.179216 0.036288 
 -0.381378 0.088168 0.037075 
 -0.019790 -0.288441 -0.046594 
 -0.263179 0.053357 0.013557 
 0.370505 0.067466 0.030985 
 -0.067634 -0.224831 -0.031839 
 0.374180 -0.538189 0.029902 
 -0.655902 0.078643 0.045402 
 0.148182 -0.371703 -0.017795 
 0.091155 -0.252782 0.006362 
 0.059148 -0.554222 0.064448 
 0.210269 0.793977 0.021314 
 -0.172803 0.116395 -0.090795 
 -0.034698 -0.182464 -0.000900 
 0.009333 0.217936 -0.103743 
 0.092395 0.286737 -0.069412 
 -0.118918 -0.251624 -0.033220 
 0.335640 -0.085002 -0.033925 
 0.406330 -0.036675 0.010317 
 0.101842 -0.158311 0.086505 
 0.227867 0.709205 0.030018 
 0.349057 0.212282 0.083739 
 -0.346736 0.002384 0.019873 
 -0.529412 0.187099 -0.003010 
 -0.348812 -0.289169 0.040919 
 -0.135884 -0.437710 0.030525 
 0.009358 0.217408 -0.103724 
 -0.363069 -0.308464 0.062718 
 -0.101247 0.364451 -0.022054 
 0.219666 -0.359654 -0.018165 
 -0.153872 0.356617 -0.006721 
 -0.447143 -0.158998 0.043889 
 0.428172 0.208329 0.105219 
 0.367908 -0.297851 -0.062348 
 -0.336387 -0.048442 0.034879 
 -0.521610 -0.063510 0.014031 
 0.229726 -0.413158 -0.028909 
 0.057462 0.153426 -0.117409 
 -0.223011 0.020900 -0.018760 
 0.224546 -0.544607 0.034608 
 0.165492 0.731357 0.010855 
 0.355222 -0.541272 0.030916 
 -0.339002 0.274953 0.034037 
 -0.306845 -0.227767 0.001373 
 -0.339710 -0.141747 0.017712 
 0.173062 -0.165388 0.044774 
 -0.398313 0.084502 0.024762 
 -0.403485 -0.187764 0.061796 
 0.104408 -0.342124 -0.010690 
 0.152811 0.844996 -0.054798 
 0.234863 0.518106 0.081341 
 0.245371 -0.559588 0.031523 
 -0.307103 -0.209829 0.004018 
 0.036269 0.275805 -0.094492 
 0.380617 0.164717 0.098622 
 0.000702 0.397592 -0.043801 
 -0.221024 0.198455 -0.048340 
 -0.560325 0.165225 0.020391 
 0.235194 0.210481 0.062436 
 -0.082725 0.347654 -0.052001 
 0.390025 0.219784 0.108862 
 0.018938 0.400583 -0.044819 
 -0.200125 -0.485726 0.061588 
 0.294296 0.491622 0.075061 
 0.066274 -0.513382 0.021290 
 -0.465578 0.035635 -0.007253 
 0.227913 0.708333 0.031065 
 -0.419308 0.099231 0.026908 
 0.284584 -0.219671 -0.044868 
 0.278260 -0.293564 -0.058446 
 0.211711 -0.014389 -0.013903 
 0.459887 -0.136593 -0.010453 
 0.015707 -0.467327 -0.005676 
 0.199371 0.667278 0.023443 
 -0.266316 0.159358 -0.016776 
 0.296214 0.717099 0.003754 
 0.272322 0.364821 0.140377 
 0.298201 -0.201224 -0.054112 
 0.212403 -0.214688 -0.015911 
 0.192243 -0.419267 -0.028276 
 -0.115040 -0.107529 -0.109557 
 0.169310 0.580062 0.096146 
 0.523496 -0.439059 0.018773 
 -0.062831 -0.351806 -0.029143 
 -0.236076 0.179402 -0.050985 
 0.285507 -0.001598 -0.004033 
 0.251924 -0.578335 0.053016 
 -0.383815 -0.294726 0.066275 
 0.075899 -0.383793 -0.017370 
 -0.332856 0.023170 0.023197 
 -0.434574 -0.030948 0.004308 
 0.229635 -0.030327 -0.044788 
 -0.254150 0.196687 -0.009933 
 0.435649 -0.211481 -0.023971 
 -0.336319 -0.049845 0.034882 
 -0.039589 -0.165487 -0.022658 
 -0.517706 0.116179 -0.015387 
 -0.153883 0.356611 -0.010045 
 0.328118 0.078364 0.009346 
 -0.489799 0.068208 -0.000340 
 -0.170512 -0.351374 0.023328 
 0.291923 -0.275818 -0.067671 
 -0.392565 -0.240883 0.076638 
 0.202554 0.426265 0.129017 
 0.211989 0.839730 -0.032784 
 0.286770 -0.018357 -0.020067 
 -0.092283 0.183898 -0.080097 
 0.250639 -0.502455 0.003156 
 0.487152 -0.537879 0.025795 
 -0.280517 0.176667 0.037452 
 -0.096854 -0.358156 -0.006155 
 -0.139582 -0.494477 0.082852 
 -0.028239 -0.112262 -0.163851 
 -0.181290 -0.482647 0.061521 
 -0.020220 -0.548305 0.043340 
 -0.055190 -0.063208 -0.166273 
 -0.204185 -0.283892 -0.013614 
 0.235624 -0.046869 -0.024775 
 0.179237 0.816395 -0.034595 
 -0.069095 0.044206 -0.108166 
 -0.004335 -0.159508 -0.022854 
 -0.351622 -0.070520 0.031554 
 0.041664 0.132267 -0.120672 
 0.393299 -0.478162 -0.021590 
 -0.161624 -0.405073 0.012827 
 0.286597 -0.366274 -0.084643 
 0.026669 0.131607 -0.095254 
 0.238530 -0.063846 -0.026596 
 0.506060 -0.368746 -0.004944 
 -0.130664 -0.547620 0.072422 
 -0.393147 -0.241098 0.076640 
 -0.421417 0.247076 0.093355 
 -0.450270 -0.231759 0.092560 
 0.294128 0.580541 0.066527 
 0.157166 0.116241 -0.102691 
 -0.288846 -0.224754 0.000501 
 -0.148958 -0.552408 0.072526 
 0.124129 -0.339574 -0.010794 
 -0.216447 -0.013818 -0.025577 
 -0.034401 -0.292298 -0.021371 
 -0.462980 0.017616 -0.010658 
 0.429179 -0.529025 0.030771 
 0.053999 -0.612076 0.104062 
 0.227172 -0.395284 -0.025045 
 0.133522 0.130262 -0.124483 
 -0.545778 -0.031251 0.008321 
 0.095298 0.269202 -0.072539 
 0.042950 -0.315889 -0.028990 
 -0.111187 -0.470531 0.024484 
 0.311275 -0.454695 -0.039192 
 0.378831 -0.004437 -0.009757 
 -0.108843 -0.123609 -0.075125 
 0.169409 0.402367 0.124894 
 0.396523 -0.421750 -0.036247 
 -0.275305 0.013849 0.007908 
 -0.352643 0.258570 0.054833 
 0.397851 -0.421686 -0.036252 
 -0.374597 -0.348286 0.068476 
 -0.092934 -0.467369 0.023413 
 -0.185939 0.186493 -0.077287 
 0.269939 -0.150363 -0.043764 
 -0.127748 -0.198342 -0.025679 
 -0.052470 0.388689 -0.044425 
 0.119968 0.109873 -0.127805 
 -0.630496 0.135709 0.017385 
 -0.437848 -0.303603 0.079153 
 -0.095201 0.201647 -0.077785 
 -0.139610 -0.493902 0.082851 
 0.018206 -0.375031 -0.013631 
 0.062326 0.118401 -0.124329 
 0.011051 0.002308 -0.118684 
 -0.067608 -0.225417 -0.032713 
 0.359457 -0.336205 -0.068630 
 0.241503 -0.082345 -0.030051 
 0.363685 -0.024893 -0.011271 
 -0.549678 0.094392 0.004376 
 0.423740 0.114359 0.062809 
 -0.278145 -0.277613 0.015162 
 -0.199614 -0.485697 0.063760 
 0.263624 -0.206152 -0.041803 
 0.191207 0.853933 -0.029331 
 0.191277 -0.162353 0.044628 
 0.437687 0.135178 0.065810 
 -0.602781 -0.021396 0.024686 
 0.354910 0.465658 0.067930 
 -0.094081 -0.375354 -0.009592 
 -0.477454 0.106404 0.006372 
 0.147979 0.287188 0.081159 
 -0.437381 0.096710 0.028114 
 -0.169903 0.098892 -0.094228 
 0.111679 -0.032615 -0.104072 
 0.147546 -0.046426 -0.133348 
 -0.268362 0.069964 0.016982 
 -0.411495 0.045965 0.017773 
 -0.025380 -0.023211 -0.159742 
 0.268348 -0.132188 -0.040355 
 0.254302 -0.520468 0.013370 
 0.178246 -0.219831 0.009428 
 -0.537166 0.023657 -0.006858 
 0.516018 -0.310656 0.005287 
 0.166447 0.420414 0.129217 
 0.276939 0.645453 0.031201 
 0.216806 0.515098 0.080701 
 0.229897 0.395866 0.146217 
 -0.441506 0.113907 0.031534 
 -0.146954 0.174923 -0.080862 
 0.217799 0.891297 -0.048975 
 -0.475414 -0.109455 0.029216 
 0.222684 0.479621 0.075311 
 0.310735 0.424190 0.099549 
 -0.062400 -0.152699 -0.031730 
 0.520179 -0.346541 -0.001598 
 0.279312 -0.551798 0.006345 
 -0.380393 -0.130919 -0.005522 
 0.154616 -0.633774 0.109035 
 -0.310917 -0.101102 -0.000744 
 -0.025420 -0.022383 -0.159744 
 0.292765 0.221111 0.086536 
 -0.141148 0.048979 -0.079095 
 0.406675 0.075092 0.030782 
 0.349456 0.589603 0.066224 
 0.356723 -0.410035 -0.057649 
 0.195940 0.618655 0.077240 
 -0.513854 -0.007556 0.011541 
 0.018112 -0.375035 -0.013631 
 -0.198420 0.079099 -0.034056 
 -0.006830 -0.126751 -0.167513 
 0.493386 -0.295862 0.008838 
 0.450670 -0.393758 -0.033122 
 0.014826 -0.524118 0.046601 
 -0.425606 0.264259 0.096789 
 -0.615229 0.156182 0.020692 
 0.511966 -0.404126 -0.011837 
 0.239106 -0.064580 -0.026597 
 -0.336311 -0.049998 0.034882 
 0.055772 -0.110528 0.096735 
 0.454049 -0.301156 -0.016037 
 -0.003408 -0.038384 -0.150579 
 -0.142989 0.285201 -0.035300 
 -0.492086 -0.019492 0.008018 
 -0.018678 0.070058 -0.105084 
 0.064780 -0.573844 0.085965 
 -0.385262 -0.184829 0.062441 
 -0.103788 -0.230854 -0.031826 
 0.297600 -0.200536 -0.054111 
 -0.689796 0.054134 0.029507 
 -0.110708 -0.035428 -0.121373 
 -0.490564 -0.130831 0.025497 
 -0.330136 0.309678 -0.011440 
 0.147544 -0.046427 -0.133772 
 -0.068358 -0.224868 -0.032711 
 0.068040 0.084997 -0.130875 
 0.235979 -0.356925 -0.041993 
 -0.381276 -0.312693 0.062018 
 -0.343358 0.094285 0.038599 
 -0.510003 -0.025251 0.009054 
 0.302206 0.167578 0.077161 
 -0.279637 -0.351102 0.064511 
 0.391368 -0.203212 -0.058667 
 -0.159126 0.047698 -0.079944 
 0.009597 -0.211021 0.017201 
 -0.109244 -0.563720 0.068523 
 0.065101 -0.312327 -0.003625 
 0.224625 -0.196326 -0.037725 
 -0.073501 0.401532 -0.040946 
 0.078777 0.120564 -0.135504 
 0.384762 -0.040867 -0.014787 
 0.237717 0.082544 0.038029 
 0.244320 0.690584 0.000969 
 0.220804 0.319168 0.108394 
 0.359417 -0.335417 -0.069102 
 0.167639 0.864875 -0.051549 
 0.241094 -0.392582 -0.050189 
 0.318928 0.547767 0.059613 
 -0.411424 -0.243958 0.074906 
 -0.131744 -0.020764 -0.117898 
 -0.122367 0.270592 -0.038782 
 -0.416545 -0.136941 -0.004617 
 -0.018565 0.394548 -0.044615 
 0.397736 -0.130450 -0.044463 
 -0.139135 -0.127697 -0.024509 
 0.343985 0.673472 0.018517 
 0.309844 0.669019 0.031589 
 -0.082810 0.349492 -0.050981 
 0.135138 0.841817 -0.055143 
 -0.440779 0.005558 0.011138 
 0.497107 -0.313725 0.005156 
 -0.226914 -0.160896 -0.014818 
 -0.298981 -0.062577 0.005996 
 0.226543 -0.395314 -0.025042 
 -0.002629 0.435075 -0.012463 
 -0.102004 -0.506460 0.053033 
 0.015636 0.418096 -0.043118 
 -0.110700 -0.035428 -0.121373 
 -0.509853 0.300909 0.043842 
 0.321744 -0.014146 -0.020258 
 0.172787 0.937484 -0.038264 
 0.253420 -0.262496 -0.051502 
 0.306542 -0.363175 -0.084478 
 0.136515 -0.484802 0.023508 
 0.110223 -0.602481 0.103753 
 -0.411415 -0.062934 0.010018 
 -0.393346 0.177114 0.054164 
 -0.199387 0.402291 -0.011412 
 -0.571931 -0.088845 0.036180 
 -0.287289 -0.133632 -0.007681 
 0.474893 -0.224268 -0.027597 
 0.288820 0.527122 0.081889 
 0.042590 -0.168730 0.049470 
 -0.110198 -0.035403 -0.121374 
 -0.221158 0.308401 -0.028134 
 0.305431 -0.493324 0.004525 
 0.406286 -0.035766 0.010222 
 0.307959 0.112464 0.041565 
 0.087609 -0.529876 0.017465 
 0.376686 -0.114512 -0.041491 
 -0.382924 -0.002915 0.020071 
 0.040108 -0.389819 -0.017172 
 -0.058895 -0.045863 -0.162907 
 -0.327641 -0.103118 0.024597 
 -0.124803 -0.216102 -0.027718 
 0.374704 0.200240 0.105513 
 -0.436286 0.207254 0.061204 
 0.096838 -0.072883 -0.135957 
 0.047400 -0.425401 0.001011 
 0.157108 0.117331 -0.104099 
 -0.268074 0.372465 -0.014401 
 0.105135 0.072916 -0.147082 
 -0.056600 0.189841 -0.082016 
 -0.607786 0.013625 0.031523 
 0.416489 -0.326770 -0.044333 
 0.380751 0.161963 0.098627 
 0.062327 0.118401 -0.124036 
 -0.379557 0.089067 0.037067 
 -0.244379 0.340605 -0.021519 
 0.299118 0.295555 0.101488 
 0.342774 0.515807 0.052964 
 -0.107744 0.056955 -0.104596 
 -0.525853 0.169484 -0.005196 
 0.104006 0.216597 -0.082658 
 0.160018 0.099800 -0.105748 
 0.218010 0.447154 0.132354 
 0.204393 0.039519 0.008956 
 0.176092 -0.201939 0.012619 
 0.314580 0.316447 0.104456 
 0.006743 -0.322717 -0.028423 
 0.171897 0.562306 0.093123 
 -0.164919 0.082374 -0.072230 
 0.244071 0.949294 -0.038656 
 -0.279649 0.248535 0.025621 
 0.241654 0.966687 -0.037572 
 -0.338980 0.274951 0.032729 
 -0.387462 0.315812 -0.020477 
 -0.187378 0.205361 -0.073920 
 -0.446710 0.279608 0.098750 
 -0.154734 0.356571 -0.009034 
 -0.108807 -0.124350 -0.075124 
 0.325117 -0.433799 -0.060883 
 0.250650 -0.502605 0.004328 
 -0.315058 0.240828 0.025820 
 -0.116326 -0.000349 -0.114623 
 -0.185688 0.096298 -0.068746 
 -0.515746 -0.098708 0.007126 
 -0.011341 0.232040 -0.100278 
 0.308288 0.601190 0.069837 
 -0.512867 -0.009078 0.011540 
 -0.375718 0.289878 0.074482 
 0.161571 0.812052 -0.035841 
 0.040767 -0.557287 0.063346 
 -0.176030 0.046024 -0.066251 
 0.352863 -0.523233 0.032327 
 -0.374593 -0.348393 0.068314 
 0.159027 0.916649 -0.041514 
 -0.124795 -0.216363 -0.028995 
 0.209469 -0.197194 -0.012481 
 0.082616 -0.142028 0.115248 
 -0.239636 -0.089584 -0.013398 
 -0.140315 0.266467 -0.038681 
 -0.086859 -0.319215 -0.024804 
 0.256825 0.326082 0.108193 
 0.130144 0.147728 -0.121163 
 0.181064 -0.439733 -0.006585 
 -0.135396 -0.437688 0.029649 
 -0.663245 0.003906 0.018949 
 -0.071539 0.169334 -0.084575 
 0.295405 -0.073335 -0.030308 
 0.538800 -0.417781 0.023399 
 -0.154970 -0.515667 0.078913 
 0.347290 -0.046540 -0.027193 
 0.176587 0.195972 0.024734 
 0.062789 -0.402359 0.004351 
 0.191155 0.089888 -0.021044 
 0.131731 -0.466921 0.027813 
 0.136076 0.777972 -0.003917 
 -0.040047 -0.042850 -0.163009 
 -0.438374 -0.303629 0.078561 
 0.284341 0.384824 0.118871 
 -0.068732 0.153757 -0.088014 
 -0.252350 0.285910 -0.018612 
 -0.296587 0.137991 0.030736 
 0.359046 0.159872 0.073423 
 -0.019697 -0.056062 -0.166471 
 0.156683 0.696425 0.030413 
 -0.257548 -0.092110 -0.001040 
 -0.593710 0.141516 0.017184 
 -0.564313 0.182869 0.024301 
 0.332500 0.319461 0.104416 
 -0.188666 0.331925 -0.024946 
 -0.066152 -0.575799 0.090155 
 0.469881 -0.465939 0.003119 
 0.493962 -0.295834 0.008836 
 -0.187020 -0.280920 -0.013709 
 -0.502825 0.267612 0.064177 
 -0.361440 0.091270 0.037067 
 -0.304678 0.278948 0.007837 
 0.239869 0.966605 -0.035306 
 0.014274 0.182387 -0.110472 
 -0.352913 -0.271325 0.044369 
 0.299701 -0.091008 -0.033727 
 0.320087 0.002376 -0.016845 
 0.419551 0.131467 0.066251 
 -0.319793 0.170498 0.037431 
 -0.211758 -0.030321 -0.003717 
 -0.319707 -0.339854 0.068175 
 -0.373798 -0.348354 0.068474 
 0.289866 -0.039397 -0.023475 
 -0.414829 -0.336722 0.059226 
 0.042149 -0.149595 0.077676 
 -0.069460 0.385758 -0.044330 
 -0.372579 -0.055581 0.035081 
 0.448224 0.231171 0.134044 
 -0.220252 0.416888 -0.007929 
 0.223924 0.411452 0.126694 
 0.083959 0.317986 -0.087396 
 0.343517 -0.138267 -0.044225 
 -0.226034 0.040510 -0.015358 
 -0.047240 -0.221122 -0.011384 
 -0.508191 0.174133 0.020100 
 0.179713 0.902790 -0.044958 
 -0.022492 -0.040595 -0.163105 
 0.171991 0.254587 0.072232 
 0.554688 -0.471589 0.061724 
 0.004378 -0.488166 0.016000 
 -0.095932 0.093233 -0.097939 
 0.232423 0.825255 -0.035419 
 0.380031 -0.132232 -0.044368 
 0.184500 -0.365199 -0.017970 
 0.447526 -0.526288 0.030409 
 0.272393 0.662159 0.019668 
 -0.275312 0.013845 0.006077 
 -0.115458 -0.107564 -0.109555 
 0.420438 -0.143522 -0.035062 
 0.334295 -0.194936 -0.054312 
 -0.235225 -0.197782 0.003621 
 -0.115985 -0.269426 -0.039254 
 -0.062835 0.116799 -0.094761 
 -0.067060 -0.100719 -0.160286 
 -0.608021 0.316157 -0.011084 
 0.238225 0.656338 0.032646 
 -0.059052 -0.611329 0.108161 
 -0.184420 0.186564 -0.078700 
 0.120480 -0.086810 -0.114223 
 0.312975 -0.529086 0.009605 
 -0.130107 0.305660 -0.032007 
 -0.575693 0.232147 -0.016831 
 -0.363205 0.109090 0.040385 
 -0.093873 -0.542226 0.072221 
 0.029296 0.114060 -0.098397 
 -0.504404 0.155868 0.016692 
 -0.064870 0.350632 -0.049445 
 -0.355559 0.055745 0.030439 
 -0.098572 0.111818 -0.094566 
 0.339840 0.443935 0.064616 
 -0.440714 0.004212 0.011140 
 -0.077034 0.439270 -0.008715 
 -0.069998 -0.135345 -0.079452 
 0.270872 0.899668 -0.048788 
 -0.523894 -0.154133 0.020848 
 -0.275584 -0.369018 0.061049 
 -0.209724 0.238070 -0.041670 
 -0.156174 0.029319 -0.082382 
 -0.290060 -0.114682 -0.004264 
 0.205190 0.635238 0.029450 
 0.099962 0.017754 -0.119176 
 0.231216 -0.120331 -0.024151 
 -0.316902 0.242476 0.025823 
 0.200876 -0.362711 -0.018064 
 0.483626 -0.519890 0.030209 
 0.460583 -0.338072 -0.022911 
 -0.464425 -0.072539 0.010314 
 0.189841 0.257595 0.072922 
 -0.359176 -0.329552 0.071838 
 -0.294204 0.227868 0.022748 
 -0.122653 -0.584743 0.065464 
 -0.403409 -0.189338 0.061799 
 -0.193476 -0.136313 -0.011600 
 -0.309756 0.294524 -0.014924 
 -0.005519 0.452231 -0.009112 
 -0.397125 0.194123 0.057586 
 0.567318 -0.339231 0.060808 
 0.476534 -0.427283 -0.015077 
 -0.352154 -0.271288 0.044366 
 -0.007490 -0.252056 -0.039851 
 0.145031 0.304997 0.084540 
 0.289629 -0.034516 -0.023484 
 0.143255 -0.335948 -0.010898 
 0.359183 0.157052 0.073428 
 0.017880 -0.618193 0.103197 
 0.148861 0.488514 0.092006 
 -0.243564 0.145766 0.005081 
 0.243467 0.028020 0.003005 
 0.259016 0.642463 0.028695 
 -0.044135 -0.257368 -0.039650 
 -0.490764 -0.130292 0.025497 
 0.138879 -0.012529 -0.151367 
 -0.196201 -0.409271 0.037731 
 0.566997 -0.339438 0.060809 
 -0.225080 -0.362162 0.023092 
 -0.054989 0.172244 -0.084728 
 -0.399551 -0.007103 0.007518 
 0.234194 -0.247659 -0.047989 
 -0.091381 0.399266 -0.040850 
 -0.091449 0.400666 -0.040852 
 -0.287148 0.192536 0.015495 
 0.456069 0.047198 0.074203 
 0.374179 -0.538190 0.029592 
 -0.064697 -0.242596 -0.036262 
 0.326149 0.245017 0.089751 
 -0.574526 0.125179 -0.011673 
 0.223745 -0.375999 -0.021609 
 0.442018 -0.433260 -0.015760 
 0.410700 -0.090278 -0.025143 
 -0.415237 0.191823 0.057549 
 0.237798 0.500451 0.078773 
 0.111843 -0.377758 -0.017728 
 -0.233651 -0.127380 -0.020587 
 0.432746 -0.491059 -0.025117 
 0.240340 0.639442 0.029258 
 -0.234255 -0.125088 -0.020590 
 -0.200365 0.186799 -0.051829 
 -0.052883 -0.387061 -0.013236 
 -0.445073 0.259863 0.071556 
 0.191125 0.090533 -0.020800 
 -0.130181 0.087357 -0.097747 
 0.018038 -0.375040 -0.014406 
 0.068809 -0.182343 0.083246 
 -0.460145 0.237723 0.068145 
 -0.071540 0.169334 -0.084789 
 0.184044 0.423221 0.129119 
 0.379579 -0.131314 -0.044368 
 -0.379917 -0.130892 -0.003765 
 -0.131212 0.323327 -0.029491 
 0.242170 0.412822 0.125382 
 0.291883 0.071211 0.009547 
 -0.101999 -0.506457 0.054580 
 -0.221511 -0.088057 -0.013858 
 0.153889 0.780636 -0.003861 
 0.251621 0.676150 0.023160 
 0.489183 -0.278402 -0.012804 
 -0.346784 0.003382 0.019871 
 -0.575301 0.036714 0.022079 
 -0.258928 -0.366048 0.061968 
 -0.596903 0.051417 0.025555 
 -0.040316 -0.042560 -0.163008 
 -0.155107 -0.257102 -0.035636 
 -0.222841 -0.470835 0.065161 
 0.423463 0.244385 0.112105 
 -0.237297 -0.197879 0.005404 
 0.245868 -0.559561 0.033388 
 0.247001 0.557505 0.088916 
 -0.376187 -0.147795 0.018041 
 -0.263059 0.052338 0.013558 
 -0.588616 0.106089 0.009315 
 0.059895 0.243068 -0.100668 
 -0.159359 -0.312968 0.004452 
 0.059070 -0.629613 0.113041 
 -0.182018 0.297742 -0.031719 
 0.241283 -0.282725 -0.029720 
 0.250939 0.361263 0.115067 
 0.218128 -0.601965 0.049100 
 -0.186053 -0.372323 0.019444 
 0.213700 0.115143 0.045603 
 -0.220683 -0.286388 0.010856 
 -0.006822 -0.000068 -0.118199 
 0.245411 -0.318736 -0.061665 
 -0.137119 0.122371 -0.092192 
 0.223062 0.567568 0.066923 
 0.384716 -0.039959 -0.015346 
 0.538790 -0.417787 0.020483 
 -0.609919 0.226255 -0.016639 
 -0.278245 0.031587 0.010523 
 0.435764 -0.213848 -0.023899 
 0.144789 0.745045 0.014960 
 0.555409 -0.472657 0.061723 
 0.438235 -0.231679 -0.027393 
 0.360682 -0.005841 -0.007854 
 -0.027023 0.318316 -0.095745 
 0.011026 0.002906 -0.117479 
 -0.161435 -0.042532 -0.083194 
 0.115185 -0.621081 0.112734 
 -0.046362 -0.422662 0.004957 
 0.294697 -0.532302 0.009478 
 -0.070576 -0.207070 -0.029122 
 0.380675 0.163485 0.098130 
 0.526460 -0.456764 0.015711 
 0.079557 0.031139 -0.115701 
 0.000744 0.268429 -0.093639 
 -0.302560 0.064720 0.029836 
 0.260346 -0.188725 -0.050504 
 0.360753 -0.007292 -0.007851 
 -0.033803 -0.292269 -0.021374 
 0.039365 -0.633260 0.102083 
 0.294660 -0.531521 0.009705 
 -0.188419 -0.062690 -0.010645 
 0.206456 -0.547648 0.035189 
 -0.590138 0.319133 -0.013728 
 0.175679 0.681737 0.026936 
 -0.298861 0.156997 0.034146 
 0.021696 -0.086380 -0.174417 
 0.052415 -0.026225 -0.125633 
 0.305108 -0.437439 -0.060776 
 -0.511024 -0.115464 0.029022 
 -0.260226 0.035288 0.010143 
 0.357964 0.007339 -0.004426 
 -0.188479 -0.263039 -0.010287 
 0.114579 0.856247 -0.051575 
 -0.096898 -0.357255 -0.006157 
 -0.387502 0.316765 -0.018512 
 0.132298 0.039952 -0.141274 
 -0.507324 0.173374 0.020098 
 0.244289 0.176329 0.080899 
 0.021851 -0.172183 0.023974 
 -0.131208 0.323330 -0.028267 
 0.210535 0.262533 0.098187 
 0.083286 0.319652 -0.087397 
 0.305466 0.369997 0.115109 
 -0.603642 0.084398 0.007070 
 0.032356 -0.445726 -0.002337 
 -0.471032 -0.035536 0.004506 
 0.341224 0.155765 0.073524 
 0.284336 0.384821 0.117443 
 0.626460 -0.499712 0.116879 
 0.117169 0.109738 -0.127795 
 -0.247570 -0.437978 0.034581 
 -0.103745 -0.139825 -0.053321 
 -0.216750 0.095313 -0.004873 
 0.229730 -0.413155 -0.027725 
 0.024831 -0.318905 -0.027766 
 -0.101558 0.020150 -0.111344 
 -0.059888 -0.369617 -0.033937 
 0.475488 -0.409291 -0.012130 
 -0.089831 0.058524 -0.104692 
 0.053542 0.172899 -0.114043 
 0.020318 -0.105855 -0.227173 
 0.271975 -0.442811 -0.036146 
 0.441458 -0.158363 -0.038924 
 -0.268901 0.087819 0.020388 
 0.337208 -0.212235 -0.058128 
 0.077581 -0.552283 0.064358 
 0.336839 0.006600 -0.016943 
 -0.495671 -0.113505 0.003676 
 0.362049 0.251052 0.090510 
 0.330550 0.586560 0.066327 
 0.114512 0.353181 0.068376 
 -0.273967 0.409119 -0.007635 
 -0.012650 0.035422 -0.111837 
 0.197492 0.905740 -0.045056 
 0.241650 -0.466638 -0.013092 
 0.215722 -0.121316 0.001128 
 0.241660 0.966691 -0.035831 
 0.288105 0.795882 -0.069674 
 -0.516828 0.227224 0.030318 
 -0.564263 -0.033710 0.021071 
 -0.319624 0.347279 -0.004754 
 0.232578 0.912220 -0.045251 
 -0.115985 -0.269392 -0.038816 
 0.005620 0.146686 -0.091781 
 0.291865 -0.274472 -0.065694 
 -0.531065 -0.009105 0.011635 
 -0.531014 -0.010169 0.011637 
 0.299081 0.700328 0.000668 
 0.281897 0.696621 0.000766 
 -0.041338 0.447024 -0.008916 
 0.175206 -0.076910 -0.101914 
 -0.548102 0.184074 -0.001695 
 -0.070201 -0.408044 -0.016566 
 -0.189245 -0.445901 0.043355 
 0.224841 -0.544592 0.035088 
 -0.485469 -0.057158 0.014794 
 -0.262183 0.249669 0.000112 
 -0.621332 0.192945 0.027503 
 -0.277809 -0.077322 0.002128 
 -0.356332 -0.344834 0.068375 
 0.425821 0.226258 0.108662 
 0.109559 0.053229 -0.137800 
 0.412456 -0.090193 -0.025150 
 0.101120 -0.490837 0.024546 
 0.364696 0.412022 0.057682 
 -0.384243 -0.294746 0.066837 
 0.171044 -0.059863 -0.111135 
 -0.331556 0.022271 0.023194 
 -0.199543 -0.487323 0.061589 
 -0.113455 0.090078 -0.097841 
 0.303147 0.387881 0.118203 
 -0.206183 -0.174875 -0.018337 
 0.370816 -0.079031 -0.033908 
 -0.657322 0.078574 0.045407 
 -0.220297 -0.378630 0.044744 
 -0.009531 -0.661262 0.134900 
 0.468761 -0.539650 0.026837 
 -0.300144 0.351047 -0.004861 
 -0.017036 0.265084 -0.093541 
 0.299286 0.833543 -0.062264 
 0.367850 -0.060715 -0.030707 
 -0.143479 0.393619 -0.015089 
 0.118644 0.109245 -0.127799 
 -0.181844 -0.482674 0.061487 
 -0.000645 -0.053137 -0.153950 
 0.262339 0.179350 0.080449 
 -0.516151 0.227256 0.029855 
 0.289140 0.109412 0.041777 
 -0.050155 -0.572847 0.090062 
 -0.122029 0.378644 -0.018574 
 -0.453379 -0.033992 0.004410 
 -0.171235 -0.443738 0.030722 
 0.293315 0.734635 0.008162 
 0.145146 -0.188114 0.079382 
 -0.005881 -0.605073 0.082888 
 -0.077349 0.204483 -0.077884 
 0.184634 0.423085 0.129117 
 -0.444977 -0.267987 0.072157 
 -0.191719 -0.521787 0.081035 
 0.160586 -0.097190 -0.105206 
 0.376644 -0.424879 -0.061173 
 -0.593049 0.230178 -0.016736 
 0.115020 -0.267018 0.030207 
 -0.653598 0.060626 0.041985 
 -0.552295 0.004197 0.015153 
 -0.276369 0.318157 -0.011735 
 0.470989 -0.299427 -0.016131 
 0.316548 -0.085853 -0.033827 
 0.130269 -0.246088 0.031418 
 0.488657 -0.278427 -0.012803 
 0.199148 0.600974 0.073993 
 0.271878 -0.517388 0.000773 
 0.028868 0.005878 -0.118205 
 0.057766 -0.276553 0.003253 
 -0.110875 -0.286616 -0.017045 
 0.557523 -0.303884 0.043251 
 -0.330063 0.308177 -0.011437 
 0.364658 0.102057 0.037843 
 -0.262047 -0.166084 -0.014624 
 -0.056829 -0.536462 0.072017 
 0.303592 -0.345158 -0.081335 
 -0.086651 -0.485392 0.057010 
 -0.114018 -0.107494 -0.109560 
 -0.129736 -0.108737 -0.071628 
 -0.046408 -0.422666 0.003873 
 0.195382 0.772376 0.018706 
 0.508962 -0.385321 -0.007651 
 0.100836 0.106484 -0.127702 
 0.305354 0.772677 0.014519 
 -0.323508 -0.321504 0.061762 
 -0.223572 0.326008 -0.023574 
 -0.566002 0.289773 -0.006769 
 0.467290 -0.044354 0.031783 
 -0.361689 0.198246 0.044695 
 -0.440298 0.113963 0.030344 
 -0.626709 0.010575 0.032542 
 0.174960 0.120308 -0.102418 
 0.319749 0.170575 0.077062 
 0.223447 -0.085354 -0.030674 
 0.023991 0.345730 -0.080368 
 -0.270541 0.282912 -0.018788 
 0.276930 0.486898 0.075162 
 -0.368021 0.126761 0.043810 
 0.080072 -0.291458 -0.000288 
 -0.119573 0.253004 -0.043736 
 0.016031 -0.266448 -0.018238 
 0.069337 -0.200697 0.067213 
 0.163398 -0.350822 -0.014062 
 -0.071975 -0.390133 -0.013132 
 0.377706 0.271955 0.093984 
 -0.606620 0.103090 0.010308 
 -0.460267 -0.088083 0.032152 
 -0.514066 0.100376 0.006572 
 0.516690 -0.310624 0.005285 
 0.160443 -0.332968 -0.010387 
 -0.508711 -0.133302 0.026497 
 0.125888 0.260059 0.013218 
 -0.160923 -0.222126 -0.028796 
 -0.101674 0.255989 -0.041433 
 0.422479 0.114301 0.064610 
 0.432392 0.189856 0.101770 
 -0.404347 -0.098403 0.002456 
 0.254889 -0.595838 0.050431 
 0.057790 -0.277063 0.003254 
 0.509192 -0.534916 0.052310 
 -0.173241 0.244066 -0.041530 
 0.202865 0.000781 -0.063318 
 0.177723 0.681836 0.026929 
 -0.035444 -0.292202 -0.021368 
 -0.282849 -0.151322 -0.011105 
 -0.189207 -0.446751 0.042643 
 0.037360 -0.615065 0.104157 
 0.102921 -0.508861 0.021127 
 -0.003489 0.090580 -0.101110 
 0.204974 0.978251 -0.031778 
 -0.529748 -0.119280 0.029125 
 -0.477399 0.235210 0.055529 
 -0.211884 0.254623 -0.038287 
 -0.531661 0.097396 0.006991 
 0.188047 0.474851 0.088122 
 -0.414828 -0.336721 0.059549 
 0.472088 -0.209400 -0.024163 
 0.319988 0.004416 -0.016848 
 -0.175690 0.133602 -0.087420 
 0.478993 -0.318850 0.005494 
 -0.239636 -0.089584 -0.013418 
 0.602942 -0.483422 0.108647 
 0.053495 -0.459770 -0.005884 
 -0.137190 0.122370 -0.090992 
 0.111728 -0.033636 -0.104085 
 -0.672060 0.057123 0.027787 
 0.448432 -0.065342 0.004344 
 0.157250 -0.315127 -0.007558 
 -0.306286 -0.318517 0.058968 
 -0.211558 0.365238 -0.018084 
 0.264587 -0.334230 -0.077719 
 0.214691 0.822300 -0.036223 
 -0.298391 0.047016 0.026064 
 -0.381278 -0.312694 0.061597 
 0.224225 -0.286581 -0.029622 
 0.374717 0.199975 0.105514 
 -0.254066 -0.310294 0.007941 
 0.092686 -0.455470 0.018952 
 -0.636478 0.173652 0.024193 
 -0.605086 0.297977 -0.015910 
 -0.550287 0.201760 0.002626 
 0.276914 0.200201 0.084138 
 -0.301993 0.173493 0.037564 
 0.226421 -0.488134 -0.017122 
 0.177148 0.681809 0.027403 
 0.275050 -0.058572 -0.026795 
 0.300380 0.405744 0.121639 
 0.111808 -0.377037 -0.017570 
 -0.011359 0.338781 -0.092891 
 -0.230390 -0.033430 -0.003615 
 0.009723 -0.658138 0.134795 
 -0.083576 0.131293 -0.090389 
 0.245837 0.710563 0.029922 
 0.142127 0.321804 0.086836 
 -0.391759 0.050665 0.030328 
 0.089181 0.177993 -0.114237 
 0.165999 0.310511 0.108695 
 0.448016 -0.470458 -0.021771 
 -0.320443 -0.246954 0.022440 
 0.312829 -0.529263 0.009606 
 -0.621811 -0.025000 0.024791 
 0.197282 -0.510773 0.017127 
 0.247396 0.932315 -0.042003 
 0.202412 -0.089535 -0.055009 
 -0.115061 -0.360523 -0.007345 
 -0.067187 0.260031 -0.067859 
 -0.075479 -0.539539 0.071254 
 0.456896 -0.229885 -0.027492 
 0.018041 -0.375038 -0.013497 
 0.443671 -0.010654 0.038753 
 0.404865 -0.273884 -0.059299 
 0.405311 0.240035 0.112208 
 -0.456872 0.221345 0.064722 
 0.289852 0.238182 0.090911 
 -0.233712 -0.126130 -0.020589 
 -0.196128 -0.410928 0.035603 
 -0.520680 0.134909 -0.011991 
 0.435322 0.172640 0.098322 
 0.345490 -0.372933 -0.088367 
 -0.069298 -0.135309 -0.078722 
 0.288488 -0.589484 0.024043 
 -0.232735 0.270284 -0.034361 
 -0.018769 -0.381116 -0.013429 
 0.140781 -0.169575 0.082845 
 -0.029648 0.249090 -0.071429 
 0.308379 0.075272 0.009450 
 -0.465921 0.035620 -0.006427 
 -0.140554 -0.127763 -0.022955 
 -0.080966 -0.354831 -0.032126 
 0.261707 0.468328 0.071842 
 0.318712 -0.324485 -0.078019 
 -0.051734 -0.403913 -0.016669 
 -0.030050 0.140210 -0.091582 
 -0.141700 0.050657 -0.079096 
 -0.468294 -0.143637 0.047201 
 -0.423061 -0.282596 0.082513 
 -0.111992 -0.286671 -0.017536 
 -0.108100 -0.304433 -0.020968 
 0.113143 0.126427 -0.137085 
 -0.107659 0.055206 -0.104458 
 -0.067253 -0.575851 0.090705 
 -0.507985 -0.151219 0.022176 
 0.253946 -0.372265 -0.071921 
 0.356583 0.286783 0.098298 
 0.466544 -0.062176 0.003158 
 -0.464111 -0.161967 0.043760 
 0.224573 -0.545139 0.035090 
 -0.042413 0.464363 -0.005537 
 -0.147480 -0.022622 -0.092115 
 -0.369647 -0.073078 0.031653 
 0.148954 0.486598 0.092009 
 0.115257 -0.469880 0.027668 
 -0.200035 -0.485721 0.061588 
 0.419521 0.132154 0.067033 
 0.209038 -0.288182 -0.004637 
 0.187670 0.403580 0.125683 
 -0.368555 -0.182599 0.036282 
 0.280898 0.293541 0.101219 
 -0.015552 0.052967 -0.108461 
 -0.230207 -0.434979 0.034483 
 0.232797 0.357676 0.115169 
 -0.281286 0.158747 0.034051 
 -0.150391 -0.005041 -0.088659 
 -0.157843 0.136526 -0.087518 
 0.048605 -0.333270 -0.006958 
 0.092162 -0.606063 0.116340 
 -0.469245 0.292366 0.078401 
 -0.294203 0.227868 0.022829 
 0.421750 -0.161363 -0.038819 
 -0.153243 0.101807 -0.094265 
 0.319186 -0.547351 0.030529 
 0.392515 -0.535134 0.030594 
 0.167216 -0.129585 0.051790 
 0.466600 -0.355594 -0.001797 
 -0.645190 0.006915 0.019404 
 -0.116617 -0.160564 -0.031433 
 0.215148 -0.584039 0.053217 
 0.304978 -0.018552 -0.020160 
 -0.148931 -0.552974 0.072527 
 0.280169 -0.204683 -0.054012 
 -0.183169 -0.009112 -0.050223 
 0.429592 -0.085157 -0.025250 
 0.374630 -0.407024 -0.056894 
 0.047013 0.313689 -0.087198 
 -0.248340 0.073066 0.016875 
 0.237164 -0.598870 0.049637 
 -0.663410 0.003898 0.019165 
 0.203477 -0.142329 0.022973 
 0.305076 -0.436914 -0.062611 
 0.038889 -0.633286 0.100668 
 -0.414392 -0.226011 0.079170 
 -0.020044 0.412155 -0.039819 
 0.121153 0.757920 -0.007186 
 -0.262057 -0.166084 -0.014624 
 -0.150632 -0.093796 -0.068132 
 0.313031 -0.530253 0.009608 
 -0.323364 -0.321502 0.059064 
 -0.034998 -0.182478 -0.000174 
 -0.478443 -0.089999 0.032250 
 0.317306 0.298178 0.101021 
 0.312981 -0.529257 0.008989 
 -0.494723 -0.113457 0.005232 
 0.131774 0.793478 -0.013118 
 -0.158657 -0.239921 -0.032213 
 -0.262671 -0.056548 0.005720 
 0.148618 0.642162 0.033800 
 0.233315 -0.430980 -0.031919 
 0.329114 0.227169 0.089026 
 0.145014 0.305258 0.083405 
 -0.340116 0.360841 -0.014005 
 0.383930 0.256010 0.115752 
 0.237409 0.322118 0.108299 
 -0.344434 -0.216120 0.029418 
 0.253178 0.609978 0.075766 
 -0.630499 0.135763 0.017385 
 -0.006942 0.214514 -0.103649 
 0.050992 -0.443270 -0.002438 
 0.070995 0.066278 -0.134240 
 0.018927 -0.283159 -0.021669 
 -0.372876 -0.165587 0.014612 
 0.118083 -0.303321 -0.003921 
 -0.339642 0.360585 -0.014006 
 0.012439 -0.599781 0.083668 
 0.323138 -0.360238 -0.084844 
 0.213357 0.687791 0.026732 
 -0.186077 0.008180 -0.047647 
 -0.531763 0.099476 0.006667 
 -0.009158 -0.142233 -0.032028 
 0.092531 0.286744 -0.068742 
 0.039474 -0.083417 -0.173859 
 -0.354886 -0.162574 0.014280 
 -0.158661 -0.129760 -0.024407 
 -0.173086 0.027818 -0.069323 
 0.177531 0.769400 0.017222 
 0.085601 -0.002725 -0.122456 
 0.100846 0.106279 -0.127701 
 0.015640 0.418098 -0.041950 
 0.219604 0.079343 0.038640 
 -0.310128 0.008503 0.019671 
 -0.169359 -0.080606 -0.039394 
 0.468244 -0.281563 -0.012695 
 -0.423025 -0.283332 0.082515 
 0.524151 -0.363133 -0.005050 
 0.341081 0.691056 0.023459 
 -0.228359 0.252775 -0.038195 
 0.219596 0.079527 0.038893 
 0.536185 -0.492689 0.032909 
 -0.295507 -0.372145 0.060047 
 -0.365989 -0.000611 0.019976 
 0.107020 0.180130 -0.114334 
 0.148684 0.640753 0.033141 
 -0.023616 -0.272144 -0.043168 
 -0.518024 -0.080914 0.010609 
 -0.024141 0.300844 -0.101520 
 0.016777 0.075993 -0.105280 
 -0.079814 0.330124 -0.053098 
 0.269505 -0.241677 -0.048583 
 0.297646 0.185355 0.080603 
 0.108597 -0.526903 0.043397 
 0.276462 0.865378 -0.055479 
 -0.142807 -0.402009 0.012349 
 0.209835 -0.105596 -0.019430 
 -0.404346 -0.098402 0.002755 
 -0.257168 -0.202835 -0.021457 
 -0.097912 -0.266383 -0.040253 
 0.276018 0.488604 0.075161 
 0.193389 -0.419211 -0.028027 
 0.238351 0.877073 -0.051940 
 0.323199 0.262874 0.094585 
 0.247890 0.381054 0.118501 
 0.296048 -0.475496 -0.045010 
 0.328096 0.604277 0.069731 
 -0.031613 -0.095547 -0.173095 
 -0.417343 -0.208390 0.083650 
 -0.307665 -0.209856 0.004020 
 0.193251 -0.398787 0.000202 
 0.343731 0.673461 0.019275 
 -0.236472 -0.399105 0.041393 
 0.181861 -0.003492 -0.087703 
 -0.028954 -0.218089 -0.007756 
 0.218401 0.337048 0.111829 
 0.321581 0.003728 -0.016853 
 0.403842 -0.164709 -0.051297 
 -0.067981 -0.575887 0.090161 
 0.054763 0.063044 -0.134147 
 0.145998 0.504681 0.095427 
 0.253571 0.658524 0.019771 
 0.039195 -0.132005 0.081028 
 0.196627 -0.308588 0.017334 
 0.160655 -0.185528 0.067868 
 -0.600811 0.069109 0.029015 
 0.514873 -0.477730 0.036818 
 -0.298781 -0.063456 0.005997 
 0.093691 -0.547949 0.039263 
 0.189947 0.565312 0.092284 
 -0.442129 0.242102 0.069415 
 -0.246335 -0.345612 0.028155 
 0.293095 -0.457641 -0.040709 
 0.154376 -0.297269 -0.004121 
 0.231825 0.247713 0.094649 
 -0.049402 0.351391 -0.077393 
 0.362382 -0.353687 -0.072521 
 0.024828 -0.318907 -0.028777 
 -0.358840 0.182220 0.040044 
 0.278511 0.330356 0.133481 
 -0.243548 0.145394 0.004609 
 -0.161593 -0.405747 0.012453 
 0.264559 -0.333712 -0.078423 
 -0.360780 -0.126957 0.021722 
 -0.433278 -0.139036 0.020658 
 -0.251146 0.177311 -0.013472 
 -0.317476 -0.265029 0.019003 
 0.175450 -0.312098 -0.007658 
 0.255998 0.104912 0.068811 
 -0.033449 0.051049 -0.108365 
 -0.153259 0.011664 -0.085766 
 0.190201 0.255865 0.072924 
 0.157058 -0.167615 0.070166 
 0.165822 -0.460879 -0.009707 
 -0.118210 -0.509542 0.079721 
 -0.396555 -0.333903 0.059468 
 0.281116 0.292535 0.101220 
 0.241183 -0.172883 -0.009249 
 0.308570 0.442035 0.102810 
 -0.088501 0.382205 -0.044225 
 -0.425636 0.264821 0.096188 
 0.344425 0.427895 0.074584 
 -0.250865 -0.128519 -0.007880 
 0.208005 0.568323 0.093611 
 0.264675 -0.333705 -0.077720 
 0.142692 -0.225497 0.009626 
 0.314565 -0.472448 -0.042630 
 0.349254 0.063618 0.005825 
 0.432633 -0.104986 -0.028757 
 0.214409 -0.434043 -0.031817 
 -0.386255 -0.095660 0.003075 
 -0.026240 0.211476 -0.103987 
 0.177026 -0.571891 0.056891 
 0.305327 0.773212 0.014072 
 -0.567678 0.091395 0.006213 
 0.355809 -0.540372 0.030912 
 -0.650430 0.043098 0.038564 
 -0.588103 0.106115 0.010373 
 0.069400 0.407127 -0.070728 
 0.186919 -0.474082 -0.013480 
 0.038915 0.385983 -0.048290 
 0.217054 0.207810 0.062535 
 -0.214059 -0.506840 0.083261 
 -0.098281 -0.016375 -0.143358 
 -0.105441 -0.140492 -0.053314 
 -0.147663 -0.112014 -0.071529 
 -0.281098 -0.259758 0.019473 
 0.184580 0.803958 -0.000837 
 0.244873 0.009362 -0.013119 
 0.210342 0.792476 0.021317 
 -0.016395 -0.381001 -0.013437 
 -0.274900 0.123805 0.027218 
 0.440361 -0.341198 -0.022803 
 0.148121 0.287193 0.079977 
 -0.066137 -0.098157 -0.160294 
 0.355139 -0.484314 -0.021266 
 0.210061 0.704480 0.030120 
 0.234683 0.673216 0.023248 
 0.261773 0.845533 -0.058727 
 -0.213206 -0.232081 -0.003325 
 -0.093106 -0.121915 -0.100433 
 -0.339808 0.360856 -0.014006 
 0.196712 -0.307476 0.017332 
 -0.263022 -0.167860 -0.014617 
 0.202075 0.583278 0.069879 
 0.256101 0.592280 0.070739 
 0.001118 0.377436 -0.073538 
 -0.225892 -0.360515 0.023092 
 -0.238951 0.413868 -0.007827 
 -0.346657 0.220709 0.047408 
 0.314255 0.317993 0.104455 
 0.279581 0.470895 0.071745 
 -0.258825 -0.458541 0.093890 
 -0.264687 -0.257725 -0.006455 
 0.409346 -0.198582 -0.058129 
 -0.257225 -0.201660 -0.021493 
 -0.077687 -0.030715 -0.146823 
 -0.568395 0.091362 0.006872 
 0.020320 -0.172669 0.023980 
 0.318858 0.458532 0.068131 
 0.223914 0.411446 0.123625 
 0.117960 0.838896 -0.054604 
 0.169552 -0.553769 0.034951 
 0.518465 -0.513870 0.030012 
 -0.104179 0.382501 -0.018675 
 -0.254253 -0.002255 0.003316 
 0.322529 -0.123533 -0.039915 
 -0.502686 0.137230 -0.012088 
 0.115004 -0.266844 0.028072 
 0.396932 -0.001782 -0.008049 
 -0.018438 0.070068 -0.106231 
 -0.133744 0.212219 -0.074211 
 0.146967 -0.261634 0.002758 
 0.493707 -0.406255 -0.011662 
 -0.204445 -0.283808 -0.013613 
 0.157131 0.116964 -0.102692 
 0.323692 -0.490283 0.003859 
 -0.415234 0.191825 0.058342 
 -0.074703 -0.048201 -0.150726 
 0.025246 -0.560486 0.089649 
 -0.168297 0.207131 -0.074020 
 -0.097675 0.238459 -0.045654 
 0.211144 -0.490595 0.006693 
 0.292115 0.598279 0.070449 
 -0.023332 0.193749 -0.106912 
 0.346846 -0.045677 -0.027193 
 -0.215456 0.273236 -0.034902 
 -0.347424 -0.197422 0.034447 
 0.048473 -0.333275 -0.005998 
 -0.212255 -0.032090 -0.003712 
 -0.273586 -0.203160 0.003827 
 0.196771 -0.308578 0.018941 
 -0.083784 0.258969 -0.041909 
 -0.230175 -0.142362 -0.011399 
 -0.250199 0.375766 -0.014972 
 -0.041738 -0.025325 -0.159651 
 0.148259 -0.373285 -0.017766 
 -0.114977 -0.527590 0.075798 
 -0.006804 -0.000466 -0.118586 
 0.283901 0.274711 0.097783 
 -0.379364 -0.220630 0.054804 
 0.099013 -0.490939 0.024554 
 0.332483 0.042154 -0.010118 
 0.279324 -0.552048 0.006346 
 0.160110 0.345781 0.116015 
 -0.178099 0.387715 -0.014897 
 0.104012 0.216600 -0.081113 
 -0.301259 0.063323 0.029834 
 0.434366 0.153014 0.069588 
 0.344350 0.247457 0.090610 
 -0.009660 -0.215013 -0.007860 
 -0.093995 0.437802 -0.008623 
 -0.645128 0.005608 0.019067 
 0.268656 0.254467 0.094446 
 -0.425187 0.135490 0.047529 
 0.227192 0.462074 0.084773 
 0.200804 -0.071651 -0.051607 
 -0.059045 0.207399 -0.077984 
 -0.259284 0.318501 -0.024552 
 0.188176 0.979063 -0.005952 
 -0.113035 0.198459 -0.077762 
 -0.153501 -0.077220 -0.064733 
 -0.184279 -0.464638 0.062893 
 0.165493 0.731358 0.010952 
 0.095635 -0.472956 0.015565 
 0.354488 0.445029 0.038666 
 0.399059 -0.329280 -0.044237 
 -0.080967 -0.354832 -0.032563 
 0.063185 -0.496995 0.024753 
 -0.067852 0.369688 -0.047703 
 -0.392057 -0.059861 0.009913 
 0.286418 0.146669 0.073206 
 -0.358631 0.291658 0.061668 
 0.344457 -0.028795 -0.023779 
 0.443924 -0.047612 0.006693 
 0.089472 0.304751 -0.065366 
 -0.280774 -0.059028 0.005895 
 -0.019055 -0.624344 0.105149 
 -0.538641 -0.064824 0.039408 
 -0.066126 -0.224759 -0.032719 
 -0.128351 0.068615 -0.101117 
 0.212530 0.775313 0.017943 
 0.398053 0.276889 0.119102 
 -0.131119 -0.363206 0.019209 
 -0.670987 0.057178 0.029405 
 0.272507 0.524198 0.081983 
 0.261593 0.030017 0.002908 
 0.392965 0.202319 0.104857 
 0.072951 -0.255081 0.006588 
 0.456062 0.047294 0.073563 
 0.526830 -0.271895 0.012083 
 -0.235613 -0.399062 0.042468 
 -0.355510 0.274858 0.058251 
 -0.104227 0.383484 -0.018677 
 0.336773 -0.321681 -0.078703 
 -0.472174 -0.216590 0.083950 
 0.132264 0.859193 -0.051207 
 -0.123317 -0.491501 0.056502 
 -0.025447 -0.022436 -0.159744 
 0.248827 -0.007777 -0.003831 
 0.445663 -0.047527 0.006687 
 -0.248157 -0.327660 0.030078 
 -0.080552 -0.429694 0.030223 
 -0.593970 0.033675 0.021184 
 0.182049 0.512824 0.095224 
 0.409415 -0.200001 -0.058126 
 0.217080 0.207201 0.061520 
 0.020995 -0.392893 -0.017469 
 0.075879 0.138027 -0.134066 
 -0.090972 -0.393198 -0.011835 
 -0.539264 0.257785 0.011787 
 -0.586417 0.301594 -0.016012 
 0.068817 -0.440255 -0.002542 
 0.257617 0.728685 0.006077 
 0.421249 -0.143483 -0.035408 
 0.410247 -0.200163 -0.058129 
 -0.566606 -0.015921 0.022999 
 -0.413402 0.063154 0.021186 
 -0.040534 -0.609273 0.107427 
 -0.465926 0.035617 -0.008018 
 0.343511 0.118470 0.041742 
 -0.347597 0.308204 0.014105 
 -0.549573 0.092418 0.006773 
 0.173533 0.216227 0.029624 
 -0.035176 -0.476311 0.018507 
 0.077347 0.268469 -0.072022 
 0.402296 0.259053 0.116199 
 0.032203 0.096527 -0.100659 
 0.085251 -0.217181 0.013363 
 -0.546944 0.293155 0.018587 
 -0.220898 -0.471507 0.065156 
 0.271580 0.524154 0.081986 
 0.072965 0.048399 -0.137603 
 0.286733 0.795817 -0.068854 
 0.184957 -0.255502 0.002187 
 -0.387273 -0.275585 0.069729 
 0.068938 0.299951 -0.090668 
 -0.124808 -0.216105 -0.029331 
 -0.526822 -0.136628 0.025697 
 0.205645 -0.380477 -0.021907 
 0.361423 -0.007412 -0.007853 
 0.272010 -0.443495 -0.035553 
 -0.607103 -0.004247 0.028112 
 -0.236899 0.110044 -0.001733 
 -0.485471 -0.057159 0.014378 
 -0.452041 0.184924 0.044990 
 0.121206 -0.505815 0.020928 
 -0.202107 0.006839 -0.022453 
 -0.325671 0.205975 0.042928 
 -0.207966 0.042228 -0.015725 
 0.402406 -0.164779 -0.051292 
 -0.663308 0.005209 0.019162 
 0.115725 0.353239 0.068371 
 -0.134438 -0.437640 0.030520 
 -0.216508 -0.122095 -0.020688 
 -0.044986 0.119703 -0.094580 
 -0.349589 0.238452 0.052382 
 -0.194110 0.260019 -0.038390 
 -0.425388 -0.083105 0.006692 
 -0.350902 0.020160 0.023297 
 -0.040740 -0.275110 -0.043426 
 0.186993 0.583438 0.096046 
 0.401669 -0.347580 -0.047662 
 -0.124335 -0.216081 -0.028997 
 -0.034421 0.370314 -0.073340 
 -0.258804 -0.458966 0.093891 
 -0.006328 0.303184 -0.099612 
 0.387582 -0.057724 -0.018208 
 0.320026 0.003653 -0.016486 
 0.332587 0.409437 0.095080 
 0.264428 0.934855 -0.042098 
 -0.032488 -0.310156 -0.024512 
 0.361140 -0.244704 -0.063638 
 0.416571 0.149832 0.069688 
 0.290207 0.666761 0.019566 
 -0.305142 -0.136633 -0.008032 
 -0.392728 0.288650 0.100017 
 -0.204344 -0.285903 -0.013609 
 -0.141657 -0.057781 -0.097883 
 -0.273250 0.212780 0.018807 
 0.118234 -0.487846 0.025182 
 -0.123895 -0.307516 0.004257 
 0.414383 -0.400738 -0.031055 
 0.293832 0.598361 0.069923 
 -0.009393 0.321270 -0.096250 
 0.211499 -0.232989 -0.044464 
 -0.176094 -0.242900 -0.031004 
 0.499567 -0.239759 -0.006024 
 -0.213881 -0.030424 -0.003710 
 0.121511 0.092317 -0.131649 
 0.141158 -0.098862 -0.117711 
 -0.098869 -0.431601 0.030295 
 0.435562 -0.122507 -0.032086 
 -0.496935 -0.095661 0.007090 
 0.012258 0.199829 -0.107108 
 0.313284 -0.179761 -0.050602 
 -0.524083 0.044255 -0.003544 
 -0.182577 -0.097513 -0.017476 
 0.356500 -0.409953 -0.057649 
 -0.156621 -0.422902 0.034078 
 0.453601 -0.411107 -0.036559 
 0.265788 -0.499405 -0.021143 
 -0.146375 -0.384141 0.015216 
 0.241539 0.966686 -0.035312 
 0.262248 0.951696 -0.038754 
 0.310817 0.512438 0.078371 
 0.262776 0.289523 0.101321 
 0.138016 0.824443 -0.057961 
 0.231805 0.118520 0.045395 
 -0.329038 0.114270 0.026940 
 0.437252 0.025030 0.046237 
 0.296130 -0.477015 -0.042526 
 0.030049 0.202881 -0.108249 
 -0.157865 0.136934 -0.088181 
 0.506700 -0.348057 0.023542 
 -0.292465 0.120309 0.027317 
 -0.119136 0.361472 -0.021421 
 -0.571471 -0.088914 0.036179 
 -0.153357 -0.440714 0.030623 
 0.432352 0.190679 0.101769 
 -0.121454 -0.233847 -0.032416 
 0.153026 -0.113143 0.118313 
 -0.274838 0.013869 0.006827 
 -0.614070 -0.059359 0.042681 
 0.326662 -0.508227 0.000285 
 0.253001 0.521120 0.082087 
 0.125915 0.242570 -0.015556 
 -0.086782 0.040650 -0.108067 
 -0.410810 -0.152818 0.043464 
 0.193408 -0.419635 -0.028279 
 -0.343461 -0.015289 0.016452 
 -0.583563 -0.018875 0.024584 
 -0.323559 -0.320646 0.059063 
 -0.271493 -0.003260 0.015714 
 0.427748 -0.361953 -0.026150 
 -0.202109 0.006877 -0.022268 
 -0.006788 -0.000808 -0.118586 
 -0.395091 -0.042104 0.012872 
 0.166018 0.310072 0.108209 
 -0.026340 0.467256 -0.005332 
 0.183892 0.600784 0.099462 
 0.320257 -0.416085 -0.057768 
 -0.067759 0.260003 -0.067857 
 0.365339 -0.371729 -0.075196 
 -0.155105 -0.257137 -0.035636 
 0.487780 -0.370457 -0.005028 
 0.338652 -0.487266 -0.021184 
 -0.208592 0.346568 -0.020844 
 -0.165490 0.082834 -0.072229 
 0.509286 -0.534913 0.051596 
 0.098174 -0.140376 0.089966 
 -0.157956 -0.497607 0.083390 
 -0.081106 0.005574 -0.114832 
 0.254207 0.879726 -0.052030 
 0.426753 -0.069460 -0.021536 
 0.056710 0.280793 -0.068008 
 0.280661 0.015361 -0.013232 
 0.012030 -0.247723 -0.014808 
 0.367216 -0.061324 -0.030704 
 -0.465312 -0.162025 0.044222 
 -0.349622 0.019034 0.023295 
 0.277992 0.310381 0.104577 
 -0.089813 0.058180 -0.104344 
 0.144159 0.897607 -0.044764 
 0.295662 -0.073276 -0.030309 
 0.580636 -0.486524 0.083118 
 0.222683 0.479620 0.075048 
 0.156786 0.763147 -0.006745 
 0.450713 -0.394689 -0.033840 
 0.095321 0.268773 -0.072115 
 0.232791 0.911628 -0.045251 
 -0.112083 -0.378736 -0.009492 
 -0.261362 0.338604 -0.008445 
 0.067963 -0.440296 -0.002534 
 0.221767 0.479577 0.075461 
 0.092134 0.159311 -0.117628 
 0.217482 -0.068718 -0.052403 
 -0.268937 -0.130607 -0.007782 
 -0.341575 -0.231988 0.025977 
 -0.113398 -0.177963 -0.034849 
 -0.331605 0.023277 0.023192 
 -0.226581 0.345532 -0.021371 
 0.251632 -0.244678 -0.048087 
 -0.583195 0.176147 -0.001496 
 -0.257295 -0.200202 -0.021461 
 -0.208428 -0.450147 0.030927 
 0.199061 0.512108 0.082385 
 0.410842 -0.532082 0.029351 
 0.242282 0.795433 -0.004503 
 0.285555 -0.348441 -0.080112 
 0.267502 -0.351533 -0.081135 
 0.263489 0.693622 0.000866 
 0.144679 -0.029612 -0.129499 
 0.016936 -0.542173 0.043406 
 -0.277807 0.141037 0.032192 
 0.390823 -0.294605 -0.062465 
 -0.249282 -0.145424 -0.011295 
 -0.259432 -0.366074 0.060955 
 0.009966 -0.339719 -0.031854 
 0.281338 0.695238 0.000770 
 -0.077253 0.202496 -0.077880 
 -0.432653 -0.229053 0.079651 
 -0.521624 -0.063182 0.014699 
 0.372655 -0.538261 0.030818 
 0.472818 -0.207770 -0.024169 
 -0.200123 -0.101286 -0.017377 
 0.012202 0.200982 -0.107110 
 -0.451898 0.181996 0.045195 
 0.433343 -0.397676 -0.033022 
 -0.069157 0.045489 -0.108168 
 -0.182811 -0.390212 0.014201 
 -0.056300 0.426136 -0.011126 
 0.506974 -0.349136 0.023544 
 0.285268 0.812500 -0.065513 
 0.434554 -0.415614 -0.036453 
 0.377602 -0.425390 -0.061175 
 -0.533773 -0.101717 0.007291 
 0.166365 0.440462 0.158351 
 -0.612939 0.245727 0.011646 
 0.193135 -0.198967 0.012767 
 0.557518 -0.303837 0.042681 
 0.213183 0.776208 0.017939 
 -0.107926 -0.304423 -0.020004 
 -0.124331 -0.584825 0.065470 
 -0.456704 0.091701 0.002938 
 -0.490403 -0.220232 0.085290 
 -0.456628 0.090144 0.002870 
 -0.038828 0.281386 -0.090075 
 -0.065788 -0.334003 -0.028050 
 0.127303 -0.228189 0.034743 
 0.190127 0.257384 0.072922 
 -0.115036 -0.107542 -0.108501 
 0.416587 0.149505 0.069688 
 -0.220599 0.416871 -0.007927 
 0.282358 0.830636 -0.061154 
 -0.611118 -0.077164 0.040848 
 0.230401 0.265641 0.098081 
 -0.256787 0.125592 0.027120 
 -0.319785 0.170354 0.037663 
 -0.202781 0.311547 -0.028234 
 -0.483909 0.032174 -0.007152 
 -0.246577 -0.254323 -0.005107 
 -0.232740 0.270353 -0.034806 
 -0.252479 -0.218711 -0.000070 
 0.147939 0.080846 -0.084061 
 -0.331603 0.023231 0.023091 
 -0.466086 0.274513 0.074982 
 -0.574991 0.230198 -0.016829 
 -0.172718 -0.151075 -0.014111 
 -0.256627 0.196567 -0.010068 
 0.304908 -0.017095 -0.020104 
 -0.072516 -0.557002 0.068642 
 -0.314479 -0.283665 0.016744 
 -0.088570 -0.211788 -0.029192 
 0.481190 -0.501851 0.033333 
 -0.262800 -0.348052 0.051853 
 0.349823 -0.064300 -0.031166 
 0.431620 -0.490043 -0.025116 
 0.312761 0.651417 0.028955 
 -0.238984 0.196984 -0.047208 
 0.127574 -0.599783 0.103655 
 -0.086167 -0.319180 -0.024499 
 0.348653 0.082816 0.034515 
 -0.179037 -0.225139 -0.028381 
 -0.443662 0.022259 0.015248 
 -0.431491 0.060742 0.019545 
 0.181216 0.331322 0.112031 
 -0.593874 0.033681 0.022181 
 0.168787 0.801087 -0.002269 
 -0.542615 -0.049009 0.017551 
 0.107034 0.179763 -0.115457 
 0.195068 -0.568845 0.056791 
 -0.419477 -0.119174 0.001227 
 0.460021 -0.338098 -0.022293 
 0.083084 0.102555 -0.127601 
 0.073897 0.048651 -0.137606 
 0.036207 -0.372013 -0.014645 
 