-0.009923 -0.408140 0.023533 
 0.250112 -0.504841 -0.044195 
 0.413720 0.471673 0.049232 
 -0.148963 -0.557626 0.095587 
 -0.333661 -0.183400 -0.028846 
 0.358791 0.533006 0.019420 
 -0.377002 0.236966 0.033451 
 -0.069946 -0.011193 -0.262122 
 0.021434 -0.592296 0.016417 
 0.371749 -0.568631 -0.100848 
 -0.098506 0.412527 -0.050240 
 0.108759 -0.616395 0.039238 
 0.059438 -0.598297 0.041375 
 -0.156850 0.046898 -0.195951 
 -0.101002 -0.392555 0.032540 
 0.246583 0.432776 0.072236 
 -0.192289 0.131944 -0.230673 
 -0.187719 -0.620022 0.306631 
 0.351787 -0.350648 -0.060724 
 -0.065623 -0.608433 0.065830 
 0.358179 -0.182442 -0.067161 
 0.203606 0.788169 0.084722 
 -0.134410 -0.456805 0.034272 
 0.485824 -0.534772 -0.062192 
 0.116180 -0.266376 0.131737 
 0.437435 -0.296776 -0.096071 
 0.307275 -0.296645 -0.035801 
 -0.312940 0.139309 -0.126399 
 0.377235 -0.180071 -0.076481 
 0.010181 0.410784 -0.095900 
 0.435743 -0.238168 -0.078670 
 0.178959 0.805202 0.087747 
 -0.273932 0.246262 0.022995 
 0.198172 0.738477 0.137096 
 0.397393 0.530114 0.043686 
 0.387215 -0.382730 -0.089829 
 0.186864 -0.272717 0.088447 
 0.281392 0.216852 0.056202 
 0.435357 -0.554980 -0.070690 
 0.254961 0.797699 0.054563 
 -0.276195 0.108273 -0.234607 
 0.434664 0.151938 0.013086 
 0.005562 -0.347654 0.031039 
 0.206978 -0.385375 0.045262 
 0.262610 0.371919 0.078546 
 -0.376405 0.017117 -0.123056 
 0.436877 0.075543 -0.010684 
 -0.234025 -0.154464 -0.205260 
 0.271213 -0.264620 -0.006586 
 -0.318544 -0.360128 0.104580 
 -0.239610 0.253561 0.005012 
 0.079256 -0.272895 0.150217 
 0.395483 -0.175950 -0.085773 
 -0.310832 0.369406 0.078980 
 0.189522 0.469697 0.068768 
 -0.048822 0.044680 -0.243705 
 -0.095522 -0.605421 0.051017 
 -0.276184 0.215490 -0.191216 
 -0.398799 -0.131746 -0.008259 
 -0.096320 0.338286 -0.070482 
 -0.163938 -0.331543 0.023115 
 -0.055859 0.320647 -0.162799 
 -0.409186 -0.008353 -0.110661 
 -0.166667 -0.274791 0.039310 
 0.193635 -0.504494 0.021702 
 -0.048377 -0.605197 0.054733 
 -0.086665 -0.015048 -0.253208 
 0.431681 0.454555 0.034617 
 -0.399602 0.365592 0.161538 
 -0.177006 0.309027 -0.142363 
 0.335300 -0.411689 -0.068522 
 0.029719 0.321016 -0.134334 
 0.020115 -0.409266 0.036557 
 -0.241512 0.289660 0.015878 
 -0.132344 -0.573580 0.080503 
 0.282557 0.175973 0.044989 
 -0.377238 0.320928 0.104095 
 0.331318 0.301597 0.050781 
 -0.366030 -0.151701 -0.081543 
 -0.356878 0.044280 -0.158204 
 0.198809 0.170074 0.059713 
 0.003323 -0.433011 0.040206 
 -0.397442 -0.131720 -0.008279 
 -0.217442 -0.031176 -0.213232 
 0.519419 -0.508792 -0.076132 
 0.039847 0.288971 -0.164479 
 0.469627 -0.298463 -0.083654 
 -0.278791 -0.344962 0.055022 
 0.508780 0.155848 0.018158 
 -0.330976 -0.081831 -0.113442 
 0.306674 0.624809 0.043176 
 0.319839 0.722830 0.061741 
 0.198066 -0.076348 0.135584 
 0.207190 -0.364967 0.050904 
 0.486459 -0.534759 -0.062202 
 0.239507 0.453588 0.067174 
 -0.380750 -0.091131 -0.085335 
 -0.139539 0.068450 -0.199500 
 0.284113 0.910074 -0.008356 
 -0.128474 0.236163 -0.239426 
 -0.280562 0.369413 0.092989 
 0.260368 -0.375631 0.017204 
 -0.379985 0.192545 0.054120 
 0.282171 -0.049751 0.046278 
 -0.449813 0.338139 0.182346 
 -0.392327 -0.172171 0.072752 
 -0.381606 0.248491 0.070854 
 0.469010 -0.173174 -0.080917 
 0.452640 -0.215653 -0.084181 
 0.080725 -0.338627 0.084885 
 0.181650 0.041697 0.066997 
 0.339131 0.586862 0.045347 
 -0.312349 0.288906 0.089243 
 -0.150251 -0.557665 0.097124 
 0.382855 0.430826 0.025016 
 0.275128 -0.399299 -0.046566 
 -0.424807 -0.047337 -0.113089 
 -0.026324 -0.672257 0.070376 
 0.189531 0.608845 0.075656 
 -0.401153 0.053469 -0.034567 
 0.306814 0.504392 0.041342 
 -0.187635 -0.628925 0.129045 
 0.295239 0.940262 0.056955 
 0.402197 -0.321709 -0.083037 
 -0.163871 -0.416145 0.032134 
 -0.274269 -0.522733 0.177246 
 0.290069 0.584381 0.041279 
 0.302216 0.122569 0.018937 
 -0.240262 0.271092 0.010435 
 -0.100453 -0.393335 0.032525 
 0.320073 0.087491 -0.002190 
 -0.042212 -0.529137 0.008703 
 -0.453367 0.312419 0.210084 
 -0.415290 0.241982 0.088695 
 -0.243921 0.401128 0.048450 
 -0.399278 0.384793 0.166974 
 0.503022 -0.445545 -0.079900 
 -0.186026 -0.068698 -0.210445 
 -0.217430 -0.031831 -0.213253 
 -0.216940 0.409266 0.019122 
 -0.261178 -0.510251 0.205434 
 0.306570 -0.153690 -0.028109 
 0.233505 0.174883 0.041220 
 0.248340 -0.036938 0.070499 
 0.214686 0.106502 0.063706 
 0.306189 0.624805 0.042599 
 -0.106687 0.330971 -0.130595 
 -0.369722 0.409606 0.154447 
 0.415969 0.393918 0.026502 
 -0.106266 0.330761 -0.130604 
 0.250689 0.093786 0.041132 
 0.288351 0.740442 0.053906 
 0.419116 -0.490733 -0.074898 
 -0.131797 -0.592716 0.074265 
 -0.426092 0.007749 -0.096407 
 -0.359722 0.020066 -0.131118 
 -0.158965 0.236742 -0.253102 
 -0.205983 -0.601878 0.322167 
 0.196220 0.141559 0.085802 
 -0.333101 0.434557 0.141811 
 0.154612 -0.375535 0.078936 
 -0.223671 0.169912 -0.232843 
 -0.190440 0.315246 -0.084564 
 -0.105470 0.155923 -0.229049 
 -0.437065 0.453024 0.206814 
 -0.227951 0.422859 0.044896 
 0.020888 -0.572865 0.023195 
 0.139578 -0.600823 0.056884 
 0.266717 -0.109907 0.038720 
 0.240644 0.698773 0.038597 
 0.365514 0.327047 0.037848 
 -0.073682 0.217899 -0.228828 
 -0.335716 -0.460213 0.167174 
 0.128105 0.877187 0.105216 
 0.338261 0.769861 0.031990 
 0.314048 0.400758 0.056410 
 -0.301942 -0.204186 -0.020713 
 0.003650 -0.308888 0.042218 
 -0.294318 -0.167118 -0.158284 
 -0.039699 0.105448 -0.247636 
 -0.069926 -0.012262 -0.262131 
 -0.432008 0.201733 0.086958 
 0.258676 -0.317687 0.033949 
 -0.023027 0.385972 -0.084386 
 -0.391525 -0.285777 0.121430 
 -0.521515 0.299871 0.246116 
 0.230976 0.147985 0.067478 
 0.167082 -0.198704 0.120346 
 0.155058 -0.375764 0.078927 
 0.255137 0.596272 0.065179 
 -0.149712 -0.576798 0.090318 
 0.368035 -0.328358 -0.064406 
 -0.270331 0.051134 -0.239277 
 -0.090046 0.114612 -0.215491 
 0.369927 0.070317 -0.004841 
 -0.242307 0.258186 -0.198243 
 -0.424910 -0.068590 0.135226 
 0.354754 -0.009678 -0.017352 
 -0.182813 -0.419352 0.040055 
 0.225300 -0.381876 0.035907 
 -0.143510 -0.139564 -0.238679 
 -0.411499 0.111853 0.050842 
 0.208814 -0.404664 0.039597 
 -0.167491 -0.003521 -0.234571 
 0.233477 0.174585 0.038980 
 0.209318 -0.568457 0.025119 
 0.144092 -0.485813 0.024545 
 -0.220369 -0.039197 -0.181841 
 0.288994 -0.156913 -0.019033 
 0.449298 -0.100077 -0.048748 
 -0.144274 0.354486 -0.069207 
 0.231406 0.231839 0.057967 
 -0.277548 0.071690 -0.245232 
 -0.416363 0.279092 0.100095 
 0.174416 -0.450619 0.047000 
 -0.292107 0.336077 0.059121 
 -0.210964 0.324203 -0.039871 
 0.231305 0.391499 0.070914 
 -0.273389 0.302049 0.039255 
 -0.090435 0.114603 -0.215376 
 -0.363528 0.195649 0.045607 
 0.194763 -0.543124 0.010637 
 0.388098 0.092745 -0.007247 
 0.349263 0.387951 0.031856 
 0.285100 -0.499109 -0.062846 
 0.303647 -0.600885 -0.069244 
 -0.278620 0.108231 -0.235078 
 -0.333593 0.434319 0.141816 
 -0.199615 0.298763 -0.102647 
 -0.329067 0.117588 -0.122883 
 -0.151983 -0.082967 -0.233692 
 -0.341849 0.252367 0.064391 
 -0.424205 -0.189443 0.133227 
 0.190921 -0.283716 0.051340 
 -0.012078 0.352445 -0.115868 
 0.273248 0.478992 0.054327 
 -0.447735 0.198640 0.095920 
 0.013310 0.260143 -0.219311 
 -0.322056 0.114974 -0.189064 
 -0.363354 -0.072092 0.163267 
 0.238406 0.574122 0.067916 
 -0.362748 0.251367 0.061840 
 -0.148905 -0.394020 0.028483 
 0.305844 0.826061 0.034912 
 -0.114957 -0.570752 0.071482 
 0.104059 -0.319821 0.092316 
 -0.339749 0.030450 -0.172406 
 -0.132921 -0.052516 -0.268247 
 0.046057 0.342711 -0.137132 
 -0.407862 0.038616 -0.051369 
 0.510812 -0.573454 -0.072148 
 -0.069936 -0.011350 -0.261650 
 -0.375374 -0.017552 -0.133772 
 -0.466889 0.269741 0.127501 
 -0.343057 0.022621 -0.140832 
 0.223047 -0.178838 0.060868 
 0.098012 -0.269629 0.140852 
 -0.410966 0.093672 0.045421 
 0.283627 0.157640 0.039393 
 -0.134230 -0.659681 0.089012 
 0.355960 0.790775 0.028338 
 0.503577 -0.464123 -0.085195 
 -0.151195 -0.557670 0.095621 
 0.172678 -0.390168 0.063957 
 0.306268 0.523409 0.047396 
 -0.324298 0.255500 0.055389 
 -0.010014 0.240700 -0.229134 
 0.081152 -0.272880 0.152641 
 -0.419122 0.381608 0.176035 
 -0.401163 -0.328666 0.130016 
 0.306819 0.504233 0.041483 
 0.469045 -0.174958 -0.080932 
 0.373198 0.012761 -0.020403 
 0.207234 -0.367226 0.050884 
 -0.096359 -0.280974 -0.004155 
 0.337535 -0.488015 -0.090800 
 0.193626 -0.504833 0.020723 
 0.250249 0.198807 0.037576 
 -0.148428 -0.271590 0.029740 
 -0.415173 0.307122 0.154226 
 0.237314 0.813386 0.071425 
 0.272578 -0.303099 -0.017529 
 -0.121771 0.035463 -0.219190 
 0.318822 0.022247 0.014173 
 0.302585 -0.495226 -0.071533 
 0.148970 -0.182622 0.134231 
 -0.374802 -0.189441 0.058201 
 0.195968 -0.456832 0.000687 
 -0.359934 -0.442958 0.170582 
 0.217993 -0.131293 0.109289 
 -0.505386 0.302990 0.237090 
 -0.106932 0.330748 -0.130593 
 0.418363 -0.471368 -0.069708 
 0.337651 0.826654 0.048193 
 -0.376100 0.016997 -0.123062 
 0.366039 0.410251 0.028246 
 0.353351 -0.591214 -0.097238 
 0.121569 -0.296371 0.088623 
 -0.138503 0.032340 -0.210269 
 -0.277544 0.071745 -0.244858 
 0.272228 0.701919 0.052023 
 -0.148981 -0.252245 0.035672 
 0.111440 0.753603 0.113206 
 0.340412 0.650148 0.030362 
 -0.391533 -0.022806 -0.124913 
 -0.436150 0.453141 0.206801 
 -0.186759 -0.428332 0.073019 
 -0.182793 -0.419371 0.041341 
 0.488756 -0.247725 -0.112860 
 -0.404076 0.359177 0.193766 
 0.203286 -0.230855 0.091366 
 -0.258677 0.001855 -0.196924 
 -0.034177 -0.630620 0.071571 
 -0.301942 -0.204162 -0.020683 
 -0.131685 -0.390696 0.019345 
 -0.194145 0.087630 -0.210730 
 0.286292 0.081076 0.017005 
 0.299741 -0.397488 -0.043995 
 0.355805 0.590044 0.036119 
 -0.278174 0.413495 0.073265 
 -0.091025 0.392070 -0.042373 
 -0.280002 0.162949 -0.218580 
 -0.048080 -0.421807 -0.006166 
 -0.256395 -0.422074 0.114093 
 0.199175 0.695256 0.046230 
 0.336349 0.128761 0.000419 
 0.355322 -0.028781 -0.022310 
 0.267353 0.099284 0.031899 
 0.307539 -0.192250 -0.039326 
 -0.184380 -0.125795 -0.226626 
 -0.255860 0.247477 -0.065757 
 0.320062 0.088603 -0.001496 
 0.128116 0.876634 0.105211 
 0.091195 -0.639836 0.042940 
 0.415428 0.413050 0.033201 
 0.348620 0.510787 0.034264 
 -0.214519 0.193723 -0.248547 
 -0.444223 0.307995 0.140049 
 -0.377385 0.016972 -0.123042 
 -0.248684 0.223786 -0.219886 
 0.353258 -0.552565 -0.085964 
 0.320619 -0.511033 -0.087113 
 0.128426 0.720280 0.093095 
 -0.349561 -0.338796 0.097099 
 0.230762 0.268325 0.069107 
 -0.262603 0.129537 -0.239065 
 -0.132216 -0.015707 -0.257760 
 -0.027538 -0.573434 0.018759 
 0.215231 0.089298 0.059686 
 0.173892 -0.642477 0.058838 
 0.231843 0.231848 0.058016 
 -0.288360 -0.283947 0.060285 
 -0.281611 -0.230890 0.007166 
 -0.438602 -0.061874 -0.060488 
 -0.079744 -0.257361 -0.006477 
 -0.281612 -0.230889 0.007040 
 -0.310316 0.351530 0.072861 
 0.347017 0.464339 0.052888 
 0.286546 -0.642769 -0.071177 
 0.213144 0.388285 0.080144 
 0.130324 0.801515 0.084483 
 0.217257 -0.111724 0.114939 
 -0.181980 -0.516706 0.093620 
 -0.392076 -0.267534 0.126013 
 -0.090491 0.373493 -0.048342 
 0.213870 0.144780 0.076450 
 -0.407841 -0.009161 0.143556 
 0.228595 -0.623300 -0.000665 
 -0.023892 0.423142 -0.073874 
 0.402540 -0.426953 -0.080132 
 -0.167099 -0.140538 -0.239489 
 -0.340129 0.149446 -0.089812 
 -0.144808 0.373003 -0.064882 
 -0.420280 0.052571 0.055044 
 0.235523 -0.004352 0.102205 
 -0.261861 0.435203 0.068944 
 0.322758 -0.114105 -0.026192 
 -0.227806 0.320480 -0.034393 
 0.266312 0.133729 0.043055 
 -0.299913 -0.100876 -0.105139 
 0.298478 0.294882 0.069275 
 -0.229808 0.272300 -0.170446 
 -0.371345 -0.179382 0.026399 
 -0.463491 0.223243 0.157128 
 0.352233 -0.389194 -0.071697 
 0.189836 -0.639269 0.051507 
 0.121547 -0.316623 0.082992 
 -0.375164 0.162920 0.012707 
 -0.363466 -0.107070 -0.100985 
 0.240653 0.497102 0.046625 
 0.215152 -0.512027 -0.025555 
 -0.077028 -0.497339 0.038168 
 -0.182819 -0.418019 0.041353 
 -0.273625 0.264860 0.028413 
 0.145367 -0.171585 0.172695 
 0.211896 0.849219 0.081544 
 -0.337875 0.094319 -0.107987 
 -0.447361 0.180412 0.090502 
 -0.261888 0.379432 0.052036 
 -0.313980 0.344529 0.105071 
 -0.279148 0.126633 -0.229237 
 0.190786 0.533132 0.053579 
 -0.299368 -0.120764 -0.111873 
 -0.277568 0.072730 -0.245223 
 0.135509 -0.282421 0.116486 
 -0.213268 -0.274298 0.035071 
 0.327353 -0.162292 -0.074252 
 0.321041 0.804546 0.052779 
 0.256204 0.658353 0.050095 
 -0.036965 0.250849 -0.192964 
 0.197869 -0.076352 0.135587 
 0.451538 -0.177134 -0.071613 
 -0.306929 0.136307 -0.194897 
 -0.265879 -0.447199 0.130301 
 -0.264091 -0.303969 0.056944 
 0.210474 -0.608144 0.014420 
 -0.087220 0.003998 -0.248178 
 -0.308196 0.210800 -0.093530 
 0.365950 0.511771 0.025028 
 -0.151502 -0.098458 -0.239055 
 0.224755 -0.363454 0.041544 
 -0.295938 0.123400 -0.220408 
 0.415963 0.553559 0.040009 
 0.366657 0.287400 0.026645 
 0.313521 0.418289 0.061977 
 -0.478138 0.218318 0.087012 
 -0.321567 0.097090 -0.196746 
 0.337891 -0.032091 -0.013829 
 -0.360909 0.056795 -0.121207 
 0.193479 -0.485163 0.026364 
 -0.224474 0.008028 -0.213771 
 -0.079671 -0.583073 0.046258 
 0.377492 -0.159981 -0.070877 
 0.021447 -0.592303 0.017234 
 -0.140207 0.324562 -0.113588 
 0.224770 -0.238652 0.043957 
 -0.177152 0.288707 -0.228743 
 0.427011 -0.197073 -0.078821 
 0.169343 -0.276464 0.097808 
 0.290530 0.666134 0.031794 
 -0.011035 0.316759 -0.127433 
 -0.126969 0.339960 -0.084650 
 -0.349709 -0.243477 0.042752 
 0.174390 -0.449780 0.046394 
 -0.410193 0.156685 0.029751 
 0.123214 -0.373546 0.066108 
 0.269262 -0.226157 0.004983 
 0.181212 0.923861 0.088863 
 -0.402944 -0.177920 0.092883 
 -0.055915 0.183910 -0.248476 
 -0.187702 -0.620593 0.307039 
 0.160036 0.958259 0.107865 
 0.387901 0.054351 -0.020201 
 -0.324405 0.107365 -0.159865 
 -0.407827 -0.010647 0.142554 
 -0.236113 -0.372003 0.085681 
 -0.245963 0.249328 -0.246378 
 -0.149422 -0.375067 0.036243 
 -0.287332 0.066041 -0.225104 
 0.201686 0.788134 0.084488 
 -0.199047 0.375285 -0.002850 
 -0.418276 -0.332863 0.139141 
 -0.373582 0.043210 -0.152082 
 0.365482 0.429345 0.033754 
 -0.294704 0.205061 -0.150812 
 0.257488 -0.154913 0.047416 
 -0.163586 0.362965 -0.024208 
 -0.383452 -0.345830 0.115353 
 -0.227207 0.301939 -0.035965 
 0.520049 -0.508787 -0.075330 
 0.229677 0.270016 0.069138 
 0.004766 -0.347261 0.031054 
 -0.006128 0.387172 -0.093742 
 -0.061786 0.286698 -0.183578 
 0.396806 0.550322 0.048709 
 0.221417 -0.123867 0.077735 
 -0.220441 -0.253871 0.029296 
 0.200246 -0.095631 0.129914 
 -0.355233 0.091213 -0.098426 
 -0.143475 -0.141360 -0.238695 
 -0.294280 -0.167933 -0.156851 
 0.096449 -0.269660 0.140876 
 0.485949 -0.151399 -0.084676 
 -0.149144 -0.595947 0.085397 
 -0.211921 0.342058 -0.034461 
 0.271397 -0.264619 -0.006280 
 0.296015 0.313988 0.074955 
 -0.199950 0.449520 0.020870 
 0.257504 -0.155374 0.047834 
 0.199380 0.045852 0.057737 
 -0.404246 0.045523 -0.083134 
 -0.143689 -0.158503 -0.244068 
 -0.251558 -0.375153 0.094672 
 0.282546 0.176577 0.044994 
 -0.142057 -0.158471 -0.244093 
 0.302149 0.103487 0.013353 
 0.275714 -0.418554 -0.050595 
 -0.147831 -0.431947 0.015313 
 -0.113098 0.315255 -0.147286 
 -0.261885 -0.123907 -0.165357 
 -0.252855 -0.101131 -0.099243 
 -0.429388 -0.103565 0.112786 
 0.467778 -0.451865 -0.061113 
 -0.465845 0.233856 0.115761 
 0.229013 0.205411 0.083981 
 -0.201192 0.450167 0.020895 
 0.174174 -0.574963 0.044339 
 -0.193787 -0.148398 -0.211878 
 0.336233 0.025474 0.004290 
 0.306977 -0.172886 -0.033684 
 0.265609 -0.072214 0.049877 
 -0.284264 -0.162186 -0.179006 
 0.300569 -0.065770 0.033158 
 -0.384015 -0.326320 0.120876 
 -0.425805 -0.028990 -0.107128 
 0.229107 -0.642665 -0.006259 
 0.347561 0.344022 0.052716 
 0.365939 0.512344 0.025033 
 -0.252280 0.458722 0.051486 
 0.321781 0.683849 0.050628 
 -0.159584 0.156663 -0.243113 
 0.300252 0.057425 0.032766 
 0.367174 0.166253 0.025948 
 0.170598 -0.353236 0.075248 
 -0.184404 -0.124562 -0.226615 
 -0.322205 -0.388740 0.131415 
 0.545046 -0.527735 -0.079646 
 -0.016693 -0.628503 0.062014 
 -0.181631 0.359826 -0.015193 
 0.431690 0.453929 0.034358 
 0.116756 -0.286550 0.125843 
 0.223563 0.533010 0.066886 
 0.425039 -0.017707 -0.059474 
 0.216279 -0.072038 0.126236 
 0.110300 -0.472968 0.047249 
 -0.139775 0.050000 -0.204876 
 -0.355157 0.128013 -0.088350 
 0.452515 -0.196392 -0.077238 
 0.418801 -0.279940 -0.081102 
 -0.325351 -0.010473 -0.161720 
 0.433522 0.191522 0.024344 
 -0.433424 0.359885 0.180211 
 -0.405855 -0.148283 0.055036 
 -0.341274 0.252378 0.064382 
 0.257216 0.759950 0.046008 
 -0.335730 -0.362353 0.114280 
 -0.227214 0.301943 -0.036437 
 -0.391118 0.058905 -0.054922 
 -0.425746 -0.292106 0.139605 
 -0.344103 0.160341 -0.053236 
 -0.280695 -0.324916 0.060569 
 -0.390374 0.105080 0.004552 
 -0.236012 -0.257257 0.038392 
 -0.425006 -0.310944 0.133239 
 -0.391619 0.057742 -0.054924 
 0.128666 0.857927 0.100047 
 0.457799 0.211402 0.031830 
 -0.322088 0.114992 -0.191170 
 0.023223 0.304417 -0.148963 
 -0.394098 0.317468 0.113082 
 -0.353011 -0.463197 0.176154 
 0.418857 0.091551 0.004658 
 0.337846 -0.469470 -0.085189 
 -0.289983 0.157646 -0.197358 
 -0.196734 -0.356797 0.035469 
 -0.429337 0.072681 0.129942 
 0.326999 -0.370388 -0.066521 
 -0.335357 -0.363303 0.114266 
 -0.357596 0.129013 -0.007954 
 -0.497289 0.272890 0.193828 
 0.435690 -0.343211 -0.075696 
 0.510251 -0.553972 -0.066030 
 -0.362588 0.177097 0.040426 
 0.469576 -0.192660 -0.086550 
 -0.278605 0.107834 -0.234574 
 -0.165017 -0.435237 0.026614 
 -0.197795 -0.354298 0.035506 
 0.414350 0.413036 0.032453 
 0.066686 -0.476602 0.054836 
 0.419756 -0.616290 -0.078322 
 0.201648 -0.049019 0.108443 
 -0.290376 -0.546358 0.180893 
 0.377788 -0.094141 -0.085247 
 0.247130 0.413735 0.066198 
 -0.503687 0.284191 0.231612 
 -0.279671 0.144703 -0.223602 
 0.017915 -0.334311 0.058923 
 0.276574 -0.399279 -0.045665 
 0.469147 -0.336752 -0.094916 
 0.013275 0.261287 -0.220092 
 -0.224791 -0.010352 -0.218961 
 0.221567 0.551953 0.072454 
 -0.350518 0.431425 0.150248 
 -0.400138 0.383909 0.166980 
 0.115834 -0.266380 0.131501 
 0.319396 0.003047 0.009526 
 -0.063737 0.381644 -0.079134 
 0.336795 0.005734 -0.001810 
 -0.327080 0.385590 0.093391 
 0.240049 0.719997 0.044134 
 -0.202928 -0.469561 0.070291 
 0.252467 -0.105224 0.094900 
 -0.149707 -0.576800 0.090608 
 0.099186 -0.288919 0.133785 
 -0.299887 -0.102249 -0.105151 
 -0.079483 -0.399380 -0.013735 
 -0.056888 -0.485029 -0.001899 
 0.508874 -0.620143 -0.052559 
 0.211353 0.967720 0.081702 
 -0.150626 -0.479010 0.037909 
 -0.211619 -0.115497 -0.193383 
 0.419445 -0.617027 -0.078323 
 0.303031 -0.038526 0.003595 
 0.337841 0.025509 0.003780 
 -0.167417 -0.397231 0.037725 
 -0.276624 0.301986 0.039305 
 0.201098 -0.029458 0.115224 
 0.536545 -0.486081 -0.077989 
 0.284196 -0.107465 0.029329 
 0.125490 -0.450521 0.045633 
 -0.383461 -0.345366 0.115357 
 -0.405858 -0.148282 0.054884 
 -0.412119 0.267760 0.062189 
 -0.281604 -0.230750 0.007797 
 0.355802 0.590044 0.036119 
 0.150501 -0.201928 0.129725 
 0.150664 -0.239928 0.118455 
 0.152925 -0.317829 0.095678 
 0.197452 -0.495354 -0.010603 
 0.207413 -0.635986 0.039329 
 -0.197738 -0.357256 0.035480 
 -0.232687 -0.089838 -0.141006 
 -0.097568 -0.568196 0.062213 
 -0.204086 -0.073002 -0.201514 
 0.262672 0.877566 0.059275 
 -0.258999 0.435265 0.068260 
 0.004444 -0.471302 0.029426 
 -0.105597 0.056225 -0.225172 
 0.142945 -0.447294 0.034263 
 -0.228271 0.337925 -0.025519 
 -0.320904 -0.059976 -0.128333 
 -0.261337 -0.142826 -0.170756 
 0.161641 0.802395 0.096875 
 -0.298262 -0.139273 -0.115979 
 -0.443255 0.112918 0.117785 
 0.288343 0.740811 0.053910 
 -0.375900 0.017001 -0.123065 
 -0.198470 0.356457 -0.006233 
 -0.348298 0.412823 0.145362 
 -0.029493 0.369311 -0.101640 
 -0.277684 0.396431 0.066447 
 -0.023015 0.385966 -0.083636 
 0.356499 0.772479 0.022813 
 -0.423107 -0.227047 0.122434 
 -0.497087 0.198330 0.172077 
 -0.424795 -0.047344 -0.112344 
 0.169312 -0.274842 0.097823 
 -0.088266 0.039732 -0.237048 
 -0.308122 -0.025767 -0.174225 
 -0.431828 0.008408 0.145613 
 -0.400722 0.403406 0.172434 
 -0.410246 0.010816 -0.105279 
 -0.261709 -0.509527 0.205449 
 0.242470 -0.463478 -0.043902 
 0.023222 0.304418 -0.149057 
 -0.164235 0.344379 -0.028942 
 -0.203262 -0.054546 -0.195400 
 0.269804 -0.187643 0.016205 
 0.250637 0.093785 0.041133 
 -0.078056 0.366906 -0.106101 
 -0.186553 -0.660242 0.295657 
 0.220624 0.591006 0.083551 
 0.365931 0.512782 0.025037 
 0.246569 0.433976 0.072856 
 -0.470874 0.328255 0.224457 
 0.358697 -0.144037 -0.054827 
 0.323273 -0.092874 -0.020582 
 0.132506 0.726321 0.061250 
 -0.164877 -0.625919 0.260039 
 0.205512 -0.307568 0.067836 
 -0.349231 -0.338773 0.095198 
 0.322949 0.684924 0.050619 
 0.143507 -0.466573 0.028631 
 0.452443 -0.532151 -0.072197 
 0.059658 -0.636845 0.030211 
 0.213455 -0.453597 -0.008658 
 -0.197189 -0.376051 0.029950 
 0.236625 -0.042553 0.090041 
 -0.263259 0.354892 0.078540 
 0.385681 0.131109 0.003372 
 -0.311923 0.406952 0.089846 
 0.221531 0.810241 0.080821 
 0.209339 -0.569037 0.025742 
 0.231962 0.231850 0.057959 
 -0.399000 0.207951 0.069009 
 0.316761 0.201060 0.032053 
 0.192933 0.011839 0.115328 
 -0.204400 -0.213270 0.032728 
 0.306149 0.844950 0.040678 
 0.258215 -0.420532 -0.041945 
 0.301086 -0.084184 0.025723 
 0.502434 -0.425293 -0.074630 
 0.414745 0.187721 0.033670 
 0.419424 0.072655 -0.000090 
 0.288955 0.722505 0.048383 
 -0.260134 0.360874 0.046587 
 -0.176491 -0.163875 -0.226207 
 0.457780 0.211412 0.030614 
 -0.189845 -0.553552 0.151471 
 0.240225 0.472635 0.072713 
 -0.151625 -0.663453 0.099229 
 -0.452699 -0.074711 -0.007942 
 0.376021 -0.245916 -0.062146 
 0.267289 -0.646046 -0.061805 
 -0.092510 0.288147 -0.198437 
 0.386238 0.111918 -0.002399 
 0.283414 0.034998 0.037939 
 0.154072 -0.357405 0.084571 
 -0.186761 -0.428331 0.072866 
 0.223108 0.514017 0.061356 
 -0.310277 0.350070 0.073542 
 -0.341071 0.150651 -0.013642 
 0.151327 0.710700 0.046638 
 -0.408672 -0.025894 -0.116447 
 -0.026741 0.238321 -0.218833 
 -0.198093 0.375286 -0.000821 
 -0.211492 0.342067 -0.034512 
 0.267613 -0.502315 -0.053523 
 0.259354 -0.231985 0.025320 
 -0.106100 0.074642 -0.217579 
 -0.098127 -0.548984 0.067808 
 -0.452494 0.431284 0.210369 
 0.223635 -0.324185 0.054065 
 -0.280676 -0.326111 0.060251 
 0.182726 -0.118199 0.133622 
 0.398613 0.390692 0.037073 
 -0.245695 -0.103246 -0.168902 
 0.315153 0.240621 0.043262 
 -0.328808 0.404155 0.098066 
 -0.359645 0.305006 0.089665 
 -0.046988 -0.519234 0.045629 
 0.340097 0.650137 0.030930 
 -0.210417 0.305052 -0.045562 
 0.337882 0.725741 0.052545 
 -0.371407 0.070319 -0.095551 
 0.230522 0.895000 0.050619 
 -0.150813 -0.539544 0.101193 
 -0.377229 0.320464 0.104065 
 0.271164 0.536721 0.071018 
 -0.248508 0.243640 -0.135112 
 -0.321013 0.078458 -0.201155 
 -0.351049 0.449937 0.156277 
 0.001868 -0.662638 0.041296 
 0.351484 0.209095 0.013541 
 -0.462365 0.185960 0.148809 
 0.116520 0.685882 0.059360 
 0.417190 0.252692 0.019945 
 0.197790 0.738469 0.137102 
 -0.390704 -0.004417 -0.119567 
 0.263534 -0.328283 -0.002855 
 -0.281884 -0.173983 -0.057426 
 0.221760 0.551952 0.073000 
 0.272314 0.599454 0.056340 
 0.280616 -0.345348 -0.017802 
 0.267598 -0.501553 -0.053516 
 -0.201308 -0.009704 -0.216770 
 0.188982 0.487953 0.074170 
 0.275166 -0.400513 -0.045654 
 -0.182359 0.236040 -0.255542 
 -0.329565 0.220453 0.033058 
 0.188570 -0.331529 0.071524 
 0.161707 0.901840 0.093109 
 0.339850 0.751640 0.026450 
 -0.349673 -0.243497 0.045079 
 0.449863 -0.119787 -0.054712 
 0.375536 -0.016500 -0.062856 
 0.152367 -0.317841 0.095878 
 0.358555 -0.248478 -0.051988 
 0.067356 -0.371534 0.051430 
 -0.092496 0.287423 -0.198444 
 0.273388 -0.236914 -0.031963 
 0.376629 -0.053580 -0.074036 
 -0.429970 0.072716 0.129952 
 0.132655 0.688700 0.050274 
 0.152703 -0.375810 0.078963 
 -0.158959 0.236461 -0.253105 
 0.254178 -0.163178 0.079365 
 0.419396 -0.279942 -0.079499 
 0.415284 0.514104 0.028865 
 0.347048 0.464322 0.054898 
 -0.200755 -0.028089 -0.222240 
 -0.155741 0.045958 -0.195976 
 0.197097 -0.495365 -0.010195 
 -0.048591 -0.383753 0.004911 
 -0.194977 -0.311935 0.014878 
 0.179934 0.729777 0.065728 
 0.271548 0.637407 0.067084 
 0.305156 0.561453 0.058318 
 0.019576 -0.391139 0.042143 
 -0.031364 -0.582784 0.051385 
 -0.237577 -0.255718 0.038429 
 -0.227583 0.422196 0.044885 
 0.471264 -0.250957 -0.103803 
 -0.285959 0.453348 0.071219 
 0.272815 0.478998 0.052739 
 0.257920 -0.193460 0.036588 
 -0.423493 0.162451 0.087851 
 0.469027 -0.174054 -0.080924 
 -0.026758 -0.326269 0.023883 
 -0.329925 -0.102361 -0.118863 
 0.471831 -0.270206 -0.109077 
 0.365519 0.326821 0.037846 
 -0.212158 -0.312573 0.024033 
 0.108750 -0.615970 0.039242 
 -0.199889 -0.499812 0.108449 
 0.203978 0.567743 0.087243 
 0.317836 0.164066 0.019807 
 0.196200 0.141570 0.084516 
 -0.319047 -0.264844 0.052216 
 -0.280462 -0.109469 -0.151018 
 -0.360544 -0.422213 0.174775 
 0.266846 0.154438 0.048647 
 -0.077098 0.367302 -0.106112 
 0.398655 0.575817 0.023303 
 -0.322224 -0.387762 0.131423 
 -0.046345 0.366198 -0.093093 
 -0.142662 0.177809 -0.246638 
 -0.267396 -0.059019 -0.114208 
 -0.312330 0.287961 0.089234 
 0.206147 -0.202637 0.064548 
 -0.122315 0.054244 -0.213799 
 0.414853 0.432514 0.038034 
 0.036408 -0.369159 0.038898 
 0.191446 0.514211 0.048014 
 -0.328880 0.220467 0.033048 
 0.045512 0.342699 -0.136984 
 0.198769 -0.076373 0.135572 
 0.364832 0.550379 0.036221 
 -0.205992 0.154734 -0.247948 
 0.415802 0.515346 0.028867 
 -0.384323 0.424774 0.168860 
 -0.133419 -0.371887 0.024908 
 -0.246296 0.252656 -0.086699 
 0.425027 -0.120099 -0.057040 
 0.435906 -0.574207 -0.077246 
 0.267944 0.077849 0.025595 
 0.190326 -0.262753 0.056986 
 0.419920 -0.299188 -0.087495 
 0.267976 0.076735 0.026274 
 0.377876 -0.179175 -0.076483 
 -0.254379 0.458666 0.053285 
 0.484642 -0.533416 -0.062162 
 0.213658 0.369252 0.073090 
 0.383995 0.292570 0.017399 
 0.036984 -0.388311 0.034429 
 -0.276387 0.035480 -0.175517 
 -0.197707 -0.356816 0.035484 
 -0.420104 0.088152 0.065873 
 -0.163879 0.302926 -0.202286 
 0.127972 0.776857 0.109264 
 0.342953 -0.205709 -0.063517 
 0.436342 0.094770 -0.003398 
 -0.066186 0.097394 -0.218598 
 0.148975 -0.182625 0.134520 
 0.272942 0.700417 0.051999 
 0.365493 0.223830 0.042569 
 -0.343785 -0.401335 0.172500 
 0.115818 -0.285706 0.125865 
 -0.468349 0.390900 0.207947 
 0.221601 0.450381 0.076599 
 0.306952 0.542458 0.052584 
 0.127017 0.914334 0.116164 
 -0.279156 0.126472 -0.229992 
 0.359831 -0.182429 -0.065074 
 0.471259 -0.250954 -0.104143 
 -0.070427 0.007090 -0.256736 
 0.206190 0.491793 0.064995 
 -0.315678 -0.180253 -0.037657 
 0.431118 0.473701 0.039915 
 -0.328811 0.404937 0.098846 
 0.306259 0.523414 0.046836 
 0.245482 0.432749 0.072863 
 0.348722 0.407037 0.038470 
 -0.360243 0.323586 0.095097 
 0.249712 0.215970 0.041971 
 0.317367 0.221510 0.037642 
 0.400157 0.352423 0.024907 
 0.331296 0.301288 0.048996 
 0.092191 -0.515937 0.045328 
 -0.384558 -0.307797 0.126389 
 -0.438629 -0.098265 0.009131 
 0.366593 0.391158 0.022493 
 -0.312860 0.305926 0.094673 
 0.221786 0.615157 0.057375 
 -0.167641 -0.561388 0.104865 
 0.393471 -0.242010 -0.071522 
 0.339031 -0.070486 -0.023671 
 -0.461829 0.167522 0.143152 
 -0.453931 0.331110 0.214258 
 0.289008 -0.156921 -0.018137 
 -0.133111 -0.659668 0.089930 
 0.230440 0.391467 0.072626 
 -0.198925 0.307997 -0.145685 
 -0.429310 0.071272 0.129929 
 0.206129 0.630944 0.072031 
 -0.267874 -0.255040 0.023749 
 0.179971 0.099407 0.083785 
 0.172170 -0.642503 0.057973 
 0.197325 0.103279 0.073906 
 0.376079 -0.140794 -0.066571 
 0.264401 0.416942 0.055872 
 0.452110 0.156144 0.003784 
 -0.243361 0.381622 0.043011 
 0.419916 -0.299185 -0.087772 
 0.385956 -0.452308 -0.076461 
 0.233467 0.174565 0.041218 
 -0.336145 -0.267662 0.059676 
 -0.329977 0.220441 0.033556 
 0.198744 -0.076335 0.135573 
 -0.099899 -0.431375 0.020021 
 -0.262402 -0.106347 -0.159764 
 -0.009993 0.240683 -0.227760 
 0.350379 0.246808 0.024727 
 -0.123948 0.089968 -0.203023 
 -0.262593 0.129786 -0.238062 
 -0.341003 0.150614 -0.009295 
 0.322277 -0.073691 -0.014966 
 0.342199 -0.290220 -0.054768 
 -0.325270 0.107221 -0.159853 
 -0.432375 0.027544 0.151514 
 -0.433618 0.397169 0.190450 
 0.112107 0.837856 0.103337 
 -0.227597 0.279490 -0.201722 
 0.249734 0.215960 0.043140 
 0.486504 -0.170661 -0.090722 
 0.076634 -0.595068 0.032142 
 0.353071 -0.532226 -0.080316 
 -0.377463 0.053235 -0.112328 
 -0.140215 0.324566 -0.114090 
 0.154057 -0.356664 0.084577 
 0.342750 -0.309417 -0.061036 
 0.436860 -0.276696 -0.090316 
 0.276362 -0.294464 -0.048812 
 0.346717 0.509054 0.034279 
 -0.241661 -0.195517 -0.195899 
 0.353067 0.047903 -0.001117 
 -0.312872 0.306524 0.094678 
 0.330769 0.527030 0.049050 
 0.389141 -0.382685 -0.090649 
 -0.165314 0.380850 -0.018771 
 -0.348351 0.357604 0.129058 
 -0.251308 -0.234552 0.021310 
 -0.025421 -0.507698 0.004875 
 -0.138729 0.013129 -0.215652 
 -0.356753 -0.298299 0.097763 
 0.313483 0.420276 0.061994 
 0.265998 -0.568772 -0.039106 
 0.425576 -0.035719 -0.065072 
 0.080842 -0.272864 0.150193 
 0.162201 0.782998 0.091360 
 0.292046 -0.376790 -0.049329 
 0.035277 -0.330863 0.049035 
 -0.228142 0.441689 0.050323 
 0.464812 -0.019773 -0.035881 
 -0.294759 0.189571 0.004250 
 0.199331 -0.095649 0.129926 
 0.353729 0.131769 -0.008847 
 0.369919 0.108711 0.007652 
 -0.415454 0.325767 0.158586 
 -0.056260 0.321583 -0.162785 
 0.304760 0.863801 0.047036 
 0.177198 -0.545592 0.018788 
 0.486485 -0.170651 -0.091941 
 0.545051 -0.527994 -0.079648 
 -0.347624 0.356913 0.129041 
 0.285626 -0.516526 -0.068460 
 0.241993 -0.378890 0.026571 
 0.182942 -0.138403 0.127975 
 -0.321552 0.096331 -0.196753 
 -0.200549 0.307961 -0.145226 
 -0.211579 -0.332948 0.018503 
 -0.312390 0.291015 0.089261 
 0.272813 0.681279 0.046477 
 -0.115596 -0.348198 0.021267 
 0.470692 -0.193143 -0.086572 
 -0.096611 -0.280990 -0.002860 
 0.188655 -0.206377 0.072935 
 -0.040772 0.142250 -0.236860 
 -0.280016 0.162949 -0.218579 
 -0.100444 -0.411731 0.026979 
 0.249731 0.215944 0.043140 
 0.020150 -0.410659 0.037076 
 -0.344521 -0.419056 0.166972 
 -0.239394 -0.496834 0.164307 
 -0.392559 -0.004440 -0.121084 
 -0.440167 -0.229779 0.132395 
 0.403186 -0.550050 -0.082960 
 -0.409102 0.027627 0.072579 
 0.240596 0.700149 0.037217 
 -0.199865 -0.500706 0.108843 
 -0.281841 -0.174971 -0.055916 
 -0.198484 0.214733 -0.251737 
 0.419305 -0.635722 -0.083980 
 -0.126976 0.340343 -0.084646 
 -0.422544 -0.245856 0.117825 
 0.326214 -0.122767 -0.063051 
 -0.072458 0.180469 -0.239584 
 0.221726 0.431353 0.070835 
 0.305353 0.842058 0.040666 
 -0.154220 0.128274 -0.205856 
 0.398608 0.390187 0.036100 
 0.324194 -0.275246 -0.039842 
 -0.073714 0.198841 -0.234199 
 0.300318 -0.417575 -0.049634 
 -0.164494 -0.312696 0.028232 
 -0.448135 -0.122489 0.024120 
 -0.242830 0.363998 0.038152 
 0.059424 -0.597494 0.041466 
 -0.480372 0.220099 0.168072 
 0.110764 -0.549388 0.024760 
 -0.096364 0.340191 -0.070940 
 -0.264666 0.184238 -0.222064 
 0.362250 0.569385 0.041764 
 0.272134 -0.179303 -0.015141 
 -0.411494 0.332329 0.127500 
 0.240287 0.756785 0.055139 
 0.453785 -0.254255 -0.094125 
 0.435236 0.191010 0.024313 
 0.168231 -0.237345 0.110584 
 0.300997 0.143606 0.024560 
 -0.160823 -0.124654 -0.226154 
 0.246682 0.855568 0.062274 
 -0.024880 -0.526072 -0.000699 
 -0.131656 -0.390850 0.021037 
 0.206087 -0.327418 0.062313 
 0.124335 -0.411973 0.054836 
 0.317819 0.144903 0.015288 
 -0.370770 -0.179370 0.026390 
 0.254524 -0.116422 0.059128 
 0.220148 -0.065051 0.094631 
 -0.222878 0.272130 -0.077664 
 -0.464014 0.241862 0.163854 
 -0.066177 0.096979 -0.218520 
 -0.275371 0.302010 0.039285 
 -0.308162 -0.431671 0.143631 
 -0.032600 -0.649839 0.065695 
 0.271579 0.819723 0.053206 
 -0.272049 -0.030066 -0.149676 
 0.381513 0.572621 0.032518 
 -0.200561 -0.403886 0.056064 
 0.469271 -0.615902 -0.075645 
 0.355067 0.672266 0.026758 
 0.177256 -0.565680 0.013144 
 0.212212 0.868094 0.086022 
 -0.267436 -0.255041 0.024919 
 -0.084268 -0.371492 0.028886 
 -0.224787 -0.010652 -0.219127 
 0.500721 -0.473144 -0.054529 
 -0.223554 -0.560626 0.170021 
 0.149538 -0.201263 0.129745 
 -0.497450 0.372946 0.189478 
 0.382329 0.349593 0.034181 
 -0.470335 0.309291 0.218289 
 0.128516 0.758551 0.104101 
 0.306817 0.504391 0.041485 
 -0.369727 -0.158808 -0.048464 
 0.174155 -0.573876 0.044497 
 -0.175035 0.216651 -0.249591 
 -0.386152 0.093589 -0.032697 
 0.060948 -0.636820 0.030192 
 -0.166533 -0.599153 0.093777 
 0.207263 -0.240827 0.053290 
 -0.150514 -0.662889 0.099217 
 -0.081086 -0.343334 0.002892 
 -0.074201 0.235622 -0.223185 
 -0.159706 -0.162301 -0.235153 
 -0.274428 0.284556 0.033857 
 -0.397341 0.207971 0.070373 
 -0.063070 -0.236785 -0.010117 
 0.303175 -0.038540 0.005548 
 -0.410434 0.074974 0.039233 
 -0.407130 -0.186292 0.124713 
 -0.116125 -0.330731 0.026454 
 -0.347454 -0.103395 -0.109901 
 -0.265852 -0.059007 -0.112268 
 -0.348004 -0.103406 -0.109892 
 0.301166 -0.019376 0.011180 
 0.398895 0.594878 0.028858 
 -0.315467 -0.314602 0.084333 
 -0.027622 -0.672290 0.071198 
 -0.174976 0.213635 -0.249618 
 0.060003 -0.617651 0.035827 
 -0.460091 0.130084 0.132250 
 0.418538 -0.471362 -0.070053 
 -0.254711 0.090599 -0.237441 
 0.453219 0.118350 -0.007457 
 0.382338 0.349200 0.034249 
 -0.469507 0.390872 0.208512 
 -0.305594 0.219462 -0.044991 
 0.306840 -0.277399 -0.030524 
 -0.049406 -0.364737 0.010475 
 0.222887 -0.257759 0.038366 
 0.194853 0.908139 0.074331 
 0.212915 -0.434344 -0.001661 
 0.215720 -0.531620 -0.031190 
 -0.257477 -0.384358 0.126488 
 0.356483 0.773062 0.022472 
 -0.394640 0.115187 0.043095 
 -0.442326 -0.314110 0.141986 
 0.172126 -0.314556 0.086497 
 -0.159293 0.339879 -0.098376 
 0.230719 0.270534 0.069127 
 0.360364 -0.201952 -0.072798 
 0.439731 0.037084 -0.020677 
 0.240580 -0.177961 0.051525 
 0.264264 0.315466 0.061812 
 -0.259709 0.361107 0.046583 
 0.084670 -0.434808 0.056748 
 -0.081142 -0.343326 0.001774 
 0.434780 -0.534945 -0.065011 
 0.240631 0.498225 0.046674 
 -0.470348 0.310479 0.219005 
 0.288983 0.520226 0.055384 
 -0.376390 0.016337 -0.123063 
 -0.232140 0.350467 0.013261 
 -0.094787 -0.518609 0.041851 
 0.289155 0.520222 0.056247 
 0.273202 0.764719 0.036906 
 0.359311 -0.059238 -0.064031 
 -0.344441 -0.400022 0.172521 
 -0.413679 0.186318 0.071725 
 -0.331184 0.341391 0.114596 
 -0.232140 0.226855 -0.229452 
 -0.241744 0.326249 0.026722 
 0.372185 -0.006462 -0.025988 
 0.215135 -0.511390 -0.025879 
 -0.235578 -0.134490 -0.199842 
 -0.351043 0.449632 0.156275 
 -0.280202 0.162671 -0.218579 
 0.256763 0.722171 0.034998 
 -0.209180 0.029447 -0.216255 
 0.302723 0.084263 0.008752 
 0.355934 -0.629830 -0.106666 
 0.208339 -0.404675 0.039779 
 -0.186202 0.048263 -0.209548 
 -0.025461 -0.505633 0.004893 
 -0.466293 0.372295 0.203026 
 -0.247558 0.169061 -0.236222 
 -0.032587 -0.563602 0.056673 
 0.519435 -0.508985 -0.075322 
 0.068506 -0.306086 0.116593 
 -0.402430 -0.196655 0.085341 
 -0.341582 0.169424 -0.006092 
 0.321189 -0.530518 -0.092486 
 -0.434490 0.397135 0.192347 
 0.102856 -0.318906 0.092342 
 -0.250801 -0.155993 -0.197136 
 -0.147787 -0.432533 0.017430 
 0.417735 0.130032 0.015875 
 -0.095226 -0.318837 -0.013218 
 -0.218298 -0.466663 0.128835 
 -0.229562 0.252379 -0.255179 
 -0.322115 -0.057793 -0.128295 
 0.319390 -0.597677 -0.078563 
 -0.200717 -0.028110 -0.219792 
 -0.478173 0.144511 0.146711 
 0.450871 -0.138595 -0.060347 
 -0.391445 0.141316 0.014907 
 -0.404442 -0.374838 0.150909 
 0.443115 0.111923 0.012863 
 -0.441790 -0.024056 0.030842 
 0.190346 -0.264176 0.056444 
 -0.016695 -0.628417 0.062015 
 -0.379433 0.173982 0.049404 
 -0.352452 -0.482272 0.170825 
 -0.400597 -0.348380 0.124492 
 0.230596 -0.575263 -0.020542 
 0.161674 0.802019 0.098535 
 -0.281264 0.199421 -0.207478 
 -0.176469 -0.164690 -0.225827 
 -0.479804 0.201455 0.164256 
 -0.412742 0.286267 0.067600 
 0.190926 -0.283997 0.051338 
 0.206861 -0.183861 0.070155 
 0.284744 -0.126699 0.022873 
 0.168633 -0.237324 0.109096 
 0.111988 0.734797 0.107697 
 0.352064 0.188788 0.007935 
 -0.056397 0.102339 -0.236421 
 -0.156116 0.321472 -0.103813 
 -0.096352 -0.280978 -0.003703 
 0.367794 -0.433424 -0.062328 
 -0.480940 0.201443 0.163074 
 0.034735 -0.311729 0.055665 
 -0.467790 0.372261 0.203537 
 -0.287675 -0.478527 0.163808 
 0.431684 0.454196 0.034360 
 0.360395 -0.096456 -0.075975 
 0.335480 0.167277 0.011608 
 0.435335 -0.362537 -0.081880 
 -0.322631 0.015798 -0.188349 
 -0.376410 0.016996 -0.123539 
 0.084692 -0.492552 0.038733 
 -0.073669 0.217239 -0.228835 
 0.233752 0.052277 0.038671 
 0.485818 -0.574467 -0.073558 
 0.111411 0.754841 0.112889 
 -0.033237 -0.630600 0.071320 
 -0.046869 0.384396 -0.087052 
 -0.315631 -0.237199 0.026827 
 -0.409814 -0.156586 0.087287 
 0.270108 -0.226716 0.004965 
 -0.395213 0.134472 0.047294 
 0.394624 -0.137561 -0.074558 
 0.225872 -0.401665 0.030257 
 0.145472 0.861081 0.090623 
 0.339128 0.586966 0.045315 
 -0.134793 -0.639576 0.095564 
 -0.384258 -0.231044 0.068959 
 -0.450065 0.273198 0.117622 
 -0.074766 0.153951 -0.213635 
 -0.312459 0.425263 0.095274 
 0.265362 0.278049 0.050656 
 -0.200541 0.307238 -0.145666 
 0.383467 0.207864 0.027298 
 0.382836 0.431814 0.025025 
 0.416067 0.187746 0.033681 
 -0.312477 0.426197 0.095282 
 -0.271941 -0.541842 0.171624 
 0.190747 0.533153 0.051072 
 -0.171279 -0.589373 0.131899 
 0.353810 0.132201 -0.008844 
 0.111977 0.735392 0.107702 
 -0.321302 0.180916 -0.046836 
 -0.263546 -0.322577 0.051429 
 0.243949 -0.378852 0.026541 
 0.255241 -0.077418 0.070366 
 -0.357323 -0.279437 0.101970 
 0.022929 -0.506280 0.008570 
 0.257224 0.720917 0.034980 
 -0.061290 0.268287 -0.191655 
 0.199028 0.737092 0.137071 
 -0.326628 0.329822 0.077200 
 -0.349755 -0.319912 0.102348 
 -0.418288 -0.332586 0.138741 
 0.022391 -0.487237 0.015311 
 -0.283095 -0.098732 -0.114104 
 0.156015 0.648648 0.073260 
 0.196638 -0.533923 -0.021834 
 -0.131697 -0.390827 0.018379 
 0.040920 0.288992 -0.164495 
 0.304687 -0.057713 -0.000075 
 0.036262 -0.636951 0.029883 
 -0.130711 -0.286430 0.015457 
 0.452242 -0.406771 -0.071476 
 0.247434 0.066949 0.066423 
 -0.254213 0.074093 -0.242763 
 0.233853 -0.108499 0.105607 
 0.230729 0.270037 0.069099 
 -0.027652 -0.326284 0.023567 
 -0.339231 0.012953 -0.177751 
 -0.267295 -0.159091 -0.187408 
 -0.258869 0.238448 -0.115572 
 0.431691 0.453836 0.034357 
 -0.443625 0.023032 -0.083422 
 -0.443296 0.114573 0.117233 
 -0.291479 -0.408498 0.139348 
 0.154611 -0.375770 0.078594 
 -0.370818 -0.255177 0.083835 
 -0.295045 0.410378 0.082011 
 0.270474 0.857872 0.064478 
 0.273293 -0.093884 0.055082 
 0.280880 0.234196 0.062466 
 0.177754 -0.565658 0.011723 
 0.249628 -0.612607 -0.041201 
 -0.007979 0.286797 -0.168976 
 -0.148911 -0.393645 0.028528 
 -0.112101 -0.522862 0.050939 
 -0.262425 -0.105337 -0.159961 
 -0.273021 -0.541865 0.171857 
 -0.079665 -0.583076 0.046637 
 -0.184074 -0.024997 -0.231701 
 0.223588 -0.304850 0.058476 
 0.218005 -0.131900 0.109284 
 0.272104 0.838617 0.058942 
 0.387394 0.073514 -0.011199 
 -0.234047 -0.152910 -0.204690 
 -0.375349 -0.019722 -0.134937 
 -0.214477 0.193414 -0.246191 
 0.268032 -0.540233 -0.064769 
 0.107391 -0.434463 0.057410 
 -0.133856 -0.456793 0.034129 
 -0.214476 0.191476 -0.248567 
 0.197474 -0.161584 0.144598 
 0.301294 -0.456694 -0.060898 
 0.509656 -0.534472 -0.062059 
 -0.370803 -0.254991 0.085010 
 -0.095303 0.356877 -0.065556 
 0.469015 -0.173894 -0.081499 
 0.305624 0.644894 0.048739 
 -0.263131 0.148322 -0.232729 
 -0.315633 -0.237198 0.026679 
 0.483996 -0.534808 -0.062164 
 0.224279 -0.401461 0.030284 
 -0.121937 0.053116 -0.213814 
 -0.434332 -0.372588 0.137250 
 0.250009 0.093780 0.040379 
 0.004604 -0.615433 0.021254 
 -0.134239 -0.659676 0.088444 
 -0.092021 -0.472378 0.021946 
 -0.197435 0.178262 -0.263282 
 -0.254713 0.090691 -0.237440 
 -0.411531 0.267771 0.062180 
 -0.132247 -0.371857 0.024150 
 -0.220923 -0.532207 0.142095 
 -0.168040 -0.560874 0.104876 
 0.320940 -0.073717 -0.014945 
 -0.329441 -0.118734 -0.125109 
 -0.382693 0.368851 0.152524 
 -0.188318 -0.598643 0.312750 
 0.182513 0.042649 0.066991 
 -0.046336 0.366224 -0.092472 
 -0.187265 -0.600545 0.312717 
 0.206656 -0.347163 0.056537 
 -0.216386 -0.522998 0.112097 
 0.248619 0.254039 0.054301 
 0.342919 -0.204815 -0.064610 
 -0.243236 -0.177078 -0.190488 
 -0.349962 0.412788 0.145644 
 -0.296221 0.141637 -0.214333 
 -0.239677 0.270322 -0.069917 
 -0.165045 -0.293695 0.033911 
 0.332436 0.263173 0.039589 
 -0.112054 -0.525162 0.051061 
 0.247303 -0.408431 -0.016039 
 -0.247091 0.168854 -0.236231 
 0.218593 -0.026530 0.105981 
 0.186878 -0.273375 0.088462 
 -0.186305 -0.447356 0.067437 
 0.166512 -0.179004 0.126043 
 0.284218 -0.107477 0.030752 
 -0.293468 0.189596 0.004230 
 -0.335048 0.075450 -0.193290 
 0.068514 -0.306523 0.116595 
 -0.290797 -0.545085 0.180911 
 -0.384023 -0.326248 0.120466 
 0.194246 0.863607 0.095146 
 0.272678 -0.217725 -0.026352 
 -0.255278 0.109012 -0.234153 
 -0.208370 0.110078 -0.227240 
 0.290105 0.482172 0.045129 
 -0.010389 -0.408149 0.023540 
 -0.298386 0.216004 -0.111801 
 -0.364717 0.269897 0.067287 
 -0.338733 0.176595 -0.037904 
 -0.330714 0.154760 -0.112137 
 0.198892 -0.095657 0.129934 
 0.181855 -0.118216 0.133636 
 -0.421339 0.088554 0.065896 
 0.417743 0.130028 0.016415 
 -0.087738 0.022422 -0.241558 
 0.272679 -0.198513 -0.021727 
 0.371509 -0.549309 -0.095321 
 0.488731 -0.247711 -0.114461 
 0.301942 0.122564 0.018942 
 -0.082591 -0.428205 0.013560 
 -0.328195 0.404160 0.098830 
 0.199164 0.695262 0.045539 
 0.320767 0.583647 0.054536 
 -0.365274 0.353785 0.136394 
 -0.292132 0.230850 -0.177057 
 0.214504 0.228646 0.066842 
 0.096664 0.894804 0.096942 
 -0.450937 -0.074673 -0.008345 
 -0.385246 0.462428 0.179751 
 -0.277639 0.394917 0.067482 
 -0.281869 -0.173520 -0.055903 
 0.195990 -0.456843 0.002059 
 -0.113107 -0.627793 0.054697 
 -0.432265 -0.119375 0.013616 
 0.419995 -0.635708 -0.084058 
 -0.364538 -0.070362 -0.090195 
 -0.088818 0.022409 -0.242410 
 0.457795 0.211404 0.031565 
 0.420331 0.091572 0.005509 
 -0.450496 -0.011211 -0.024803 
 0.357326 0.653318 0.022291 
 0.337525 -0.469476 -0.085184 
 0.256876 0.678328 0.055616 
 -0.107577 0.111501 -0.206559 
 0.247305 -0.408598 -0.016120 
 -0.373593 0.109131 -0.004396 
 -0.262957 -0.124825 -0.165348 
 -0.221297 -0.434715 0.090969 
 0.436131 -0.468694 -0.079085 
 -0.165803 -0.626802 0.260046 
 -0.114259 0.372292 -0.051542 
 -0.206685 0.293997 -0.082395 
 -0.185582 -0.544938 0.119881 
 0.179919 -0.165942 0.153958 
 -0.322563 0.013706 -0.186633 
 -0.234397 -0.116021 -0.194481 
 -0.249258 -0.445285 0.121085 
 -0.103961 0.000907 -0.239781 
 0.332476 0.365658 0.034829 
 -0.194166 0.089218 -0.210047 
 -0.422854 0.059723 0.011626 
 0.319164 -0.578914 -0.072928 
 0.393928 -0.137575 -0.074547 
 0.169341 -0.276340 0.097809 
 -0.350567 -0.319930 0.102622 
 -0.478253 0.126932 0.141284 
 -0.154683 0.010048 -0.206597 
 0.376549 -0.056021 -0.074056 
 -0.040977 0.420016 -0.064605 
 0.182342 -0.117121 0.133638 
 0.186858 -0.272364 0.088471 
 -0.370705 0.078078 -0.046998 
 -0.283330 -0.468044 0.133974 
 0.034709 -0.310710 0.055266 
 -0.357826 0.146932 -0.002554 
 -0.238122 0.093790 -0.245409 
 -0.025129 0.182296 -0.235908 
 0.368675 -0.328149 -0.064415 
 -0.164496 -0.312616 0.028206 
 0.386807 0.092720 -0.007355 
 0.225327 -0.257711 0.038319 
 -0.149180 -0.594850 0.084426 
 -0.132235 -0.371895 0.024889 
 0.468232 -0.240145 -0.066720 
 -0.235419 0.462347 0.044278 
 -0.247105 0.169076 -0.236895 
 0.274461 -0.132440 0.046743 
 -0.436690 0.039030 -0.065356 
 0.239535 0.736982 0.049634 
 -0.311771 0.288645 0.089231 
 -0.186221 -0.446485 0.067443 
 0.126945 0.876708 0.105230 
 -0.074740 -0.469250 0.012235 
 0.188561 0.608836 0.074466 
 -0.387408 -0.258335 0.094099 
 -0.138977 0.031570 -0.210269 
 0.382337 0.349201 0.034196 
 0.448708 -0.079630 -0.043436 
 -0.329337 0.422730 0.104274 
 0.468398 -0.193188 -0.086536 
 -0.349712 -0.130117 -0.081391 
 0.198619 0.714111 0.051305 
 0.180286 0.710924 0.060221 
 0.361768 0.429268 0.034327 
 0.128637 0.859167 0.099728 
 -0.056964 0.120469 -0.233330 
 -0.099884 -0.431383 0.020989 
 -0.369931 -0.179354 0.026377 
 -0.325319 -0.011115 -0.160452 
 -0.074748 -0.469172 0.011757 
 0.358049 0.532998 0.018806 
 0.140962 -0.533539 0.043128 
 0.240651 0.498214 0.047933 
 -0.154673 0.010043 -0.205976 
 -0.041525 0.438601 -0.059576 
 0.283634 -0.088224 0.034902 
 0.295239 0.940449 0.057215 
 -0.081126 -0.343235 0.002893 
 -0.118105 -0.453631 0.025083 
 0.537091 -0.505300 -0.084736 
 -0.081966 -0.650015 0.061245 
 -0.376355 -0.001380 -0.128417 
 -0.052663 0.303184 -0.168226 
 0.191327 0.514215 0.047366 
 -0.363384 -0.070866 0.162882 
 -0.401851 -0.140008 0.024447 
 0.206677 -0.348230 0.056528 
 0.374715 0.593270 0.026890 
 0.115608 -0.246802 0.137144 
 -0.154701 0.010058 -0.207760 
 0.213135 0.387852 0.080141 
 0.213230 -0.559177 -0.005562 
 0.284258 -0.126716 0.023787 
 -0.328606 0.081313 -0.133603 
 0.020863 -0.571551 0.023206 
 0.360141 -0.182404 -0.067191 
 -0.089884 0.096160 -0.219835 
 0.402290 -0.407623 -0.075591 
 -0.151245 0.000781 -0.243451 
 -0.401052 -0.063739 -0.115367 
 0.049932 -0.270809 0.139515 
 0.282771 0.157623 0.039406 
 -0.091342 0.333824 -0.139508 
 -0.148200 -0.055574 -0.259605 
 -0.199890 -0.499748 0.108450 
 -0.279680 0.144708 -0.224196 
 -0.401216 0.420727 0.177867 
 -0.406737 0.026962 0.072536 
 0.298250 0.237191 0.052517 
 0.230949 0.109680 0.056018 
 -0.165019 -0.435135 0.026615 
 -0.074428 0.154576 -0.213635 
 -0.247090 0.168811 -0.236231 
 -0.361475 0.139966 0.031623 
 0.347611 0.445225 0.049731 
 -0.240134 0.271224 0.010435 
 0.398862 0.575271 0.023296 
 -0.431955 0.027556 0.151084 
 -0.176627 0.309042 -0.143213 
 -0.480526 0.182810 0.157630 
 -0.328262 0.099692 -0.128250 
 -0.201176 0.449494 0.021088 
 0.319366 0.003063 0.007625 
 0.410891 -0.236427 -0.080741 
 -0.240670 0.289519 0.015863 
 -0.179308 -0.372549 0.020786 
 0.188035 0.627424 0.081199 
 -0.359801 0.120398 -0.057590 
 0.177804 0.942607 0.094402 
 0.045514 0.361490 -0.131559 
 0.160062 0.958244 0.109533 
 -0.046850 0.383415 -0.087060 
 0.222739 0.431373 0.070819 
 0.296889 0.275698 0.063713 
 -0.165146 0.381502 -0.018768 
 0.431644 0.456293 0.034379 
 -0.329411 -0.118750 -0.123184 
 0.536510 -0.486062 -0.080213 
 0.177762 -0.565662 0.012199 
 0.031800 0.358233 -0.122619 
 0.193521 -0.008832 0.109692 
 -0.340162 0.149532 -0.091854 
 -0.395821 -0.078546 0.100133 
 -0.465821 0.232634 0.115786 
 0.272872 0.662548 0.040956 
 -0.107172 0.111590 -0.206564 
 -0.114540 0.390850 -0.045709 
 0.253875 0.835440 0.066508 
 0.209913 -0.587838 0.021425 
 0.369377 0.090084 0.002065 
 -0.170359 -0.627753 0.119742 
 0.224059 -0.343490 0.047196 
 0.144096 0.916835 0.107100 
 0.049894 -0.270788 0.137067 
 0.435741 -0.238167 -0.078798 
 -0.185734 -0.143657 -0.231980 
 -0.320672 -0.057765 -0.128317 
 0.364946 0.346742 0.043448 
 -0.326520 -0.398132 0.163296 
 -0.291835 0.299994 0.048280 
 -0.127396 0.198996 -0.250135 
 0.194881 -0.504461 0.020706 
 0.335859 -0.430953 -0.074342 
 0.179049 0.100043 0.083805 
 0.232419 0.211666 0.052369 
 0.218992 -0.169665 0.098003 
 0.006124 -0.529349 0.012232 
 0.085842 -0.531592 0.028650 
 0.254347 -0.143849 0.084942 
 0.335143 0.205578 0.022785 
 -0.278607 -0.513044 0.214725 
 -0.391637 0.058892 -0.054654 
 0.319240 -0.492002 -0.081472 
 0.338606 0.807736 0.043030 
 -0.134532 0.002643 -0.252311 
 -0.164713 -0.293687 0.033759 
 -0.360910 0.342169 0.100110 
 -0.074211 0.235628 -0.223822 
 0.020517 0.397204 -0.122005 
 -0.213339 0.255344 -0.263977 
 -0.105468 0.155922 -0.228956 
 -0.167377 -0.021847 -0.239938 
 0.322672 0.747789 0.034720 
 -0.353581 -0.055922 -0.142030 
 -0.212927 0.277280 -0.098087 
 -0.190507 0.317624 -0.085914 
 -0.231846 0.294783 -0.004523 
 0.281721 0.420226 0.048847 
 0.122011 -0.603959 0.066937 
 0.351576 -0.533273 -0.080301 
 -0.222647 -0.434745 0.091425 
 0.223052 -0.304859 0.058382 
 -0.198652 0.375275 -0.000812 
 -0.360167 0.140012 0.029308 
 -0.023037 0.386203 -0.084731 
 0.160574 0.958259 0.108990 
 0.316175 0.221701 0.037662 
 -0.213254 -0.275049 0.035065 
 0.184779 -0.195459 0.111045 
 0.321038 -0.054510 -0.009536 
 -0.288391 0.102270 -0.214431 
 -0.061794 0.286128 -0.184838 
 -0.239483 0.031152 -0.230455 
 0.259242 -0.337002 0.028460 
 0.224173 -0.343176 0.047197 
 0.221361 -0.122835 0.075367 
 0.105862 -0.338122 0.086674 
 -0.193772 -0.149325 -0.212090 
 -0.366843 0.409643 0.156562 
 -0.342540 0.004799 -0.146647 
 0.458363 0.191883 0.026061 
 0.330252 0.543986 0.054428 
 -0.345126 0.382451 0.102063 
 -0.444706 0.308527 0.140062 
 0.395189 -0.194699 -0.091365 
 0.319935 0.087483 -0.001504 
 0.190538 -0.264177 0.056970 
 -0.143623 0.315198 -0.159829 
 0.195820 0.908640 0.074320 
 -0.134534 0.002644 -0.252415 
 -0.410954 0.231761 0.051377 
 -0.142195 -0.633474 0.212673 
 0.212857 -0.511437 -0.025515 
 -0.330606 0.136390 -0.117497 
 0.322445 0.847330 0.031552 
 0.452092 -0.196032 -0.077229 
 -0.305822 -0.481766 0.175055 
 0.034883 -0.617713 0.034104 
 0.133827 0.707535 0.055743 
 0.199698 0.045858 0.057732 
 -0.283090 -0.098968 -0.114106 
 -0.387284 -0.277164 0.090740 
 -0.315511 -0.313563 0.082766 
 -0.335871 -0.210447 -0.003845 
 0.270575 -0.283886 -0.011882 
 -0.281864 0.181163 -0.213228 
 -0.249493 -0.092941 -0.132493 
 0.363826 0.486621 0.051402 
 0.098910 0.701208 0.073806 
 0.301405 -0.600929 -0.069210 
 0.248645 0.252672 0.054289 
 -0.153063 -0.082147 -0.233669 
 -0.187624 -0.629464 0.129040 
 0.314579 0.381551 0.049081 
 -0.228818 0.356816 -0.020107 
 -0.314447 0.194579 -0.110299 
 0.545049 -0.527890 -0.079647 
 -0.280222 0.162953 -0.219507 
 -0.166654 0.294077 -0.168812 
 0.414840 0.433184 0.038040 
 -0.445904 0.069599 0.138976 
 -0.293410 0.168440 -0.161521 
 -0.184071 0.434049 0.006490 
 -0.057876 0.120777 -0.233313 
 0.364902 0.550381 0.036164 
 -0.299446 -0.139296 -0.115960 
 0.130358 0.901095 0.078606 
 0.324350 -0.084817 -0.051851 
 0.470727 -0.335797 -0.094932 
 0.331633 0.320433 0.056359 
 0.317697 0.060079 0.024306 
 -0.397351 -0.094215 -0.077722 
 0.150676 0.690975 0.041154 
 0.281930 -0.011252 0.057513 
 0.188676 -0.206695 0.073863 
 0.028646 0.358174 -0.122918 
 -0.305000 -0.480521 0.175053 
 0.060040 -0.619594 0.035810 
 0.052668 -0.451514 0.038271 
 -0.409255 -0.004799 -0.110629 
 -0.394377 0.233848 0.042416 
 0.171048 -0.335269 0.080866 
 0.246960 0.311424 0.071784 
 0.059450 -0.598303 0.042143 
 0.392957 -0.137594 -0.074532 
 -0.383038 -0.136305 -0.065785 
 -0.063979 0.400198 -0.072649 
 0.204541 0.548228 0.081626 
 -0.055887 0.322101 -0.162786 
 0.230928 -0.450355 -0.018870 
 -0.046733 -0.538383 0.040038 
 -0.213271 -0.274125 0.035073 
 0.341659 -0.270953 -0.047809 
 -0.395765 0.289384 0.057844 
 0.221424 -0.122870 0.079462 
 0.229272 -0.392575 -0.000163 
 -0.104873 0.155918 -0.227170 
 -0.151085 -0.662900 0.099226 
 0.221741 0.551962 0.071815 
 -0.142938 0.258315 -0.257538 
 0.319917 -0.015822 0.001876 
 0.199159 0.695265 0.045250 
 0.325582 -0.274145 -0.039854 
 0.408741 -0.059497 -0.061407 
 0.247618 -0.057895 0.064879 
 0.051841 -0.432339 0.045265 
 0.230959 -0.451266 -0.017988 
 -0.343264 -0.419027 0.166445 
 0.231143 0.212729 0.052398 
 -0.106360 0.093079 -0.211957 
 -0.211607 -0.331529 0.018516 
 -0.252249 0.458499 0.053251 
 -0.253024 0.458692 0.053264 
 0.047149 0.305121 -0.147858 
 -0.429136 -0.084805 0.116425 
 -0.016717 -0.627275 0.062025 
 0.226000 -0.276974 0.032696 
 -0.413682 0.186320 0.071494 
 -0.247286 0.252637 -0.086684 
 -0.185627 -0.467575 0.061866 
 -0.061978 -0.541555 0.049269 
 0.306965 -0.172879 -0.034468 
 -0.055887 0.321596 -0.163446 
 0.305119 0.563279 0.058180 
 0.487147 -0.400270 -0.090651 
 -0.383907 -0.116770 -0.060361 
 -0.204247 -0.662211 0.304854 
 0.182070 0.691318 0.054686 
 -0.384043 -0.117806 -0.060368 
 0.231058 0.250937 0.063544 
 0.208900 -0.423987 0.033993 
 -0.144848 0.373012 -0.065986 
 -0.391667 0.058909 -0.056578 
 -0.356025 0.127996 -0.088336 
 0.247308 -0.408722 -0.016042 
 0.202623 -0.250185 0.084785 
 -0.145305 0.354476 -0.070276 
 0.228352 0.205399 0.083991 
 -0.311925 0.407266 0.090117 
 0.452087 -0.196393 -0.078066 
 -0.449114 -0.122187 0.024137 
 0.263806 0.397854 0.052514 
 -0.327386 0.385584 0.093395 
 -0.450975 0.007241 -0.018550 
 0.141585 -0.533436 0.043120 
 -0.297756 -0.057169 -0.125915 
 0.113213 0.799711 0.092341 
 0.337672 0.726026 0.052551 
 -0.342696 -0.438055 0.161812 
 -0.055643 0.102375 -0.238727 
 0.352674 0.151332 -0.003240 
 -0.360515 -0.422229 0.176653 
 0.458919 0.172873 0.020340 
 -0.133841 0.002657 -0.252369 
 0.169892 -0.295272 0.091901 
 0.368362 -0.452741 -0.067626 
 -0.406642 0.166220 0.078631 
 -0.351870 -0.213576 0.006420 
 -0.135588 -0.640513 0.095569 
 0.306040 0.624797 0.043186 
 -0.426905 -0.159743 0.097620 
 0.443099 0.112792 0.012871 
 -0.305612 0.220402 -0.044982 
 -0.432209 0.238864 0.097792 
 0.384722 -0.305667 -0.068093 
 0.026128 -0.662549 0.041815 
 0.262617 0.371599 0.078544 
 0.098776 -0.372104 0.064350 
 -0.330350 0.322772 0.108493 
 0.268528 -0.626697 -0.056188 
 -0.218499 -0.406775 0.065258 
 -0.322063 0.113480 -0.191425 
 0.187993 -0.311346 0.077279 
 -0.047824 0.045503 -0.243714 
 0.316690 -0.376394 -0.047947 
 -0.264708 0.202484 -0.216375 
 0.239563 0.637278 0.053993 
 0.274387 -0.130678 0.044162 
 0.006742 -0.528715 0.012227 
 -0.249014 0.347368 0.020298 
 0.285337 0.081055 0.017338 
 -0.026763 -0.326270 0.023554 
 0.272718 0.781952 0.044724 
 -0.142191 -0.633476 0.212899 
 0.154301 -0.356454 0.084575 
 0.301117 -0.085782 0.025709 
 0.415980 0.393911 0.027231 
 0.218601 -0.027013 0.105894 
 -0.225793 0.008002 -0.213751 
 0.074319 -0.662392 0.046640 
 0.467166 -0.431796 -0.057677 
 -0.204990 -0.634193 0.138313 
 0.116195 -0.267317 0.131488 
 -0.074802 0.155821 -0.213619 
 0.402636 -0.532692 -0.078874 
 0.335376 0.025461 0.003817 
 -0.466890 0.269081 0.126592 
 -0.423391 0.080473 0.097864 
 0.470712 -0.231847 -0.097817 
 0.304213 -0.078648 -0.005683 
 -0.403952 -0.376008 0.150892 
 0.001893 -0.663794 0.041455 
 -0.205017 -0.634193 0.138247 
 -0.247804 -0.029300 -0.147320 
 0.451718 -0.570991 -0.085728 
 0.381182 0.488273 0.041760 
 0.180951 0.730003 0.065714 
 -0.115588 0.266914 -0.206198 
 -0.202756 -0.072965 -0.202739 
 -0.070492 0.007689 -0.256730 
 0.518832 -0.489322 -0.071673 
 -0.428565 -0.103547 0.112612 
 0.302719 0.083712 0.007752 
 0.355888 -0.048325 -0.027922 
 0.120977 -0.296919 0.088627 
 0.279763 0.881225 0.049554 
 -0.148898 -0.394023 0.028886 
 0.222174 0.430229 0.070818 
 0.388483 0.035147 -0.024361 
 -0.143658 0.316078 -0.160994 
 0.195739 0.141550 0.085725 
 0.115609 -0.246848 0.137144 
 0.282263 0.401083 0.042412 
 -0.377338 0.236962 0.033242 
 -0.444695 0.307985 0.140116 
 -0.310020 0.332937 0.068127 
 -0.322278 0.181160 0.034928 
 -0.126057 -0.497809 0.033756 
 -0.277151 0.071756 -0.245238 
 -0.105392 0.153407 -0.227184 
 -0.360944 0.344250 0.100548 
 0.206870 -0.617222 0.045745 
 -0.298034 0.141608 -0.215053 
 0.174394 -0.449486 0.047010 
 -0.318918 -0.150692 -0.075417 
 -0.356860 0.146382 -0.083548 
 0.084719 -0.492567 0.040465 
 -0.149494 -0.373102 0.034087 
 0.283677 0.035009 0.037271 
 0.036800 -0.407455 0.027292 
 -0.189853 -0.553117 0.151475 
 -0.432407 0.028846 0.151102 
 0.233291 0.193666 0.046793 
 -0.229647 -0.100161 -0.177824 
 0.484291 -0.495858 -0.050811 
 -0.322540 -0.291965 0.079011 
 -0.374097 0.125910 0.001057 
 -0.213009 -0.313455 0.024039 
 0.232030 -0.575235 -0.020564 
 0.338553 -0.051287 -0.018634 
 -0.452887 -0.074712 -0.008315 
 -0.380677 0.192527 0.054591 
 0.340114 0.650128 0.032068 
 -0.453368 0.312420 0.210053 
 0.288454 0.539234 0.062532 
 0.351304 0.047858 0.000155 
 0.226474 0.908925 0.087946 
 -0.179143 -0.601267 0.243209 
 0.168739 -0.217997 0.114732 
 0.160078 0.956980 0.108986 
 0.254463 0.815871 0.062569 
 -0.164249 0.344386 -0.029844 
 -0.277504 0.089999 -0.239910 
 0.381721 0.470139 0.036188 
 0.262353 0.915287 0.069678 
 0.261455 -0.291317 0.008409 
 -0.144562 0.214422 -0.236259 
 0.154610 -0.375420 0.078937 
 -0.122690 0.108438 -0.197663 
 -0.123907 0.108557 -0.197643 
 0.305511 0.744604 0.044916 
 0.288315 0.741428 0.053915 
 0.396833 0.550307 0.050483 
 0.144784 -0.173281 0.172689 
 -0.156950 0.321456 -0.103857 
 0.300305 -0.416885 -0.049628 
 0.300833 -0.437393 -0.058972 
 0.484980 -0.573731 -0.073538 
 -0.342915 0.023159 -0.140830 
 0.246405 0.329835 0.076619 
 -0.227765 0.320457 -0.031704 
 -0.342127 -0.031942 -0.156918 
 0.241765 -0.340245 0.037847 
 0.433222 0.190971 0.024344 
 -0.424866 -0.012307 0.152452 
 0.307381 -0.172877 -0.033722 
 0.519423 -0.508351 -0.075316 
 -0.260240 0.379149 0.052008 
 -0.100016 -0.289000 0.028715 
 0.179326 -0.145725 0.158879 
 0.247028 0.066935 0.067075 
 -0.290396 -0.545080 0.181245 
 -0.339616 0.130638 -0.097233 
 -0.328817 0.341437 0.114559 
 -0.357289 -0.203372 0.043680 
 0.240568 -0.177347 0.051530 
 -0.380476 0.173964 0.049172 
 -0.239088 -0.418904 0.107599 
 0.268262 -0.646767 -0.061827 
 0.232039 -0.612870 -0.031828 
 0.413721 0.470498 0.047824 
 -0.464532 0.260052 0.170373 
 0.146272 0.842453 0.085125 
 0.255698 -0.154952 0.047866 
 -0.330481 0.441299 0.109711 
 -0.295063 0.141666 -0.215099 
 -0.273031 -0.541493 0.171644 
 -0.133993 -0.015744 -0.257502 
 0.196231 0.140953 0.085713 
 -0.164220 0.344371 -0.027994 
 -0.344668 0.078239 -0.124421 
 0.139569 -0.599800 0.057576 
 -0.400688 0.402897 0.172429 
 -0.254175 0.072162 -0.242781 
 0.318406 -0.435647 -0.064605 
 0.322123 0.766711 0.040405 
 0.308664 -0.230926 -0.050548 
 0.337226 -0.594417 -0.089323 
 0.334064 0.263018 0.039562 
 -0.312624 0.407254 0.089859 
 -0.336104 -0.268470 0.061310 
 0.068344 -0.533105 0.037976 
 -0.151495 -0.098843 -0.239058 
 -0.206228 -0.603837 0.322154 
 -0.231797 0.350487 0.011724 
 -0.303109 -0.356989 0.095984 
 -0.458494 0.137597 0.100197 
 0.194079 0.076458 0.100547 
 0.227395 0.403707 0.108179 
 -0.231983 -0.441441 0.111874 
 0.201871 -0.192224 0.101706 
 -0.383424 -0.347288 0.115340 
 -0.342696 -0.438056 0.161826 
 0.341502 0.669152 0.035882 
 0.403254 -0.553533 -0.082991 
 0.236339 -0.023290 0.096573 
 -0.336183 -0.363319 0.114279 
 0.342207 -0.290605 -0.054771 
 -0.048067 -0.422515 -0.006205 
 -0.040985 0.420208 -0.064877 
 -0.346046 0.059843 -0.130065 
 -0.391755 -0.190898 0.067278 
 -0.187132 -0.640213 0.301351 
 -0.214134 -0.456675 0.098224 
 -0.077499 -0.513145 0.032631 
 -0.282109 -0.099140 -0.114122 
 -0.299853 -0.103983 -0.105167 
 0.434975 -0.429379 -0.068819 
 0.237831 0.796419 0.066208 
 0.500625 -0.472777 -0.054525 
 -0.306051 0.136568 -0.194909 
 0.162190 0.783187 0.090904 
 0.188100 -0.330668 0.071538 
 0.246975 0.413722 0.067281 
 -0.180050 0.422401 -0.030740 
 0.305826 -0.132858 -0.022482 
 0.005492 0.319862 -0.135678 
 -0.292096 0.229037 -0.177073 
 0.213424 0.106463 0.065284 
 -0.244442 0.150872 -0.241593 
 0.197612 0.122434 0.080109 
 0.149007 -0.183621 0.135376 
 -0.487831 0.325230 0.233497 
 0.011893 0.392238 -0.102735 
 0.173610 0.529859 0.062704 
 -0.249240 0.242039 -0.216117 
 -0.232102 -0.363170 0.053671 
 0.400257 0.333279 0.018367 
 0.469057 -0.278779 -0.077985 
 0.270629 -0.243940 -0.000641 
 0.369702 -0.385950 -0.082169 
 0.190458 -0.427247 0.043320 
 -0.296299 0.226676 0.014970 
 -0.295758 0.208201 0.009682 
 -0.452166 -0.037617 -0.078098 
 -0.308345 0.208493 -0.093548 
 -0.082591 -0.429254 0.012201 
 0.245987 -0.389348 -0.010399 
 0.358810 -0.059241 -0.064787 
 -0.381628 0.249641 0.070865 
 -0.078522 -0.239928 -0.000986 
 -0.519555 0.243839 0.229825 
 -0.337602 0.075398 -0.193007 
 0.267404 0.135294 0.043052 
 -0.424810 -0.047336 -0.113273 
 0.303880 -0.620206 -0.074884 
 -0.335686 -0.364666 0.114260 
 0.267119 -0.607398 -0.050683 
 0.364940 0.326833 0.037855 
 0.282497 -0.048811 0.046281 
 0.181422 0.729806 0.065705 
 -0.434327 -0.373500 0.136387 
 -0.392348 -0.173817 0.072739 
 0.300912 -0.438541 -0.055280 
 -0.151629 -0.662914 0.099665 
 -0.149688 -0.578267 0.089998 
 -0.355777 0.109603 -0.093554 
 0.228318 0.970875 0.072615 
 0.427246 -0.035147 -0.065093 
 -0.144309 0.355415 -0.070283 
 0.313441 0.336357 0.071221 
 -0.295200 0.189553 0.005265 
 -0.402328 0.459298 0.188729 
 0.104596 -0.337846 0.086696 
 0.035276 -0.330321 0.049667 
 0.319146 -0.054549 -0.009317 
 -0.182468 0.236234 -0.255539 
 -0.099850 -0.431402 0.023178 
 -0.320918 -0.057786 -0.126459 
 0.021435 -0.591403 0.017591 
 0.091939 -0.514772 0.045341 
 -0.264645 0.202488 -0.216741 
 0.199315 -0.095640 0.128875 
 -0.477637 0.126224 0.141269 
 0.272473 -0.160120 -0.009546 
 0.155165 -0.394351 0.073295 
 0.206067 -0.326486 0.062194 
 -0.469357 0.390875 0.208509 
 0.454333 -0.378245 -0.096882 
 0.305287 0.844939 0.040055 
 0.418026 0.110778 0.011159 
 0.003663 -0.309482 0.042318 
 0.067550 -0.371523 0.050659 
 0.283107 0.157626 0.039786 
 0.258974 -0.317683 0.034143 
 0.127123 -0.508289 0.025502 
 -0.227193 0.300931 -0.036339 
 0.256120 0.456774 0.057426 
 -0.163730 0.325841 -0.036674 
 0.283534 0.176792 0.044981 
 -0.038041 0.287768 -0.182234 
 -0.062834 -0.560726 0.043763 
 0.180972 0.728927 0.065704 
 0.215076 -0.159687 0.135216 
 -0.314990 0.363146 0.111029 
 0.469547 -0.401930 -0.080827 
 0.383384 0.413449 0.019854 
 -0.256094 0.028072 -0.220864 
 0.268246 -0.645964 -0.061820 
 -0.228198 0.216004 -0.265817 
 0.129117 0.739154 0.098586 
 -0.416914 0.297654 0.104856 
 0.435217 0.133254 0.007639 
 0.267610 0.200074 0.027828 
 -0.365831 0.288438 0.073114 
 0.321208 -0.531700 -0.092757 
 -0.220408 -0.255560 0.029281 
 -0.188818 -0.630996 0.129045 
 -0.237451 0.112085 -0.240958 
 0.125179 -0.575246 0.041175 
 0.245528 0.930989 0.084296 
 0.131478 -0.185887 0.146137 
 -0.166140 -0.396430 0.037712 
 -0.498365 0.254359 0.188409 
 -0.204571 -0.642748 0.310770 
 0.189099 -0.349964 0.064791 
 0.245848 -0.408627 -0.016018 
 0.325081 -0.083578 -0.051852 
 0.326400 -0.351126 -0.063347 
 -0.423598 0.162452 0.087619 
 -0.093341 0.344784 -0.102574 
 -0.423405 0.181047 0.093038 
 -0.383900 -0.117114 -0.060364 
 0.083086 -0.437802 0.056747 
 -0.229023 0.272314 -0.170213 
 0.179953 0.100063 0.083476 
 0.066680 -0.476315 0.054839 
 -0.298778 -0.139300 -0.114017 
 0.339899 -0.613702 -0.093591 
 0.263183 0.352030 0.072960 
 0.212450 -0.415064 0.002602 
 0.242245 -0.234803 0.034641 
 -0.480903 0.238722 0.174307 
 -0.454457 0.017526 -0.061809 
 0.335758 0.128973 0.000430 
 -0.332942 -0.126993 -0.092309 
 -0.131663 -0.391829 0.019335 
 0.415248 0.515929 0.028881 
 -0.335748 -0.458569 0.167189 
 0.318109 -0.414920 -0.058965 
 -0.175028 0.215654 -0.250456 
 0.418894 0.090335 0.005521 
 0.375794 -0.075189 -0.079631 
 -0.270852 -0.282459 0.051143 
 0.342187 -0.289602 -0.054762 
 0.419938 -0.299197 -0.086381 
 -0.197414 0.178251 -0.261956 
 -0.432370 0.027541 0.151844 
 0.139883 -0.600823 0.057562 
 0.342496 -0.081597 -0.060189 
 -0.164474 -0.454118 0.020581 
 -0.256463 0.249737 0.013997 
 0.288958 -0.154897 -0.018802 
 0.361266 -0.097501 -0.075998 
 0.485795 -0.573710 -0.074139 
 0.221200 0.570840 0.077995 
 -0.138388 0.031581 -0.210278 
 -0.392005 -0.022811 -0.125303 
 0.204552 0.547657 0.081621 
 0.301343 -0.495244 -0.072143 
 -0.291338 -0.545095 0.180919 
 -0.288843 0.102854 -0.214419 
 0.035897 -0.369165 0.038480 
 -0.366580 0.372386 0.143524 
 0.425576 -0.138181 -0.061943 
 -0.273872 0.265274 0.028421 
 0.437145 0.075537 -0.009408 
 0.191941 -0.446549 0.038342 
 -0.360383 0.324664 0.095108 
 -0.078009 0.265183 -0.181815 
 -0.048359 0.063166 -0.239135 
 -0.159643 0.236964 -0.253090 
 -0.012044 -0.389076 0.029138 
 -0.100964 -0.653276 0.071397 
 -0.165879 0.400653 -0.013337 
 0.246955 0.311427 0.071479 
 -0.339669 -0.294597 0.087640 
 -0.313448 0.157837 -0.119064 
 -0.095942 -0.623176 0.045449 
 -0.012837 -0.617594 0.030550 
 0.132567 -0.223744 0.133447 
 0.175583 -0.469087 0.041353 
 0.214704 0.106816 0.065267 
 -0.316073 -0.180259 -0.037871 
 0.004420 -0.633926 0.015662 
 0.283289 -0.088232 0.035031 
 0.509659 -0.533639 -0.060783 
 -0.349459 -0.319909 0.102605 
 -0.088810 0.059291 -0.230694 
 0.325125 -0.169649 -0.043014 
 0.336961 -0.468113 -0.085164 
 -0.452830 0.293744 0.204150 
 -0.394128 0.097149 0.036445 
 0.284605 -0.623482 -0.065511 
 0.179980 0.098922 0.083781 
 0.225040 -0.219165 0.049578 
 0.520030 -0.489317 -0.069651 
 0.002819 -0.662621 0.041451 
 -0.456669 -0.252173 0.136551 
 0.237577 0.491615 0.078305 
 0.186489 0.784048 0.093583 
 -0.391803 -0.192513 0.067265 
 -0.283622 -0.080848 -0.108699 
 -0.186961 -0.630959 0.129017 
 0.188306 -0.330664 0.071535 
 -0.176472 -0.164689 -0.226002 
 -0.469621 -0.040721 -0.069032 
 -0.240121 0.270544 0.010429 
 -0.187638 -0.630972 0.129027 
 -0.469529 -0.076542 0.000650 
 0.254437 0.817254 0.062581 
 0.116775 -0.287503 0.125835 
 -0.309411 -0.007416 -0.169321 
 0.289424 0.704154 0.042858 
 0.231439 -0.488905 -0.029232 
 -0.478183 0.145014 0.146715 
 -0.366388 0.288431 0.072728 
 -0.451986 0.413341 0.204930 
 -0.363138 0.195660 0.045252 
 -0.308687 0.295783 0.056804 
 -0.405477 -0.242700 0.108808 
 0.171321 0.668562 0.069645 
 -0.239645 0.268637 -0.069932 
 -0.497201 0.198328 0.172079 
 -0.094644 -0.500550 0.047412 
 -0.410737 0.019820 0.105261 
 -0.368713 -0.369637 0.132565 
 0.449897 -0.121546 -0.054728 
 -0.080574 -0.362230 -0.002651 
 -0.451970 0.412490 0.204923 
 0.354758 -0.591174 -0.098581 
 -0.099302 -0.450419 0.017200 
 0.215171 0.736413 0.047471 
 0.212796 0.022097 0.074437 
 -0.325098 0.208690 -0.084621 
 -0.278052 -0.146381 -0.159707 
 -0.412548 0.286048 0.067595 
 -0.186310 -0.069887 -0.210450 
 0.449853 -0.119302 -0.054708 
 -0.367828 -0.133229 -0.074717 
 0.300222 0.059607 0.033617 
 0.220738 0.791340 0.075325 
 0.220311 -0.045772 0.100250 
 -0.306044 0.136323 -0.194752 
 0.240631 0.498193 0.046634 
 -0.419156 0.013797 0.044743 
 -0.039702 0.105591 -0.247634 
 -0.264011 -0.050971 -0.143291 
 -0.342694 -0.438057 0.161958 
 -0.271198 -0.283448 0.051140 
 0.318971 -0.455070 -0.070238 
 0.133549 0.726341 0.061234 
 0.295724 0.333137 0.080490 
 -0.441310 0.031450 -0.033537 
 -0.026974 -0.592579 0.013480 
 0.454229 -0.339943 -0.085610 
 -0.089906 0.096452 -0.220871 
 0.299344 0.199139 0.040251 
 0.289445 0.703575 0.043515 
 0.436869 -0.276701 -0.089695 
 -0.452692 -0.019590 -0.072569 
 -0.503683 0.284330 0.232056 
 -0.402326 0.071893 -0.026482 
 0.331400 0.403826 0.048339 
 -0.194493 -0.327352 0.009392 
 0.230990 0.146998 0.067182 
 0.020926 -0.574821 0.023177 
 