0.162705 0.974909 -0.151921 
 0.144994 0.972889 -0.149457 
 0.127283 0.970869 -0.146994 
 0.109572 0.968849 -0.144530 
 0.091862 0.966829 -0.142067 
 0.173384 0.960001 -0.123600 
 0.147590 0.955671 -0.144913 
 0.129879 0.953651 -0.142450 
 0.120116 0.953926 -0.116190 
 0.102359 0.951901 -0.113720 
 0.084603 0.949876 -0.111250 
 0.066847 0.947851 -0.108780 
 0.049091 0.945825 -0.106311 
 0.175987 0.942740 -0.119044 
 0.150185 0.938454 -0.140369 
 0.132475 0.936434 -0.137905 
 0.122718 0.936664 -0.111634 
 0.104962 0.934639 -0.109164 
 0.087206 0.932614 -0.106694 
 0.069449 0.930589 -0.104225 
 0.051693 0.928564 -0.101755 
 0.033937 0.926539 -0.099285 
 0.016181 0.924514 -0.096815 
 -0.001576 0.922488 -0.094345 
 0.170492 0.923257 -0.138288 
 0.148756 0.920129 -0.147728 
 0.131067 0.918111 -0.145268 
 0.117360 0.917197 -0.130898 
 0.099649 0.915177 -0.128434 
 0.081938 0.913157 -0.125971 
 0.064227 0.911137 -0.123507 
 0.046516 0.909117 -0.121044 
 0.028806 0.907097 -0.118580 
 0.018783 0.907252 -0.092259 
 0.001027 0.905227 -0.089789 
 0.160933 0.902773 -0.169462 
 0.143290 0.900761 -0.167008 
 0.125647 0.898749 -0.164554 
 0.108004 0.896737 -0.162100 
 0.090362 0.894725 -0.159646 
 0.072719 0.892712 -0.157192 
 0.055076 0.890700 -0.154738 
 0.037434 0.888688 -0.152284 
 0.019791 0.886676 -0.149830 
 0.155408 0.883489 -0.188758 
 0.137811 0.881482 -0.186311 
 0.120213 0.879475 -0.183863 
 0.102616 0.877468 -0.181415 
 0.085019 0.875461 -0.178967 
 0.067422 0.873454 -0.176520 
 0.049824 0.871447 -0.174072 
 0.032227 0.869440 -0.171624 
 0.014630 0.867433 -0.169176 
 -0.002968 0.865426 -0.166729 
 0.157987 0.866382 -0.184243 
 0.140390 0.864375 -0.181796 
 0.122793 0.862368 -0.179348 
 0.105195 0.860361 -0.176900 
 0.087598 0.858354 -0.174452 
 0.070001 0.856347 -0.172005 
 0.052403 0.854340 -0.169557 
 0.034806 0.852333 -0.167109 
 0.017209 0.850326 -0.164661 
 -0.000388 0.848319 -0.162214 
 0.160566 0.849275 -0.179728 
 0.142969 0.847268 -0.177281 
 0.125372 0.845261 -0.174833 
 0.107774 0.843254 -0.172385 
 0.090177 0.841247 -0.169937 
 0.072580 0.839240 -0.167490 
 0.054982 0.837233 -0.165042 
 0.037385 0.835226 -0.162594 
 0.027548 0.835223 -0.136250 
 0.009906 0.833210 -0.133795 
 -0.007737 0.831198 -0.131341 
 -0.025380 0.829186 -0.128887 
 0.180743 0.834175 -0.177661 
 0.163145 0.832168 -0.175213 
 0.145548 0.830161 -0.172766 
 0.127951 0.828154 -0.170318 
 0.110354 0.826147 -0.167870 
 0.092756 0.824140 -0.165422 
 0.075159 0.822133 -0.162975 
 0.057562 0.820126 -0.160527 
 0.047777 0.820084 -0.134177 
 0.037901 0.820031 -0.107814 
 0.020213 0.818013 -0.105353 
 0.002525 0.815996 -0.102893 
 -0.022794 0.812035 -0.124361 
 0.200919 0.819075 -0.175594 
 0.183322 0.817068 -0.173146 
 0.165725 0.815061 -0.170698 
 0.148127 0.813054 -0.168251 
 0.130530 0.811047 -0.165803 
 0.112933 0.809040 -0.163355 
 0.095335 0.807033 -0.160907 
 0.077738 0.805026 -0.158460 
 0.060141 0.803019 -0.156012 
 0.050362 0.802932 -0.129650 
 0.040493 0.802836 -0.103275 
 0.022805 0.800818 -0.100815 
 0.005117 0.798801 -0.098355 
 0.185901 0.799962 -0.168631 
 0.168304 0.797955 -0.166183 
 0.150706 0.795948 -0.163736 
 0.133109 0.793941 -0.161288 
 0.115512 0.791933 -0.158840 
 0.097914 0.789926 -0.156392 
 0.080317 0.787919 -0.153945 
 0.062720 0.785912 -0.151497 
 0.052948 0.785781 -0.125124 
 0.043086 0.785641 -0.098737 
 0.025398 0.783623 -0.096277 
 0.007710 0.781606 -0.093816 
 0.188480 0.782855 -0.164116 
 0.170883 0.780848 -0.161668 
 0.153286 0.778840 -0.159221 
 0.135688 0.776833 -0.156773 
 0.118091 0.774826 -0.154325 
 0.100494 0.772819 -0.151877 
 0.082896 0.770812 -0.149430 
 0.073177 0.770643 -0.123051 
 0.055534 0.768630 -0.120597 
 0.049572 0.769359 -0.082227 
 0.031861 0.767339 -0.079763 
 0.182857 0.763918 -0.183499 
 0.173462 0.763741 -0.157153 
 0.155865 0.761734 -0.154706 
 0.138267 0.759727 -0.152258 
 0.120670 0.757720 -0.149810 
 0.103073 0.755713 -0.147362 
 0.085476 0.753706 -0.144915 
 0.075763 0.753492 -0.118524 
 0.065959 0.753267 -0.092121 
 0.052167 0.752142 -0.077683 
 0.034457 0.750122 -0.075219 
 0.185429 0.746856 -0.178996 
 0.176041 0.746634 -0.152638 
 0.158444 0.744627 -0.150191 
 0.140847 0.742620 -0.147743 
 0.123249 0.740613 -0.145295 
 0.105652 0.738606 -0.142847 
 0.095991 0.738353 -0.116452 
 0.086239 0.738090 -0.090043 
 0.072474 0.736944 -0.075602 
 0.062563 0.736663 -0.049171 
 0.044807 0.734638 -0.046701 
 0.196217 0.731534 -0.150571 
 0.178620 0.729527 -0.148123 
 0.161023 0.727520 -0.145676 
 0.143426 0.725513 -0.143228 
 0.125828 0.723506 -0.140780 
 0.108231 0.721499 -0.138332 
 0.106520 0.722912 -0.087965 
 0.088832 0.720895 -0.085504 
 0.075070 0.719727 -0.071058 
 0.065166 0.719401 -0.044615 
 0.047410 0.717376 -0.042145 
 0.198797 0.714427 -0.146056 
 0.189376 0.714112 -0.119669 
 0.171734 0.712099 -0.117215 
 0.154091 0.710087 -0.114761 
 0.136448 0.708075 -0.112306 
 0.118805 0.706063 -0.109852 
 0.109112 0.705717 -0.083427 
 0.095376 0.704530 -0.068977 
 0.077666 0.702510 -0.066514 
 0.067768 0.702140 -0.040059 
 0.050012 0.700115 -0.037590 
 0.191962 0.696961 -0.115142 
 0.182457 0.696591 -0.088730 
 0.164769 0.694574 -0.086269 
 0.147081 0.692556 -0.083809 
 0.129393 0.690539 -0.081349 
 0.115683 0.689332 -0.066897 
 0.097972 0.687312 -0.064433 
 0.080261 0.685292 -0.061970 
 0.078191 0.686485 -0.011502 
 0.060389 0.684454 -0.009026 
 0.042588 0.682424 -0.006549 
 0.185050 0.679396 -0.084191 
 0.167362 0.677378 -0.081731 
 0.149674 0.675361 -0.079271 
 0.135990 0.674135 -0.064816 
 0.118279 0.672115 -0.062353 
 0.100568 0.670095 -0.059889 
 0.098602 0.671209 -0.009411 
 0.080800 0.669179 -0.006934 
 0.062999 0.667149 -0.004458 
 0.045197 0.665118 -0.001982 
 0.191718 0.662978 -0.067663 
 0.174007 0.660958 -0.065199 
 0.156296 0.658938 -0.062736 
 0.138585 0.656918 -0.060272 
 0.120875 0.654898 -0.057808 
 0.111088 0.654406 -0.031332 
 0.101211 0.653904 -0.004843 
 0.083409 0.651874 -0.002367 
 0.065608 0.649843 0.000109 
 0.047806 0.647813 0.002585 
 0.194314 0.645760 -0.063118 
 0.176603 0.643740 -0.060655 
 0.158892 0.641720 -0.058191 
 0.149203 0.641195 -0.031716 
 0.131447 0.639170 -0.029246 
 0.113691 0.637145 -0.026776 
 0.103820 0.636598 -0.000276 
 0.086018 0.634568 0.002200 
 0.068217 0.632538 0.004677 
 0.050415 0.630507 0.007153 
 0.205074 0.630009 -0.034570 
 0.187318 0.627984 -0.032100 
 0.169562 0.625959 -0.029630 
 0.151805 0.623934 -0.027160 
 0.134049 0.621908 -0.024690 
 0.116293 0.619883 -0.022220 
 0.106429 0.619293 0.004292 
 0.088627 0.617263 0.006768 
 0.070826 0.615232 0.009244 
 0.053024 0.613202 0.011720 
 0.199505 0.611326 -0.054030 
 0.189920 0.610722 -0.027544 
 0.172164 0.608697 -0.025074 
 0.154408 0.606672 -0.022604 
 0.136652 0.604647 -0.020134 
 0.118895 0.602622 -0.017664 
 0.116937 0.603378 0.032913 
 0.091236 0.599957 0.011335 
 0.073435 0.597927 0.013812 
 0.063396 0.597271 0.040360 
 0.045549 0.595236 0.042843 
 0.210279 0.595486 -0.025458 
 0.184390 0.592089 -0.047023 
 0.174767 0.591436 -0.020518 
 0.157010 0.589411 -0.018048 
 0.139254 0.587385 -0.015578 
 0.121498 0.585360 -0.013109 
 0.111647 0.584682 0.013427 
 0.093846 0.582651 0.015903 
 0.083859 0.581957 0.042457 
 0.066011 0.579922 0.044939 
 0.048164 0.577886 0.047422 
 0.240118 0.580931 -0.049869 
 0.222408 0.578911 -0.047405 
 0.212882 0.578225 -0.020902 
 0.195125 0.576199 -0.018432 
 0.177369 0.574174 -0.015962 
 0.159613 0.572149 -0.013493 
 0.141857 0.570124 -0.011023 
 0.124100 0.568099 -0.008553 
 0.114256 0.567376 0.017994 
 0.096455 0.565346 0.020470 
 0.086474 0.564607 0.047036 
 0.068627 0.562572 0.049519 
 0.043050 0.559255 0.027899 
 0.025248 0.557224 0.030375 
 0.007446 0.555194 0.032851 
 0.267561 0.567613 0.026790 
 0.241477 0.564283 0.005228 
 0.223675 0.562252 0.007704 
 0.205873 0.560222 0.010181 
 0.188072 0.558192 0.012657 
 0.170270 0.556161 0.015133 
 0.144459 0.552863 -0.006467 
 0.134667 0.552101 0.020085 
 0.116865 0.550070 0.022562 
 0.099064 0.548040 0.025038 
 0.089090 0.547258 0.051615 
 0.071243 0.545222 0.054098 
 0.045659 0.541949 0.032466 
 0.027857 0.539919 0.034942 
 0.010055 0.537888 0.037419 
 0.270176 0.550263 0.031369 
 0.244086 0.546977 0.009796 
 0.226284 0.544947 0.012272 
 0.208483 0.542916 0.014748 
 0.190681 0.540886 0.017224 
 0.172879 0.538856 0.019701 
 0.147061 0.535601 -0.001911 
 0.137276 0.534795 0.024653 
 0.127400 0.533979 0.051229 
 0.109553 0.531943 0.053712 
 0.091706 0.529908 0.056194 
 0.073859 0.527872 0.058677 
 0.048268 0.524643 0.037034 
 0.030466 0.522613 0.039510 
 0.012665 0.520583 0.041986 
 -0.005137 0.518552 0.044462 
 0.303150 0.536774 0.069549 
 0.281088 0.534125 0.060011 
 0.254945 0.530878 0.038431 
 0.237098 0.528842 0.040913 
 0.219251 0.526807 0.043396 
 0.193290 0.523581 0.021792 
 0.167420 0.520365 0.000175 
 0.149664 0.518340 0.002645 
 0.139885 0.517490 0.029220 
 0.130016 0.516629 0.055808 
 0.112169 0.514594 0.058291 
 0.094322 0.512558 0.060773 
 0.076474 0.510522 0.063256 
 0.050877 0.507338 0.041601 
 0.033075 0.505308 0.044077 
 0.022933 0.504416 0.070703 
 0.005086 0.502380 0.073186 
 0.305776 0.519358 0.074146 
 0.283710 0.516731 0.064601 
 0.257561 0.513528 0.043010 
 0.239714 0.511493 0.045492 
 0.221867 0.509457 0.047975 
 0.195899 0.506275 0.026359 
 0.170022 0.503103 0.004731 
 0.152266 0.501078 0.007201 
 0.142494 0.500184 0.033788 
 0.132631 0.499279 0.060387 
 0.114784 0.497244 0.062870 
 0.096937 0.495208 0.065352 
 0.079090 0.493173 0.067835 
 0.061243 0.491137 0.070317 
 0.043396 0.489102 0.072800 
 0.017883 0.485972 0.051121 
 0.000081 0.483941 0.053597 
 -0.249142 0.455517 0.088264 
 -0.260004 0.454498 0.115002 
 -0.277851 0.452463 0.117485 
 0.290487 0.499898 0.081234 
 0.268440 0.497296 0.071681 
 0.250547 0.495256 0.074170 
 0.232655 0.493215 0.076659 
 0.206635 0.490072 0.055037 
 0.180706 0.486939 0.033403 
 0.154869 0.483817 0.011756 
 0.145103 0.482878 0.038355 
 0.135247 0.481930 0.064967 
 0.117400 0.479894 0.067449 
 0.099553 0.477859 0.069932 
 0.081706 0.475823 0.072414 
 0.063859 0.473788 0.074897 
 0.053730 0.472808 0.101547 
 0.028165 0.469717 0.079862 
 0.010318 0.467681 0.082344 
 -0.007529 0.465645 0.084827 
 -0.025376 0.463610 0.087309 
 -0.228731 0.440241 0.090355 
 -0.246533 0.438211 0.092831 
 -0.264335 0.436181 0.095307 
 -0.282136 0.434150 0.097784 
 0.293112 0.482482 0.085831 
 0.271062 0.479903 0.076272 
 0.253170 0.477862 0.078760 
 0.235277 0.475821 0.081249 
 0.209251 0.472722 0.059616 
 0.191404 0.470687 0.062098 
 0.165514 0.467603 0.040446 
 0.147712 0.465573 0.042923 
 0.137863 0.464580 0.069546 
 0.120016 0.462545 0.072028 
 0.102169 0.460509 0.074511 
 0.084322 0.458474 0.076993 
 0.066475 0.456438 0.079476 
 0.048628 0.454402 0.081958 
 0.023101 0.451361 0.060256 
 0.005299 0.449330 0.062732 
 -0.004914 0.448296 0.089406 
 -0.022761 0.446260 0.091888 
 -0.226122 0.422936 0.094922 
 -0.243924 0.420906 0.097399 
 -0.261725 0.418875 0.099875 
 -0.279527 0.416845 0.102351 
 -0.297329 0.414815 0.104827 
 0.295738 0.465067 0.090428 
 0.273685 0.462508 0.080862 
 0.255792 0.460468 0.083351 
 0.237900 0.458427 0.085840 
 0.220007 0.456386 0.088329 
 0.194020 0.453337 0.066677 
 0.168123 0.450298 0.045014 
 0.158326 0.449266 0.071642 
 0.148437 0.448224 0.098284 
 0.122631 0.445195 0.076607 
 0.112652 0.444142 0.103262 
 0.094760 0.442102 0.105751 
 0.076868 0.440061 0.108239 
 0.058975 0.438020 0.110728 
 0.041083 0.435979 0.113217 
 0.023190 0.433939 0.115706 
 -0.223513 0.405630 0.099490 
 -0.241315 0.403600 0.101966 
 -0.259116 0.401570 0.104442 
 -0.276918 0.399539 0.106918 
 -0.294720 0.397509 0.109395 
 0.276307 0.445115 0.085453 
 0.250177 0.442094 0.063809 
 0.232330 0.440058 0.066291 
 0.214483 0.438022 0.068774 
 0.196635 0.435987 0.071256 
 0.170732 0.432992 0.049581 
 0.160941 0.431916 0.076221 
 0.151060 0.430830 0.102875 
 0.133167 0.428789 0.105364 
 0.115275 0.426748 0.107853 
 0.097382 0.424708 0.110341 
 0.083382 0.423131 0.124928 
 0.065467 0.421088 0.127420 
 0.047551 0.419045 0.129912 
 0.029636 0.417001 0.132404 
 0.011721 0.414958 0.134896 
 -0.203102 0.390355 0.101581 
 -0.220904 0.388325 0.104057 
 -0.245717 0.385454 0.082231 
 -0.263474 0.383429 0.084700 
 -0.281230 0.381404 0.087170 
 -0.298986 0.379378 0.089640 
 0.278929 0.427721 0.090044 
 0.261037 0.425680 0.092533 
 0.243145 0.423639 0.095022 
 0.217098 0.420673 0.073353 
 0.199251 0.418637 0.075836 
 0.181404 0.416602 0.078318 
 0.163557 0.414566 0.080801 
 0.153682 0.413436 0.107466 
 0.139753 0.411845 0.122049 
 0.121838 0.409802 0.124540 
 0.103923 0.407759 0.127032 
 0.086007 0.405715 0.129524 
 0.068092 0.403672 0.132016 
 0.046328 0.401192 0.122399 
 0.028435 0.399151 0.124887 
 0.014347 0.397542 0.139492 
 -0.157690 0.377927 0.125486 
 -0.175537 0.375891 0.127968 
 -0.200493 0.373049 0.106149 
 -0.218295 0.371019 0.108625 
 -0.243115 0.368192 0.086786 
 -0.260871 0.366167 0.089256 
 -0.278627 0.364142 0.091726 
 -0.296384 0.362117 0.094196 
 0.263659 0.408286 0.097124 
 0.245767 0.406246 0.099612 
 0.227875 0.404205 0.102101 
 0.201867 0.401287 0.080415 
 0.192089 0.400123 0.107079 
 0.174197 0.398083 0.109568 
 0.160294 0.396472 0.124153 
 0.142379 0.394429 0.126645 
 0.124464 0.392386 0.129137 
 0.106548 0.390343 0.131629 
 0.088633 0.388299 0.134121 
 0.070718 0.386256 0.136613 
 0.048950 0.383798 0.126989 
 0.034888 0.382169 0.141597 
 0.016973 0.380126 0.144089 
 -0.108876 0.365896 0.098335 
 -0.126678 0.363865 0.100811 
 -0.144479 0.361835 0.103288 
 -0.162281 0.359805 0.105764 
 -0.180082 0.357774 0.108240 
 -0.197884 0.355744 0.110716 
 -0.222756 0.352956 0.088872 
 -0.247538 0.350179 0.067015 
 -0.265248 0.348159 0.069479 
 -0.282959 0.346139 0.071943 
 -0.300670 0.344119 0.074406 
 0.288326 0.393360 0.111306 
 0.266282 0.390892 0.101714 
 0.252496 0.389273 0.116290 
 0.230497 0.386811 0.106692 
 0.212604 0.384770 0.109181 
 0.194712 0.382730 0.111670 
 0.176820 0.380689 0.114158 
 0.162920 0.379057 0.128750 
 0.145004 0.377013 0.131242 
 0.127089 0.374970 0.133734 
 0.109174 0.372927 0.136226 
 0.091259 0.370883 0.138718 
 0.073344 0.368840 0.141210 
 0.055429 0.366797 0.143702 
 0.037513 0.364754 0.146193 
 0.027220 0.363485 0.172941 
 0.009260 0.361437 0.175440 
 -0.008701 0.359389 0.177938 
 -0.026661 0.357340 0.180436 
 -0.062582 0.353243 0.185433 
 -0.098917 0.349334 0.127196 
 -0.124068 0.346560 0.105379 
 -0.141870 0.344529 0.107855 
 -0.166885 0.341770 0.086019 
 -0.184641 0.339745 0.088488 
 -0.202398 0.337720 0.090958 
 -0.220154 0.335695 0.093428 
 -0.248458 0.332608 0.059391 
 -0.266146 0.330590 0.061851 
 -0.283834 0.328573 0.064311 
 -0.301522 0.326555 0.066772 
 0.290952 0.375944 0.115902 
 0.268904 0.373498 0.106305 
 0.251012 0.371458 0.108794 
 0.233119 0.369417 0.111283 
 0.207098 0.366588 0.089573 
 0.197334 0.365336 0.116260 
 0.179442 0.363295 0.118749 
 0.165545 0.361641 0.133346 
 0.147630 0.359597 0.135838 
 0.129715 0.357554 0.138330 
 0.111800 0.355511 0.140822 
 0.093885 0.353467 0.143314 
 0.075969 0.351424 0.145806 
 0.058054 0.349381 0.148298 
 0.040139 0.347338 0.150790 
 0.029853 0.346025 0.177549 
 0.011892 0.343977 0.180048 
 -0.006068 0.341928 0.182546 
 -0.024029 0.339880 0.185044 
 -0.059950 0.335783 0.190041 
 -0.096301 0.331984 0.131775 
 -0.121459 0.329254 0.109946 
 -0.139261 0.327224 0.112422 
 -0.164283 0.324509 0.090574 
 -0.189214 0.321804 0.068713 
 -0.199795 0.320459 0.095514 
 -0.217551 0.318433 0.097984 
 -0.245865 0.315412 0.063929 
 -0.263553 0.313395 0.066389 
 -0.281241 0.311377 0.068850 
 -0.298930 0.309360 0.071310 
 0.271527 0.356105 0.110896 
 0.253634 0.354064 0.113385 
 0.235742 0.352023 0.115873 
 0.217849 0.349982 0.118362 
 0.199957 0.347942 0.120851 
 0.186086 0.346268 0.135451 
 0.176170 0.344953 0.162171 
 0.150256 0.342181 0.140435 
 0.132341 0.340138 0.142927 
 0.114426 0.338095 0.145419 
 0.104328 0.336759 0.172165 
 0.078595 0.334008 0.150403 
 0.060680 0.331965 0.152895 
 0.042765 0.329922 0.155387 
 0.024850 0.327878 0.157879 
 0.014525 0.326517 0.184656 
 -0.010981 0.323792 0.162863 
 -0.028896 0.321749 0.165355 
 -0.050538 0.319372 0.155694 
 -0.064726 0.317662 0.170338 
 -0.101049 0.313979 0.112038 
 -0.118850 0.311948 0.114514 
 -0.136652 0.309918 0.116990 
 -0.161680 0.307247 0.095130 
 -0.190208 0.304269 0.061086 
 -0.204329 0.302567 0.075721 
 -0.222039 0.300547 0.078184 
 -0.243273 0.298217 0.068467 
 -0.260961 0.296200 0.070928 
 -0.278649 0.294182 0.073388 
 -0.296337 0.292165 0.075848 
 -0.314025 0.290148 0.078309 
 0.268605 0.337735 0.154288 
 0.242458 0.334982 0.132571 
 0.224542 0.332939 0.135063 
 0.206627 0.330895 0.137555 
 0.188712 0.328852 0.140047 
 0.178802 0.327493 0.166780 
 0.160842 0.325445 0.169278 
 0.134966 0.322722 0.147523 
 0.117051 0.320679 0.150015 
 0.106960 0.319299 0.176773 
 0.081221 0.316592 0.154999 
 0.063306 0.314549 0.157491 
 0.045391 0.312506 0.159983 
 0.027475 0.310462 0.162475 
 0.009560 0.308419 0.164967 
 -0.008355 0.306376 0.167459 
 -0.030023 0.304019 0.157796 
 -0.055376 0.301356 0.135969 
 -0.073223 0.299320 0.138451 
 -0.098440 0.296673 0.116605 
 -0.116241 0.294643 0.119081 
 -0.141322 0.292011 0.097216 
 -0.166311 0.289390 0.075338 
 -0.187616 0.287074 0.065624 
 -0.205304 0.285057 0.068085 
 -0.222992 0.283039 0.070545 
 -0.240680 0.281022 0.073006 
 -0.265375 0.278434 0.051086 
 -0.283017 0.276422 0.053540 
 -0.293745 0.274970 0.080387 
 -0.311433 0.272952 0.082847 
 0.271237 0.320275 0.158896 
 0.253277 0.318227 0.161395 
 0.227168 0.315523 0.139660 
 0.209253 0.313479 0.142152 
 0.191338 0.311436 0.144644 
 0.181435 0.310033 0.171388 
 0.163474 0.307984 0.173886 
 0.137592 0.305306 0.152120 
 0.119677 0.303263 0.154612 
 0.109592 0.301839 0.181381 
 0.091632 0.299790 0.183879 
 0.065932 0.297133 0.162088 
 0.048016 0.295090 0.164580 
 0.030101 0.293046 0.167072 
 0.012186 0.291003 0.169564 
 -0.009508 0.288666 0.159898 
 -0.027401 0.286625 0.162387 
 -0.052760 0.284006 0.140548 
 -0.078029 0.281398 0.118696 
 -0.095830 0.279367 0.121172 
 -0.120963 0.276775 0.099302 
 -0.138719 0.274750 0.101772 
 -0.163715 0.272172 0.079882 
 -0.185023 0.269879 0.070163 
 -0.209861 0.267320 0.048251 
 -0.227503 0.265307 0.050705 
 -0.245146 0.263295 0.053159 
 -0.262789 0.261283 0.055613 
 -0.280432 0.259271 0.058067 
 -0.298074 0.257259 0.060521 
 -0.315717 0.255246 0.062975 
 0.273870 0.302815 0.163505 
 0.255909 0.300766 0.166003 
 0.229794 0.298107 0.144257 
 0.211879 0.296063 0.146749 
 0.193963 0.294020 0.149241 
 0.184067 0.292573 0.175996 
 0.166106 0.290524 0.178494 
 0.140218 0.287890 0.156717 
 0.122303 0.285847 0.159208 
 0.112225 0.284379 0.185989 
 0.094264 0.282330 0.188488 
 0.076303 0.280282 0.190986 
 0.050642 0.277674 0.169176 
 0.028899 0.275353 0.159511 
 0.011007 0.273313 0.162000 
 -0.014450 0.270727 0.140162 
 -0.032297 0.268692 0.142644 
 -0.057618 0.266123 0.120788 
 -0.075420 0.264092 0.123264 
 -0.100604 0.261538 0.101388 
 -0.118360 0.259513 0.103858 
 -0.136117 0.257488 0.106328 
 -0.164743 0.254701 0.072241 
 -0.189632 0.252181 0.050323 
 -0.207275 0.250169 0.052777 
 -0.224918 0.248156 0.055231 
 -0.242561 0.246144 0.057685 
 -0.267223 0.243650 0.035737 
 -0.284820 0.241643 0.038185 
 -0.302417 0.239636 0.040633 
 -0.320015 0.237629 0.043080 
 0.302761 0.287986 0.189852 
 0.284755 0.285933 0.192357 
 0.266749 0.283879 0.194862 
 0.240581 0.281258 0.173109 
 0.222620 0.279210 0.175608 
 0.204660 0.277161 0.178106 
 0.186699 0.275113 0.180604 
 0.168739 0.273064 0.183103 
 0.142844 0.270474 0.161313 
 0.124928 0.268431 0.163805 
 0.114857 0.266919 0.190597 
 0.096896 0.264870 0.193096 
 0.086689 0.263343 0.219908 
 0.068683 0.261289 0.222412 
 0.035353 0.258215 0.176265 
 0.017437 0.256171 0.178757 
 -0.011835 0.253378 0.144741 
 -0.037207 0.250847 0.122879 
 -0.055009 0.248817 0.125355 
 -0.080246 0.246302 0.103474 
 -0.105392 0.243798 0.081580 
 -0.123102 0.241778 0.084043 
 -0.144462 0.239523 0.074319 
 -0.162150 0.237506 0.076779 
 -0.187047 0.235030 0.054850 
 -0.211852 0.232564 0.032909 
 -0.229449 0.230557 0.035357 
 -0.247046 0.228550 0.037804 
 -0.264644 0.226543 0.040252 
 -0.282241 0.224536 0.042700 
 -0.306774 0.222101 0.020721 
 -0.334661 0.219466 -0.013488 
 -0.352144 0.217472 -0.011056 
 -0.369628 0.215478 -0.008624 
 0.305400 0.270482 0.194472 
 0.287394 0.268429 0.196977 
 0.269388 0.266375 0.199482 
 0.251382 0.264321 0.201986 
 0.225253 0.261749 0.180216 
 0.207292 0.259701 0.182714 
 0.189332 0.257652 0.185213 
 0.171371 0.255604 0.187711 
 0.145469 0.253058 0.165910 
 0.127554 0.251015 0.168402 
 0.109639 0.248972 0.170894 
 0.091724 0.246928 0.173386 
 0.081568 0.245362 0.200202 
 0.055894 0.242842 0.178370 
 0.037978 0.240799 0.180862 
 0.001005 0.237603 0.122494 
 -0.016797 0.235572 0.124970 
 -0.042131 0.233091 0.103090 
 -0.059887 0.231066 0.105560 
 -0.077643 0.229041 0.108030 
 -0.106494 0.226363 0.073936 
 -0.124182 0.224345 0.076396 
 -0.141870 0.222328 0.078857 
 -0.166818 0.219891 0.056923 
 -0.191675 0.217464 0.034976 
 -0.216442 0.215048 0.013017 
 -0.233994 0.213046 0.015459 
 -0.251545 0.211044 0.017900 
 -0.269097 0.209042 0.020341 
 -0.286649 0.207041 0.022783 
 -0.307672 0.204847 0.013004 
 -0.332098 0.202469 -0.009002 
 -0.356433 0.200102 -0.031022 
 -0.373871 0.198113 -0.028596 
 -0.564134 0.177434 -0.065641 
 -0.587765 0.175147 -0.087758 
 -0.605045 0.173176 -0.085355 
 -0.622324 0.171206 -0.082951 
 -0.639604 0.169235 -0.080548 
 -0.656883 0.167264 -0.078144 
 -0.674162 0.165293 -0.075741 
 0.290033 0.250924 0.201597 
 0.272027 0.248871 0.204101 
 0.254021 0.246817 0.206606 
 0.227885 0.244289 0.184824 
 0.209925 0.242241 0.187323 
 0.191964 0.240192 0.189821 
 0.174004 0.238144 0.192319 
 0.148095 0.235642 0.170506 
 0.130180 0.233599 0.172998 
 0.112265 0.231556 0.175490 
 0.094350 0.229513 0.177982 
 0.084200 0.227902 0.204811 
 0.054659 0.225212 0.170795 
 0.036766 0.223172 0.173284 
 -0.015461 0.219254 0.066172 
 -0.029357 0.217443 0.080814 
 -0.047067 0.215423 0.083277 
 -0.064778 0.213403 0.085741 
 -0.082489 0.211383 0.088204 
 -0.111304 0.208776 0.054087 
 -0.128947 0.206764 0.056541 
 -0.146590 0.204752 0.058995 
 -0.178766 0.201989 0.012638 
 -0.196317 0.199987 0.015079 
 -0.213869 0.197985 0.017520 
 -0.242117 0.195443 -0.016676 
 -0.259600 0.193449 -0.014244 
 -0.277084 0.191455 -0.011812 
 -0.294568 0.189461 -0.009380 
 -0.312052 0.187467 -0.006948 
 -0.329536 0.185473 -0.004516 
 -0.353877 0.183150 -0.026547 
 -0.371316 0.181161 -0.024122 
 -0.392138 0.179013 -0.033934 
 -0.416275 0.176713 -0.055993 
 -0.433645 0.174732 -0.053577 
 -0.451015 0.172751 -0.051160 
 -0.550674 0.162291 -0.088132 
 -0.567953 0.160320 -0.085728 
 -0.585233 0.158349 -0.083325 
 -0.602512 0.156379 -0.080921 
 -0.619792 0.154408 -0.078518 
 -0.637071 0.152437 -0.076114 
 -0.654350 0.150466 -0.073711 
 -0.671630 0.148495 -0.071307 
 0.300944 0.233865 0.230495 
 0.274666 0.231366 0.208721 
 0.256660 0.229313 0.211226 
 0.222382 0.226400 0.165135 
 0.204466 0.224356 0.167627 
 0.194597 0.222732 0.194429 
 0.168636 0.220270 0.172611 
 0.150721 0.218226 0.175103 
 0.132806 0.216183 0.177595 
 0.114890 0.214140 0.180087 
 0.093066 0.211900 0.170408 
 0.079060 0.210053 0.185071 
 0.034099 0.206669 0.102322 
 0.004820 0.204077 0.068250 
 -0.012868 0.202059 0.070711 
 -0.038148 0.199674 0.048797 
 -0.055790 0.197662 0.051251 
 -0.073433 0.195650 0.053706 
 -0.091076 0.193637 0.056160 
 -0.116128 0.191278 0.034215 
 -0.141089 0.188930 0.012258 
 -0.158641 0.186928 0.014700 
 -0.179830 0.184760 0.004932 
 -0.204587 0.182435 -0.017054 
 -0.222071 0.180441 -0.014622 
 -0.246691 0.178131 -0.036627 
 -0.257038 0.176453 -0.009758 
 -0.274522 0.174459 -0.007326 
 -0.292006 0.172465 -0.004894 
 -0.309489 0.170470 -0.002462 
 -0.333883 0.168186 -0.024499 
 -0.354754 0.166055 -0.034310 
 -0.372169 0.164069 -0.031888 
 -0.386198 0.162220 -0.017222 
 -0.420457 0.159558 -0.076030 
 -0.437782 0.157582 -0.073620 
 -0.455107 0.155606 -0.071210 
 -0.472432 0.153630 -0.068800 
 -0.489757 0.151654 -0.066391 
 -0.513583 0.149435 -0.088506 
 -0.530862 0.147464 -0.086102 
 -0.548141 0.145493 -0.083698 
 -0.565421 0.143522 -0.081295 
 -0.582700 0.141551 -0.078891 
 -0.599980 0.139581 -0.076488 
 -0.617259 0.137610 -0.074084 
 -0.634538 0.135639 -0.071681 
 -0.651818 0.133668 -0.069277 
 -0.669097 0.131697 -0.066874 
 -0.686377 0.129727 -0.064470 
 -0.703656 0.127756 -0.062067 
 0.303590 0.216317 0.235127 
 0.277305 0.213862 0.213341 
 0.251111 0.211418 0.191542 
 0.225007 0.208984 0.169732 
 0.207092 0.206940 0.172224 
 0.189177 0.204897 0.174715 
 0.171262 0.202854 0.177207 
 0.149366 0.200628 0.167532 
 0.131473 0.198587 0.170021 
 0.113581 0.196547 0.172510 
 0.087864 0.194156 0.150645 
 0.042788 0.190916 0.067868 
 0.025100 0.188899 0.070328 
 -0.000276 0.186547 0.048416 
 -0.025562 0.184207 0.026491 
 -0.043160 0.182200 0.028939 
 -0.060757 0.180193 0.031387 
 -0.085861 0.177873 0.009437 
 -0.103413 0.175871 0.011879 
 -0.124673 0.173717 0.002114 
 -0.142202 0.171718 0.004553 
 -0.159731 0.169719 0.006991 
 -0.184541 0.167432 -0.015000 
 -0.202024 0.165438 -0.012568 
 -0.219508 0.163444 -0.010136 
 -0.244136 0.161178 -0.032153 
 -0.261574 0.159189 -0.029727 
 -0.279012 0.157201 -0.027301 
 -0.296451 0.155212 -0.024876 
 -0.313889 0.153223 -0.022450 
 -0.331327 0.151234 -0.020025 
 -0.352201 0.149125 -0.029842 
 -0.369617 0.147138 -0.027419 
 -0.387033 0.145152 -0.024997 
 -0.411183 0.142941 -0.047079 
 -0.428553 0.140960 -0.044663 
 -0.452568 0.138764 -0.066765 
 -0.469893 0.136788 -0.064355 
 -0.493771 0.134607 -0.086476 
 -0.511050 0.132637 -0.084072 
 -0.528329 0.130666 -0.081668 
 -0.545609 0.128695 -0.079265 
 -0.562888 0.126724 -0.076861 
 -0.580168 0.124753 -0.074458 
 -0.597447 0.122783 -0.072054 
 -0.614726 0.120812 -0.069651 
 -0.635101 0.118760 -0.079538 
 -0.658502 0.116634 -0.101725 
 -0.675714 0.114671 -0.099331 
 -0.692925 0.112708 -0.096937 
 -0.716144 0.110602 -0.119149 
 -0.733310 0.108645 -0.116761 
 0.279944 0.196358 0.217961 
 0.253743 0.193957 0.196151 
 0.223558 0.191397 0.162168 
 0.205666 0.189356 0.164657 
 0.191803 0.187481 0.179312 
 0.169881 0.185275 0.169634 
 0.144021 0.182913 0.147776 
 0.126174 0.180878 0.150259 
 0.092573 0.178221 0.104024 
 0.063069 0.175738 0.069946 
 0.037595 0.173421 0.048034 
 0.019952 0.171409 0.050488 
 -0.005386 0.169107 0.028559 
 -0.030633 0.166815 0.006616 
 -0.048185 0.164814 0.009058 
 -0.069516 0.162674 -0.000703 
 -0.087046 0.160675 0.001735 
 -0.104575 0.158676 0.004173 
 -0.129527 0.156418 -0.017810 
 -0.147011 0.154424 -0.015378 
 -0.164494 0.152430 -0.012946 
 -0.189265 0.150193 -0.034955 
 -0.206703 0.148204 -0.032530 
 -0.224141 0.146215 -0.030104 
 -0.241580 0.144226 -0.027679 
 -0.259018 0.142237 -0.025253 
 -0.276456 0.140248 -0.022827 
 -0.293895 0.138259 -0.020402 
 -0.311333 0.136270 -0.017976 
 -0.328771 0.134281 -0.015550 
 -0.356527 0.131998 -0.049871 
 -0.373897 0.130017 -0.047455 
 -0.384480 0.128222 -0.020528 
 -0.408637 0.126054 -0.042622 
 -0.426007 0.124073 -0.040206 
 -0.450029 0.121922 -0.062320 
 -0.467353 0.119946 -0.059910 
 -0.491238 0.117809 -0.082042 
 -0.508518 0.115839 -0.079639 
 -0.525797 0.113868 -0.077235 
 -0.543076 0.111897 -0.074832 
 -0.560356 0.109926 -0.072428 
 -0.580802 0.107888 -0.082311 
 -0.598058 0.105920 -0.079911 
 -0.615315 0.103952 -0.077510 
 -0.638768 0.101865 -0.099703 
 -0.655980 0.099902 -0.097309 
 -0.673191 0.097939 -0.094915 
 -0.690402 0.095976 -0.092521 
 -0.707613 0.094013 -0.090127 
 -0.730794 0.091957 -0.112357 
 -0.747960 0.089999 -0.109969 
 -0.765126 0.088041 -0.107581 
 0.274336 0.178546 0.198261 
 0.256376 0.176497 0.200759 
 0.226181 0.174003 0.166759 
 0.208288 0.171962 0.169247 
 0.190396 0.169922 0.171736 
 0.172503 0.167881 0.174225 
 0.146636 0.165563 0.152355 
 0.120860 0.163257 0.130474 
 0.083350 0.160561 0.072024 
 0.057823 0.158282 0.050107 
 0.032388 0.156014 0.028178 
 0.014790 0.154007 0.030626 
 -0.010509 0.151754 0.008678 
 -0.031889 0.149632 -0.001082 
 -0.057029 0.147398 -0.023052 
 -0.074513 0.145404 -0.020620 
 -0.091997 0.143410 -0.018188 
 -0.109480 0.141416 -0.015756 
 -0.134394 0.139207 -0.037758 
 -0.151832 0.137218 -0.035333 
 -0.169270 0.135229 -0.032907 
 -0.186709 0.133240 -0.030481 
 -0.204147 0.131251 -0.028056 
 -0.221585 0.129262 -0.025630 
 -0.242602 0.127182 -0.035440 
 -0.260018 0.125195 -0.033018 
 -0.277434 0.123209 -0.030595 
 -0.294849 0.121223 -0.028173 
 -0.312265 0.119237 -0.025750 
 -0.329681 0.117250 -0.023328 
 -0.353981 0.115112 -0.045414 
 -0.371351 0.113131 -0.042998 
 -0.388721 0.111149 -0.040582 
 -0.406091 0.109168 -0.038166 
 -0.423462 0.107187 -0.035750 
 -0.447489 0.105079 -0.057875 
 -0.464814 0.103103 -0.055465 
 -0.488706 0.101012 -0.077609 
 -0.499464 0.099152 -0.050645 
 -0.523264 0.097070 -0.072802 
 -0.543759 0.095049 -0.082684 
 -0.561016 0.093081 -0.080284 
 -0.578272 0.091113 -0.077884 
 -0.601823 0.089059 -0.100075 
 -0.612786 0.087176 -0.073083 
 -0.636246 0.085133 -0.095287 
 -0.653457 0.083170 -0.092893 
 -0.670668 0.081207 -0.090499 
 -0.687880 0.079244 -0.088105 
 -0.711113 0.077227 -0.110340 
 -0.728279 0.075269 -0.107952 
 -0.748410 0.073290 -0.117885 
 -0.765553 0.071335 -0.115501 
 -0.782696 0.069379 -0.113116 
 0.311527 0.163672 0.249021 
 0.276968 0.161086 0.202869 
 0.250800 0.158779 0.181029 
 0.228803 0.156609 0.171349 
 0.202793 0.154320 0.149487 
 0.193018 0.152528 0.176327 
 0.167099 0.150249 0.154452 
 0.141271 0.147981 0.132565 
 0.107598 0.145496 0.086290 
 0.085942 0.143365 0.076562 
 0.060409 0.141131 0.054634 
 0.034967 0.138907 0.032693 
 0.009616 0.136693 0.010740 
 -0.011791 0.134591 0.000977 
 -0.036983 0.132395 -0.020998 
 -0.054467 0.130401 -0.018566 
 -0.079523 0.128221 -0.040561 
 -0.096961 0.126232 -0.038135 
 -0.114400 0.124243 -0.035710 
 -0.131838 0.122255 -0.033284 
 -0.149276 0.120266 -0.030858 
 -0.166715 0.118277 -0.028433 
 -0.184153 0.116288 -0.026007 
 -0.205219 0.114224 -0.035817 
 -0.219030 0.112310 -0.021156 
 -0.240050 0.110251 -0.030972 
 -0.257465 0.108265 -0.028549 
 -0.274881 0.106279 -0.026127 
 -0.292297 0.104292 -0.023704 
 -0.309712 0.102306 -0.021282 
 -0.334065 0.100207 -0.043374 
 -0.358326 0.098117 -0.065479 
 -0.375651 0.096141 -0.063069 
 -0.392976 0.094165 -0.060659 
 -0.410301 0.092189 -0.058250 
 -0.420916 0.090301 -0.031293 
 -0.444950 0.088237 -0.053430 
 -0.468894 0.086184 -0.075579 
 -0.486173 0.084214 -0.073175 
 -0.503452 0.082243 -0.070772 
 -0.523973 0.080241 -0.080657 
 -0.547667 0.078217 -0.102841 
 -0.564878 0.076254 -0.100447 
 -0.582089 0.074291 -0.098053 
 -0.599301 0.072328 -0.095659 
 -0.616512 0.070365 -0.093265 
 -0.633723 0.068402 -0.090871 
 -0.650935 0.066438 -0.088477 
 -0.668146 0.064475 -0.086083 
 -0.685357 0.062512 -0.083689 
 -0.702568 0.060549 -0.081295 
 -0.719780 0.058586 -0.078901 
 -0.742929 0.056624 -0.101160 
 -0.760094 0.054666 -0.098772 
 -0.780184 0.052714 -0.108718 
 0.314173 0.146123 0.253653 
 0.279601 0.143626 0.207477 
 0.249318 0.141256 0.173451 
 0.223256 0.139006 0.151584 
 0.189161 0.136563 0.105342 
 0.171405 0.134538 0.107812 
 0.161682 0.132706 0.134657 
 0.135892 0.130487 0.112752 
 0.106223 0.128187 0.078640 
 0.080637 0.125992 0.056706 
 0.055143 0.123807 0.034760 
 0.037546 0.121800 0.037208 
 0.012188 0.119631 0.015243 
 -0.009222 0.117550 0.005475 
 -0.034421 0.115399 -0.016512 
 -0.059529 0.113258 -0.038512 
 -0.076967 0.111269 -0.036087 
 -0.094405 0.109280 -0.033661 
 -0.111844 0.107291 -0.031235 
 -0.129282 0.105302 -0.028810 
 -0.146720 0.103313 -0.026384 
 -0.164159 0.101324 -0.023958 
 -0.185250 0.099280 -0.033771 
 -0.202666 0.097294 -0.031348 
 -0.220082 0.095307 -0.028926 
 -0.237497 0.093321 -0.026503 
 -0.254913 0.091335 -0.024081 
 -0.272329 0.089348 -0.021658 
 -0.289744 0.087362 -0.019236 
 -0.307160 0.085376 -0.016813 
 -0.331519 0.083320 -0.038917 
 -0.355787 0.081275 -0.061034 
 -0.373112 0.079299 -0.058624 
 -0.390437 0.077323 -0.056214 
 -0.407761 0.075347 -0.053804 
 -0.425086 0.073371 -0.051395 
 -0.442411 0.071395 -0.048985 
 -0.466361 0.069386 -0.071145 
 -0.483641 0.067416 -0.068742 
 -0.500920 0.065445 -0.066338 
 -0.521444 0.063466 -0.076229 
 -0.545144 0.061485 -0.098425 
 -0.562356 0.059522 -0.096031 
 -0.579567 0.057559 -0.093637 
 -0.596778 0.055596 -0.091243 
 -0.613989 0.053633 -0.088849 
 -0.631201 0.051670 -0.086455 
 -0.648412 0.049707 -0.084061 
 -0.665623 0.047744 -0.081667 
 -0.682835 0.045781 -0.079273 
 -0.700046 0.043818 -0.076879 
 -0.717257 0.041855 -0.074485 
 -0.728524 0.039847 -0.047425 
 -0.745781 0.037879 -0.045024 
 0.287725 0.127943 0.173064 
 0.269833 0.125903 0.175553 
 0.235497 0.123522 0.129319 
 0.209520 0.121327 0.107428 
 0.183633 0.119142 0.085524 
 0.174007 0.117276 0.112368 
 0.156251 0.115251 0.114838 
 0.126503 0.113010 0.080718 
 0.100866 0.110853 0.058779 
 0.075320 0.108707 0.036828 
 0.057722 0.106700 0.039276 
 0.032312 0.104570 0.017305 
 0.014761 0.102568 0.019747 
 -0.014374 0.100396 -0.014458 
 -0.031858 0.098402 -0.012026 
 -0.056973 0.096305 -0.034038 
 -0.074411 0.094316 -0.031612 
 -0.091850 0.092328 -0.029187 
 -0.109288 0.090339 -0.026761 
 -0.126726 0.088350 -0.024335 
 -0.144165 0.086361 -0.021910 
 -0.161603 0.084372 -0.019484 
 -0.179041 0.082383 -0.017059 
 -0.200114 0.080364 -0.026880 
 -0.217529 0.078377 -0.024457 
 -0.231356 0.076416 -0.009782 
 -0.252360 0.074405 -0.019612 
 -0.269776 0.072418 -0.017190 
 -0.294232 0.070397 -0.039293 
 -0.311603 0.068415 -0.036876 
 -0.335923 0.066409 -0.058999 
 -0.353248 0.064433 -0.056589 
 -0.377432 0.062443 -0.078730 
 -0.398118 0.060467 -0.088604 
 -0.411990 0.058501 -0.073922 
 -0.422547 0.056529 -0.046950 
 -0.439872 0.054553 -0.044540 
 -0.463829 0.052589 -0.066712 
 -0.481108 0.050618 -0.064308 
 -0.498387 0.048647 -0.061905 
 -0.518915 0.046690 -0.071802 
 -0.542622 0.044753 -0.094009 
 -0.559833 0.042790 -0.091615 
 -0.577044 0.040827 -0.089221 
 -0.594256 0.038864 -0.086827 
 -0.611467 0.036901 -0.084433 
 -0.628678 0.034938 -0.082039 
 -0.645889 0.032975 -0.079645 
 -0.663101 0.031012 -0.077251 
 -0.680312 0.029049 -0.074857 
 -0.703565 0.027165 -0.097127 
 -0.714735 0.025123 -0.070069 
 -0.731946 0.023160 -0.067675 
 -0.749157 0.021197 -0.065281 
 0.354172 0.120266 0.092225 
 0.336416 0.118241 0.094695 
 0.327115 0.116368 0.121506 
 0.309313 0.114338 0.123982 
 0.308240 0.112590 0.175166 
 0.282029 0.110413 0.153294 
 0.264182 0.108378 0.155777 
 0.229878 0.106090 0.109514 
 0.203939 0.103944 0.087604 
 0.186229 0.101924 0.090068 
 0.168518 0.099904 0.092531 
 0.146784 0.097832 0.082796 
 0.121095 0.095714 0.060851 
 0.095496 0.093607 0.038895 
 0.077899 0.091600 0.041343 
 0.052437 0.089509 0.019367 
 0.030975 0.087467 0.009593 
 0.013446 0.085468 0.012031 
 -0.011812 0.083400 -0.009972 
 -0.036979 0.081342 -0.031989 
 -0.054417 0.079353 -0.029564 
 -0.071856 0.077364 -0.027138 
 -0.093067 0.075351 -0.036946 
 -0.110483 0.073365 -0.034524 
 -0.127899 0.071378 -0.032101 
 -0.141609 0.069408 -0.017436 
 -0.159047 0.067420 -0.015010 
 -0.176485 0.065431 -0.012584 
 -0.197561 0.063433 -0.022411 
 -0.214977 0.061447 -0.019989 
 -0.232392 0.059460 -0.017566 
 -0.249808 0.057474 -0.015144 
 -0.267224 0.055488 -0.012721 
 -0.291687 0.053510 -0.034836 
 -0.309057 0.051529 -0.032420 
 -0.333384 0.049567 -0.054554 
 -0.350708 0.047591 -0.052144 
 -0.378332 0.045659 -0.086577 
 -0.402409 0.043726 -0.108746 
 -0.419620 0.041763 -0.106352 
 -0.420008 0.039687 -0.042504 
 -0.437333 0.037711 -0.040095 
 -0.461296 0.035791 -0.062278 
 -0.478575 0.033820 -0.059875 
 -0.495855 0.031849 -0.057471 
 -0.557311 0.026059 -0.087199 
 -0.608944 0.020170 -0.080017 
 -0.626156 0.018207 -0.077623 
 -0.643367 0.016243 -0.075229 
 -0.660578 0.014280 -0.072835 
 -0.677789 0.012317 -0.070441 
 -0.701049 0.010477 -0.092723 
 -0.718215 0.008519 -0.090335 
 -0.735381 0.006562 -0.087947 
 -0.746635 0.004465 -0.060865 
 0.365932 0.104907 0.069977 
 0.348222 0.102887 0.072440 
 0.339018 0.100980 0.099251 
 0.321262 0.098955 0.101720 
 0.303506 0.096930 0.104190 
 0.294120 0.095002 0.131026 
 0.276319 0.092971 0.133502 
 0.250237 0.090854 0.111600 
 0.232481 0.088829 0.114070 
 0.206535 0.086727 0.092148 
 0.184752 0.084671 0.082413 
 0.171113 0.082687 0.097076 
 0.149376 0.080637 0.087334 
 0.123680 0.078563 0.065378 
 0.098075 0.076500 0.043410 
 0.072561 0.074448 0.021429 
 0.055009 0.072446 0.023871 
 0.033544 0.070426 0.014091 
 0.016015 0.068427 0.016529 
 -0.009249 0.066403 -0.005486 
 -0.034423 0.064389 -0.027515 
 -0.051861 0.062400 -0.025090 
 -0.069300 0.060411 -0.022664 
 -0.090515 0.058421 -0.032478 
 -0.107930 0.056434 -0.030055 
 -0.121615 0.054445 -0.015387 
 -0.139053 0.052456 -0.012961 
 -0.156491 0.050467 -0.010536 
 -0.177593 0.048489 -0.020365 
 -0.195008 0.046503 -0.017943 
 -0.212424 0.044516 -0.015520 
 -0.229840 0.042530 -0.013098 
 -0.247255 0.040544 -0.010675 
 -0.271770 0.038605 -0.032795 
 -0.289141 0.036624 -0.030379 
 -0.306511 0.034643 -0.027963 
 -0.323881 0.032662 -0.025547 
 -0.348169 0.030749 -0.047699 
 -0.375803 0.028883 -0.082150 
 -0.399886 0.026994 -0.104330 
 0.386239 0.089710 0.072057 
 0.368528 0.087690 0.074521 
 0.350817 0.085670 0.076984 
 0.341621 0.083719 0.103806 
 0.323864 0.081693 0.106276 
 0.306108 0.079668 0.108746 
 0.288352 0.077643 0.111216 
 0.262263 0.075570 0.089302 
 0.252839 0.073593 0.116156 
 0.226842 0.071530 0.094229 
 0.205033 0.069493 0.084491 
 0.179194 0.067449 0.062543 
 0.169657 0.065459 0.089412 
 0.143909 0.063424 0.067451 
 0.126266 0.061412 0.069905 
 0.092685 0.059387 0.023491 
 0.075134 0.057385 0.025933 
 0.057582 0.055383 0.028374 
 0.036113 0.053386 0.018588 
 0.018584 0.051387 0.021027 
 -0.006687 0.049407 -0.001001 
 -0.024171 0.047413 0.001431 
 -0.049305 0.045448 -0.020615 
 -0.066744 0.043459 -0.018190 
 -0.084182 0.041470 -0.015764 
 -0.101620 0.039481 -0.013338 
 -0.119059 0.037492 -0.010913 
 -0.136497 0.035503 -0.008487 
 -0.153935 0.033515 -0.006061 
 -0.171374 0.031526 -0.003636 
 -0.192456 0.029572 -0.013474 
 -0.206250 0.027548 0.001216 
 -0.223689 0.025559 0.003641 
 -0.241127 0.023570 0.006067 
 -0.262119 0.021627 -0.003785 
 -0.286595 0.019738 -0.025922 
 -0.303965 0.017757 -0.023506 
 -0.321335 0.015776 -0.021090 
 0.397492 0.072532 0.100953 
 0.379735 0.070507 0.103423 
 0.353413 0.068452 0.081528 
 0.344223 0.066457 0.108362 
 0.326467 0.064432 0.110832 
 0.308711 0.062407 0.113302 
 0.282570 0.060372 0.091383 
 0.260690 0.058350 0.081649 
 0.243002 0.056333 0.084109 
 0.225313 0.054316 0.086569 
 0.199423 0.052310 0.064615 
 0.173623 0.050315 0.042649 
 0.164137 0.048286 0.069523 
 0.146495 0.046273 0.071977 
 0.128852 0.044261 0.074431 
 0.095258 0.042324 0.027995 
 0.077706 0.040322 0.030436 
 0.060154 0.038320 0.032877 
 0.042602 0.036319 0.035319 
 0.025050 0.034317 0.037760 
 0.003624 0.032347 0.027962 
 -0.013905 0.030347 0.030401 
 -0.039092 0.028422 0.008349 
 -0.056576 0.026428 0.010781 
 -0.081626 0.024518 -0.011290 
 -0.099065 0.022529 -0.008864 
 -0.116503 0.020540 -0.006439 
 -0.133941 0.018551 -0.004013 
 -0.143994 0.016457 0.022941 
 -0.168818 0.014573 0.000838 
 -0.178962 0.012469 0.027805 
 -0.196446 0.010475 0.030237 
 -0.213929 0.008481 0.032669 
 -0.231413 0.006487 0.035101 
 -0.248897 0.004493 0.037533 
 -0.266381 0.002499 0.039965 
 -0.283864 0.000505 0.042397 
 -0.318789 -0.001111 -0.016633 
 0.417850 0.057296 0.103039 
 0.400094 0.055271 0.105508 
 0.373720 0.053255 0.083609 
 0.356009 0.051235 0.086073 
 0.338298 0.049215 0.088536 
 0.320587 0.047195 0.091000 
 0.302877 0.045175 0.093463 
 0.280970 0.043173 0.083726 
 0.254936 0.041195 0.061780 
 0.237294 0.039183 0.064234 
 0.219651 0.037171 0.066688 
 0.202008 0.035159 0.069142 
 0.176202 0.033208 0.047164 
 0.166723 0.031134 0.074050 
 0.149080 0.029122 0.076504 
 0.123410 0.027187 0.054507 
 0.097830 0.025261 0.032498 
 0.080279 0.023259 0.034939 
 0.058781 0.021304 0.025145 
 0.041252 0.019304 0.027583 
 0.023722 0.017305 0.030022 
 0.006193 0.015306 0.032460 
 -0.011336 0.013307 0.034898 
 -0.036529 0.011425 0.012835 
 -0.054013 0.009431 0.015267 
 -0.071497 0.007437 0.017699 
 -0.088981 0.005443 0.020131 
 -0.113947 0.003588 -0.001964 
 -0.131385 0.001599 0.000461 
 -0.141432 -0.000539 0.027427 
 -0.169935 -0.002302 -0.006960 
 -0.183700 -0.004368 0.007738 
 -0.201139 -0.006357 0.010164 
 -0.218577 -0.008346 0.012590 
 -0.279005 -0.009285 -0.132411 
 -0.296170 -0.011243 -0.130024 
 -0.263818 -0.014498 0.044451 
 -0.281302 -0.016492 0.046883 
 0.464870 0.046138 0.075835 
 0.447159 0.044118 0.078299 
 0.438209 0.042060 0.105125 
 0.420453 0.040035 0.107594 
 0.402697 0.038010 0.110064 
 0.376316 0.036038 0.088153 
 0.358605 0.034018 0.090617 
 0.340894 0.031998 0.093080 
 0.323183 0.029978 0.095544 
 0.301251 0.027995 0.085804 
 0.275165 0.026057 0.063852 
 0.249170 0.024129 0.041888 
 0.231573 0.022122 0.044336 
 0.213975 0.020115 0.046784 
 0.196378 0.018108 0.049231 
 0.178781 0.016101 0.051679 
 0.169309 0.013983 0.078577 
 0.143586 0.012087 0.056575 
 0.125989 0.010080 0.059022 
 0.100403 0.008199 0.037001 
 0.078879 0.006262 0.027204 
 0.061350 0.004263 0.029643 
 0.043821 0.002264 0.032081 
 0.026292 0.000264 0.034519 
 0.008763 -0.001735 0.036957 
 -0.008767 -0.003734 0.039396 
 -0.033967 -0.005571 0.017321 
 -0.051451 -0.007565 0.019753 
 -0.068934 -0.009560 0.022185 
 -0.086418 -0.011554 0.024617 
 -0.111391 -0.013365 0.002510 
 -0.128830 -0.015354 0.004936 
 -0.146268 -0.017343 0.007361 
 -0.167383 -0.019232 -0.002492 
 -0.192106 -0.021015 -0.024633 
 -0.209476 -0.022996 -0.022217 
 -0.226847 -0.024977 -0.019800 
 -0.276489 -0.025972 -0.128007 
 -0.293655 -0.027930 -0.125619 
 -0.310820 -0.029888 -0.123232 
 0.494080 0.030874 0.102271 
 0.476324 0.028849 0.104741 
 0.458568 0.026824 0.107210 
 0.440811 0.024799 0.109680 
 0.423055 0.022773 0.112150 
 0.405299 0.020748 0.114620 
 0.378911 0.018820 0.092697 
 0.356908 0.016852 0.082962 
 0.339220 0.014834 0.085422 
 0.321531 0.012817 0.087882 
 0.303843 0.010800 0.090343 
 0.260942 0.009152 0.019532 
 0.243390 0.007151 0.021973 
 0.225838 0.005149 0.024415 
 0.208287 0.003147 0.026856 
 0.198957 0.001001 0.053746 
 0.181360 -0.001006 0.056194 
 0.171895 -0.003168 0.083103 
 0.146165 -0.005020 0.061090 
 0.128568 -0.007027 0.063537 
 0.102975 -0.008864 0.041505 
 0.081448 -0.010779 0.031702 
 0.063919 -0.012778 0.034140 
 0.046390 -0.014777 0.036578 
 0.028861 -0.016776 0.039017 
 0.011332 -0.018776 0.041455 
 -0.006198 -0.020775 0.043893 
 -0.031404 -0.022568 0.021807 
 -0.048888 -0.024562 0.024239 
 -0.066372 -0.026556 0.026671 
 -0.083856 -0.028550 0.029103 
 -0.108836 -0.030317 0.006984 
 -0.126274 -0.032306 0.009410 
 -0.143712 -0.034295 0.011835 
 -0.164830 -0.036163 0.001977 
 -0.178589 -0.038273 0.016687 
 -0.196027 -0.040262 0.019112 
 -0.224301 -0.041863 -0.015344 
 -0.241671 -0.043845 -0.012928 
 -0.291139 -0.044618 -0.121215 
 -0.311848 -0.046439 -0.131131 
 -0.328991 -0.048394 -0.128746 
 0.496683 0.013612 0.106827 
 0.470061 0.011703 0.084924 
 0.461170 0.009562 0.111766 
 0.443414 0.007537 0.114236 
 0.416929 0.005643 0.092314 
 0.399218 0.003623 0.094778 
 0.381507 0.001603 0.097241 
 0.359500 -0.000343 0.087500 
 0.333265 -0.002209 0.065543 
 0.315622 -0.004221 0.067997 
 0.289523 -0.006071 0.046023 
 0.263515 -0.007910 0.024035 
 0.245963 -0.009912 0.026476 
 0.228411 -0.011914 0.028918 
 0.210859 -0.013916 0.031359 
 0.193307 -0.015918 0.033801 
 0.175755 -0.017920 0.036242 
 0.158204 -0.019921 0.038684 
 0.148745 -0.022127 0.065605 
 0.131147 -0.024134 0.068052 
 0.105548 -0.025927 0.046008 
 0.084017 -0.027819 0.036199 
 0.066488 -0.029818 0.038638 
 0.041093 -0.031588 0.016565 
 0.023609 -0.033582 0.018997 
 0.006126 -0.035576 0.021429 
 -0.011358 -0.037570 0.023861 
 -0.028842 -0.039564 0.026293 
 -0.046326 -0.041558 0.028725 
 -0.063809 -0.043552 0.031157 
 -0.081293 -0.045547 0.033589 
 -0.106280 -0.047270 0.011458 
 -0.127446 -0.049120 0.001600 
 -0.141156 -0.051247 0.016310 
 -0.169644 -0.052806 -0.018135 
 -0.187015 -0.054787 -0.015719 
 -0.204385 -0.056768 -0.013303 
 -0.221755 -0.058750 -0.010887 
 -0.246310 -0.060424 -0.033077 
 -0.288623 -0.061305 -0.116811 
 -0.309336 -0.063104 -0.126732 
 -0.326479 -0.065060 -0.124348 
 0.499285 -0.003649 0.111382 
 0.472657 -0.005514 0.089468 
 0.454946 -0.007534 0.091931 
 0.446016 -0.009724 0.118792 
 0.419524 -0.011574 0.096858 
 0.401814 -0.013594 0.099322 
 0.379781 -0.015521 0.089578 
 0.353493 -0.017348 0.067616 
 0.327297 -0.019164 0.045642 
 0.309699 -0.021171 0.048090 
 0.292102 -0.023178 0.050538 
 0.266087 -0.024973 0.028538 
 0.244349 -0.026867 0.018752 
 0.226820 -0.028866 0.021191 
 0.209291 -0.030865 0.023629 
 0.191762 -0.032864 0.026067 
 0.178328 -0.034982 0.040746 
 0.160776 -0.036984 0.043187 
 0.143224 -0.038986 0.045628 
 0.121645 -0.040861 0.035820 
 0.104116 -0.042861 0.038259 
 0.078623 -0.044597 0.016187 
 0.061139 -0.046591 0.018619 
 0.035783 -0.048311 -0.003472 
 0.018345 -0.050300 -0.001047 
 0.000906 -0.052289 0.001379 
 -0.020400 -0.054133 -0.008466 
 -0.037816 -0.056119 -0.006044 
 -0.055232 -0.058105 -0.003621 
 -0.072647 -0.060092 -0.001199 
 -0.090063 -0.062078 0.001224 
 -0.114988 -0.063749 -0.020927 
 -0.139822 -0.065410 -0.043091 
 -0.157147 -0.067386 -0.040682 
 -0.174472 -0.069362 -0.038272 
 -0.191796 -0.071338 -0.035862 
 -0.209121 -0.073314 -0.033452 
 -0.226446 -0.075289 -0.031042 
 -0.243771 -0.077265 -0.028632 
 -0.268242 -0.078885 -0.050846 
 -0.306823 -0.079770 -0.122334 
 -0.323966 -0.081725 -0.119949 
 0.501887 -0.020910 0.115938 
 0.475253 -0.022732 0.094012 
 0.457542 -0.024752 0.096476 
 0.448619 -0.026986 0.123348 
 0.422120 -0.028792 0.101403 
 0.400061 -0.030699 0.091656 
 0.382373 -0.032716 0.094116 
 0.356079 -0.034499 0.072143 
 0.329876 -0.036271 0.050157 
 0.312278 -0.038278 0.052605 
 0.286212 -0.040034 0.030600 
 0.264448 -0.041908 0.020812 
 0.238540 -0.043646 -0.001215 
 0.229389 -0.045907 0.025688 
 0.203572 -0.047634 0.003649 
 0.186088 -0.049629 0.006081 
 0.168604 -0.051623 0.008513 
 0.159272 -0.053904 0.035441 
 0.133637 -0.055611 0.013377 
 0.116153 -0.057605 0.015809 
 0.098669 -0.059599 0.018241 
 0.073215 -0.061285 -0.003850 
 0.051815 -0.063118 -0.013688 
 0.026520 -0.064786 -0.035800 
 0.009150 -0.066767 -0.033384 
 -0.008221 -0.068748 -0.030967 
 -0.025591 -0.070729 -0.028551 
 -0.050659 -0.072372 -0.050696 
 -0.067984 -0.074348 -0.048286 
 -0.085309 -0.076324 -0.045876 
 -0.095072 -0.078654 -0.018887 
 -0.119958 -0.080276 -0.041056 
 -0.137283 -0.082252 -0.038646 
 -0.154608 -0.084228 -0.036236 
 -0.171932 -0.086204 -0.033827 
 -0.189257 -0.088180 -0.031417 
 -0.206582 -0.090156 -0.029007 
 -0.231150 -0.091741 -0.051220 
 -0.248430 -0.093712 -0.048816 
 -0.265709 -0.095683 -0.046413 
 -0.304310 -0.096435 -0.117935 
 -0.321454 -0.098390 -0.115551 
 0.477848 -0.039949 0.098556 
 0.468977 -0.042222 0.125434 
 0.451221 -0.044247 0.127903 
 0.420342 -0.045877 0.093734 
 0.402654 -0.047894 0.096194 
 0.376307 -0.049638 0.074215 
 0.350052 -0.051371 0.052224 
 0.323888 -0.053093 0.030221 
 0.306336 -0.055095 0.032662 
 0.284546 -0.056949 0.022871 
 0.258586 -0.058649 0.000839 
 0.241102 -0.060643 0.003271 
 0.215278 -0.062327 -0.018781 
 0.197840 -0.064316 -0.016355 
 0.180401 -0.066304 -0.013929 
 0.162963 -0.068293 -0.011504 
 0.153683 -0.070613 0.015431 
 0.128086 -0.072271 -0.006652 
 0.110648 -0.074260 -0.004227 
 0.093210 -0.076249 -0.001801 
 0.071783 -0.078062 -0.011642 
 0.046436 -0.079691 -0.033759 
 0.029066 -0.081672 -0.031343 
 0.011696 -0.083653 -0.028927 
 -0.013470 -0.085262 -0.051070 
 -0.030795 -0.087238 -0.048660 
 -0.048120 -0.089214 -0.046250 
 -0.065444 -0.091190 -0.043841 
 -0.082769 -0.093166 -0.041431 
 -0.100094 -0.095142 -0.039021 
 -0.124942 -0.096714 -0.061207 
 -0.142221 -0.098685 -0.058804 
 -0.159500 -0.100656 -0.056400 
 -0.176780 -0.102627 -0.053997 
 -0.194059 -0.104597 -0.051593 
 -0.211338 -0.106568 -0.049190 
 -0.228618 -0.108539 -0.046786 
 -0.245897 -0.110510 -0.044383 
 -0.263177 -0.112480 -0.041979 
 -0.284013 -0.114226 -0.051902 
 -0.301270 -0.116194 -0.049502 
 -0.318526 -0.118162 -0.047102 
 0.471580 -0.059484 0.129989 
 0.453824 -0.061509 0.132459 
 0.422934 -0.063072 0.098272 
 0.396536 -0.064777 0.076288 
 0.370229 -0.066470 0.054292 
 0.352631 -0.068478 0.056739 
 0.326460 -0.070156 0.034724 
 0.304644 -0.071991 0.024930 
 0.278632 -0.073651 0.002893 
 0.261148 -0.075645 0.005325 
 0.235272 -0.077290 -0.016732 
 0.217834 -0.079279 -0.014306 
 0.200396 -0.081268 -0.011881 
 0.182957 -0.083257 -0.009455 
 0.165519 -0.085246 -0.007029 
 0.148081 -0.087235 -0.004604 
 0.126582 -0.089033 -0.014441 
 0.109167 -0.091020 -0.012019 
 0.091751 -0.093006 -0.009596 
 0.066352 -0.094596 -0.031719 
 0.041044 -0.096176 -0.053855 
 0.023719 -0.098152 -0.051445 
 0.006394 -0.100128 -0.049035 
 -0.010931 -0.102104 -0.046625 
 -0.028256 -0.104080 -0.044215 
 -0.053291 -0.105629 -0.066388 
 -0.070571 -0.107600 -0.063985 
 -0.087850 -0.109571 -0.061581 
 -0.105130 -0.111541 -0.059178 
 -0.122409 -0.113512 -0.056774 
 -0.143430 -0.115256 -0.066678 
 -0.156968 -0.117454 -0.051967 
 -0.174247 -0.119424 -0.049563 
 -0.191526 -0.121395 -0.047160 
 -0.201504 -0.123840 -0.020117 
 -0.226085 -0.125337 -0.042353 
 -0.243365 -0.127308 -0.039949 
 -0.260644 -0.129278 -0.037546 
 -0.277923 -0.131249 -0.035142 
 -0.295203 -0.133220 -0.032739 
 -0.312482 -0.135191 -0.030335 
 0.416764 -0.079915 0.078360 
 0.390405 -0.081570 0.056359 
 0.372808 -0.083578 0.058807 
 0.346585 -0.085217 0.036786 
 0.324742 -0.087032 0.026989 
 0.307213 -0.089032 0.029428 
 0.281194 -0.090648 0.007379 
 0.255266 -0.092254 -0.014683 
 0.237828 -0.094243 -0.012258 
 0.216213 -0.096032 -0.022085 
 0.198797 -0.098019 -0.019663 
 0.181382 -0.100005 -0.017240 
 0.163966 -0.101991 -0.014818 
 0.146550 -0.103977 -0.012395 
 0.121009 -0.105539 -0.034510 
 0.103638 -0.107520 -0.032094 
 0.086268 -0.109501 -0.029678 
 0.060908 -0.111043 -0.051819 
 0.043583 -0.113019 -0.049409 
 0.018359 -0.114544 -0.071569 
 0.001079 -0.116515 -0.069165 
 -0.016200 -0.118485 -0.066762 
 -0.033479 -0.120456 -0.064358 
 -0.050759 -0.122427 -0.061955 
 -0.068038 -0.124398 -0.059551 
 -0.085318 -0.126368 -0.057148 
 -0.102597 -0.128339 -0.054744 
 -0.123644 -0.130064 -0.064651 
 -0.140901 -0.132032 -0.062250 
 -0.158158 -0.134000 -0.059850 
 -0.175414 -0.135969 -0.057449 
 -0.188994 -0.138193 -0.042726 
 -0.198964 -0.140682 -0.015671 
 -0.216289 -0.142658 -0.013262 
 -0.233614 -0.144634 -0.010852 
 -0.250939 -0.146610 -0.008442 
 -0.268264 -0.148586 -0.006032 
 -0.292670 -0.150018 -0.028305 
 -0.309950 -0.151989 -0.025902 
 0.410581 -0.096671 0.058426 
 0.384261 -0.098276 0.036407 
 0.366709 -0.100278 0.038848 
 0.349157 -0.102280 0.041289 
 0.327312 -0.104073 0.031487 
 0.301241 -0.105650 0.009433 
 0.275261 -0.107217 -0.012635 
 0.257822 -0.109206 -0.010209 
 0.236181 -0.110976 -0.020039 
 0.218766 -0.112962 -0.017617 
 0.201350 -0.114949 -0.015194 
 0.183934 -0.116935 -0.012772 
 0.158295 -0.118463 -0.034886 
 0.140925 -0.120444 -0.032470 
 0.115421 -0.121957 -0.054604 
 0.098096 -0.123933 -0.052194 
 0.080772 -0.125909 -0.049784 
 0.063447 -0.127885 -0.047374 
 0.038171 -0.129371 -0.069539 
 0.020891 -0.131342 -0.067135 
 0.003612 -0.133313 -0.064732 
 -0.013667 -0.135283 -0.062328 
 -0.030947 -0.137254 -0.059925 
 -0.048226 -0.139225 -0.057521 
 -0.065506 -0.141196 -0.055118 
 -0.086602 -0.142904 -0.065024 
 -0.103859 -0.144872 -0.062623 
 -0.121115 -0.146840 -0.060223 
 -0.138372 -0.148808 -0.057823 
 -0.155629 -0.150776 -0.055422 
 -0.172885 -0.152744 -0.053022 
 -0.186461 -0.154991 -0.038293 
 -0.203741 -0.156962 -0.035889 
 -0.221020 -0.158933 -0.033486 
 -0.231075 -0.161476 -0.006407 
 -0.248400 -0.163452 -0.003997 
 -0.265724 -0.165428 -0.001587 
 -0.283049 -0.167404 0.000823 
 -0.307417 -0.168786 -0.021468 
 0.413161 -0.113777 0.062941 
 0.360643 -0.114002 -0.032528 
 0.347570 -0.116214 -0.017863 
 0.330132 -0.118203 -0.015437 
 0.312693 -0.120192 -0.013012 
 0.295255 -0.122181 -0.010586 
 0.277817 -0.124170 -0.008160 
 0.256149 -0.125920 -0.017993 
 0.230322 -0.127425 -0.040094 
 0.212951 -0.129406 -0.037678 
 0.195581 -0.131387 -0.035262 
 0.178211 -0.133368 -0.032845 
 0.152610 -0.134847 -0.054978 
 0.135285 -0.136823 -0.052569 
 0.117960 -0.138799 -0.050159 
 0.092541 -0.140257 -0.072316 
 0.083311 -0.142751 -0.045339 
 0.057983 -0.144198 -0.067509 
 0.040703 -0.146169 -0.065105 
 0.023424 -0.148140 -0.062702 
 0.006145 -0.150111 -0.060298 
 -0.011135 -0.152081 -0.057895 
 -0.032302 -0.153775 -0.067797 
 -0.049559 -0.155743 -0.065397 
 -0.066816 -0.157711 -0.062996 
 -0.084073 -0.159680 -0.060596 
 -0.101329 -0.161648 -0.058196 
 -0.118586 -0.163616 -0.055795 
 -0.135842 -0.165584 -0.053395 
 -0.153099 -0.167552 -0.050994 
 -0.170356 -0.169520 -0.048594 
 -0.187613 -0.171489 -0.046194 
 -0.201208 -0.173760 -0.031456 
 -0.218488 -0.175731 -0.029052 
 -0.228536 -0.178318 -0.001962 
 -0.245860 -0.180294 0.000448 
 -0.263185 -0.182270 0.002858 
 -0.280510 -0.184246 0.005268 
 0.380611 -0.128946 -0.030482 
 0.354459 -0.130443 -0.052550 
 0.337089 -0.132424 -0.050134 
 0.319718 -0.134405 -0.047718 
 0.302348 -0.136386 -0.045302 
 0.284978 -0.138368 -0.042886 
 0.267608 -0.140349 -0.040469 
 0.250238 -0.142330 -0.038053 
 0.224449 -0.143785 -0.060173 
 0.207124 -0.145761 -0.057763 
 0.189799 -0.147737 -0.055353 
 0.172474 -0.149713 -0.052943 
 0.146912 -0.151142 -0.075093 
 0.129633 -0.153113 -0.072690 
 0.108280 -0.154805 -0.082573 
 0.091024 -0.156774 -0.080172 
 0.073767 -0.158742 -0.077772 
 0.048500 -0.160137 -0.099964 
 0.031289 -0.162100 -0.097570 
 0.014078 -0.164063 -0.095176 
 0.004740 -0.166614 -0.068170 
 -0.012517 -0.168583 -0.065770 
 -0.029773 -0.170551 -0.063370 
 -0.054768 -0.171915 -0.085599 
 -0.071979 -0.173878 -0.083205 
 -0.089190 -0.175841 -0.080811 
 -0.106401 -0.177804 -0.078417 
 -0.123613 -0.179767 -0.076023 
 -0.140824 -0.181730 -0.073629 
 -0.150570 -0.184328 -0.046567 
 -0.175247 -0.185656 -0.068841 
 -0.181396 -0.188587 -0.029426 
 -0.198676 -0.190558 -0.027023 
 -0.215955 -0.192528 -0.024619 
 -0.225996 -0.195160 0.002484 
 -0.243321 -0.197136 0.004893 
 -0.260646 -0.199112 0.007303 
 -0.277971 -0.201088 0.009713 
 0.391745 -0.143367 -0.052926 
 0.374375 -0.145348 -0.050510 
 0.357005 -0.147329 -0.048094 
 0.339635 -0.149310 -0.045677 
 0.313612 -0.150747 -0.067777 
 0.304894 -0.153273 -0.040845 
 0.287524 -0.155254 -0.038429 
 0.261637 -0.156675 -0.060547 
 0.244313 -0.158651 -0.058137 
 0.226988 -0.160627 -0.055728 
 0.209663 -0.162603 -0.053318 
 0.192338 -0.164579 -0.050908 
 0.166724 -0.165969 -0.073063 
 0.145323 -0.167645 -0.082946 
 0.128066 -0.169613 -0.080545 
 0.102657 -0.170980 -0.102730 
 0.085445 -0.172943 -0.100336 
 0.068234 -0.174906 -0.097942 
 0.043006 -0.176252 -0.120151 
 0.025840 -0.178210 -0.117763 
 0.008674 -0.180168 -0.115376 
 -0.008492 -0.182126 -0.112988 
 -0.025658 -0.184084 -0.110600 
 -0.046718 -0.185720 -0.120530 
 -0.063861 -0.187675 -0.118145 
 -0.081005 -0.189631 -0.115761 
 -0.098148 -0.191586 -0.113376 
 -0.115291 -0.193541 -0.110992 
 -0.132434 -0.195496 -0.108607 
 -0.145819 -0.197788 -0.093886 
 -0.162984 -0.199746 -0.091498 
 -0.165297 -0.203072 -0.039739 
 -0.178864 -0.205385 -0.024993 
 -0.188808 -0.208050 0.002109 
 -0.206132 -0.210026 0.004519 
 -0.216212 -0.212706 0.031640 
 -0.233583 -0.214688 0.034056 
 -0.243799 -0.217384 0.061196 
 -0.261215 -0.219371 0.063618 
 -0.278630 -0.221357 0.066041 
 0.403132 -0.160821 -0.023968 
 0.385716 -0.162807 -0.021545 
 0.359551 -0.164215 -0.043637 
 0.333476 -0.165614 -0.065742 
 0.316151 -0.167590 -0.063332 
 0.298826 -0.169566 -0.060922 
 0.272933 -0.170943 -0.083051 
 0.255654 -0.172913 -0.080648 
 0.238374 -0.174884 -0.078244 
 0.221095 -0.176855 -0.075841 
 0.203816 -0.178826 -0.073437 
 0.186536 -0.180796 -0.071033 
 0.165109 -0.182452 -0.080918 
 0.139602 -0.183786 -0.103102 
 0.114185 -0.185108 -0.125298 
 0.097019 -0.187066 -0.122910 
 0.079854 -0.189024 -0.120522 
 0.062688 -0.190982 -0.118135 
 0.041510 -0.192609 -0.128054 
 0.024367 -0.194565 -0.125670 
 0.007224 -0.196520 -0.123285 
 -0.009919 -0.198475 -0.120901 
 -0.027063 -0.200430 -0.118516 
 -0.052002 -0.201699 -0.140779 
 -0.072975 -0.203303 -0.150727 
 -0.090050 -0.205251 -0.148352 
 -0.107125 -0.207198 -0.145977 
 -0.124200 -0.209145 -0.143601 
 -0.137491 -0.211449 -0.128887 
 -0.143303 -0.214476 -0.089482 
 -0.152990 -0.217157 -0.062403 
 -0.162768 -0.219848 -0.035311 
 -0.180025 -0.221816 -0.032911 
 -0.186268 -0.224892 0.006554 
 -0.196296 -0.227612 0.033681 
 -0.213667 -0.229593 0.036097 
 -0.223831 -0.232328 0.063242 
 -0.241246 -0.234314 0.065664 
 -0.265777 -0.235536 0.043345 
 -0.276078 -0.238287 0.070509 
 -0.293493 -0.240273 0.072932 
 0.396837 -0.177140 -0.044012 
 0.379467 -0.179121 -0.041596 
 0.353340 -0.180480 -0.063706 
 0.336015 -0.182456 -0.061296 
 0.310024 -0.183799 -0.083425 
 0.292745 -0.185770 -0.081021 
 0.275466 -0.187741 -0.078618 
 0.253921 -0.189387 -0.088493 
 0.236665 -0.191355 -0.086092 
 0.219408 -0.193324 -0.083692 
 0.193758 -0.194629 -0.105868 
 0.176547 -0.196592 -0.103474 
 0.151033 -0.197881 -0.125669 
 0.133867 -0.199838 -0.123281 
 0.112595 -0.201454 -0.133194 
 0.095452 -0.203409 -0.130810 
 0.078309 -0.205364 -0.128425 
 0.061166 -0.207320 -0.126040 
 0.044023 -0.209275 -0.123656 
 0.026880 -0.211230 -0.121271 
 0.001797 -0.212470 -0.143527 
 -0.015301 -0.214420 -0.141148 
 -0.032398 -0.216370 -0.138770 
 -0.053398 -0.217955 -0.148721 
 -0.070473 -0.219902 -0.146346 
 -0.095260 -0.221108 -0.168641 
 -0.104623 -0.223797 -0.141595 
 -0.121698 -0.225745 -0.139220 
 -0.138773 -0.227692 -0.136845 
 -0.144552 -0.230783 -0.097425 
 -0.150468 -0.233889 -0.057987 
 -0.156519 -0.237010 -0.018529 
 -0.166404 -0.239758 0.008589 
 -0.176380 -0.242517 0.035721 
 -0.186447 -0.245286 0.062865 
 -0.203863 -0.247272 0.065288 
 -0.217672 -0.249657 0.080080 
 -0.235110 -0.251646 0.082506 
 -0.252549 -0.253635 0.084932 
 -0.273525 -0.255217 0.074978 
 -0.290941 -0.257204 0.077400 
 0.399383 -0.194025 -0.039556 
 0.382013 -0.196007 -0.037139 
 0.355879 -0.197322 -0.059261 
 0.338554 -0.199298 -0.056851 
 0.312557 -0.200597 -0.078991 
 0.290964 -0.202227 -0.088866 
 0.273707 -0.204195 -0.086465 
 0.256451 -0.206163 -0.084065 
 0.230703 -0.207434 -0.106240 
 0.213492 -0.209397 -0.103846 
 0.187881 -0.210652 -0.126040 
 0.170715 -0.212610 -0.123652 
 0.149394 -0.214209 -0.133565 
 0.136383 -0.216526 -0.118877 
 0.115108 -0.218120 -0.128796 
 0.097965 -0.220075 -0.126411 
 0.080822 -0.222030 -0.124026 
 0.063679 -0.223985 -0.121642 
 0.038499 -0.225191 -0.143896 
 0.021401 -0.227142 -0.141518 
 0.004303 -0.229092 -0.139140 
 -0.012795 -0.231042 -0.136761 
 -0.033820 -0.232607 -0.146715 
 -0.050895 -0.234554 -0.144340 
 -0.067970 -0.236502 -0.141965 
 -0.092764 -0.237664 -0.164272 
 -0.102120 -0.240397 -0.137214 
 -0.126823 -0.241548 -0.159534 
 -0.136270 -0.244291 -0.132464 
 -0.142039 -0.247448 -0.093027 
 -0.147945 -0.250620 -0.053571 
 -0.157710 -0.253399 -0.026456 
 -0.163865 -0.256600 0.013034 
 -0.173834 -0.259403 0.040178 
 -0.183895 -0.262216 0.067334 
 -0.201310 -0.264203 0.069756 
 -0.215116 -0.266610 0.084555 
 -0.232555 -0.268599 0.086980 
 -0.249993 -0.270588 0.089406 
 -0.267431 -0.272577 0.091832 
 -0.284870 -0.274566 0.094257 
 0.401929 -0.210912 -0.035099 
 0.384559 -0.212893 -0.032683 
 0.358419 -0.214164 -0.054816 
 0.332369 -0.215424 -0.076961 
 0.315090 -0.217395 -0.074558 
 0.293493 -0.219003 -0.084438 
 0.267648 -0.220240 -0.106613 
 0.250437 -0.222203 -0.104218 
 0.233226 -0.224166 -0.101824 
 0.207562 -0.225382 -0.124023 
 0.186193 -0.226964 -0.133935 
 0.169050 -0.228919 -0.131551 
 0.143591 -0.230113 -0.153779 
 0.134764 -0.232830 -0.126782 
 0.109395 -0.234013 -0.149022 
 0.092298 -0.235963 -0.146644 
 0.075200 -0.237913 -0.144266 
 0.058102 -0.239863 -0.141888 
 0.041004 -0.241813 -0.139509 
 0.023907 -0.243763 -0.137131 
 0.006809 -0.245713 -0.134753 
 -0.014242 -0.247259 -0.144709 
 -0.031317 -0.249206 -0.142334 
 -0.048392 -0.251153 -0.139959 
 -0.065468 -0.253101 -0.137584 
 -0.090268 -0.254219 -0.159903 
 -0.107298 -0.256161 -0.157534 
 -0.124327 -0.258104 -0.155165 
 -0.133768 -0.260891 -0.128083 
 -0.147071 -0.263264 -0.113348 
 -0.152921 -0.266497 -0.073881 
 -0.151454 -0.270606 -0.009662 
 -0.153918 -0.274308 0.042219 
 -0.171289 -0.276289 0.044635 
 -0.181342 -0.279146 0.071802 
 -0.198758 -0.281133 0.074224 
 -0.216173 -0.283119 0.076647 
 -0.233589 -0.285105 0.079069 
 -0.247437 -0.287540 0.093880 
 -0.264875 -0.289529 0.096306 
 -0.282314 -0.291518 0.098731 
 0.386740 -0.226310 -0.079739 
 0.369461 -0.228280 -0.077335 
 0.352181 -0.230251 -0.074931 
 0.334902 -0.232222 -0.072528 
 0.313279 -0.233810 -0.082411 
 0.287382 -0.235008 -0.104591 
 0.270171 -0.236971 -0.102197 
 0.252960 -0.238934 -0.099803 
 0.227244 -0.240112 -0.122007 
 0.205849 -0.241674 -0.131921 
 0.188706 -0.243630 -0.129537 
 0.163195 -0.244784 -0.151770 
 0.146097 -0.246734 -0.149392 
 0.128999 -0.248684 -0.147014 
 0.111901 -0.250634 -0.144636 
 0.094804 -0.252584 -0.142257 
 0.077706 -0.254534 -0.139879 
 0.060608 -0.256484 -0.137501 
 0.039485 -0.258016 -0.147453 
 0.022410 -0.259963 -0.145078 
 0.005335 -0.261910 -0.142703 
 -0.011740 -0.263858 -0.140328 
 -0.028815 -0.265805 -0.137953 
 -0.053713 -0.266889 -0.160271 
 -0.070742 -0.268832 -0.157902 
 -0.087772 -0.270774 -0.155533 
 -0.104802 -0.272716 -0.153164 
 -0.121831 -0.274659 -0.150796 
 -0.131265 -0.277490 -0.123702 
 -0.144565 -0.279885 -0.108962 
 -0.150405 -0.283184 -0.069476 
 -0.141462 -0.288308 0.019515 
 -0.151373 -0.291194 0.046675 
 -0.161374 -0.294091 0.073848 
 -0.178790 -0.296077 0.076270 
 -0.196205 -0.298063 0.078693 
 -0.210005 -0.300515 0.093503 
 -0.227443 -0.302504 0.095929 
 -0.248452 -0.304022 0.085960 
 -0.262320 -0.306481 0.100780 
 -0.279758 -0.308470 0.103206 
 0.389273 -0.243108 -0.075305 
 0.367579 -0.244682 -0.085184 
 0.350322 -0.246650 -0.082784 
 0.333065 -0.248618 -0.080384 
 0.298424 -0.248968 -0.127154 
 0.281258 -0.250926 -0.124766 
 0.259791 -0.252474 -0.134677 
 0.242648 -0.254429 -0.132292 
 0.225505 -0.256385 -0.129908 
 0.199896 -0.257505 -0.152140 
 0.182799 -0.259455 -0.149762 
 0.161513 -0.260982 -0.159698 
 0.144438 -0.262930 -0.157323 
 0.127363 -0.264877 -0.154948 
 0.110288 -0.266825 -0.152573 
 0.093213 -0.268772 -0.150198 
 0.080212 -0.271155 -0.135492 
 0.059063 -0.272667 -0.145447 
 0.033931 -0.273733 -0.167745 
 0.016902 -0.275675 -0.165377 
 0.007838 -0.278509 -0.138322 
 -0.017158 -0.279560 -0.160639 
 -0.034187 -0.281502 -0.158270 
 -0.051217 -0.283444 -0.155901 
 -0.068246 -0.285387 -0.153533 
 -0.085276 -0.287329 -0.151164 
 -0.102306 -0.289271 -0.148795 
 -0.111687 -0.292142 -0.121696 
 -0.124961 -0.294556 -0.106953 
 -0.134502 -0.297444 -0.079831 
 -0.147889 -0.299872 -0.065072 
 -0.146389 -0.304202 -0.000795 
 -0.156248 -0.307126 0.026370 
 -0.166197 -0.310061 0.053548 
 -0.176237 -0.313007 0.080739 
 -0.200937 -0.314024 0.058381 
 -0.211068 -0.316980 0.085584 
 -0.224887 -0.319456 0.100403 
 -0.245900 -0.320952 0.090429 
 -0.259764 -0.323434 0.105254 
 -0.277202 -0.325423 0.107680 
 0.370108 -0.261458 -0.080757 
 0.352851 -0.263426 -0.078356 
 0.326850 -0.264546 -0.100547 
 0.296590 -0.265229 -0.135048 
 0.279447 -0.267184 -0.132663 
 0.262304 -0.269139 -0.130278 
 0.245161 -0.271095 -0.127894 
 0.219500 -0.272176 -0.150131 
 0.198166 -0.273687 -0.160067 
 0.181091 -0.275634 -0.157692 
 0.164016 -0.277581 -0.155317 
 0.138605 -0.278634 -0.177589 
 0.121576 -0.280576 -0.175220 
 0.104546 -0.282519 -0.172851 
 0.087516 -0.284461 -0.170482 
 0.070487 -0.286403 -0.168114 
 0.053457 -0.288346 -0.165745 
 0.036427 -0.290288 -0.163376 
 0.019398 -0.292230 -0.161007 
 0.002368 -0.294172 -0.158639 
 -0.014661 -0.296115 -0.156270 
 -0.031691 -0.298057 -0.153901 
 -0.048721 -0.299999 -0.151532 
 -0.065750 -0.301942 -0.149163 
 -0.082780 -0.303884 -0.146795 
 -0.099810 -0.305826 -0.144426 
 -0.109185 -0.308741 -0.117315 
 -0.122455 -0.311177 -0.102566 
 -0.128207 -0.314601 -0.063056 
 -0.137855 -0.317547 -0.035907 
 -0.143857 -0.320999 0.003638 
 -0.153708 -0.323969 0.030815 
 -0.163651 -0.326948 0.058005 
 -0.173685 -0.329938 0.085207 
 -0.191100 -0.331924 0.087630 
 -0.204893 -0.334420 0.102451 
 -0.222331 -0.336409 0.104877 
 -0.239770 -0.338397 0.107303 
 -0.257208 -0.340386 0.109728 
 -0.274646 -0.342375 0.112154 
 0.346584 -0.279315 -0.098525 
 0.316246 -0.279939 -0.133034 
 0.299103 -0.281894 -0.130649 
 0.273299 -0.282947 -0.152880 
 0.256201 -0.284897 -0.150501 
 0.239104 -0.286847 -0.148123 
 0.217744 -0.288338 -0.158061 
 0.192190 -0.289362 -0.180326 
 0.175160 -0.291305 -0.177957 
 0.158131 -0.293247 -0.175588 
 0.132759 -0.294251 -0.197879 
 0.115774 -0.296188 -0.195516 
 0.098790 -0.298125 -0.193154 
 0.090012 -0.301016 -0.166113 
 0.072983 -0.302958 -0.163744 
 0.055953 -0.304901 -0.161376 
 0.030853 -0.305873 -0.183704 
 0.013869 -0.307811 -0.181341 
 0.004864 -0.310728 -0.154269 
 -0.012166 -0.312670 -0.151900 
 -0.029195 -0.314612 -0.149532 
 -0.046225 -0.316554 -0.147163 
 -0.063254 -0.318497 -0.144794 
 -0.080284 -0.320439 -0.142425 
 -0.097314 -0.322381 -0.140056 
 -0.106682 -0.325340 -0.112934 
 -0.119949 -0.327798 -0.098179 
 -0.125691 -0.331289 -0.058651 
 -0.135332 -0.334279 -0.031491 
 -0.141324 -0.337797 0.008072 
 -0.151169 -0.340811 0.035260 
 -0.161105 -0.343834 0.062462 
 -0.171132 -0.346868 0.089676 
 -0.188548 -0.348854 0.092098 
 -0.202337 -0.351372 0.106926 
 -0.212568 -0.354429 0.134169 
 -0.230052 -0.356423 0.136601 
 -0.254652 -0.357339 0.114203 
 -0.272090 -0.359328 0.116628 
 0.335902 -0.294649 -0.131020 
 0.310001 -0.295669 -0.153249 
 0.292903 -0.297619 -0.150871 
 0.271472 -0.299095 -0.160806 
 0.254397 -0.301043 -0.158431 
 0.237321 -0.302990 -0.156055 
 0.211716 -0.303975 -0.178325 
 0.186201 -0.304950 -0.200608 
 0.169216 -0.306888 -0.198246 
 0.152232 -0.308825 -0.195883 
 0.135248 -0.310762 -0.193521 
 0.118264 -0.312699 -0.191159 
 0.101280 -0.314636 -0.188796 
 0.092508 -0.317571 -0.161744 
 0.075479 -0.319514 -0.159375 
 0.066571 -0.322465 -0.132304 
 0.041419 -0.323398 -0.154637 
 0.024390 -0.325340 -0.152269 
 0.007360 -0.327283 -0.149900 
 -0.001729 -0.330255 -0.122804 
 -0.026699 -0.331167 -0.145162 
 -0.043729 -0.333110 -0.142793 
 -0.052954 -0.336097 -0.115678 
 -0.070029 -0.338045 -0.113303 
 -0.087105 -0.339992 -0.110928 
 -0.104179 -0.341940 -0.108553 
 -0.117443 -0.344420 -0.093792 
 -0.115598 -0.349047 -0.029469 
 -0.125278 -0.352086 -0.002290 
 -0.142535 -0.354055 0.000110 
 -0.148630 -0.357652 0.039705 
 -0.158559 -0.360720 0.066919 
 -0.175929 -0.362701 0.069335 
 -0.185995 -0.365784 0.096566 
 -0.199781 -0.368324 0.111400 
 -0.210006 -0.371426 0.138654 
 -0.220321 -0.374537 0.165921 
 -0.237850 -0.376537 0.168359 
 -0.255379 -0.378536 0.170797 
 -0.272909 -0.380535 0.173236 
 0.346702 -0.308390 -0.153619 
 0.329604 -0.310340 -0.151241 
 0.308124 -0.311799 -0.161175 
 0.291049 -0.313747 -0.158800 
 0.273974 -0.315694 -0.156425 
 0.256899 -0.317642 -0.154050 
 0.231241 -0.318588 -0.176325 
 0.214212 -0.320530 -0.173956 
 0.188690 -0.321461 -0.196251 
 0.167482 -0.322890 -0.206223 
 0.154721 -0.325336 -0.191526 
 0.133559 -0.326759 -0.201504 
 0.120753 -0.329210 -0.186801 
 0.103769 -0.331147 -0.184438 
 0.095004 -0.334126 -0.157374 
 0.077975 -0.336069 -0.155006 
 0.069074 -0.339064 -0.127923 
 0.043915 -0.339953 -0.150268 
 0.026886 -0.341896 -0.147899 
 0.009856 -0.343838 -0.145530 
 0.000773 -0.346854 -0.118423 
 -0.024203 -0.347722 -0.140793 
 -0.033377 -0.350749 -0.113673 
 -0.050452 -0.352696 -0.111298 
 -0.067527 -0.354644 -0.108922 
 -0.073022 -0.358241 -0.069391 
 -0.090165 -0.360196 -0.067006 
 -0.107308 -0.362151 -0.064622 
 -0.113076 -0.365779 -0.025053 
 -0.122749 -0.368862 0.002137 
 -0.136259 -0.371393 0.016939 
 -0.146091 -0.374495 0.044150 
 -0.148611 -0.378742 0.096190 
 -0.162349 -0.381299 0.111023 
 -0.179787 -0.383288 0.113449 
 -0.182694 -0.387580 0.165542 
 -0.200223 -0.389579 0.167980 
 -0.214164 -0.392159 0.182842 
 -0.231716 -0.394161 0.185284 
 -0.249268 -0.396162 0.187725 
 -0.266820 -0.398164 0.190167 
 0.349208 -0.325011 -0.149232 
 0.332110 -0.326961 -0.146854 
 0.310627 -0.328399 -0.156794 
 0.293552 -0.330346 -0.154419 
 0.267796 -0.331259 -0.176693 
 0.250767 -0.333201 -0.174324 
 0.233737 -0.335143 -0.171955 
 0.208163 -0.336035 -0.194255 
 0.191179 -0.337972 -0.191893 
 0.169968 -0.339379 -0.201871 
 0.157211 -0.341846 -0.187168 
 0.136045 -0.343248 -0.197152 
 0.123242 -0.345721 -0.182443 
 0.106258 -0.347658 -0.180081 
 0.097500 -0.350682 -0.153005 
 0.080470 -0.352624 -0.150636 
 0.071576 -0.355663 -0.123542 
 0.046411 -0.356508 -0.145899 
 0.029382 -0.358451 -0.143530 
 0.012352 -0.360393 -0.141161 
 0.007253 -0.364012 -0.101667 
 -0.013799 -0.365401 -0.111667 
 -0.030874 -0.367348 -0.109292 
 -0.047949 -0.369296 -0.106916 
 -0.049480 -0.373520 -0.054989 
 -0.066646 -0.375478 -0.052602 
 -0.083812 -0.377436 -0.050214 
 -0.100978 -0.379393 -0.047826 
 -0.110553 -0.382511 -0.020637 
 -0.120220 -0.385638 0.006565 
 -0.133726 -0.388191 0.021372 
 -0.143552 -0.391337 0.048595 
 -0.153468 -0.394492 0.075832 
 -0.159793 -0.398251 0.115497 
 -0.169913 -0.401430 0.142762 
 -0.180125 -0.404620 0.170039 
 -0.194040 -0.407220 0.184904 
 -0.204410 -0.410427 0.212203 
 -0.222007 -0.412435 0.214651 
 -0.246696 -0.413225 0.192228 
 -0.264247 -0.415227 0.194670 
 0.351714 -0.341632 -0.144845 
 0.334616 -0.343582 -0.142467 
 0.313129 -0.344998 -0.152413 
 0.287322 -0.345872 -0.174692 
 0.270292 -0.347814 -0.172324 
 0.253263 -0.349756 -0.169955 
 0.227637 -0.350609 -0.192260 
 0.210653 -0.352546 -0.189898 
 0.193669 -0.354483 -0.187535 
 0.172454 -0.355868 -0.197519 
 0.159700 -0.358357 -0.182810 
 0.142716 -0.360295 -0.180448 
 0.125732 -0.362232 -0.178085 
 0.108747 -0.364169 -0.175723 
 0.108229 -0.368368 -0.123911 
 0.091154 -0.370315 -0.121536 
 0.078150 -0.372833 -0.106793 
 0.057004 -0.374210 -0.116786 
 0.039929 -0.376158 -0.114411 
 0.022854 -0.378105 -0.112036 
 0.017719 -0.381795 -0.072517 
 -0.011296 -0.382000 -0.107286 
 -0.028371 -0.383947 -0.104911 
 -0.045447 -0.385895 -0.102535 
 0.034712 -0.402626 0.209685 
 -0.064130 -0.392166 -0.048197 
 -0.081296 -0.394123 -0.045809 
 -0.098462 -0.396081 -0.043422 
 -0.108031 -0.399242 -0.016221 
 -0.117690 -0.402414 0.010992 
 -0.131194 -0.404989 0.025805 
 -0.141012 -0.408179 0.053040 
 -0.150922 -0.411379 0.080289 
 -0.157237 -0.415204 0.119971 
 -0.167351 -0.418427 0.147248 
 -0.173916 -0.422281 0.186966 
 -0.184234 -0.425527 0.214271 
 -0.201831 -0.427535 0.216719 
 -0.219428 -0.429542 0.219166 
 -0.237026 -0.431549 0.221614 
 -0.247571 -0.434821 0.248950 
 -0.265213 -0.436833 0.251404 
 0.337122 -0.360204 -0.138080 
 0.306848 -0.360484 -0.172692 
 0.289818 -0.362427 -0.170323 
 0.264095 -0.363246 -0.192627 
 0.247110 -0.365183 -0.190265 
 0.230126 -0.367120 -0.187903 
 0.213142 -0.369057 -0.185540 
 0.191902 -0.370422 -0.195527 
 0.174940 -0.372357 -0.193167 
 0.162189 -0.374868 -0.178453 
 0.145205 -0.376805 -0.176090 
 0.136551 -0.379907 -0.149004 
 0.119522 -0.381850 -0.146635 
 0.110731 -0.384967 -0.119530 
 0.097753 -0.387505 -0.104784 
 0.080656 -0.389455 -0.102406 
 0.063558 -0.391405 -0.100028 
 0.042431 -0.392757 -0.110030 
 0.029363 -0.395305 -0.095271 
 0.020232 -0.398461 -0.068119 
 -0.008794 -0.398599 -0.102905 
 -0.025869 -0.400547 -0.100530 
 0.062772 -0.418986 0.236551 
 0.037298 -0.419777 0.214212 
 0.019656 -0.421789 0.216666 
 -0.078780 -0.410811 -0.041405 
 -0.095946 -0.412768 -0.039017 
 -0.097904 -0.417222 0.013020 
 -0.115161 -0.419190 0.015420 
 -0.128661 -0.421787 0.030239 
 -0.138473 -0.425021 0.057486 
 -0.137243 -0.430167 0.122020 
 -0.147304 -0.433430 0.149302 
 -0.157457 -0.436703 0.176596 
 -0.164057 -0.440627 0.216338 
 -0.181655 -0.442634 0.218786 
 -0.199252 -0.444641 0.221233 
 -0.216849 -0.446648 0.223681 
 -0.227342 -0.449960 0.251023 
 -0.244985 -0.451972 0.253477 
 -0.262628 -0.453984 0.255931 
 0.343403 -0.373155 -0.173060 
 0.326373 -0.375097 -0.170691 
 0.309344 -0.377039 -0.168322 
 0.283568 -0.377820 -0.190632 
 0.266584 -0.379757 -0.188270 
 0.249600 -0.381694 -0.185907 
 0.232615 -0.383631 -0.183545 
 0.215631 -0.385568 -0.181182 
 0.194388 -0.386911 -0.191175 
 0.177426 -0.388845 -0.188815 
 0.164679 -0.391379 -0.174095 
 0.147694 -0.393316 -0.171732 
 0.139047 -0.396462 -0.144634 
 0.130309 -0.399619 -0.117525 
 0.117357 -0.402176 -0.102776 
 0.100259 -0.404126 -0.100397 
 0.091317 -0.407305 -0.073258 
 0.066064 -0.408026 -0.095641 
 0.048966 -0.409976 -0.093263 
 0.031868 -0.411926 -0.090884 
 0.022744 -0.415126 -0.063720 
 0.005601 -0.417082 -0.061335 
 -0.011542 -0.419037 -0.058951 
 0.065364 -0.436181 0.241089 
 0.039884 -0.436928 0.218738 
 0.022241 -0.438940 0.221192 
 0.004599 -0.440952 0.223646 
 -0.085774 -0.430743 -0.009783 
 -0.091570 -0.434643 0.029865 
 -0.112632 -0.435966 0.019848 
 -0.126129 -0.438585 0.034672 
 -0.135934 -0.441863 0.061931 
 -0.134687 -0.447120 0.126494 
 -0.137359 -0.451744 0.178655 
 -0.154888 -0.453743 0.181094 
 -0.161478 -0.457734 0.220853 
 -0.179075 -0.459741 0.223301 
 -0.189471 -0.463087 0.250641 
 -0.207114 -0.465099 0.253095 
 -0.224757 -0.467111 0.255549 
 -0.242399 -0.469123 0.258003 
 -0.260042 -0.471136 0.260458 
 0.345899 -0.389710 -0.168691 
 0.328869 -0.391652 -0.166322 
 0.311839 -0.393595 -0.163953 
 0.294810 -0.395537 -0.161584 
 0.277780 -0.397479 -0.159215 
 0.252089 -0.398205 -0.181550 
 0.235105 -0.400142 -0.179187 
 0.218121 -0.402079 -0.176825 
 0.196874 -0.403400 -0.186823 
 0.179912 -0.405334 -0.184463 
 0.162951 -0.407269 -0.182104 
 0.150184 -0.409827 -0.167375 
 0.141543 -0.413017 -0.140265 
 0.132812 -0.416218 -0.113143 
 0.115737 -0.418165 -0.110768 
 0.102765 -0.420747 -0.096011 
 0.093830 -0.423971 -0.068860 
 0.076686 -0.425926 -0.066475 
 0.059543 -0.427881 -0.064091 
 0.042400 -0.429836 -0.061706 
 0.025257 -0.431792 -0.059322 
 0.008114 -0.433747 -0.056937 
 -0.009029 -0.435702 -0.054552 
 0.067957 -0.453377 0.245628 
 0.042470 -0.454079 0.223265 
 0.024827 -0.456091 0.225719 
 0.007184 -0.458103 0.228173 
 -0.018121 -0.458785 0.205786 
 -0.081420 -0.452777 0.059146 
 -0.110103 -0.452741 0.024275 
 -0.123596 -0.455383 0.039106 
 -0.133395 -0.458705 0.066376 
 -0.135849 -0.463394 0.118532 
 -0.142179 -0.467423 0.158274 
 -0.148646 -0.471467 0.198035 
 -0.158899 -0.474841 0.225368 
 -0.169243 -0.478225 0.252714 
 -0.186885 -0.480238 0.255168 
 -0.204528 -0.482250 0.257622 
 -0.222171 -0.484262 0.260076 
 -0.239813 -0.486274 0.262530 
 -0.257456 -0.488286 0.264984 
 0.348395 -0.406265 -0.164321 
 0.331365 -0.408207 -0.161952 
 0.314335 -0.410150 -0.159584 
 0.297306 -0.412092 -0.157215 
 0.280276 -0.414034 -0.154846 
 0.263246 -0.415977 -0.152477 
 0.237594 -0.416653 -0.174829 
 0.220610 -0.418590 -0.172467 
 0.199360 -0.419889 -0.182471 
 0.182398 -0.421823 -0.180112 
 0.165437 -0.423758 -0.177752 
 0.148475 -0.425692 -0.175393 
 0.144039 -0.429573 -0.135896 
 0.127010 -0.431515 -0.133527 
 0.122369 -0.435418 -0.094002 
 0.105271 -0.437368 -0.091624 
 0.096342 -0.440636 -0.064461 
 0.079199 -0.442591 -0.062077 
 0.062056 -0.444547 -0.059692 
 0.044913 -0.446502 -0.057308 
 0.027769 -0.448457 -0.054923 
 0.010626 -0.450412 -0.052538 
 0.080341 -0.467206 0.222883 
 0.062698 -0.469218 0.225338 
 0.045056 -0.471230 0.227792 
 0.027413 -0.473242 0.230246 
 0.009770 -0.475255 0.232700 
 -0.015542 -0.475892 0.210301 
 -0.052198 -0.474449 0.150600 
 -0.103784 -0.470210 0.041136 
 -0.121064 -0.472181 0.043539 
 -0.130856 -0.475547 0.070821 
 -0.148180 -0.477523 0.073231 
 -0.113729 -0.489340 0.249878 
 -0.131372 -0.491352 0.252332 
 -0.141708 -0.494780 0.279690 
 -0.159396 -0.496798 0.282151 
 -0.177084 -0.498815 0.284611 
 -0.194773 -0.500833 0.287072 
 -0.219585 -0.501413 0.264603 
 -0.230149 -0.504867 0.291992 
 -0.247837 -0.506885 0.294453 
 0.316831 -0.426704 -0.155214 
 0.299802 -0.428647 -0.152846 
 0.274052 -0.429289 -0.175197 
 0.257067 -0.431226 -0.172834 
 0.240083 -0.433164 -0.170472 
 0.223099 -0.435101 -0.168109 
 0.201846 -0.436378 -0.178119 
 0.184884 -0.438312 -0.175760 
 0.167923 -0.440247 -0.173400 
 0.150961 -0.442181 -0.171041 
 0.146535 -0.446127 -0.131526 
 0.129505 -0.448070 -0.129158 
 0.124875 -0.452040 -0.089615 
 0.115998 -0.455346 -0.062447 
 0.102942 -0.457983 -0.047665 
 0.085776 -0.459941 -0.045277 
 0.068611 -0.461898 -0.042890 
 0.051445 -0.463856 -0.040502 
 0.034279 -0.465814 -0.038114 
 0.017113 -0.467772 -0.035727 
 0.067121 -0.481570 0.177744 
 0.057427 -0.484970 0.205025 
 0.039830 -0.486977 0.207473 
 0.022232 -0.488985 0.209920 
 0.004635 -0.490992 0.212368 
 -0.012962 -0.492999 0.214816 
 -0.068712 -0.487885 0.092908 
 -0.093667 -0.488437 0.070446 
 -0.110992 -0.490413 0.072856 
 -0.128316 -0.492389 0.075266 
 -0.145641 -0.494365 0.077676 
 -0.077828 -0.513016 0.366467 
 -0.103033 -0.513596 0.344041 
 -0.128147 -0.514166 0.321602 
 -0.153170 -0.514726 0.299150 
 -0.170881 -0.516746 0.301613 
 -0.192180 -0.518028 0.291610 
 -0.216999 -0.518564 0.269129 
 -0.234642 -0.520576 0.271583 
 -0.252285 -0.522588 0.274037 
 0.319327 -0.443260 -0.150845 
 0.302298 -0.445202 -0.148476 
 0.285268 -0.447144 -0.146107 
 0.268238 -0.449087 -0.143739 
 0.242573 -0.449674 -0.166114 
 0.225588 -0.451612 -0.163751 
 0.208604 -0.453549 -0.161389 
 0.187370 -0.454801 -0.171408 
 0.170409 -0.456736 -0.169048 
 0.157651 -0.459360 -0.154302 
 0.149031 -0.462682 -0.127157 
 0.132001 -0.464625 -0.124788 
 0.127381 -0.468661 -0.085228 
 0.118510 -0.472012 -0.058049 
 0.105458 -0.474670 -0.043261 
 0.088292 -0.476628 -0.040873 
 0.071126 -0.478586 -0.038485 
 0.053961 -0.480544 -0.036098 
 0.056796 -0.486068 0.028371 
 0.039516 -0.488039 0.030774 
 0.022237 -0.490010 0.033178 
 0.060006 -0.502078 0.209540 
 0.042409 -0.504085 0.211988 
 0.024811 -0.506092 0.214436 
 0.007214 -0.508099 0.216883 
 -0.002701 -0.511569 0.244207 
 -0.027980 -0.512113 0.221779 
 -0.091128 -0.505279 0.074891 
 -0.108452 -0.507255 0.077301 
 -0.125777 -0.509231 0.079711 
 -0.057365 -0.528330 0.368564 
 -0.075212 -0.530366 0.371046 
 -0.093060 -0.532401 0.373529 
 -0.118226 -0.532932 0.351085 
 -0.143301 -0.533453 0.328628 
 -0.168286 -0.533963 0.306158 
 -0.189588 -0.535223 0.296148 
 -0.214413 -0.535715 0.273656 
 -0.232056 -0.537727 0.276110 
 -0.249699 -0.539740 0.278564 
 0.321823 -0.459815 -0.146476 
 0.304794 -0.461757 -0.144107 
 0.287764 -0.463699 -0.141738 
 0.270734 -0.465642 -0.139369 
 0.245062 -0.466185 -0.161756 
 0.228078 -0.468123 -0.159394 
 0.211093 -0.470060 -0.157031 
 0.189856 -0.471290 -0.167056 
 0.172894 -0.473224 -0.164697 
 0.155933 -0.475159 -0.162337 
 0.143157 -0.477808 -0.147581 
 0.134497 -0.481180 -0.120419 
 0.125747 -0.484562 -0.093244 
 0.112789 -0.487232 -0.078463 
 0.103880 -0.490632 -0.051266 
 0.086737 -0.492588 -0.048881 
 0.069594 -0.494543 -0.046497 
 0.056477 -0.497231 -0.031693 
 0.055325 -0.502131 0.020382 
 0.050010 -0.506313 0.060058 
 0.032685 -0.508289 0.062467 
 0.054714 -0.517698 0.189192 
 0.044988 -0.521192 0.216503 
 0.019611 -0.521701 0.194075 
 0.002059 -0.523703 0.196517 
 -0.007804 -0.527213 0.223846 
 -0.025401 -0.529220 0.226294 
 -0.088588 -0.522121 0.079336 
 -0.105913 -0.524097 0.081746 
 -0.029395 -0.545172 0.395574 
 -0.054750 -0.545680 0.373143 
 -0.065180 -0.549254 0.400552 
 -0.090444 -0.549751 0.378108 
 -0.115617 -0.550238 0.355652 
 -0.140699 -0.550714 0.333184 
 -0.165690 -0.551181 0.310702 
 -0.186995 -0.552418 0.300687 
 -0.218972 -0.551297 0.253219 
 -0.236569 -0.553304 0.255667 
 0.324319 -0.476370 -0.142106 
 0.307289 -0.478312 -0.139737 
 0.290260 -0.480254 -0.137369 
 0.273230 -0.482197 -0.135000 
 0.256201 -0.484139 -0.132631 
 0.230567 -0.484634 -0.155036 
 0.213583 -0.486571 -0.152673 
 0.196598 -0.488508 -0.150311 
 0.175380 -0.489713 -0.160345 
 0.158419 -0.491648 -0.157985 
 0.154023 -0.495793 -0.118418 
 0.136993 -0.497735 -0.116049 
 0.119963 -0.499677 -0.113681 
 0.111175 -0.503109 -0.086488 
 0.106392 -0.507298 -0.046867 
 0.089249 -0.509253 -0.044483 
 0.072106 -0.511209 -0.042098 
 0.058993 -0.513919 -0.027289 
 0.061861 -0.519664 0.037238 
 0.044581 -0.521635 0.039641 
 0.043147 -0.526657 0.091781 
 0.045471 -0.532465 0.156384 
 0.035819 -0.535995 0.183696 
 0.010503 -0.536453 0.161248 
 0.000761 -0.539993 0.188573 
 -0.012921 -0.542768 0.203462 
 -0.022822 -0.546326 0.230809 
 -0.021407 -0.552238 0.295538 
 -0.023999 -0.557392 0.347839 
 -0.034287 -0.560994 0.375240 
 -0.052134 -0.563030 0.377722 
 -0.062558 -0.566648 0.405143 
 -0.087828 -0.567101 0.382687 
 -0.113007 -0.567543 0.360220 
 -0.130809 -0.569574 0.362696 
 -0.155852 -0.570001 0.340209 
 -0.184403 -0.569614 0.305225 
 -0.216393 -0.568404 0.257734 
 -0.233990 -0.570411 0.260182 
 0.340072 -0.495124 -0.100607 
 0.322974 -0.497074 -0.098229 
 0.305876 -0.499024 -0.095850 
 0.284428 -0.500233 -0.105858 
 0.267353 -0.502181 -0.103483 
 0.241667 -0.502636 -0.125893 
 0.216072 -0.503082 -0.148316 
 0.199088 -0.505019 -0.145953 
 0.177866 -0.506202 -0.155993 
 0.160905 -0.508136 -0.153633 
 0.148135 -0.510830 -0.138866 
 0.131151 -0.512767 -0.136503 
 0.122459 -0.516232 -0.109311 
 0.105430 -0.518175 -0.106942 
 0.108905 -0.523963 -0.042469 
 0.091762 -0.525919 -0.040084 
 0.074619 -0.527874 -0.037700 
 0.061508 -0.530606 -0.022885 
 0.064393 -0.536462 0.041671 
 0.047114 -0.538433 0.044075 
 0.037764 -0.541974 0.071358 
 0.028323 -0.545524 0.098654 
 0.022711 -0.549876 0.138409 
 0.013066 -0.553449 0.165733 
 0.003330 -0.557034 0.193070 
 -0.002646 -0.561426 0.232876 
 -0.012586 -0.565034 0.260241 
 -0.011200 -0.571061 0.325006 
 -0.021390 -0.574697 0.352406 
 -0.031671 -0.578344 0.379819 
 -0.049518 -0.580379 0.382301 
 -0.128200 -0.586879 0.367263 
 -0.153250 -0.587262 0.344765 
 -0.178209 -0.587635 0.322254 
 -0.206656 -0.587169 0.287236 
 -0.224299 -0.589181 0.289690 
 0.342578 -0.511745 -0.096220 
 0.334279 -0.515211 -0.069070 
 0.308382 -0.515645 -0.091464 
 0.291284 -0.517596 -0.089085 
 0.269855 -0.518780 -0.099102 
 0.244163 -0.519191 -0.121523 
 0.218561 -0.519593 -0.143958 
 0.201577 -0.521530 -0.141596 
 0.184593 -0.523467 -0.139233 
 0.167609 -0.525404 -0.136871 
 0.159015 -0.528903 -0.109679 
 0.141985 -0.530845 -0.107311 
 0.124955 -0.532787 -0.104942 
 0.107926 -0.534730 -0.102573 
 0.103209 -0.539046 -0.062924 
 0.094274 -0.542584 -0.035686 
 0.077131 -0.544540 -0.033301 
 0.072097 -0.548892 0.006392 
 0.066926 -0.553260 0.046105 
 0.057628 -0.556839 0.073393 
 0.048239 -0.560429 0.100695 
 0.038760 -0.564029 0.128008 
 0.033112 -0.568452 0.167787 
 0.015628 -0.570446 0.170219 
 0.005899 -0.574075 0.197568 
 -0.000067 -0.578533 0.237391 
 -0.010000 -0.582185 0.264768 
 -0.016216 -0.586673 0.304626 
 -0.204070 -0.604320 0.291763 
 -0.221713 -0.606332 0.294217 
 0.336791 -0.531876 -0.064671 
 0.319648 -0.533832 -0.062287 
 0.302505 -0.535787 -0.059902 
 0.276693 -0.536167 -0.082320 
 0.259595 -0.538117 -0.079942 
 0.229629 -0.537689 -0.114785 
 0.204066 -0.538041 -0.137238 
 0.187082 -0.539978 -0.134875 
 0.170098 -0.541915 -0.132513 
 0.153114 -0.543852 -0.130150 
 0.144481 -0.547400 -0.102941 
 0.127451 -0.549343 -0.100572 
 0.110422 -0.551285 -0.098204 
 0.101607 -0.554854 -0.070970 
 0.088617 -0.557618 -0.056159 
 0.071519 -0.559568 -0.053781 
 0.074619 -0.565624 0.010808 
 0.069458 -0.570058 0.050538 
 0.060167 -0.573682 0.077838 
 0.058728 -0.578973 0.130054 
 0.041312 -0.580960 0.132477 
 0.027822 -0.583780 0.147357 
 0.010384 -0.585769 0.149783 
 0.000707 -0.589436 0.177137 
 0.002512 -0.595640 0.241906 
 0.360876 -0.547386 -0.050263 
 0.343710 -0.549343 -0.047876 
 0.322161 -0.550497 -0.057888 
 0.305018 -0.552452 -0.055504 
 0.287874 -0.554407 -0.053119 
 0.262101 -0.554739 -0.075555 
 0.240710 -0.555874 -0.085590 
 0.215095 -0.556186 -0.108047 
 0.198066 -0.558129 -0.105678 
 0.172587 -0.558426 -0.128155 
 0.155603 -0.560363 -0.125793 
 0.146977 -0.563955 -0.098572 
 0.129947 -0.565898 -0.096203 
 0.112918 -0.567840 -0.093834 
 0.104110 -0.571453 -0.066589 
 0.091123 -0.574239 -0.051772 
 0.082156 -0.577870 -0.024504 
 0.065013 -0.579825 -0.022120 
 0.067971 -0.586010 0.042520 
 0.050714 -0.587978 0.044921 
 0.033457 -0.589946 0.047321 
 0.035961 -0.596183 0.112025 
 0.030378 -0.600733 0.151831 
 0.012940 -0.602722 0.154257 
 0.363392 -0.564073 -0.045859 
 0.346226 -0.566031 -0.043471 
 0.329060 -0.567989 -0.041084 
 0.307530 -0.569118 -0.051105 
 0.281704 -0.569410 -0.073547 
 0.260288 -0.570525 -0.083584 
 0.243213 -0.572473 -0.081209 
 0.217591 -0.572741 -0.103678 
 0.200562 -0.574684 -0.101309 
 0.183532 -0.576626 -0.098940 
 0.174913 -0.580263 -0.071708 
 0.157838 -0.582210 -0.069333 
 0.140762 -0.584158 -0.066958 
 0.123687 -0.586105 -0.064583 
 0.106612 -0.588052 -0.062208 
 0.101812 -0.592580 -0.022490 
 0.084669 -0.594536 -0.020106 
 0.071572 -0.597356 -0.005267 
 0.062453 -0.601050 0.022034 
 0.053243 -0.604754 0.049349 
 0.039965 -0.607595 0.064212 
 0.030596 -0.611318 0.091548 
 0.361472 -0.579917 -0.053861 
 0.344329 -0.581872 -0.051476 
 0.318406 -0.582131 -0.073916 
 0.301308 -0.584081 -0.071538 
 0.284210 -0.586031 -0.069160 
 0.267112 -0.587981 -0.066781 
 0.250015 -0.589931 -0.064403 
 0.228640 -0.591020 -0.074453 
 0.211565 -0.592967 -0.072078 
 0.194490 -0.594914 -0.069702 
 0.177415 -0.596862 -0.067327 
 0.160340 -0.598809 -0.064952 
 0.143265 -0.600757 -0.062577 
 0.126190 -0.602704 -0.060202 
 0.109115 -0.604652 -0.057827 
 0.104325 -0.609246 -0.018092 
 0.087182 -0.611201 -0.015707 
 0.070038 -0.613156 -0.013323 
 0.056922 -0.616002 0.001525 
 0.047764 -0.619745 0.028844 
 0.363985 -0.596583 -0.049462 
 0.346842 -0.598538 -0.047077 
 0.320912 -0.598752 -0.069529 
 0.303814 -0.600702 -0.067151 
 0.295412 -0.604404 -0.039924 
 0.269618 -0.604602 -0.062394 
 0.252521 -0.606552 -0.060016 
 0.235423 -0.608503 -0.057638 
 0.218325 -0.610453 -0.055260 
 0.201227 -0.612403 -0.052881 
 0.184130 -0.614353 -0.050503 
 0.162843 -0.615409 -0.060571 
 0.149934 -0.618253 -0.045747 
 0.128693 -0.619304 -0.055821 
 0.111618 -0.621251 -0.053446 
 