0.207293 0.947093 -0.224875 
 0.185679 0.952284 -0.221532 
 0.162244 0.953367 -0.232878 
 0.142452 0.962666 -0.214846 
 0.120838 0.967857 -0.211504 
 0.099224 0.973049 -0.208161 
 0.224534 0.920440 -0.223164 
 0.202920 0.925631 -0.219821 
 0.181306 0.930822 -0.216478 
 0.157876 0.931933 -0.227830 
 0.138079 0.941204 -0.209792 
 0.116465 0.946396 -0.206449 
 0.094851 0.951587 -0.203106 
 0.253309 0.917941 -0.133351 
 0.223950 0.907043 -0.188734 
 0.198547 0.904169 -0.214767 
 0.176933 0.909360 -0.211424 
 0.153509 0.910499 -0.222783 
 0.131923 0.915683 -0.219444 
 0.110337 0.920868 -0.216105 
 0.088751 0.926052 -0.212767 
 0.067166 0.931237 -0.209428 
 0.266795 0.883098 -0.160998 
 0.245069 0.888316 -0.157638 
 0.219566 0.885525 -0.183666 
 0.194174 0.882707 -0.209712 
 0.172561 0.887898 -0.206369 
 0.150947 0.893090 -0.203026 
 0.129333 0.898281 -0.199684 
 0.107719 0.903472 -0.196341 
 0.084384 0.904618 -0.207719 
 0.062798 0.909802 -0.204380 
 0.266277 0.869452 -0.126532 
 0.240673 0.866743 -0.152558 
 0.215181 0.864008 -0.178599 
 0.189801 0.861245 -0.204658 
 0.168188 0.866436 -0.201315 
 0.146574 0.871628 -0.197972 
 0.123188 0.872815 -0.209348 
 0.101603 0.877999 -0.206010 
 0.080017 0.883184 -0.202671 
 0.058431 0.888368 -0.199333 
 0.261870 0.847824 -0.121439 
 0.241994 0.856998 -0.103367 
 0.210797 0.842490 -0.173532 
 0.185429 0.839783 -0.199604 
 0.163815 0.844975 -0.196261 
 0.142201 0.850166 -0.192918 
 0.118821 0.851381 -0.204301 
 0.097235 0.856565 -0.200962 
 0.075650 0.861750 -0.197624 
 0.054064 0.866934 -0.194285 
 0.032478 0.872119 -0.190946 
 0.253608 0.818379 -0.145757 
 0.231882 0.823597 -0.142397 
 0.206413 0.820973 -0.168464 
 0.181056 0.818321 -0.194549 
 0.159442 0.823513 -0.191207 
 0.137828 0.828704 -0.187864 
 0.116214 0.833895 -0.184521 
 0.094600 0.839086 -0.181178 
 0.072986 0.844277 -0.177835 
 0.051373 0.849469 -0.174492 
 0.029759 0.854660 -0.171149 
 0.008145 0.859851 -0.167806 
 0.267038 0.783842 -0.173452 
 0.245368 0.789046 -0.170100 
 0.223698 0.794251 -0.166749 
 0.202029 0.799456 -0.163397 
 0.180359 0.804660 -0.160045 
 0.155069 0.802051 -0.186152 
 0.133455 0.807242 -0.182809 
 0.111841 0.812433 -0.179466 
 0.090227 0.817624 -0.176124 
 0.068613 0.822816 -0.172781 
 0.047000 0.828007 -0.169438 
 0.025386 0.833198 -0.166095 
 0.003772 0.838389 -0.162752 
 0.262654 0.762324 -0.168384 
 0.240984 0.767529 -0.165033 
 0.219314 0.772733 -0.161681 
 0.197644 0.777938 -0.158330 
 0.175975 0.783143 -0.154978 
 0.154305 0.788347 -0.151627 
 0.129082 0.785780 -0.177755 
 0.107468 0.790971 -0.174412 
 0.085854 0.796162 -0.171069 
 0.064241 0.801354 -0.167726 
 0.042627 0.806545 -0.164383 
 0.021013 0.811736 -0.161040 
 -0.000601 0.816927 -0.157698 
 0.254392 0.733171 -0.192758 
 0.232778 0.738362 -0.189415 
 0.214930 0.751216 -0.156614 
 0.193260 0.756421 -0.153262 
 0.171590 0.761625 -0.149911 
 0.149921 0.766830 -0.146559 
 0.128251 0.772035 -0.143208 
 0.106581 0.777239 -0.139856 
 0.084911 0.782444 -0.136504 
 0.063242 0.787648 -0.133153 
 0.041572 0.792853 -0.129801 
 0.019902 0.798058 -0.126450 
 -0.001768 0.803262 -0.123098 
 0.250019 0.711709 -0.187704 
 0.228405 0.716900 -0.184361 
 0.210545 0.729699 -0.151546 
 0.188876 0.734903 -0.148195 
 0.170848 0.747742 -0.115355 
 0.145536 0.745313 -0.141492 
 0.123866 0.750517 -0.138140 
 0.102197 0.755722 -0.134789 
 0.083946 0.768614 -0.101914 
 0.062220 0.773832 -0.098553 
 0.040494 0.779050 -0.095193 
 0.015518 0.776540 -0.121382 
 -0.006152 0.781745 -0.118031 
 0.245646 0.690247 -0.182650 
 0.224032 0.695439 -0.179307 
 0.206161 0.708181 -0.146479 
 0.188178 0.720951 -0.113634 
 0.166453 0.726169 -0.110274 
 0.144727 0.731387 -0.106914 
 0.119482 0.729000 -0.133073 
 0.097812 0.734204 -0.129721 
 0.079550 0.747041 -0.096833 
 0.057824 0.752259 -0.093473 
 0.032803 0.749818 -0.119667 
 0.011133 0.755023 -0.116315 
 -0.010536 0.760227 -0.112963 
 0.219659 0.673977 -0.174253 
 0.201777 0.686664 -0.141412 
 0.180107 0.691868 -0.138060 
 0.162057 0.704596 -0.105194 
 0.140332 0.709814 -0.101833 
 0.118606 0.715032 -0.098473 
 0.096880 0.720250 -0.095113 
 0.075154 0.725468 -0.091753 
 0.053429 0.730686 -0.088393 
 0.028419 0.728301 -0.114599 
 0.006749 0.733505 -0.111248 
 -0.014921 0.738710 -0.107896 
 0.240732 0.654737 -0.143048 
 0.219062 0.659942 -0.139696 
 0.197393 0.665146 -0.136344 
 0.179387 0.677805 -0.103473 
 0.161270 0.690491 -0.070584 
 0.135936 0.688241 -0.096753 
 0.114210 0.693459 -0.093393 
 0.092485 0.698677 -0.090033 
 0.070759 0.703895 -0.086672 
 0.049033 0.709113 -0.083312 
 0.024035 0.706783 -0.109532 
 0.002365 0.711988 -0.106180 
 -0.019305 0.717193 -0.102829 
 0.245900 0.651615 -0.064213 
 0.222208 0.653168 -0.075597 
 0.196717 0.651014 -0.101753 
 0.174992 0.656232 -0.098393 
 0.156863 0.668862 -0.065491 
 0.131540 0.666668 -0.091673 
 0.109815 0.671886 -0.088312 
 0.088089 0.677104 -0.084952 
 0.066363 0.682322 -0.081592 
 0.044638 0.687540 -0.078232 
 0.019650 0.685266 -0.104465 
 -0.002019 0.690471 -0.101113 
 0.241487 0.629959 -0.059113 
 0.219678 0.635197 -0.055740 
 0.196020 0.636771 -0.067135 
 0.174238 0.642002 -0.063766 
 0.152456 0.647234 -0.060397 
 0.130675 0.652465 -0.057028 
 0.108893 0.657697 -0.053659 
 0.083693 0.655531 -0.079872 
 0.061968 0.660749 -0.076511 
 0.040242 0.665967 -0.073151 
 0.018516 0.671186 -0.069791 
 -0.006404 0.668953 -0.096046 
 0.258884 0.603065 -0.057386 
 0.237075 0.608303 -0.054013 
 0.215265 0.613541 -0.050640 
 0.191613 0.615142 -0.062041 
 0.169831 0.620374 -0.058673 
 0.148049 0.625605 -0.055304 
 0.126268 0.630837 -0.051935 
 0.104486 0.636068 -0.048566 
 0.079298 0.633958 -0.074791 
 0.057572 0.639176 -0.071431 
 0.035846 0.644394 -0.068071 
 0.014121 0.649613 -0.064711 
 0.284079 0.590500 0.003399 
 0.254472 0.581408 -0.052286 
 0.232662 0.586647 -0.048913 
 0.214584 0.599090 -0.015984 
 0.192718 0.604342 -0.012602 
 0.167234 0.602361 -0.038793 
 0.143642 0.603977 -0.050210 
 0.121861 0.609208 -0.046841 
 0.100079 0.614440 -0.043472 
 0.074902 0.612385 -0.069711 
 0.053176 0.617604 -0.066351 
 0.031451 0.622822 -0.062990 
 0.009725 0.628040 -0.059630 
 0.297622 0.556372 -0.024398 
 0.275756 0.561623 -0.021017 
 0.253891 0.566875 -0.017635 
 0.232025 0.572127 -0.014253 
 0.210160 0.577378 -0.010871 
 0.184631 0.575467 -0.037066 
 0.162821 0.580705 -0.033693 
 0.141011 0.585943 -0.030320 
 0.119202 0.591181 -0.026947 
 0.097392 0.596420 -0.023573 
 0.073891 0.598043 -0.035010 
 0.052109 0.603274 -0.031641 
 0.030328 0.608506 -0.028272 
 0.297130 0.541700 0.010261 
 0.271332 0.539912 -0.015903 
 0.249467 0.545163 -0.012522 
 0.227601 0.550415 -0.009140 
 0.205736 0.555666 -0.005758 
 0.183871 0.560918 -0.002376 
 0.162005 0.566170 0.001006 
 0.136599 0.564287 -0.025220 
 0.114789 0.569525 -0.021847 
 0.092980 0.574763 -0.018473 
 0.071170 0.580002 -0.015100 
 0.047702 0.581646 -0.026548 
 0.025921 0.586877 -0.023179 
 0.332505 0.502445 -0.020936 
 0.306663 0.500725 -0.047105 
 0.292695 0.519933 0.015387 
 0.266909 0.518200 -0.010790 
 0.245043 0.523451 -0.007408 
 0.223178 0.528703 -0.004027 
 0.201312 0.533955 -0.000645 
 0.179447 0.539206 0.002737 
 0.157581 0.544458 0.006119 
 0.132186 0.542631 -0.020120 
 0.113850 0.554961 0.012883 
 0.091985 0.560213 0.016264 
 0.066758 0.558345 -0.010000 
 0.044948 0.563584 -0.006627 
 0.023139 0.568822 -0.003254 
 0.328081 0.480733 -0.015823 
 0.310181 0.492900 0.017123 
 0.288259 0.498166 0.020513 
 0.266338 0.503431 0.023904 
 0.240619 0.501740 -0.002295 
 0.218754 0.506991 0.001087 
 0.196888 0.512243 0.004468 
 0.175023 0.517495 0.007850 
 0.153157 0.522746 0.011232 
 0.131292 0.527998 0.014614 
 0.109426 0.533249 0.017996 
 0.087561 0.538501 0.021378 
 0.065695 0.543753 0.024759 
 0.043830 0.549004 0.028141 
 0.021964 0.554256 0.031523 
 0.305746 0.471133 0.022249 
 0.283824 0.476398 0.025640 
 0.261903 0.481663 0.029030 
 0.236195 0.480028 0.002818 
 0.214330 0.485279 0.006200 
 0.192464 0.490531 0.009582 
 0.170599 0.495783 0.012963 
 0.148733 0.501034 0.016345 
 0.126868 0.506286 0.019727 
 0.105002 0.511538 0.023109 
 0.083137 0.516789 0.026491 
 0.061271 0.522041 0.029873 
 0.039406 0.527293 0.033254 
 0.017540 0.532544 0.036636 
 0.301310 0.449366 0.027375 
 0.283276 0.461449 0.060364 
 0.257468 0.459896 0.034156 
 0.235546 0.465161 0.037547 
 0.209906 0.463568 0.011313 
 0.191704 0.475691 0.044328 
 0.166175 0.474071 0.018076 
 0.144309 0.479323 0.021458 
 0.122444 0.484574 0.024840 
 0.100579 0.489826 0.028222 
 0.078713 0.495078 0.031604 
 0.056848 0.500329 0.034986 
 0.034982 0.505581 0.038368 
 0.013117 0.510832 0.041749 
 0.322784 0.429069 0.058705 
 0.300807 0.434348 0.062104 
 0.278829 0.439626 0.065503 
 0.256852 0.444905 0.068902 
 0.234875 0.450183 0.072302 
 0.209190 0.448659 0.046063 
 0.187268 0.453924 0.049454 
 0.165347 0.459189 0.052844 
 0.143425 0.464454 0.056235 
 0.121504 0.469719 0.059625 
 0.099583 0.474984 0.063016 
 0.077661 0.480249 0.066406 
 0.052424 0.478617 0.040099 
 0.027298 0.476959 0.013773 
 0.005488 0.482197 0.017146 
 0.368424 0.406670 0.101432 
 0.344347 0.408635 0.090045 
 0.322314 0.413927 0.093453 
 0.300280 0.419219 0.096860 
 0.278247 0.424511 0.100268 
 0.252405 0.423082 0.074042 
 0.230428 0.428360 0.077441 
 0.204754 0.426892 0.051190 
 0.182833 0.432157 0.054580 
 0.160912 0.437422 0.057971 
 0.138990 0.442687 0.061361 
 0.117069 0.447952 0.064752 
 0.091731 0.446402 0.038448 
 0.069865 0.451654 0.041830 
 0.051305 0.463747 0.074923 
 0.022885 0.455302 0.018873 
 0.001076 0.460541 0.022246 
 -0.020734 0.465779 0.025620 
 -0.042543 0.471017 0.028993 
 0.368037 0.391361 0.136194 
 0.341899 0.390062 0.110003 
 0.319838 0.395361 0.113415 
 0.295822 0.397340 0.102013 
 0.273789 0.402632 0.105420 
 0.251756 0.407924 0.108828 
 0.225982 0.406538 0.082580 
 0.200319 0.405124 0.056316 
 0.178398 0.410389 0.059706 
 0.156476 0.415654 0.063097 
 0.134555 0.420919 0.066487 
 0.116095 0.432930 0.099576 
 0.090712 0.431450 0.073268 
 0.072140 0.443487 0.106374 
 0.050163 0.448766 0.109773 
 0.021710 0.440446 0.053707 
 -0.003337 0.438884 0.027347 
 -0.025146 0.444123 0.030720 
 -0.046956 0.449361 0.034093 
 -0.068766 0.454599 0.037466 
 0.385679 0.364088 0.137945 
 0.363562 0.369400 0.141366 
 0.337436 0.368156 0.115162 
 0.315374 0.373455 0.118574 
 0.293313 0.378753 0.121986 
 0.269331 0.380754 0.110573 
 0.247298 0.386046 0.113981 
 0.225265 0.391338 0.117388 
 0.195884 0.383357 0.061442 
 0.173963 0.388622 0.064833 
 0.155603 0.400550 0.097917 
 0.130120 0.399152 0.071614 
 0.115099 0.417797 0.134427 
 0.086277 0.409682 0.078394 
 0.064356 0.414947 0.081785 
 0.042434 0.420212 0.085175 
 0.017287 0.418734 0.058820 
 -0.007750 0.417228 0.032447 
 -0.029559 0.422466 0.035820 
 -0.051369 0.427704 0.039193 
 -0.073178 0.432943 0.042566 
 -0.094988 0.438181 0.045939 
 0.381204 0.342126 0.143117 
 0.359087 0.347438 0.146538 
 0.332972 0.346250 0.120321 
 0.310911 0.351549 0.123733 
 0.288850 0.356847 0.127145 
 0.264874 0.358876 0.115725 
 0.242840 0.364168 0.119133 
 0.220807 0.369459 0.122541 
 0.195111 0.368170 0.096258 
 0.176741 0.380043 0.129356 
 0.154707 0.385335 0.132764 
 0.125685 0.377385 0.076740 
 0.110641 0.395919 0.139580 
 0.081842 0.387915 0.083521 
 0.059921 0.393180 0.086911 
 0.034728 0.391770 0.060551 
 0.012863 0.397022 0.063933 
 -0.012162 0.395572 0.037547 
 -0.033972 0.400810 0.040920 
 -0.055781 0.406048 0.044293 
 -0.077591 0.411286 0.047666 
 -0.096465 0.423280 0.080842 
 -0.118330 0.428532 0.084224 
 0.376730 0.320164 0.148289 
 0.354612 0.325476 0.151710 
 0.328509 0.324344 0.125480 
 0.306447 0.329642 0.128892 
 0.284386 0.334941 0.132304 
 0.260416 0.336997 0.120878 
 0.238382 0.342289 0.124285 
 0.216349 0.347581 0.127693 
 0.194316 0.352873 0.131101 
 0.172283 0.358165 0.134509 
 0.150249 0.363457 0.137917 
 0.128216 0.368749 0.141324 
 0.106183 0.374041 0.144732 
 0.080778 0.372740 0.118393 
 0.055485 0.371413 0.092037 
 0.030304 0.370059 0.065664 
 0.008439 0.375310 0.069046 
 -0.016575 0.373916 0.042647 
 -0.038384 0.379154 0.046020 
 -0.060194 0.384392 0.049393 
 -0.082003 0.389630 0.052766 
 -0.103813 0.394868 0.056139 
 -0.125622 0.400107 0.059513 
 -0.147432 0.405345 0.062886 
 0.372255 0.298203 0.153461 
 0.350138 0.303515 0.156882 
 0.324045 0.302438 0.130638 
 0.301984 0.307736 0.134051 
 0.279923 0.313035 0.137463 
 0.255958 0.315119 0.126030 
 0.233925 0.320411 0.129438 
 0.211891 0.325703 0.132845 
 0.189858 0.330995 0.136253 
 0.167825 0.336287 0.139661 
 0.145792 0.341579 0.143069 
 0.123758 0.346870 0.146477 
 0.101725 0.352162 0.149884 
 0.079692 0.357454 0.153292 
 0.051050 0.349645 0.097164 
 0.025880 0.348347 0.070778 
 0.004015 0.353598 0.074159 
 -0.020987 0.352259 0.047747 
 -0.042797 0.357498 0.051120 
 -0.064606 0.362736 0.054493 
 -0.086416 0.367974 0.057866 
 -0.108225 0.373212 0.061240 
 -0.130035 0.378450 0.064613 
 -0.151845 0.383689 0.067986 
 0.367780 0.276241 0.158633 
 0.345663 0.281553 0.162054 
 0.319582 0.280532 0.135797 
 0.297521 0.285830 0.139209 
 0.275459 0.291129 0.142622 
 0.251500 0.293241 0.131182 
 0.229467 0.298532 0.134590 
 0.209276 0.307025 0.152858 
 0.185400 0.309116 0.141406 
 0.163367 0.314408 0.144813 
 0.141334 0.319700 0.148221 
 0.119301 0.324992 0.151629 
 0.097267 0.330284 0.155037 
 0.071885 0.329094 0.128671 
 0.049908 0.334373 0.132071 
 0.021456 0.326635 0.075891 
 -0.000409 0.331887 0.079273 
 -0.025400 0.330603 0.052847 
 -0.047209 0.335841 0.056220 
 -0.070525 0.337799 0.044681 
 -0.090828 0.346318 0.062966 
 -0.112638 0.351556 0.066340 
 -0.134448 0.356794 0.069713 
 -0.156257 0.362032 0.073086 
 -0.178067 0.367271 0.076459 
 0.363305 0.254279 0.163805 
 0.345197 0.265856 0.196908 
 0.315118 0.258625 0.140956 
 0.293057 0.263924 0.144368 
 0.270996 0.269223 0.147780 
 0.248935 0.274521 0.151193 
 0.225009 0.276654 0.139742 
 0.204812 0.285119 0.158017 
 0.180943 0.287238 0.146558 
 0.158909 0.292530 0.149966 
 0.136876 0.297822 0.153374 
 0.111393 0.296715 0.127012 
 0.092810 0.308406 0.160189 
 0.067439 0.307272 0.133811 
 0.042180 0.306111 0.107416 
 0.017033 0.304923 0.081004 
 -0.004833 0.310175 0.084386 
 -0.029812 0.308947 0.057947 
 -0.051622 0.314185 0.061320 
 -0.074932 0.316170 0.049775 
 -0.095241 0.324662 0.068066 
 -0.117051 0.329900 0.071440 
 -0.138860 0.335138 0.074813 
 -0.160670 0.340376 0.078186 
 -0.182479 0.345614 0.081559 
 0.415560 0.240200 0.251143 
 0.393275 0.245553 0.254590 
 0.358830 0.232318 0.168977 
 0.336713 0.237630 0.172398 
 0.310655 0.236719 0.146115 
 0.288594 0.242018 0.149527 
 0.266532 0.247317 0.152939 
 0.242584 0.249484 0.141487 
 0.220551 0.254776 0.144895 
 0.200349 0.263212 0.163176 
 0.176485 0.265360 0.151710 
 0.154451 0.270652 0.155118 
 0.128924 0.269613 0.128753 
 0.106947 0.274892 0.132152 
 0.084969 0.280170 0.135551 
 0.062992 0.285449 0.138950 
 0.037744 0.284344 0.112542 
 0.012609 0.283212 0.086117 
 -0.012415 0.282052 0.059674 
 -0.034225 0.287291 0.063047 
 -0.056034 0.292529 0.066420 
 -0.079339 0.294542 0.054868 
 -0.099654 0.303005 0.073167 
 -0.121463 0.308243 0.076540 
 -0.143273 0.313482 0.079913 
 -0.165082 0.318720 0.083286 
 -0.186892 0.323958 0.086659 
 0.406897 0.211959 0.226672 
 0.380571 0.211171 0.200419 
 0.354356 0.210356 0.174149 
 0.332238 0.215668 0.177570 
 0.306191 0.214813 0.151274 
 0.284130 0.220112 0.154686 
 0.262069 0.225410 0.158098 
 0.240008 0.230709 0.161510 
 0.217946 0.236008 0.164922 
 0.194060 0.238189 0.153455 
 0.172027 0.243481 0.156863 
 0.146455 0.242512 0.130493 
 0.120995 0.241516 0.104106 
 0.099073 0.246781 0.107497 
 0.077152 0.252046 0.110887 
 0.051916 0.250997 0.084466 
 0.026791 0.249920 0.058027 
 0.004982 0.255158 0.061401 
 -0.016828 0.260396 0.064774 
 -0.038638 0.265634 0.068147 
 -0.060447 0.270873 0.071520 
 -0.086726 0.266518 0.030098 
 -0.108451 0.271736 0.033458 
 -0.125876 0.286587 0.081640 
 -0.149091 0.288608 0.070068 
 -0.170873 0.293839 0.073437 
 -0.195354 0.292608 0.046899 
 -0.217080 0.297826 0.050259 
 0.402400 0.189886 0.231870 
 0.376085 0.189154 0.205604 
 0.349881 0.188394 0.179321 
 0.327764 0.193706 0.182742 
 0.301728 0.192907 0.156433 
 0.279667 0.198206 0.159845 
 0.257605 0.203504 0.163257 
 0.233669 0.205727 0.151792 
 0.211635 0.211019 0.155200 
 0.189602 0.216311 0.158607 
 0.163986 0.215411 0.132233 
 0.138481 0.214484 0.105842 
 0.116560 0.219749 0.109233 
 0.087807 0.212549 0.053008 
 0.064318 0.214664 0.041473 
 0.039233 0.213636 0.015017 
 0.017507 0.218855 0.018377 
 -0.004219 0.224073 0.021737 
 -0.029080 0.222991 -0.004753 
 -0.044590 0.240822 0.058317 
 -0.069396 0.239727 0.031818 
 -0.091121 0.244945 0.035178 
 -0.109935 0.256516 0.068424 
 -0.134573 0.255381 0.041898 
 -0.159099 0.254219 0.015356 
 -0.175280 0.272211 0.078531 
 -0.202438 0.264628 0.022060 
 -0.224108 0.269833 0.025411 
 -0.245778 0.275037 0.028763 
 -0.267447 0.280242 0.032114 
 -0.295279 0.269295 -0.039421 
 -0.316809 0.274466 -0.036091 
 -0.464493 0.320515 0.032255 
 -0.486106 0.325707 0.035598 
 0.448725 0.166098 0.274728 
 0.424319 0.168463 0.263330 
 0.402034 0.173816 0.266777 
 0.371598 0.167136 0.210789 
 0.345406 0.166433 0.184493 
 0.323289 0.171745 0.187914 
 0.297264 0.171001 0.161592 
 0.275203 0.176300 0.165004 
 0.253142 0.181598 0.168416 
 0.229211 0.183849 0.156944 
 0.207178 0.189141 0.160352 
 0.181516 0.188309 0.133973 
 0.155967 0.187451 0.107578 
 0.130530 0.186566 0.081165 
 0.103474 0.182573 0.039829 
 0.078288 0.181627 0.013377 
 0.056563 0.186845 0.016737 
 0.031545 0.185860 -0.009740 
 0.009875 0.191065 -0.006389 
 -0.011795 0.196269 -0.003037 
 -0.033464 0.201474 0.000314 
 -0.055134 0.206678 0.003666 
 -0.076804 0.211883 0.007017 
 -0.098474 0.217088 0.010369 
 -0.120143 0.222292 0.013721 
 -0.141813 0.227497 0.017072 
 -0.166272 0.226377 -0.009492 
 -0.182420 0.244244 0.053699 
 -0.209500 0.236759 -0.002806 
 -0.228492 0.248315 0.030478 
 -0.250162 0.253520 0.033830 
 -0.280615 0.236353 -0.067675 
 -0.299635 0.247916 -0.034386 
 -0.317569 0.262715 0.013909 
 -0.342695 0.258258 -0.027726 
 -0.364225 0.263429 -0.024396 
 -0.385755 0.268600 -0.021066 
 -0.401850 0.289952 0.057291 
 -0.423520 0.295157 0.060643 
 -0.447252 0.293862 0.033966 
 -0.466859 0.305566 0.067346 
 -0.488529 0.310771 0.070697 
 -0.508305 0.322515 0.104103 
 -0.528192 0.334286 0.137526 
 -0.549974 0.339517 0.140895 
 0.444211 0.143942 0.279946 
 0.421898 0.149302 0.283397 
 0.389285 0.139794 0.212545 
 0.363048 0.139159 0.186244 
 0.340931 0.144471 0.189665 
 0.318814 0.149783 0.193086 
 0.292801 0.149095 0.166751 
 0.268820 0.151387 0.155281 
 0.248678 0.159692 0.173575 
 0.224753 0.161970 0.162096 
 0.202720 0.167262 0.165504 
 0.173453 0.160419 0.109314 
 0.147972 0.159603 0.082897 
 0.126106 0.164855 0.086279 
 0.095618 0.154836 0.015097 
 0.073893 0.160054 0.018457 
 0.048830 0.159138 -0.008025 
 0.027160 0.164342 -0.004673 
 0.005491 0.169547 -0.001321 
 -0.016179 0.174752 0.002030 
 -0.040962 0.173768 -0.024495 
 -0.062576 0.178959 -0.021152 
 -0.084190 0.184150 -0.017809 
 -0.105803 0.189341 -0.014466 
 -0.127417 0.194533 -0.011123 
 -0.149031 0.199724 -0.007780 
 -0.172034 0.201780 -0.019403 
 -0.192259 0.210106 -0.001095 
 -0.215206 0.212149 -0.012725 
 -0.235486 0.220489 0.005591 
 -0.260931 0.216195 -0.036011 
 -0.284959 0.215030 -0.062654 
 -0.303991 0.226538 -0.029351 
 -0.321942 0.241253 0.018963 
 -0.343556 0.246445 0.022306 
 -0.368581 0.242051 -0.019362 
 -0.390111 0.247222 -0.016032 
 -0.408397 0.262018 0.032335 
 -0.430011 0.267209 0.035678 
 -0.451625 0.272400 0.039020 
 -0.473238 0.277592 0.042363 
 -0.494852 0.282783 0.045706 
 -0.514583 0.294458 0.079116 
 -0.534426 0.306160 0.112543 
 -0.557923 0.304867 0.085819 
 -0.579592 0.310072 0.089171 
 -0.689377 0.329504 0.075793 
 -0.710991 0.334695 0.079135 
 -0.732604 0.339886 0.082478 
 0.459871 0.113502 0.266859 
 0.433366 0.112990 0.240588 
 0.406972 0.112451 0.214301 
 0.384799 0.117777 0.217730 
 0.358573 0.117197 0.191416 
 0.336456 0.122509 0.194837 
 0.314339 0.127822 0.198258 
 0.286395 0.124216 0.157025 
 0.264362 0.129508 0.160433 
 0.242328 0.134800 0.163841 
 0.220295 0.140092 0.167249 
 0.194601 0.139385 0.140852 
 0.165413 0.132640 0.084628 
 0.139998 0.131866 0.058189 
 0.109455 0.122007 -0.013012 
 0.087785 0.127211 -0.009660 
 0.066116 0.132416 -0.006309 
 0.041120 0.131541 -0.032812 
 0.019507 0.136732 -0.029469 
 -0.002107 0.141924 -0.026126 
 -0.023721 0.147115 -0.022784 
 -0.046886 0.149239 -0.034386 
 -0.068472 0.154424 -0.031048 
 -0.090058 0.159608 -0.027709 
 -0.111644 0.164793 -0.024371 
 -0.133230 0.169977 -0.021032 
 -0.157638 0.168962 -0.047626 
 -0.179168 0.174133 -0.044296 
 -0.197987 0.185531 -0.011016 
 -0.219573 0.190715 -0.007678 
 -0.243757 0.189646 -0.034307 
 -0.265287 0.194817 -0.030977 
 -0.289304 0.193707 -0.057632 
 -0.308347 0.205159 -0.024317 
 -0.326315 0.219791 0.024017 
 -0.347929 0.224983 0.027360 
 -0.375200 0.214338 -0.044347 
 -0.392260 0.232191 0.019031 
 -0.413846 0.237375 0.022370 
 -0.434384 0.245747 0.040732 
 -0.457018 0.247744 0.029047 
 -0.478603 0.252929 0.032385 
 -0.500189 0.258113 0.035724 
 -0.520839 0.266512 0.054104 
 -0.540637 0.278145 0.087535 
 -0.564067 0.276895 0.060789 
 -0.585681 0.282086 0.064132 
 -0.605647 0.293759 0.097590 
 -0.627316 0.298964 0.100941 
 -0.648986 0.304168 0.104293 
 -0.670656 0.309373 0.107644 
 -0.693750 0.308042 0.080847 
 -0.716048 0.309958 0.069110 
 -0.737634 0.315143 0.072449 
 0.477647 0.086021 0.268623 
 0.455362 0.091374 0.272070 
 0.428868 0.090917 0.245786 
 0.402486 0.090434 0.219486 
 0.376216 0.089924 0.193167 
 0.354099 0.095236 0.196588 
 0.327996 0.094685 0.170244 
 0.305935 0.099984 0.173656 
 0.281937 0.102338 0.162178 
 0.256086 0.101727 0.135794 
 0.237871 0.112922 0.168993 
 0.212132 0.112284 0.142593 
 0.182855 0.105676 0.086359 
 0.157395 0.104971 0.059915 
 0.126741 0.095285 -0.011296 
 0.105071 0.100489 -0.007945 
 0.079975 0.099697 -0.034444 
 0.058361 0.104888 -0.031101 
 0.036747 0.110079 -0.027758 
 0.015134 0.115271 -0.024415 
 -0.006480 0.120462 -0.021072 
 -0.028094 0.125653 -0.017729 
 -0.051253 0.127805 -0.029339 
 -0.072839 0.132990 -0.026000 
 -0.097404 0.132070 -0.052581 
 -0.118934 0.137241 -0.049252 
 -0.140464 0.142412 -0.045922 
 -0.164805 0.141438 -0.072538 
 -0.186279 0.146596 -0.069217 
 -0.207753 0.151754 -0.065896 
 -0.226583 0.163096 -0.032602 
 -0.250701 0.162069 -0.059253 
 -0.272175 0.167226 -0.055932 
 -0.293649 0.172384 -0.052611 
 -0.315123 0.177542 -0.049289 
 -0.336597 0.182699 -0.045968 
 -0.355763 0.194122 -0.012622 
 -0.379545 0.193015 -0.039325 
 -0.401019 0.198172 -0.036004 
 -0.418213 0.215941 0.027417 
 -0.439799 0.221126 0.030756 
 -0.461385 0.226310 0.034095 
 -0.482971 0.231495 0.037433 
 -0.504557 0.236679 0.040772 
 -0.525212 0.245050 0.059158 
 -0.545022 0.256628 0.092602 
 -0.568440 0.255433 0.065844 
 -0.590054 0.260624 0.069187 
 -0.610031 0.272242 0.102657 
 -0.631701 0.277446 0.106009 
 -0.653370 0.282651 0.109360 
 -0.675040 0.287856 0.112712 
 -0.698123 0.286580 0.085901 
 -0.720415 0.288524 0.074158 
 -0.741350 0.296962 0.092587 
 -0.762964 0.302153 0.095930 
 0.473138 0.063893 0.273835 
 0.446600 0.063506 0.247546 
 0.424371 0.068845 0.250984 
 0.393858 0.062650 0.194918 
 0.371741 0.067962 0.198339 
 0.345594 0.067481 0.171991 
 0.321546 0.069876 0.160515 
 0.299513 0.075168 0.163922 
 0.269755 0.068792 0.107740 
 0.247833 0.074057 0.111130 
 0.225912 0.079322 0.114521 
 0.196602 0.072839 0.058269 
 0.172973 0.075133 0.046728 
 0.147609 0.074463 0.020258 
 0.118830 0.067853 -0.036075 
 0.097216 0.073044 -0.032733 
 0.075602 0.078235 -0.029390 
 0.053988 0.083426 -0.026047 
 0.032374 0.088617 -0.022704 
 0.010761 0.093809 -0.019361 
 -0.012449 0.096002 -0.030968 
 -0.034035 0.101187 -0.027630 
 -0.058700 0.100349 -0.054207 
 -0.080230 0.105520 -0.050877 
 -0.101760 0.110691 -0.047547 
 -0.123290 0.115862 -0.044217 
 -0.147675 0.114958 -0.070838 
 -0.169149 0.120115 -0.067517 
 -0.190623 0.125273 -0.064196 
 -0.212097 0.130431 -0.060874 
 -0.230939 0.141718 -0.027567 
 -0.255045 0.140746 -0.054232 
 -0.276519 0.145903 -0.050910 
 -0.297994 0.151061 -0.047589 
 -0.319468 0.156219 -0.044268 
 -0.338589 0.167573 -0.010917 
 -0.360119 0.172744 -0.007587 
 -0.383890 0.171691 -0.034304 
 -0.405364 0.176849 -0.030983 
 -0.422580 0.194507 0.032465 
 -0.444166 0.199692 0.035804 
 -0.465752 0.204876 0.039142 
 -0.487338 0.210061 0.042481 
 -0.508924 0.215245 0.045820 
 -0.529585 0.223588 0.064212 
 -0.551199 0.228780 0.067555 
 -0.572813 0.233971 0.070898 
 -0.594427 0.239162 0.074241 
 -0.616040 0.244353 0.077584 
 -0.637654 0.249544 0.080927 
 -0.659268 0.254736 0.084270 
 -0.680882 0.259927 0.087612 
 -0.702496 0.265118 0.090955 
 -0.724782 0.267090 0.079205 
 -0.746368 0.272274 0.082544 
 -0.767954 0.277459 0.085883 
 -0.789540 0.282643 0.089221 
 -0.811126 0.287828 0.092560 
 0.451437 0.019081 0.160089 
 0.429375 0.024380 0.163502 
 0.405221 0.026830 0.152036 
 0.383188 0.032122 0.155444 
 0.353005 0.025964 0.099304 
 0.331084 0.031229 0.102695 
 0.305200 0.030743 0.076295 
 0.283334 0.035995 0.079676 
 0.257618 0.035468 0.053250 
 0.233911 0.037810 0.041714 
 0.204651 0.031431 -0.014568 
 0.182981 0.036636 -0.011216 
 0.157684 0.036008 -0.037707 
 0.136071 0.041200 -0.034364 
 0.114457 0.046391 -0.031021 
 0.092843 0.051582 -0.027678 
 0.069527 0.053830 -0.039275 
 0.049615 0.061964 -0.020992 
 0.028002 0.067156 -0.017649 
 0.004770 0.069384 -0.029259 
 -0.016816 0.074568 -0.025920 
 -0.038402 0.079753 -0.022582 
 -0.066124 0.073004 -0.079102 
 -0.087598 0.078162 -0.075780 
 -0.106116 0.089313 -0.042512 
 -0.130546 0.088477 -0.069138 
 -0.152020 0.093635 -0.065817 
 -0.173494 0.098792 -0.062495 
 -0.194968 0.103950 -0.059174 
 -0.216442 0.109108 -0.055853 
 -0.237916 0.114265 -0.052531 
 -0.259390 0.119423 -0.049210 
 -0.280864 0.124580 -0.045889 
 -0.302338 0.129738 -0.042567 
 -0.323812 0.134896 -0.039246 
 -0.345286 0.140053 -0.035925 
 -0.364475 0.151365 -0.002553 
 -0.388234 0.150368 -0.029282 
 -0.407535 0.161707 0.004107 
 -0.429065 0.166878 0.007437 
 -0.448534 0.178258 0.040851 
 -0.470120 0.183442 0.044190 
 -0.491705 0.188627 0.047529 
 -0.513291 0.193811 0.050867 
 -0.534877 0.198995 0.054206 
 -0.555572 0.207318 0.072609 
 -0.577186 0.212509 0.075952 
 -0.598800 0.217700 0.079295 
 -0.620413 0.222891 0.082638 
 -0.642027 0.228082 0.085981 
 -0.663641 0.233274 0.089324 
 -0.685255 0.238465 0.092667 
 -0.706869 0.243656 0.096010 
 -0.729150 0.245656 0.084253 
 -0.750736 0.250840 0.087592 
 -0.772322 0.256025 0.090930 
 -0.793907 0.261209 0.094269 
 -0.815493 0.266394 0.097608 
 0.440542 -0.011248 0.120620 
 0.418565 -0.005969 0.124019 
 0.396588 -0.000691 0.127418 
 0.370491 -0.001068 0.101040 
 0.344507 -0.001472 0.074644 
 0.322641 0.003780 0.078026 
 0.296824 0.003335 0.051603 
 0.273067 0.005719 0.040070 
 0.243606 -0.000495 -0.016203 
 0.221937 0.004709 -0.012852 
 0.196539 0.004164 -0.039339 
 0.178597 0.015118 -0.006149 
 0.156927 0.020323 -0.002797 
 0.131698 0.019738 -0.029310 
 0.110084 0.024929 -0.025967 
 0.086746 0.027212 -0.037566 
 0.061768 0.026566 -0.064117 
 0.040238 0.031737 -0.060787 
 0.018708 0.036908 -0.057457 
 -0.002822 0.042079 -0.054127 
 -0.024352 0.047250 -0.050797 
 -0.045882 0.052421 -0.047467 
 -0.070469 0.051681 -0.074080 
 -0.091943 0.056839 -0.070759 
 -0.113417 0.061996 -0.067438 
 -0.134891 0.067154 -0.064116 
 -0.156365 0.072312 -0.060795 
 -0.177839 0.077469 -0.057474 
 -0.199313 0.082627 -0.054152 
 -0.220787 0.087784 -0.050831 
 -0.242261 0.092942 -0.047510 
 -0.263735 0.098100 -0.044188 
 -0.285209 0.103257 -0.040867 
 -0.306683 0.108415 -0.037546 
 -0.328157 0.113573 -0.034225 
 -0.349631 0.118730 -0.030903 
 -0.368831 0.129987 0.002482 
 -0.390361 0.135158 0.005812 
 -0.414053 0.134203 -0.020939 
 -0.433421 0.145500 0.012472 
 -0.452901 0.156823 0.045899 
 -0.476481 0.155842 0.019132 
 -0.498011 0.161013 0.022462 
 -0.519541 0.166184 0.025791 
 -0.539244 0.177561 0.059254 
 -0.559945 0.185856 0.077664 
 -0.581559 0.191047 0.081006 
 -0.603173 0.196238 0.084349 
 -0.624786 0.201429 0.087692 
 -0.646400 0.206621 0.091035 
 -0.668014 0.211812 0.094378 
 -0.689628 0.217003 0.097721 
 -0.711242 0.222194 0.101064 
 -0.733517 0.224222 0.089301 
 -0.755103 0.229406 0.092640 
 -0.776689 0.234591 0.095978 
 -0.798275 0.239775 0.099317 
 -0.819861 0.244959 0.102655 
 0.453742 -0.043896 0.092604 
 0.431820 -0.038631 0.095995 
 0.409899 -0.033365 0.099385 
 0.383814 -0.033687 0.072993 
 0.361948 -0.028435 0.076375 
 0.336031 -0.028797 0.049957 
 0.312223 -0.026373 0.038426 
 0.290442 -0.021141 0.041795 
 0.264776 -0.021564 0.015338 
 0.239222 -0.022013 -0.011136 
 0.217552 -0.016808 -0.007784 
 0.192166 -0.017298 -0.034284 
 0.170552 -0.012106 -0.030941 
 0.148938 -0.006915 -0.027598 
 0.127325 -0.001724 -0.024255 
 0.103964 0.000593 -0.035856 
 0.084097 0.008658 -0.017570 
 0.057412 0.005187 -0.059082 
 0.039207 0.016146 -0.025841 
 0.014352 0.015529 -0.052422 
 -0.007178 0.020700 -0.049092 
 -0.028708 0.025871 -0.045763 
 -0.050238 0.031043 -0.042433 
 -0.074813 0.030358 -0.069059 
 -0.093298 0.041385 -0.035773 
 -0.117761 0.040673 -0.062416 
 -0.136358 0.051727 -0.029113 
 -0.160709 0.050989 -0.055773 
 -0.182184 0.056146 -0.052452 
 -0.200948 0.067240 -0.019123 
 -0.222477 0.072411 -0.015793 
 -0.244007 0.077582 -0.012463 
 -0.268080 0.076777 -0.039167 
 -0.289554 0.081934 -0.035846 
 -0.311028 0.087092 -0.032524 
 -0.332502 0.092249 -0.029203 
 -0.351657 0.103437 0.004187 
 -0.373187 0.108608 0.007517 
 -0.394717 0.113779 0.010846 
 -0.416247 0.118950 0.014176 
 -0.437777 0.124121 0.017506 
 -0.457268 0.135389 0.050947 
 -0.480837 0.134463 0.024166 
 -0.500440 0.145758 0.057624 
 -0.522026 0.150943 0.060963 
 -0.543612 0.156127 0.064301 
 -0.564318 0.164394 0.082718 
 -0.585932 0.169585 0.086061 
 -0.607546 0.174776 0.089404 
 -0.629159 0.179968 0.092747 
 -0.650773 0.185159 0.096090 
 -0.672387 0.190350 0.099432 
 -0.694001 0.195541 0.102775 
 -0.714247 0.206991 0.136333 
 -0.737884 0.202787 0.094349 
 -0.759470 0.207972 0.097687 
 -0.781056 0.213156 0.101026 
 -0.802642 0.218341 0.104364 
 -0.824228 0.223525 0.107703 
 0.471228 -0.070928 0.094340 
 0.444986 -0.071154 0.067961 
 0.423121 -0.065902 0.071343 
 0.401255 -0.060650 0.074725 
 0.375237 -0.060930 0.048311 
 0.351380 -0.058464 0.036782 
 0.325557 -0.058791 0.010337 
 0.303832 -0.053573 0.013698 
 0.282106 -0.048355 0.017058 
 0.260380 -0.043137 0.020418 
 0.231021 -0.049142 -0.035916 
 0.209407 -0.043951 -0.032573 
 0.187793 -0.038760 -0.029230 
 0.166179 -0.033568 -0.025887 
 0.144566 -0.028377 -0.022544 
 0.122952 -0.023186 -0.019201 
 0.101338 -0.017995 -0.015858 
 0.078011 -0.015657 -0.027470 
 0.053056 -0.016191 -0.054048 
 0.034839 -0.005288 -0.020793 
 0.009996 -0.005849 -0.047388 
 -0.011534 -0.000678 -0.044058 
 -0.033064 0.004493 -0.040728 
 -0.054594 0.009664 -0.037398 
 -0.079158 0.009035 -0.064037 
 -0.097654 0.020006 -0.030738 
 -0.119184 0.025177 -0.027408 
 -0.140714 0.030348 -0.024078 
 -0.162244 0.035519 -0.020748 
 -0.183774 0.040690 -0.017418 
 -0.202605 0.051742 0.015932 
 -0.224191 0.056926 0.019270 
 -0.248363 0.056203 -0.007428 
 -0.269893 0.061374 -0.004099 
 -0.291423 0.066545 -0.000769 
 -0.310534 0.077664 0.032625 
 -0.332120 0.082848 0.035963 
 -0.356013 0.082058 0.009221 
 -0.375292 0.093217 0.042640 
 -0.396878 0.098402 0.045979 
 -0.418464 0.103586 0.049318 
 -0.440050 0.108771 0.052656 
 -0.461636 0.113955 0.055995 
 -0.483222 0.119140 0.059333 
 -0.504807 0.124324 0.062672 
 -0.525463 0.132550 0.081086 
 -0.547077 0.137741 0.084429 
 -0.568691 0.142932 0.087772 
 -0.590305 0.148123 0.091115 
 -0.611919 0.153314 0.094458 
 -0.633532 0.158506 0.097801 
 -0.655146 0.163697 0.101144 
 -0.676760 0.168888 0.104487 
 -0.698374 0.174079 0.107830 
 -0.718631 0.185473 0.141400 
 -0.741601 0.184462 0.114515 
 -0.763215 0.189653 0.117858 
 -0.785424 0.191722 0.106074 
 0.510636 -0.103225 0.092685 
 0.488714 -0.097960 0.096076 
 0.466793 -0.092695 0.099466 
 0.440563 -0.092865 0.073074 
 0.414444 -0.093063 0.046664 
 0.396832 -0.082362 0.079838 
 0.368754 -0.085324 0.038506 
 0.346973 -0.080093 0.041875 
 0.321162 -0.080364 0.015418 
 0.299436 -0.075146 0.018778 
 0.273793 -0.075457 -0.007704 
 0.252123 -0.070252 -0.004353 
 0.226648 -0.070604 -0.030861 
 0.205034 -0.065413 -0.027519 
 0.183420 -0.060221 -0.024176 
 0.161806 -0.055030 -0.020833 
 0.140193 -0.049839 -0.017490 
 0.118579 -0.044648 -0.014147 
 0.096965 -0.039457 -0.010804 
 0.073644 -0.037091 -0.022422 
 0.052058 -0.031906 -0.019084 
 0.030472 -0.026722 -0.015745 
 0.005640 -0.027228 -0.042353 
 -0.015890 -0.022057 -0.039023 
 -0.037420 -0.016886 -0.035693 
 -0.058950 -0.011715 -0.032363 
 -0.083503 -0.012288 -0.059015 
 -0.102010 -0.001373 -0.025703 
 -0.123540 0.003798 -0.022373 
 -0.145070 0.008969 -0.019043 
 -0.166600 0.014141 -0.015714 
 -0.188130 0.019312 -0.012384 
 -0.206972 0.030307 0.020979 
 -0.228558 0.035492 0.024318 
 -0.250144 0.040676 0.027657 
 -0.274249 0.039996 0.000936 
 -0.295779 0.045167 0.004266 
 -0.314902 0.056230 0.037672 
 -0.336488 0.061414 0.041011 
 -0.358074 0.066599 0.044350 
 -0.379659 0.071783 0.047688 
 -0.401245 0.076968 0.051027 
 -0.422831 0.082152 0.054365 
 -0.444417 0.087337 0.057704 
 -0.466003 0.092521 0.061042 
 -0.487589 0.097706 0.064381 
 -0.509175 0.102890 0.067720 
 -0.529836 0.111088 0.086141 
 -0.551450 0.116279 0.089484 
 -0.573064 0.121470 0.092826 
 -0.595518 0.123628 0.081074 
 -0.616291 0.131853 0.099512 
 -0.636337 0.143137 0.133061 
 -0.659519 0.142235 0.106198 
 -0.679676 0.153546 0.139764 
 -0.701346 0.158751 0.143116 
 -0.723016 0.163956 0.146468 
 -0.745974 0.163000 0.119570 
 -0.767588 0.168191 0.122913 
 0.506200 -0.124993 0.097811 
 0.484279 -0.119728 0.101202 
 0.462358 -0.114463 0.104592 
 0.436139 -0.114577 0.078187 
 0.410031 -0.114719 0.051764 
 0.388222 -0.109481 0.055138 
 0.364347 -0.106953 0.043600 
 0.338492 -0.107155 0.017138 
 0.312748 -0.107384 -0.009340 
 0.291078 -0.102179 -0.005989 
 0.269409 -0.096974 -0.002637 
 0.247739 -0.091770 0.000715 
 0.222275 -0.092066 -0.025807 
 0.200661 -0.086875 -0.022464 
 0.179047 -0.081683 -0.019121 
 0.157433 -0.076492 -0.015778 
 0.135820 -0.071301 -0.012436 
 0.114206 -0.066110 -0.009093 
 0.090862 -0.063709 -0.020713 
 0.069277 -0.058525 -0.017375 
 0.047691 -0.053340 -0.014036 
 0.026105 -0.048156 -0.010697 
 0.001284 -0.048606 -0.037318 
 -0.020246 -0.043435 -0.033988 
 -0.044899 -0.043926 -0.060636 
 -0.066373 -0.038769 -0.057315 
 -0.087847 -0.033611 -0.053994 
 -0.106366 -0.022751 -0.020669 
 -0.127896 -0.017580 -0.017339 
 -0.149426 -0.012409 -0.014009 
 -0.170956 -0.007238 -0.010679 
 -0.189754 0.003689 0.022689 
 -0.211340 0.008873 0.026027 
 -0.232926 0.014058 0.029366 
 -0.254512 0.019242 0.032704 
 -0.276097 0.024427 0.036043 
 -0.297683 0.029611 0.039381 
 -0.318071 0.037714 0.057766 
 -0.340855 0.039980 0.046059 
 -0.362441 0.045165 0.049397 
 -0.384027 0.050349 0.052736 
 -0.405613 0.055534 0.056074 
 -0.427198 0.060718 0.059413 
 -0.447754 0.068861 0.077823 
 -0.470370 0.071087 0.066090 
 -0.491956 0.076271 0.069429 
 -0.513542 0.081456 0.072767 
 -0.534209 0.089626 0.091195 
 -0.555823 0.094817 0.094538 
 -0.577437 0.100008 0.097881 
 -0.599885 0.102194 0.086122 
 -0.620664 0.110391 0.104567 
 -0.640721 0.121620 0.138129 
 -0.663892 0.120773 0.111252 
 -0.685506 0.125964 0.114595 
 -0.705730 0.137234 0.148183 
 -0.727400 0.142438 0.151535 
 0.501765 -0.146760 0.102937 
 0.479844 -0.141495 0.106328 
 0.453580 -0.141541 0.079919 
 0.431715 -0.136289 0.083300 
 0.405619 -0.136375 0.056864 
 0.383809 -0.131137 0.060238 
 0.355822 -0.133946 0.018858 
 0.334096 -0.128728 0.022219 
 0.308364 -0.128901 -0.004273 
 0.286694 -0.123696 -0.000921 
 0.265024 -0.118492 0.002430 
 0.243355 -0.113287 0.005782 
 0.217902 -0.113528 -0.020753 
 0.196288 -0.108336 -0.017410 
 0.174674 -0.103145 -0.014067 
 0.151253 -0.100697 -0.025681 
 0.131447 -0.092763 -0.007381 
 0.108081 -0.090328 -0.019004 
 0.086495 -0.085143 -0.015665 
 0.064909 -0.079959 -0.012327 
 0.043323 -0.074775 -0.008988 
 0.021737 -0.069590 -0.005650 
 -0.003072 -0.069985 -0.032284 
 -0.024602 -0.064814 -0.028954 
 -0.049244 -0.065249 -0.055615 
 -0.070718 -0.060092 -0.052293 
 -0.092192 -0.054934 -0.048972 
 -0.110722 -0.044130 -0.015634 
 -0.135140 -0.044619 -0.042330 
 -0.153782 -0.033788 -0.008974 
 -0.175312 -0.028617 -0.005644 
 -0.196842 -0.023446 -0.002314 
 -0.215707 -0.012561 0.031075 
 -0.237293 -0.007376 0.034413 
 -0.258879 -0.002192 0.037752 
 -0.280465 0.002993 0.041091 
 -0.300830 0.011061 0.059477 
 -0.322444 0.016252 0.062820 
 -0.345222 0.018546 0.051106 
 -0.366808 0.023730 0.054445 
 -0.388394 0.028915 0.057784 
 -0.409980 0.034099 0.061122 
 0.519251 -0.173792 0.104673 
 0.497330 -0.168527 0.108064 
 0.475409 -0.163262 0.111454 
 0.449156 -0.163252 0.085032 
 0.427291 -0.158001 0.088414 
 0.401206 -0.158031 0.061964 
 0.379397 -0.152793 0.065338 
 0.351426 -0.155519 0.023939 
 0.325649 -0.155623 -0.002557 
 0.303980 -0.150418 0.000795 
 0.282310 -0.145214 0.004146 
 0.260640 -0.140009 0.007498 
 0.238970 -0.134805 0.010849 
 0.213529 -0.134989 -0.015699 
 0.191915 -0.129798 -0.012356 
 0.170301 -0.124607 -0.009013 
 0.146885 -0.122131 -0.020633 
 0.125300 -0.116947 -0.017295 
 0.103714 -0.111762 -0.013956 
 0.082128 -0.106578 -0.010618 
 0.060542 -0.101393 -0.007279 
 0.035632 -0.101706 -0.033909 
 0.010833 -0.102045 -0.060557 
 -0.010641 -0.096888 -0.057236 
 -0.032115 -0.091730 -0.053914 
 -0.053589 -0.086572 -0.050593 
 -0.075063 -0.081415 -0.047272 
 -0.096537 -0.076257 -0.043951 
 -0.118011 -0.071100 -0.040629 
 -0.139485 -0.065942 -0.037308 
 -0.158138 -0.055166 -0.003939 
 -0.179668 -0.049995 -0.000610 
 -0.201198 -0.044824 0.002720 
 -0.220074 -0.033995 0.036123 
 -0.241660 -0.028810 0.039461 
 -0.261975 -0.020783 0.057846 
 -0.283589 -0.015592 0.061188 
 -0.302773 -0.004689 0.094638 
 -0.324443 0.000516 0.097990 
 0.514816 -0.195560 0.109799 
 0.492895 -0.190295 0.113190 
 0.466598 -0.190216 0.086763 
 0.444733 -0.184964 0.090145 
 0.422867 -0.179713 0.093527 
 0.396794 -0.179688 0.067064 
 0.372908 -0.177069 0.055512 
 0.347031 -0.177092 0.029019 
 0.321265 -0.177140 0.002510 
 0.299595 -0.171936 0.005862 
 0.273998 -0.172025 -0.020673 
 0.252384 -0.166834 -0.017330 
 0.230770 -0.161643 -0.013987 
 0.207276 -0.159119 -0.025601 
 0.185690 -0.153934 -0.022263 
 0.164104 -0.148750 -0.018924 
 0.142518 -0.143565 -0.015586 
 0.120932 -0.138381 -0.012247 
 0.099346 -0.133196 -0.008909 
 0.077760 -0.128012 -0.005570 
 0.052806 -0.128255 -0.032204 
 0.031276 -0.123084 -0.028874 
 0.006489 -0.123368 -0.055535 
 -0.014985 -0.118211 -0.052214 
 -0.036459 -0.113053 -0.048893 
 -0.057933 -0.107895 -0.045572 
 -0.079407 -0.102738 -0.042250 
 -0.100882 -0.097580 -0.038929 
 -0.122355 -0.092423 -0.035608 
 -0.143830 -0.087265 -0.032286 
 -0.165304 -0.082107 -0.028965 
 -0.186778 -0.076950 -0.025644 
 -0.205554 -0.066203 0.007755 
 -0.224442 -0.055429 0.041170 
 -0.246028 -0.050245 0.044509 
 -0.266348 -0.042245 0.062900 
 -0.287962 -0.037054 0.066243 
 -0.309576 -0.031863 0.069586 
 -0.328827 -0.021002 0.103057 
 0.510381 -0.217327 0.114926 
 0.488460 -0.212062 0.118316 
 0.466538 -0.206797 0.121707 
 0.440309 -0.206676 0.095258 
 0.418443 -0.201424 0.098640 
 0.392381 -0.201344 0.072165 
 0.364361 -0.203883 0.030739 
 0.342635 -0.198665 0.034100 
 0.316881 -0.198658 0.007578 
 0.291238 -0.198678 -0.018962 
 0.269625 -0.193487 -0.015619 
 0.248011 -0.188296 -0.012276 
 0.226397 -0.183104 -0.008933 
 0.202908 -0.180553 -0.020554 
 0.177629 -0.180660 -0.047149 
 0.156099 -0.175489 -0.043819 
 0.130988 -0.175637 -0.070442 
 0.113040 -0.165147 -0.037159 
 0.091510 -0.159976 -0.033829 
 0.066566 -0.160164 -0.060478 
 0.045092 -0.155007 -0.057156 
 0.023618 -0.149849 -0.053835 
 0.000521 -0.147391 -0.065516 
 -0.020925 -0.142240 -0.062199 
 -0.042371 -0.137089 -0.058882 
 -0.063817 -0.131938 -0.055565 
 -0.085263 -0.126787 -0.052248 
 -0.106709 -0.121637 -0.048931 
 -0.128155 -0.116486 -0.045614 
 -0.149601 -0.111335 -0.042297 
 -0.169648 -0.103430 -0.023943 
 -0.191122 -0.098273 -0.020622 
 -0.212596 -0.093115 -0.017301 
 -0.231440 -0.082410 0.016120 
 -0.250395 -0.071679 0.049557 
 -0.270721 -0.063707 0.067954 
 -0.292335 -0.058516 0.071297 
 -0.313949 -0.053325 0.074640 
 0.510411 -0.234046 0.149878 
 0.484024 -0.233829 0.123442 
 0.462103 -0.228564 0.126833 
 0.435885 -0.228388 0.100371 
 0.414019 -0.223136 0.103753 
 0.387969 -0.223000 0.077265 
 0.359965 -0.225456 0.035820 
 0.334166 -0.225380 0.009293 
 0.312497 -0.220175 0.012645 
 0.286865 -0.220140 -0.013907 
 0.263299 -0.217540 -0.025522 
 0.241713 -0.212356 -0.022183 
 0.220127 -0.207171 -0.018845 
 0.194803 -0.207210 -0.045444 
 0.173273 -0.202039 -0.042115 
 0.151743 -0.196868 -0.038785 
 0.126643 -0.196960 -0.065420 
 0.105169 -0.191803 -0.062099 
 0.083695 -0.186645 -0.058777 
 0.062221 -0.181487 -0.055456 
 0.039074 -0.178988 -0.067134 
 0.017628 -0.173837 -0.063817 
 -0.007052 -0.174030 -0.090517 
 -0.028442 -0.168893 -0.087209 
 -0.049833 -0.163755 -0.083900 
 -0.068156 -0.153234 -0.050550 
 -0.092613 -0.153480 -0.077284 
 -0.111048 -0.142932 -0.043916 
 -0.135393 -0.143205 -0.070667 
 -0.156783 -0.138068 -0.067359 
 -0.178173 -0.132931 -0.064050 
 -0.196833 -0.122328 -0.030648 
 -0.220954 -0.122656 -0.057434 
 -0.242344 -0.117518 -0.054125 
 -0.263734 -0.112381 -0.050817 
 -0.275094 -0.085169 0.073008 
 -0.296708 -0.079978 0.076351 
 0.505964 -0.255869 0.155017 
 0.479589 -0.255596 0.128569 
 0.453326 -0.255351 0.102102 
 0.431461 -0.250099 0.105484 
 0.409595 -0.244848 0.108866 
 0.383556 -0.244656 0.082365 
 0.351452 -0.252102 0.011009 
 0.329782 -0.246897 0.014361 
 0.308112 -0.241693 0.017712 
 0.282492 -0.241602 -0.008853 
 0.258931 -0.238974 -0.020474 
 0.237345 -0.233790 -0.017135 
 0.215760 -0.228605 -0.013797 
 0.186721 -0.233756 -0.070362 
 0.165247 -0.228598 -0.067041 
 0.143773 -0.223441 -0.063720 
 0.122299 -0.218283 -0.060398 
 0.100825 -0.213126 -0.057077 
 0.079351 -0.207968 -0.053756 
 0.056181 -0.205434 -0.065436 
 0.034735 -0.200283 -0.062119 
 0.010010 -0.200407 -0.088823 
 -0.011380 -0.195270 -0.085515 
 -0.032770 -0.190132 -0.082207 
 -0.057272 -0.190310 -0.108946 
 -0.078606 -0.185186 -0.105646 
 -0.096941 -0.174720 -0.072282 
 -0.118331 -0.169583 -0.068973 
 -0.139721 -0.164445 -0.065665 
 -0.161111 -0.159308 -0.062357 
 -0.182501 -0.154170 -0.059048 
 -0.201172 -0.143624 -0.025633 
 -0.225281 -0.143895 -0.052432 
 -0.246672 -0.138758 -0.049123 
 -0.268062 -0.133620 -0.045815 
 -0.289452 -0.128483 -0.042507 
 0.497075 -0.282629 0.130304 
 0.475154 -0.277364 0.133695 
 0.448902 -0.277063 0.107216 
 0.422763 -0.276789 0.080718 
 0.400953 -0.271551 0.084092 
 0.377062 -0.268815 0.072517 
 0.347067 -0.273619 0.016077 
 0.325398 -0.268415 0.019428 
 0.299733 -0.268255 -0.007142 
 0.276150 -0.265593 -0.018765 
 0.254564 -0.260408 -0.015426 
 0.229151 -0.260309 -0.042035 
 0.207621 -0.255138 -0.038705 
 0.182376 -0.255079 -0.065341 
 0.160902 -0.249921 -0.062019 
 0.139428 -0.244764 -0.058698 
 0.117954 -0.239606 -0.055377 
 0.094734 -0.237031 -0.067055 
 0.073288 -0.231881 -0.063738 
 0.051842 -0.226730 -0.060421 
 0.030396 -0.221579 -0.057104 
 0.005682 -0.221647 -0.083821 
 -0.015708 -0.216510 -0.080513 
 -0.037098 -0.211372 -0.077205 
 -0.061588 -0.211495 -0.103957 
 -0.082922 -0.206371 -0.100657 
 -0.101268 -0.195960 -0.067280 
 -0.122658 -0.190822 -0.063971 
 -0.144049 -0.185685 -0.060663 
 -0.168259 -0.185875 -0.087459 
 -0.189593 -0.180750 -0.084159 
 -0.205511 -0.164919 -0.020618 
 -0.229609 -0.165135 -0.047430 
 -0.250999 -0.159998 -0.044121 
 -0.269849 -0.149466 -0.010667 
 -0.291295 -0.144315 -0.007350 
 0.514562 -0.309661 0.132040 
 0.488209 -0.309278 0.105565 
 0.466344 -0.304026 0.108947 
 0.440159 -0.303683 0.082445 
 0.418350 -0.298445 0.085818 
 0.394437 -0.295675 0.074242 
 0.368504 -0.295392 0.047701 
 0.338588 -0.300099 -0.008773 
 0.316974 -0.294908 -0.005430 
 0.293368 -0.292212 -0.017056 
 0.271783 -0.287027 -0.013717 
 0.246325 -0.286859 -0.040330 
 0.224795 -0.281688 -0.037000 
 0.203265 -0.276517 -0.033670 
 0.178031 -0.276402 -0.060319 
 0.156557 -0.271245 -0.056998 
 0.135083 -0.266087 -0.053677 
 0.111841 -0.263478 -0.065357 
 0.090395 -0.258327 -0.062040 
 0.068949 -0.253176 -0.058723 
 0.047503 -0.248025 -0.055406 
 0.026057 -0.242874 -0.052089 
 0.001355 -0.242887 -0.078819 
 -0.023236 -0.242927 -0.105568 
 -0.041426 -0.232612 -0.072203 
 -0.065905 -0.232679 -0.098968 
 -0.087239 -0.227555 -0.095669 
 -0.105596 -0.217200 -0.062278 
 -0.126986 -0.212062 -0.058969 
 -0.148376 -0.206925 -0.055661 
 -0.169766 -0.201787 -0.052353 
 -0.191157 -0.196650 -0.049044 
 -0.212547 -0.191512 -0.045736 
 -0.233937 -0.186375 -0.042428 
 -0.255327 -0.181237 -0.039119 
 -0.274188 -0.170762 -0.005652 
 -0.295634 -0.165611 -0.002335 
 -0.317080 -0.160460 0.000982 
 0.510126 -0.331428 0.137166 
 0.483786 -0.330990 0.110678 
 0.457556 -0.330578 0.084172 
 0.433593 -0.327766 0.072597 
 0.411812 -0.322535 0.075966 
 0.390030 -0.317303 0.079335 
 0.364108 -0.316965 0.052781 
 0.334215 -0.321561 -0.003719 
 0.312601 -0.316370 -0.000376 
 0.289001 -0.313646 -0.012008 
 0.267415 -0.308461 -0.008669 
 0.241969 -0.308237 -0.035296 
 0.220439 -0.303066 -0.031966 
 0.198909 -0.297895 -0.028636 
 0.173687 -0.297725 -0.055298 
 0.150394 -0.295075 -0.066976 
 0.128948 -0.289924 -0.063659 
 0.107502 -0.284773 -0.060342 
 0.086056 -0.279622 -0.057025 
 0.064610 -0.274471 -0.053708 
 0.043164 -0.269320 -0.050391 
 0.021718 -0.264169 -0.047074 
 -0.006218 -0.269235 -0.103878 
 -0.027552 -0.264111 -0.100579 
 -0.048887 -0.258987 -0.097279 
 -0.070221 -0.253863 -0.093979 
 -0.091555 -0.248739 -0.090680 
 -0.112889 -0.243615 -0.087380 
 -0.134224 -0.238491 -0.084080 
 -0.152704 -0.228165 -0.050659 
 -0.174094 -0.223027 -0.047351 
 -0.195484 -0.217890 -0.044042 
 -0.216874 -0.212752 -0.040734 
 -0.238265 -0.207615 -0.037426 
 -0.259655 -0.202477 -0.034117 
 -0.278527 -0.192057 -0.000637 
 -0.299973 -0.186906 0.002680 
 -0.321419 -0.181755 0.005997 
 0.453144 -0.352234 0.089272 
 0.429186 -0.349395 0.077691 
 0.403164 -0.348974 0.051141 
 0.381438 -0.343756 0.054502 
 0.355584 -0.343376 0.027927 
 0.329842 -0.343023 0.001335 
 0.306220 -0.340264 -0.010299 
 0.284634 -0.335080 -0.006960 
 0.259143 -0.334787 -0.033591 
 0.237613 -0.329616 -0.030261 
 0.216083 -0.324445 -0.026931 
 0.194553 -0.319274 -0.023601 
 0.167502 -0.321521 -0.065278 
 0.146055 -0.316370 -0.061961 
 0.124609 -0.311219 -0.058644 
 0.103163 -0.306068 -0.055327 
 0.081717 -0.300917 -0.052010 
 0.060271 -0.295766 -0.048693 
 0.038825 -0.290616 -0.045376 
 0.017379 -0.285465 -0.042059 
 -0.010535 -0.290419 -0.098889 
 -0.031869 -0.285296 -0.095590 
 -0.053203 -0.280171 -0.092290 
 -0.074537 -0.275047 -0.088990 
 -0.095872 -0.269923 -0.085691 
 -0.117206 -0.264799 -0.082391 
 -0.138540 -0.259675 -0.079091 
 -0.159874 -0.254551 -0.075792 
 -0.181208 -0.249427 -0.072492 
 -0.199812 -0.239129 -0.039040 
 -0.218528 -0.228805 -0.005572 
 -0.242592 -0.228854 -0.032424 
 -0.261420 -0.218503 0.001061 
 -0.282866 -0.213352 0.004378 
 -0.304312 -0.208201 0.007695 
 -0.325758 -0.203050 0.011012 
 0.448731 -0.373890 0.094372 
 0.420494 -0.375765 0.052862 
 0.398769 -0.370547 0.056222 
 0.372870 -0.370098 0.029643 
 0.347083 -0.369676 0.003047 
 0.325469 -0.364485 0.006390 
 0.301852 -0.361698 -0.005251 
 0.280266 -0.356514 -0.001912 
 0.254787 -0.356165 -0.028556 
 0.233257 -0.350994 -0.025226 
 0.211727 -0.345823 -0.021896 
 0.190197 -0.340652 -0.018566 
 0.163162 -0.342816 -0.060263 
 0.141716 -0.337665 -0.056946 
 0.120270 -0.332514 -0.053629 
 0.098824 -0.327364 -0.050312 
 0.077378 -0.322213 -0.046995 
 0.055932 -0.317062 -0.043678 
 0.034486 -0.311911 -0.040361 
 0.006483 -0.316728 -0.097200 
 -0.014851 -0.311604 -0.093900 
 -0.036185 -0.306480 -0.090601 
 -0.057519 -0.301356 -0.087301 
 -0.081908 -0.301269 -0.114114 
 -0.100188 -0.291108 -0.080702 
 -0.121522 -0.285984 -0.077402 
 -0.142856 -0.280860 -0.074102 
 -0.164191 -0.275736 -0.070803 
 -0.185525 -0.270611 -0.067503 
 -0.201421 -0.255251 -0.003874 
 -0.222867 -0.250100 -0.000557 
 -0.244313 -0.244949 0.002760 
 -0.265759 -0.239798 0.006077 
 -0.287205 -0.234647 0.009393 
 -0.308651 -0.229496 0.012710 
 -0.330097 -0.224346 0.016027 
 0.416099 -0.397338 0.057942 
 0.390155 -0.396820 0.031359 
 0.368485 -0.391616 0.034710 
 0.342710 -0.391138 0.008101 
 0.319071 -0.388317 -0.003542 
 0.297485 -0.383132 -0.000203 
 0.275899 -0.377948 0.003135 
 0.250431 -0.377544 -0.023522 
 0.228901 -0.372373 -0.020192 
 0.207371 -0.367202 -0.016862 
 0.182127 -0.366852 -0.043554 
 0.158823 -0.364111 -0.055248 
 0.133775 -0.363808 -0.081970 
 0.112385 -0.358671 -0.078661 
 0.090995 -0.353533 -0.075353 
 0.069604 -0.348396 -0.072045 
 0.048214 -0.343258 -0.068736 
 0.026824 -0.338121 -0.065428 
 0.002167 -0.337912 -0.092211 
 -0.022379 -0.337730 -0.119011 
 -0.043657 -0.332619 -0.115720 
 -0.061836 -0.322540 -0.082312 
 -0.083170 -0.317416 -0.079013 
 -0.107492 -0.317287 -0.105847 
 -0.128770 -0.312177 -0.102556 
 -0.150048 -0.307066 -0.099265 
 -0.168507 -0.296920 -0.065814 
 -0.189841 -0.291796 -0.062514 
 -0.208467 -0.281609 -0.029036 
 -0.227206 -0.271395 0.004458 
 -0.248652 -0.266244 0.007775 
 -0.270098 -0.261094 0.011092 
 -0.291544 -0.255943 0.014409 
 -0.312990 -0.250792 0.017725 
 -0.334436 -0.245641 0.021042 
 0.407441 -0.423542 0.033075 
 0.385771 -0.418338 0.036426 
 0.364101 -0.413133 0.039778 
 0.338337 -0.412600 0.013155 
 0.314704 -0.409751 0.001506 
 0.289135 -0.409265 -0.025147 
 0.267605 -0.404094 -0.021817 
 0.246075 -0.398923 -0.018487 
 0.224545 -0.393752 -0.015157 
 0.199256 -0.393333 -0.041854 
 0.177782 -0.388175 -0.038532 
 0.154484 -0.385407 -0.050233 
 0.133038 -0.380256 -0.046916 
 0.108057 -0.379911 -0.073659 
 0.086667 -0.374773 -0.070351 
 0.065277 -0.369636 -0.067043 
 0.043887 -0.364498 -0.063734 
 0.022496 -0.359361 -0.060426 
 -0.002150 -0.359096 -0.087222 
 -0.026684 -0.358858 -0.114035 
 -0.047962 -0.353748 -0.110744 
 -0.066152 -0.343724 -0.077323 
 -0.090519 -0.343527 -0.104162 
 -0.111797 -0.338416 -0.100871 
 -0.133075 -0.333305 -0.097580 
 -0.154353 -0.328195 -0.094289 
 -0.175632 -0.323084 -0.090998 
 -0.191405 -0.307986 -0.027343 
 -0.212795 -0.302849 -0.024034 
 -0.234185 -0.297711 -0.020726 
 -0.252991 -0.287540 0.012790 
 -0.274437 -0.282389 0.016107 
 -0.295883 -0.277238 0.019424 
 -0.317329 -0.272087 0.022741 
 -0.338775 -0.266936 0.026058 
 0.403056 -0.445060 0.038142 
 0.377192 -0.444444 0.011524 
 0.355578 -0.439253 0.014867 
 0.333964 -0.434062 0.018209 
 0.310336 -0.431185 0.006554 
 0.284779 -0.430643 -0.020112 
 0.263249 -0.425472 -0.016782 
 0.241719 -0.420301 -0.013452 
 0.216385 -0.419813 -0.040153 
 0.194911 -0.414656 -0.036832 
 0.173437 -0.409498 -0.033511 
 0.150145 -0.406702 -0.045218 
 0.128699 -0.401551 -0.041901 
 0.103729 -0.401150 -0.068657 
 0.082339 -0.396013 -0.065349 
 0.060949 -0.390875 -0.062041 
 0.039559 -0.385738 -0.058732 
 0.018169 -0.380601 -0.055424 
 -0.006466 -0.380280 -0.082233 
 -0.030989 -0.379987 -0.109059 
 -0.052267 -0.374877 -0.105768 
 -0.073545 -0.369766 -0.102477 
 -0.094824 -0.364655 -0.099186 
 -0.116102 -0.359545 -0.095895 
 -0.137380 -0.354434 -0.092604 
 -0.158659 -0.349323 -0.089313 
 -0.179937 -0.344213 -0.086022 
 -0.201215 -0.339102 -0.082731 
 -0.217123 -0.324088 -0.019032 
 -0.235884 -0.313986 0.014488 
 -0.257330 -0.308835 0.017805 
 -0.281293 -0.308676 -0.009108 
 -0.302683 -0.303539 -0.005799 
 -0.324074 -0.298401 -0.002491 
 -0.343114 -0.288231 0.031073 
 0.398672 -0.466577 0.043209 
 0.372819 -0.465906 0.016578 
 0.351205 -0.460715 0.019921 
 0.327555 -0.457804 0.008263 
 0.301953 -0.457193 -0.018407 
 0.280423 -0.452022 -0.015077 
 0.254989 -0.451452 -0.041774 
 0.233515 -0.446294 -0.038453 
 0.212041 -0.441136 -0.035132 
 0.190567 -0.435979 -0.031811 
 0.167252 -0.433148 -0.043520 
 0.142182 -0.432665 -0.070272 
 0.120792 -0.427528 -0.066964 
 0.099402 -0.422390 -0.063655 
 0.078011 -0.417253 -0.060347 
 0.056621 -0.412115 -0.057039 
 0.031886 -0.411713 -0.083844 
 0.010552 -0.406589 -0.080544 
 -0.014016 -0.406226 -0.107374 
 -0.035294 -0.401116 -0.104083 
 -0.056572 -0.396005 -0.100792 
 -0.077850 -0.390895 -0.097501 
 -0.099129 -0.385784 -0.094210 
 -0.120407 -0.380673 -0.090919 
 -0.141685 -0.375563 -0.087628 
 -0.162964 -0.370452 -0.084337 
 -0.184242 -0.365342 -0.081046 
 -0.205520 -0.360231 -0.077755 
 -0.224125 -0.350224 -0.044248 
 -0.242841 -0.340191 -0.010722 
 -0.264231 -0.335053 -0.007414 
 -0.288127 -0.334852 -0.034349 
 -0.309461 -0.329728 -0.031049 
 -0.330796 -0.324604 -0.027749 
 0.340657 -0.488914 -0.020033 
 0.315066 -0.488247 -0.046717 
 0.293592 -0.483090 -0.043395 
 0.272118 -0.477932 -0.040074 
 0.250644 -0.472775 -0.036753 
 0.227252 -0.469896 -0.048455 
 0.205805 -0.464745 -0.045139 
 0.184359 -0.459594 -0.041822 
 0.159244 -0.459042 -0.068578 
 0.137854 -0.453905 -0.065270 
 0.116464 -0.448767 -0.061962 
 0.095074 -0.443630 -0.058653 
 0.073684 -0.438492 -0.055345 
 0.048904 -0.438021 -0.082155 
 0.027570 -0.432897 -0.078855 
 0.006235 -0.427773 -0.075555 
 -0.018321 -0.427355 -0.102399 
 -0.039599 -0.422245 -0.099108 
 -0.062432 -0.419500 -0.110897 
 -0.083683 -0.414397 -0.107610 
 -0.104933 -0.409293 -0.104323 
 -0.126183 -0.404189 -0.101037 
 -0.147434 -0.399085 -0.097750 
 -0.167269 -0.391581 -0.079361 
 -0.189934 -0.388877 -0.091177 
 -0.209825 -0.381360 -0.072779 
 -0.231104 -0.376249 -0.069488 
 -0.247168 -0.361430 -0.005720 
 -0.268559 -0.356293 -0.002412 
 -0.292444 -0.356037 -0.029360 
 -0.313778 -0.350913 -0.026060 
 -0.335112 -0.345788 -0.022761 
 0.357831 -0.515463 -0.018328 
 0.332195 -0.514728 -0.045016 
 0.310721 -0.509571 -0.041695 
 0.289247 -0.504413 -0.038374 
 0.267773 -0.499255 -0.035053 
 0.244359 -0.496342 -0.046757 
 0.222913 -0.491192 -0.043440 
 0.201466 -0.486041 -0.040123 
 0.180020 -0.480890 -0.036806 
 0.154917 -0.480282 -0.063576 
 0.133526 -0.475145 -0.060268 
 0.112136 -0.470007 -0.056960 
 0.090746 -0.464870 -0.053651 
 0.065922 -0.464329 -0.080465 
 0.044587 -0.459205 -0.077166 
 0.023253 -0.454081 -0.073866 
 -0.001347 -0.453594 -0.100714 
 -0.022626 -0.448484 -0.097423 
 -0.045481 -0.445705 -0.109214 
 -0.066732 -0.440601 -0.105927 
 -0.087982 -0.435498 -0.102641 
 -0.109232 -0.430394 -0.099354 
 -0.133414 -0.430008 -0.126267 
 -0.151733 -0.420186 -0.092781 
 -0.172983 -0.415082 -0.089494 
 -0.194233 -0.409978 -0.086207 
 -0.214130 -0.402488 -0.067804 
 -0.235409 -0.397378 -0.064513 
 -0.254092 -0.387469 -0.030970 
 -0.275426 -0.382345 -0.027671 
 -0.296760 -0.377221 -0.024371 
 -0.318094 -0.372097 -0.021071 
 -0.339428 -0.366973 -0.017772 
 0.357625 -0.532475 0.016729 
 0.327851 -0.536051 -0.039995 
 0.306377 -0.530894 -0.036674 
 0.284903 -0.525736 -0.033352 
 0.261466 -0.522789 -0.045059 
 0.240020 -0.517638 -0.041742 
 0.214759 -0.516934 -0.068499 
 0.193369 -0.511797 -0.065191 
 0.175681 -0.502185 -0.031791 
 0.146942 -0.506010 -0.088675 
 0.125608 -0.500886 -0.085376 
 0.104274 -0.495762 -0.082076 
 0.082939 -0.490638 -0.078776 
 0.061605 -0.485514 -0.075477 
 0.036904 -0.484944 -0.102320 
 0.015626 -0.479834 -0.099029 
 -0.005652 -0.474723 -0.095738 
 -0.028530 -0.471910 -0.107532 
 -0.049781 -0.466806 -0.104245 
 -0.071031 -0.461702 -0.100958 
 -0.092281 -0.456599 -0.097671 
 -0.113532 -0.451495 -0.094385 
 -0.137702 -0.451053 -0.121311 
 -0.156032 -0.441287 -0.087811 
 -0.177283 -0.436183 -0.084525 
 -0.198533 -0.431079 -0.081238 
 -0.218435 -0.423617 -0.062828 
 -0.239714 -0.418507 -0.059537 
 -0.258408 -0.408653 -0.025981 
 -0.279742 -0.403529 -0.022682 
 -0.301076 -0.398405 -0.019382 
 -0.324827 -0.398064 -0.046373 
 -0.346105 -0.392954 -0.043082 
 0.353257 -0.553909 0.021777 
 0.327589 -0.553049 -0.004929 
 0.302032 -0.552217 -0.031652 
 0.280558 -0.547059 -0.028331 
 0.257127 -0.544084 -0.040044 
 0.235681 -0.538933 -0.036727 
 0.210432 -0.538174 -0.063497 
 0.189041 -0.533037 -0.060189 
 0.167651 -0.527899 -0.056881 
 0.138991 -0.531626 -0.113799 
 0.117712 -0.526515 -0.110508 
 0.096434 -0.521405 -0.107217 
 0.075156 -0.516294 -0.103926 
 0.053877 -0.511184 -0.100635 
 0.032599 -0.506073 -0.097344 
 0.011321 -0.500962 -0.094053 
 -0.011579 -0.498115 -0.105849 
 -0.032830 -0.493011 -0.102562 
 -0.054080 -0.487907 -0.099276 
 -0.078407 -0.487370 -0.126189 
 -0.096581 -0.477699 -0.092702 
 -0.117831 -0.472596 -0.089415 
 -0.141990 -0.472099 -0.116355 
 -0.160332 -0.462388 -0.082842 
 -0.181582 -0.457284 -0.079555 
 -0.202832 -0.452180 -0.076269 
 -0.222740 -0.444746 -0.057852 
 -0.244019 -0.439635 -0.054561 
 -0.262724 -0.429837 -0.020993 
 -0.284059 -0.424713 -0.017693 
 -0.305393 -0.419589 -0.014393 
 -0.329132 -0.419193 -0.041397 
 -0.350410 -0.414082 -0.038106 
 0.376751 -0.574164 0.068546 
 0.355081 -0.568960 0.071898 
 0.323233 -0.574428 0.000106 
 0.297687 -0.573540 -0.026630 
 0.276213 -0.568382 -0.023309 
 0.252788 -0.565379 -0.035029 
 0.231341 -0.560228 -0.031712 
 0.206104 -0.559414 -0.058495 
 0.184714 -0.554276 -0.055187 
 0.159644 -0.553502 -0.081997 
 0.134685 -0.552755 -0.108823 
 0.113407 -0.547644 -0.105532 
 0.092129 -0.542534 -0.102241 
 0.070851 -0.537423 -0.098950 
 0.049572 -0.532312 -0.095659 
 0.028294 -0.527202 -0.092368 
 0.007016 -0.522091 -0.089077 
 -0.015879 -0.519216 -0.100880 
 -0.037129 -0.514112 -0.097593 
 -0.058379 -0.509008 -0.094306 
 -0.082695 -0.508415 -0.121233 
 -0.103889 -0.503325 -0.117955 
 -0.125083 -0.498234 -0.114677 
 -0.146278 -0.493144 -0.111399 
 -0.167472 -0.488054 -0.108121 
 -0.185881 -0.478385 -0.074586 
 -0.207132 -0.473281 -0.071299 
 -0.227046 -0.465875 -0.052876 
 -0.248324 -0.460764 -0.049585 
 -0.267041 -0.451022 -0.016004 
 -0.288375 -0.445898 -0.012704 
 -0.309709 -0.440774 -0.009404 
 -0.333437 -0.440322 -0.036421 
 -0.354715 -0.435211 -0.033130 
 0.372366 -0.595682 0.073613 
 0.346581 -0.594677 0.046904 
 0.318877 -0.595807 0.005141 
 0.293343 -0.594863 -0.021609 
 0.271869 -0.589705 -0.018287 
 0.248449 -0.586675 -0.030014 
 0.223166 -0.585791 -0.056802 
 0.197996 -0.584935 -0.083608 
 0.176661 -0.579810 -0.080308 
 0.155327 -0.574686 -0.077008 
 0.130380 -0.573884 -0.103848 
 0.109102 -0.568773 -0.100557 
 0.087824 -0.563662 -0.097266 
 0.066545 -0.558552 -0.093975 
 0.045267 -0.553441 -0.090684 
 0.023989 -0.548331 -0.087393 
 0.002711 -0.543220 -0.084101 
 -0.020178 -0.540317 -0.095910 
 -0.044594 -0.539642 -0.122833 
 -0.065788 -0.534551 -0.119555 
 -0.086983 -0.529461 -0.116277 
 -0.105180 -0.519901 -0.082764 
 -0.126430 -0.514797 -0.079477 
 -0.150566 -0.514189 -0.106443 
 -0.168931 -0.504590 -0.072903 
 -0.190181 -0.499486 -0.069617 
 -0.211431 -0.494382 -0.066330 
 -0.231351 -0.487003 -0.047900 
 -0.252629 -0.481893 -0.044609 
 -0.273907 -0.476782 -0.041318 
 -0.292691 -0.467082 -0.007715 
 -0.314026 -0.461958 -0.004415 
 -0.335360 -0.456834 -0.001116 
 -0.359020 -0.456340 -0.028154 
 0.367982 -0.617199 0.078681 
 0.342208 -0.616139 0.051958 
 0.314521 -0.617185 0.010175 
 0.288998 -0.616186 -0.016587 
 0.267524 -0.611028 -0.013266 
 0.246050 -0.605871 -0.009945 
 0.222663 -0.602819 -0.021682 
 0.197448 -0.601893 -0.048491 
 0.172345 -0.600995 -0.075319 
 0.151011 -0.595871 -0.072019 
 0.126075 -0.595012 -0.098872 
 0.104797 -0.589902 -0.095581 
 0.083519 -0.584791 -0.092290 
 0.060524 -0.581833 -0.104088 
 0.039273 -0.576729 -0.100801 
 0.018023 -0.571626 -0.097514 
 -0.003227 -0.566522 -0.094228 
 -0.027688 -0.565778 -0.121155 
 -0.048882 -0.560687 -0.117877 
 -0.066978 -0.551210 -0.084368 
 -0.088229 -0.546106 -0.081081 
 -0.109479 -0.541002 -0.077794 
 -0.130729 -0.535898 -0.074508 
 -0.151980 -0.530795 -0.071221 
 -0.173230 -0.525691 -0.067934 
 -0.193099 -0.518353 -0.049506 
 -0.214377 -0.513243 -0.046215 
 -0.233005 -0.503638 -0.012625 
 -0.254339 -0.498514 -0.009326 
 -0.275674 -0.493390 -0.006026 
 -0.297008 -0.488266 -0.002726 
 -0.320769 -0.487690 -0.029760 
 -0.342047 -0.482579 -0.026469 
 0.346021 -0.629423 0.117187 
 0.310165 -0.638564 0.015210 
 0.284653 -0.637509 -0.011566 
 0.263179 -0.632351 -0.008244 
 0.241705 -0.627194 -0.004923 
 0.218324 -0.624114 -0.016667 
 0.193121 -0.623133 -0.043489 
 0.171731 -0.617996 -0.040181 
 0.146694 -0.617055 -0.067030 
 0.121770 -0.616141 -0.093896 
 0.100492 -0.611030 -0.090605 
 0.077475 -0.608038 -0.102405 
 0.056224 -0.602934 -0.099119 
 0.034974 -0.597830 -0.095832 
 0.013724 -0.592726 -0.092545 
 -0.007527 -0.587623 -0.089258 
 -0.031976 -0.586823 -0.116198 
 -0.053170 -0.581733 -0.112920 
 -0.071278 -0.572311 -0.079398 
 -0.092528 -0.567207 -0.076112 
 -0.113778 -0.562103 -0.072825 
 -0.135029 -0.556999 -0.069538 
 -0.156279 -0.551895 -0.066252 
 -0.176126 -0.544593 -0.047822 
 -0.197404 -0.539482 -0.044531 
 -0.218683 -0.534371 -0.041240 
 -0.237322 -0.524822 -0.007636 
 -0.258656 -0.519698 -0.004337 
 -0.279990 -0.514574 -0.001037 
 -0.301324 -0.509450 0.002263 
 -0.325074 -0.508818 -0.024785 
 -0.346352 -0.503708 -0.021493 
 0.341626 -0.650996 0.122268 
 0.305809 -0.659942 0.020245 
 0.284279 -0.654771 0.023575 
 0.258835 -0.653674 -0.003223 
 0.237361 -0.648517 0.000099 
 0.213985 -0.645409 -0.011652 
 0.192539 -0.640259 -0.008335 
 0.167403 -0.639235 -0.035179 
 0.142378 -0.638239 -0.062041 
 0.117465 -0.637270 -0.088920 
 0.096187 -0.632159 -0.085629 
 0.074909 -0.627048 -0.082338 
 0.051925 -0.624035 -0.094149 
 0.030674 -0.618931 -0.090863 
 0.009424 -0.613827 -0.087576 
 -0.011826 -0.608724 -0.084289 
 -0.033077 -0.603620 -0.081003 
 -0.054327 -0.598516 -0.077716 
 -0.075577 -0.593412 -0.074429 
 -0.096828 -0.588308 -0.071142 
 -0.118078 -0.583204 -0.067856 
 -0.139328 -0.578100 -0.064569 
 -0.160579 -0.572996 -0.061282 
 -0.180431 -0.565721 -0.042846 
 -0.201709 -0.560611 -0.039555 
 -0.220304 -0.551131 -0.005947 
 -0.239010 -0.541624 0.027679 
 -0.260400 -0.536486 0.030987 
 -0.281790 -0.531349 0.034296 
 -0.303180 -0.526211 0.037604 
 -0.324570 -0.521074 0.040912 
 -0.350657 -0.524836 -0.016518 
 0.305467 -0.677329 0.055402 
 0.279923 -0.676150 0.028609 
 0.258393 -0.670979 0.031939 
 0.233016 -0.669840 0.005120 
 0.209646 -0.666705 -0.006637 
 0.188200 -0.661554 -0.003320 
 0.163075 -0.660475 -0.030177 
 0.138062 -0.659423 -0.057053 
 0.113160 -0.658398 -0.083944 
 0.091882 -0.653288 -0.080653 
 0.070603 -0.648177 -0.077362 
 0.049325 -0.643067 -0.074071 
 0.028047 -0.637956 -0.070780 
 0.005125 -0.634928 -0.082607 
 -0.016126 -0.629825 -0.079320 
 -0.037376 -0.624721 -0.076033 
 -0.058626 -0.619617 -0.072747 
 -0.079877 -0.614513 -0.069460 
 -0.101127 -0.609409 -0.066173 
 -0.122377 -0.604305 -0.062886 
 -0.143628 -0.599201 -0.059600 
 -0.164878 -0.594097 -0.056313 
 -0.184736 -0.586850 -0.037870 
 -0.203286 -0.577439 -0.004258 
 -0.221947 -0.568001 0.029373 
 -0.243337 -0.562863 0.032681 
 -0.264728 -0.557726 0.035989 
 -0.283613 -0.548234 0.069653 
 -0.305059 -0.543083 0.072970 
 -0.326505 -0.537932 0.076287 
 0.301100 -0.698764 0.060449 
 0.279514 -0.693579 0.063788 
 0.254037 -0.692357 0.036974 
 0.228671 -0.691163 0.010142 
 0.207197 -0.686005 0.013463 
 0.183861 -0.682849 0.001695 
 0.162415 -0.677698 0.005012 
 0.133745 -0.680608 -0.052064 
 0.112411 -0.675484 -0.048764 
 0.091077 -0.670360 -0.045464 
 0.066298 -0.669306 -0.072386 
 0.045020 -0.664195 -0.069095 
 0.023742 -0.659085 -0.065804 
 0.000825 -0.656029 -0.077637 
 -0.020425 -0.650925 -0.074351 
 -0.041675 -0.645822 -0.071064 
 -0.062926 -0.640718 -0.067777 
 -0.084176 -0.635614 -0.064491 
 -0.105426 -0.630510 -0.061204 
 -0.126677 -0.625406 -0.057917 
 -0.147927 -0.620302 -0.054630 
 -0.167763 -0.613089 -0.036185 
 -0.189041 -0.607979 -0.032894 
 -0.207602 -0.598623 0.000731 
 -0.223614 -0.584982 0.064717 
 -0.245060 -0.579831 0.068034 
 -0.266506 -0.574680 0.071351 
 -0.287952 -0.569530 0.074668 
 -0.309398 -0.564379 0.077985 
 -0.330844 -0.559228 0.081302 
 0.228151 -0.708565 0.045339 
 0.202852 -0.707328 0.018485 
 0.179522 -0.704145 0.006710 
 0.158076 -0.698994 0.010027 
 0.133029 -0.697817 -0.016865 
 0.108095 -0.696668 -0.043775 
 0.086760 -0.691544 -0.040475 
 0.061993 -0.690435 -0.067411 
 0.040715 -0.685324 -0.064120 
 0.019437 -0.680213 -0.060829 
 -0.001842 -0.675103 -0.057538 
 -0.024725 -0.672026 -0.069381 
 -0.045975 -0.666923 -0.066095 
 -0.067225 -0.661819 -0.062808 
 -0.088475 -0.656715 -0.059521 
 -0.109726 -0.651611 -0.056235 
 -0.130976 -0.646507 -0.052948 
 -0.150790 -0.639329 -0.034500 
 -0.169250 -0.630055 -0.000879 
 -0.187823 -0.620755 0.032760 
 -0.206507 -0.611428 0.066416 
 -0.226628 -0.604176 0.084911 
 -0.249399 -0.601127 0.073049 
 -0.270845 -0.595976 0.076366 
 -0.292291 -0.590825 0.079683 
 -0.313737 -0.585674 0.083000 
 -0.335183 -0.580523 0.086317 
 0.103778 -0.717852 -0.038786 
 0.082444 -0.712728 -0.035487 
 0.057688 -0.711563 -0.062435 
 0.036410 -0.706453 -0.059144 
 0.015132 -0.701342 -0.055853 
 -0.006147 -0.696231 -0.052562 
 -0.029024 -0.693127 -0.064412 
 -0.050274 -0.688023 -0.061125 
 -0.071525 -0.682920 -0.057839 
 -0.092775 -0.677816 -0.054552 
 -0.114025 -0.672712 -0.051265 
 -0.141112 -0.675768 -0.108631 
 -0.162251 -0.670691 -0.105362 
 -0.144099 -0.608115 0.322717 
 -0.160519 -0.594609 0.386812 
 -0.182552 -0.589317 0.390220 
 -0.204585 -0.584025 0.393627 
 -0.226619 -0.578733 0.397035 
 -0.275184 -0.617271 0.081382 
 -0.296630 -0.612120 0.084698 
 -0.318076 -0.606969 0.088015 
 0.010826 -0.722471 -0.050877 
 -0.010452 -0.717360 -0.047586 
 -0.031730 -0.712250 -0.044295 
 -0.053008 -0.707139 -0.041004 
 -0.074287 -0.702028 -0.037713 
 -0.095565 -0.696918 -0.034422 
 -0.116843 -0.691807 -0.031131 
 -0.138122 -0.686697 -0.027840 
 -0.126612 -0.635148 0.324453 
 -0.148534 -0.629883 0.327843 
 -0.170455 -0.624618 0.331234 
 -0.187010 -0.611196 0.395372 
 -0.209043 -0.605904 0.398780 
 -0.231077 -0.600612 0.402188 
 -0.107866 -0.695135 0.110392 
 -0.155753 -0.655646 0.302600 
 -0.174890 -0.646385 0.336360 
 -0.196812 -0.641120 0.339750 
 -0.218733 -0.635855 0.343141 
 