0.221787 0.967824 -0.118858 
 0.205341 0.970472 -0.121662 
 0.188894 0.973119 -0.124467 
 0.218930 0.957544 -0.094763 
 0.202441 0.960199 -0.097574 
 0.185952 0.962854 -0.100386 
 0.169463 0.965508 -0.103197 
 0.152974 0.968163 -0.106009 
 0.216025 0.940913 -0.093429 
 0.199536 0.943567 -0.096240 
 0.183047 0.946222 -0.099052 
 0.166558 0.948876 -0.101863 
 0.150000 0.954678 -0.093304 
 0.133490 0.957336 -0.096119 
 0.213120 0.924281 -0.092095 
 0.196623 0.930050 -0.083523 
 0.180142 0.929590 -0.097718 
 0.163653 0.932244 -0.100529 
 0.147092 0.938024 -0.091969 
 0.130581 0.940682 -0.094784 
 0.114071 0.943340 -0.097599 
 0.210215 0.907649 -0.090761 
 0.193726 0.910303 -0.093572 
 0.177237 0.912958 -0.096384 
 0.160748 0.915612 -0.099195 
 0.144259 0.918267 -0.102007 
 0.127770 0.920922 -0.104818 
 0.111281 0.923576 -0.107630 
 0.094792 0.926230 -0.110441 
 0.223826 0.891427 -0.075221 
 0.207310 0.891017 -0.089427 
 0.190805 0.896743 -0.080852 
 0.174332 0.896326 -0.095050 
 0.157843 0.898981 -0.097861 
 0.141274 0.904717 -0.089297 
 0.124865 0.904290 -0.103484 
 0.108253 0.910033 -0.094927 
 0.091743 0.912691 -0.097743 
 0.075233 0.915349 -0.100558 
 0.220917 0.874774 -0.073885 
 0.204405 0.874385 -0.088093 
 0.187896 0.880090 -0.079516 
 0.171427 0.879694 -0.093716 
 0.154938 0.882349 -0.096527 
 0.138365 0.888064 -0.087961 
 0.121855 0.890722 -0.090776 
 0.105345 0.893380 -0.093592 
 0.088834 0.896038 -0.096407 
 0.072324 0.898696 -0.099222 
 0.218047 0.864164 -0.049757 
 0.201498 0.860779 -0.075365 
 0.184988 0.863437 -0.078180 
 0.168477 0.866095 -0.080995 
 0.151967 0.868753 -0.083810 
 0.135457 0.871410 -0.086626 
 0.118946 0.874068 -0.089441 
 0.102436 0.876726 -0.092256 
 0.085925 0.879384 -0.095071 
 0.069415 0.882042 -0.097886 
 0.215130 0.847468 -0.048417 
 0.198577 0.850133 -0.051240 
 0.182024 0.852797 -0.054062 
 0.165568 0.849441 -0.079659 
 0.149058 0.852099 -0.082475 
 0.132182 0.866827 -0.039770 
 0.115587 0.869499 -0.042599 
 0.098991 0.872171 -0.045429 
 0.082395 0.874842 -0.048259 
 0.065799 0.877514 -0.051088 
 0.212237 0.836729 -0.024278 
 0.195642 0.839401 -0.027108 
 0.179108 0.836101 -0.052723 
 0.162555 0.838766 -0.055545 
 0.146002 0.841431 -0.058368 
 0.129449 0.844096 -0.061190 
 0.112430 0.858758 -0.018500 
 0.096067 0.855431 -0.044086 
 0.078993 0.867122 -0.012803 
 0.062334 0.869803 -0.015643 
 0.225909 0.817318 -0.020106 
 0.209314 0.819989 -0.022935 
 0.192745 0.816740 -0.048561 
 0.176192 0.819404 -0.051384 
 0.159639 0.822069 -0.054206 
 0.142775 0.836618 -0.011479 
 0.126137 0.839297 -0.014316 
 0.109498 0.841975 -0.017154 
 0.092860 0.844654 -0.019991 
 0.076058 0.850317 -0.011455 
 0.059398 0.852999 -0.014296 
 0.222985 0.800578 -0.018763 
 0.206390 0.803250 -0.021593 
 0.189794 0.805922 -0.024423 
 0.173198 0.808593 -0.027252 
 0.156602 0.811265 -0.030082 
 0.140007 0.813937 -0.032912 
 0.123205 0.822514 -0.012970 
 0.106567 0.825193 -0.015807 
 0.090219 0.821952 -0.041401 
 0.073123 0.833513 -0.010107 
 0.056463 0.836195 -0.012948 
 0.220105 0.789660 0.005398 
 0.203467 0.792338 0.002561 
 0.186870 0.789182 -0.023080 
 0.170274 0.791853 -0.025910 
 0.153679 0.794525 -0.028739 
 0.137083 0.797197 -0.031569 
 0.120487 0.799869 -0.034399 
 0.103636 0.808410 -0.014461 
 0.086997 0.811089 -0.017298 
 0.070359 0.813767 -0.020135 
 0.053720 0.816446 -0.022972 
 0.217192 0.775766 0.018155 
 0.200532 0.778448 0.015314 
 0.183897 0.778234 0.001070 
 0.167351 0.775114 -0.024567 
 0.150755 0.777786 -0.027397 
 0.134159 0.780457 -0.030226 
 0.117343 0.788949 -0.010278 
 0.100573 0.794541 -0.001730 
 0.084066 0.794306 -0.015952 
 0.067427 0.796985 -0.018789 
 0.050789 0.799663 -0.021626 
 0.197597 0.761644 0.016662 
 0.180965 0.761452 0.002416 
 0.164327 0.764130 -0.000421 
 0.147688 0.766809 -0.003258 
 0.131235 0.763718 -0.028884 
 0.114411 0.772166 -0.008932 
 0.097638 0.777737 -0.000382 
 0.080978 0.780419 -0.003223 
 0.064318 0.783101 -0.006064 
 0.047658 0.785782 -0.008904 
 0.194640 0.750539 0.040831 
 0.178002 0.747522 0.015169 
 0.161395 0.747348 0.000925 
 0.144757 0.750026 -0.001912 
 0.128119 0.752705 -0.004749 
 0.111480 0.755383 -0.007586 
 0.094703 0.760932 0.000966 
 0.078043 0.763614 -0.001875 
 0.061383 0.766296 -0.004716 
 0.044317 0.774739 0.015199 
 0.027614 0.777428 0.012352 
 0.208413 0.736652 0.067862 
 0.191697 0.733692 0.042182 
 0.175067 0.730718 0.016517 
 0.158464 0.730565 0.002271 
 0.141826 0.733243 -0.000566 
 0.125187 0.735922 -0.003403 
 0.108549 0.738601 -0.006240 
 0.091767 0.744128 0.002313 
 0.075108 0.746810 -0.000527 
 0.058448 0.749492 -0.003368 
 0.041374 0.757892 0.016551 
 0.024671 0.760581 0.013703 
 0.222257 0.722665 0.094914 
 0.205463 0.719761 0.069217 
 0.188718 0.722457 0.066361 
 0.171972 0.725153 0.063506 
 0.155472 0.716596 0.015024 
 0.138812 0.719278 0.012183 
 0.122256 0.719140 -0.002057 
 0.105617 0.721818 -0.004894 
 0.088539 0.732978 0.026446 
 0.072172 0.730006 0.000821 
 0.055513 0.732688 -0.002020 
 0.038853 0.735370 -0.004861 
 0.021729 0.743733 0.015054 
 0.219258 0.700175 0.073427 
 0.202513 0.702871 0.070571 
 0.185767 0.705567 0.067716 
 0.169022 0.708263 0.064861 
 0.152407 0.705375 0.039189 
 0.135877 0.702473 0.013531 
 0.119217 0.705155 0.010691 
 0.102557 0.707837 0.007850 
 0.085596 0.716130 0.027797 
 0.068894 0.718819 0.024949 
 0.052578 0.715883 -0.000672 
 0.035918 0.718565 -0.003513 
 0.233053 0.680589 0.077637 
 0.216308 0.683285 0.074781 
 0.199563 0.685981 0.071926 
 0.182817 0.688676 0.069071 
 0.166167 0.685839 0.043388 
 0.149464 0.688528 0.040540 
 0.132762 0.691216 0.037692 
 0.116282 0.688351 0.012038 
 0.099356 0.696594 0.031996 
 0.082346 0.704851 0.051939 
 0.065600 0.707547 0.049084 
 0.048855 0.710243 0.046229 
 0.032110 0.712938 0.043374 
 0.230103 0.663699 0.078991 
 0.213384 0.671864 0.098989 
 0.196612 0.669090 0.073281 
 0.179867 0.671786 0.070426 
 0.163122 0.674482 0.067570 
 0.146521 0.671680 0.041892 
 0.129819 0.674369 0.039044 
 0.113116 0.677058 0.036196 
 0.096141 0.685265 0.056149 
 0.079395 0.687961 0.053294 
 0.062650 0.690657 0.050439 
 0.046306 0.687814 0.024804 
 0.029604 0.690503 0.021956 
 0.244262 0.663058 0.163249 
 0.227367 0.665778 0.160368 
 0.210426 0.654931 0.100347 
 0.193638 0.657633 0.097484 
 0.176917 0.654895 0.071780 
 0.160062 0.663039 0.091759 
 0.143426 0.660287 0.066070 
 0.126681 0.662983 0.063215 
 0.109936 0.665679 0.060359 
 0.093191 0.668374 0.057504 
 0.076122 0.676552 0.077447 
 0.059700 0.673766 0.051794 
 0.042955 0.676462 0.048939 
 0.026209 0.679158 0.046083 
 0.241285 0.646017 0.164616 
 0.224390 0.648736 0.161735 
 0.207468 0.637997 0.101705 
 0.190680 0.640700 0.098843 
 0.173892 0.643403 0.095980 
 0.157104 0.646105 0.093118 
 0.140476 0.643397 0.067425 
 0.123731 0.646093 0.064569 
 0.106986 0.648788 0.061714 
 0.089952 0.656916 0.081667 
 0.073164 0.659619 0.078805 
 0.056376 0.662321 0.075942 
 0.039588 0.665024 0.073080 
 0.023259 0.662267 0.047438 
 0.255335 0.631576 0.191749 
 0.238309 0.628975 0.165983 
 0.221414 0.631695 0.163102 
 0.204511 0.621064 0.103063 
 0.187723 0.623766 0.100201 
 0.170935 0.626469 0.097338 
 0.154147 0.629172 0.094476 
 0.137359 0.631874 0.091613 
 0.120571 0.634577 0.088751 
 0.104036 0.631898 0.063069 
 0.086995 0.639982 0.083026 
 0.070207 0.642685 0.080163 
 0.053419 0.645388 0.077301 
 0.036631 0.648090 0.074438 
 0.019843 0.650793 0.071576 
 0.252351 0.614491 0.193119 
 0.235332 0.611934 0.167350 
 0.218437 0.614654 0.164469 
 0.201549 0.609428 0.127289 
 0.184718 0.612137 0.124419 
 0.167977 0.609536 0.098696 
 0.151189 0.612238 0.095834 
 0.134576 0.609616 0.070134 
 0.117613 0.617644 0.090109 
 0.100825 0.620346 0.087246 
 0.083734 0.628395 0.107200 
 0.067249 0.625752 0.081521 
 0.050072 0.633814 0.101460 
 0.033241 0.636523 0.098591 
 0.016411 0.639233 0.095721 
 0.266304 0.594680 0.197378 
 0.249367 0.597407 0.194490 
 0.232356 0.594893 0.168717 
 0.215461 0.597613 0.165836 
 0.198584 0.592451 0.128650 
 0.181753 0.595161 0.125781 
 0.165019 0.592602 0.100055 
 0.148231 0.595305 0.097192 
 0.131443 0.598007 0.094330 
 0.114655 0.600710 0.091467 
 0.097867 0.603413 0.088605 
 0.080769 0.611418 0.108562 
 0.063938 0.614128 0.105692 
 0.047107 0.616837 0.102822 
 0.030276 0.619547 0.099952 
 0.013205 0.624921 0.108477 
 -0.003647 0.627634 0.105604 
 0.263320 0.577596 0.198748 
 0.246383 0.580323 0.195860 
 0.229379 0.577852 0.170083 
 0.212484 0.580572 0.167203 
 0.195590 0.583292 0.164322 
 0.178788 0.578184 0.127142 
 0.161957 0.580894 0.124272 
 0.145274 0.578371 0.098550 
 0.128486 0.581074 0.095688 
 0.111698 0.583777 0.092825 
 0.094634 0.591732 0.112793 
 0.077803 0.594442 0.109923 
 0.060973 0.597151 0.107054 
 0.044142 0.599861 0.104184 
 0.027088 0.605210 0.112714 
 0.010236 0.607923 0.109841 
 -0.006616 0.610636 0.106967 
 0.260336 0.560512 0.200118 
 0.243399 0.563238 0.197230 
 0.226403 0.560811 0.171450 
 0.209508 0.563531 0.168570 
 0.192640 0.561082 0.142812 
 0.175788 0.563795 0.139939 
 0.158992 0.563917 0.125634 
 0.142316 0.561438 0.099909 
 0.125528 0.564140 0.097046 
 0.108740 0.566843 0.094184 
 0.091952 0.569546 0.091321 
 0.074675 0.580073 0.122698 
 0.057823 0.582786 0.119824 
 0.040971 0.585499 0.116951 
 0.023665 0.593449 0.136882 
 0.006770 0.596169 0.134001 
 -0.010124 0.598889 0.131120 
 -0.027019 0.601609 0.128239 
 -0.043914 0.604329 0.125359 
 -0.079124 0.620325 0.165118 
 -0.096104 0.623058 0.162223 
 0.257352 0.543427 0.201489 
 0.240321 0.541050 0.175698 
 0.223426 0.543769 0.172817 
 0.206523 0.541371 0.147049 
 0.189671 0.544084 0.144175 
 0.172857 0.544231 0.129866 
 0.156146 0.541802 0.104129 
 0.139358 0.544504 0.101267 
 0.122570 0.547207 0.098404 
 0.105782 0.549910 0.095542 
 0.088994 0.552612 0.092679 
 0.071873 0.560488 0.112647 
 0.055042 0.563198 0.109777 
 0.038002 0.568501 0.118314 
 0.020689 0.576408 0.138248 
 0.003794 0.579128 0.135368 
 -0.013101 0.581848 0.132487 
 -0.029406 0.579353 0.106821 
 -0.047523 0.592509 0.149504 
 -0.065135 0.600464 0.169387 
 -0.082116 0.603197 0.166492 
 -0.098335 0.600689 0.140840 
 -0.115273 0.603416 0.137952 
 0.254497 0.531398 0.225772 
 0.237431 0.529070 0.199971 
 0.220450 0.526728 0.174184 
 0.203555 0.529448 0.171303 
 0.186702 0.527086 0.145539 
 0.169892 0.527254 0.131227 
 0.153189 0.524868 0.105488 
 0.136401 0.527571 0.102625 
 0.119613 0.530274 0.099762 
 0.102825 0.532976 0.096900 
 0.085738 0.540802 0.116878 
 0.068908 0.543512 0.114008 
 0.051885 0.548790 0.122551 
 0.035033 0.551503 0.119678 
 0.018181 0.554216 0.116804 
 0.000817 0.562086 0.136735 
 -0.015523 0.559642 0.111057 
 -0.032972 0.567526 0.130973 
 -0.049867 0.570246 0.128092 
 -0.066762 0.572966 0.125212 
 -0.084382 0.580878 0.145099 
 -0.101319 0.583605 0.142211 
 -0.118257 0.586331 0.139323 
 -0.135195 0.589058 0.136435 
 0.251506 0.514270 0.227146 
 0.234447 0.511986 0.201341 
 0.217473 0.509687 0.175551 
 0.200578 0.512407 0.172670 
 0.183684 0.515127 0.169789 
 0.166881 0.512801 0.144029 
 0.150096 0.512987 0.129719 
 0.133265 0.515697 0.126849 
 0.116435 0.518406 0.123979 
 0.099867 0.516043 0.098258 
 0.082620 0.526366 0.129662 
 0.065768 0.529079 0.126788 
 0.048916 0.531792 0.123915 
 0.032064 0.534505 0.121041 
 0.014736 0.542325 0.140982 
 -0.002159 0.545045 0.138101 
 -0.019054 0.547765 0.135221 
 -0.035949 0.550485 0.132340 
 -0.053491 0.558340 0.152245 
 -0.071119 0.566209 0.172135 
 -0.087366 0.563794 0.146469 
 -0.104304 0.566520 0.143581 
 -0.121241 0.569247 0.140693 
 -0.138179 0.571974 0.137805 
 0.248514 0.497143 0.228519 
 0.231392 0.489926 0.179798 
 0.214497 0.492646 0.176918 
 0.197602 0.495366 0.174037 
 0.180764 0.493090 0.148266 
 0.163912 0.495803 0.145392 
 0.147131 0.496011 0.131081 
 0.130300 0.498720 0.128211 
 0.113469 0.501430 0.125341 
 0.096909 0.499109 0.099616 
 0.079651 0.509368 0.131025 
 0.062444 0.517125 0.150991 
 0.045549 0.519844 0.148110 
 0.028654 0.522564 0.145230 
 0.011759 0.525284 0.142349 
 -0.005136 0.528004 0.139468 
 -0.022030 0.530724 0.136588 
 -0.038313 0.528359 0.110911 
 -0.056475 0.541256 0.153615 
 -0.073413 0.543983 0.150727 
 -0.090350 0.546709 0.147839 
 -0.107288 0.549436 0.144951 
 -0.123399 0.547043 0.119303 
 -0.141163 0.554890 0.139175 
 -0.158100 0.557616 0.136287 
 0.228415 0.472885 0.181165 
 0.211520 0.475605 0.178285 
 0.194625 0.478324 0.175404 
 0.177795 0.476092 0.149629 
 0.160943 0.478805 0.146756 
 0.144166 0.479034 0.132442 
 0.127335 0.481744 0.129573 
 0.110504 0.484453 0.126703 
 0.093535 0.489656 0.135262 
 0.076682 0.492369 0.132388 
 0.059830 0.495082 0.129515 
 0.042572 0.502803 0.149477 
 0.025677 0.505523 0.146597 
 0.008783 0.508243 0.143716 
 -0.008112 0.510963 0.140835 
 -0.025007 0.513683 0.137954 
 -0.041902 0.516403 0.135074 
 -0.058797 0.519122 0.132193 
 -0.075691 0.521842 0.129312 
 -0.092586 0.524562 0.126431 
 -0.109481 0.527282 0.123551 
 -0.126376 0.530002 0.120670 
 -0.143271 0.532722 0.117789 
 -0.161084 0.540532 0.137658 
 0.225495 0.460733 0.205452 
 0.208557 0.463459 0.202564 
 0.191649 0.461283 0.176771 
 0.174754 0.464003 0.173890 
 0.157859 0.466723 0.171009 
 0.141122 0.464519 0.145245 
 0.124270 0.467232 0.142372 
 0.107539 0.467477 0.128064 
 0.090708 0.470186 0.125195 
 0.073713 0.475371 0.133752 
 0.056861 0.478084 0.130878 
 0.039596 0.485762 0.150844 
 0.023157 0.483510 0.125131 
 0.005806 0.491202 0.145083 
 -0.011089 0.493922 0.142202 
 -0.027983 0.496642 0.139321 
 -0.044251 0.494362 0.113638 
 -0.061103 0.497075 0.110764 
 -0.078668 0.504801 0.130679 
 -0.095563 0.507521 0.127798 
 -0.111659 0.505214 0.102144 
 -0.128511 0.507927 0.099270 
 -0.145364 0.510640 0.096397 
 0.222511 0.443648 0.206822 
 0.205573 0.446375 0.203934 
 0.188636 0.449102 0.201046 
 0.171778 0.446962 0.175257 
 0.154883 0.449682 0.172376 
 0.138153 0.447521 0.146609 
 0.121301 0.450234 0.143735 
 0.104574 0.450500 0.129426 
 0.087597 0.455660 0.137989 
 0.070745 0.458373 0.135115 
 0.053892 0.461086 0.132242 
 0.036619 0.468721 0.152211 
 0.020188 0.466512 0.126495 
 0.002830 0.474161 0.146450 
 -0.014065 0.476880 0.143569 
 -0.030368 0.474651 0.117874 
 -0.047220 0.477364 0.115001 
 -0.064072 0.480077 0.112128 
 -0.080924 0.482790 0.109254 
 -0.097776 0.485503 0.106381 
 -0.114226 0.485724 0.092119 
 -0.131056 0.488434 0.089249 
 -0.147887 0.491144 0.086379 
 0.219527 0.426564 0.208193 
 0.202589 0.429291 0.205305 
 0.185652 0.432018 0.202417 
 0.168801 0.429921 0.176624 
 0.151906 0.432641 0.173743 
 0.135012 0.435360 0.170862 
 0.118332 0.433236 0.145099 
 0.101480 0.435949 0.142225 
 0.084628 0.438662 0.139352 
 0.067776 0.441375 0.136479 
 0.050923 0.444088 0.133605 
 0.033643 0.451680 0.153578 
 0.017219 0.449514 0.127858 
 -0.000147 0.457119 0.147816 
 -0.016485 0.454940 0.122111 
 -0.033337 0.457653 0.119238 
 -0.050189 0.460366 0.116364 
 -0.066699 0.460619 0.102090 
 -0.083529 0.463329 0.099220 
 -0.100360 0.466038 0.096350 
 -0.117191 0.468748 0.093480 
 -0.134022 0.471457 0.090611 
 -0.150852 0.474167 0.087741 
 0.216543 0.409480 0.209563 
 0.199605 0.412207 0.206675 
 0.182668 0.414933 0.203787 
 0.165730 0.417660 0.200899 
 0.148930 0.415599 0.175110 
 0.132035 0.418319 0.172229 
 0.115140 0.421039 0.169348 
 0.098511 0.418951 0.143589 
 0.081659 0.421664 0.140715 
 0.064807 0.424377 0.137842 
 0.047954 0.427090 0.134968 
 0.031102 0.429803 0.132095 
 0.014250 0.432516 0.129222 
 -0.002602 0.435229 0.126348 
 -0.019454 0.437942 0.123475 
 -0.036002 0.438224 0.109191 
 -0.052833 0.440933 0.106321 
 -0.068971 0.438766 0.080645 
 -0.085759 0.441468 0.077782 
 -0.102547 0.444171 0.074920 
 -0.119335 0.446874 0.072057 
 -0.136123 0.449577 0.069195 
 -0.153817 0.457190 0.089102 
 0.213585 0.397112 0.233867 
 0.196621 0.395122 0.208045 
 0.179683 0.397849 0.205157 
 0.162746 0.400576 0.202269 
 0.145808 0.403303 0.199381 
 0.128871 0.406029 0.196493 
 0.112164 0.403998 0.170715 
 0.095542 0.401953 0.144952 
 0.078690 0.404666 0.142079 
 0.062017 0.404990 0.127772 
 0.045186 0.407699 0.124902 
 0.028355 0.410409 0.122032 
 0.012011 0.408319 0.096316 
 -0.003719 0.401410 0.047776 
 -0.020993 0.408911 0.067759 
 -0.037738 0.411607 0.064904 
 -0.052840 0.402236 0.005007 
 -0.069479 0.404915 0.002170 
 -0.086117 0.407593 -0.000667 
 -0.102756 0.410272 -0.003505 
 -0.122293 0.429940 0.073415 
 -0.139081 0.432643 0.070553 
 0.210612 0.384659 0.258178 
 0.193637 0.378038 0.209416 
 0.176699 0.380765 0.206528 
 0.159762 0.383491 0.203640 
 0.142824 0.386218 0.200752 
 0.126082 0.384237 0.174963 
 0.109187 0.386957 0.172082 
 0.092573 0.384955 0.146316 
 0.075882 0.385304 0.132003 
 0.059051 0.388013 0.129133 
 0.042629 0.385980 0.103399 
 0.025841 0.388683 0.100536 
 0.010041 0.381873 0.051975 
 -0.004783 0.367892 -0.030821 
 -0.022784 0.382481 0.023444 
 -0.039444 0.385163 0.020603 
 -0.055107 0.380670 -0.016468 
 -0.071703 0.383341 -0.019298 
 -0.088298 0.386013 -0.022128 
 -0.103308 0.379076 -0.070554 
 -0.119819 0.381734 -0.073369 
 0.224636 0.364747 0.262458 
 0.207613 0.367488 0.259555 
 0.190590 0.370229 0.256652 
 0.173715 0.363680 0.207898 
 0.156778 0.366407 0.205010 
 0.139840 0.369134 0.202122 
 0.123106 0.367196 0.176330 
 0.106211 0.369916 0.173449 
 0.089748 0.365617 0.136235 
 0.072917 0.368327 0.133365 
 0.056460 0.366344 0.107620 
 0.040088 0.364347 0.081890 
 0.023342 0.367043 0.079035 
 0.008352 0.353243 -0.003806 
 -0.008243 0.355915 -0.006636 
 -0.023665 0.349133 -0.055142 
 -0.041435 0.361258 -0.012296 
 -0.058031 0.363930 -0.015125 
 -0.074626 0.366602 -0.017955 
 -0.089707 0.359765 -0.066403 
 -0.105817 0.360042 -0.080620 
 -0.122306 0.362697 -0.083431 
 -0.141009 0.377289 -0.029274 
 -0.157605 0.379960 -0.032104 
 -0.174201 0.382632 -0.034934 
 0.221660 0.349867 0.275310 
 0.204614 0.350318 0.260932 
 0.187591 0.353058 0.258030 
 0.170650 0.351197 0.232197 
 0.153794 0.349323 0.206380 
 0.136856 0.352050 0.203492 
 0.120129 0.350154 0.177696 
 0.103234 0.352874 0.174816 
 0.086783 0.348641 0.137596 
 0.070290 0.346708 0.111840 
 0.053883 0.344761 0.086100 
 0.037561 0.342801 0.060374 
 0.021325 0.340827 0.034662 
 0.005938 0.331834 -0.025320 
 -0.010615 0.334499 -0.028142 
 -0.026574 0.332480 -0.053806 
 -0.042766 0.332792 -0.068040 
 -0.059595 0.337796 -0.059437 
 -0.075744 0.338101 -0.073663 
 -0.092233 0.340756 -0.076474 
 -0.108722 0.343410 -0.079286 
 -0.125211 0.346065 -0.082097 
 -0.143040 0.355817 -0.050722 
 -0.159593 0.358482 -0.053544 
 -0.177125 0.365893 -0.033591 
 -0.193721 0.368564 -0.036421 
 -0.244658 0.381353 -0.022162 
 -0.261296 0.384031 -0.024999 
 0.218657 0.332675 0.276689 
 0.201615 0.333147 0.262309 
 0.184592 0.335888 0.259407 
 0.167658 0.334070 0.233571 
 0.150810 0.332239 0.207751 
 0.133872 0.334965 0.204863 
 0.117153 0.333113 0.179063 
 0.100648 0.328955 0.141828 
 0.084120 0.327072 0.116061 
 0.067678 0.325175 0.090310 
 0.051321 0.323265 0.064573 
 0.035050 0.321340 0.038850 
 0.018627 0.321712 0.024576 
 0.003021 0.315137 -0.023981 
 -0.013532 0.317802 -0.026803 
 -0.029483 0.315826 -0.052471 
 -0.045671 0.316160 -0.066706 
 -0.062503 0.321142 -0.058101 
 -0.079014 0.323800 -0.060916 
 -0.095138 0.324124 -0.075140 
 -0.111627 0.326779 -0.077952 
 -0.128116 0.329433 -0.080763 
 -0.145956 0.339121 -0.049383 
 -0.162509 0.341786 -0.052205 
 -0.179062 0.344451 -0.055028 
 -0.195615 0.347115 -0.057850 
 -0.212168 0.349780 -0.060673 
 -0.229836 0.357168 -0.040737 
 -0.246432 0.359840 -0.043567 
 -0.263028 0.362512 -0.046397 
 -0.279623 0.365183 -0.049227 
 -0.296219 0.367855 -0.052056 
 0.232698 0.312739 0.280974 
 0.215638 0.313236 0.266589 
 0.198615 0.315977 0.263687 
 0.181592 0.318717 0.260784 
 0.164667 0.316943 0.234945 
 0.147826 0.315154 0.209121 
 0.131071 0.313352 0.183311 
 0.114176 0.316072 0.180430 
 0.097683 0.311978 0.143189 
 0.081163 0.310138 0.117419 
 0.064728 0.308285 0.091665 
 0.048774 0.301854 0.043039 
 0.032334 0.302251 0.028759 
 0.015695 0.304930 0.025922 
 -0.000419 0.303024 0.000222 
 -0.016448 0.301106 -0.025464 
 -0.032392 0.299173 -0.051135 
 -0.048902 0.301831 -0.053950 
 -0.065412 0.304489 -0.056765 
 -0.081923 0.307147 -0.059581 
 -0.098433 0.309805 -0.062396 
 -0.114943 0.312463 -0.065211 
 -0.131021 0.312801 -0.079429 
 -0.147964 0.317779 -0.070841 
 -0.164474 0.320437 -0.073656 
 -0.180985 0.323095 -0.076472 
 -0.198532 0.330419 -0.056511 
 -0.215085 0.333084 -0.059333 
 -0.231638 0.335749 -0.062156 
 -0.249356 0.343100 -0.042225 
 -0.264744 0.341078 -0.067801 
 -0.282547 0.348444 -0.047884 
 -0.300436 0.355823 -0.027981 
 -0.317074 0.358502 -0.030818 
 -0.333713 0.361180 -0.033655 
 -0.350351 0.363859 -0.036492 
 0.229662 0.293325 0.270869 
 0.212616 0.291614 0.245005 
 0.195635 0.294348 0.242109 
 0.178717 0.292616 0.216267 
 0.161884 0.290871 0.190439 
 0.145136 0.289112 0.164626 
 0.128379 0.289582 0.150291 
 0.112014 0.283307 0.101585 
 0.095544 0.281503 0.075820 
 0.079159 0.279686 0.050068 
 0.062499 0.282368 0.047227 
 0.046041 0.282790 0.032942 
 0.029403 0.285468 0.030105 
 0.013253 0.283613 0.004394 
 -0.003343 0.286285 0.001564 
 -0.019364 0.284409 -0.024125 
 -0.035300 0.282519 -0.049799 
 -0.051811 0.285177 -0.052614 
 -0.068321 0.287835 -0.055430 
 -0.084831 0.290493 -0.058245 
 -0.100948 0.290860 -0.072472 
 -0.117437 0.293515 -0.075284 
 -0.133926 0.296169 -0.078095 
 -0.150873 0.301125 -0.069505 
 -0.167383 0.303783 -0.072321 
 -0.183893 0.306441 -0.075136 
 -0.200404 0.309099 -0.077951 
 -0.218001 0.316387 -0.057994 
 -0.234554 0.319052 -0.060817 
 -0.251107 0.321717 -0.063639 
 -0.267660 0.324382 -0.066462 
 -0.285471 0.331704 -0.046541 
 -0.302067 0.334376 -0.049371 
 -0.318663 0.337048 -0.052201 
 -0.335258 0.339719 -0.055031 
 -0.350425 0.337706 -0.080574 
 -0.369921 0.349755 -0.037983 
 -0.386560 0.352434 -0.040820 
 0.243280 0.255836 0.183230 
 0.226428 0.258549 0.180357 
 0.209576 0.261262 0.177484 
 0.192724 0.263975 0.174610 
 0.175975 0.260055 0.137311 
 0.159187 0.262758 0.134448 
 0.142399 0.265461 0.131586 
 0.125611 0.268163 0.128723 
 0.109303 0.261967 0.080019 
 0.092884 0.260199 0.054256 
 0.076224 0.262882 0.051416 
 0.059564 0.265564 0.048575 
 0.043110 0.266007 0.034289 
 0.026471 0.268686 0.031452 
 0.010329 0.266874 0.005737 
 -0.006267 0.269545 0.002907 
 -0.022862 0.272217 0.000077 
 -0.038834 0.270377 -0.025608 
 -0.055387 0.273042 -0.028430 
 -0.071940 0.275707 -0.031253 
 -0.087740 0.273840 -0.056909 
 -0.104250 0.276498 -0.059724 
 -0.120761 0.279156 -0.062539 
 -0.137271 0.281814 -0.065355 
 -0.153781 0.284472 -0.068170 
 -0.171258 0.291696 -0.048188 
 -0.186802 0.289788 -0.073800 
 -0.204364 0.297026 -0.053833 
 -0.219823 0.295104 -0.079430 
 -0.236333 0.297762 -0.082246 
 -0.254023 0.305020 -0.062300 
 -0.269354 0.303078 -0.087876 
 -0.287129 0.310350 -0.067945 
 -0.303683 0.313015 -0.070767 
 -0.320236 0.315680 -0.073590 
 -0.335395 0.313710 -0.099137 
 -0.351905 0.316368 -0.101952 
 -0.368416 0.319025 -0.104767 
 -0.386448 0.326339 -0.084880 
 -0.403001 0.329004 -0.087702 
 -0.419554 0.331669 -0.090524 
 -0.436107 0.334334 -0.093347 
 -0.452660 0.336999 -0.096169 
 0.257300 0.240470 0.210457 
 0.240311 0.238838 0.184594 
 0.223459 0.241551 0.181720 
 0.206602 0.242082 0.167363 
 0.189772 0.244791 0.164493 
 0.172941 0.247501 0.161623 
 0.156469 0.237053 0.089914 
 0.139766 0.239742 0.087066 
 0.123063 0.242431 0.084218 
 0.106609 0.240713 0.058445 
 0.090094 0.241189 0.044146 
 0.073455 0.243867 0.041309 
 0.057193 0.242119 0.015568 
 0.040597 0.244791 0.012739 
 0.024001 0.247462 0.009909 
 0.007405 0.250134 0.007079 
 -0.009190 0.252806 0.004250 
 -0.025786 0.255477 0.001420 
 -0.041750 0.253681 -0.024269 
 -0.058303 0.256346 -0.027091 
 -0.074856 0.259011 -0.029914 
 -0.091409 0.261675 -0.032736 
 -0.107962 0.264340 -0.035559 
 -0.124515 0.267005 -0.038381 
 -0.140180 0.265160 -0.064019 
 -0.157621 0.272335 -0.044026 
 -0.174174 0.275000 -0.046848 
 -0.189711 0.273134 -0.072464 
 -0.207280 0.280329 -0.052493 
 -0.222732 0.278450 -0.078095 
 -0.239242 0.281108 -0.080910 
 -0.255752 0.283766 -0.083725 
 -0.272263 0.286424 -0.086540 
 -0.288773 0.289082 -0.089355 
 -0.305283 0.291740 -0.092170 
 -0.321794 0.294398 -0.094986 
 -0.338304 0.297056 -0.097801 
 -0.354092 0.297415 -0.111977 
 -0.372811 0.306978 -0.080718 
 -0.389364 0.309643 -0.083540 
 -0.405917 0.312308 -0.086363 
 -0.422470 0.314972 -0.089185 
 -0.439023 0.317637 -0.092008 
 -0.455576 0.320302 -0.094830 
 -0.472129 0.322967 -0.097653 
 -0.488682 0.325632 -0.100475 
 0.288113 0.217989 0.217586 
 0.271218 0.220709 0.214705 
 0.254194 0.219127 0.188831 
 0.237212 0.215378 0.151477 
 0.220424 0.218080 0.148615 
 0.203636 0.220783 0.145752 
 0.186848 0.223486 0.142890 
 0.170144 0.221853 0.117070 
 0.153526 0.220206 0.091265 
 0.136823 0.222895 0.088417 
 0.120333 0.221227 0.062634 
 0.103801 0.221727 0.048329 
 0.087162 0.224406 0.045492 
 0.070524 0.227085 0.042655 
 0.053885 0.229763 0.039818 
 0.037247 0.232442 0.036981 
 0.020609 0.235120 0.034144 
 0.004482 0.233394 0.008422 
 -0.012114 0.236066 0.005592 
 -0.028710 0.238738 0.002762 
 -0.045306 0.241410 -0.000067 
 -0.061902 0.244081 -0.002897 
 -0.078497 0.246753 -0.005727 
 -0.095093 0.249425 -0.008557 
 -0.111689 0.252096 -0.011386 
 -0.128285 0.254768 -0.014216 
 -0.144880 0.257440 -0.017046 
 -0.161476 0.260112 -0.019875 
 -0.177091 0.258303 -0.045509 
 -0.193644 0.260968 -0.048332 
 -0.210197 0.263633 -0.051154 
 -0.226750 0.266298 -0.053977 
 -0.242151 0.264455 -0.079574 
 -0.258661 0.267113 -0.082389 
 -0.275171 0.269771 -0.085204 
 -0.291682 0.272429 -0.088020 
 -0.308192 0.275087 -0.090835 
 -0.324702 0.277745 -0.093650 
 -0.341213 0.280403 -0.096465 
 -0.357723 0.283061 -0.099280 
 -0.374233 0.285719 -0.102095 
 -0.390744 0.288377 -0.104911 
 -0.407254 0.291035 -0.107726 
 -0.423764 0.293693 -0.110541 
 -0.440275 0.296351 -0.113356 
 -0.456785 0.299009 -0.116171 
 -0.475046 0.306270 -0.096313 
 -0.491599 0.308935 -0.099136 
 0.318633 0.191277 0.201688 
 0.301656 0.191871 0.187305 
 0.284929 0.196703 0.195941 
 0.268077 0.199416 0.193067 
 0.251164 0.200000 0.178696 
 0.234254 0.198444 0.152835 
 0.217466 0.201147 0.149973 
 0.200678 0.203849 0.147110 
 0.183939 0.202266 0.121280 
 0.167194 0.204962 0.118425 
 0.150583 0.203358 0.092617 
 0.134058 0.201741 0.066822 
 0.117508 0.202266 0.052512 
 0.100870 0.204945 0.049675 
 0.084231 0.207623 0.046838 
 0.067593 0.210302 0.044001 
 0.050954 0.212980 0.041164 
 0.034316 0.215659 0.038327 
 0.017677 0.218338 0.035490 
 0.001039 0.221016 0.032653 
 -0.015600 0.223695 0.029816 
 -0.032238 0.226373 0.026979 
 -0.048230 0.224670 0.001275 
 -0.064825 0.227342 -0.001554 
 -0.081421 0.230013 -0.004384 
 -0.098017 0.232685 -0.007214 
 -0.114613 0.235357 -0.010044 
 -0.131208 0.238029 -0.012873 
 -0.147804 0.240700 -0.015703 
 -0.164400 0.243372 -0.018533 
 -0.180996 0.246044 -0.021363 
 -0.197592 0.248715 -0.024192 
 -0.213113 0.246936 -0.049815 
 -0.229666 0.249601 -0.052637 
 -0.245059 0.247801 -0.078238 
 -0.262772 0.254931 -0.058282 
 -0.278080 0.253117 -0.083869 
 -0.294590 0.255775 -0.086684 
 -0.311101 0.258433 -0.089499 
 -0.327611 0.261091 -0.092314 
 -0.344121 0.263749 -0.095129 
 -0.360632 0.266407 -0.097945 
 -0.377142 0.269065 -0.100760 
 -0.393652 0.271723 -0.103575 
 -0.410163 0.274381 -0.106390 
 -0.425858 0.274769 -0.120555 
 -0.442347 0.277423 -0.123367 
 -0.458836 0.280078 -0.126178 
 -0.475325 0.282733 -0.128990 
 -0.491814 0.285387 -0.131801 
 -0.508303 0.288042 -0.134613 
 -0.524792 0.290696 -0.137424 
 0.332516 0.171566 0.205925 
 0.315522 0.172185 0.191537 
 0.298691 0.174895 0.188667 
 0.281860 0.177604 0.185797 
 0.265029 0.180314 0.182927 
 0.248085 0.178808 0.157056 
 0.231297 0.181511 0.154194 
 0.214480 0.179984 0.128345 
 0.197734 0.182680 0.125490 
 0.180989 0.185376 0.122635 
 0.164343 0.183822 0.096816 
 0.147783 0.182254 0.071011 
 0.131215 0.182805 0.056695 
 0.114577 0.185483 0.053858 
 0.098209 0.183885 0.028086 
 0.081613 0.186557 0.025256 
 0.065017 0.189228 0.022426 
 0.048023 0.196198 0.042510 
 0.031384 0.198876 0.039673 
 0.014746 0.201555 0.036836 
 -0.001893 0.204234 0.033999 
 -0.018531 0.206912 0.031162 
 -0.035170 0.209591 0.028325 
 -0.051153 0.207930 0.002618 
 -0.067749 0.210602 -0.000212 
 -0.084345 0.213274 -0.003041 
 -0.100941 0.215946 -0.005871 
 -0.117536 0.218617 -0.008701 
 -0.134132 0.221289 -0.011531 
 -0.150728 0.223961 -0.014360 
 -0.167324 0.226632 -0.017190 
 -0.183920 0.229304 -0.020020 
 -0.200515 0.231976 -0.022850 
 -0.217111 0.234648 -0.025679 
 -0.232582 0.232905 -0.051298 
 -0.247968 0.231148 -0.076903 
 -0.265689 0.238234 -0.056943 
 -0.280989 0.236464 -0.082533 
 -0.298795 0.243564 -0.062588 
 -0.315348 0.246229 -0.065410 
 -0.331901 0.248894 -0.068233 
 -0.348454 0.251559 -0.071055 
 -0.365007 0.254224 -0.073878 
 -0.380051 0.252412 -0.099424 
 -0.396561 0.255070 -0.102239 
 -0.412274 0.255483 -0.116409 
 -0.428763 0.258137 -0.119221 
 -0.445252 0.260792 -0.122033 
 -0.461741 0.263446 -0.124844 
 -0.478230 0.266101 -0.127656 
 -0.494719 0.268755 -0.130467 
 -0.509357 0.266878 -0.155944 
 -0.530537 0.280872 -0.102102 
 -0.547090 0.283537 -0.104925 
 0.363049 0.147080 0.201508 
 0.346218 0.149789 0.198638 
 0.329387 0.152499 0.195768 
 0.312556 0.155208 0.192898 
 0.295491 0.153766 0.167002 
 0.278703 0.156469 0.164139 
 0.261915 0.159172 0.161277 
 0.245127 0.161874 0.158414 
 0.228275 0.160398 0.132555 
 0.211530 0.163094 0.129700 
 0.194784 0.165790 0.126845 
 0.178103 0.164286 0.101015 
 0.161507 0.162768 0.075199 
 0.144922 0.163343 0.060878 
 0.128476 0.161802 0.035088 
 0.111880 0.164474 0.032258 
 0.095285 0.167145 0.029428 
 0.078689 0.169817 0.026599 
 0.062093 0.172489 0.023769 
 0.045497 0.175160 0.020939 
 0.028453 0.182094 0.041019 
 0.011814 0.184772 0.038182 
 -0.004824 0.187451 0.035345 
 -0.021462 0.190130 0.032508 
 -0.038101 0.192808 0.029671 
 -0.054077 0.191191 0.003961 
 -0.070673 0.193863 0.001131 
 -0.087269 0.196534 -0.001699 
 -0.103074 0.194889 -0.027379 
 -0.120460 0.201878 -0.007358 
 -0.137056 0.204549 -0.010188 
 -0.152733 0.202884 -0.035847 
 -0.170248 0.209893 -0.015847 
 -0.186843 0.212565 -0.018677 
 -0.203439 0.215236 -0.021507 
 -0.220035 0.217908 -0.024337 
 -0.235499 0.216208 -0.049959 
 -0.252052 0.218873 -0.052781 
 -0.268605 0.221538 -0.055604 
 -0.285158 0.224203 -0.058426 
 -0.300408 0.222469 -0.084012 
 -0.316918 0.225127 -0.086827 
 -0.333429 0.227785 -0.089643 
 -0.349939 0.230442 -0.092458 
 -0.366449 0.233100 -0.095273 
 -0.382960 0.235758 -0.098088 
 -0.399470 0.238416 -0.100903 
 -0.415179 0.238851 -0.115075 
 -0.431668 0.241505 -0.117887 
 -0.448157 0.244160 -0.120699 
 -0.464646 0.246814 -0.123510 
 -0.479362 0.244994 -0.149005 
 -0.495809 0.247642 -0.151809 
 -0.512255 0.250289 -0.154613 
 -0.530602 0.257432 -0.134756 
 -0.548063 0.262338 -0.126240 
 -0.564573 0.264996 -0.129055 
 -0.581084 0.267654 -0.131870 
 0.360083 0.130103 0.202869 
 0.343253 0.132813 0.199999 
 0.326422 0.135522 0.197130 
 0.309321 0.134130 0.171223 
 0.292533 0.136833 0.168360 
 0.275745 0.139536 0.165498 
 0.258957 0.142238 0.162635 
 0.242070 0.140812 0.136765 
 0.225325 0.143508 0.133910 
 0.208566 0.142061 0.108062 
 0.191863 0.144750 0.105214 
 0.175161 0.147439 0.102366 
 0.158572 0.145964 0.076547 
 0.141912 0.148646 0.073706 
 0.125353 0.149239 0.059387 
 0.108714 0.151918 0.056550 
 0.092076 0.154597 0.053713 
 0.075765 0.153077 0.027941 
 0.059169 0.155749 0.025112 
 0.042574 0.158421 0.022282 
 0.025978 0.161093 0.019452 
 0.009382 0.163764 0.016622 
 -0.007214 0.166436 0.013793 
 -0.023810 0.169108 0.010963 
 -0.040405 0.171780 0.008133 
 -0.056331 0.170198 -0.017573 
 -0.073597 0.177123 0.002474 
 -0.089438 0.175528 -0.023218 
 -0.105991 0.178193 -0.026040 
 -0.122544 0.180858 -0.028863 
 -0.139980 0.187810 -0.008845 
 -0.155650 0.186187 -0.034508 
 -0.173171 0.193153 -0.014505 
 -0.189767 0.195825 -0.017335 
 -0.206363 0.198497 -0.020164 
 -0.222959 0.201169 -0.022994 
 -0.239555 0.203840 -0.025824 
 -0.254968 0.202177 -0.051442 
 -0.270296 0.200499 -0.077046 
 -0.286806 0.203157 -0.079861 
 -0.303317 0.205815 -0.082677 
 -0.319827 0.208473 -0.085492 
 -0.337733 0.215501 -0.065555 
 -0.354286 0.218166 -0.068377 
 -0.370839 0.220830 -0.071199 
 -0.387392 0.223495 -0.074022 
 -0.402379 0.221763 -0.099568 
 -0.418084 0.222219 -0.113741 
 -0.434573 0.224873 -0.116553 
 -0.451062 0.227528 -0.119365 
 -0.467551 0.230182 -0.122176 
 -0.482260 0.228405 -0.147674 
 -0.498706 0.231053 -0.150479 
 -0.515152 0.233701 -0.153283 
 -0.533507 0.240800 -0.133422 
 -0.550972 0.245685 -0.124904 
 -0.566485 0.246110 -0.139045 
 -0.582974 0.248764 -0.141857 
 -0.599463 0.251419 -0.144668 
 -0.615952 0.254073 -0.147480 
 -0.632441 0.256728 -0.150291 
 0.357118 0.113127 0.204231 
 0.339940 0.111791 0.178306 
 0.323152 0.114494 0.175443 
 0.306364 0.117197 0.172581 
 0.289356 0.115834 0.146686 
 0.272610 0.118530 0.143831 
 0.255865 0.121226 0.140975 
 0.239028 0.119836 0.115109 
 0.222325 0.122525 0.112261 
 0.205617 0.121114 0.086417 
 0.188920 0.127902 0.106566 
 0.172218 0.130591 0.103718 
 0.155637 0.129160 0.077895 
 0.139060 0.129778 0.063571 
 0.122421 0.132457 0.060734 
 0.105783 0.135135 0.057896 
 0.089144 0.137814 0.055059 
 0.072841 0.136338 0.029284 
 0.057002 0.130686 -0.019407 
 0.040071 0.137513 0.000701 
 0.023518 0.140178 -0.002121 
 0.006458 0.147025 0.017965 
 -0.009588 0.145507 -0.007766 
 -0.026142 0.148172 -0.010589 
 -0.042695 0.150837 -0.013411 
 -0.059248 0.153502 -0.016234 
 -0.075801 0.156167 -0.019056 
 -0.092354 0.158832 -0.021878 
 -0.108101 0.157266 -0.047559 
 -0.124612 0.159924 -0.050374 
 -0.142013 0.166826 -0.030346 
 -0.157633 0.165240 -0.056004 
 -0.175119 0.172156 -0.035991 
 -0.191672 0.174821 -0.038813 
 -0.209287 0.181757 -0.018822 
 -0.225883 0.184429 -0.021651 
 -0.242478 0.187101 -0.024481 
 -0.257884 0.185480 -0.050103 
 -0.274437 0.188145 -0.052925 
 -0.289715 0.186504 -0.078526 
 -0.307544 0.193475 -0.058570 
 -0.324097 0.196139 -0.061393 
 -0.340650 0.198804 -0.064215 
 -0.357203 0.201469 -0.067038 
 -0.373756 0.204134 -0.069860 
 -0.390309 0.206799 -0.072683 
 -0.406862 0.209464 -0.075505 
 -0.421798 0.207767 -0.101047 
 -0.437478 0.208241 -0.115219 
 -0.453967 0.210896 -0.118030 
 -0.470456 0.213551 -0.120842 
 -0.485157 0.211817 -0.146344 
 -0.501604 0.214464 -0.149148 
 -0.518050 0.217112 -0.151952 
 -0.536412 0.224169 -0.132088 
 -0.552901 0.226823 -0.134900 
 -0.569390 0.229478 -0.137711 
 -0.585879 0.232132 -0.140523 
 -0.602368 0.234787 -0.143334 
 -0.618857 0.237441 -0.146146 
 -0.635346 0.240096 -0.148957 
 -0.651835 0.242750 -0.151769 
 0.353770 0.092155 0.182527 
 0.336641 0.090856 0.156606 
 0.319598 0.089544 0.130700 
 0.302641 0.088217 0.104809 
 0.285981 0.090899 0.101968 
 0.269236 0.091567 0.087613 
 0.252598 0.094245 0.084776 
 0.235959 0.096924 0.081939 
 0.219280 0.095553 0.056094 
 0.202684 0.098224 0.053265 
 0.186088 0.100896 0.050435 
 0.169405 0.107638 0.070591 
 0.152767 0.110317 0.067754 
 0.136731 0.098701 -0.015481 
 0.120242 0.101355 -0.018293 
 0.103753 0.104010 -0.021104 
 0.087264 0.106664 -0.023916 
 0.070775 0.109319 -0.026727 
 0.054286 0.111974 -0.029539 
 0.037583 0.116691 -0.020886 
 0.021072 0.119349 -0.023702 
 0.004562 0.122007 -0.026517 
 -0.011670 0.122592 -0.040785 
 -0.028159 0.125246 -0.043597 
 -0.044648 0.127901 -0.046408 
 -0.061137 0.130555 -0.049220 
 -0.077626 0.133210 -0.052031 
 -0.094115 0.135864 -0.054843 
 -0.110604 0.138519 -0.057654 
 -0.127093 0.141173 -0.060466 
 -0.143582 0.143828 -0.063277 
 -0.160071 0.146483 -0.066089 
 -0.176560 0.149137 -0.068900 
 -0.193049 0.151792 -0.071712 
 -0.212211 0.165018 -0.017479 
 -0.228806 0.167689 -0.020309 
 -0.245402 0.170361 -0.023138 
 -0.260801 0.168784 -0.048764 
 -0.278594 0.175704 -0.028798 
 -0.293907 0.174113 -0.054409 
 -0.310460 0.176778 -0.057231 
 -0.327013 0.179443 -0.060054 
 -0.343566 0.182108 -0.062876 
 -0.360119 0.184773 -0.065699 
 -0.376672 0.187437 -0.068521 
 -0.393225 0.190102 -0.071343 
 -0.409778 0.192767 -0.074166 
 -0.423894 0.188955 -0.111073 
 -0.440383 0.191610 -0.113885 
 -0.456872 0.194264 -0.116696 
 -0.473361 0.196919 -0.119508 
 -0.488055 0.195228 -0.145013 
 -0.506339 0.202228 -0.125131 
 -0.522828 0.204882 -0.127943 
 -0.539317 0.207537 -0.130754 
 -0.555806 0.210191 -0.133566 
 -0.572295 0.212846 -0.136377 
 -0.588784 0.215500 -0.139189 
 -0.605273 0.218155 -0.142000 
 -0.621762 0.220809 -0.144812 
 -0.638251 0.223464 -0.147623 
 -0.654740 0.226118 -0.150435 
 0.367182 0.068574 0.163672 
 0.350436 0.071270 0.160816 
 0.333025 0.066049 0.111838 
 0.316220 0.066748 0.097470 
 0.299582 0.069427 0.094633 
 0.282739 0.068126 0.068756 
 0.265981 0.066812 0.042894 
 0.249428 0.069477 0.040072 
 0.232875 0.072142 0.037249 
 0.216322 0.074806 0.034427 
 0.199769 0.077471 0.031604 
 0.183267 0.076116 0.005786 
 0.166898 0.072733 -0.031513 
 0.150452 0.075380 -0.034317 
 0.134006 0.078028 -0.037121 
 0.117559 0.080676 -0.039925 
 0.101113 0.083323 -0.042730 
 0.084667 0.085971 -0.045534 
 0.068221 0.088619 -0.048338 
 0.051774 0.091266 -0.051142 
 0.035328 0.093914 -0.053947 
 0.019361 0.092472 -0.079675 
 0.002957 0.095113 -0.082471 
 -0.013447 0.097754 -0.085268 
 -0.029850 0.100395 -0.088065 
 -0.045929 0.100977 -0.102309 
 -0.062311 0.103614 -0.105103 
 -0.078693 0.106252 -0.107896 
 -0.095464 0.110958 -0.099253 
 -0.111868 0.113599 -0.102050 
 -0.129135 0.120391 -0.081989 
 -0.145581 0.123038 -0.084793 
 -0.162027 0.125686 -0.087598 
 -0.178473 0.128334 -0.090402 
 -0.194920 0.130981 -0.093206 
 -0.281518 0.158965 -0.027455 
 -0.296823 0.157417 -0.053070 
 -0.313376 0.160082 -0.055892 
 -0.329929 0.162747 -0.058714 
 -0.346482 0.165411 -0.061537 
 -0.363035 0.168076 -0.064359 
 -0.379588 0.170741 -0.067182 
 -0.396141 0.173406 -0.070004 
 -0.412694 0.176071 -0.072827 
 -0.427615 0.174461 -0.098376 
 -0.443288 0.174978 -0.112551 
 -0.459777 0.177632 -0.115362 
 -0.476266 0.180287 -0.118174 
 -0.490952 0.178639 -0.143683 
 -0.509244 0.185596 -0.123797 
 -0.525733 0.188250 -0.126609 
 -0.542222 0.190905 -0.129420 
 -0.558711 0.193559 -0.132232 
 -0.575200 0.196214 -0.135043 
 -0.591689 0.198868 -0.137855 
 -0.608178 0.201523 -0.140666 
 -0.622522 0.199820 -0.166117 
 -0.636781 0.198103 -0.191553 
 -0.653185 0.200744 -0.194350 
 0.362794 0.038028 0.084247 
 0.346198 0.040700 0.081417 
 0.329277 0.039456 0.055523 
 0.312724 0.042121 0.052701 
 0.296171 0.044786 0.049878 
 0.279420 0.043514 0.024013 
 0.262910 0.046172 0.021197 
 0.246400 0.048830 0.018382 
 0.229889 0.051488 0.015567 
 0.213366 0.052164 0.001244 
 0.196893 0.050849 -0.024574 
 0.180447 0.053496 -0.027378 
 0.164001 0.056144 -0.030182 
 0.147554 0.058792 -0.032986 
 0.131108 0.061439 -0.035791 
 0.114662 0.064087 -0.038595 
 0.098216 0.066735 -0.041399 
 0.081769 0.069382 -0.044203 
 0.065323 0.072030 -0.047008 
 0.048877 0.074677 -0.049812 
 0.032431 0.077325 -0.052616 
 0.016714 0.073904 -0.089811 
 0.000332 0.076541 -0.092604 
 -0.016051 0.079178 -0.095397 
 -0.032433 0.081816 -0.098191 
 -0.048815 0.084453 -0.100984 
 -0.065197 0.087090 -0.103777 
 -0.081579 0.089728 -0.106571 
 -0.098354 0.094412 -0.097926 
 -0.114758 0.097053 -0.100723 
 -0.131161 0.099694 -0.103520 
 -0.147565 0.102334 -0.106317 
 -0.163968 0.104975 -0.109114 
 -0.180372 0.107616 -0.111911 
 -0.196775 0.110257 -0.114708 
 -0.213179 0.112898 -0.117505 
 -0.316292 0.143385 -0.054553 
 -0.332845 0.146050 -0.057375 
 -0.349398 0.148715 -0.060198 
 -0.365952 0.151380 -0.063020 
 -0.382505 0.154045 -0.065843 
 -0.399058 0.156709 -0.068665 
 -0.417208 0.163599 -0.048751 
 -0.429704 0.155691 -0.108405 
 -0.446193 0.158346 -0.111217 
 -0.460957 0.156755 -0.136744 
 -0.477403 0.159403 -0.139548 
 -0.493850 0.162050 -0.142352 
 -0.512149 0.168964 -0.122463 
 -0.528638 0.171618 -0.125275 
 -0.545127 0.174273 -0.128086 
 -0.561616 0.176928 -0.130898 
 -0.578105 0.179582 -0.133709 
 -0.594594 0.182237 -0.136521 
 -0.611083 0.184891 -0.139332 
 -0.625420 0.183231 -0.164786 
 -0.639671 0.181558 -0.190226 
 -0.656075 0.184199 -0.193023 
 0.376020 0.014765 0.065330 
 0.359063 0.013571 0.039424 
 0.342553 0.016229 0.036609 
 0.326043 0.018887 0.033794 
 0.309532 0.021545 0.030979 
 0.292906 0.022260 0.016636 
 0.276417 0.024914 0.013824 
 0.259928 0.027569 0.011013 
 0.243439 0.030224 0.008201 
 0.226950 0.032878 0.005390 
 0.210442 0.031612 -0.020439 
 0.194020 0.030332 -0.046254 
 0.177616 0.032973 -0.049051 
 0.161213 0.035614 -0.051848 
 0.144809 0.038255 -0.054645 
 0.128406 0.040896 -0.057442 
 0.112002 0.043536 -0.060239 
 0.095598 0.046177 -0.063036 
 0.078872 0.052793 -0.042873 
 0.062426 0.055441 -0.045677 
 0.046388 0.054099 -0.071426 
 0.029984 0.056740 -0.074223 
 0.013828 0.057379 -0.088485 
 -0.002555 0.060017 -0.091279 
 -0.018937 0.062654 -0.094072 
 -0.035319 0.065291 -0.096865 
 -0.051701 0.067929 -0.099659 
 -0.068083 0.070566 -0.102452 
 -0.084466 0.073204 -0.105245 
 -0.101244 0.077866 -0.096599 
 -0.117648 0.080507 -0.099396 
 -0.134930 0.087213 -0.079328 
 -0.150455 0.085789 -0.104990 
 -0.166858 0.088430 -0.107787 
 -0.183262 0.091070 -0.110584 
 -0.199665 0.093711 -0.113381 
 -0.216069 0.096352 -0.116178 
 -0.319209 0.126689 -0.053214 
 -0.335762 0.129354 -0.056036 
 -0.352315 0.132018 -0.058858 
 -0.368868 0.134683 -0.061681 
 -0.385421 0.137348 -0.064503 
 -0.401974 0.140013 -0.067326 
 -0.421736 0.151041 -0.024667 
 -0.436727 0.149531 -0.050238 
 -0.496747 0.145461 -0.141021 
 -0.515054 0.152332 -0.121129 
 -0.531543 0.154987 -0.123941 
 -0.548032 0.157641 -0.126752 
 -0.565516 0.162418 -0.118225 
 -0.582026 0.165076 -0.121041 
 -0.598536 0.167734 -0.123856 
 -0.613988 0.168259 -0.137998 
 -0.631557 0.173049 -0.129486 
 -0.648067 0.175707 -0.132301 
 0.389175 -0.008398 0.046390 
 0.372665 -0.005740 0.043575 
 0.355957 -0.004990 0.029216 
 0.339468 -0.002336 0.026405 
 0.322979 0.000319 0.023593 
 0.306490 0.002974 0.020782 
 0.290001 0.005628 0.017970 
 0.273330 0.004433 -0.007891 
 0.256883 0.007080 -0.010696 
 0.240437 0.009728 -0.013500 
 0.223937 0.008505 -0.039333 
 0.207533 0.011146 -0.042130 
 0.191145 0.011845 -0.056433 
 0.174763 0.014482 -0.059227 
 0.158381 0.017119 -0.062020 
 0.141999 0.019757 -0.064813 
 0.125516 0.024350 -0.056114 
 0.109112 0.026991 -0.058911 
 0.092708 0.029631 -0.061708 
 0.076305 0.032272 -0.064505 
 0.059901 0.034913 -0.067302 
 0.043498 0.037554 -0.070099 
 0.027094 0.040194 -0.072896 
 0.010941 0.040855 -0.087160 
 -0.005441 0.043493 -0.089953 
 -0.021823 0.046130 -0.092747 
 -0.038205 0.048767 -0.095540 
 -0.054587 0.051405 -0.098333 
 -0.070970 0.054042 -0.101126 
 -0.087352 0.056679 -0.103920 
 -0.103734 0.059317 -0.106713 
 -0.120538 0.063961 -0.098069 
 -0.137827 0.070624 -0.077997 
 -0.153345 0.069243 -0.103663 
 -0.169748 0.071884 -0.106460 
 -0.186152 0.074525 -0.109257 
 -0.202555 0.077165 -0.112054 
 -0.218959 0.079806 -0.114851 
 -0.424667 0.134259 -0.023321 
 -0.584935 0.148422 -0.119705 
 -0.601445 0.151080 -0.122520 
 -0.617955 0.153738 -0.125335 
 -0.633382 0.154282 -0.139476 
 -0.649871 0.156936 -0.142287 
 0.402519 -0.029586 0.038985 
 0.386266 -0.025052 0.047726 
 0.369756 -0.022394 0.044911 
 0.353052 -0.021622 0.030550 
 0.336563 -0.018967 0.027739 
 0.320074 -0.016313 0.024927 
 0.303325 -0.017451 -0.000952 
 0.286878 -0.014804 -0.003757 
 0.270432 -0.012156 -0.006561 
 0.253854 -0.013322 -0.032412 
 0.237450 -0.010681 -0.035209 
 0.221024 -0.009954 -0.049521 
 0.204641 -0.007317 -0.052315 
 0.188298 -0.008521 -0.078125 
 0.171959 -0.005890 -0.080911 
 0.155619 -0.003260 -0.083697 
 0.139280 -0.000629 -0.086483 
 0.122940 0.002001 -0.089269 
 0.106348 0.008507 -0.069075 
 0.089966 0.011144 -0.071868 
 0.073415 0.015726 -0.063178 
 0.057011 0.018367 -0.065975 
 0.040608 0.021008 -0.068772 
 0.024204 0.023649 -0.071569 
 0.008055 0.024331 -0.085835 
 -0.008327 0.026968 -0.088628 
 -0.024115 0.025675 -0.114343 
 -0.041091 0.032243 -0.094214 
 -0.056794 0.030936 -0.119915 
 -0.073133 0.033567 -0.122701 
 -0.090238 0.040155 -0.102594 
 -0.106620 0.042792 -0.105388 
 -0.123428 0.047416 -0.096742 
 -0.140724 0.054035 -0.076667 
 -0.157171 0.056683 -0.079471 
 -0.173617 0.059331 -0.082275 
 -0.190063 0.061978 -0.085080 
 -0.205445 0.060620 -0.110727 
 -0.221849 0.063260 -0.113524 
 -0.238252 0.065901 -0.116321 
 -0.589890 0.135933 -0.095694 
 -0.608533 0.142769 -0.075850 
 -0.625128 0.145441 -0.078679 
 -0.641724 0.148113 -0.081509 
 0.399614 -0.046217 0.040319 
 0.383125 -0.043563 0.037507 
 0.366636 -0.040908 0.034696 
 0.350147 -0.038254 0.031884 
 0.333658 -0.035599 0.029073 
 0.316873 -0.036688 0.003183 
 0.300427 -0.034040 0.000378 
 0.283771 -0.035149 -0.025491 
 0.267368 -0.032509 -0.028288 
 0.250902 -0.031753 -0.042609 
 0.234520 -0.029116 -0.045403 
 0.218098 -0.030263 -0.071231 
 0.201759 -0.027632 -0.074017 
 0.185420 -0.025002 -0.076803 
 0.169080 -0.022371 -0.079589 
 0.152741 -0.019741 -0.082375 
 0.136401 -0.017110 -0.085161 
 0.120062 -0.014480 -0.087947 
 0.103722 -0.011850 -0.090733 
 0.087383 -0.009219 -0.093519 
 0.070698 -0.002742 -0.073336 
 0.054316 -0.000105 -0.076129 
 0.037933 0.002532 -0.078922 
 0.021551 0.005170 -0.081716 
 0.005685 0.003933 -0.107449 
 -0.010654 0.006564 -0.110235 
 -0.026994 0.009194 -0.113021 
 -0.043333 0.011825 -0.115807 
 -0.059673 0.014455 -0.118593 
 -0.076012 0.017086 -0.121379 
 -0.092351 0.019716 -0.124166 
 -0.108691 0.022347 -0.126952 
 -0.125888 0.028906 -0.106856 
 -0.142721 0.033511 -0.098212 
 -0.159125 0.036152 -0.101009 
 -0.175528 0.038792 -0.103806 
 -0.192961 0.045390 -0.083749 
 -0.209407 0.048037 -0.086553 
 -0.224182 0.044730 -0.123616 
 -0.240564 0.047367 -0.126409 
 0.396709 -0.062849 0.041653 
 0.380220 -0.060195 0.038841 
 0.363731 -0.057540 0.036030 
 0.346869 -0.058572 0.010122 
 0.330422 -0.055924 0.007317 
 0.313976 -0.053277 0.004513 
 0.297285 -0.054336 -0.021367 
 0.280780 -0.053552 -0.035697 
 0.264398 -0.050915 -0.038491 
 0.247899 -0.052005 -0.064337 
 0.231559 -0.049374 -0.067123 
 0.215188 -0.050485 -0.092948 
 0.198892 -0.047862 -0.095727 
 0.182595 -0.045238 -0.098506 
 0.166298 -0.042614 -0.101284 
 0.149862 -0.036222 -0.081053 
 0.133705 -0.037367 -0.106842 
 0.117183 -0.030961 -0.086625 
 0.101111 -0.032120 -0.112399 
 0.084814 -0.029496 -0.115178 
 0.068165 -0.023070 -0.094983 
 0.051825 -0.020439 -0.097769 
 0.035486 -0.017809 -0.100555 
 0.019146 -0.015178 -0.103341 
 0.003331 -0.016379 -0.129072 
 -0.012966 -0.013755 -0.131851 
 -0.029263 -0.011131 -0.134629 
 -0.045560 -0.008508 -0.137408 
 -0.061856 -0.005884 -0.140187 
 -0.078153 -0.003261 -0.142966 
 -0.094450 -0.000637 -0.145744 
 -0.110747 0.001987 -0.148523 
 -0.127909 0.008496 -0.128416 
 -0.146519 0.020858 -0.074006 
 -0.162966 0.023505 -0.076810 
 -0.179412 0.026153 -0.079614 
 -0.195858 0.028801 -0.082419 
 -0.211225 0.027528 -0.108072 
 -0.227068 0.028206 -0.122290 
 -0.242285 0.026909 -0.147918 
 -0.258625 0.029540 -0.150704 
 -0.274964 0.032170 -0.153490 
 0.376864 -0.080456 0.017061 
 0.360009 -0.081445 -0.008852 
 0.343605 -0.078804 -0.011649 
 0.327040 -0.077988 -0.025992 
 0.310378 -0.079008 -0.051871 
 0.293563 -0.083705 -0.100814 
 0.277212 -0.082923 -0.115121 
 0.260979 -0.080310 -0.117889 
 0.244747 -0.077697 -0.120657 
 0.228614 -0.069547 -0.088851 
 0.212293 -0.070621 -0.114671 
 0.196039 -0.068005 -0.117443 
 0.179816 -0.067244 -0.131728 
 0.163531 -0.062771 -0.122986 
 0.147277 -0.060155 -0.125757 
 0.130833 -0.053805 -0.105523 
 0.114769 -0.054921 -0.131300 
 0.098515 -0.052304 -0.134072 
 0.082261 -0.049688 -0.136843 
 0.066007 -0.047071 -0.139615 
 0.049753 -0.044454 -0.142386 
 0.033499 -0.041838 -0.145157 
 0.017245 -0.039221 -0.147929 
 0.000991 -0.036604 -0.150700 
 -0.015263 -0.033987 -0.153472 
 -0.031517 -0.031371 -0.156243 
 -0.047771 -0.028754 -0.159015 
 -0.064025 -0.026137 -0.161786 
 -0.080279 -0.023521 -0.164558 
 -0.096533 -0.020904 -0.167329 
 -0.112787 -0.018287 -0.170101 
 -0.131661 -0.004143 -0.104205 
 -0.149417 0.004269 -0.072675 
 -0.165863 0.006917 -0.075479 
 -0.183311 0.013428 -0.055417 
 -0.199800 0.016082 -0.058228 
 -0.215202 0.014860 -0.083892 
 -0.231648 0.017507 -0.086696 
 -0.248094 0.020155 -0.089501 
 -0.264541 0.022803 -0.092305 
 -0.277843 0.015689 -0.152168 
 0.373966 -0.097045 0.018391 
 0.357119 -0.097990 -0.007524 
 0.339283 -0.109750 -0.102736 
 0.323050 -0.107137 -0.105504 
 0.306545 -0.108137 -0.131362 
 0.290355 -0.105531 -0.134122 
 0.274165 -0.102924 -0.136883 
 0.257975 -0.100318 -0.139643 
 0.241785 -0.097712 -0.142404 
 0.225595 -0.095105 -0.145164 
 0.209405 -0.092499 -0.147925 
 0.193215 -0.089893 -0.150685 
 0.177094 -0.090955 -0.176477 
 0.160947 -0.088355 -0.179230 
 0.144800 -0.085756 -0.181983 
 0.128652 -0.083156 -0.184737 
 0.112265 -0.076861 -0.164488 
 0.096075 -0.074254 -0.167249 
 0.079885 -0.071648 -0.170009 
 0.063695 -0.069041 -0.172770 
 0.047505 -0.066435 -0.175530 
 0.031316 -0.063829 -0.178291 
 0.015126 -0.061222 -0.181051 
 -0.001064 -0.058616 -0.183812 
 -0.017254 -0.056009 -0.186573 
 -0.033444 -0.053403 -0.189333 
 -0.049634 -0.050797 -0.192094 
 -0.066534 -0.044418 -0.171932 
 -0.082767 -0.041805 -0.174700 
 -0.098999 -0.039192 -0.177468 
 -0.115651 -0.034682 -0.168786 
 -0.134547 -0.020667 -0.102880 
 -0.152314 -0.012320 -0.071345 
 -0.169727 -0.005859 -0.051271 
 -0.186720 -0.001294 -0.042647 
 -0.203230 0.001364 -0.045462 
 -0.219194 0.002105 -0.059706 
 -0.235683 0.004759 -0.062517 
 -0.252172 0.007414 -0.065329 
 -0.267438 0.006214 -0.090974 
 0.353246 -0.123411 -0.063984 
 0.336072 -0.129680 -0.124531 
 0.319883 -0.127074 -0.127291 
 0.303693 -0.124468 -0.130052 
 0.287502 -0.121861 -0.132812 
 0.271313 -0.119255 -0.135573 
 0.255123 -0.116648 -0.138333 
 0.238838 -0.117640 -0.164157 
 0.222691 -0.115041 -0.166911 
 0.206544 -0.112441 -0.169664 
 0.190397 -0.109842 -0.172417 
 0.174288 -0.109055 -0.186688 
 0.158162 -0.106459 -0.189437 
 0.142036 -0.103863 -0.192187 
 0.125808 -0.099444 -0.183430 
 0.109660 -0.096844 -0.186183 
 0.093513 -0.094245 -0.188937 
 0.077366 -0.091645 -0.191690 
 0.061219 -0.089046 -0.194443 
 0.045071 -0.086446 -0.197196 
 0.028924 -0.083846 -0.199950 
 0.012777 -0.081247 -0.202703 
 -0.003370 -0.078647 -0.205456 
 -0.019518 -0.076048 -0.208210 
 -0.035665 -0.073448 -0.210963 
 -0.051812 -0.070849 -0.213716 
 -0.067959 -0.068249 -0.216469 
 -0.084106 -0.065650 -0.219223 
 -0.100254 -0.063050 -0.221976 
 -0.118092 -0.052952 -0.178922 
 -0.137433 -0.037191 -0.101554 
 -0.155212 -0.028909 -0.070014 
 -0.171658 -0.026261 -0.072818 
 -0.188104 -0.023613 -0.075623 
 -0.206139 -0.015290 -0.044126 
 -0.222650 -0.012632 -0.046941 
 -0.239160 -0.009974 -0.049757 
 -0.255670 -0.007316 -0.052572 
 0.365600 -0.151223 -0.117700 
 0.349410 -0.148617 -0.120460 
 0.333220 -0.146011 -0.123221 
 0.317030 -0.143404 -0.125981 
 0.300583 -0.144325 -0.151838 
 0.284650 -0.138191 -0.131503 
 0.268460 -0.135585 -0.134263 
 0.252141 -0.136527 -0.160098 
 0.235993 -0.133927 -0.162851 
 0.219846 -0.131328 -0.165604 
 0.203699 -0.128728 -0.168358 
 0.187572 -0.127917 -0.182633 
 0.171447 -0.125321 -0.185383 
 0.155321 -0.122725 -0.188132 
 0.139195 -0.120128 -0.190882 
 0.122963 -0.115731 -0.182124 
 0.106816 -0.113131 -0.184877 
 0.090668 -0.110532 -0.187630 
 0.074521 -0.107932 -0.190384 
 0.058565 -0.107148 -0.204630 
 0.042227 -0.102733 -0.195890 
 0.026079 -0.100134 -0.198643 
 0.009932 -0.097534 -0.201397 
 -0.006215 -0.094935 -0.204150 
 -0.022064 -0.094168 -0.218378 
 -0.038510 -0.089736 -0.209656 
 -0.054657 -0.087136 -0.212410 
 -0.070804 -0.084537 -0.215163 
 -0.086951 -0.081937 -0.217916 
 -0.103099 -0.079337 -0.220669 
 -0.119246 -0.076738 -0.223423 
 -0.135393 -0.074138 -0.226176 
 -0.151540 -0.071539 -0.228929 
 -0.177989 -0.029805 0.008609 
 -0.193562 -0.030867 -0.017098 
 -0.210115 -0.028202 -0.019920 
 -0.226668 -0.025537 -0.022743 
 -0.242069 -0.026627 -0.048421 
 -0.258579 -0.023969 -0.051236 
 0.362748 -0.167554 -0.116390 
 0.346558 -0.164947 -0.119151 
 0.330368 -0.162341 -0.121911 
 0.314178 -0.159734 -0.124672 
 0.297738 -0.160613 -0.150532 
 0.281590 -0.158013 -0.153285 
 0.265443 -0.155414 -0.156038 
 0.249296 -0.152814 -0.158791 
 0.233149 -0.150214 -0.161545 
 0.217002 -0.147615 -0.164298 
 0.200857 -0.146778 -0.178579 
 0.184731 -0.144182 -0.181329 
 0.168606 -0.141586 -0.184078 
 0.152614 -0.142537 -0.209862 
 0.136531 -0.139947 -0.212605 
 0.120228 -0.133798 -0.192327 
 0.104102 -0.131202 -0.195077 
 0.087976 -0.128606 -0.197826 
 0.071850 -0.126010 -0.200576 
 0.055724 -0.123414 -0.203326 
 0.039598 -0.120818 -0.206075 
 0.023235 -0.116421 -0.197337 
 0.007347 -0.115625 -0.211574 
 -0.008779 -0.113029 -0.214324 
 -0.024905 -0.110433 -0.217074 
 -0.041031 -0.107837 -0.219823 
 -0.057502 -0.103423 -0.211103 
 -0.073649 -0.100824 -0.213857 
 -0.089796 -0.098224 -0.216610 
 -0.105943 -0.095625 -0.219363 
 -0.122091 -0.093025 -0.222116 
 -0.138238 -0.090426 -0.224870 
 -0.164318 -0.049216 0.012782 
 -0.180913 -0.046544 0.009952 
 -0.196478 -0.047564 -0.015759 
 -0.213031 -0.044899 -0.018581 
 -0.229584 -0.042234 -0.021404 
 0.359482 -0.187298 -0.138212 
 0.343335 -0.184698 -0.140965 
 0.327187 -0.182099 -0.143719 
 0.311040 -0.179499 -0.146472 
 0.294893 -0.176900 -0.149225 
 0.278746 -0.174300 -0.151978 
 0.262598 -0.171701 -0.154732 
 0.246451 -0.169101 -0.157485 
 0.230304 -0.166502 -0.160238 
 0.214157 -0.163902 -0.162991 
 0.198016 -0.163044 -0.177274 
 0.181890 -0.160448 -0.180024 
 0.165765 -0.157852 -0.182774 
 0.149780 -0.158759 -0.208561 
 0.133697 -0.156170 -0.211303 
 0.117614 -0.153581 -0.214046 
 0.101531 -0.150992 -0.216788 
 0.085135 -0.144871 -0.196522 
 0.069009 -0.142275 -0.199271 
 0.053282 -0.143224 -0.225015 
 0.036757 -0.137083 -0.204771 
 0.020632 -0.134487 -0.207520 
 0.004506 -0.131891 -0.210270 
 -0.011620 -0.129295 -0.213019 
 -0.027746 -0.126699 -0.215769 
 -0.043872 -0.124103 -0.218519 
 -0.060346 -0.119710 -0.209797 
 -0.076494 -0.117111 -0.212550 
 -0.092641 -0.114511 -0.215303 
 -0.108375 -0.113719 -0.229517 
 -0.124501 -0.111122 -0.232267 
 -0.140627 -0.108526 -0.235016 
 -0.164858 -0.075041 -0.043124 
 -0.183837 -0.063284 0.011295 
 -0.199394 -0.064260 -0.014419 
 -0.215947 -0.061595 -0.017242 
 -0.232500 -0.058930 -0.020064 
 0.356637 -0.203585 -0.136906 
 0.340490 -0.200985 -0.139659 
 0.324343 -0.198386 -0.142412 
 0.308195 -0.195786 -0.145166 
 0.292048 -0.193187 -0.147919 
 0.275901 -0.190587 -0.150672 
 0.259754 -0.187988 -0.153425 
 0.243606 -0.185388 -0.156179 
 0.227459 -0.182789 -0.158932 
 0.211301 -0.181906 -0.173220 
 0.195175 -0.179310 -0.175970 
 0.179049 -0.176714 -0.178719 
 0.163030 -0.177571 -0.204518 
 0.146947 -0.174982 -0.207260 
 0.130960 -0.174126 -0.221519 
 0.114898 -0.171540 -0.224258 
 0.098698 -0.167214 -0.215487 
 0.082614 -0.164625 -0.218229 
 0.066531 -0.162036 -0.220972 
 0.050448 -0.159447 -0.223714 
 0.034365 -0.156857 -0.226456 
 0.017791 -0.150753 -0.206215 
 0.001665 -0.148157 -0.208965 
 -0.013885 -0.149090 -0.234683 
 -0.029968 -0.146501 -0.237426 
 -0.046051 -0.143911 -0.240168 
 -0.062839 -0.137772 -0.219964 
 -0.078965 -0.135176 -0.222713 
 -0.095091 -0.132580 -0.225463 
 -0.111217 -0.129984 -0.228212 
 -0.127342 -0.127388 -0.230962 
 -0.143468 -0.124792 -0.233712 
 -0.167763 -0.091673 -0.041790 
 -0.184252 -0.089018 -0.044601 
 -0.200741 -0.086364 -0.047413 
 0.353792 -0.219872 -0.135599 
 0.337645 -0.217273 -0.138353 
 0.321498 -0.214673 -0.141106 
 0.305351 -0.212074 -0.143859 
 0.289203 -0.209474 -0.146612 
 0.273056 -0.206875 -0.149366 
 0.256909 -0.204275 -0.152119 
 0.240762 -0.201676 -0.154872 
 0.224614 -0.199076 -0.157625 
 0.208460 -0.198171 -0.171915 
 0.192334 -0.195575 -0.174665 
 0.176208 -0.192979 -0.177415 
 0.160082 -0.190383 -0.180164 
 0.144113 -0.191204 -0.205959 
 0.128030 -0.188615 -0.208701 
 0.111947 -0.186026 -0.211443 
 0.095579 -0.179999 -0.191163 
 0.079453 -0.177403 -0.193912 
 0.063327 -0.174807 -0.196662 
 0.047615 -0.175669 -0.222413 
 0.031531 -0.173080 -0.225155 
 0.014950 -0.167018 -0.204911 
 -0.001176 -0.164422 -0.207660 
 -0.017302 -0.161826 -0.210410 
 -0.033428 -0.159230 -0.213160 
 -0.049554 -0.156634 -0.215909 
 -0.065680 -0.154038 -0.218659 
 -0.081806 -0.151442 -0.221409 
 -0.097932 -0.148846 -0.224158 
 -0.114058 -0.146250 -0.226908 
 -0.130183 -0.143654 -0.229657 
 -0.146309 -0.141058 -0.232407 
 -0.170668 -0.108305 -0.040456 
 -0.187157 -0.105650 -0.043267 
 -0.203646 -0.102996 -0.046079 
 0.350947 -0.236159 -0.134293 
 0.334800 -0.233560 -0.137046 
 0.318958 -0.227662 -0.116672 
 0.302769 -0.225055 -0.119432 
 0.286359 -0.225761 -0.145306 
 0.270211 -0.223162 -0.148059 
 0.254064 -0.220562 -0.150813 
 0.237917 -0.217963 -0.153566 
 0.221769 -0.215363 -0.156319 
 0.205619 -0.214437 -0.170611 
 0.189493 -0.211841 -0.173360 
 0.173367 -0.209245 -0.176110 
 0.157241 -0.206649 -0.178860 
 0.141116 -0.204053 -0.181609 
 0.125197 -0.204838 -0.207400 
 0.109114 -0.202248 -0.210142 
 0.093031 -0.199659 -0.212885 
 0.076947 -0.197070 -0.215627 
 0.060864 -0.194481 -0.218369 
 0.044991 -0.193599 -0.232613 
 0.028698 -0.189302 -0.223854 
 0.012109 -0.183284 -0.203606 
 -0.004017 -0.180688 -0.206356 
 -0.020143 -0.178092 -0.209105 
 -0.036269 -0.175496 -0.211855 
 -0.052395 -0.172900 -0.214605 
 -0.068881 -0.168572 -0.205878 
 -0.085028 -0.165972 -0.208631 
 -0.101175 -0.163373 -0.211384 
 -0.117322 -0.160773 -0.214138 
 -0.133470 -0.158174 -0.216891 
 -0.149617 -0.155574 -0.219644 
 -0.173573 -0.124936 -0.039122 
 -0.190062 -0.122282 -0.041933 
 0.348103 -0.252446 -0.132987 
 0.332296 -0.246598 -0.112601 
 0.316106 -0.243992 -0.115362 
 0.299916 -0.241386 -0.118122 
 0.283514 -0.242048 -0.144000 
 0.267367 -0.239449 -0.146753 
 0.251219 -0.236849 -0.149506 
 0.235030 -0.235895 -0.163807 
 0.218904 -0.233299 -0.166557 
 0.202778 -0.230703 -0.169306 
 0.186652 -0.228106 -0.172056 
 0.170613 -0.228828 -0.197872 
 0.154530 -0.226239 -0.200614 
 0.138275 -0.220318 -0.180305 
 0.122363 -0.221060 -0.206099 
 0.106280 -0.218471 -0.208841 
 0.090197 -0.215882 -0.211583 
 0.073771 -0.209934 -0.191303 
 0.057645 -0.207338 -0.194053 
 0.042162 -0.209800 -0.231314 
 0.026100 -0.207215 -0.234053 
 0.009268 -0.199550 -0.202302 
 -0.006858 -0.196954 -0.205051 
 -0.023284 -0.192658 -0.196312 
 -0.039110 -0.191761 -0.210550 
 -0.055236 -0.189165 -0.213300 
 -0.071726 -0.184859 -0.204571 
 -0.087873 -0.182259 -0.207325 
 -0.104833 -0.176226 -0.187136 
 -0.121023 -0.173619 -0.189897 
 -0.137213 -0.171013 -0.192657 
 -0.159048 -0.147678 -0.057896 
 -0.175494 -0.145030 -0.060700 
 -0.192967 -0.138914 -0.040599 
 0.345258 -0.268734 -0.131680 
 0.329444 -0.262929 -0.111292 
 0.313254 -0.260322 -0.114052 
 0.297064 -0.257716 -0.116813 
 0.280669 -0.258336 -0.142693 
 0.264522 -0.255736 -0.145447 
 0.248374 -0.253137 -0.148200 
 0.232227 -0.250537 -0.150953 
 0.216063 -0.249564 -0.165252 
 0.199937 -0.246968 -0.168001 
 0.183811 -0.244372 -0.170751 
 0.167685 -0.241776 -0.173501 
 0.151559 -0.239180 -0.176250 
 0.135434 -0.236584 -0.179000 
 0.119308 -0.233988 -0.181750 
 0.103049 -0.229741 -0.172979 
 0.086902 -0.227141 -0.175732 
 0.070755 -0.224542 -0.178486 
 0.054215 -0.218620 -0.158221 
 0.038460 -0.219343 -0.183992 
 0.022313 -0.216743 -0.186745 
 0.006166 -0.214144 -0.189499 
 -0.009981 -0.211544 -0.192252 
 -0.026129 -0.208945 -0.195005 
 -0.042276 -0.206345 -0.197759 
 -0.058423 -0.203746 -0.200512 
 -0.075305 -0.197769 -0.180305 
 -0.091495 -0.195162 -0.183066 
 -0.107685 -0.192556 -0.185826 
 -0.123875 -0.189950 -0.188587 
 -0.141424 -0.182236 -0.156951 
 -0.157678 -0.179619 -0.159722 
 -0.178392 -0.161619 -0.059370 
 -0.195872 -0.155546 -0.039265 
 -0.212361 -0.152891 -0.042077 
 0.342413 -0.285021 -0.130374 
 0.326917 -0.276097 -0.086836 
 0.310401 -0.276653 -0.112742 
 0.294212 -0.274046 -0.115503 
 0.277824 -0.274623 -0.141387 
 0.261677 -0.272023 -0.144140 
 0.245530 -0.269424 -0.146893 
 0.229382 -0.266824 -0.149647 
 0.213222 -0.265830 -0.163947 
 0.197096 -0.263234 -0.166697 
 0.180970 -0.260638 -0.169446 
 0.164844 -0.258042 -0.172196 
 0.148718 -0.255446 -0.174946 
 0.132592 -0.252850 -0.177695 
 0.116352 -0.248628 -0.168920 
 0.100205 -0.246028 -0.171673 
 0.084057 -0.243429 -0.174426 
 0.067910 -0.240829 -0.177179 
 0.051362 -0.234950 -0.156911 
 0.035616 -0.235630 -0.182686 
 0.019468 -0.233030 -0.185439 
 0.003321 -0.230431 -0.188192 
 -0.013398 -0.224525 -0.167953 
 -0.029588 -0.221918 -0.170714 
 -0.045778 -0.219312 -0.173474 
 -0.061967 -0.216706 -0.176235 
 -0.078157 -0.214099 -0.178995 
 -0.095133 -0.208152 -0.158799 
 -0.111779 -0.203864 -0.150093 
 -0.128904 -0.197893 -0.129923 
 -0.145200 -0.195269 -0.132701 
 -0.165799 -0.177487 -0.032308 
 -0.182288 -0.174832 -0.035119 
 -0.198777 -0.172178 -0.037931 
 -0.215266 -0.169523 -0.040743 
 0.324057 -0.292470 -0.085522 
 0.307825 -0.289857 -0.088290 
 0.291359 -0.290376 -0.114193 
 0.274979 -0.290910 -0.140081 
 0.258832 -0.288310 -0.142834 
 0.242685 -0.285711 -0.145587 
 0.226538 -0.283111 -0.148340 
 0.210381 -0.282096 -0.162643 
 0.194255 -0.279499 -0.165392 
 0.178129 -0.276903 -0.168142 
 0.162003 -0.274307 -0.170891 
 0.145877 -0.271711 -0.173641 
 0.129654 -0.267514 -0.164860 
 0.113507 -0.264915 -0.167613 
 0.097360 -0.262315 -0.170366 
 0.080890 -0.256493 -0.150080 
 0.064700 -0.253887 -0.152841 
 0.048510 -0.251281 -0.155601 
 0.032320 -0.248674 -0.158362 
 0.016624 -0.249318 -0.184133 
 -0.000060 -0.243461 -0.163883 
 -0.016829 -0.237591 -0.143647 
 -0.033062 -0.234978 -0.146415 
 -0.049627 -0.230726 -0.137692 
 -0.065881 -0.228109 -0.140463 
 -0.082135 -0.225493 -0.143235 
 -0.099181 -0.219578 -0.123047 
 -0.116313 -0.213649 -0.102873 
 -0.132653 -0.211019 -0.105659 
 -0.150373 -0.203410 -0.074038 
 -0.168704 -0.194118 -0.030974 
 -0.185193 -0.191464 -0.033785 
 -0.201682 -0.188809 -0.036597 
 -0.218171 -0.186155 -0.039408 
 -0.266450 -0.137166 0.252594 
 -0.283495 -0.134423 0.249687 
 -0.301801 -0.128305 0.269660 
 -0.318888 -0.125554 0.266747 
 0.321663 -0.304229 -0.049481 
 0.305099 -0.304688 -0.075404 
 0.288507 -0.306707 -0.112883 
 0.272317 -0.304100 -0.115644 
 0.255987 -0.304598 -0.141527 
 0.239840 -0.301998 -0.144281 
 0.223693 -0.299398 -0.147034 
 0.207540 -0.298361 -0.161338 
 0.191414 -0.295765 -0.164088 
 0.175288 -0.293169 -0.166837 
 0.159162 -0.290573 -0.169587 
 0.143036 -0.287977 -0.172336 
 0.126810 -0.283801 -0.163554 
 0.110662 -0.281202 -0.166307 
 0.094227 -0.275430 -0.146010 
 0.078038 -0.272824 -0.148770 
 0.061848 -0.270217 -0.151531 
 0.045242 -0.264418 -0.131262 
 0.029009 -0.261804 -0.134030 
 0.013278 -0.262398 -0.159812 
 -0.003456 -0.256578 -0.139566 
 -0.021155 -0.245913 -0.084834 
 -0.036865 -0.246510 -0.110613 
 -0.053162 -0.243887 -0.113392 
 -0.069459 -0.241263 -0.116171 
 -0.085755 -0.238639 -0.118949 
 -0.102852 -0.232761 -0.098765 
 -0.119192 -0.230130 -0.101551 
 -0.135531 -0.227500 -0.104337 
 -0.152799 -0.221594 -0.084182 
 -0.170638 -0.214033 -0.052574 
 -0.188098 -0.208096 -0.032451 
 -0.204587 -0.205441 -0.035263 
 -0.221076 -0.202787 -0.038074 
 -0.252409 -0.157102 0.256879 
 -0.269453 -0.154358 0.253972 
 -0.286497 -0.151615 0.251066 
 -0.303542 -0.148871 0.248160 
 -0.320586 -0.146127 0.245254 
 0.318792 -0.320667 -0.048162 
 0.302235 -0.321083 -0.074089 
 0.285872 -0.319990 -0.088431 
 0.269465 -0.320431 -0.114334 
 0.253275 -0.317824 -0.117094 
 0.236995 -0.318285 -0.142974 
 0.220848 -0.315686 -0.145728 
 0.204699 -0.314627 -0.160033 
 0.188573 -0.312031 -0.162783 
 0.172447 -0.309435 -0.165533 
 0.156321 -0.306839 -0.168282 
 0.140112 -0.302688 -0.159494 
 0.123965 -0.300089 -0.162247 
 0.107817 -0.297489 -0.165000 
 0.091375 -0.291760 -0.144700 
 0.075185 -0.289154 -0.147460 
 0.058995 -0.286547 -0.150221 
 0.042382 -0.280791 -0.129949 
 0.026149 -0.278178 -0.132717 
 0.009917 -0.275564 -0.135485 
 -0.006316 -0.272951 -0.138252 
 -0.024034 -0.262394 -0.083512 
 -0.040373 -0.259764 -0.086298 
 -0.056713 -0.257133 -0.089085 
 -0.073052 -0.254503 -0.091871 
 -0.089392 -0.251872 -0.094657 
 -0.105731 -0.249242 -0.097443 
 -0.122921 -0.243393 -0.077270 
 -0.139303 -0.240755 -0.080063 
 -0.156153 -0.236502 -0.071384 
 -0.173535 -0.230622 -0.051243 
 -0.191003 -0.224728 -0.031117 
 -0.207492 -0.222073 -0.033929 
 -0.223981 -0.219419 -0.036740 
 -0.255411 -0.174294 0.258258 
 -0.271860 -0.173187 0.243901 
 -0.289500 -0.168807 0.252445 
 -0.306544 -0.166063 0.249539 
 -0.323589 -0.163319 0.246633 
 0.316216 -0.334115 -0.023684 
 0.299624 -0.334481 -0.049622 
 0.283012 -0.336363 -0.087118 
 0.266612 -0.336761 -0.113024 
 0.250422 -0.334154 -0.115785 
 0.234151 -0.334572 -0.141668 
 0.218003 -0.331973 -0.144421 
 0.201858 -0.330892 -0.158729 
 0.185732 -0.328296 -0.161478 
 0.169606 -0.325700 -0.164228 
 0.153480 -0.323104 -0.166977 
 0.137354 -0.320508 -0.169727 
 0.121120 -0.316376 -0.160941 
 0.104713 -0.310697 -0.140629 
 0.088523 -0.308090 -0.143390 
 0.071988 -0.302391 -0.123100 
 0.055755 -0.299778 -0.125868 
 0.039307 -0.295611 -0.117118 
 0.023053 -0.292994 -0.119889 
 0.005767 -0.284136 -0.076618 
 -0.011970 -0.273687 -0.021870 
 -0.028416 -0.271039 -0.024674 
 -0.043252 -0.276245 -0.084977 
 -0.060622 -0.268892 -0.053275 
 -0.076660 -0.267829 -0.067564 
 -0.092270 -0.268353 -0.093335 
 -0.108610 -0.265723 -0.096121 
 -0.125807 -0.259917 -0.075944 
 -0.142189 -0.257280 -0.078738 
 -0.159043 -0.253047 -0.070057 
 -0.177419 -0.244014 -0.026972 
 -0.193908 -0.241360 -0.029783 
 -0.210397 -0.238705 -0.032595 
 -0.226886 -0.236050 -0.035406 
 -0.258414 -0.191486 0.259637 
 -0.274859 -0.190358 0.245278 
 -0.291882 -0.187617 0.242376 
 -0.309547 -0.183255 0.250918 
 -0.326592 -0.180511 0.248012 
 0.329347 -0.356167 -0.042746 
 0.313050 -0.353543 -0.045525 
 0.296753 -0.350919 -0.048304 
 0.280153 -0.352737 -0.085805 
 0.263920 -0.350124 -0.088573 
 0.247570 -0.350485 -0.114475 
 0.231380 -0.347878 -0.117235 
 0.215158 -0.348260 -0.143115 
 0.199011 -0.345661 -0.145868 
 0.182864 -0.343061 -0.148621 
 0.166765 -0.341966 -0.162923 
 0.150570 -0.337862 -0.154128 
 0.134422 -0.335262 -0.156881 
 0.118050 -0.329634 -0.136559 
 0.101860 -0.327027 -0.139320 
 0.085670 -0.324421 -0.142080 
 0.069128 -0.318764 -0.121787 
 0.052895 -0.316151 -0.124554 
 0.036005 -0.308942 -0.092764 
 0.019227 -0.303248 -0.072510 
 0.001579 -0.292923 -0.017735 
 -0.015434 -0.287191 0.002478 
 -0.032227 -0.282991 0.011172 
 -0.047108 -0.288079 -0.049151 
 -0.063512 -0.285438 -0.051948 
 -0.079915 -0.282797 -0.054745 
 -0.095929 -0.281716 -0.069032 
 -0.112311 -0.279078 -0.071826 
 -0.129126 -0.274875 -0.063136 
 -0.145529 -0.272234 -0.065933 
 -0.162884 -0.266447 -0.045778 
 -0.180324 -0.260646 -0.025638 
 -0.196813 -0.257991 -0.028449 
 -0.213302 -0.255337 -0.031261 
 -0.244373 -0.211422 0.263922 
 -0.261417 -0.208678 0.261016 
 -0.277858 -0.207528 0.246655 
 -0.294881 -0.204788 0.243753 
 -0.311904 -0.202047 0.240850 
 -0.329594 -0.197703 0.249391 
 0.326476 -0.372605 -0.041428 
 0.310459 -0.367077 -0.021040 
 0.293882 -0.367357 -0.046986 
 0.277585 -0.364734 -0.049764 
 0.261060 -0.366497 -0.087259 
 0.244827 -0.363884 -0.090027 
 0.228528 -0.364209 -0.115925 
 0.212338 -0.361602 -0.118686 
 0.196166 -0.361948 -0.144562 
 0.180019 -0.359348 -0.147315 
 0.163872 -0.356749 -0.150068 
 0.147725 -0.354149 -0.152822 
 0.131577 -0.351550 -0.155575 
 0.115198 -0.345964 -0.135249 
 0.099008 -0.343357 -0.138010 
 0.082818 -0.340751 -0.140770 
 0.066268 -0.335138 -0.120473 
 0.050035 -0.332524 -0.123241 
 0.033803 -0.329911 -0.126009 
 0.016349 -0.319729 -0.071189 
 -0.001319 -0.309512 -0.016405 
 -0.018626 -0.302302 0.015322 
 -0.035136 -0.299644 0.012507 
 -0.050657 -0.301569 -0.024817 
 -0.067104 -0.298922 -0.027622 
 -0.082805 -0.299343 -0.053418 
 -0.099209 -0.296702 -0.056215 
 -0.115612 -0.294061 -0.059012 
 -0.132889 -0.288331 -0.038839 
 -0.149335 -0.285683 -0.041643 
 -0.166740 -0.279932 -0.021492 
 -0.183729 -0.275723 -0.012829 
 -0.200240 -0.273065 -0.015644 
 -0.216750 -0.270407 -0.018460 
 -0.247376 -0.228614 0.265301 
 -0.264420 -0.225870 0.262395 
 -0.280857 -0.224699 0.248033 
 -0.297880 -0.221958 0.245130 
 -0.314903 -0.219218 0.242228 
 0.340259 -0.388819 -0.014146 
 0.323920 -0.386189 -0.016932 
 0.307580 -0.383558 -0.019718 
 0.291011 -0.383795 -0.045667 
 0.274714 -0.381172 -0.048446 
 0.258273 -0.381429 -0.074372 
 0.242019 -0.378813 -0.077144 
 0.225676 -0.380539 -0.114616 
 0.209486 -0.377932 -0.117376 
 0.193296 -0.375326 -0.120137 
 0.177106 -0.372720 -0.122897 
 0.160916 -0.370113 -0.125658 
 0.144726 -0.367507 -0.128418 
 0.128536 -0.364900 -0.131179 
 0.112346 -0.362294 -0.133939 
 0.095873 -0.356737 -0.113624 
 0.079641 -0.354124 -0.116392 
 0.063408 -0.351511 -0.119160 
 0.046970 -0.347412 -0.110401 
 0.030716 -0.344796 -0.113173 
 0.012726 -0.331733 -0.035309 
 -0.004216 -0.326101 -0.015074 
 -0.020662 -0.323453 -0.017878 
 -0.037733 -0.317801 0.002334 
 -0.053555 -0.318158 -0.023487 
 -0.070001 -0.315510 -0.026291 
 -0.086448 -0.312863 -0.029095 
 -0.102894 -0.310215 -0.031900 
 -0.119340 -0.307567 -0.034704 
 -0.135786 -0.304920 -0.037508 
 -0.153156 -0.299219 -0.017347 
 -0.170128 -0.295034 -0.008678 
 -0.186638 -0.292376 -0.011494 
 -0.204200 -0.286644 0.008635 
 -0.220753 -0.283979 0.005813 
 -0.250379 -0.245806 0.266680 
 -0.267423 -0.243062 0.263773 
 -0.284467 -0.240319 0.260867 
 -0.300879 -0.239129 0.246507 
 -0.317902 -0.236388 0.243605 
 -0.334925 -0.233648 0.240702 
 0.337381 -0.405300 -0.012824 
 0.321041 -0.402670 -0.015610 
 0.304702 -0.400039 -0.018396 
 0.288362 -0.397409 -0.021182 
 0.271843 -0.397610 -0.047127 
 0.255409 -0.397824 -0.073057 
 0.239155 -0.395208 -0.075829 
 0.222823 -0.396869 -0.113306 
 0.206633 -0.394263 -0.116066 
 0.190443 -0.391656 -0.118827 
 0.174253 -0.389050 -0.121587 
 0.158063 -0.386443 -0.124348 
 0.141873 -0.383837 -0.127108 
 0.125683 -0.381231 -0.129869 
 0.109493 -0.378624 -0.132630 
 0.093013 -0.373111 -0.112311 
 0.076781 -0.370498 -0.115079 
 0.060361 -0.366424 -0.106315 
 0.044106 -0.363807 -0.109086 
 0.026931 -0.355321 -0.065759 
 0.009836 -0.348279 -0.033982 
 -0.007114 -0.342690 -0.013743 
 -0.024149 -0.337087 0.006480 
 -0.040638 -0.334432 0.003668 
 -0.057127 -0.331778 0.000857 
 -0.073616 -0.329123 -0.001955 
 -0.090105 -0.326469 -0.004767 
 -0.106594 -0.323814 -0.007578 
 -0.123083 -0.321160 -0.010390 
 -0.140016 -0.317003 -0.001712 
 -0.157457 -0.311335 0.018442 
 -0.174983 -0.305653 0.038581 
 -0.191579 -0.302982 0.035751 
 -0.208175 -0.300310 0.032922 
 -0.236337 -0.265742 0.270965 
 -0.253381 -0.262998 0.268059 
 -0.270426 -0.260254 0.265152 
 -0.287470 -0.257511 0.262246 
 -0.304514 -0.254767 0.259340 
 -0.321559 -0.252023 0.256434 
 -0.337924 -0.250818 0.242079 
 0.318163 -0.419151 -0.014288 
 0.301823 -0.416520 -0.017074 
 0.285484 -0.413890 -0.019860 
 0.268972 -0.414048 -0.045809 
 0.252675 -0.411424 -0.048588 
 0.236291 -0.411603 -0.074514 
 0.220015 -0.410390 -0.088855 
 0.203782 -0.407777 -0.091623 
 0.187591 -0.407987 -0.117517 
 0.171401 -0.405380 -0.120278 
 0.155211 -0.402774 -0.123038 
 0.139021 -0.400167 -0.125799 
 0.122831 -0.397561 -0.128559 
 0.106386 -0.392097 -0.108230 
 0.090154 -0.389484 -0.110998 
 0.073751 -0.385435 -0.102228 
 0.057114 -0.379941 -0.081933 
 0.040817 -0.377318 -0.084711 
 0.023584 -0.368911 -0.041384 
 0.006435 -0.361926 -0.009609 
 -0.010565 -0.356373 0.010625 
 -0.027054 -0.353719 0.007814 
 -0.043543 -0.351064 0.005002 
 -0.060032 -0.348410 0.002191 
 -0.076521 -0.345755 -0.000621 
 -0.093010 -0.343101 -0.003433 
 -0.109499 -0.340446 -0.006244 
 -0.128120 -0.330408 0.048413 
 -0.144715 -0.327736 0.045583 
 -0.162250 -0.322098 0.065727 
 -0.178888 -0.319419 0.062890 
 -0.195526 -0.316740 0.060053 
 -0.212698 -0.312568 0.068691 
 -0.229358 -0.309886 0.065850 
 -0.255808 -0.281691 0.257970 
 -0.273429 -0.277446 0.266531 
 -0.291710 -0.271687 0.286547 
 -0.308797 -0.268937 0.283633 
 -0.324561 -0.269215 0.257813 
 0.298944 -0.433001 -0.015752 
 0.282605 -0.430371 -0.018538 
 0.266101 -0.430486 -0.044490 
 0.249804 -0.427862 -0.047269 
 0.233507 -0.425239 -0.050048 
 0.217174 -0.425381 -0.075970 
 0.200923 -0.424150 -0.090310 
 0.184739 -0.424317 -0.116207 
 0.168549 -0.421710 -0.118968 
 0.152359 -0.419104 -0.121728 
 0.136169 -0.416498 -0.124489 
 0.119979 -0.413891 -0.127249 
 0.103526 -0.408471 -0.106917 
 0.087294 -0.405857 -0.109685 
 0.070887 -0.401830 -0.100913 
 0.054243 -0.396379 -0.080614 
 0.037513 -0.390914 -0.060329 
 0.020698 -0.385435 -0.040059 
 0.003538 -0.378515 -0.008278 
 -0.012909 -0.375867 -0.011082 
 -0.029959 -0.370351 0.009148 
 -0.046448 -0.367696 0.006336 
 -0.062937 -0.365042 0.003525 
 -0.079792 -0.360942 0.012220 
 -0.096302 -0.358284 0.009405 
 -0.113630 -0.352723 0.029588 
 -0.131904 -0.344237 0.072747 
 -0.148542 -0.341559 0.069910 
 -0.166600 -0.334494 0.101537 
 -0.182314 -0.334736 0.075720 
 -0.198973 -0.332054 0.072879 
 -0.215633 -0.329372 0.070039 
 -0.241784 -0.301602 0.262249 
 -0.258807 -0.298862 0.259347 
 -0.276431 -0.294638 0.267910 
 -0.294720 -0.288922 0.287929 
 -0.311807 -0.286172 0.285016 
 0.296066 -0.449482 -0.014430 
 0.279726 -0.446852 -0.017216 
 0.263387 -0.444221 -0.020002 
 0.247047 -0.441591 -0.022788 
 0.230636 -0.441677 -0.048729 
 0.214310 -0.441776 -0.074655 
 0.198056 -0.439159 -0.077427 
 0.181830 -0.437910 -0.091764 
 0.165597 -0.435297 -0.094532 
 0.149506 -0.435434 -0.120418 
 0.133317 -0.432828 -0.123179 
 0.116899 -0.427457 -0.102836 
 0.100667 -0.424844 -0.105603 
 0.084434 -0.422231 -0.108371 
 0.068024 -0.418225 -0.099598 
 0.050974 -0.410025 -0.056221 
 0.034634 -0.407395 -0.059007 
 0.017570 -0.400557 -0.027204 
 0.000640 -0.395104 -0.006948 
 -0.016375 -0.389637 0.013293 
 -0.032864 -0.386983 0.010482 
 -0.049353 -0.384328 0.007670 
 -0.065842 -0.381673 0.004859 
 -0.082701 -0.377596 0.013556 
 -0.099993 -0.372084 0.033749 
 -0.116546 -0.369419 0.030927 
 -0.134835 -0.361020 0.074093 
 -0.151929 -0.356905 0.082749 
 -0.169542 -0.351342 0.102889 
 -0.186245 -0.348653 0.100041 
 -0.201909 -0.348858 0.074227 
 -0.218568 -0.346176 0.071387 
 -0.242535 -0.324589 0.217725 
 -0.261806 -0.316032 0.260724 
 -0.279434 -0.311830 0.269289 
 -0.297731 -0.306158 0.289312 
 -0.314818 -0.303407 0.286398 
 0.293423 -0.463318 0.010078 
 0.276848 -0.463333 -0.015894 
 0.260508 -0.460703 -0.018680 
 0.244169 -0.458072 -0.021466 
 0.227765 -0.458115 -0.047411 
 0.211446 -0.458171 -0.073340 
 0.195192 -0.455554 -0.076112 
 0.178970 -0.454284 -0.090451 
 0.162738 -0.451671 -0.093219 
 0.146505 -0.449057 -0.095987 
 0.130272 -0.446444 -0.098755 
 0.114040 -0.443831 -0.101522 
 0.097807 -0.441217 -0.104290 
 0.081414 -0.437237 -0.095512 
 0.065160 -0.434620 -0.098283 
 0.048501 -0.429255 -0.077977 
 0.031756 -0.423876 -0.057685 
 0.014925 -0.418483 -0.037408 
 -0.002791 -0.408923 0.017439 
 -0.019568 -0.404881 0.026152 
 -0.036078 -0.402223 0.023337 
 -0.052589 -0.399565 0.020522 
 -0.069099 -0.396907 0.017707 
 -0.085609 -0.394249 0.014891 
 -0.104490 -0.383160 0.081113 
 -0.120295 -0.383299 0.055271 
 -0.139080 -0.373567 0.109936 
 -0.155782 -0.370878 0.107088 
 -0.173446 -0.365351 0.127223 
 -0.189187 -0.365500 0.101392 
 -0.206936 -0.359959 0.121513 
 -0.223681 -0.357264 0.118657 
 -0.247783 -0.335943 0.265004 
 -0.264805 -0.333203 0.262101 
 -0.282437 -0.329022 0.270668 
 -0.300741 -0.323393 0.290694 
 -0.317828 -0.320642 0.287780 
 0.307324 -0.478587 0.048994 
 0.290878 -0.475939 0.046190 
 0.273969 -0.479814 -0.014572 
 0.257843 -0.473260 0.017405 
 0.241290 -0.474553 -0.020145 
 0.224894 -0.474552 -0.046092 
 0.208597 -0.471929 -0.048871 
 0.192300 -0.469305 -0.051650 
 0.176075 -0.469332 -0.077568 
 0.159878 -0.468044 -0.091906 
 0.143645 -0.465431 -0.094673 
 0.127412 -0.462817 -0.097441 
 0.111180 -0.460204 -0.100209 
 0.094947 -0.457591 -0.102977 
 0.078551 -0.453632 -0.094197 
 0.061926 -0.448317 -0.073880 
 0.045216 -0.442988 -0.053577 
 0.028877 -0.440357 -0.056363 
 0.012039 -0.435008 -0.036083 
 -0.005155 -0.428281 -0.004286 
 -0.022185 -0.422901 0.015961 
 -0.038674 -0.420246 0.013150 
 -0.055498 -0.416218 0.021858 
 -0.072720 -0.410807 0.042073 
 -0.089273 -0.408142 0.039250 
 -0.107421 -0.399943 0.082459 
 -0.123219 -0.400038 0.056613 
 -0.142022 -0.390414 0.111287 
 -0.159650 -0.384937 0.131433 
 -0.176396 -0.382241 0.128578 
 -0.193141 -0.379546 0.125723 
 -0.217263 -0.357190 0.283672 
 -0.233759 -0.355854 0.269284 
 -0.251351 -0.351702 0.277860 
 -0.268396 -0.348958 0.274953 
 -0.286664 -0.343379 0.294990 
 -0.303751 -0.340628 0.292076 
 -0.320838 -0.337877 0.289163 
 0.304427 -0.495176 0.050325 
 0.287980 -0.492528 0.047521 
 0.271357 -0.492446 0.021529 
 0.254886 -0.491092 0.007143 
 0.238411 -0.491034 -0.018823 
 0.222072 -0.488404 -0.021609 
 0.205733 -0.485773 -0.024395 
 0.189429 -0.485743 -0.050332 
 0.173211 -0.485727 -0.076253 
 0.156957 -0.483110 -0.079025 
 0.140703 -0.480493 -0.081796 
 0.124553 -0.479191 -0.096128 
 0.108320 -0.476577 -0.098896 
 0.092087 -0.473964 -0.101664 
 0.075687 -0.470027 -0.092882 
 0.059055 -0.464755 -0.072562 
 0.042338 -0.459469 -0.052255 
 0.025998 -0.456838 -0.055041 
 0.009153 -0.451532 -0.034757 
 -0.008601 -0.442187 0.020107 
 -0.025386 -0.438188 0.028824 
 -0.041579 -0.436878 0.014484 
 -0.058406 -0.432872 0.023193 
 -0.075636 -0.427503 0.043412 
 -0.092189 -0.424839 0.040589 
 -0.111560 -0.412639 0.118334 
 -0.126991 -0.414047 0.080968 
 -0.145855 -0.404523 0.135643 
 -0.162601 -0.401828 0.132788 
 -0.180322 -0.396380 0.152922 
 -0.198638 -0.389540 0.184534 
 -0.219735 -0.375765 0.273563 
 -0.237310 -0.371638 0.282145 
 -0.254354 -0.368894 0.279239 
 -0.272588 -0.363364 0.299286 
 -0.289675 -0.360614 0.296372 
 0.301785 -0.509255 0.074860 
 0.285083 -0.509117 0.048851 
 0.268637 -0.506469 0.046047 
 0.252063 -0.506351 0.020059 
 0.235617 -0.504979 0.005675 
 0.219193 -0.504885 -0.020287 
 0.202854 -0.502254 -0.023073 
 0.186558 -0.502181 -0.049013 
 0.170261 -0.499558 -0.051792 
 0.153965 -0.496934 -0.054571 
 0.137668 -0.494310 -0.057349 
 0.121585 -0.494272 -0.083252 
 0.105074 -0.489063 -0.062907 
 0.088778 -0.486440 -0.065686 
 0.072823 -0.486422 -0.091567 
 0.056184 -0.481193 -0.071243 
 0.039887 -0.478569 -0.074022 
 0.023120 -0.473319 -0.053719 
 0.006267 -0.468056 -0.033432 
 -0.010950 -0.461459 -0.001625 
 -0.027396 -0.458811 -0.004430 
 -0.044805 -0.452183 0.027344 
 -0.061315 -0.449525 0.024529 
 -0.078552 -0.444200 0.044751 
 -0.095875 -0.438861 0.064958 
 -0.115315 -0.426805 0.142708 
 -0.132060 -0.424110 0.139853 
 -0.149703 -0.418719 0.160006 
 -0.166491 -0.416016 0.157143 
 -0.184263 -0.410605 0.177275 
 -0.205711 -0.395676 0.277843 
 -0.223268 -0.391574 0.286430 
 -0.240313 -0.388830 0.283524 
 -0.257357 -0.386086 0.280618 
 -0.275598 -0.380600 0.300668 
 -0.292685 -0.377849 0.297755 
 0.315514 -0.527312 0.090614 
 0.298880 -0.525887 0.076194 
 0.282186 -0.525705 0.050182 
 0.265739 -0.523058 0.047377 
 0.249173 -0.522897 0.021386 
 0.232731 -0.521503 0.007000 
 0.216315 -0.521366 -0.018965 
 0.199975 -0.518735 -0.021751 
 0.183687 -0.518619 -0.047695 
 0.167390 -0.515996 -0.050473 
 0.151093 -0.513372 -0.053252 
 0.134797 -0.510748 -0.056031 
 0.118500 -0.508125 -0.058810 
 0.102203 -0.505501 -0.061588 
 0.085906 -0.502878 -0.064367 
 0.069610 -0.500254 -0.067146 
 0.053313 -0.497631 -0.069925 
 0.036580 -0.492431 -0.049611 
 0.020241 -0.489800 -0.052397 
 0.003381 -0.484580 -0.032106 
 -0.014411 -0.475451 0.022775 
 -0.031203 -0.471495 0.031495 
 -0.047713 -0.468837 0.028680 
 -0.064916 -0.463561 0.048913 
 -0.082938 -0.455648 0.092172 
 -0.102297 -0.443761 0.169951 
 -0.119905 -0.438420 0.190115 
 -0.136736 -0.435710 0.187246 
 -0.154925 -0.429023 0.218893 
 -0.172768 -0.423645 0.239017 
 -0.191687 -0.415587 0.282123 
 -0.208710 -0.412846 0.279220 
 -0.226271 -0.408766 0.287809 
 -0.243315 -0.406022 0.284903 
 -0.261521 -0.400585 0.304964 
 -0.278608 -0.397835 0.302051 
 -0.295696 -0.395084 0.299137 
 -0.312783 -0.392333 0.296224 
 0.312605 -0.543965 0.091949 
 0.295975 -0.542519 0.077528 
 0.279486 -0.539864 0.074716 
 0.262842 -0.539647 0.048708 
 0.246396 -0.536999 0.045904 
 0.229845 -0.538027 0.008325 
 0.213436 -0.537847 -0.017643 
 0.197097 -0.535217 -0.020429 
 0.180757 -0.532586 -0.023215 
 0.164519 -0.532434 -0.049155 
 0.148222 -0.529810 -0.051934 
 0.131925 -0.527186 -0.054712 
 0.115629 -0.524563 -0.057491 
 0.099332 -0.521939 -0.060270 
 0.083035 -0.519316 -0.063049 
 0.066738 -0.516692 -0.065827 
 0.050442 -0.514068 -0.068606 
 0.034145 -0.511445 -0.071385 
 0.017362 -0.506281 -0.051075 
 -0.000298 -0.497284 0.003840 
 -0.017316 -0.492083 0.024109 
 -0.034112 -0.488148 0.032831 
 -0.051279 -0.482923 0.053074 
 -0.068531 -0.477684 0.073303 
 -0.085869 -0.472431 0.093518 
 -0.104470 -0.463282 0.148273 
 -0.122870 -0.455396 0.191477 
 -0.140136 -0.451386 0.200118 
 -0.158814 -0.443456 0.243275 
 -0.175752 -0.440729 0.240387 
 -0.194686 -0.432757 0.283500 
 -0.212230 -0.428702 0.292094 
 -0.229274 -0.425958 0.289188 
 -0.247445 -0.420571 0.309260 
 -0.263363 -0.420470 0.283375 
 -0.280407 -0.417726 0.280469 
 -0.297451 -0.414983 0.277563 
 -0.315793 -0.409568 0.297606 
 0.326525 -0.560911 0.119330 
 0.309696 -0.560619 0.093285 
 0.293186 -0.557961 0.090470 
 0.276581 -0.556496 0.076050 
 0.259944 -0.556235 0.050039 
 0.243498 -0.553588 0.047234 
 0.226959 -0.554551 0.009651 
 0.210557 -0.554328 -0.016321 
 0.194218 -0.551698 -0.019107 
 0.177878 -0.549067 -0.021893 
 0.161539 -0.546437 -0.024679 
 0.145351 -0.546248 -0.050615 
 0.129054 -0.543624 -0.053394 
 0.112758 -0.541001 -0.056173 
 0.096461 -0.538377 -0.058951 
 0.080164 -0.535754 -0.061730 
 0.063867 -0.533130 -0.064509 
 0.047163 -0.528023 -0.044181 
 0.030823 -0.525393 -0.046967 
 0.013990 -0.520266 -0.026662 
 -0.003196 -0.513873 0.005171 
 -0.020221 -0.508715 0.025443 
 -0.037021 -0.504801 0.034167 
 -0.054195 -0.499619 0.054413 
 -0.072162 -0.491892 0.097701 
 -0.090675 -0.482868 0.152483 
 -0.108212 -0.477627 0.172668 
 -0.125836 -0.472373 0.192839 
 -0.143983 -0.465825 0.224507 
 -0.161798 -0.460540 0.244645 
 -0.178736 -0.457813 0.241757 
 -0.197685 -0.449928 0.284877 
 -0.215232 -0.445894 0.293473 
 -0.232277 -0.443150 0.290567 
 -0.249321 -0.440406 0.287661 
 -0.266365 -0.437662 0.284754 
 -0.283410 -0.434918 0.281848 
 -0.300454 -0.432175 0.278942 
 0.323609 -0.577607 0.120669 
 0.306788 -0.577272 0.094621 
 0.290277 -0.574614 0.091806 
 0.273676 -0.573128 0.077384 
 0.257047 -0.572824 0.051369 
 0.240601 -0.570176 0.048565 
 0.224073 -0.571075 0.010976 
 0.207690 -0.568438 0.008183 
 0.191339 -0.568179 -0.017785 
 0.175000 -0.565548 -0.020571 
 0.158660 -0.562918 -0.023357 
 0.142321 -0.560287 -0.026143 
 0.125981 -0.557657 -0.028929 
 0.109642 -0.555026 -0.031715 
 0.093302 -0.552396 -0.034501 
 0.076963 -0.549765 -0.037287 
 0.060624 -0.547135 -0.040073 
 0.044284 -0.544504 -0.042859 
 0.027945 -0.541874 -0.045645 
 0.011104 -0.536790 -0.025337 
 -0.005278 -0.534152 -0.028130 
 -0.022540 -0.527814 0.003697 
 -0.039615 -0.522692 0.023965 
 -0.056440 -0.518797 0.032687 
 -0.076880 -0.502454 0.156693 
 -0.094382 -0.497264 0.176889 
 -0.111170 -0.494561 0.174026 
 -0.129222 -0.488095 0.205719 
 -0.146959 -0.482867 0.225874 
 -0.164782 -0.477624 0.246016 
 -0.181720 -0.474897 0.243128 
 -0.199671 -0.469635 0.263247 
 -0.218235 -0.463086 0.294852 
 -0.235280 -0.460342 0.291946 
 -0.252324 -0.457598 0.289040 
 -0.269368 -0.454854 0.286133 
 -0.286413 -0.452110 0.283227 
 0.303879 -0.593926 0.095957 
 0.287368 -0.591268 0.093142 
 0.270771 -0.589760 0.078718 
 0.254149 -0.589413 0.052700 
 0.237703 -0.586765 0.049895 
 0.221210 -0.586439 0.023898 
 0.204804 -0.584962 0.009508 
 0.188461 -0.584660 -0.016463 
 0.172121 -0.582029 -0.019249 
 0.155782 -0.579399 -0.022035 
 0.139442 -0.576768 -0.024821 
 0.123103 -0.574138 -0.027607 
 0.106763 -0.571507 -0.030393 
 0.090424 -0.568877 -0.033179 
 0.074084 -0.566246 -0.035965 
 0.057745 -0.563616 -0.038751 
 0.041405 -0.560986 -0.041537 
 0.025066 -0.558355 -0.044323 
 0.008218 -0.553314 -0.024012 
 -0.008440 -0.549468 -0.015260 
 -0.026031 -0.541978 0.028111 
 -0.042520 -0.539324 0.025299 
 -0.061726 -0.526917 0.114765 
 -0.079108 -0.521790 0.134986 
 -0.097340 -0.514197 0.178247 
 -0.114935 -0.509036 0.198432 
 -0.132191 -0.505093 0.207082 
 -0.149936 -0.499908 0.227241 
 -0.167766 -0.494709 0.247386 
 -0.184704 -0.491982 0.244498 
 -0.202662 -0.486762 0.264621 
 -0.220706 -0.481528 0.284729 
 -0.238282 -0.477534 0.293325 
 -0.255327 -0.474790 0.290418 
 -0.272371 -0.472046 0.287512 
 0.301223 -0.608335 0.120525 
 0.284460 -0.607921 0.094477 
 0.267866 -0.606392 0.080052 
 0.251377 -0.603737 0.077241 
 0.234888 -0.601083 0.074429 
 0.218359 -0.600706 0.048422 
 0.201916 -0.600344 0.022428 
 0.185536 -0.598849 0.008040 
 0.169242 -0.598510 -0.017927 
 0.152903 -0.595880 -0.020713 
 0.136563 -0.593249 -0.023499 
 0.120224 -0.590619 -0.026285 
 0.103885 -0.587988 -0.029071 
 0.087545 -0.585358 -0.031857 
 0.071206 -0.582727 -0.034643 
 0.054866 -0.580097 -0.037429 
 0.038527 -0.577467 -0.040216 
 0.021714 -0.572475 -0.019893 
 0.005332 -0.569838 -0.022686 
 -0.011330 -0.566014 -0.013932 
 -0.028335 -0.560992 0.006358 
 -0.045747 -0.554762 0.038174 
 -0.064318 -0.544919 0.104576 
 -0.082050 -0.538637 0.136337 
 -0.099525 -0.533539 0.156547 
 -0.117085 -0.528428 0.176742 
 -0.135160 -0.522091 0.208445 
 -0.152912 -0.516949 0.228608 
 -0.170750 -0.511793 0.248756 
 -0.187688 -0.509066 0.245868 
 -0.205654 -0.503889 0.265994 
 -0.223705 -0.498699 0.286106 
 -0.241285 -0.494726 0.294704 
 -0.258330 -0.491982 0.291797 
 -0.275374 -0.489238 0.288891 
 0.298307 -0.625032 0.121864 
 0.281551 -0.624574 0.095813 
 0.264961 -0.623024 0.081386 
 0.248472 -0.620369 0.078575 
 0.231983 -0.617715 0.075763 
 0.215462 -0.617295 0.049752 
 0.199016 -0.614647 0.046948 
 0.182623 -0.614249 0.020958 
 0.166267 -0.612736 0.006572 
 0.149885 -0.610098 0.003779 
 0.133685 -0.609730 -0.022177 
 0.117345 -0.607100 -0.024963 
 0.101006 -0.604469 -0.027749 
 0.084666 -0.601839 -0.030535 
 0.068327 -0.599209 -0.033322 
 0.051988 -0.596578 -0.036108 
 0.035648 -0.593948 -0.038894 
 0.018828 -0.589000 -0.018568 
 0.002446 -0.586362 -0.021361 
 -0.014220 -0.582559 -0.012605 
 -0.031841 -0.575242 0.030779 
 -0.048656 -0.571415 0.039510 
 -0.066555 -0.564053 0.082846 
 -0.084993 -0.555484 0.137689 
 -0.102475 -0.550430 0.157902 
 -0.120043 -0.545361 0.178101 
 -0.138129 -0.539090 0.209809 
 -0.155889 -0.533990 0.229975 
 -0.173734 -0.528877 0.250127 
 -0.191665 -0.523750 0.270263 
 -0.209682 -0.518610 0.290386 
 -0.227244 -0.514662 0.298989 
 -0.244288 -0.511918 0.296083 
 -0.261332 -0.509174 0.293176 
 -0.278377 -0.506430 0.290270 
 0.278642 -0.641228 0.097149 
 0.262132 -0.638570 0.094334 
 0.245622 -0.635912 0.091518 
 0.229111 -0.633254 0.088703 
 0.212589 -0.631692 0.074286 
 0.196118 -0.631236 0.048279 
 0.179672 -0.628589 0.045474 
 0.163226 -0.625941 0.042670 
 0.146926 -0.625513 0.016691 
 0.130522 -0.622872 0.013894 
 0.114235 -0.621348 -0.000482 
 0.097853 -0.618710 -0.003276 
 0.081788 -0.618320 -0.029214 
 0.065448 -0.615690 -0.032000 
 0.049109 -0.613059 -0.034786 
 0.032324 -0.608161 -0.014449 
 0.015942 -0.605524 -0.017242 
 -0.000706 -0.601746 -0.008481 
 -0.017683 -0.596817 0.011823 
 -0.035054 -0.590726 0.043661 
 -0.052883 -0.583465 0.087018 
 -0.070180 -0.578484 0.107268 
 -0.087936 -0.572332 0.139040 
 -0.105426 -0.567320 0.159257 
 -0.123001 -0.562295 0.179459 
 -0.141098 -0.556088 0.211172 
 -0.157950 -0.553375 0.208299 
 -0.176718 -0.545961 0.251497 
 -0.194657 -0.540878 0.271637 
 -0.211637 -0.538144 0.268742 
 -0.229704 -0.533040 0.288861 
 -0.247291 -0.529110 0.297462 
 -0.264335 -0.526366 0.294555 
 -0.281380 -0.523622 0.291649 
 0.259223 -0.655223 0.095669 
 0.242713 -0.652565 0.092854 
 0.226202 -0.649907 0.090039 
 0.209692 -0.647249 0.087224 
 0.193195 -0.645669 0.072808 
 0.176774 -0.645177 0.046805 
 0.160328 -0.642530 0.044001 
 0.144036 -0.642058 0.018019 
 0.127632 -0.639418 0.015222 
 0.111349 -0.637872 0.000843 
 0.094966 -0.635235 -0.001950 
 0.078584 -0.632597 -0.004743 
 0.062202 -0.629960 -0.007537 
 0.045820 -0.627323 -0.010330 
 0.029211 -0.623573 -0.001560 
 0.012808 -0.620932 -0.004357 
 -0.004134 -0.616053 0.015958 
 -0.021162 -0.611160 0.036259 
 -0.037963 -0.607380 0.044996 
 -0.055140 -0.602463 0.065271 
 -0.073112 -0.595267 0.108615 
 -0.090126 -0.591452 0.117315 
 -0.108376 -0.584211 0.160612 
 -0.125121 -0.581515 0.157756 
 -0.144067 -0.573086 0.212536 
 -0.160919 -0.570373 0.209662 
 -0.179702 -0.563046 0.252867 
 -0.197648 -0.558005 0.273011 
 -0.214628 -0.555271 0.270116 
 -0.232703 -0.550210 0.290238 
 -0.250294 -0.546302 0.298841 
 -0.267338 -0.543558 0.295934 
 -0.284382 -0.540814 0.293028 
 0.256589 -0.667706 0.143469 
 0.239804 -0.669219 0.094190 
 0.223346 -0.664462 0.114592 
 0.206793 -0.661797 0.111770 
 0.190290 -0.662301 0.074142 
 0.173801 -0.659647 0.071331 
 0.157431 -0.659119 0.045331 
 0.140984 -0.656471 0.042527 
 0.124538 -0.653823 0.039723 
 0.108339 -0.653323 0.013752 
 0.091935 -0.650682 0.010955 
 0.075532 -0.648041 0.008158 
 0.059128 -0.645400 0.005361 
 0.042725 -0.642760 0.002564 
 0.025861 -0.637937 0.022897 
 0.009414 -0.635290 0.020093 
 -0.007578 -0.630447 0.040404 
 -0.024067 -0.627792 0.037593 
 -0.040872 -0.624033 0.046332 
 -0.058730 -0.616944 0.089704 
 -0.076043 -0.612049 0.109961 
 -0.093061 -0.608256 0.118663 
 -0.111326 -0.601101 0.161966 
 -0.128071 -0.598405 0.159111 
 -0.147036 -0.590084 0.213899 
 -0.166679 -0.580600 0.280175 
 -0.183660 -0.577866 0.277280 
 -0.201656 -0.572862 0.297421 
 -0.219208 -0.568982 0.306032 
 -0.236252 -0.566238 0.303126 
 -0.254441 -0.561203 0.323233 
 -0.271528 -0.558452 0.320319 
 -0.287385 -0.558006 0.294407 
 0.253666 -0.684446 0.144811 
 0.237070 -0.681774 0.141982 
 0.220474 -0.679103 0.139152 
 0.203875 -0.680556 0.089895 
 0.187385 -0.678933 0.075476 
 0.170896 -0.676279 0.072665 
 0.154533 -0.675707 0.046662 
 0.138087 -0.673060 0.043858 
 0.121641 -0.670412 0.041053 
 0.105449 -0.669868 0.015079 
 0.088748 -0.665117 0.035445 
 0.072642 -0.664587 0.009485 
 0.056238 -0.661946 0.006688 
 0.039409 -0.657174 0.027032 
 0.022963 -0.654526 0.024228 
 0.006006 -0.649733 0.044550 
 -0.010483 -0.647079 0.041738 
 -0.027270 -0.643345 0.050483 
 -0.044419 -0.638521 0.070772 
 -0.061654 -0.633683 0.091046 
 -0.078974 -0.628832 0.111307 
 -0.095996 -0.625060 0.120011 
 -0.114276 -0.617991 0.163321 
 -0.131021 -0.615296 0.160466 
 -0.150005 -0.607082 0.215262 
 -0.169671 -0.597727 0.281549 
 -0.187632 -0.592773 0.301700 
 -0.204655 -0.590032 0.298798 
 -0.222211 -0.586174 0.307411 
 -0.240364 -0.581189 0.327529 
 -0.257451 -0.578438 0.324615 
 0.184455 -0.694552 0.088416 
 0.167991 -0.692910 0.073999 
 0.151502 -0.690256 0.071187 
 0.135190 -0.689648 0.045188 
 0.118743 -0.687001 0.042384 
 0.102297 -0.684353 0.039580 
 0.085851 -0.681705 0.036775 
 0.069404 -0.679058 0.033971 
 0.052958 -0.676410 0.031167 
 0.036512 -0.673762 0.028363 
 0.019590 -0.669020 0.048695 
 0.003101 -0.666365 0.045884 
 -0.013388 -0.663711 0.043072 
 -0.030179 -0.659998 0.051819 
 -0.047336 -0.655217 0.072111 
 -0.064578 -0.650423 0.092389 
 -0.081906 -0.645615 0.112653 
 -0.099706 -0.639721 0.144445 
 -0.118044 -0.632731 0.187754 
 -0.136122 -0.626793 0.219499 
 -0.153877 -0.621916 0.239690 
 -0.172662 -0.614854 0.282923 
 -0.190631 -0.609943 0.303078 
 -0.208169 -0.606110 0.311696 
 -0.225214 -0.603366 0.308790 
 -0.243374 -0.598424 0.328911 
 -0.260461 -0.595673 0.325998 
 -0.277548 -0.592922 0.323084 
 0.132292 -0.706237 0.046519 
 0.115846 -0.703590 0.043715 
 0.099399 -0.700942 0.040910 
 0.082641 -0.696270 0.061275 
 0.066152 -0.693615 0.058464 
 0.049663 -0.690961 0.055652 
 0.033174 -0.688306 0.052841 
 0.016685 -0.685651 0.050029 
 -0.000067 -0.681967 0.058785 
 -0.016577 -0.679309 0.055970 
 -0.033699 -0.674579 0.076273 
 -0.050252 -0.671914 0.073450 
 -0.068199 -0.665076 0.116836 
 -0.085207 -0.661351 0.125547 
 -0.103431 -0.654468 0.168886 
 -0.121001 -0.649665 0.189112 
 -0.138657 -0.644848 0.209325 
 -0.157763 -0.636836 0.264125 
 -0.175654 -0.631982 0.284297 
 -0.193630 -0.627113 0.304455 
 -0.210653 -0.624373 0.301552 
 -0.228217 -0.620558 0.310169 
 -0.246385 -0.615659 0.330293 
 -0.263472 -0.612908 0.327380 
 -0.280559 -0.610157 0.324466 
 0.046758 -0.707592 0.056986 
 0.030269 -0.704938 0.054175 
 0.013535 -0.701279 0.062936 
 -0.003509 -0.696605 0.083257 
 -0.020062 -0.693940 0.080435 
 -0.037234 -0.689245 0.100734 
 -0.053830 -0.686574 0.097904 
 -0.071130 -0.681859 0.118182 
 -0.088142 -0.678155 0.126895 
 -0.106381 -0.671358 0.170241 
 -0.123959 -0.666598 0.190471 
 -0.141622 -0.661825 0.210687 
 -0.160748 -0.653921 0.265495 
 -0.178646 -0.649109 0.285670 
 -0.196629 -0.644284 0.305832 
 -0.213652 -0.641543 0.302929 
 -0.231219 -0.637750 0.311548 
 -0.248264 -0.635006 0.308641 
 -0.265308 -0.632262 0.305735 
 -0.283569 -0.627393 0.325849 
 -0.040158 -0.705985 0.102077 
 -0.057423 -0.701320 0.122365 
 -0.074061 -0.698641 0.119528 
 -0.091077 -0.694959 0.128243 
 -0.109331 -0.688249 0.171595 
 -0.126917 -0.683532 0.191829 
 -0.144587 -0.678801 0.212049 
 -0.163732 -0.671005 0.266865 
 -0.181637 -0.666237 0.287044 
 -0.199628 -0.661454 0.307209 
 -0.216651 -0.658714 0.304307 
 -0.234222 -0.654942 0.312927 
 -0.251267 -0.652198 0.310020 
 -0.268311 -0.649454 0.307114 
 -0.129027 -0.702443 0.170095 
 -0.147553 -0.695778 0.213410 
 -0.166716 -0.688089 0.268235 
 -0.183653 -0.685362 0.265347 
 -0.200591 -0.682636 0.262459 
 -0.217528 -0.679909 0.259571 
 -0.237225 -0.672134 0.314306 
 -0.254269 -0.669390 0.311399 
 