0.193521 0.886135 0.311182 
 0.183527 0.895036 0.278471 
 0.165035 0.901912 0.272528 
 -0.019889 0.970679 0.213095 
 -0.038382 0.977556 0.207152 
 0.188443 0.867102 0.304959 
 0.178463 0.876052 0.272263 
 0.159970 0.882929 0.266320 
 0.067508 0.917312 0.236604 
 0.049016 0.924188 0.230660 
 0.061814 0.937763 0.131568 
 0.012031 0.937942 0.218774 
 -0.006461 0.944818 0.212831 
 -0.024954 0.951695 0.206887 
 -0.011489 0.965022 0.108010 
 -0.029815 0.971837 0.102120 
 0.197667 0.840105 0.318069 
 0.183366 0.848069 0.298735 
 0.173398 0.857068 0.266055 
 0.154906 0.863944 0.260112 
 0.136413 0.870821 0.254169 
 0.126636 0.879749 0.221552 
 0.099429 0.884574 0.242282 
 0.072126 0.889435 0.262983 
 0.062444 0.898328 0.230396 
 0.043952 0.905204 0.224453 
 0.056795 0.918950 0.125417 
 0.006967 0.918958 0.212566 
 -0.011526 0.925834 0.206623 
 -0.030018 0.932711 0.200680 
 -0.016508 0.946209 0.101858 
 -0.025643 0.954898 0.069446 
 -0.043921 0.961695 0.063572 
 0.229711 0.807241 0.323769 
 0.211147 0.814144 0.317803 
 0.196828 0.822142 0.298470 
 0.178288 0.829036 0.292511 
 0.168334 0.838084 0.259848 
 0.149841 0.844960 0.253904 
 0.140029 0.853954 0.221288 
 0.121585 0.860813 0.215360 
 0.103140 0.867672 0.209432 
 0.075872 0.872467 0.230131 
 0.057379 0.879343 0.224188 
 0.038887 0.886220 0.218245 
 0.051776 0.900137 0.119265 
 0.010916 0.901967 0.179792 
 -0.007529 0.908826 0.173864 
 -0.016865 0.917644 0.141400 
 -0.030683 0.925455 0.122226 
 -0.030648 0.936134 0.063310 
 -0.044301 0.943883 0.044191 
 -0.062555 0.950671 0.038324 
 -0.080810 0.957460 0.032457 
 -0.089670 0.966100 0.000147 
 -0.107876 0.972870 -0.005705 
 0.243191 0.781280 0.323504 
 0.224627 0.788184 0.317538 
 0.206063 0.795087 0.311572 
 0.191751 0.803109 0.292246 
 0.173211 0.810003 0.286287 
 0.154671 0.816897 0.280329 
 0.144777 0.825976 0.247697 
 0.134978 0.835019 0.215096 
 0.125274 0.844027 0.182526 
 0.106877 0.850868 0.176613 
 0.079644 0.855596 0.197312 
 0.061199 0.862455 0.191384 
 0.065083 0.874509 0.119003 
 0.046757 0.881324 0.113113 
 0.014891 0.885075 0.147050 
 -0.003506 0.891916 0.141137 
 -0.017342 0.899761 0.121964 
 -0.017376 0.910573 0.063049 
 -0.031046 0.918355 0.043930 
 -0.049300 0.925143 0.038063 
 -0.058242 0.933868 0.005738 
 -0.076449 0.940638 -0.000114 
 -0.094656 0.947409 -0.005965 
 -0.103407 0.956063 -0.038230 
 -0.121566 0.962816 -0.044067 
 -0.139726 0.969568 -0.049903 
 0.256670 0.755320 0.323239 
 0.238107 0.762223 0.317272 
 0.219543 0.769126 0.311306 
 0.200979 0.776030 0.305340 
 0.186673 0.784076 0.286022 
 0.176697 0.793239 0.253376 
 0.158205 0.800116 0.247432 
 0.148372 0.809225 0.214832 
 0.138633 0.818299 0.182263 
 0.124613 0.826240 0.163036 
 0.106240 0.833072 0.157131 
 0.083442 0.838823 0.164525 
 0.069493 0.846737 0.145321 
 0.060064 0.855696 0.112851 
 0.050731 0.864620 0.080411 
 0.032453 0.871417 0.074536 
 -0.004000 0.874067 0.121701 
 -0.013239 0.882955 0.089292 
 -0.017790 0.892827 0.043669 
 -0.026815 0.901636 0.011329 
 -0.045022 0.908407 0.005477 
 -0.063228 0.915177 -0.000374 
 -0.072062 0.923915 -0.032654 
 -0.080801 0.932618 -0.064902 
 -0.084710 0.942251 -0.110319 
 -0.102750 0.948960 -0.116117 
 -0.120790 0.955668 -0.121915 
 -0.138830 0.962377 -0.127713 
 0.255756 0.737466 0.303633 
 0.233023 0.743166 0.311041 
 0.218676 0.751254 0.291716 
 0.200136 0.758149 0.285757 
 0.190125 0.767378 0.253111 
 0.171633 0.774255 0.247168 
 0.161765 0.783431 0.214568 
 0.143320 0.790290 0.208641 
 0.137955 0.800545 0.162773 
 0.137116 0.811871 0.103647 
 0.118838 0.818668 0.097773 
 0.104991 0.826571 0.078608 
 0.082282 0.832262 0.086024 
 0.068482 0.840147 0.066875 
 0.050228 0.846935 0.061008 
 0.041026 0.855864 0.028623 
 0.022819 0.862634 0.022771 
 0.004613 0.869405 0.016920 
 -0.013594 0.876175 0.011068 
 -0.022557 0.885015 -0.021241 
 -0.040717 0.891768 -0.027077 
 -0.049538 0.900555 -0.059340 
 -0.067649 0.907290 -0.065161 
 -0.081044 0.915024 -0.084180 
 -0.089650 0.923732 -0.116375 
 -0.107691 0.930440 -0.122173 
 -0.125731 0.937149 -0.127971 
 -0.134147 0.945785 -0.160104 
 -0.152139 0.952476 -0.165886 
 0.259031 0.720887 0.270676 
 0.240538 0.727764 0.264733 
 0.222046 0.734641 0.258790 
 0.203553 0.741517 0.252847 
 0.206417 0.754354 0.180226 
 0.188043 0.761186 0.174321 
 0.186945 0.772716 0.115135 
 0.168667 0.779513 0.109260 
 0.150389 0.786310 0.103386 
 0.136501 0.794255 0.084214 
 0.135902 0.805598 0.025189 
 0.117743 0.812351 0.019352 
 0.108507 0.821346 -0.013032 
 0.094880 0.829193 -0.032120 
 0.072283 0.834816 -0.024674 
 0.054172 0.841551 -0.030495 
 0.036060 0.848286 -0.036316 
 0.008788 0.852868 -0.015665 
 -0.009371 0.859620 -0.021501 
 -0.027531 0.866373 -0.027337 
 -0.036386 0.875226 -0.059599 
 -0.054498 0.881962 -0.065420 
 -0.067910 0.889729 -0.084439 
 -0.076551 0.898503 -0.116633 
 -0.085097 0.907242 -0.148796 
 -0.103089 0.913932 -0.154578 
 -0.121082 0.920623 -0.160361 
 -0.139074 0.927314 -0.166144 
 -0.142540 0.936944 -0.211382 
 -0.160461 0.943608 -0.217142 
 0.311625 0.694498 0.209488 
 0.289093 0.700069 0.216949 
 0.274879 0.708162 0.197678 
 0.256505 0.714995 0.191773 
 0.238132 0.721827 0.185868 
 0.228266 0.731110 0.153293 
 0.218496 0.740358 0.120748 
 0.204519 0.748362 0.101553 
 0.186265 0.755150 0.095687 
 0.176708 0.764318 0.063211 
 0.158501 0.771089 0.057360 
 0.140295 0.777859 0.051508 
 0.130929 0.786956 0.019093 
 0.121658 0.796018 -0.013291 
 0.108015 0.803899 -0.032378 
 0.089927 0.810625 -0.038191 
 0.071839 0.817351 -0.044005 
 0.053751 0.824077 -0.049818 
 0.044790 0.833024 -0.082103 
 0.026750 0.839732 -0.087901 
 0.008710 0.846441 -0.093699 
 -0.009331 0.853149 -0.099497 
 -0.027371 0.859858 -0.105295 
 -0.045411 0.866566 -0.111093 
 -0.063451 0.873275 -0.116891 
 -0.081491 0.879983 -0.122689 
 -0.090024 0.888771 -0.154835 
 -0.103239 0.896492 -0.173785 
 -0.121208 0.903174 -0.179560 
 -0.124702 0.912895 -0.224790 
 -0.142599 0.919550 -0.230542 
 -0.165369 0.925210 -0.223158 
 -0.183290 0.931874 -0.228918 
 -0.201211 0.938539 -0.234677 
 -0.303182 0.928736 -0.017509 
 -0.321508 0.935551 -0.023399 
 0.333202 0.671409 0.182479 
 0.306594 0.675636 0.203320 
 0.288220 0.682468 0.197415 
 0.278225 0.691853 0.164810 
 0.268325 0.701203 0.132235 
 0.250046 0.708000 0.126361 
 0.236028 0.716046 0.107159 
 0.226342 0.725316 0.074654 
 0.216752 0.734551 0.042178 
 0.198593 0.741303 0.036342 
 0.180433 0.748056 0.030505 
 0.171033 0.757220 -0.001908 
 0.152921 0.763955 -0.007729 
 0.134810 0.770690 -0.013550 
 0.116698 0.777425 -0.019371 
 0.103061 0.785330 -0.038450 
 0.084973 0.792056 -0.044263 
 0.066885 0.798782 -0.050077 
 0.057890 0.807796 -0.082361 
 0.039850 0.814504 -0.088159 
 0.030996 0.823464 -0.120397 
 0.013004 0.830155 -0.126180 
 -0.014271 0.834630 -0.105553 
 -0.032311 0.841338 -0.111351 
 -0.040974 0.850227 -0.143528 
 -0.058967 0.856918 -0.149310 
 -0.076959 0.863609 -0.155093 
 -0.090192 0.871363 -0.174042 
 -0.108160 0.878045 -0.179817 
 -0.116513 0.886820 -0.211895 
 -0.134435 0.893484 -0.217655 
 -0.162067 0.898091 -0.197142 
 -0.170277 0.906813 -0.229174 
 -0.188198 0.913477 -0.234934 
 -0.275094 0.906114 -0.057111 
 -0.298299 0.911910 -0.049872 
 -0.316578 0.918707 -0.055746 
 -0.334856 0.925504 -0.061621 
 -0.353134 0.932301 -0.067495 
 0.346509 0.645781 0.182217 
 0.328183 0.652596 0.176328 
 0.309857 0.659411 0.170438 
 0.291532 0.666225 0.164548 
 0.281597 0.675641 0.131974 
 0.267538 0.683730 0.112765 
 0.249284 0.690518 0.106898 
 0.239563 0.699855 0.074393 
 0.229938 0.709156 0.041918 
 0.211779 0.715909 0.036082 
 0.193619 0.722661 0.030246 
 0.184184 0.731891 -0.002167 
 0.166073 0.738626 -0.007988 
 0.147961 0.745361 -0.013809 
 0.129849 0.752097 -0.019630 
 0.111738 0.758832 -0.025451 
 0.098107 0.766761 -0.044522 
 0.089030 0.775859 -0.076821 
 0.070989 0.782567 -0.082619 
 0.052949 0.789276 -0.088417 
 0.044061 0.798302 -0.120654 
 0.026069 0.804993 -0.126437 
 0.012700 0.812825 -0.145424 
 -0.009916 0.818375 -0.138002 
 -0.027909 0.825065 -0.143785 
 -0.041206 0.832871 -0.162749 
 -0.059175 0.839553 -0.168524 
 -0.077144 0.846235 -0.174299 
 -0.095113 0.852917 -0.180074 
 -0.103500 0.861758 -0.212151 
 -0.121421 0.868422 -0.217911 
 -0.139343 0.875086 -0.223671 
 -0.166988 0.879645 -0.203174 
 -0.175185 0.888415 -0.235190 
 -0.207835 0.891973 -0.201611 
 -0.270227 0.889427 -0.089448 
 -0.303305 0.893145 -0.056008 
 -0.321583 0.899942 -0.061882 
 -0.339861 0.906739 -0.067757 
 -0.358140 0.913536 -0.073631 
 0.365964 0.609204 0.227986 
 0.351650 0.617415 0.208700 
 0.341490 0.626968 0.176066 
 0.323164 0.633783 0.170176 
 0.304839 0.640597 0.164286 
 0.294869 0.650080 0.131712 
 0.276591 0.656877 0.125838 
 0.270990 0.667623 0.079984 
 0.252784 0.674393 0.074133 
 0.234577 0.681164 0.068281 
 0.224965 0.690514 0.035822 
 0.206805 0.697266 0.029986 
 0.188646 0.704019 0.024150 
 0.179224 0.713298 -0.008247 
 0.161113 0.720033 -0.014068 
 0.143001 0.726768 -0.019889 
 0.124889 0.733503 -0.025710 
 0.106778 0.740238 -0.031531 
 0.093154 0.748192 -0.050594 
 0.075066 0.754919 -0.056407 
 0.066049 0.764047 -0.088675 
 0.048009 0.770756 -0.094473 
 0.039134 0.779831 -0.126694 
 0.021141 0.786522 -0.132477 
 0.003149 0.793213 -0.138260 
 -0.014844 0.799904 -0.144042 
 -0.032836 0.806594 -0.149825 
 -0.050829 0.813285 -0.155607 
 -0.064096 0.821106 -0.174556 
 -0.082065 0.827788 -0.180331 
 -0.100034 0.834470 -0.186106 
 -0.118002 0.841152 -0.191881 
 -0.135971 0.847834 -0.197656 
 -0.158785 0.853430 -0.190303 
 -0.176777 0.860121 -0.196086 
 -0.194770 0.866812 -0.201868 
 -0.212762 0.873502 -0.207651 
 -0.250514 0.875990 -0.161045 
 -0.283493 0.879591 -0.127591 
 -0.311627 0.884277 -0.107263 
 -0.329834 0.891048 -0.113114 
 -0.348041 0.897818 -0.118966 
 0.371239 0.580653 0.254482 
 0.360926 0.590318 0.221810 
 0.346618 0.598553 0.202532 
 0.336471 0.608155 0.169914 
 0.318146 0.614970 0.164024 
 0.299820 0.621784 0.158134 
 0.289864 0.631316 0.125577 
 0.275794 0.639462 0.106376 
 0.266004 0.648932 0.073873 
 0.247797 0.655702 0.068021 
 0.238151 0.665119 0.035563 
 0.219991 0.671872 0.029726 
 0.201832 0.678624 0.023890 
 0.183673 0.685377 0.018054 
 0.174264 0.694705 -0.014327 
 0.156152 0.701440 -0.020148 
 0.138041 0.708175 -0.025969 
 0.119929 0.714910 -0.031790 
 0.101818 0.721645 -0.037611 
 0.088200 0.729624 -0.056666 
 0.070112 0.736350 -0.062479 
 0.052025 0.743076 -0.068292 
 0.043068 0.752236 -0.100529 
 0.034206 0.761360 -0.132734 
 0.020827 0.769250 -0.151713 
 0.002858 0.775932 -0.157488 
 -0.019771 0.781433 -0.150082 
 -0.037764 0.788124 -0.155865 
 -0.055757 0.794814 -0.161647 
 -0.069017 0.802660 -0.180588 
 -0.086986 0.809342 -0.186363 
 -0.104955 0.816024 -0.192138 
 -0.122923 0.822706 -0.197913 
 -0.140892 0.829388 -0.203688 
 -0.163712 0.834959 -0.196343 
 -0.181705 0.841650 -0.202126 
 -0.199697 0.848341 -0.207908 
 -0.217690 0.855031 -0.213691 
 -0.245575 0.859572 -0.193296 
 -0.273556 0.864148 -0.172930 
 -0.291643 0.870874 -0.178744 
 -0.309731 0.877600 -0.184557 
 -0.327819 0.884326 -0.190370 
 0.366188 0.561718 0.248290 
 0.355887 0.571431 0.215634 
 0.341586 0.579691 0.196364 
 0.331453 0.589342 0.163762 
 0.313127 0.596157 0.157872 
 0.294801 0.602971 0.151983 
 0.284858 0.612552 0.119441 
 0.270795 0.620723 0.100248 
 0.261018 0.630241 0.067761 
 0.242811 0.637011 0.061909 
 0.233178 0.646477 0.029467 
 0.215018 0.653230 0.023630 
 0.205527 0.662642 -0.008765 
 0.187416 0.669377 -0.014586 
 0.169304 0.676112 -0.020407 
 0.155598 0.684150 -0.039485 
 0.133081 0.689582 -0.032049 
 0.114969 0.696317 -0.037870 
 0.101334 0.704329 -0.056924 
 0.083247 0.711055 -0.062738 
 0.074208 0.720299 -0.094989 
 0.056168 0.727008 -0.100787 
 0.038127 0.733716 -0.106585 
 0.029279 0.742889 -0.138774 
 0.015906 0.750804 -0.157745 
 -0.002063 0.757485 -0.163520 
 -0.020032 0.764167 -0.169295 
 -0.042691 0.769652 -0.161905 
 -0.060684 0.776343 -0.167687 
 -0.078677 0.783034 -0.173470 
 -0.096669 0.789725 -0.179253 
 -0.114662 0.796416 -0.185035 
 -0.132654 0.803106 -0.190818 
 -0.150647 0.809797 -0.196600 
 -0.178355 0.814218 -0.176160 
 -0.186632 0.823179 -0.208166 
 -0.204625 0.829870 -0.213948 
 -0.222617 0.836560 -0.219731 
 -0.250516 0.841052 -0.199352 
 -0.283486 0.844488 -0.165929 
 -0.301597 0.851223 -0.171750 
 -0.319709 0.857958 -0.177571 
 -0.337821 0.864693 -0.183392 
 0.350849 0.552545 0.209458 
 0.344760 0.563714 0.163500 
 0.326434 0.570529 0.157610 
 0.308108 0.577344 0.151720 
 0.298130 0.586991 0.119179 
 0.279852 0.593788 0.113305 
 0.265796 0.601983 0.094120 
 0.256032 0.611550 0.061649 
 0.246364 0.621082 0.029207 
 0.228204 0.627835 0.023371 
 0.210045 0.634588 0.017535 
 0.200567 0.644049 -0.014845 
 0.182455 0.650784 -0.020666 
 0.164344 0.657519 -0.026487 
 0.150644 0.665581 -0.045557 
 0.128121 0.670989 -0.038129 
 0.114469 0.679034 -0.057183 
 0.096381 0.685760 -0.062996 
 0.087307 0.695071 -0.095247 
 0.069267 0.701779 -0.101045 
 0.051227 0.708488 -0.106843 
 0.033187 0.715196 -0.112641 
 0.024351 0.724418 -0.144814 
 0.006359 0.731109 -0.150597 
 -0.011634 0.737800 -0.156379 
 -0.029626 0.744491 -0.162162 
 -0.047619 0.751181 -0.167945 
 -0.065612 0.757872 -0.173727 
 -0.083604 0.764563 -0.179510 
 -0.111135 0.768864 -0.159024 
 -0.129175 0.775573 -0.164822 
 -0.147215 0.782281 -0.170620 
 -0.165255 0.788990 -0.176418 
 -0.183295 0.795698 -0.182216 
 -0.201336 0.802407 -0.188014 
 -0.209552 0.811399 -0.219988 
 -0.227545 0.818089 -0.225771 
 -0.255456 0.822532 -0.205408 
 -0.288446 0.825895 -0.172009 
 -0.316571 0.830417 -0.151715 
 -0.334731 0.837170 -0.157551 
 -0.342781 0.846100 -0.189472 
 0.349896 0.535135 0.189934 
 0.339741 0.544901 0.157348 
 0.321415 0.551716 0.151458 
 0.311403 0.561429 0.118918 
 0.293125 0.568226 0.113044 
 0.274846 0.575023 0.107169 
 0.260796 0.583243 0.087993 
 0.259550 0.595687 0.028947 
 0.241390 0.602440 0.023111 
 0.223231 0.609193 0.017275 
 0.213718 0.618720 -0.015104 
 0.195607 0.625455 -0.020925 
 0.181866 0.633560 -0.040002 
 0.163778 0.640286 -0.045815 
 0.154528 0.649717 -0.078111 
 0.136488 0.656425 -0.083909 
 0.109515 0.660465 -0.063255 
 0.100407 0.669842 -0.095505 
 0.082367 0.676551 -0.101303 
 0.064327 0.683259 -0.107101 
 0.046287 0.689968 -0.112899 
 0.037416 0.699256 -0.145071 
 0.019424 0.705947 -0.150854 
 0.001431 0.712638 -0.156637 
 -0.016561 0.719329 -0.162419 
 -0.034554 0.726020 -0.168202 
 -0.052546 0.732710 -0.173985 
 -0.070539 0.739401 -0.179767 
 -0.098035 0.743636 -0.159282 
 -0.116075 0.750344 -0.165080 
 -0.134115 0.757053 -0.170878 
 -0.152156 0.763761 -0.176676 
 -0.170196 0.770470 -0.182474 
 -0.188236 0.777178 -0.188272 
 -0.206276 0.783887 -0.194070 
 -0.224316 0.790595 -0.199868 
 -0.232472 0.799618 -0.231811 
 -0.250465 0.806309 -0.237594 
 -0.303385 0.805023 -0.151974 
 -0.321545 0.811775 -0.157810 
 -0.339704 0.818528 -0.163647 
 0.344864 0.516273 0.183766 
 0.334722 0.526088 0.151196 
 0.316396 0.532903 0.145307 
 0.306397 0.542665 0.112782 
 0.288119 0.549462 0.106908 
 0.269841 0.556259 0.101033 
 0.251563 0.563056 0.095159 
 0.254576 0.577045 0.022851 
 0.244982 0.586657 -0.009542 
 0.226870 0.593392 -0.015363 
 0.213088 0.601539 -0.034448 
 0.195000 0.608265 -0.040261 
 0.176913 0.614992 -0.046074 
 0.167627 0.624489 -0.078369 
 0.158437 0.633950 -0.110633 
 0.140444 0.640641 -0.116415 
 0.113507 0.644614 -0.095763 
 0.095467 0.651323 -0.101561 
 0.077426 0.658031 -0.107359 
 0.059386 0.664740 -0.113157 
 0.041346 0.671448 -0.118955 
 0.032489 0.680785 -0.151111 
 0.014496 0.687476 -0.156894 
 -0.003496 0.694167 -0.162677 
 -0.021489 0.700858 -0.168459 
 -0.039481 0.707549 -0.174242 
 -0.057474 0.714239 -0.180024 
 -0.075467 0.720930 -0.185807 
 -0.093459 0.727621 -0.191590 
 -0.121016 0.731824 -0.171136 
 -0.139056 0.738533 -0.176934 
 -0.157096 0.745241 -0.182732 
 -0.175136 0.751950 -0.188530 
 -0.193176 0.758658 -0.194328 
 -0.211217 0.765367 -0.200126 
 -0.229257 0.772075 -0.205924 
 -0.237400 0.781147 -0.237851 
 0.348029 0.500460 0.150934 
 0.329703 0.507275 0.145045 
 0.319670 0.517104 0.112521 
 0.301391 0.523901 0.106646 
 0.287307 0.532187 0.087470 
 0.264835 0.537495 0.094897 
 0.276245 0.554594 -0.003980 
 0.258133 0.561329 -0.009801 
 0.244310 0.569518 -0.028893 
 0.226222 0.576244 -0.034706 
 0.208135 0.582970 -0.040519 
 0.198767 0.592552 -0.072829 
 0.180727 0.599260 -0.078627 
 0.171502 0.608788 -0.110890 
 0.153510 0.615479 -0.116673 
 0.126606 0.619386 -0.096021 
 0.117524 0.628861 -0.128238 
 0.099532 0.635551 -0.134021 
 0.081539 0.642242 -0.139803 
 0.063547 0.648933 -0.145586 
 0.036405 0.652928 -0.125010 
 0.027561 0.662314 -0.157151 
 0.000325 0.666345 -0.136606 
 -0.017715 0.673054 -0.142404 
 -0.035755 0.679762 -0.148202 
 -0.053796 0.686471 -0.154000 
 -0.071836 0.693179 -0.159798 
 -0.089876 0.699888 -0.165596 
 -0.107916 0.706596 -0.171394 
 -0.125956 0.713305 -0.177192 
 -0.143996 0.720013 -0.182990 
 -0.162037 0.726722 -0.188788 
 -0.180077 0.733430 -0.194586 
 -0.198117 0.740139 -0.200384 
 -0.216157 0.746847 -0.206182 
 0.361336 0.474833 0.150672 
 0.343010 0.481647 0.144782 
 0.332942 0.491543 0.112259 
 0.314664 0.498340 0.106385 
 0.300562 0.506659 0.087209 
 0.290707 0.516475 0.054756 
 0.280949 0.526256 0.022332 
 0.271284 0.536001 -0.010060 
 0.257444 0.544223 -0.029152 
 0.226471 0.546514 0.004824 
 0.229907 0.560615 -0.067289 
 0.211867 0.567323 -0.073087 
 0.202560 0.576935 -0.105365 
 0.184567 0.583626 -0.111147 
 0.166575 0.590317 -0.116930 
 0.148582 0.597008 -0.122713 
 0.121666 0.600866 -0.102077 
 0.112597 0.610389 -0.134278 
 0.094604 0.617080 -0.140061 
 0.076612 0.623771 -0.145843 
 0.058619 0.630462 -0.151626 
 0.040626 0.637153 -0.157409 
 0.022634 0.643843 -0.163191 
 -0.004616 0.647825 -0.142662 
 -0.022656 0.654534 -0.148460 
 -0.040696 0.661242 -0.154258 
 -0.058736 0.667951 -0.160056 
 -0.076776 0.674659 -0.165854 
 -0.094816 0.681368 -0.171652 
 -0.112857 0.688076 -0.177450 
 -0.130897 0.694785 -0.183248 
 0.356317 0.456019 0.144520 
 0.337992 0.462834 0.138631 
 0.327936 0.472779 0.106124 
 0.309658 0.479576 0.100249 
 0.295563 0.487920 0.081082 
 0.285721 0.497784 0.048644 
 0.284436 0.510673 -0.010319 
 0.270579 0.518928 -0.029410 
 0.261047 0.528678 -0.061749 
 0.243007 0.535386 -0.067547 
 0.224966 0.542095 -0.073345 
 0.206926 0.548803 -0.079143 
 0.197632 0.558465 -0.111405 
 0.179640 0.565155 -0.117187 
 0.161647 0.571846 -0.122970 
 0.143655 0.578537 -0.128753 
 0.116725 0.582346 -0.108133 
 0.107669 0.591919 -0.140318 
 0.080645 0.595763 -0.119729 
 0.062605 0.602471 -0.125526 
 0.053692 0.611991 -0.157666 
 0.026524 0.615888 -0.137122 
 0.008484 0.622597 -0.142920 
 -0.009556 0.629305 -0.148718 
 -0.036914 0.633274 -0.128235 
 -0.055002 0.640000 -0.134048 
 -0.063677 0.649431 -0.166112 
 -0.081717 0.656139 -0.171910 
 -0.099757 0.662848 -0.177708 
 -0.117797 0.669556 -0.183506 
 0.375811 0.418703 0.190142 
 0.361484 0.427160 0.170905 
 0.351299 0.437206 0.138369 
 0.332973 0.444021 0.132479 
 0.327072 0.455604 0.086687 
 0.308818 0.462392 0.080821 
 0.307321 0.475466 0.021813 
 0.297587 0.485344 -0.010578 
 0.283713 0.493633 -0.029669 
 0.265625 0.500359 -0.035482 
 0.256106 0.510158 -0.067805 
 0.238066 0.516867 -0.073603 
 0.220026 0.523575 -0.079401 
 0.201986 0.530284 -0.085199 
 0.192705 0.539993 -0.117445 
 0.165905 0.543701 -0.096795 
 0.156720 0.553375 -0.129010 
 0.138727 0.560066 -0.134793 
 0.111785 0.563826 -0.114189 
 0.102742 0.573447 -0.146358 
 0.075704 0.577243 -0.125784 
 0.057664 0.583952 -0.131582 
 0.039624 0.590660 -0.137380 
 0.021584 0.597369 -0.143178 
 0.003544 0.604077 -0.148976 
 -0.014497 0.610786 -0.154774 
 -0.041868 0.614705 -0.134307 
 -0.059955 0.621431 -0.140120 
 -0.068617 0.630911 -0.172168 
 -0.086657 0.637619 -0.177966 
 -0.104698 0.644328 -0.183764 
 0.362666 0.396518 0.210612 
 0.352375 0.406658 0.178053 
 0.346280 0.418393 0.132217 
 0.327954 0.425208 0.126327 
 0.322073 0.436864 0.080560 
 0.312162 0.446862 0.048123 
 0.302347 0.456824 0.015717 
 0.292627 0.466751 -0.016658 
 0.278759 0.475064 -0.035741 
 0.269206 0.484930 -0.068063 
 0.251166 0.491638 -0.073861 
 0.233126 0.498347 -0.079659 
 0.215085 0.505055 -0.085457 
 0.205770 0.514832 -0.117702 
 0.187777 0.521523 -0.123485 
 0.169785 0.528213 -0.129267 
 0.151792 0.534904 -0.135050 
 0.133799 0.541595 -0.140832 
 0.106844 0.545306 -0.120244 
 0.088804 0.552015 -0.126042 
 0.061706 0.555779 -0.105500 
 0.043618 0.562505 -0.111313 
 0.025530 0.569231 -0.117126 
 0.016643 0.578849 -0.149234 
 -0.001397 0.585557 -0.155032 
 0.357615 0.377583 0.204420 
 0.351420 0.389436 0.158569 
 0.341261 0.399580 0.126065 
 0.322935 0.406395 0.120175 
 0.325383 0.421400 0.047863 
 0.315533 0.431429 0.015457 
 0.305779 0.441423 -0.016917 
 0.287667 0.448158 -0.022738 
 0.273806 0.456496 -0.041813 
 0.264265 0.466410 -0.074119 
 0.246225 0.473118 -0.079917 
 0.228185 0.479827 -0.085715 
 0.210145 0.486535 -0.091513 
 0.192105 0.493244 -0.097311 
 0.182850 0.503052 -0.129525 
 0.164857 0.509742 -0.135307 
 0.146865 0.516433 -0.141090 
 0.128872 0.523124 -0.146872 
 0.110879 0.529815 -0.152655 
 0.360696 0.362044 0.171614 
 0.346388 0.370574 0.152402 
 0.356810 0.389169 0.053454 
 0.338604 0.395939 0.047603 
 0.328720 0.406035 0.015197 
 0.310560 0.412787 0.009361 
 0.300819 0.422830 -0.022997 
 0.282707 0.429565 -0.028818 
 0.268852 0.437927 -0.047885 
 0.250764 0.444653 -0.053698 
 0.241285 0.454598 -0.085973 
 0.223244 0.461307 -0.091771 
 0.205204 0.468015 -0.097569 
 0.187164 0.474724 -0.103367 
 0.169124 0.481432 -0.109165 
 0.151084 0.488141 -0.114962 
 0.133043 0.494849 -0.120760 
 -0.072764 0.436563 0.426881 
 -0.091804 0.443643 0.420762 
 0.367875 0.348325 0.125541 
 0.361838 0.360280 0.079776 
 0.360065 0.373887 0.020774 
 0.341906 0.380640 0.014938 
 0.323746 0.387393 0.009102 
 0.313970 0.397502 -0.023256 
 0.295859 0.404237 -0.029077 
 0.277747 0.410972 -0.034898 
 0.263898 0.419358 -0.053957 
 0.245811 0.426085 -0.059770 
 0.236344 0.436079 -0.092029 
 0.218304 0.442787 -0.097827 
 0.200264 0.449496 -0.103625 
 0.182223 0.456204 -0.109423 
 0.164183 0.462913 -0.115220 
 0.146143 0.469621 -0.121018 
 -0.058938 0.409936 0.426609 
 -0.077978 0.417017 0.420490 
 0.383252 0.338246 0.052933 
 0.365045 0.345016 0.047082 
 0.355092 0.355245 0.014678 
 0.336932 0.361998 0.008842 
 0.318773 0.368751 0.003006 
 0.309010 0.378908 -0.029336 
 0.290898 0.385643 -0.035157 
 0.272787 0.392379 -0.040978 
 0.258945 0.400790 -0.060028 
 0.240857 0.407516 -0.065842 
 0.222769 0.414242 -0.071655 
 0.204681 0.420968 -0.077468 
 0.186594 0.427694 -0.083281 
 0.168506 0.434421 -0.089095 
 -0.026073 0.376230 0.432456 
 -0.045113 0.383310 0.426336 
 -0.064153 0.390390 0.420217 
 -0.083192 0.397471 0.414098 
 0.378265 0.319555 0.046822 
 0.360059 0.326325 0.040970 
 0.350118 0.336603 0.008582 
 0.331959 0.343356 0.002746 
 0.313800 0.350109 -0.003090 
 0.304050 0.360315 -0.035416 
 0.285938 0.367050 -0.041237 
 0.267827 0.373785 -0.047058 
 0.253991 0.382221 -0.066100 
 0.235903 0.388947 -0.071914 
 0.217816 0.395673 -0.077727 
 0.199728 0.402400 -0.083540 
 0.181640 0.409126 -0.089353 
 0.163552 0.415852 -0.095166 
 -0.022450 0.359979 0.399712 
 -0.041442 0.367041 0.393608 
 -0.069367 0.370844 0.413826 
 -0.088407 0.377924 0.407707 
 0.391486 0.294094 0.046561 
 0.381464 0.304456 0.014159 
 0.363305 0.311208 0.008323 
 0.353425 0.321517 -0.024033 
 0.335313 0.328252 -0.029854 
 0.317201 0.334987 -0.035675 
 0.299090 0.341722 -0.041496 
 0.280978 0.348457 -0.047317 
 0.262867 0.355192 -0.053137 
 0.249038 0.363652 -0.072172 
 0.230950 0.370378 -0.077985 
 0.212862 0.377105 -0.083799 
 0.194774 0.383831 -0.089612 
 0.176686 0.390557 -0.095425 
 -0.008659 0.333419 0.399441 
 -0.027651 0.340481 0.393337 
 -0.046643 0.347544 0.387233 
 -0.074581 0.351298 0.407434 
 -0.093621 0.358378 0.401315 
 0.396605 0.264957 0.072865 
 0.386500 0.275403 0.040449 
 0.376491 0.285814 0.008063 
 0.358331 0.292566 0.002227 
 0.348464 0.302924 -0.030113 
 0.330353 0.309659 -0.035934 
 0.312241 0.316394 -0.041755 
 0.294130 0.323129 -0.047576 
 0.276018 0.329864 -0.053396 
 0.257907 0.336599 -0.059217 
 0.244084 0.345083 -0.078244 
 0.225996 0.351810 -0.084057 
 0.207908 0.358536 -0.089871 
 0.189821 0.365262 -0.095684 
 0.171733 0.371988 -0.101497 
 -0.009452 0.315627 0.379898 
 -0.032852 0.320984 0.386961 
 -0.051845 0.328047 0.380857 
 -0.079796 0.331752 0.401043 
 -0.098835 0.338832 0.394924 
 0.417927 0.243171 0.046040 
 0.399720 0.249942 0.040189 
 0.381514 0.256712 0.034338 
 0.371517 0.267172 0.001967 
 0.353358 0.273924 -0.003869 
 0.343504 0.284331 -0.036193 
 0.325393 0.291066 -0.042014 
 0.307281 0.297801 -0.047835 
 0.289170 0.304536 -0.053655 
 0.271058 0.311271 -0.059476 
 0.252946 0.318006 -0.065297 
 0.234835 0.324741 -0.071118 
 0.216723 0.331476 -0.076939 
 0.198612 0.338211 -0.082760 
 0.180500 0.344946 -0.088581 
 0.004321 0.289100 0.379626 
 -0.014647 0.296154 0.373530 
 -0.033615 0.303208 0.367434 
 -0.057046 0.308550 0.374482 
 -0.076038 0.315612 0.368378 
 -0.104050 0.319286 0.388532 
 0.419099 0.211997 0.085625 
 0.412941 0.224480 0.039929 
 0.394734 0.231251 0.034077 
 0.384703 0.241777 0.001707 
 0.366544 0.248529 -0.004129 
 0.348385 0.255282 -0.009965 
 0.338544 0.265737 -0.042273 
 0.320433 0.272473 -0.048094 
 0.302321 0.279208 -0.053914 
 0.284209 0.285943 -0.059735 
 0.266098 0.292678 -0.065556 
 0.247986 0.299413 -0.071377 
 0.229875 0.306148 -0.077198 
 0.211763 0.312883 -0.083019 
 0.193652 0.319618 -0.088840 
 0.044336 0.273204 0.300352 
 0.025510 0.280204 0.294302 
 -0.010999 0.280189 0.340859 
 -0.038810 0.283735 0.361066 
 -0.062247 0.289052 0.368106 
 -0.081239 0.296115 0.362003 
 0.418116 0.195161 0.066216 
 0.407955 0.205789 0.033817 
 0.389748 0.212560 0.027965 
 0.379730 0.223135 -0.004388 
 0.361571 0.229887 -0.010225 
 0.343412 0.236640 -0.016061 
 0.333584 0.247144 -0.048353 
 0.315473 0.253879 -0.054173 
 0.297361 0.260614 -0.059994 
 0.279249 0.267350 -0.065815 
 0.261138 0.274085 -0.071636 
 0.243026 0.280820 -0.077457 
 0.224915 0.287555 -0.083278 
 0.206803 0.294290 -0.089099 
 0.188691 0.301025 -0.094920 
 0.039180 0.253878 0.294032 
 0.020355 0.260878 0.287982 
 -0.007326 0.264322 0.308220 
 -0.035102 0.267801 0.328426 
 -0.062973 0.271316 0.348603 
 -0.086441 0.276618 0.355627 
 -0.114478 0.280194 0.375749 
 0.411343 0.159823 0.132322 
 0.401028 0.170562 0.099886 
 0.390809 0.181265 0.067479 
 0.372531 0.188062 0.061605 
 0.358353 0.196786 0.042487 
 0.356598 0.211245 -0.016321 
 0.338439 0.217998 -0.022157 
 0.320280 0.224751 -0.027993 
 0.302120 0.231504 -0.033829 
 0.283961 0.238256 -0.039665 
 0.265802 0.245009 -0.045501 
 0.247643 0.251762 -0.051338 
 0.238066 0.262226 -0.083537 
 0.219955 0.268962 -0.089358 
 0.201843 0.275697 -0.095179 
 0.183731 0.282432 -0.100999 
 0.034025 0.234552 0.287713 
 0.006378 0.237929 0.307950 
 -0.012495 0.244947 0.301884 
 -0.040284 0.248377 0.322075 
 -0.068168 0.251843 0.342235 
 -0.091642 0.257120 0.349252 
 -0.119693 0.260648 0.369358 
 0.420695 0.132133 0.145333 
 0.402298 0.138974 0.139420 
 0.396009 0.151749 0.093734 
 0.385803 0.162501 0.061343 
 0.367525 0.169298 0.055469 
 0.361569 0.181948 0.009890 
 0.351625 0.192603 -0.022416 
 0.333466 0.199356 -0.028253 
 0.315306 0.206109 -0.034089 
 0.297147 0.212862 -0.039925 
 0.278988 0.219614 -0.045761 
 0.260829 0.226367 -0.051597 
 0.242670 0.233120 -0.057433 
 0.224510 0.239873 -0.063270 
 0.206351 0.246625 -0.069106 
 0.188192 0.253378 -0.074942 
 0.170033 0.260131 -0.080778 
 0.037655 0.218915 0.255107 
 0.010043 0.222226 0.275343 
 -0.026545 0.221918 0.321804 
 -0.045465 0.228954 0.315723 
 -0.077851 0.230561 0.348980 
 -0.105867 0.234022 0.369086 
 -0.124907 0.241102 0.362966 
 0.415657 0.113247 0.139157 
 0.401279 0.122099 0.119986 
 0.390990 0.132936 0.087582 
 0.384864 0.145730 0.041965 
 0.366609 0.152518 0.036099 
 0.356583 0.163258 0.003778 
 0.346652 0.173961 -0.028512 
 0.328493 0.180714 -0.034348 
 0.310333 0.187467 -0.040185 
 0.292174 0.194220 -0.046021 
 0.274015 0.200972 -0.051857 
 0.255856 0.207725 -0.057693 
 0.237697 0.214478 -0.063529 
 0.219537 0.221231 -0.069366 
 0.201378 0.227983 -0.075202 
 0.183219 0.234736 -0.081038 
 0.165060 0.241489 -0.086874 
 0.023713 0.195899 0.275074 
 0.004888 0.202900 0.269023 
 -0.031726 0.202494 0.315453 
 -0.050647 0.209530 0.309372 
 -0.083052 0.211064 0.342605 
 -0.102044 0.218126 0.336501 
 -0.130121 0.221556 0.356575 
 0.410619 0.094360 0.132981 
 0.392222 0.101202 0.127069 
 0.385972 0.114122 0.081430 
 0.379865 0.126990 0.035838 
 0.369803 0.137796 0.003518 
 0.351597 0.144567 -0.002334 
 0.341679 0.155319 -0.034608 
 0.323519 0.162072 -0.040444 
 0.305360 0.168825 -0.046280 
 0.287201 0.175578 -0.052117 
 0.269042 0.182330 -0.057953 
 0.250883 0.189083 -0.063789 
 0.232723 0.195836 -0.069625 
 0.214564 0.202589 -0.075461 
 0.196405 0.209341 -0.081298 
 0.178246 0.216094 -0.087134 
 0.037383 0.169573 0.274805 
 0.018558 0.176573 0.268754 
 -0.009128 0.179804 0.288943 
 -0.036908 0.183070 0.309101 
 -0.064784 0.186371 0.329229 
 -0.088254 0.191567 0.336229 
 -0.116296 0.194930 0.356303 
 0.423978 0.068633 0.132718 
 0.405580 0.075474 0.126806 
 0.387183 0.082315 0.120893 
 0.380953 0.095309 0.075278 
 0.374865 0.108251 0.029710 
 0.364817 0.119105 -0.002594 
 0.346610 0.125876 -0.008445 
 0.336705 0.136677 -0.040704 
 0.318546 0.143430 -0.046540 
 0.300387 0.150183 -0.052376 
 0.282228 0.156936 -0.058212 
 0.264069 0.163688 -0.064049 
 0.245909 0.170441 -0.069885 
 0.227750 0.177194 -0.075721 
 0.209591 0.183947 -0.081557 
 0.191432 0.190699 -0.087393 
 0.173273 0.197452 -0.093230 
 0.014673 0.142538 0.320992 
 -0.004248 0.149574 0.314911 
 -0.023169 0.156610 0.308830 
 -0.042090 0.163646 0.302750 
 -0.069979 0.166899 0.322861 
 -0.093455 0.172069 0.329854 
 -0.121510 0.175384 0.349911 
 -0.140550 0.182464 0.343792 
 0.410958 0.045542 0.153040 
 0.400542 0.056588 0.120630 
 0.382145 0.063429 0.114717 
 0.384059 0.080647 0.042674 
 0.378038 0.093644 -0.002854 
 0.368051 0.104530 -0.035127 
 0.349891 0.111283 -0.040964 
 0.331732 0.118035 -0.046800 
 0.313573 0.124788 -0.052636 
 0.295414 0.131541 -0.058472 
 0.277255 0.138294 -0.064308 
 0.259095 0.145046 -0.070145 
 0.240936 0.151799 -0.075981 
 0.222777 0.158552 -0.081817 
 0.204618 0.165305 -0.087653 
 0.177763 0.168119 -0.067220 
 0.159556 0.174889 -0.073072 
 0.141350 0.181660 -0.078923 
 -0.018268 0.126265 0.334783 
 -0.037237 0.133319 0.328686 
 -0.056205 0.140372 0.322590 
 -0.075173 0.147426 0.316494 
 -0.098656 0.152572 0.323478 
 -0.126724 0.155838 0.343520 
 -0.145764 0.162918 0.337400 
 0.413901 0.030860 0.120367 
 0.395504 0.037701 0.114454 
 0.381152 0.046651 0.095315 
 0.383121 0.063983 0.023321 
 0.373052 0.074953 -0.008966 
 0.363077 0.085888 -0.041223 
 0.344918 0.092641 -0.047059 
 0.326759 0.099393 -0.052896 
 0.308600 0.106146 -0.058732 
 0.290441 0.112899 -0.064568 
 0.272282 0.119652 -0.070404 
 0.254122 0.126404 -0.076240 
 0.235963 0.133157 -0.082077 
 0.217804 0.139910 -0.087913 
 0.199645 0.146663 -0.093749 
 0.172777 0.149428 -0.073332 
 0.154570 0.156198 -0.079184 
 -0.004495 0.099739 0.334511 
 -0.023463 0.106792 0.328415 
 -0.042431 0.113846 0.322319 
 -0.061400 0.120899 0.316223 
 -0.084865 0.126013 0.323206 
 -0.103857 0.133075 0.317103 
 0.411340 -0.003506 0.173065 
 0.412867 0.014125 0.100958 
 0.422686 0.035951 0.002477 
 0.404479 0.042721 -0.003375 
 0.386272 0.049492 -0.009226 
 0.376264 0.060493 -0.041483 
 0.358104 0.067246 -0.047319 
 0.339945 0.073999 -0.053155 
 0.321786 0.080751 -0.058992 
 0.303627 0.087504 -0.064828 
 0.285468 0.094257 -0.070664 
 0.267308 0.101010 -0.076500 
 0.249149 0.107762 -0.082336 
 0.222411 0.110426 -0.061890 
 0.204204 0.117196 -0.067741 
 0.185998 0.123967 -0.073593 
 0.159069 0.126701 -0.053208 
 0.140815 0.133489 -0.059075 
 -0.009689 0.080266 0.328144 
 -0.028658 0.087319 0.322048 
 -0.052082 0.092390 0.329039 
 -0.071074 0.099453 0.322935 
 -0.090066 0.106515 0.316831 
 -0.118113 0.109666 0.336856 
 0.414249 -0.018122 0.140393 
 0.423876 0.003964 0.041890 
 0.417700 0.017260 -0.003635 
 0.399493 0.024030 -0.009487 
 0.389450 0.035098 -0.041743 
 0.371290 0.041851 -0.047579 
 0.361390 0.052866 -0.079788 
 0.343278 0.059601 -0.085609 
 0.325166 0.066336 -0.091430 
 0.298654 0.068862 -0.070924 
 0.280494 0.075615 -0.076760 
 0.262335 0.082368 -0.082596 
 0.244176 0.089120 -0.088432 
 0.226017 0.095873 -0.094268 
 0.199218 0.098505 -0.073853 
 0.172325 0.101173 -0.053469 
 0.149703 0.105919 -0.046226 
 0.131425 0.112716 -0.052100 
 0.104317 0.115463 -0.031785 
 -0.038291 0.065831 0.328767 
 -0.057283 0.072893 0.322663 
 -0.076276 0.079956 0.316559 
 -0.104288 0.083040 0.336584 
 0.409197 -0.037057 0.134201 
 0.430920 -0.008201 -0.003896 
 0.420795 0.002951 -0.036166 
 0.402636 0.009704 -0.042002 
 0.384476 0.016456 -0.047839 
 0.374541 0.027538 -0.080047 
 0.356429 0.034273 -0.085868 
 0.338318 0.041008 -0.091689 
 0.320206 0.047743 -0.097510 
 0.302095 0.054478 -0.103330 
 0.275521 0.056973 -0.082856 
 0.257362 0.063726 -0.088692 
 0.239203 0.070478 -0.094528 
 0.212439 0.073044 -0.074113 
 0.194232 0.079814 -0.079965 
 0.162975 0.080358 -0.046487 
 0.013484 0.025146 0.340703 
 -0.005508 0.032209 0.334600 
 -0.024500 0.039271 0.328496 
 -0.043492 0.046334 0.322392 
 -0.062485 0.053396 0.316288 
 -0.081477 0.060459 0.310184 
 -0.109502 0.063494 0.330192 
 0.432143 -0.040362 0.035493 
 0.425934 -0.026892 -0.010008 
 0.407727 -0.020122 -0.015859 
 0.397662 -0.008939 -0.048098 
 0.379503 -0.002186 -0.053934 
 0.369581 0.008944 -0.086127 
 0.351469 0.015679 -0.091948 
 0.333358 0.022415 -0.097769 
 0.315246 0.029150 -0.103589 
 0.288707 0.031578 -0.083115 
 0.270548 0.038331 -0.088951 
 0.252389 0.045083 -0.094788 
 0.225659 0.047583 -0.074374 
 0.207453 0.054353 -0.080225 
 0.180581 0.056905 -0.059858 
 0.157970 0.061593 -0.052623 
 0.122170 0.060025 -0.006121 
 -0.010709 0.012711 0.328224 
 -0.029702 0.019774 0.322120 
 -0.048694 0.026836 0.316016 
 -0.076637 0.029787 0.336039 
 -0.095677 0.036867 0.329920 
 -0.114716 0.043947 0.323801 
 0.431143 -0.056868 0.016149 
 0.420948 -0.045583 -0.016119 
 0.410848 -0.034333 -0.048358 
 0.392689 -0.027581 -0.054194 
 0.374530 -0.020828 -0.060030 
 0.364621 -0.009649 -0.092207 
 0.346509 -0.002914 -0.098028 
 0.328398 0.003821 -0.103848 
 0.310286 0.010556 -0.109669 
 0.292174 0.017291 -0.115490 
 0.265575 0.019689 -0.095047 
 0.247416 0.026441 -0.100884 
 0.220673 0.028892 -0.080486 
 0.202466 0.035662 -0.086337 
 0.184260 0.042433 -0.092189 
 0.166053 0.049203 -0.098040 
 0.117139 0.041163 -0.012289 
 -0.015911 -0.006786 0.321849 
 -0.043771 -0.003919 0.341886 
 -0.053895 0.007339 0.309641 
 -0.081851 0.010241 0.329648 
 -0.699968 0.326280 -0.202418 
 -0.707593 0.336609 -0.233860 
 -0.726037 0.343468 -0.239788 
 0.434168 -0.071045 -0.016380 
 0.424035 -0.059728 -0.048618 
 0.405875 -0.052975 -0.054454 
 0.387716 -0.046223 -0.060290 
 0.369557 -0.039470 -0.066126 
 0.359661 -0.028242 -0.098287 
 0.341549 -0.021507 -0.104107 
 0.323437 -0.014772 -0.109928 
 0.305326 -0.008037 -0.115749 
 0.278761 -0.005706 -0.095307 
 0.260602 0.001047 -0.101143 
 0.242443 0.007799 -0.106979 
 0.215687 0.010201 -0.086597 
 0.188837 0.012638 -0.066247 
 0.170582 0.019426 -0.072114 
 0.139219 0.019767 -0.038723 
 0.120893 0.026581 -0.044613 
 -0.021112 -0.026283 0.315473 
 -0.048986 -0.023465 0.335495 
 -0.068026 -0.016385 0.329375 
 -0.087065 -0.009305 0.323256 
 -0.678786 0.289988 -0.171210 
 -0.686540 0.300419 -0.202683 
 -0.705032 0.307296 -0.208626 
 -0.712644 0.317674 -0.240052 
 -0.731089 0.324533 -0.245980 
 0.447389 -0.096506 -0.016640 
 0.429182 -0.089735 -0.022492 
 0.419061 -0.078370 -0.054713 
 0.400902 -0.071617 -0.060550 
 0.382743 -0.064865 -0.066386 
 0.364584 -0.058112 -0.072222 
 0.354701 -0.046835 -0.104366 
 0.336589 -0.040100 -0.110187 
 0.318477 -0.033365 -0.116008 
 0.300366 -0.026630 -0.121829 
 0.282254 -0.019895 -0.127650 
 0.255629 -0.017595 -0.107239 
 0.237469 -0.010843 -0.113075 
 0.202092 -0.012890 -0.066508 
 0.183837 -0.006102 -0.072375 
 0.152526 -0.005861 -0.038985 
 0.134200 0.000954 -0.044875 
 0.115874 0.007768 -0.050764 
 -0.035160 -0.050092 0.335222 
 -0.054200 -0.043011 0.329103 
 -0.073240 -0.035931 0.322984 
 -0.130359 -0.014691 0.304626 
 -0.572624 0.229589 -0.141682 
 -0.591164 0.236483 -0.147641 
 -0.609704 0.243377 -0.153599 
 -0.628244 0.250272 -0.159558 
 -0.646784 0.257166 -0.165516 
 -0.665324 0.264060 -0.171475 
 -0.683864 0.270955 -0.177434 
 -0.691605 0.281435 -0.208890 
 -0.699251 0.291880 -0.240316 
 -0.706801 0.302289 -0.271711 
 -0.725199 0.309131 -0.277624 
 0.442403 -0.115197 -0.022752 
 0.424196 -0.108426 -0.028603 
 0.414088 -0.097012 -0.060809 
 0.395929 -0.090259 -0.066645 
 0.385964 -0.078898 -0.098805 
 0.367852 -0.072163 -0.104625 
 0.349740 -0.065428 -0.110446 
 0.331629 -0.058693 -0.116267 
 0.313517 -0.051958 -0.122088 
 0.295406 -0.045223 -0.127909 
 0.277294 -0.038488 -0.133730 
 0.250656 -0.036237 -0.113335 
 0.232496 -0.029485 -0.119171 
 0.214337 -0.022732 -0.125007 
 0.187508 -0.020411 -0.104673 
 0.169301 -0.013640 -0.110524 
 0.129182 -0.017859 -0.051026 
 -0.012522 -0.072340 0.308826 
 -0.031514 -0.065277 0.302722 
 -0.059414 -0.062558 0.322712 
 -0.078454 -0.055477 0.316592 
 -0.097494 -0.048397 0.310473 
 -0.126475 -0.029965 0.272203 
 -0.154613 -0.027157 0.292116 
 -0.173653 -0.020076 0.285996 
 -0.183452 -0.008777 0.253891 
 -0.211733 -0.005916 0.273758 
 -0.577701 0.210556 -0.147906 
 -0.596241 0.217450 -0.153864 
 -0.604207 0.228068 -0.185382 
 -0.622699 0.234944 -0.191325 
 -0.641192 0.241821 -0.197268 
 -0.670401 0.245027 -0.177699 
 -0.678177 0.255574 -0.209155 
 -0.696669 0.262451 -0.215098 
 -0.704302 0.272945 -0.246508 
 -0.711840 0.283403 -0.277887 
 -0.730237 0.290244 -0.283799 
 0.455624 -0.140658 -0.023012 
 0.437417 -0.133888 -0.028864 
 0.419210 -0.127117 -0.034715 
 0.409115 -0.115654 -0.066905 
 0.390956 -0.108901 -0.072741 
 0.381004 -0.097491 -0.104884 
 0.362892 -0.090756 -0.110705 
 0.344780 -0.084021 -0.116526 
 0.326669 -0.077286 -0.122347 
 0.308557 -0.070551 -0.128168 
 0.290446 -0.063816 -0.133989 
 0.272334 -0.057081 -0.139810 
 0.245682 -0.054879 -0.119431 
 0.227523 -0.048127 -0.125267 
 0.200728 -0.045872 -0.104933 
 0.173839 -0.043582 -0.084630 
 0.151219 -0.039025 -0.077428 
 -0.007509 -0.103344 0.334678 
 -0.026549 -0.096264 0.328559 
 -0.045589 -0.089184 0.322439 
 -0.064629 -0.082104 0.316320 
 -0.083669 -0.075023 0.310201 
 -0.102708 -0.067943 0.304082 
 -0.131677 -0.049462 0.265827 
 -0.159828 -0.046703 0.285724 
 -0.178867 -0.039622 0.279605 
 -0.188653 -0.028274 0.247515 
 -0.216947 -0.025462 0.267367 
 -0.588024 0.189619 -0.141343 
 -0.601318 0.198417 -0.160088 
 -0.609271 0.209084 -0.191589 
 -0.627764 0.215960 -0.197533 
 -0.646256 0.222837 -0.203476 
 -0.664749 0.229714 -0.209419 
 -0.683241 0.236590 -0.215363 
 -0.690909 0.247150 -0.246771 
 -0.709353 0.254009 -0.252699 
 -0.716878 0.264517 -0.284062 
 -0.735275 0.271358 -0.289975 
 0.450637 -0.159349 -0.029124 
 0.432431 -0.152579 -0.034976 
 0.414224 -0.145808 -0.040827 
 0.404142 -0.134296 -0.073001 
 0.385983 -0.127543 -0.078837 
 0.376043 -0.116085 -0.110964 
 0.357932 -0.109350 -0.116785 
 0.339820 -0.102615 -0.122606 
 0.321709 -0.095880 -0.128427 
 0.303597 -0.089144 -0.134248 
 0.285485 -0.082409 -0.140069 
 0.258868 -0.080274 -0.119690 
 0.240709 -0.073521 -0.125527 
 0.213949 -0.071333 -0.105193 
 0.195742 -0.064563 -0.111045 
 0.168840 -0.062321 -0.090758 
 0.015060 -0.125459 0.308283 
 -0.003933 -0.118397 0.302179 
 -0.022925 -0.111334 0.296075 
 -0.041917 -0.104272 0.289971 
 -0.060909 -0.097209 0.283867 
 -0.088883 -0.094569 0.303810 
 -0.107923 -0.087489 0.297690 
 -0.126962 -0.080409 0.291571 
 -0.136878 -0.068959 0.259452 
 -0.155870 -0.061897 0.253348 
 -0.184082 -0.059168 0.273214 
 -0.193854 -0.047772 0.241140 
 -0.222161 -0.045008 0.260975 
 -0.260241 -0.030848 0.248737 
 -0.593108 0.170562 -0.147575 
 -0.606396 0.179384 -0.166312 
 -0.624936 0.186278 -0.172270 
 -0.643476 0.193173 -0.178229 
 -0.662016 0.200067 -0.184188 
 -0.669813 0.210729 -0.215627 
 -0.688305 0.217606 -0.221570 
 -0.695960 0.228215 -0.252963 
 -0.714405 0.235074 -0.258891 
 -0.732849 0.241933 -0.264819 
 -0.740314 0.252471 -0.296151 
 0.445651 -0.178040 -0.035236 
 0.427444 -0.171270 -0.041087 
 0.417328 -0.159691 -0.073261 
 0.399169 -0.152938 -0.079097 
 0.381010 -0.146185 -0.084933 
 0.371083 -0.134678 -0.117044 
 0.352972 -0.127943 -0.122865 
 0.334860 -0.121208 -0.128686 
 0.316749 -0.114473 -0.134507 
 0.298637 -0.107738 -0.140328 
 0.280525 -0.101003 -0.146149 
 0.253895 -0.098916 -0.125786 
 0.235736 -0.092163 -0.131622 
 0.217577 -0.085411 -0.137459 
 0.199418 -0.078658 -0.143295 
 0.181258 -0.071905 -0.149131 
 0.009858 -0.144956 0.301907 
 -0.009134 -0.137894 0.295803 
 -0.028126 -0.130831 0.289700 
 -0.047118 -0.123769 0.283596 
 -0.075057 -0.121196 0.303537 
 -0.094097 -0.114115 0.297418 
 -0.113137 -0.107035 0.291299 
 -0.132177 -0.099955 0.285180 
 -0.142079 -0.088456 0.253076 
 -0.161071 -0.081394 0.246972 
 -0.180064 -0.074331 0.240868 
 -0.199056 -0.067269 0.234764 
 -0.218048 -0.060206 0.228661 
 -0.246415 -0.057474 0.248465 
 -0.265455 -0.050394 0.242345 
 -0.544592 0.115939 -0.078737 
 -0.552876 0.126836 -0.110321 
 -0.571487 0.133757 -0.116302 
 -0.579628 0.144601 -0.147840 
 -0.598192 0.151504 -0.153807 
 -0.611473 0.160351 -0.172536 
 -0.630013 0.167245 -0.178494 
 -0.648553 0.174140 -0.184453 
 -0.656385 0.184869 -0.215891 
 -0.674877 0.191745 -0.221835 
 -0.693370 0.198622 -0.227778 
 -0.701011 0.209280 -0.259155 
 -0.719456 0.216139 -0.265083 
 -0.737901 0.222998 -0.271011 
 0.458872 -0.203501 -0.035496 
 0.440665 -0.196731 -0.041348 
 0.422458 -0.189960 -0.047199 
 0.412355 -0.178333 -0.079357 
 0.394196 -0.171580 -0.085193 
 0.376036 -0.164827 -0.091029 
 0.366123 -0.153271 -0.123124 
 0.348012 -0.146536 -0.128945 
 0.329900 -0.139801 -0.134766 
 0.311788 -0.133066 -0.140587 
 0.285240 -0.131064 -0.120210 
 0.267081 -0.124311 -0.126046 
 0.248922 -0.117558 -0.131882 
 0.230763 -0.110805 -0.137718 
 0.212604 -0.104053 -0.143555 
 0.194445 -0.097300 -0.149391 
 0.176285 -0.090547 -0.155227 
 0.004657 -0.164453 0.295532 
 -0.014335 -0.157391 0.289428 
 -0.033327 -0.150328 0.283324 
 -0.052320 -0.143266 0.277220 
 -0.071312 -0.136203 0.271116 
 -0.090304 -0.129141 0.265012 
 -0.109296 -0.122078 0.258908 
 -0.137391 -0.119501 0.278788 
 -0.147281 -0.107953 0.246701 
 -0.166273 -0.100891 0.240597 
 -0.185265 -0.093828 0.234493 
 -0.204257 -0.086766 0.228389 
 -0.223249 -0.079703 0.222285 
 -0.251630 -0.077020 0.242073 
 -0.270669 -0.069940 0.235954 
 -0.289709 -0.062859 0.229835 
 -0.365868 -0.034539 0.205358 
 -0.403948 -0.020378 0.193120 
 -0.422988 -0.013298 0.187000 
 -0.529417 0.061695 0.022702 
 -0.548242 0.068696 0.016652 
 -0.551629 0.081760 -0.027801 
 -0.549702 0.096784 -0.085001 
 -0.568361 0.103723 -0.090997 
 -0.576584 0.114651 -0.122550 
 -0.595196 0.121572 -0.128531 
 -0.603276 0.132447 -0.160038 
 -0.621840 0.139350 -0.166004 
 -0.635091 0.148213 -0.184718 
 -0.653631 0.155107 -0.190676 
 -0.661449 0.165885 -0.222099 
 -0.679942 0.172761 -0.228042 
 -0.698434 0.179638 -0.233986 
 -0.706063 0.190345 -0.265347 
 -0.724507 0.197204 -0.271275 
 0.445912 -0.227151 -0.015273 
 0.435679 -0.215422 -0.047460 
 0.417472 -0.208651 -0.053311 
 0.407382 -0.196975 -0.085452 
 0.389222 -0.190222 -0.091289 
 0.371063 -0.183469 -0.097125 
 0.361163 -0.171864 -0.129204 
 0.343051 -0.165129 -0.135025 
 0.324940 -0.158394 -0.140846 
 0.306828 -0.151659 -0.146667 
 0.280267 -0.149706 -0.126306 
 0.262108 -0.142953 -0.132142 
 0.235404 -0.140947 -0.111826 
 0.217197 -0.134176 -0.117677 
 0.198990 -0.127406 -0.123529 
 0.180784 -0.120635 -0.129380 
 0.009713 -0.195689 0.321350 
 -0.000544 -0.183951 0.289156 
 -0.019536 -0.176888 0.283052 
 -0.038529 -0.169826 0.276949 
 -0.057521 -0.162763 0.270845 
 -0.076513 -0.155701 0.264741 
 -0.095505 -0.148638 0.258637 
 -0.114497 -0.141576 0.252533 
 -0.133490 -0.134513 0.246429 
 -0.152482 -0.127451 0.240325 
 -0.171474 -0.120388 0.234221 
 -0.190466 -0.113326 0.228117 
 -0.209458 -0.106263 0.222013 
 -0.228450 -0.099201 0.215910 
 -0.256844 -0.096566 0.235682 
 -0.275884 -0.089486 0.229562 
 -0.294924 -0.082405 0.223443 
 -0.313963 -0.075325 0.217324 
 -0.371083 -0.054085 0.198966 
 -0.409162 -0.039924 0.186728 
 -0.428202 -0.032844 0.180609 
 -0.507037 0.024205 0.054130 
 -0.515747 0.035368 0.022433 
 -0.534572 0.042369 0.016382 
 -0.543140 0.053479 -0.015269 
 -0.546459 0.066599 -0.059682 
 -0.554812 0.077629 -0.091264 
 -0.573471 0.084568 -0.097261 
 -0.581681 0.095545 -0.128797 
 -0.600293 0.102465 -0.134779 
 -0.608360 0.113389 -0.166270 
 -0.626924 0.120293 -0.172236 
 -0.640168 0.129180 -0.190941 
 -0.658708 0.136074 -0.196900 
 -0.666514 0.146901 -0.228307 
 -0.674224 0.157692 -0.259682 
 -0.692669 0.164551 -0.265610 
 -0.711114 0.171410 -0.271538 
 -0.729559 0.178269 -0.277466 
 0.473476 -0.261989 0.003507 
 0.455198 -0.255192 -0.002367 
 0.440913 -0.245891 -0.021401 
 0.430693 -0.234113 -0.053571 
 0.412486 -0.227342 -0.059423 
 0.402409 -0.215617 -0.091548 
 0.384249 -0.208864 -0.097384 
 0.366090 -0.202111 -0.103221 
 0.356203 -0.190457 -0.135284 
 0.338091 -0.183722 -0.141105 
 0.319980 -0.176987 -0.146926 
 0.293453 -0.175100 -0.126565 
 0.275294 -0.168348 -0.132402 
 0.248625 -0.166408 -0.112086 
 0.230418 -0.159638 -0.117938 
 0.212211 -0.152867 -0.123789 
 0.194004 -0.146097 -0.129641 
 0.175797 -0.139326 -0.135492 
 0.004499 -0.215235 0.314959 
 -0.005746 -0.203448 0.282781 
 -0.024738 -0.196385 0.276677 
 -0.043730 -0.189323 0.270573 
 -0.062722 -0.182260 0.264469 
 -0.081714 -0.175198 0.258365 
 -0.100706 -0.168135 0.252261 
 -0.119699 -0.161073 0.246157 
 -0.138691 -0.154010 0.240054 
 -0.157683 -0.146948 0.233950 
 -0.176675 -0.139885 0.227846 
 -0.195667 -0.132823 0.221742 
 -0.214660 -0.125760 0.215638 
 -0.233652 -0.118698 0.209534 
 -0.262058 -0.116112 0.229290 
 -0.281098 -0.109032 0.223171 
 -0.300138 -0.101951 0.217052 
 -0.319178 -0.094871 0.210933 
 -0.338217 -0.087791 0.204813 
 -0.357257 -0.080711 0.198694 
 -0.366597 -0.069260 0.166807 
 -0.395337 -0.066550 0.186456 
 -0.404581 -0.055135 0.154599 
 -0.423574 -0.048073 0.148495 
 -0.442566 -0.041010 0.142391 
 -0.461558 -0.033948 0.136287 
 -0.512205 0.004830 0.047795 
 -0.520902 0.016042 0.016113 
 -0.539728 0.023043 0.010063 
 -0.548282 0.034201 -0.021572 
 -0.551582 0.047395 -0.065962 
 -0.559922 0.058474 -0.097528 
 -0.578581 0.065412 -0.103525 
 -0.586778 0.076438 -0.135045 
 -0.605390 0.083359 -0.141027 
 -0.624001 0.090280 -0.147008 
 -0.632008 0.101235 -0.178468 
 -0.650572 0.108138 -0.184434 
 -0.663786 0.117041 -0.203124 
 -0.682326 0.123935 -0.209082 
 -0.700866 0.130830 -0.215041 
 -0.719406 0.137724 -0.220999 
 -0.716165 0.152474 -0.277730 
 0.486749 -0.287550 0.003246 
 0.468470 -0.280753 -0.002629 
 0.450192 -0.273956 -0.008503 
 0.435914 -0.264630 -0.027529 
 0.425706 -0.252804 -0.059683 
 0.407500 -0.246033 -0.065535 
 0.397435 -0.234259 -0.097644 
 0.379276 -0.227506 -0.103480 
 0.361117 -0.220754 -0.109317 
 0.351243 -0.209050 -0.141364 
 0.333131 -0.202315 -0.147185 
 0.306639 -0.200495 -0.126825 
 0.288480 -0.193743 -0.132661 
 0.261845 -0.191869 -0.112347 
 0.243638 -0.185099 -0.118198 
 0.216861 -0.183173 -0.097930 
 0.198607 -0.176384 -0.103797 
 0.180352 -0.169596 -0.109664 
 0.162098 -0.162808 -0.115531 
 -0.000716 -0.234781 0.308567 
 -0.010947 -0.222945 0.276405 
 -0.029939 -0.215882 0.270301 
 -0.048931 -0.208820 0.264198 
 -0.063448 -0.199406 0.245095 
 -0.082416 -0.192352 0.238999 
 -0.101384 -0.185299 0.232903 
 -0.124900 -0.180570 0.239782 
 -0.143892 -0.173507 0.233678 
 -0.162884 -0.166445 0.227574 
 -0.181876 -0.159382 0.221470 
 -0.200869 -0.152320 0.215366 
 -0.219861 -0.145257 0.209263 
 -0.238853 -0.138195 0.203159 
 -0.267273 -0.135658 0.222899 
 -0.286312 -0.128578 0.216779 
 -0.295830 -0.117007 0.184847 
 -0.314822 -0.109945 0.178743 
 -0.343432 -0.107337 0.198422 
 -0.362472 -0.100257 0.192303 
 -0.371798 -0.088757 0.160431 
 -0.390790 -0.081695 0.154327 
 -0.409783 -0.074632 0.148224 
 -0.428775 -0.067570 0.142120 
 -0.447767 -0.060507 0.136016 
 -0.451832 -0.046948 0.091398 
 -0.460755 -0.035599 0.059656 
 -0.469581 -0.024286 0.027945 
 -0.498501 -0.021563 0.047525 
 -0.517374 -0.014545 0.041459 
 -0.526058 -0.003284 0.009794 
 -0.544884 0.003717 0.003743 
 -0.563709 0.010717 -0.002307 
 -0.556705 0.028191 -0.072241 
 -0.565032 0.039319 -0.103792 
 -0.583691 0.046257 -0.109788 
 -0.602350 0.053196 -0.115785 
 -0.621009 0.060135 -0.121782 
 -0.629098 0.071174 -0.153256 
 -0.637092 0.082178 -0.184699 
 -0.655656 0.089081 -0.190666 
 -0.668863 0.098008 -0.209347 
 -0.687403 0.104902 -0.215306 
 -0.705943 0.111797 -0.221265 
 -0.724483 0.118691 -0.227223 
 0.492199 -0.318287 0.029333 
 0.481743 -0.306314 -0.002890 
 0.463465 -0.299517 -0.008764 
 0.445186 -0.292720 -0.014639 
 0.430915 -0.283370 -0.033657 
 0.420720 -0.271494 -0.065795 
 0.402513 -0.264724 -0.071647 
 0.392462 -0.252901 -0.103740 
 0.374303 -0.246148 -0.109576 
 0.364394 -0.234379 -0.141623 
 0.346283 -0.227644 -0.147444 
 0.328171 -0.220909 -0.153265 
 0.301666 -0.219137 -0.132921 
 0.283507 -0.212385 -0.138757 
 0.256859 -0.210560 -0.118458 
 0.238652 -0.203790 -0.124310 
 0.220446 -0.197019 -0.130161 
 0.193607 -0.195124 -0.109925 
 0.175353 -0.188336 -0.115792 
 0.157099 -0.181548 -0.121658 
 0.002844 -0.249505 0.276134 
 -0.016148 -0.242442 0.270030 
 -0.030706 -0.232986 0.250920 
 -0.049674 -0.225933 0.244824 
 -0.068642 -0.218879 0.238728 
 -0.087611 -0.211825 0.232631 
 -0.106579 -0.204772 0.226535 
 -0.130101 -0.200067 0.233407 
 -0.149093 -0.193005 0.227303 
 -0.168086 -0.185942 0.221199 
 -0.187078 -0.178880 0.215095 
 -0.206070 -0.171817 0.208991 
 -0.225062 -0.164755 0.202887 
 -0.244054 -0.157692 0.196783 
 -0.272487 -0.155204 0.216507 
 -0.282039 -0.143567 0.184575 
 -0.301031 -0.136504 0.178471 
 -0.320023 -0.129442 0.172368 
 -0.339015 -0.122379 0.166264 
 -0.358007 -0.115317 0.160160 
 -0.377000 -0.108254 0.154056 
 -0.391105 -0.098967 0.135091 
 -0.410073 -0.091913 0.128995 
 -0.429042 -0.084859 0.122899 
 -0.448010 -0.077806 0.116803 
 -0.447050 -0.061993 0.059386 
 -0.465923 -0.054974 0.053321 
 -0.484796 -0.047956 0.047255 
 -0.503670 -0.040938 0.041189 
 -0.522543 -0.033920 0.035124 
 -0.531214 -0.022610 0.003474 
 -0.550039 -0.015609 -0.002576 
 -0.568865 -0.008609 -0.008627 
 -0.561828 0.008987 -0.078521 
 -0.580534 0.015943 -0.084533 
 -0.588801 0.027102 -0.116052 
 -0.607460 0.034041 -0.122049 
 -0.626119 0.040979 -0.128046 
 -0.634195 0.052068 -0.159503 
 -0.652807 0.058988 -0.165485 
 -0.660740 0.070024 -0.196897 
 -0.679303 0.076927 -0.202864 
 -0.697867 0.083830 -0.208830 
 -0.716431 0.090733 -0.214796 
 0.505506 -0.343915 0.029071 
 0.487180 -0.337100 0.023181 
 0.468854 -0.330286 0.017292 
 0.458459 -0.318281 -0.014900 
 0.440181 -0.311484 -0.020775 
 0.425915 -0.302110 -0.039785 
 0.415734 -0.290185 -0.071907 
 0.405648 -0.278296 -0.104000 
 0.387489 -0.271543 -0.109836 
 0.369330 -0.264790 -0.115672 
 0.359434 -0.252972 -0.147703 
 0.341323 -0.246237 -0.153524 
 0.323211 -0.239502 -0.159344 
 0.296693 -0.237779 -0.139017 
 0.278534 -0.231027 -0.144853 
 0.251873 -0.229251 -0.124570 
 0.233666 -0.222481 -0.130422 
 0.215459 -0.215710 -0.136273 
 0.197253 -0.208940 -0.142125 
 0.179046 -0.202169 -0.147976 
 0.160839 -0.195399 -0.153828 
 -0.002357 -0.269002 0.269758 
 -0.021349 -0.261939 0.263654 
 -0.035900 -0.252459 0.244553 
 -0.054869 -0.245405 0.238456 
 -0.073837 -0.238352 0.232360 
 -0.092806 -0.231298 0.226264 
 -0.111774 -0.224244 0.220168 
 -0.130742 -0.217191 0.214071 
 -0.149711 -0.210137 0.207975 
 -0.168679 -0.203083 0.201879 
 -0.187647 -0.196030 0.195783 
 -0.206616 -0.188976 0.189686 
 -0.225584 -0.181922 0.183590 
 -0.249256 -0.177189 0.190408 
 -0.268248 -0.170127 0.184304 
 -0.287240 -0.163064 0.178200 
 -0.306232 -0.156002 0.172096 
 -0.325224 -0.148939 0.165992 
 -0.344216 -0.141877 0.159888 
 -0.363209 -0.134814 0.153784 
 -0.377331 -0.125493 0.134820 
 -0.396300 -0.118439 0.128724 
 -0.415268 -0.111386 0.122628 
 -0.434236 -0.104332 0.116532 
 -0.453205 -0.097278 0.110435 
 -0.452219 -0.081368 0.053051 
 -0.471092 -0.074349 0.046985 
 -0.489965 -0.067331 0.040919 
 -0.508838 -0.060313 0.034854 
 -0.527711 -0.053295 0.028788 
 -0.536369 -0.041936 -0.002845 
 -0.555195 -0.034936 -0.008896 
 -0.574020 -0.027935 -0.014946 
 -0.582488 -0.016648 -0.046518 
 -0.585658 -0.003261 -0.090813 
 -0.604364 0.003696 -0.096825 
 -0.612570 0.014886 -0.128312 
 -0.631229 0.021824 -0.134309 
 -0.639292 0.032961 -0.165751 
 -0.647260 0.044063 -0.197163 
 -0.665824 0.050966 -0.203129 
 -0.684387 0.057869 -0.209095 
 -0.702951 0.064773 -0.215061 
 -0.721515 0.071676 -0.221028 
 0.511060 -0.374852 0.055156 
 0.500487 -0.362728 0.022919 
 0.482161 -0.355913 0.017030 
 0.463835 -0.349099 0.011140 
 0.445510 -0.342284 0.005250 
 0.435175 -0.330248 -0.026910 
 0.416897 -0.323451 -0.032785 
 0.410748 -0.308876 -0.078019 
 0.400675 -0.296938 -0.110096 
 0.382516 -0.290185 -0.115932 
 0.372586 -0.278300 -0.147962 
 0.346198 -0.276680 -0.127604 
 0.336362 -0.264830 -0.159603 
 0.318251 -0.258095 -0.165424 
 0.291720 -0.256421 -0.145113 
 0.273561 -0.249669 -0.150949 
 0.246887 -0.247942 -0.130682 
 0.228680 -0.241172 -0.136534 
 0.210473 -0.234401 -0.142385 
 0.192266 -0.227631 -0.148237 
 0.165355 -0.225816 -0.128047 
 0.147100 -0.219027 -0.133914 
 -0.007559 -0.288499 0.263383 
 -0.022127 -0.278985 0.244281 
 -0.032200 -0.267047 0.212205 
 -0.051120 -0.260011 0.206124 
 -0.079032 -0.257824 0.225993 
 -0.088962 -0.245939 0.193962 
 -0.107883 -0.238903 0.187881 
 -0.126803 -0.231867 0.181800 
 -0.145724 -0.224831 0.175719 
 -0.173874 -0.222556 0.195511 
 -0.192842 -0.215502 0.189415 
 -0.211811 -0.208449 0.183319 
 -0.230779 -0.201395 0.177223 
 -0.249747 -0.194341 0.171126 
 -0.273449 -0.189624 0.177928 
 -0.287684 -0.180234 0.158934 
 -0.306653 -0.173180 0.152838 
 -0.325621 -0.166127 0.146741 
 -0.344589 -0.159073 0.140645 
 -0.363558 -0.152020 0.134549 
 -0.382526 -0.144966 0.128453 
 -0.401494 -0.137912 0.122356 
 -0.410615 -0.126328 0.090586 
 -0.429536 -0.119292 0.084505 
 -0.438514 -0.107761 0.052781 
 -0.457387 -0.100743 0.046715 
 -0.476261 -0.093724 0.040650 
 -0.495134 -0.086706 0.034584 
 -0.514007 -0.079688 0.028518 
 -0.532880 -0.072670 0.022453 
 -0.541525 -0.061262 -0.009165 
 -0.560350 -0.054262 -0.015215 
 -0.568853 -0.042908 -0.046786 
 -0.587631 -0.035925 -0.052822 
 -0.590781 -0.022465 -0.097092 
 -0.609487 -0.015508 -0.103105 
 -0.617680 -0.004269 -0.134576 
 -0.636339 0.002669 -0.140573 
 -0.654998 0.009608 -0.146570 
 -0.663000 0.020776 -0.177980 
 -0.681612 0.027697 -0.183962 
 -0.700223 0.034618 -0.189943 
 -0.718835 0.041539 -0.195925 
 -0.726599 0.052619 -0.227259 
 0.506028 -0.393714 0.048988 
 0.495468 -0.381541 0.016768 
 0.477142 -0.374726 0.010878 
 0.458817 -0.367912 0.004988 
 0.440491 -0.361097 -0.000902 
 0.430169 -0.349012 -0.033046 
 0.411891 -0.342215 -0.038921 
 0.405762 -0.327567 -0.084131 
 0.395702 -0.315580 -0.116191 
 0.385737 -0.303628 -0.148221 
 0.359384 -0.302074 -0.127864 
 0.349514 -0.290158 -0.159862 
 0.331402 -0.283423 -0.165683 
 0.313291 -0.276688 -0.171504 
 0.286747 -0.275063 -0.151208 
 0.260107 -0.273403 -0.130943 
 0.233373 -0.271708 -0.110708 
 0.223694 -0.259863 -0.142645 
 0.196864 -0.258132 -0.122442 
 0.178610 -0.251344 -0.128308 
 0.160355 -0.244555 -0.134175 
 0.010615 -0.312565 0.250106 
 0.000460 -0.300543 0.218015 
 -0.018460 -0.293507 0.211934 
 -0.037381 -0.286471 0.205853 
 -0.065258 -0.284351 0.225721 
 -0.084227 -0.277297 0.219625 
 -0.094144 -0.265363 0.187610 
 -0.113064 -0.258327 0.181530 
 -0.131985 -0.251291 0.175449 
 -0.150906 -0.244255 0.169368 
 -0.169827 -0.237219 0.163287 
 -0.198037 -0.234975 0.183048 
 -0.217005 -0.227921 0.176951 
 -0.235974 -0.220868 0.170855 
 -0.245510 -0.209075 0.138963 
 -0.264431 -0.202039 0.132882 
 -0.292879 -0.199707 0.152566 
 -0.302272 -0.187967 0.120720 
 -0.321193 -0.180932 0.114639 
 -0.340114 -0.173896 0.108558 
 -0.359035 -0.166860 0.102477 
 -0.377955 -0.159824 0.096396 
 -0.387063 -0.148191 0.064642 
 -0.405937 -0.141172 0.058577 
 -0.424810 -0.134154 0.052511 
 -0.443683 -0.127136 0.046445 
 -0.462556 -0.120118 0.040380 
 -0.481429 -0.113099 0.034314 
 -0.500302 -0.106081 0.028248 
 -0.519176 -0.099063 0.022183 
 -0.538049 -0.092045 0.016117 
 -0.546681 -0.080588 -0.015485 
 -0.565506 -0.073588 -0.021535 
 -0.573995 -0.062185 -0.053090 
 -0.592773 -0.055202 -0.059125 
 -0.611551 -0.048219 -0.065160 
 -0.614610 -0.034712 -0.109384 
 -0.633317 -0.027756 -0.115396 
 -0.641449 -0.016486 -0.146837 
 -0.660108 -0.009547 -0.152833 
 -0.689437 -0.006887 -0.133433 
 -0.697426 0.004330 -0.164827 
 -0.716085 0.011269 -0.170824 
 -0.734744 0.018207 -0.176821 
 -0.753403 0.025146 -0.182817 
 0.500996 -0.412576 0.042820 
 0.490449 -0.400354 0.010616 
 0.472124 -0.393539 0.004726 
 0.453798 -0.386725 -0.001164 
 0.435472 -0.379910 -0.007053 
 0.425163 -0.367777 -0.039182 
 0.406885 -0.360980 -0.045057 
 0.400775 -0.346258 -0.090243 
 0.382569 -0.339487 -0.096094 
 0.372570 -0.327469 -0.128123 
 0.354410 -0.320716 -0.133960 
 0.336251 -0.313964 -0.139796 
 0.326442 -0.302016 -0.171763 
 0.308331 -0.295281 -0.177584 
 0.281774 -0.293705 -0.157304 
 0.255121 -0.292094 -0.137054 
 0.236914 -0.285324 -0.142906 
 0.227296 -0.273447 -0.174813 
 0.209137 -0.266694 -0.180649 
 0.190978 -0.259942 -0.186485 
 0.172818 -0.253189 -0.192321 
 0.022978 -0.321967 0.191751 
 0.004105 -0.314949 0.185685 
 -0.014768 -0.307931 0.179620 
 -0.033642 -0.300912 0.173554 
 -0.061484 -0.298859 0.193421 
 -0.080405 -0.291823 0.187340 
 -0.090261 -0.279858 0.155357 
 -0.118246 -0.277751 0.175178 
 -0.137167 -0.270715 0.169097 
 -0.156088 -0.263679 0.163016 
 -0.175008 -0.256643 0.156935 
 -0.193929 -0.249607 0.150854 
 -0.212850 -0.242571 0.144773 
 -0.231771 -0.235535 0.138692 
 -0.241247 -0.223712 0.106832 
 -0.269612 -0.221463 0.126530 
 -0.288533 -0.214427 0.120449 
 -0.297866 -0.202657 0.088635 
 -0.316739 -0.195639 0.082569 
 -0.335612 -0.188620 0.076504 
 -0.354486 -0.181602 0.070438 
 -0.373359 -0.174584 0.064372 
 -0.392232 -0.167566 0.058307 
 -0.411105 -0.160547 0.052241 
 -0.429978 -0.153529 0.046175 
 -0.448852 -0.146511 0.040110 
 -0.467725 -0.139493 0.034044 
 -0.486598 -0.132474 0.027978 
 -0.505471 -0.125456 0.021913 
 -0.524344 -0.118438 0.015847 
 -0.543217 -0.111420 0.009782 
 -0.551836 -0.099915 -0.021804 
 -0.570662 -0.092914 -0.027855 
 -0.579138 -0.081462 -0.059394 
 -0.597916 -0.074479 -0.065429 
 -0.611472 -0.065289 -0.084193 
 -0.619733 -0.053916 -0.115664 
 -0.638440 -0.046960 -0.121676 
 -0.657146 -0.040004 -0.127688 
 -0.675853 -0.033047 -0.133700 
 -0.694560 -0.026091 -0.139712 
 -0.713266 -0.019135 -0.145724 
 -0.731973 -0.012179 -0.151736 
 -0.750679 -0.005222 -0.157749 
 -0.769386 0.001734 -0.163761 
 0.495964 -0.431438 0.036653 
 0.485431 -0.419167 0.004464 
 0.467105 -0.412352 -0.001426 
 0.448779 -0.405538 -0.007315 
 0.430453 -0.398723 -0.013205 
 0.420158 -0.386541 -0.045318 
 0.405918 -0.377069 -0.064296 
 0.395789 -0.364949 -0.096354 
 0.377582 -0.358178 -0.102206 
 0.367596 -0.346111 -0.134219 
 0.349437 -0.339358 -0.140055 
 0.331278 -0.332606 -0.145892 
 0.313119 -0.325853 -0.151728 
 0.294960 -0.319100 -0.157564 
 0.268342 -0.317556 -0.137315 
 0.250135 -0.310785 -0.143166 
 0.231928 -0.304015 -0.149018 
 0.222323 -0.292089 -0.180909 
 0.204164 -0.285336 -0.186745 
 0.186005 -0.278584 -0.192581 
 0.167845 -0.271831 -0.198417 
 0.009018 -0.346426 0.211393 
 -0.001064 -0.334324 0.179350 
 -0.011050 -0.322257 0.147336 
 -0.038810 -0.320287 0.167219 
 -0.066665 -0.318283 0.187069 
 -0.076557 -0.306251 0.155087 
 -0.095430 -0.299233 0.149022 
 -0.114303 -0.292214 0.142956 
 -0.133176 -0.285196 0.136890 
 -0.152049 -0.278178 0.130825 
 -0.170923 -0.271160 0.124759 
 -0.189796 -0.264141 0.118693 
 -0.208669 -0.257123 0.112628 
 -0.218131 -0.245251 0.080783 
 -0.236957 -0.238250 0.074732 
 -0.265288 -0.236068 0.094431 
 -0.284162 -0.229050 0.088365 
 -0.303035 -0.222032 0.082299 
 -0.321908 -0.215014 0.076234 
 -0.340781 -0.207995 0.070168 
 -0.359654 -0.200977 0.064102 
 -0.378528 -0.193959 0.058037 
 -0.397401 -0.186941 0.051971 
 -0.416274 -0.179922 0.045906 
 -0.445081 -0.177564 0.065450 
 -0.454020 -0.165886 0.033774 
 -0.472893 -0.158868 0.027709 
 -0.491767 -0.151849 0.021643 
 -0.510640 -0.144831 0.015577 
 -0.529513 -0.137813 0.009512 
 -0.548386 -0.130795 0.003446 
 -0.567259 -0.123776 -0.002620 
 -0.575817 -0.112240 -0.034174 
 -0.594643 -0.105240 -0.040224 
 -0.603059 -0.093757 -0.071732 
 -0.621837 -0.086774 -0.077767 
 -0.635362 -0.077567 -0.096516 
 -0.643563 -0.066164 -0.127956 
 -0.662270 -0.059208 -0.133968 
 -0.680976 -0.052251 -0.139980 
 -0.699683 -0.045295 -0.145992 
 -0.707646 -0.033980 -0.177354 
 -0.726305 -0.027042 -0.183351 
 -0.755802 -0.024426 -0.164028 
 -0.774509 -0.017470 -0.170040 
 0.490933 -0.450300 0.030485 
 0.480412 -0.437980 -0.001688 
 0.462086 -0.431166 -0.007577 
 0.443760 -0.424351 -0.013467 
 0.425434 -0.417536 -0.019357 
 0.415152 -0.405305 -0.051454 
 0.400919 -0.395809 -0.070424 
 0.390803 -0.383640 -0.102466 
 0.372596 -0.376869 -0.108318 
 0.362623 -0.364753 -0.140315 
 0.336183 -0.363328 -0.120021 
 0.326305 -0.351248 -0.151988 
 0.308146 -0.344495 -0.157824 
 0.281562 -0.343017 -0.137575 
 0.263356 -0.336247 -0.143427 
 0.236630 -0.334715 -0.123225 
 0.218375 -0.327927 -0.129091 
 0.217350 -0.310731 -0.187005 
 0.199191 -0.303978 -0.192841 
 0.181031 -0.297226 -0.198677 
 0.040271 -0.362585 0.159168 
 0.021446 -0.355584 0.153118 
 0.002620 -0.348583 0.147067 
 -0.016206 -0.341583 0.141017 
 -0.035031 -0.334582 0.134967 
 -0.053857 -0.327582 0.128916 
 -0.081725 -0.325626 0.148752 
 -0.100598 -0.318608 0.142686 
 -0.119472 -0.311589 0.136620 
 -0.129159 -0.299580 0.104715 
 -0.157218 -0.297553 0.124489 
 -0.166810 -0.285578 0.092614 
 -0.194964 -0.283516 0.112358 
 -0.204461 -0.271577 0.080513 
 -0.223287 -0.264577 0.074463 
 -0.242113 -0.257576 0.068413 
 -0.270457 -0.255443 0.088095 
 -0.289330 -0.248425 0.082030 
 -0.308203 -0.241407 0.075964 
 -0.327077 -0.234389 0.069898 
 -0.345950 -0.227370 0.063833 
 -0.364823 -0.220352 0.057767 
 -0.373892 -0.208572 0.026060 
 -0.392717 -0.201572 0.020010 
 -0.421443 -0.199297 0.039570 
 -0.440316 -0.192279 0.033504 
 -0.459189 -0.185261 0.027439 
 -0.478062 -0.178243 0.021373 
 -0.496935 -0.171224 0.015307 
 -0.515809 -0.164206 0.009242 
 -0.534682 -0.157188 0.003176 
 -0.553555 -0.150170 -0.002890 
 -0.572428 -0.143151 -0.008955 
 -0.591301 -0.136133 -0.015021 
 -0.599799 -0.124566 -0.046544 
 -0.618624 -0.117565 -0.052594 
 -0.637450 -0.110565 -0.058645 
 -0.640498 -0.096820 -0.102811 
 -0.659252 -0.089846 -0.108839 
 -0.678006 -0.082872 -0.114866 
 -0.696761 -0.075898 -0.120894 
 -0.715515 -0.068924 -0.126921 
 -0.723512 -0.057543 -0.158284 
 -0.742219 -0.050586 -0.164296 
 -0.760926 -0.043630 -0.170308 
 -0.779632 -0.036674 -0.176320 
 0.485901 -0.469162 0.024317 
 0.467527 -0.462329 0.018412 
 0.457067 -0.449979 -0.013729 
 0.438741 -0.443164 -0.019619 
 0.420416 -0.436349 -0.025509 
 0.410146 -0.424069 -0.057590 
 0.395920 -0.414548 -0.076552 
 0.385817 -0.402331 -0.108578 
 0.367610 -0.395560 -0.114430 
 0.357650 -0.383395 -0.146411 
 0.331197 -0.382019 -0.126132 
 0.321332 -0.369890 -0.158083 
 0.303173 -0.363137 -0.163920 
 0.276576 -0.361708 -0.143687 
 0.249885 -0.360243 -0.123486 
 0.231630 -0.353455 -0.129353 
 0.209086 -0.349302 -0.122208 
 0.203749 -0.334626 -0.167093 
 0.185542 -0.327856 -0.172944 
 0.115000 -0.352390 -0.022937 
 0.035116 -0.381911 0.152848 
 0.016290 -0.374910 0.146798 
 -0.002536 -0.367910 0.140748 
 -0.021361 -0.360909 0.134697 
 -0.040187 -0.353909 0.128647 
 -0.059012 -0.346908 0.122597 
 -0.086894 -0.345001 0.142416 
 -0.105767 -0.337983 0.136350 
 -0.115489 -0.325906 0.104446 
 -0.134315 -0.318906 0.098395 
 -0.162387 -0.316928 0.118154 
 -0.171966 -0.304905 0.086295 
 -0.200133 -0.302891 0.106022 
 -0.209617 -0.290904 0.074194 
 -0.228443 -0.283903 0.068143 
 -0.247268 -0.276902 0.062093 
 -0.275626 -0.274818 0.081760 
 -0.294499 -0.267800 0.075694 
 -0.313372 -0.260782 0.069628 
 -0.332245 -0.253764 0.063563 
 -0.351119 -0.246745 0.057497 
 -0.369992 -0.239727 0.051431 
 -0.388865 -0.232709 0.045366 
 -0.407738 -0.225691 0.039300 
 -0.426611 -0.218672 0.033234 
 -0.455445 -0.216411 0.052747 
 -0.474365 -0.209375 0.046666 
 -0.493286 -0.202339 0.040585 
 -0.512207 -0.195303 0.034505 
 -0.531128 -0.188267 0.028424 
 -0.550049 -0.181231 0.022343 
 -0.568969 -0.174196 0.016262 
 -0.577597 -0.162526 -0.015291 
 -0.596470 -0.155508 -0.021356 
 -0.604954 -0.143892 -0.052864 
 -0.623780 -0.136891 -0.058914 
 -0.642605 -0.129891 -0.064964 
 -0.645634 -0.116073 -0.109107 
 -0.664388 -0.109099 -0.115134 
 -0.683142 -0.102125 -0.121162 
 -0.701897 -0.095151 -0.127189 
 -0.720651 -0.088177 -0.133217 
 0.476953 -0.490825 0.031275 
 0.462496 -0.481191 0.012244 
 0.444122 -0.474359 0.006339 
 0.433723 -0.461977 -0.025771 
 0.415397 -0.455162 -0.031660 
 0.405141 -0.442833 -0.063725 
 0.399037 -0.427792 -0.108838 
 0.380831 -0.421021 -0.114690 
 0.362624 -0.414251 -0.120541 
 0.352677 -0.402037 -0.152507 
 0.326210 -0.400710 -0.132244 
 0.316359 -0.388532 -0.164179 
 0.298199 -0.381779 -0.170015 
 0.271590 -0.380399 -0.149799 
 0.244886 -0.378983 -0.129614 
 0.226631 -0.372195 -0.135480 
 0.204080 -0.368066 -0.128344 
 0.190122 -0.358619 -0.147214 
 0.128428 -0.378250 -0.023201 
 0.109935 -0.371374 -0.029145 
 0.029960 -0.401237 0.146529 
 0.011134 -0.394236 0.140478 
 -0.007691 -0.387236 0.134428 
 -0.026517 -0.380235 0.128378 
 -0.045342 -0.373235 0.122327 
 -0.064168 -0.366234 0.116277 
 -0.082994 -0.359234 0.110227 
 -0.101819 -0.352233 0.104176 
 -0.120645 -0.345232 0.098126 
 -0.139470 -0.338232 0.092076 
 -0.158296 -0.331231 0.086025 
 -0.177122 -0.324231 0.079975 
 -0.195947 -0.317230 0.073925 
 -0.214773 -0.310230 0.067874 
 -0.233598 -0.303229 0.061824 
 -0.252424 -0.296229 0.055774 
 -0.280794 -0.294193 0.075424 
 -0.299668 -0.287175 0.069358 
 -0.318541 -0.280157 0.063293 
 -0.337414 -0.273139 0.057227 
 -0.356287 -0.266120 0.051162 
 -0.375160 -0.259102 0.045096 
 -0.384203 -0.247225 0.013421 
 -0.403029 -0.240224 0.007371 
 -0.431780 -0.238047 0.026899 
 -0.460626 -0.235835 0.046396 
 -0.479547 -0.228799 0.040315 
 -0.498468 -0.221763 0.034234 
 -0.527505 -0.219480 0.053670 
 -0.546473 -0.212427 0.047574 
 -0.565442 -0.205373 0.041478 
 -0.574151 -0.193619 0.009910 
 -0.593072 -0.186583 0.003829 
 -0.611993 -0.179547 -0.002252 
 -0.620512 -0.167865 -0.033758 
 -0.639385 -0.160847 -0.039823 
 -0.658258 -0.153828 -0.045889 
 0.471915 -0.509711 0.025100 
 0.457464 -0.500053 0.006076 
 0.439090 -0.493221 0.000171 
 0.428704 -0.480790 -0.031923 
 0.418413 -0.468395 -0.063987 
 0.400135 -0.461598 -0.069861 
 0.385922 -0.452028 -0.088807 
 0.375845 -0.439712 -0.120802 
 0.357638 -0.432942 -0.126653 
 0.339431 -0.426172 -0.132505 
 0.321224 -0.419401 -0.138356 
 0.303017 -0.412631 -0.144208 
 0.284811 -0.405860 -0.150059 
 0.258141 -0.404511 -0.129875 
 0.239886 -0.397723 -0.135741 
 0.217353 -0.393628 -0.128605 
 0.190469 -0.392199 -0.108489 
 0.172143 -0.385384 -0.114379 
 0.114662 -0.402567 -0.003449 
 0.113619 -0.385043 -0.061297 
 0.095175 -0.378184 -0.067225 
 0.005979 -0.413562 0.134159 
 -0.012847 -0.406562 0.128109 
 -0.031673 -0.399561 0.122058 
 -0.050498 -0.392561 0.116008 
 -0.069324 -0.385560 0.109958 
 -0.088149 -0.378560 0.103907 
 -0.106975 -0.371559 0.097857 
 -0.125800 -0.364559 0.091806 
 -0.144626 -0.357558 0.085756 
 -0.163452 -0.350557 0.079706 
 -0.182277 -0.343557 0.073655 
 -0.201103 -0.336556 0.067605 
 -0.219928 -0.329556 0.061555 
 -0.238754 -0.322555 0.055504 
 -0.257580 -0.315555 0.049454 
 -0.285963 -0.313568 0.069089 
 -0.304836 -0.306550 0.063023 
 -0.323710 -0.299532 0.056957 
 -0.342583 -0.292514 0.050892 
 -0.361456 -0.285495 0.044826 
 -0.380329 -0.278477 0.038760 
 -0.399202 -0.271459 0.032695 
 -0.418075 -0.264441 0.026629 
 -0.446887 -0.262295 0.046125 
 -0.465808 -0.255259 0.040044 
 -0.494763 -0.253060 0.059495 
 -0.513731 -0.246007 0.053399 
 -0.537764 -0.241354 0.060053 
 -0.556756 -0.234291 0.053949 
 -0.575749 -0.227229 0.047845 
 -0.589605 -0.217792 0.029014 
 -0.613733 -0.213104 0.035638 
 -0.627542 -0.203685 0.016822 
 -0.636095 -0.191935 -0.014684 
 -0.644554 -0.180222 -0.046159 
 -0.663427 -0.173203 -0.052224 
 0.485274 -0.535439 0.024837 
 0.466876 -0.528598 0.018924 
 0.452432 -0.518915 -0.000091 
 0.434059 -0.512083 -0.005996 
 0.423685 -0.499603 -0.038074 
 0.405359 -0.492788 -0.043964 
 0.395129 -0.480362 -0.075997 
 0.376851 -0.473565 -0.081871 
 0.362668 -0.463980 -0.100802 
 0.352652 -0.451633 -0.132765 
 0.334445 -0.444862 -0.138617 
 0.307905 -0.443615 -0.118402 
 0.298031 -0.431321 -0.150319 
 0.271396 -0.430039 -0.130136 
 0.253142 -0.423251 -0.136002 
 0.230625 -0.419189 -0.128867 
 0.212347 -0.412392 -0.134741 
 0.185450 -0.411012 -0.114641 
 0.167124 -0.404197 -0.120530 
 0.140084 -0.402764 -0.100477 
 0.108568 -0.403978 -0.067488 
 0.032862 -0.431870 0.095020 
 0.009680 -0.427560 0.101942 
 -0.009098 -0.420577 0.095907 
 -0.027876 -0.413594 0.089872 
 -0.046654 -0.406611 0.083836 
 -0.065432 -0.399629 0.077801 
 -0.093305 -0.397886 0.097588 
 -0.112131 -0.390885 0.091537 
 -0.130956 -0.383885 0.085487 
 -0.149782 -0.376884 0.079437 
 -0.168607 -0.369884 0.073386 
 -0.187433 -0.362883 0.067336 
 -0.206258 -0.355882 0.061286 
 -0.215656 -0.343766 0.029521 
 -0.234434 -0.336783 0.023486 
 -0.253212 -0.329800 0.017451 
 -0.281561 -0.327880 0.037084 
 -0.300386 -0.320880 0.031034 
 -0.328878 -0.318907 0.050622 
 -0.347751 -0.311889 0.044556 
 -0.366625 -0.304870 0.038490 
 -0.395307 -0.302827 0.058017 
 -0.404371 -0.290834 0.026359 
 -0.423244 -0.283816 0.020293 
 -0.452069 -0.281719 0.039774 
 -0.480989 -0.279587 0.059224 
 -0.499958 -0.272533 0.053128 
 -0.523973 -0.267914 0.059782 
 -0.542965 -0.260851 0.053678 
 -0.561958 -0.253789 0.047574 
 -0.580950 -0.246726 0.041470 
 -0.599942 -0.239664 0.035366 
 -0.618934 -0.232601 0.029262 
 -0.637926 -0.225539 0.023158 
 -0.656919 -0.218476 0.017054 
 -0.649722 -0.199597 -0.052494 
 -0.668596 -0.192578 -0.058560 
 0.483082 -0.572736 0.077041 
 0.480235 -0.554325 0.018661 
 0.461838 -0.547484 0.012748 
 0.447400 -0.537777 -0.006259 
 0.429027 -0.530944 -0.012164 
 0.418666 -0.518416 -0.044226 
 0.400341 -0.511601 -0.050116 
 0.390123 -0.499126 -0.082133 
 0.371845 -0.492329 -0.088007 
 0.357669 -0.482719 -0.106930 
 0.339414 -0.475931 -0.112796 
 0.321160 -0.469143 -0.118663 
 0.302906 -0.462355 -0.124530 
 0.284651 -0.455567 -0.130397 
 0.262176 -0.451547 -0.123254 
 0.243898 -0.444750 -0.129128 
 0.225620 -0.437953 -0.135003 
 0.198757 -0.436640 -0.114903 
 0.180431 -0.429825 -0.120793 
 0.153426 -0.428458 -0.100739 
 0.113234 -0.435202 -0.041825 
 0.103517 -0.422913 -0.073680 
 0.027726 -0.451123 0.088725 
 0.004537 -0.446837 0.095638 
 -0.014241 -0.439854 0.089603 
 -0.033019 -0.432872 0.083568 
 -0.051797 -0.425889 0.077533 
 -0.070575 -0.418906 0.071498 
 -0.089353 -0.411923 0.065463 
 -0.108131 -0.404940 0.059428 
 -0.126909 -0.397957 0.053393 
 -0.145687 -0.390974 0.047358 
 -0.164465 -0.383992 0.041323 
 -0.183243 -0.377009 0.035288 
 -0.202021 -0.370026 0.029252 
 -0.220799 -0.363043 0.023217 
 -0.239577 -0.356060 0.017182 
 -0.258355 -0.349077 0.011147 
 -0.286716 -0.347206 0.030765 
 -0.305542 -0.340206 0.024714 
 -0.334047 -0.338282 0.044286 
 -0.352920 -0.331264 0.038221 
 -0.381568 -0.329287 0.057746 
 -0.400488 -0.322251 0.051665 
 -0.419409 -0.315215 0.045584 
 -0.438330 -0.308179 0.039503 
 -0.457251 -0.301143 0.033422 
 -0.486184 -0.299059 0.052857 
 -0.510182 -0.294473 0.059510 
 -0.529175 -0.287411 0.053406 
 -0.558322 -0.285248 0.072771 
 -0.577362 -0.278167 0.066652 
 -0.596401 -0.271087 0.060532 
 -0.615441 -0.264007 0.054413 
 -0.634481 -0.256927 0.048294 
 -0.653521 -0.249847 0.042175 
 -0.662120 -0.237973 0.010679 
 0.496510 -0.598596 0.076776 
 0.478018 -0.591720 0.070833 
 0.475197 -0.573212 0.012485 
 0.456800 -0.566370 0.006572 
 0.442368 -0.556639 -0.012427 
 0.423995 -0.549806 -0.018332 
 0.413648 -0.537229 -0.050378 
 0.395322 -0.530414 -0.056268 
 0.376996 -0.523600 -0.062157 
 0.366839 -0.511093 -0.094143 
 0.348561 -0.504296 -0.100017 
 0.330283 -0.497499 -0.105892 
 0.316161 -0.487883 -0.124791 
 0.297906 -0.481095 -0.130658 
 0.279652 -0.474307 -0.136524 
 0.257170 -0.470311 -0.129390 
 0.238892 -0.463514 -0.135264 
 0.220614 -0.456717 -0.141138 
 0.202336 -0.449920 -0.147013 
 0.175412 -0.448638 -0.126944 
 0.135355 -0.455566 -0.068016 
 0.099430 -0.459666 -0.022120 
 0.089678 -0.447310 -0.053976 
 0.031426 -0.464931 0.056547 
 -0.000605 -0.466115 0.089334 
 -0.019383 -0.459132 0.083299 
 -0.033672 -0.449453 0.064347 
 -0.052427 -0.442479 0.058319 
 -0.071181 -0.435505 0.052292 
 -0.094495 -0.431200 0.059159 
 -0.108689 -0.421557 0.040237 
 -0.127443 -0.414583 0.034210 
 -0.146197 -0.407609 0.028182 
 -0.169607 -0.403269 0.035019 
 -0.188385 -0.396286 0.028984 
 -0.207163 -0.389303 0.022949 
 -0.225941 -0.382320 0.016914 
 -0.244719 -0.375337 0.010879 
 -0.263497 -0.368355 0.004844 
 -0.301469 -0.371693 0.050082 
 -0.320342 -0.364675 0.044016 
 -0.339216 -0.357657 0.037951 
 -0.358089 -0.350639 0.031885 
 -0.386749 -0.348710 0.051394 
 -0.405670 -0.341674 0.045314 
 -0.424591 -0.334638 0.039233 
 -0.443512 -0.327602 0.033152 
 -0.462432 -0.320567 0.027071 
 -0.481353 -0.313531 0.020990 
 -0.500274 -0.306495 0.014909 
 -0.519195 -0.299459 0.008828 
 -0.563536 -0.304794 0.066379 
 -0.582576 -0.297714 0.060260 
 -0.601616 -0.290633 0.054141 
 -0.620655 -0.283553 0.048022 
 -0.639695 -0.276473 0.041903 
 0.483692 -0.623480 0.096786 
 0.472953 -0.610704 0.064625 
 0.470159 -0.592098 0.006309 
 0.451761 -0.585257 0.000397 
 0.437336 -0.575501 -0.018595 
 0.418963 -0.568668 -0.024500 
 0.408629 -0.556042 -0.056530 
 0.390303 -0.549228 -0.062419 
 0.371977 -0.542413 -0.068309 
 0.361834 -0.529857 -0.100279 
 0.343555 -0.523060 -0.106153 
 0.325277 -0.516263 -0.112028 
 0.306999 -0.509466 -0.117902 
 0.288721 -0.502669 -0.123776 
 0.274653 -0.493046 -0.142652 
 0.252165 -0.489075 -0.135525 
 0.233886 -0.482278 -0.141400 
 0.215608 -0.475481 -0.147274 
 0.188719 -0.474266 -0.127206 
 0.170394 -0.467451 -0.133096 
 0.143362 -0.466182 -0.113075 
 0.094352 -0.478699 -0.028344 
 0.075812 -0.471805 -0.034302 
 0.035151 -0.478643 0.024403 
 -0.001300 -0.482654 0.070106 
 -0.020054 -0.475680 0.064079 
 -0.038808 -0.468706 0.058051 
 -0.048524 -0.456310 0.026219 
 -0.076317 -0.454758 0.045996 
 -0.095071 -0.447784 0.039969 
 -0.104643 -0.435441 0.008183 
 -0.132579 -0.433836 0.027914 
 -0.151334 -0.426862 0.021887 
 -0.170088 -0.419888 0.015859 
 -0.193528 -0.415563 0.022680 
 -0.212306 -0.408580 0.016645 
 -0.231084 -0.401598 0.010610 
 -0.249862 -0.394615 0.004575 
 -0.268640 -0.387632 -0.001460 
 -0.297028 -0.385859 0.018125 
 -0.325511 -0.384050 0.037681 
 -0.344384 -0.377032 0.031615 
 -0.373010 -0.375170 0.051124 
 -0.391931 -0.368134 0.045043 
 -0.410852 -0.361098 0.038962 
 -0.429773 -0.354062 0.032881 
 -0.458637 -0.352112 0.052314 
 -0.477605 -0.345059 0.046218 
 -0.496574 -0.338005 0.040122 
 -0.515542 -0.330951 0.034025 
 -0.524376 -0.318883 0.002476 
 -0.568750 -0.324340 0.059988 
 0.478615 -0.642513 0.090562 
 0.467889 -0.629688 0.058418 
 0.457258 -0.616898 0.026304 
 0.446723 -0.604143 -0.005779 
 0.432305 -0.594363 -0.024762 
 0.413931 -0.587530 -0.030667 
 0.395558 -0.580698 -0.036572 
 0.385284 -0.568041 -0.068571 
 0.366958 -0.561226 -0.074461 
 0.348633 -0.554411 -0.080351 
 0.330307 -0.547596 -0.086240 
 0.311981 -0.540782 -0.092130 
 0.301993 -0.528231 -0.124038 
 0.283715 -0.521434 -0.129912 
 0.265437 -0.514637 -0.135787 
 0.247159 -0.507840 -0.141661 
 0.228881 -0.501043 -0.147536 
 0.210602 -0.494246 -0.153410 
 0.183701 -0.493079 -0.133358 
 0.156704 -0.491877 -0.113338 
 0.116534 -0.499031 -0.054504 
 0.084892 -0.500521 -0.021627 
 0.057514 -0.499177 -0.001729 
 0.030041 -0.497798 0.018139 
 -0.006436 -0.501907 0.063810 
 -0.025190 -0.494933 0.057783 
 -0.034940 -0.482470 0.025952 
 -0.053647 -0.475514 0.019940 
 -0.072353 -0.468558 0.013927 
 -0.100207 -0.467037 0.033673 
 -0.109766 -0.454645 0.001903 
 -0.128473 -0.447689 -0.004109 
 -0.156470 -0.446115 0.015591 
 -0.175224 -0.439141 0.009564 
 -0.198670 -0.434841 0.016377 
 -0.217448 -0.427858 0.010342 
 -0.236226 -0.420875 0.004307 
 -0.264532 -0.419186 0.023907 
 -0.273782 -0.406909 -0.007763 
 -0.311807 -0.410443 0.037411 
 -0.330680 -0.403425 0.031345 
 -0.349553 -0.396407 0.025280 
 -0.368426 -0.389389 0.019214 
 -0.397113 -0.387558 0.038691 
 -0.416034 -0.380522 0.032611 
 -0.444863 -0.378639 0.052043 
 -0.463832 -0.371585 0.045947 
 -0.482800 -0.364531 0.039850 
 -0.501768 -0.357478 0.033754 
 -0.520737 -0.350424 0.027658 
 0.481317 -0.655548 0.058153 
 0.462825 -0.648672 0.052210 
 0.452207 -0.635833 0.020112 
 0.441685 -0.623029 -0.011955 
 0.427273 -0.613225 -0.030930 
 0.408899 -0.606392 -0.036835 
 0.390526 -0.599560 -0.042740 
 0.380265 -0.586854 -0.074723 
 0.361940 -0.580039 -0.080613 
 0.343614 -0.573224 -0.086502 
 0.325288 -0.566410 -0.092392 
 0.306962 -0.559595 -0.098282 
 0.288637 -0.552780 -0.104172 
 0.278709 -0.540198 -0.136048 
 0.260431 -0.533401 -0.141923 
 0.242153 -0.526604 -0.147797 
 0.215333 -0.525521 -0.127730 
 0.197008 -0.518707 -0.133620 
 0.178682 -0.511892 -0.139510 
 0.151672 -0.510739 -0.119505 
 0.098372 -0.526481 -0.021893 
 0.071028 -0.525204 -0.001995 
 0.043590 -0.523891 0.017872 
 0.024931 -0.516953 0.011875 
 -0.002650 -0.515587 0.031696 
 -0.021356 -0.508631 0.025684 
 -0.031046 -0.496137 -0.006115 
 -0.049705 -0.489198 -0.012112 
 -0.077476 -0.487762 0.007648 
 -0.096183 -0.480805 0.001636 
 -0.114889 -0.473849 -0.004376 
 -0.133596 -0.466893 -0.010388 
 -0.152303 -0.459937 -0.016401 
 -0.180360 -0.458394 0.003268 
 -0.199114 -0.451420 -0.002759 
 -0.222591 -0.447135 0.004038 
 -0.241369 -0.440152 -0.001997 
 -0.260147 -0.433169 -0.008032 
 -0.278925 -0.426186 -0.014067 
 -0.316975 -0.429818 0.031075 
 -0.335848 -0.422800 0.025010 
 -0.354722 -0.415782 0.018944 
 -0.383374 -0.414018 0.038421 
 -0.402294 -0.406982 0.032340 
 -0.431090 -0.405165 0.051772 
 -0.450058 -0.398111 0.045675 
 -0.469026 -0.391058 0.039579 
 -0.487995 -0.384004 0.033483 
 -0.506963 -0.376950 0.027387 
 -0.525931 -0.369897 0.021290 
 0.476253 -0.674533 0.051945 
 0.457760 -0.667656 0.046002 
 0.447156 -0.654768 0.013921 
 0.436646 -0.641916 -0.018131 
 0.418249 -0.635075 -0.024043 
 0.403868 -0.625254 -0.043003 
 0.385494 -0.618422 -0.048908 
 0.367121 -0.611589 -0.054813 
 0.356921 -0.598852 -0.086764 
 0.338595 -0.592037 -0.092654 
 0.320269 -0.585223 -0.098544 
 0.301944 -0.578408 -0.104434 
 0.283618 -0.571593 -0.110323 
 0.265292 -0.564778 -0.116213 
 0.246966 -0.557964 -0.122103 
 0.228640 -0.551149 -0.127993 
 0.210315 -0.544334 -0.133882 
 0.191989 -0.537520 -0.139772 
 0.173663 -0.530705 -0.145662 
 0.146640 -0.529600 -0.125673 
 0.128267 -0.522768 -0.131578 
 0.065931 -0.544310 -0.008242 
 0.038480 -0.543046 0.011609 
 0.019821 -0.536108 0.005612 
 0.001162 -0.529169 -0.000385 
 -0.017497 -0.522231 -0.006382 
 -0.036156 -0.515292 -0.012379 
 -0.054815 -0.508353 -0.018376 
 -0.073474 -0.501415 -0.024372 
 -0.101306 -0.500009 -0.004644 
 -0.110792 -0.487538 -0.036366 
 -0.138719 -0.486097 -0.016668 
 -0.157426 -0.479141 -0.022680 
 -0.185496 -0.477647 -0.003027 
 -0.204250 -0.470673 -0.009055 
 -0.227734 -0.466412 -0.002265 
 -0.246512 -0.459429 -0.008301 
 -0.265290 -0.452447 -0.014336 
 -0.284068 -0.445464 -0.020371 
 -0.322144 -0.449193 0.024740 
 -0.341017 -0.442175 0.018674 
 -0.359890 -0.435157 0.012608 
 -0.378764 -0.428139 0.006543 
 -0.397637 -0.421120 0.000477 
 -0.436284 -0.424638 0.045404 
 -0.455253 -0.417584 0.039308 
 0.471188 -0.693517 0.045738 
 0.452696 -0.686640 0.039794 
 0.442104 -0.673703 0.007729 
 0.431608 -0.660802 -0.024306 
 0.413211 -0.653961 -0.030219 
 0.398836 -0.644116 -0.049171 
 0.380462 -0.637284 -0.055076 
 0.362089 -0.630451 -0.060981 
 0.351902 -0.617665 -0.092916 
 0.333576 -0.610850 -0.098806 
 0.315251 -0.604036 -0.104696 
 0.288596 -0.603122 -0.084601 
 0.278599 -0.590406 -0.116475 
 0.260273 -0.583592 -0.122365 
 0.241947 -0.576777 -0.128255 
 0.223622 -0.569962 -0.134144 
 0.205296 -0.563147 -0.140034 
 0.186970 -0.556333 -0.145924 
 0.159982 -0.555295 -0.125936 
 0.137253 -0.551342 -0.118909 
 0.092583 -0.561725 -0.047280 
 0.060834 -0.563416 -0.014490 
 0.033370 -0.562202 0.005345 
 0.014711 -0.555263 -0.000652 
 -0.003948 -0.548324 -0.006649 
 -0.022607 -0.541386 -0.012646 
 -0.041266 -0.534447 -0.018642 
 -0.059925 -0.527509 -0.024639 
 -0.078584 -0.520570 -0.030636 
 -0.106429 -0.519213 -0.010923 
 -0.125136 -0.512257 -0.016936 
 -0.143842 -0.505301 -0.022948 
 -0.162549 -0.498345 -0.028960 
 -0.190632 -0.496900 -0.009323 
 -0.209386 -0.489926 -0.015350 
 -0.232876 -0.485690 -0.008569 
 -0.261174 -0.484165 0.010998 
 -0.279999 -0.477164 0.004948 
 -0.298825 -0.470164 -0.001102 
 -0.327313 -0.468568 0.018404 
 -0.346186 -0.461550 0.012339 
 -0.365059 -0.454532 0.006273 
 -0.383932 -0.447514 0.000207 
 -0.402805 -0.440495 -0.005858 
 0.458305 -0.718645 0.065668 
 0.439765 -0.711751 0.059709 
 0.429139 -0.698747 0.027643 
 0.418608 -0.685780 -0.004391 
 0.400163 -0.678921 -0.010319 
 0.381719 -0.672062 -0.016247 
 0.375431 -0.656146 -0.061243 
 0.357057 -0.649313 -0.067148 
 0.338684 -0.642481 -0.073054 
 0.328558 -0.629663 -0.104958 
 0.310232 -0.622849 -0.110848 
 0.283564 -0.621984 -0.090769 
 0.273580 -0.609219 -0.122627 
 0.255254 -0.602405 -0.128517 
 0.236929 -0.595590 -0.134406 
 0.218603 -0.588775 -0.140296 
 0.200277 -0.581960 -0.146186 
 0.173323 -0.580989 -0.126199 
 0.154950 -0.574157 -0.132104 
 0.114768 -0.581844 -0.073392 
 0.083120 -0.583653 -0.040588 
 0.055737 -0.582523 -0.020738 
 0.037126 -0.575602 -0.026719 
 0.009601 -0.574418 -0.006916 
 -0.009058 -0.567479 -0.012912 
 -0.027717 -0.560541 -0.018909 
 -0.046376 -0.553602 -0.024906 
 -0.065035 -0.546664 -0.030903 
 -0.083694 -0.539725 -0.036900 
 -0.111552 -0.538417 -0.017203 
 -0.130259 -0.531461 -0.023215 
 -0.148965 -0.524505 -0.029227 
 -0.177014 -0.523126 -0.009591 
 -0.200463 -0.518933 -0.002803 
 -0.219241 -0.511950 -0.008838 
 -0.247504 -0.510492 0.010729 
 -0.266329 -0.503491 0.004679 
 -0.285155 -0.496490 -0.001372 
 -0.303980 -0.489490 -0.007422 
 -0.342156 -0.493397 0.037609 
 -0.351355 -0.480925 0.006003 
 -0.370228 -0.473907 -0.000063 
 0.453227 -0.737678 0.059444 
 0.434687 -0.730784 0.053485 
 0.424075 -0.717731 0.021436 
 0.413557 -0.704715 -0.010583 
 0.395112 -0.697856 -0.016511 
 0.384737 -0.684892 -0.048483 
 0.366340 -0.678051 -0.054396 
 0.347943 -0.671210 -0.060308 
 0.329545 -0.664369 -0.066221 
 0.315279 -0.654510 -0.085126 
 0.296905 -0.647678 -0.091031 
 0.278532 -0.640845 -0.096936 
 0.260159 -0.634013 -0.102841 
 0.241785 -0.627181 -0.108746 
 0.223412 -0.620348 -0.114651 
 0.205038 -0.613516 -0.120556 
 0.182368 -0.609639 -0.113523 
 0.163971 -0.602797 -0.119435 
 0.136885 -0.601831 -0.099502 
 0.109704 -0.600828 -0.079600 
 0.078036 -0.602711 -0.046820 
 0.059472 -0.595807 -0.052786 
 0.032029 -0.594708 -0.032967 
 0.013418 -0.587787 -0.038948 
 -0.014168 -0.586635 -0.019176 
 -0.032827 -0.579696 -0.025173 
 -0.051486 -0.572757 -0.031170 
 -0.070145 -0.565819 -0.037166 
 -0.088804 -0.558880 -0.043163 
 -0.116675 -0.557621 -0.023483 
 -0.135382 -0.550665 -0.029495 
 -0.154088 -0.543709 -0.035507 
 -0.172795 -0.536752 -0.041519 
 -0.205606 -0.538210 -0.009106 
 -0.224384 -0.531227 -0.015141 
 -0.252659 -0.529818 0.004409 
 -0.271485 -0.522817 -0.001641 
 -0.290310 -0.515817 -0.007691 
 -0.309136 -0.508816 -0.013742 
 -0.347338 -0.512821 0.031258 
 -0.356523 -0.500300 -0.000332 
 -0.375396 -0.493282 -0.006398 
 0.448150 -0.756711 0.053220 
 0.429610 -0.749817 0.047262 
 0.419010 -0.736716 0.015228 
 0.400518 -0.729839 0.009285 
 0.390061 -0.716791 -0.022702 
 0.379699 -0.703779 -0.054659 
 0.361301 -0.696937 -0.060572 
 0.342904 -0.690096 -0.066484 
 0.328620 -0.680205 -0.085389 
 0.310247 -0.673372 -0.091294 
 0.291873 -0.666540 -0.097199 
 0.269316 -0.662731 -0.090135 
 0.255127 -0.652875 -0.109009 
 0.236753 -0.646043 -0.114914 
 0.218380 -0.639210 -0.120819 
 0.195727 -0.635366 -0.113786 
 0.177330 -0.628525 -0.119698 
 0.150278 -0.627625 -0.099766 
 0.131834 -0.620766 -0.105694 
 0.095890 -0.625718 -0.059992 
 0.064155 -0.627656 -0.027252 
 0.045543 -0.620735 -0.033233 
 0.018040 -0.619667 -0.013446 
 -0.000619 -0.612728 -0.019443 
 -0.019278 -0.605790 -0.025440 
 -0.037937 -0.598851 -0.031436 
 -0.056596 -0.591912 -0.037433 
 -0.084385 -0.590738 -0.017738 
 -0.103092 -0.583782 -0.023750 
 -0.131024 -0.582554 -0.004100 
 -0.140505 -0.569869 -0.035774 
 -0.168532 -0.568606 -0.016155 
 -0.191970 -0.564470 -0.009375 
 -0.229580 -0.568803 0.035792 
 -0.238989 -0.556144 0.004140 
 -0.267326 -0.554766 0.023660 
 -0.295758 -0.553353 0.043149 
 -0.314678 -0.546317 0.037068 
 -0.323946 -0.533712 0.005463 
 -0.342819 -0.526693 -0.000602 
 -0.371441 -0.525209 0.018825 
 -0.390361 -0.518173 0.012744 
 0.439144 -0.778889 0.060041 
 0.420580 -0.771986 0.054075 
 0.405993 -0.761955 0.035080 
 0.395453 -0.748823 0.003077 
 0.385009 -0.735726 -0.028894 
 0.366565 -0.728867 -0.034822 
 0.348120 -0.722008 -0.040750 
 0.337866 -0.708983 -0.072660 
 0.319469 -0.702141 -0.078573 
 0.301072 -0.695300 -0.084485 
 0.282674 -0.688459 -0.090398 
 0.264277 -0.681618 -0.096311 
 0.245880 -0.674776 -0.102223 
 0.227483 -0.667935 -0.108136 
 0.209086 -0.661094 -0.114049 
 0.190688 -0.654252 -0.119961 
 0.172291 -0.647411 -0.125874 
 0.136560 -0.652550 -0.080129 
 0.118068 -0.645673 -0.086072 
 0.090813 -0.644751 -0.066216 
 0.059058 -0.646762 -0.033499 
 0.040446 -0.639841 -0.039481 
 0.012930 -0.638822 -0.019710 
 -0.005729 -0.631883 -0.025706 
 -0.024388 -0.624945 -0.031703 
 -0.043047 -0.618006 -0.037700 
 -0.061706 -0.611068 -0.043697 
 -0.089508 -0.609942 -0.024018 
 -0.108215 -0.602986 -0.030030 
 -0.136160 -0.601807 -0.010396 
 -0.154914 -0.594833 -0.016423 
 -0.178335 -0.590730 -0.009643 
 -0.206494 -0.589472 0.009921 
 -0.225319 -0.582471 0.003871 
 -0.253621 -0.581160 0.023390 
 -0.272495 -0.574141 0.017325 
 -0.300939 -0.572777 0.036797 
 -0.319860 -0.565741 0.030717 
 -0.338781 -0.558705 0.024636 
 -0.357702 -0.551669 0.018555 
 -0.376622 -0.544633 0.012474 
 -0.395543 -0.537597 0.006393 
 0.400915 -0.780988 0.028856 
 0.390389 -0.767807 -0.003131 
 0.371897 -0.760930 -0.009074 
 0.361513 -0.747803 -0.041014 
 0.343068 -0.740944 -0.046942 
 0.324624 -0.734085 -0.052870 
 0.306179 -0.727226 -0.058798 
 0.296033 -0.714186 -0.090661 
 0.277636 -0.707345 -0.096574 
 0.259239 -0.700504 -0.102486 
 0.240842 -0.693663 -0.108399 
 0.222445 -0.686821 -0.114312 
 0.204047 -0.679980 -0.120224 
 0.177065 -0.679213 -0.100293 
 0.158620 -0.672354 -0.106221 
 0.131496 -0.671534 -0.086336 
 0.113003 -0.664657 -0.092280 
 0.081348 -0.666786 -0.059549 
 0.053961 -0.665869 -0.039747 
 0.026479 -0.664916 -0.019976 
 0.007820 -0.657977 -0.025973 
 -0.019805 -0.656971 -0.006249 
 -0.029498 -0.644100 -0.037967 
 -0.048157 -0.637161 -0.043964 
 -0.066816 -0.630223 -0.049961 
 -0.094631 -0.629146 -0.030297 
 -0.122542 -0.628034 -0.010664 
 -0.141296 -0.621060 -0.016691 
 -0.164699 -0.616990 -0.009912 
 -0.192824 -0.615798 0.009652 
 -0.211649 -0.608798 0.003602 
 -0.239917 -0.607553 0.023120 
 -0.258790 -0.600535 0.017055 
 -0.277663 -0.593516 0.010989 
 -0.306121 -0.592201 0.030446 
 -0.325042 -0.585165 0.024365 
 -0.334283 -0.572462 -0.007208 
 -0.353156 -0.565443 -0.013273 
 -0.381804 -0.564057 0.006122 
 0.385325 -0.786791 -0.009338 
 0.366832 -0.779915 -0.015282 
 0.348340 -0.773038 -0.021225 
 0.338017 -0.759879 -0.053133 
 0.319572 -0.753020 -0.059061 
 0.301127 -0.746161 -0.064989 
 0.282683 -0.739302 -0.070917 
 0.264238 -0.732443 -0.076845 
 0.254201 -0.719390 -0.108662 
 0.235803 -0.712549 -0.114575 
 0.208903 -0.711866 -0.094629 
 0.190459 -0.705007 -0.100557 
 0.172014 -0.698148 -0.106485 
 0.153569 -0.691289 -0.112413 
 0.126431 -0.690518 -0.092544 
 0.099198 -0.689712 -0.072705 
 0.067475 -0.691896 -0.040013 
 0.048864 -0.684975 -0.045995 
 0.021369 -0.684071 -0.026240 
 0.002710 -0.677132 -0.032237 
 -0.024928 -0.676175 -0.012529 
 -0.043634 -0.669219 -0.018541 
 -0.062341 -0.662262 -0.024553 
 -0.081048 -0.655306 -0.030565 
 -0.108924 -0.654261 -0.010932 
 -0.127678 -0.647287 -0.016959 
 -0.151064 -0.643250 -0.010180 
 -0.165186 -0.633339 -0.029014 
 -0.197980 -0.635124 0.003333 
 -0.216805 -0.628124 -0.002718 
 -0.245086 -0.626928 0.016785 
 -0.263959 -0.619910 0.010719 
 -0.282832 -0.612891 0.004654 
 -0.311303 -0.611625 0.024094 
 -0.330224 -0.604589 0.018013 
 -0.339452 -0.591837 -0.013543 
 -0.358325 -0.584818 -0.019609 
 0.343276 -0.792022 -0.027433 
 0.324783 -0.785145 -0.033376 
 0.306291 -0.778269 -0.039319 
 0.296076 -0.765096 -0.071181 
 0.277631 -0.758237 -0.077109 
 0.259186 -0.751378 -0.083037 
 0.240742 -0.744519 -0.088965 
 0.222297 -0.737660 -0.094893 
 0.203852 -0.730801 -0.100821 
 0.185407 -0.723942 -0.106749 
 0.158352 -0.723255 -0.086865 
 0.139859 -0.716379 -0.092809 
 0.112660 -0.715639 -0.072970 
 0.089744 -0.711804 -0.066046 
 0.062378 -0.711002 -0.046261 
 0.034918 -0.710165 -0.026507 
 0.016259 -0.703226 -0.032504 
 -0.011344 -0.702335 -0.012796 
 -0.030051 -0.695379 -0.018808 
 -0.048757 -0.688423 -0.024820 
 -0.076551 -0.687462 -0.005173 
 -0.095306 -0.680488 -0.011200 
 -0.118651 -0.676493 -0.004414 
 -0.146658 -0.675452 0.015164 
 -0.156207 -0.662528 -0.016484 
 -0.174985 -0.655545 -0.022519 
 -0.231253 -0.672117 0.073715 
 -0.250222 -0.665063 0.067619 
 -0.269190 -0.658010 0.061523 
 -0.269128 -0.639285 0.004384 
 0.282734 -0.790376 -0.051470 
 0.264242 -0.783499 -0.057413 
 0.254135 -0.770313 -0.089229 
 0.235690 -0.763455 -0.095157 
 0.217246 -0.756596 -0.101085 
 0.198801 -0.749737 -0.107013 
 0.180356 -0.742878 -0.112941 
 0.153287 -0.742240 -0.093073 
 0.134795 -0.735363 -0.099016 
 0.103223 -0.737764 -0.066311 
 0.084660 -0.730861 -0.072277 
 0.048467 -0.736258 -0.026774 
 0.029808 -0.729320 -0.032771 
 0.011149 -0.722381 -0.038767 
 -0.025425 -0.727636 0.006614 
 -0.044179 -0.720662 0.000586 
 -0.062933 -0.713688 -0.005441 
 -0.081687 -0.706714 -0.011468 
 -0.100442 -0.699740 -0.017496 
 -0.123793 -0.695771 -0.010717 
 -0.151814 -0.694778 0.008845 
 -0.170640 -0.687778 0.002794 
 -0.189465 -0.680777 -0.003256 
 -0.217677 -0.679714 0.016245 
 -0.236550 -0.672696 0.010179 
 -0.274385 -0.677483 0.055155 
 0.249084 -0.789249 -0.095420 
 0.230639 -0.782390 -0.101348 
 0.212194 -0.775531 -0.107276 
 0.193749 -0.768672 -0.113204 
 0.175305 -0.761813 -0.119132 
 0.156860 -0.754954 -0.125060 
 0.121046 -0.760599 -0.079459 
 0.102506 -0.753705 -0.085417 
 0.079576 -0.749919 -0.078509 
 0.052184 -0.749214 -0.058756 
 0.015823 -0.754656 -0.013331 
 -0.011807 -0.753863 0.006346 
 -0.030561 -0.746889 0.000318 
 -0.049315 -0.739915 -0.005709 
 -0.068069 -0.732941 -0.011737 
 -0.091380 -0.729014 -0.004951 
 -0.110158 -0.722031 -0.010986 
 -0.128936 -0.715048 -0.017021 
 -0.156970 -0.714105 0.002525 
 -0.185099 -0.713126 0.022041 
 -0.194621 -0.700103 -0.009576 
 -0.222845 -0.699089 0.009910 
 -0.241719 -0.692071 0.003844 
 0.190128 -0.807209 -0.061848 
 0.171588 -0.800315 -0.067807 
 0.153048 -0.793421 -0.073765 
 0.134508 -0.786526 -0.079724 
 0.111619 -0.782782 -0.072808 
 0.093055 -0.775879 -0.078774 
 0.065699 -0.775242 -0.059022 
 0.029406 -0.780816 -0.013599 
 0.010700 -0.773860 -0.019611 
 -0.016943 -0.773116 0.000050 
 -0.035697 -0.766142 -0.005977 
 -0.058967 -0.762257 0.000816 
 -0.077745 -0.755274 -0.005219 
 -0.096523 -0.748291 -0.011254 
 -0.124474 -0.747432 0.008306 
 -0.143300 -0.740431 0.002256 
 -0.162125 -0.733431 -0.003795 
 -0.180951 -0.726430 -0.009845 
 -0.190412 -0.713377 -0.041430 
 -0.209190 -0.706394 -0.047465 
 -0.246887 -0.711446 -0.002492 
 0.125099 -0.808743 -0.073074 
 0.097824 -0.808190 -0.053307 
 0.070455 -0.807601 -0.033571 
 0.051796 -0.800662 -0.039568 
 0.024283 -0.800020 -0.019878 
 -0.003325 -0.799343 -0.000218 
 -0.022079 -0.792369 -0.006246 
 -0.054328 -0.794760 0.026188 
 -0.073153 -0.787760 0.020138 
 -0.082887 -0.774551 -0.011523 
 -0.110804 -0.773758 0.008037 
 -0.138817 -0.772931 0.027567 
 -0.157690 -0.765913 0.021501 
 -0.176563 -0.758894 0.015435 
 -0.186107 -0.745756 -0.016164 
 -0.195555 -0.732654 -0.047733 
 -0.214333 -0.725671 -0.053768 
 0.019160 -0.819224 -0.026158 
 -0.008461 -0.818596 -0.006514 
 -0.031696 -0.814777 0.000279 
 -0.059483 -0.814086 0.019868 
 -0.069252 -0.800811 -0.011791 
 -0.088030 -0.793828 -0.017826 
 -0.115960 -0.793085 0.001717 
 -0.143986 -0.792306 0.021231 
 -0.162859 -0.785288 0.015166 
 -0.181732 -0.778269 0.009100 
 -0.074394 -0.820088 -0.018095 
 -0.093172 -0.813105 -0.024130 
 -0.121116 -0.812411 -0.004602 
 -0.149154 -0.811681 0.014896 
 -0.168027 -0.804663 0.008830 
 -0.098315 -0.832383 -0.030434 
 -0.126271 -0.831737 -0.010922 
 -0.145097 -0.824736 -0.016972 
 -0.163922 -0.817736 -0.023022 
 -0.169078 -0.837062 -0.029342 
 