0.396764 -0.580698 -0.036572 
 0.291873 -0.667247 -0.097199 
 0.114969 0.696317 -0.037503 
 -0.228959 -0.568803 0.035792 
 -0.487656 -0.132474 0.027978 
 0.179224 0.713709 -0.008247 
 0.229875 0.304215 -0.077198 
 -0.503670 -0.040938 0.042451 
 0.222297 -0.737660 -0.095463 
 0.282734 -0.791393 -0.051470 
 -0.052546 0.732962 -0.173985 
 -0.080767 -0.706714 -0.011468 
 0.240742 -0.744519 -0.088308 
 -0.546459 0.065260 -0.059682 
 0.274653 -0.493046 -0.141205 
 0.049019 0.708488 -0.106843 
 -0.159828 -0.046703 0.285662 
 -0.371441 -0.525209 0.019811 
 -0.443944 -0.327602 0.033152 
 0.089924 -0.711804 -0.066046 
 -0.575817 -0.112240 -0.034118 
 -0.119555 0.955668 -0.121915 
 0.301944 -0.578868 -0.104434 
 0.222819 -0.686821 -0.114312 
 -0.640498 -0.096481 -0.102811 
 -0.650452 -0.199597 -0.052494 
 0.309693 -0.443615 -0.118402 
 0.364584 -0.058309 -0.072222 
 -0.566348 -0.123776 -0.002620 
 -0.057474 0.714312 -0.180024 
 0.298199 -0.381779 -0.169340 
 0.050731 0.864620 0.078278 
 0.320433 0.273439 -0.048094 
 0.240538 0.728666 0.264733 
 0.206805 0.697266 0.031235 
 -0.176054 -0.439141 0.009564 
 -0.351119 -0.247388 0.057497 
 0.178246 0.217322 -0.087134 
 -0.062627 -0.662262 -0.024553 
 -0.072062 0.924590 -0.032654 
 -0.695960 0.228215 -0.253112 
 -0.726037 0.344402 -0.239788 
 0.103517 -0.422913 -0.073192 
 -0.639695 -0.276473 0.041935 
 0.332942 0.491543 0.112175 
 -0.729559 0.178269 -0.277991 
 -0.009134 -0.137894 0.297632 
 -0.038810 -0.320355 0.167219 
 -0.008165 -0.387236 0.134428 
 -0.481043 -0.279587 0.059224 
 0.366544 0.249785 -0.004129 
 -0.696761 -0.075843 -0.120894 
 -0.548386 -0.130795 0.001670 
 0.344864 0.515215 0.183766 
 -0.199697 0.848599 -0.207908 
 -0.138691 -0.154010 0.239217 
 0.062378 -0.711002 -0.044803 
 0.216812 0.139910 -0.087913 
 -0.273449 -0.188997 0.177928 
 0.025530 0.568415 -0.117126 
 -0.253212 -0.329593 0.017451 
 0.381464 0.303336 0.014159 
 -0.559922 0.058474 -0.097511 
 -0.596470 -0.156139 -0.021356 
 0.366340 -0.678918 -0.054396 
 0.091009 -0.711804 -0.066046 
 -0.522543 -0.035649 0.035124 
 0.210045 0.635648 0.017535 
 0.351673 0.535135 0.189934 
 0.262114 0.355192 -0.053137 
 -0.221427 -0.447135 0.004038 
 -0.068950 0.370844 0.413826 
 0.413358 -0.587530 -0.030667 
 0.365045 0.345016 0.045802 
 -0.357702 -0.551121 0.018555 
 -0.052082 0.092390 0.329680 
 0.356317 0.456019 0.144166 
 0.285994 0.367050 -0.041237 
 -0.733622 0.018207 -0.176821 
 0.389222 -0.189260 -0.091289 
 0.423876 0.003964 0.041782 
 0.409425 -0.606392 -0.036835 
 -0.273449 -0.189624 0.178786 
 -0.626119 0.040979 -0.126540 
 0.405993 -0.760751 0.035080 
 0.206803 0.295080 -0.089099 
 -0.636384 -0.225539 0.023158 
 -0.404165 -0.290834 0.026359 
 -0.053895 0.006180 0.309641 
 -0.489965 -0.067331 0.041251 
 -0.076959 0.863609 -0.154956 
 -0.103089 0.913932 -0.154335 
 -0.724483 0.118691 -0.226092 
 0.413648 -0.537105 -0.050378 
 0.222445 -0.686821 -0.114551 
 -0.020032 0.764167 -0.170173 
 -0.535506 -0.041936 -0.002845 
 -0.621840 0.139350 -0.164946 
 0.179306 0.829036 0.292511 
 0.383121 0.063936 0.023321 
 -0.339704 0.818528 -0.162210 
 -0.582220 -0.297714 0.060260 
 -0.083352 0.211064 0.342605 
 -0.619385 0.060135 -0.121782 
 0.226870 0.593392 -0.014808 
 0.010615 -0.312565 0.250564 
 0.312241 0.316394 -0.041504 
 -0.491767 -0.151341 0.021643 
 -0.021361 -0.361303 0.134697 
 -0.065432 -0.399717 0.077801 
 -0.552876 0.129368 -0.110321 
 0.183112 0.731891 -0.002167 
 0.192105 0.493193 -0.097311 
 -0.229253 -0.568803 0.035792 
 0.213718 0.618720 -0.016258 
 -0.330680 -0.404713 0.031345 
 -0.030706 -0.232822 0.250920 
 -0.162859 -0.785288 0.014080 
 -0.188198 0.913334 -0.234934 
 0.316749 -0.114473 -0.134200 
 -0.329834 0.890819 -0.113114 
 -0.075112 -0.687462 -0.005173 
 -0.013096 0.965022 0.108010 
 -0.558322 -0.284104 0.072771 
 0.265437 -0.514637 -0.135623 
 -0.022792 -0.541386 -0.012646 
 0.147961 0.745361 -0.014397 
 -0.683864 0.270083 -0.177434 
 -0.027995 0.340481 0.393337 
 0.274653 -0.493046 -0.140598 
 0.168840 -0.062321 -0.091829 
 -0.019278 -0.606344 -0.025440 
 0.028741 0.662314 -0.157151 
 0.276018 0.330856 -0.053396 
 -0.147215 0.782281 -0.171413 
 0.326434 0.570529 0.156260 
 -0.041266 -0.534447 -0.018042 
 0.192266 -0.227631 -0.149657 
 -0.626119 0.040997 -0.128046 
 -0.111135 0.769740 -0.159024 
 0.019821 -0.536108 0.006264 
 0.236914 -0.283648 -0.142906 
 -0.118012 0.109666 0.336856 
 0.333069 -0.202315 -0.147185 
 0.424196 -0.108426 -0.029830 
 -0.076959 0.862874 -0.155093 
 0.263898 0.419358 -0.055922 
 0.286482 0.612552 0.119441 
 -0.109216 0.706596 -0.171394 
 0.262212 0.419358 -0.053957 
 0.290446 -0.063509 -0.133989 
 0.108507 0.821346 -0.011965 
 0.448150 -0.756711 0.053147 
 0.301127 -0.746161 -0.062930 
 0.430693 -0.234354 -0.053571 
 -0.711114 0.171410 -0.272045 
 0.362971 0.085888 -0.041223 
 -0.224384 -0.531081 -0.015141 
 0.314649 0.029150 -0.103589 
 0.202787 0.678624 0.023890 
 0.366839 -0.510444 -0.094143 
 -0.712644 0.317674 -0.240245 
 0.164546 0.462913 -0.115220 
 0.313517 -0.051958 -0.122841 
 0.234577 0.680722 0.068281 
 -0.132654 0.803106 -0.190849 
 -0.334283 -0.573510 -0.007208 
 0.294719 -0.765096 -0.071181 
 0.416897 -0.323451 -0.032178 
 0.124546 0.796018 -0.013291 
 0.205204 0.468015 -0.097163 
 0.371290 0.041851 -0.050035 
 -0.034940 -0.482495 0.025952 
 0.010916 0.900929 0.179792 
 -0.049538 0.898338 -0.059340 
 0.059386 0.665179 -0.113157 
 -0.208669 -0.256759 0.112628 
 -0.219378 -0.329556 0.061555 
 -0.133176 -0.286855 0.136890 
 -0.571487 0.133137 -0.116302 
 -0.522038 -0.033920 0.035124 
 0.420695 0.131878 0.145333 
 0.214024 -0.412392 -0.134741 
 0.257444 0.544223 -0.029341 
 0.231630 -0.351942 -0.129353 
 -0.071836 0.693179 -0.158695 
 0.351469 0.015096 -0.091948 
 -0.090261 -0.279858 0.154493 
 0.366484 -0.511093 -0.094143 
 0.291532 0.666225 0.164707 
 -0.357702 -0.550544 0.018555 
 -0.596401 -0.272226 0.060532 
 -0.600293 0.102465 -0.134303 
 -0.222161 -0.045421 0.260975 
 -0.075081 -0.121196 0.303537 
 0.327981 0.180714 -0.034348 
 -0.664305 0.117041 -0.203124 
 0.450770 -0.273956 -0.008503 
 0.247159 -0.507840 -0.140626 
 -0.620655 -0.283553 0.048698 
 0.204164 -0.285336 -0.185995 
 0.185093 0.042433 -0.092189 
 -0.514923 -0.330951 0.034025 
 0.419750 -0.271494 -0.065795 
 -0.090066 0.105212 0.316831 
 -0.141296 -0.619949 -0.016691 
 0.418608 -0.685284 -0.004391 
 -0.634195 0.053280 -0.159503 
 0.209137 -0.266401 -0.180649 
 -0.382526 -0.144966 0.129599 
 0.328192 0.455604 0.086687 
 0.188202 0.253378 -0.074942 
 -0.698434 0.180508 -0.233986 
 0.110879 0.530353 -0.152655 
 -0.469026 -0.391058 0.037674 
 -0.057541 0.667951 -0.160056 
 0.325383 0.421362 0.047863 
 -0.021489 0.700858 -0.166236 
 0.263356 0.466410 -0.074119 
 -0.222161 -0.045007 0.260975 
 -0.083052 0.210752 0.342605 
 0.040446 -0.639841 -0.040391 
 0.258868 -0.079284 -0.119690 
 -0.143996 0.720013 -0.183612 
 0.342904 -0.690413 -0.066484 
 -0.183746 -0.713126 0.022041 
 -0.695960 0.227637 -0.252963 
 0.201953 0.678624 0.023890 
 0.229304 0.370378 -0.077985 
 -0.126475 -0.031255 0.272203 
 0.506028 -0.392939 0.048988 
 0.358331 0.292566 0.003772 
 -0.036524 -0.286471 0.205853 
 -0.120645 -0.343980 0.098126 
 0.151792 0.535719 -0.135050 
 -0.104955 0.816024 -0.192550 
 0.400969 0.138974 0.139420 
 -0.064784 0.186726 0.329229 
 -0.646184 0.222837 -0.203476 
 -0.632440 0.101235 -0.178468 
 0.098107 0.767577 -0.044522 
 0.348464 0.302924 -0.031198 
 0.233886 -0.481623 -0.141400 
 0.150299 0.809225 0.214832 
 -0.338781 -0.559250 0.024636 
 -0.144626 -0.357558 0.086133 
 -0.674224 0.157012 -0.259682 
 0.245923 -0.247942 -0.130682 
 0.367875 0.348778 0.125541 
 0.248922 -0.117558 -0.132667 
 -0.156207 -0.662528 -0.015817 
 -0.503670 -0.041889 0.041189 
 -0.286312 -0.128578 0.216649 
 0.357062 0.389169 0.053454 
 -0.692669 0.163089 -0.265610 
 0.004105 -0.314949 0.183536 
 -0.658028 -0.089846 -0.108839 
 0.152526 -0.005861 -0.039414 
 0.397662 -0.008208 -0.048098 
 0.126027 -0.808743 -0.073074 
 0.190125 0.767378 0.253066 
 -0.148965 -0.525134 -0.029227 
 -0.192359 -0.564470 -0.009375 
 0.470159 -0.592098 0.006069 
 0.124889 0.732524 -0.025710 
 0.376513 0.285814 0.008063 
 -0.126724 0.155838 0.344751 
 -0.696761 -0.075898 -0.121203 
 0.308474 0.577344 0.151720 
 0.457464 -0.500053 0.007050 
 -0.348087 0.897818 -0.118966 
 -0.473364 -0.158868 0.027709 
 0.248625 -0.166408 -0.112864 
 0.424172 -0.549806 -0.018332 
 -0.356703 -0.266120 0.051162 
 0.400518 -0.729839 0.009851 
 0.366340 -0.678051 -0.054673 
 -0.037237 0.133028 0.328686 
 -0.577597 -0.161949 -0.015291 
 0.295563 0.487247 0.081082 
 0.083442 0.837783 0.164525 
 0.253142 -0.423251 -0.136028 
 -0.233652 -0.118020 0.209534 
 -0.133044 -0.134513 0.246429 
 0.361301 -0.696937 -0.059634 
 -0.424810 -0.134268 0.052511 
 0.453798 -0.386725 -0.001335 
 -0.378764 -0.427813 0.006543 
 -0.104643 -0.435441 0.008398 
 0.372586 -0.277978 -0.147962 
 -0.053796 0.686471 -0.153124 
 0.262681 0.419358 -0.053957 
 -0.245664 -0.510492 0.010729 
 0.177689 0.793239 0.253376 
 0.473476 -0.261989 0.001980 
 0.113507 0.644614 -0.095211 
 -0.110158 -0.722031 -0.010643 
 -0.195947 -0.318249 0.073925 
 -0.262058 -0.115975 0.229290 
 -0.698453 0.179638 -0.233986 
 0.130929 0.786235 0.019093 
 0.467527 -0.463542 0.018412 
 -0.022452 0.885015 -0.021241 
 0.153343 0.763955 -0.007729 
 -0.295830 -0.117881 0.184847 
 0.224965 0.690514 0.036422 
 0.210602 -0.493561 -0.153410 
 0.247159 -0.507840 -0.140670 
 0.400135 -0.462048 -0.069861 
 0.321415 0.552954 0.151458 
 -0.775073 -0.017470 -0.170040 
 -0.124900 -0.180570 0.240628 
 -0.236757 -0.672696 0.010179 
 -0.189796 -0.264416 0.118693 
 0.274226 -0.493046 -0.142652 
 -0.701011 0.211732 -0.259155 
 -0.023561 -0.111334 0.296075 
 -0.274724 -0.406909 -0.007763 
 0.191695 0.722661 0.030246 
 -0.204625 0.829351 -0.213948 
 -0.193176 0.758658 -0.194271 
 0.429182 -0.089735 -0.020871 
 0.380265 -0.588092 -0.074723 
 -0.001300 -0.482654 0.070333 
 0.089927 0.810625 -0.038286 
 -0.665324 0.263094 -0.171475 
 -0.563709 0.010717 -0.001903 
 0.309158 -0.070551 -0.128168 
 -0.621837 -0.088448 -0.077767 
 -0.232798 -0.235535 0.138692 
 0.266149 0.245009 -0.045501 
 0.168840 -0.062321 -0.090602 
 -0.007529 0.909201 0.173864 
 -0.016943 -0.773116 0.000383 
 0.158437 0.635528 -0.110633 
 -0.311627 0.883604 -0.107263 
 -0.029702 0.019774 0.321762 
 0.285721 0.498660 0.048644 
 -0.729559 0.178269 -0.279069 
 0.253420 0.126404 -0.076240 
 -0.151064 -0.643250 -0.009945 
 0.245880 -0.674932 -0.102223 
 -0.054498 0.881962 -0.065090 
 -0.613733 -0.215195 0.035638 
 0.353358 0.273943 -0.003869 
 -0.216947 -0.025485 0.267367 
 -0.550039 -0.014739 -0.002576 
 -0.381804 -0.562752 0.006122 
 0.245682 -0.053983 -0.119431 
 0.065699 -0.775242 -0.058955 
 0.170033 0.260131 -0.081850 
 -0.683142 -0.102125 -0.122370 
 0.181031 -0.297553 -0.198677 
 -0.088919 -0.211825 0.232631 
 -0.550049 -0.181231 0.020954 
 0.041400 -0.362585 0.159168 
 0.208135 0.583350 -0.040519 
 0.074011 0.720299 -0.094989 
 -0.145097 -0.824569 -0.016972 
 -0.057474 0.714239 -0.180648 
 -0.012407 0.882955 0.089292 
 -0.130742 -0.217191 0.212097 
 0.055737 -0.583200 -0.020738 
 -0.119472 -0.311074 0.136620 
 0.184567 0.584767 -0.111147 
 0.333358 0.022730 -0.097769 
 -0.014335 -0.157391 0.289857 
 0.153158 -0.793421 -0.073765 
 0.020535 0.705947 -0.150854 
 -0.111342 -0.487538 -0.036366 
 0.186005 -0.278622 -0.192581 
 0.328398 0.003821 -0.103793 
 0.167162 0.590317 -0.116930 
 0.376588 -0.116085 -0.110964 
 -0.275884 -0.089879 0.229562 
 -0.310921 0.877600 -0.184557 
 -0.495558 -0.086706 0.034584 
 0.325383 0.421400 0.047149 
 0.305326 -0.008037 -0.116637 
 -0.126803 -0.231867 0.181108 
 0.235903 0.390382 -0.071914 
 0.356598 0.211245 -0.017079 
 0.490449 -0.401468 0.010616 
 0.190482 0.365262 -0.095684 
 -0.238364 -0.420875 0.004307 
 0.093055 -0.774493 -0.078774 
 -0.144626 -0.357558 0.084261 
 0.412867 0.014928 0.100958 
 -0.211811 -0.208449 0.184880 
 0.346618 0.598553 0.203388 
 0.269356 -0.662731 -0.090135 
 0.238162 -0.595590 -0.134406 
 0.247159 -0.507840 -0.143662 
 -0.093621 0.358378 0.400972 
 -0.718835 0.040650 -0.195925 
 0.065083 0.874509 0.119386 
 -0.690909 0.247567 -0.246771 
 0.385972 0.114122 0.080560 
 -0.249776 0.806309 -0.237594 
 0.180727 0.599260 -0.077377 
 -0.588024 0.188287 -0.141343 
 0.322237 0.633783 0.170176 
 0.349514 -0.290158 -0.160411 
 -0.698434 0.179638 -0.233773 
 -0.406487 -0.225691 0.039300 
 -0.623780 -0.136891 -0.058953 
 0.495964 -0.431438 0.035896 
 -0.045022 0.908407 0.007600 
 0.268325 0.701203 0.131535 
 0.424031 0.068633 0.132718 
 0.492199 -0.318350 0.029333 
 -0.510640 -0.144831 0.015798 
 -0.059414 -0.062558 0.322669 
 0.057514 -0.498384 -0.001729 
 -0.565442 -0.205373 0.041268 
 0.047351 -0.736258 -0.026774 
 0.481743 -0.306314 -0.002347 
 0.014793 0.142538 0.320992 
 -0.250514 0.875990 -0.162220 
 -0.480235 -0.113099 0.034314 
 0.424442 -0.549806 -0.018332 
 -0.601318 0.198417 -0.161879 
 -0.166988 0.878470 -0.203174 
 -0.032852 0.320562 0.386961 
 0.155146 0.649717 -0.078111 
 -0.062247 0.289052 0.367488 
 0.445651 -0.179384 -0.035236 
 -0.557858 0.028191 -0.072241 
 0.329900 -0.140325 -0.134766 
 0.439765 -0.711751 0.059638 
 -0.082416 -0.192352 0.239573 
 0.348340 -0.772846 -0.021225 
 -0.750679 -0.005222 -0.158913 
 0.203852 -0.730801 -0.100135 
 0.219414 0.442787 -0.097827 
 -0.515809 -0.164206 0.010949 
 0.402667 0.170562 0.099886 
 -0.270457 -0.256906 0.088095 
 -0.369063 -0.239727 0.051431 
 0.288220 0.682468 0.196232 
 0.391486 0.293437 0.046561 
 0.016643 0.578849 -0.150130 
 -0.035031 -0.334582 0.134342 
 -0.487995 -0.384004 0.032159 
 0.404479 0.042721 -0.005578 
 0.348561 -0.503875 -0.100017 
 -0.478062 -0.179209 0.021373 
 0.136413 0.870821 0.253133 
 0.000460 -0.303363 0.218015 
 0.139174 0.019767 -0.038723 
 -0.390361 -0.518173 0.011094 
 -0.019889 0.970679 0.213589 
 -0.109320 -0.122078 0.258908 
 -0.646256 0.222837 -0.204877 
 -0.014335 -0.157391 0.289636 
 -0.220799 -0.363049 0.023217 
 0.300387 0.149932 -0.052376 
 0.030842 -0.464931 0.056547 
 -0.706063 0.190604 -0.265347 
 -0.120790 0.955668 -0.119694 
 0.302071 0.523901 0.106646 
 0.428704 -0.480828 -0.031923 
 0.371063 -0.183597 -0.097125 
 0.195607 0.625455 -0.020499 
 0.155476 0.156198 -0.079184 
 -0.302272 -0.186073 0.120720 
 0.111875 0.610389 -0.134278 
 -0.636091 -0.191935 -0.014684 
 -0.077978 0.417017 0.420011 
 0.395158 -0.748823 0.003077 
 0.353358 0.274948 -0.003869 
 0.103517 -0.423396 -0.073680 
 0.271284 0.536001 -0.011424 
 -0.035102 0.267595 0.328426 
 -0.175185 0.888415 -0.235839 
 0.382516 -0.290185 -0.115814 
 0.411022 -0.424069 -0.057590 
 -0.486742 -0.047956 0.047255 
 -0.708047 0.254009 -0.252699 
 0.204164 -0.285336 -0.187996 
 -0.114303 -0.292957 0.142956 
 -0.659252 -0.087745 -0.108839 
 -0.636491 -0.046960 -0.121676 
 0.264238 -0.733095 -0.076845 
 0.283713 0.494342 -0.029669 
 -0.007691 -0.388703 0.134428 
 0.133043 0.493981 -0.120760 
 -0.218472 0.855031 -0.213691 
 -0.292879 -0.199707 0.153578 
 -0.544592 0.116493 -0.078737 
 0.248922 -0.117558 -0.131748 
 0.400919 -0.396352 -0.070424 
 -0.239851 -0.356060 0.017182 
 -0.052082 0.092203 0.329039 
 0.400919 -0.395763 -0.070424 
 0.344780 -0.084021 -0.117157 
 -0.316975 -0.429576 0.031075 
 0.288917 -0.552780 -0.104172 
 0.317660 0.334987 -0.035675 
 -0.611551 -0.048219 -0.065161 
 -0.088962 -0.246372 0.193962 
 -0.185982 -0.178880 0.215095 
 -0.078584 -0.520570 -0.031723 
 0.225611 0.351810 -0.084057 
 -0.009128 0.179804 0.289776 
 -0.217690 0.855799 -0.213691 
 -0.192824 -0.615798 0.007948 
 -0.001064 -0.334378 0.179350 
 -0.113780 -0.141576 0.252533 
 0.448779 -0.404338 -0.007315 
 -0.410921 -0.091913 0.128995 
 -0.095430 -0.300121 0.149022 
 -0.358007 -0.115719 0.160160 
 0.457464 -0.500053 0.006513 
 -0.362472 -0.100896 0.192303 
 0.019160 -0.816830 -0.026158 
 0.292627 0.466548 -0.016658 
 -0.283493 0.881107 -0.127591 
 0.267116 0.648932 0.073873 
 -0.063724 0.873275 -0.116891 
 0.277294 -0.038488 -0.134666 
 -0.161071 -0.081469 0.246972 
 -0.081285 0.060459 0.310184 
 0.243898 -0.444112 -0.129128 
 -0.231771 -0.235551 0.138692 
 -0.352920 -0.331264 0.038754 
 0.276364 -0.707345 -0.096574 
 -0.217677 -0.679397 0.016245 
 0.112597 0.610389 -0.135832 
 0.200567 0.644483 -0.014845 
 -0.426611 -0.216643 0.033234 
 0.349286 0.617415 0.208700 
 -0.498501 -0.021563 0.046126 
 -0.705943 0.111797 -0.220861 
 0.442104 -0.674683 0.007729 
 -0.534572 0.042369 0.016692 
 0.299671 -0.026630 -0.121829 
 -0.242113 -0.256320 0.068413 
 0.405359 -0.492788 -0.043937 
 -0.219861 -0.144934 0.209263 
 0.222551 0.110426 -0.061890 
 0.320987 0.551716 0.151458 
 -0.325621 -0.169018 0.146741 
 0.359087 0.292566 0.002227 
 -0.107691 0.929924 -0.122173 
 -0.499958 -0.273613 0.053128 
 -0.078561 0.417017 0.420490 
 0.334860 -0.120620 -0.128686 
 0.115000 -0.352470 -0.022937 
 0.431899 -0.008201 -0.003896 
 -0.513731 -0.246007 0.053965 
 0.202092 -0.012082 -0.066508 
 0.410146 -0.424069 -0.058022 
 0.399037 -0.427113 -0.108838 
 0.334860 -0.119296 -0.128686 
 0.191265 0.803109 0.292246 
 0.293377 0.131541 -0.058472 
 -0.646256 0.222863 -0.203476 
 0.289170 0.304056 -0.053655 
 0.329262 0.472779 0.106124 
 -0.053647 -0.475574 0.019940 
 0.287198 -0.082409 -0.140069 
 -0.342156 -0.493397 0.039098 
 0.419061 -0.076454 -0.054713 
 -0.164465 -0.383992 0.039515 
 -0.053616 -0.043011 0.329103 
 -0.297028 -0.386003 0.018125 
 -0.499958 -0.272533 0.054830 
 0.265575 0.019689 -0.094920 
 -0.086657 0.637619 -0.177977 
 -0.320937 -0.364675 0.044016 
 0.002792 -0.677132 -0.032237 
 -0.142408 0.182464 0.343792 
 -0.222851 -0.264577 0.074463 
 -0.695960 0.228215 -0.251760 
 0.278709 -0.540198 -0.137132 
 -0.145687 -0.390974 0.047440 
 0.158011 0.633950 -0.110633 
 0.413211 -0.653961 -0.029569 
 -0.021054 -0.792369 -0.006246 
 0.261845 -0.191869 -0.112583 
 -0.084464 -0.539725 -0.036900 
 -0.429586 -0.119292 0.084505 
 0.100407 0.669530 -0.095505 
 0.224966 0.542095 -0.073481 
 -0.014219 -0.072340 0.308826 
 -0.112654 -0.390885 0.091537 
 -0.310921 -0.410443 0.037411 
 -0.301047 -0.371693 0.050082 
 -0.064784 0.186007 0.329229 
 0.364394 -0.234683 -0.141623 
 -0.103410 0.861758 -0.212151 
 0.175390 0.694705 -0.014327 
 0.308108 0.578030 0.151720 
 -0.640498 -0.096820 -0.102085 
 0.194004 -0.145703 -0.129641 
 0.229907 0.560615 -0.067998 
 0.212211 -0.152317 -0.123789 
 -0.255455 0.822532 -0.205408 
 -0.142540 0.938185 -0.211382 
 0.210315 -0.543240 -0.133882 
 -0.092806 -0.230289 0.226264 
 -0.376622 -0.544518 0.012474 
 -0.473977 -0.209375 0.046666 
 -0.126803 -0.231867 0.181898 
 0.366958 -0.560368 -0.074461 
 0.274708 -0.609219 -0.122627 
 0.051834 -0.800662 -0.039568 
 0.183527 0.895036 0.278748 
 0.223622 -0.570679 -0.134144 
 -0.565506 -0.072463 -0.021535 
 -0.022079 -0.792369 -0.004850 
 -0.583672 0.046257 -0.109788 
 -0.114382 -0.141576 0.252533 
 0.215608 -0.475481 -0.148042 
 0.246225 0.473118 -0.080392 
 -0.119699 -0.161073 0.245809 
 -0.272222 -0.522817 -0.001641 
 0.447031 -0.342284 0.005250 
 -0.527221 -0.369897 0.021290 
 -0.637438 -0.191935 -0.014684 
 -0.306051 -0.173180 0.152838 
 0.204681 0.419937 -0.077468 
 0.179713 -0.297226 -0.198677 
 0.193619 0.720639 0.030246 
 -0.118246 -0.277841 0.175178 
 0.444412 -0.424351 -0.013467 
 -0.106975 -0.371559 0.097512 
 0.366340 -0.678184 -0.054396 
 0.111619 -0.781671 -0.072808 
 -0.164465 -0.383992 0.041395 
 -0.052293 -0.260011 0.206124 
 -0.300939 -0.573042 0.036797 
 0.165487 -0.225816 -0.128047 
 -0.043961 0.943883 0.044191 
 -0.330273 0.884326 -0.190370 
 0.379480 -0.637284 -0.055076 
 -0.515747 0.035368 0.023806 
 -0.506963 -0.377917 0.027387 
 0.265625 0.500043 -0.035482 
 0.487180 -0.337100 0.022833 
 -0.335612 -0.188620 0.077741 
 0.032453 0.871417 0.074157 
 -0.658432 -0.009547 -0.152833 
 0.273705 0.056973 -0.082856 
 0.117743 0.812851 0.019352 
 -0.729559 0.177918 -0.277466 
 0.078335 0.623771 -0.145843 
 0.294801 0.602423 0.151983 
 -0.081717 0.656973 -0.171910 
 -0.201336 0.802632 -0.188014 
 0.259095 0.544223 -0.029152 
 -0.022557 0.885015 -0.022366 
 -0.611472 -0.064840 -0.084193 
 0.407955 0.205789 0.033857 
 -0.049674 -0.224732 0.244824 
 -0.369992 -0.239727 0.050561 
 -0.176675 -0.140543 0.227846 
 0.238652 -0.203790 -0.122770 
 0.009858 -0.143901 0.301907 
 0.261177 0.630241 0.067761 
 0.455198 -0.253562 -0.002367 
 0.019821 -0.536108 0.006380 
 -0.346819 -0.461550 0.012339 
 0.289170 0.304536 -0.054473 
 0.307019 0.475466 0.021813 
 -0.344216 -0.141877 0.159496 
 0.405918 -0.377663 -0.064296 
 0.290446 -0.063816 -0.133989 
 -0.117797 0.669556 -0.183838 
 0.098207 -0.689712 -0.072705 
 0.267538 0.683310 0.112765 
 -0.250514 0.875714 -0.161045 
 0.050788 0.708488 -0.106843 
 0.176913 0.614992 -0.045048 
 0.308331 -0.295281 -0.176583 
 0.500487 -0.362728 0.024813 
 -0.027531 0.866373 -0.027161 
 0.361513 -0.748083 -0.041014 
 -0.050498 -0.391353 0.116008 
 -0.612220 -0.213104 0.035638 
 -0.063916 0.873275 -0.116891 
 -0.455915 -0.417584 0.039308 
 0.177065 -0.679400 -0.100293 
 -0.035697 -0.766142 -0.005983 
 -0.359890 -0.435157 0.010178 
 -0.019383 -0.458849 0.083299 
 0.333131 -0.202315 -0.146923 
 0.244310 0.569518 -0.027000 
 -0.629435 0.250272 -0.159558 
 -0.250516 0.841052 -0.200167 
 0.069493 0.846166 0.145321 
 -0.141296 -0.621060 -0.017599 
 0.188192 0.253378 -0.074230 
 -0.091642 0.256173 0.349252 
 0.159848 0.174889 -0.073072 
 -0.549416 0.068696 0.016652 
 -0.152377 -0.278178 0.130825 
 -0.058242 0.933868 0.008103 
 -0.335848 -0.423868 0.025010 
 -0.001899 -0.269002 0.269758 
 -0.036156 -0.515292 -0.012838 
 0.222411 0.111612 -0.061890 
 -0.028126 -0.130751 0.289700 
 -0.121467 0.920623 -0.160361 
 0.258133 0.561329 -0.010333 
 0.372596 -0.377903 -0.108318 
 0.295414 0.131541 -0.058223 
 -0.116675 -0.557648 -0.023483 
 -0.140892 0.829303 -0.203688 
 0.097485 -0.808190 -0.053307 
 -0.130101 -0.200067 0.235079 
 0.226631 -0.372195 -0.135042 
 -0.163922 -0.817736 -0.022632 
 -0.062973 0.271316 0.349809 
 0.419019 -0.127117 -0.034715 
 -0.251630 -0.077575 0.242073 
 0.200029 -0.436640 -0.114903 
 0.210602 -0.494246 -0.154321 
 0.048436 0.770756 -0.094473 
 0.208135 0.581772 -0.040519 
 0.420795 0.002106 -0.036166 
 0.256505 0.714995 0.194080 
 -0.313984 -0.109945 0.178743 
 -0.145764 0.162918 0.336557 
 0.301391 0.523901 0.105758 
 0.282590 0.493633 -0.029669 
 0.328620 -0.680205 -0.084979 
 -0.478062 -0.178243 0.021864 
 -0.576584 0.114651 -0.124555 
 -0.131024 -0.582917 -0.004100 
 -0.135971 0.848901 -0.197656 
 0.167376 -0.404197 -0.120530 
 -0.514646 -0.246007 0.053399 
 -0.168679 -0.203083 0.200136 
 -0.125956 0.713305 -0.177676 
 0.405762 -0.327567 -0.085307 
 0.260829 0.226367 -0.051598 
 -0.283486 0.844488 -0.166476 
 0.102742 0.572691 -0.146358 
 0.136885 -0.601831 -0.099832 
 0.153870 0.763955 -0.007729 
 -0.058938 0.409580 0.426609 
 -0.085097 0.907242 -0.147909 
 0.371194 -0.134678 -0.117044 
 0.121585 0.860235 0.215360 
 -0.032827 -0.578975 -0.025173 
 0.339102 0.462834 0.138631 
 0.365964 0.608968 0.227986 
 0.273758 0.200972 -0.051857 
 0.394196 -0.171476 -0.085193 
 -0.014844 0.800830 -0.144042 
 -0.088030 -0.793828 -0.016582 
 0.222777 0.158888 -0.081817 
 0.385803 0.161879 0.061343 
 0.026750 0.839142 -0.087901 
 0.351625 0.194213 -0.022416 
 0.222046 0.733910 0.258790 
 -0.548282 0.034201 -0.020699 
 0.357669 -0.483456 -0.106930 
 -0.411105 -0.160547 0.052272 
 -0.103500 0.862107 -0.212151 
 0.310946 0.659411 0.170438 
 0.496510 -0.598596 0.074288 
 0.328620 -0.680205 -0.084444 
 0.374393 -0.246148 -0.109576 
 0.289864 0.630716 0.125577 
 -0.330680 -0.402210 0.031345 
 0.344918 0.093011 -0.047059 
 0.035143 0.234552 0.287713 
 0.032862 -0.431429 0.095020 
 -0.025643 0.954898 0.069149 
 0.150389 0.786401 0.103386 
 -0.035031 -0.335851 0.134967 
 -0.084227 -0.277297 0.218183 
 -0.526058 -0.004692 0.009794 
 -0.106975 -0.371559 0.097942 
 0.204080 -0.368066 -0.128607 
 0.297906 -0.481095 -0.131062 
 -0.086441 0.276618 0.356780 
 -0.209617 -0.290475 0.074194 
 0.278534 -0.228912 -0.144853 
 -0.036745 -0.050092 0.335222 
 0.044790 0.833024 -0.083073 
 0.367170 -0.511093 -0.094143 
 0.364149 0.085888 -0.041223 
 -0.321193 -0.180932 0.116061 
 0.405359 -0.491875 -0.043964 
 -0.194529 0.866812 -0.201868 
 0.074208 0.720299 -0.095637 
 -0.607460 0.035676 -0.122049 
 -0.547569 0.066599 -0.059682 
 0.384737 -0.684892 -0.048506 
 0.342661 -0.523060 -0.106153 
 -0.380329 -0.278232 0.038760 
 0.009017 0.852868 -0.015665 
 0.066885 0.798782 -0.050808 
 -0.041206 0.832145 -0.162749 
 0.371977 -0.542413 -0.069588 
 0.385325 -0.786791 -0.009908 
 0.395920 -0.413590 -0.076552 
 -0.150647 0.809797 -0.196941 
 0.385922 -0.452028 -0.089987 
 0.238151 0.665119 0.036723 
 -0.104955 0.816428 -0.192138 
 0.395789 -0.364949 -0.096682 
 0.384059 0.080647 0.043361 
 -0.472893 -0.158868 0.026288 
 -0.130956 -0.385861 0.085487 
 -0.146514 -0.224831 0.175719 
 0.452432 -0.518538 -0.000091 
 0.205204 0.468015 -0.097712 
 -0.418075 -0.263428 0.026629 
 -0.081687 -0.706714 -0.011250 
 0.137253 -0.551342 -0.119639 
 0.070989 0.782567 -0.083282 
 0.432681 -0.040362 0.035493 
 0.315246 0.028280 -0.103589 
 0.332274 -0.382019 -0.126132 
 0.385737 -0.303628 -0.146573 
 -0.244719 -0.375337 0.011437 
 0.397662 -0.008939 -0.049249 
 -0.117797 0.669556 -0.181135 
 0.052254 0.789276 -0.088417 
 -0.352920 -0.331264 0.037086 
 -0.099757 0.662848 -0.177843 
 -0.068026 -0.018354 0.329375 
 -0.716431 0.090995 -0.214796 
 0.191946 0.493244 -0.097311 
 0.331278 -0.332606 -0.147168 
 -0.515747 0.035565 0.022433 
 0.242963 0.602440 0.023111 
 0.279652 -0.474307 -0.137103 
 0.039134 0.780960 -0.126694 
 0.034025 0.235109 0.287713 
 0.361838 0.360280 0.080515 
 0.491522 -0.318287 0.029333 
 -0.209432 0.891973 -0.201611 
 0.232854 -0.029485 -0.119171 
 -0.194770 0.867737 -0.201868 
 0.138041 0.708175 -0.026736 
 0.089678 -0.448027 -0.053976 
 0.283961 0.238256 -0.041176 
 -0.084227 -0.277297 0.220123 
 -0.269190 -0.658010 0.060944 
 -0.022925 -0.111375 0.296075 
 -0.350634 -0.246745 0.057497 
 -0.668596 -0.192578 -0.059303 
 -0.022925 -0.111334 0.294310 
 -0.567650 -0.123776 -0.002620 
 0.265340 0.648932 0.073873 
 0.222445 -0.686821 -0.115186 
 0.300562 0.506234 0.087209 
 -0.009452 0.317559 0.379898 
 0.391189 -0.549228 -0.062419 
 -0.640168 0.129211 -0.190941 
 -0.163444 -0.383992 0.041323 
 0.115874 0.007334 -0.050764 
 -0.014385 0.296154 0.373530 
 0.200136 0.758040 0.285757 
 -0.345950 -0.227370 0.062726 
 0.303860 -0.089144 -0.134248 
 -0.598192 0.151504 -0.153550 
 -0.424810 -0.134154 0.053264 
 0.140295 0.779147 0.051508 
 0.250883 0.189083 -0.063641 
 -0.400488 -0.322064 0.051665 
 -0.455445 -0.218722 0.052747 
 0.205527 0.662810 -0.008765 
 -0.042691 0.769435 -0.161905 
 -0.321583 0.899942 -0.061799 
 0.072126 0.888774 0.262983 
 -0.588125 0.189619 -0.141343 
 -0.567259 -0.123387 -0.002620 
 0.375845 -0.439712 -0.119445 
 0.483500 -0.306314 -0.002890 
 0.302391 0.621784 0.158134 
 -0.448852 -0.146950 0.040110 
 0.132683 0.689582 -0.032049 
 -0.301597 0.851223 -0.172163 
 0.124889 0.732190 -0.025710 
 0.050648 0.708488 -0.106843 
 0.095467 0.651323 -0.103623 
 -0.130897 0.694304 -0.183248 
 0.018558 0.176569 0.268754 
 0.215067 0.202589 -0.075461 
 0.327954 0.425208 0.128352 
 0.286520 0.367050 -0.041237 
 0.259457 -0.634013 -0.102841 
 0.414827 -0.455162 -0.031660 
 0.340882 -0.246237 -0.153524 
 -0.126466 0.713305 -0.177192 
 0.138727 0.560494 -0.134793 
 -0.134435 0.893484 -0.218020 
 -0.238989 -0.556144 0.005013 
 0.244886 -0.378983 -0.130594 
 0.197580 -0.208940 -0.142125 
 0.369803 0.137796 0.001818 
 0.195352 0.608265 -0.040261 
 0.209137 -0.266694 -0.179293 
 0.125704 -0.808743 -0.073074 
 -0.021489 0.700858 -0.168491 
 0.247934 0.363652 -0.072172 
 -0.054200 -0.043011 0.327421 
 0.030996 0.823604 -0.120397 
 0.385817 -0.402331 -0.108937 
 0.396277 -0.090259 -0.066645 
 0.094832 -0.775879 -0.078774 
 0.396100 -0.090259 -0.066645 
 0.326442 -0.302016 -0.170709 
 0.109515 0.660944 -0.063255 
 -0.707593 0.336609 -0.232459 
 -0.232287 0.799618 -0.231811 
 -0.668596 -0.192578 -0.060095 
 -0.162549 -0.498345 -0.029028 
 -0.090066 0.105710 0.316831 
 0.302101 -0.363137 -0.163920 
 0.034025 0.234552 0.287583 
 -0.723015 0.118691 -0.227223 
 0.325288 -0.566410 -0.093255 
 0.405762 -0.327567 -0.083021 
 -0.126184 0.155838 0.343520 
 0.298398 0.212862 -0.039925 
 -0.648962 0.174140 -0.184453 
 -0.216947 -0.025462 0.267287 
 0.420795 0.004689 -0.036166 
 0.177950 -0.202169 -0.147976 
 0.352652 -0.451633 -0.133202 
 -0.646256 0.222255 -0.203476 
 0.320762 -0.095880 -0.128427 
 0.215018 0.653230 0.023215 
 -0.031046 0.918655 0.043930 
 0.358353 0.196786 0.042639 
 0.018558 0.175721 0.268754 
 -0.472893 -0.160956 0.027709 
 0.259922 -0.751378 -0.083037 
 0.081348 -0.668063 -0.059549 
 0.311788 -0.133066 -0.141478 
 0.236344 0.436079 -0.093213 
 0.225620 -0.436351 -0.135003 
 0.461838 -0.548832 0.012748 
 0.423685 -0.500163 -0.038074 
 0.271806 -0.430039 -0.130136 
 -0.283493 0.879210 -0.127591 
 0.485081 -0.469162 0.024317 
 -0.166878 -0.100891 0.240597 
 0.111785 0.563826 -0.114041 
 0.124761 0.733503 -0.025710 
 -0.175224 -0.439141 0.009840 
 0.329703 0.508366 0.145045 
 0.306397 0.543020 0.112782 
 0.197332 -0.303978 -0.192841 
 0.163971 -0.601379 -0.119435 
 -0.010947 -0.221923 0.276405 
 0.444122 -0.474956 0.006339 
 0.163778 0.640286 -0.044942 
 -0.282832 -0.612891 0.003744 
 -0.186432 -0.178880 0.215095 
 -0.696761 -0.075898 -0.120920 
 0.233023 0.743166 0.310913 
 -0.344384 -0.377032 0.031606 
 -0.112131 -0.389791 0.091537 
 -0.291643 0.870843 -0.178744 
 -0.469279 -0.024286 0.027945 
 -0.023169 0.157138 0.308830 
 -0.484796 -0.047956 0.046586 
 -0.628244 0.250272 -0.156948 
 0.391888 -0.108901 -0.072741 
 0.081539 0.641334 -0.139803 
 0.382039 0.304456 0.014159 
 0.144777 0.826850 0.247697 
 0.011755 -0.638822 -0.019710 
 -0.472893 -0.158942 0.027709 
 0.296033 -0.714186 -0.091871 
 0.306856 0.542665 0.112782 
 0.208595 -0.661094 -0.114049 
 -0.601616 -0.290633 0.054159 
 0.336362 -0.263646 -0.159603 
 0.445651 -0.178040 -0.035232 
 0.261673 0.355192 -0.053137 
 -0.300386 -0.320880 0.033347 
 0.210145 0.486535 -0.091288 
 -0.091250 0.888771 -0.154835 
 -0.074317 -0.418906 0.071498 
 -0.223287 -0.263334 0.074463 
 -0.356287 -0.266447 0.051162 
 0.331278 -0.332606 -0.146320 
 0.152145 -0.039025 -0.077428 
 0.429182 -0.090369 -0.022492 
 0.330307 -0.547596 -0.086721 
 0.037383 0.169573 0.274176 
 0.394929 -0.580698 -0.036572 
 -0.225941 -0.382320 0.018219 
 0.128267 -0.522768 -0.130806 
 -0.551582 0.047395 -0.066090 
 -0.638440 -0.046960 -0.121800 
 -0.108924 -0.654261 -0.010672 
 0.235736 -0.092063 -0.131622 
 0.120134 0.796018 -0.013291 
 0.137253 -0.551109 -0.118909 
 -0.411105 -0.160547 0.051396 
 0.261844 0.082368 -0.082596 
 -0.071703 -0.820088 -0.018095 
 0.016643 0.578849 -0.149887 
 -0.397401 -0.185711 0.051971 
 -0.150906 -0.244255 0.170285 
 0.120893 0.025074 -0.044613 
 0.034247 0.715196 -0.112641 
 -0.058242 0.934127 0.005738 
 -0.102708 -0.067943 0.303061 
 -0.107916 0.706161 -0.171394 
 0.217746 -0.393628 -0.128605 
 0.225156 0.047583 -0.074374 
 -0.279528 -0.426186 -0.014067 
 -0.380329 -0.276905 0.038760 
 -0.630884 0.021824 -0.134309 
 0.276245 0.554594 -0.002936 
 0.222297 -0.737660 -0.095999 
 0.189821 0.366493 -0.095684 
 -0.043047 -0.616606 -0.037700 
 0.025530 0.569231 -0.114782 
 -0.096009 0.036867 0.329920 
 0.011276 0.812825 -0.145424 
 0.421580 -0.386541 -0.045318 
 0.081539 0.643203 -0.139803 
 -0.134147 0.945785 -0.160394 
 0.375845 -0.441029 -0.120802 
 0.249149 0.107047 -0.082336 
 0.462086 -0.431392 -0.007577 
 0.340404 -0.021507 -0.104107 
 -0.193929 -0.249592 0.150854 
 0.107229 0.850868 0.176613 
 -0.019278 -0.606051 -0.025440 
 0.252165 -0.489075 -0.133219 
 0.140084 -0.402764 -0.099834 
 0.467889 -0.629558 0.058418 
 0.369557 -0.040023 -0.066126 
 0.472553 -0.393539 0.004726 
 0.417291 -0.323451 -0.032785 
 -0.688656 0.104902 -0.215306 
 0.413222 0.224480 0.039929 
 -0.083192 0.397471 0.414298 
 -0.598192 0.151504 -0.153663 
 0.264265 0.468775 -0.074119 
 -0.048524 -0.456469 0.026219 
 -0.142586 -0.740431 0.002256 
 0.124613 0.825913 0.163036 
 0.256859 -0.210560 -0.119464 
 0.026205 0.804993 -0.126437 
 0.143362 -0.465982 -0.113075 
 0.051796 -0.800662 -0.039029 
 -0.303182 0.927394 -0.017509 
 -0.164108 -0.616990 -0.009912 
 -0.108117 0.972870 -0.005705 
 0.396102 -0.414548 -0.076552 
 0.135355 -0.453821 -0.068016 
 0.364394 -0.234379 -0.140561 
 -0.148965 -0.524505 -0.030397 
 -0.154088 -0.543709 -0.036449 
 -0.115080 -0.277751 0.175178 
 0.256032 0.610887 0.061649 
 0.322073 0.436933 0.080560 
 -0.000391 0.666345 -0.136606 
 0.004613 0.869405 0.016956 
 -0.348532 0.897818 -0.118966 
 -0.753403 0.025227 -0.182817 
 -0.192569 -0.615798 0.009652 
 0.298654 0.068862 -0.072517 
 -0.596241 0.217450 -0.152520 
 -0.035697 -0.765553 -0.005977 
 0.254016 -0.719390 -0.108662 
 -0.553677 -0.150170 -0.002890 
 0.097824 -0.808848 -0.053307 
 -0.033019 -0.432872 0.083451 
 0.381152 0.046651 0.095690 
 0.388913 -0.383640 -0.102466 
 0.337208 0.361998 0.008842 
 -0.091642 0.257880 0.349252 
 -0.715515 -0.070246 -0.126921 
 -0.583691 0.047358 -0.109788 
 -0.641192 0.241635 -0.197268 
 -0.017192 -0.293507 0.211934 
 -0.215656 -0.343766 0.029091 
 -0.174788 -0.222556 0.195511 
 -0.716431 0.089640 -0.214796 
 -0.173996 -0.222556 0.195511 
 0.397435 -0.234883 -0.097644 
 0.239563 0.699304 0.074393 
 -0.611256 -0.179547 -0.002252 
 -0.161824 -0.785288 0.015166 
 0.298654 0.068554 -0.070924 
 -0.123793 -0.695771 -0.010456 
 0.302800 0.087504 -0.064828 
 -0.247104 -0.510492 0.010729 
 0.458872 -0.203501 -0.035448 
 -0.729902 0.290244 -0.283799 
 0.322073 0.436864 0.080138 
 0.187416 0.669377 -0.014950 
 0.201378 0.227983 -0.074234 
 0.190469 -0.392284 -0.108489 
 0.220614 -0.456717 -0.142942 
 -0.294499 -0.267731 0.075694 
 -0.030018 0.932711 0.199795 
 -0.404932 -0.406982 0.032340 
 0.118068 -0.645673 -0.084994 
 -0.286716 -0.344827 0.030765 
 -0.023868 0.885015 -0.021241 
 0.220673 0.028998 -0.080486 
 0.380831 -0.420900 -0.114690 
 -0.108498 -0.371559 0.097857 
 -0.002761 0.585557 -0.155032 
 0.353358 0.273924 -0.003973 
 -0.345584 -0.227370 0.063833 
 0.000806 -0.183951 0.289156 
 0.022978 -0.321738 0.191751 
 -0.072241 0.436563 0.426881 
 0.258133 0.561545 -0.009801 
 0.452207 -0.635190 0.020112 
 -0.051631 -0.425889 0.077533 
 0.177065 -0.679213 -0.100484 
 0.346618 0.597958 0.202532 
 -0.017715 0.672470 -0.142404 
 0.106778 0.740238 -0.031061 
 -0.729559 0.178269 -0.277508 
 0.040626 0.637466 -0.157409 
 0.059472 -0.595807 -0.055176 
 0.108045 0.740238 -0.031531 
 -0.089650 0.923732 -0.116580 
 0.233666 -0.222481 -0.128252 
 -0.400488 -0.322251 0.051209 
 0.410619 0.094104 0.132981 
 0.171502 0.608788 -0.111061 
 0.290441 0.112899 -0.064908 
 0.220026 0.524120 -0.079401 
 0.486749 -0.287087 0.003246 
 0.269166 -0.662731 -0.090135 
 -0.288348 -0.214427 0.120449 
 -0.014844 0.799904 -0.142862 
 0.429182 -0.089251 -0.022492 
 -0.139074 0.927314 -0.166201 
 -0.300138 -0.100931 0.217052 
 0.015060 -0.125459 0.307812 
 -0.123411 -0.812411 -0.004602 
 -0.516542 -0.330951 0.034025 
 -0.554812 0.076853 -0.091264 
 0.163971 -0.602428 -0.119435 
 0.264946 0.601983 0.094120 
 -0.713446 0.317674 -0.240052 
 -0.224532 -0.582471 0.003871 
 0.396147 -0.748823 0.003077 
 -0.252424 -0.296037 0.055774 
 0.425163 -0.367777 -0.037042 
 -0.103857 0.133075 0.315519 
 0.053961 -0.665869 -0.040994 
 0.213807 0.653230 0.023630 
 -0.164583 -0.350557 0.079706 
 -0.066665 -0.318283 0.186593 
 0.288637 -0.552780 -0.103781 
 -0.609704 0.243377 -0.153745 
 -0.169390 -0.369884 0.073386 
 0.151672 -0.512222 -0.119505 
 0.299318 0.150183 -0.052376 
 0.487180 -0.335584 0.023181 
 -0.128936 -0.715048 -0.018777 
 -0.607460 0.033387 -0.122049 
 0.313676 0.124788 -0.052636 
 0.382569 -0.339436 -0.096094 
 0.374541 0.027538 -0.080982 
 -0.599942 -0.241364 0.035366 
 0.455624 -0.139669 -0.023012 
 0.366481 -0.202111 -0.103221 
 -0.350900 -0.246745 0.057497 
 -0.217956 -0.679714 0.016245 
 0.410047 0.045542 0.153040 
 -0.030974 -0.496137 -0.006115 
 -0.664068 -0.173203 -0.052224 
 -0.330224 -0.604589 0.017819 
 0.031694 0.871417 0.074536 
 0.131425 0.113645 -0.052100 
 0.373468 -0.376869 -0.108318 
 0.418116 0.194598 0.066216 
 0.129049 0.523124 -0.146872 
 -0.120645 -0.346137 0.098126 
 -0.033103 -0.300912 0.173554 
 -0.541525 -0.061573 -0.009165 
 0.480412 -0.437980 -0.002038 
 0.188043 0.762421 0.174321 
 0.159069 0.124658 -0.053208 
 -0.579337 0.144601 -0.147840 
 0.218304 0.445538 -0.097827 
 -0.356531 -0.266120 0.051162 
 -0.157426 -0.480515 -0.022680 
 0.418116 0.195161 0.066960 
 -0.182277 -0.343557 0.074343 
 0.255466 0.611550 0.061649 
 0.025243 -0.516953 0.011875 
 0.210328 0.634588 0.017535 
 -0.429536 -0.119839 0.084505 
 -0.109502 0.064007 0.330192 
 -0.193528 -0.415563 0.021786 
 -0.443287 -0.041010 0.142391 
 -0.729559 0.179842 -0.277466 
 0.375431 -0.656146 -0.059902 
 0.371290 0.041851 -0.048381 
 -0.246415 -0.057474 0.250191 
 -0.174985 -0.655545 -0.021590 
 -0.013023 0.876175 0.011068 
 -0.235997 -0.672696 0.010179 
 0.226471 0.546514 0.004185 
 0.002620 -0.348583 0.146124 
 -0.344589 -0.158766 0.140645 
 -0.459189 -0.185261 0.027116 
 0.357846 0.034273 -0.085868 
 0.336251 -0.315878 -0.139796 
 -0.477605 -0.346760 0.046218 
 0.206063 0.795087 0.312959 
 0.184184 0.730983 -0.002167 
 0.175305 -0.761813 -0.119643 
 -0.342043 -0.207995 0.070168 
 0.346664 0.370574 0.152402 
 0.331629 -0.057905 -0.116267 
 0.341586 0.579481 0.196364 
 0.380739 0.256712 0.034338 
 0.249038 0.363224 -0.072172 
 0.240936 0.151799 -0.077812 
 0.223231 0.609308 0.017275 
 0.204316 0.117196 -0.067741 
 0.355887 0.571431 0.214584 
 -0.085113 -0.539725 -0.036900 
 0.323164 0.632577 0.170176 
 -0.394120 -0.537597 0.006393 
 -0.646784 0.257166 -0.166272 
 0.188043 0.761186 0.173662 
 -0.042431 0.115680 0.322319 
 -0.494763 -0.253060 0.059052 
 -0.601616 -0.289594 0.054141 
 -0.410073 -0.091913 0.128762 
 0.249885 -0.361027 -0.123486 
 0.204881 -0.613516 -0.120556 
 -0.139302 0.927314 -0.166144 
 -0.105867 0.234022 0.369120 
 0.240538 0.727764 0.263622 
 -0.094816 0.681368 -0.173326 
 -0.639094 -0.160847 -0.039823 
 0.428704 -0.480914 -0.031923 
 0.337466 -0.642481 -0.073054 
 -0.108902 -0.238903 0.187881 
 0.179482 0.748056 0.030505 
 0.090813 -0.644751 -0.065946 
 0.274653 -0.493046 -0.143491 
 0.206803 0.294613 -0.089099 
 -0.340204 -0.122379 0.166264 
 -0.058094 -0.762257 0.000816 
 -0.375113 -0.259102 0.045096 
 -0.114889 -0.473758 -0.004376 
 -0.061135 -0.097209 0.283867 
 -0.679942 0.174111 -0.228042 
 -0.093012 -0.231298 0.226264 
 0.353358 0.273924 -0.003448 
 -0.130163 -0.383885 0.085487 
 -0.443059 -0.041010 0.142391 
 -0.076557 -0.306251 0.155585 
 0.255856 0.207725 -0.057786 
 0.210741 0.634588 0.017535 
 0.262108 -0.142953 -0.132410 
 0.257362 0.063726 -0.089231 
 -0.169607 -0.402618 0.035019 
 0.367781 -0.511093 -0.094143 
 -0.082543 -0.325626 0.148752 
 -0.222776 0.836560 -0.219731 
 0.106877 0.850868 0.177888 
 -0.054869 -0.244451 0.238456 
 0.206351 0.247304 -0.069106 
 -0.164775 -0.616990 -0.009912 
 -0.241956 -0.692071 0.003844 
 0.020355 0.260878 0.286578 
 0.233886 -0.482599 -0.141400 
 0.032029 -0.592915 -0.032967 
 0.395702 -0.315580 -0.116848 
 -0.064187 -0.546664 -0.030903 
 0.347625 -0.773038 -0.021225 
 -0.588801 0.025580 -0.116052 
 -0.031673 -0.399561 0.122161 
 0.372586 -0.277492 -0.147962 
 -0.094656 0.947409 -0.006214 
 -0.075057 -0.121196 0.303904 
 -0.038810 -0.320287 0.167482 
 -0.286312 -0.126829 0.216779 
 -0.029069 0.019774 0.322120 
 -0.019805 -0.656971 -0.006662 
 0.462825 -0.648672 0.052530 
 0.301944 -0.578412 -0.104434 
 -0.029702 0.019774 0.324448 
 -0.654998 0.009608 -0.146814 
 -0.260925 -0.484165 0.010998 
 0.240842 -0.694454 -0.108399 
 -0.081725 -0.325626 0.149143 
 0.361484 0.426674 0.170905 
 -0.473360 -0.158868 0.027709 
 0.116175 0.777425 -0.019371 
 0.129182 -0.017859 -0.053281 
 0.021473 -0.355584 0.153118 
 0.222445 -0.687770 -0.114312 
 -0.477605 -0.343800 0.046218 
 -0.515747 0.035368 0.020870 
 -0.619788 -0.232601 0.029262 
 0.290446 -0.064487 -0.133989 
 -0.168730 -0.687778 0.002794 
 0.125099 -0.808895 -0.073074 
 0.288596 -0.604854 -0.084601 
 -0.678316 0.289988 -0.171210 
 0.458872 -0.204662 -0.035496 
 0.204681 0.420968 -0.077535 
 0.089678 -0.447201 -0.053976 
 -0.010889 -0.567479 -0.012912 
 -0.238989 -0.557709 0.004140 
 0.179046 -0.201962 -0.147976 
 0.331402 -0.284809 -0.165683 
 -0.342781 0.846100 -0.190682 
 -0.205606 -0.537607 -0.009106 
 -0.544592 0.115939 -0.080788 
 -0.099757 0.662848 -0.177870 
 -0.205606 -0.538772 -0.009106 
 0.302906 -0.462614 -0.124530 
 0.009601 -0.574957 -0.006916 
 0.261138 0.274577 -0.071636 
 -0.345950 -0.227370 0.064196 
 0.281562 -0.344155 -0.137575 
 0.294801 0.602971 0.151676 
 -0.031514 -0.064402 0.302722 
 0.394252 0.231251 0.034077 
 -0.431780 -0.237834 0.026899 
 0.333584 0.247144 -0.049226 
 0.032029 -0.594708 -0.033182 
 -0.368426 -0.389389 0.019274 
 -0.731348 0.324533 -0.245980 
 -0.100706 -0.168135 0.253528 
 -0.351119 -0.246745 0.056933 
 0.215734 -0.525521 -0.127730 
 -0.405937 -0.143685 0.058577 
 0.445510 -0.340188 0.005250 
 -0.042090 0.163002 0.302750 
 0.374225 -0.164827 -0.091029 
 -0.280794 -0.293892 0.075424 
 -0.083441 -0.539725 -0.036900 
 0.471915 -0.509711 0.024507 
 0.243191 0.781280 0.324069 
 -0.440316 -0.190323 0.033504 
 -0.688030 0.217606 -0.221570 
 -0.662738 0.200067 -0.184188 
 -0.086986 0.810435 -0.186363 
 0.395558 -0.579393 -0.036572 
 0.173611 0.197452 -0.093230 
 0.222012 0.414242 -0.071655 
 -0.060640 0.120899 0.316223 
 0.364621 -0.009649 -0.091707 
 -0.484796 -0.047956 0.047314 
 -0.169551 -0.203083 0.201879 
 0.135302 0.000954 -0.044875 
 -0.591073 0.236483 -0.147641 
 0.198424 -0.176384 -0.103797 
 -0.644265 -0.066164 -0.127956 
 -0.108924 -0.654261 -0.009222 
 0.400135 -0.461598 -0.069764 
 -0.691605 0.281435 -0.208162 
 0.360148 -0.580039 -0.080613 
 -0.302471 0.851223 -0.171750 
 0.089249 0.810625 -0.038191 
 0.167173 0.738626 -0.007988 
 0.288119 0.548186 0.106908 
 0.209591 0.183262 -0.081557 
 0.037655 0.218915 0.254876 
 0.197408 0.822142 0.298470 
 -0.130101 -0.200667 0.233407 
 0.277385 0.656877 0.125838 
 -0.201336 0.800854 -0.188014 
 -0.411105 -0.160547 0.051899 
 -0.378764 -0.427784 0.006543 
 0.213415 -0.775531 -0.107276 
 -0.612570 0.015030 -0.128312 
 -0.074394 -0.820088 -0.017936 
 0.425899 -0.302110 -0.039785 
 0.180352 -0.169596 -0.108451 
 0.295414 0.129848 -0.058472 
 0.285485 -0.082409 -0.140126 
 0.384249 -0.207583 -0.097384 
 0.171033 0.757220 -0.005630 
 -0.342984 -0.493397 0.037609 
 -0.103086 0.896492 -0.173785 
 -0.260241 -0.031541 0.248737 
 -0.368426 -0.389389 0.018426 
 0.236802 -0.010843 -0.113075 
 -0.611496 -0.048219 -0.065160 
 0.183389 -0.493079 -0.133358 
 -0.219241 -0.511950 -0.008024 
 0.361920 -0.747803 -0.041014 
 0.166575 0.590768 -0.116930 
 0.212862 0.376789 -0.083799 
 -0.070145 -0.565211 -0.037166 
 -0.663000 0.020776 -0.178730 
 -0.442985 -0.041010 0.142391 
 -0.573995 -0.062185 -0.052747 
 0.116534 -0.499474 -0.054504 
 0.447263 -0.292720 -0.014639 
 0.107669 0.591886 -0.140318 
 -0.701011 0.209350 -0.259155 
 0.384939 -0.127543 -0.078837 
 0.235690 -0.763455 -0.093717 
 0.354410 -0.321460 -0.133960 
 -0.388865 -0.231689 0.045366 
 -0.639385 -0.160847 -0.041228 
 0.285468 0.093824 -0.070664 
 -0.029939 -0.215713 0.270301 
 0.276727 -0.231027 -0.144853 
 0.018818 0.705947 -0.150854 
 -0.186471 -0.196030 0.195783 
 -0.351119 -0.246373 0.057497 
 -0.735275 0.271358 -0.289743 
 0.043590 -0.524502 0.017872 
 -0.201103 -0.336556 0.069234 
 0.402636 0.009704 -0.041695 
 -0.719456 0.217173 -0.265083 
 0.188837 0.012126 -0.066247 
 -0.596401 -0.271393 0.060532 
 -0.380329 -0.279941 0.038760 
 0.258868 -0.080274 -0.120421 
 -0.294499 -0.268268 0.075694 
 0.264238 -0.732443 -0.078262 
 0.101062 -0.459666 -0.022120 
 0.315661 -0.388532 -0.164179 
 0.275794 0.638663 0.106376 
 -0.712644 0.318850 -0.240052 
 -0.560350 -0.052536 -0.015215 
 0.212319 -0.104053 -0.143555 
 0.072652 0.834816 -0.024674 
 0.208385 0.486535 -0.091513 
 0.240338 -0.526604 -0.147797 
 -0.008076 0.908826 0.173864 
 0.334140 -0.610850 -0.098806 
 -0.170277 0.906186 -0.229174 
 -0.100873 -0.318608 0.142686 
 -0.233652 -0.120871 0.209534 
 0.312162 0.446862 0.048559 
 -0.645282 0.044063 -0.197163 
 0.331453 0.587869 0.163762 
 -0.223024 -0.264577 0.074463 
 0.286273 -0.275063 -0.151208 
 0.289093 0.699644 0.216949 
 0.274879 0.707450 0.197678 
 0.213718 0.618911 -0.015104 
 0.189833 0.803109 0.292246 
 -0.184002 -0.059168 0.273214 
 0.343614 -0.573955 -0.086502 
 0.472124 -0.393539 0.005859 
 -0.219861 -0.141931 0.209263 
 0.316234 -0.604036 -0.104696 
 0.179224 0.711573 -0.008247 
 0.177330 -0.628525 -0.120762 
 0.336471 0.610076 0.169914 
 -0.029939 -0.215511 0.270301 
 -0.011634 0.738045 -0.156379 
 -0.021349 -0.261939 0.263193 
 -0.025410 0.951695 0.206887 
 -0.033191 -0.432872 0.083568 
 0.320269 -0.585135 -0.098544 
 0.420580 -0.770334 0.054075 
 -0.190742 -0.713377 -0.041430 
 -0.539728 0.021361 0.010063 
 0.233541 0.324741 -0.071118 
 0.041267 0.779831 -0.126694 
 -0.631168 0.101235 -0.178468 
 -0.287684 -0.181228 0.158934 
 0.284651 -0.455162 -0.130397 
 0.231136 0.709156 0.041918 
 0.415152 -0.405402 -0.051454 
 -0.029939 -0.215882 0.269082 
 -0.057474 0.714239 -0.180152 
 -0.094631 -0.629146 -0.031254 
 -0.541525 -0.061262 -0.009145 
 0.417328 -0.158241 -0.073261 
 -0.334283 -0.572462 -0.008084 
 -0.576732 -0.112240 -0.034174 
 -0.611473 0.160351 -0.172672 
 -0.152303 -0.459854 -0.016401 
 0.420720 -0.271494 -0.065954 
 0.415734 -0.292500 -0.071907 
 -0.715515 -0.069991 -0.126921 
 0.406965 -0.020122 -0.015859 
 0.295368 0.404237 -0.029077 
 0.228680 -0.239736 -0.136534 
 0.139006 -0.551342 -0.118909 
 -0.012522 -0.072340 0.308920 
 0.119929 0.714910 -0.031545 
 0.255023 -0.098916 -0.125786 
 0.242670 0.233120 -0.058207 
 0.443541 -0.115197 -0.022752 
 0.278709 -0.541562 -0.136048 
 0.331629 -0.058693 -0.116421 
 -0.731671 0.324533 -0.245980 
 0.384476 0.017393 -0.047839 
 0.128590 0.670989 -0.038129 
 -0.046643 0.347544 0.386373 
 0.044061 0.796649 -0.120654 
 0.321709 -0.097002 -0.128427 
 0.280978 0.348457 -0.046883 
 0.367525 0.167818 0.055469 
 -0.683241 0.236590 -0.215210 
 -0.217690 0.855031 -0.213682 
 0.213901 -0.152867 -0.123789 
 0.271590 -0.379475 -0.149799 
 0.365657 0.345016 0.047082 
 -0.000605 -0.466115 0.090347 
 0.030996 0.823464 -0.120438 
 0.282254 -0.019593 -0.127650 
 0.061814 0.938313 0.131568 
 0.203865 0.514832 -0.117702 
 -0.019889 0.970877 0.213095 
 0.226471 0.546514 0.006597 
 0.024351 0.724418 -0.142950 
 0.399720 0.250851 0.040189 
 0.347798 0.500460 0.150934 
 0.210115 0.634588 0.017535 
 0.331402 -0.283423 -0.166741 
 -0.011645 -0.531404 0.087420 
 0.294148 -0.608717 -0.097940 
 0.181587 0.476327 -0.065241 
 -0.576457 -0.023453 0.015005 
 0.342494 0.002842 -0.116764 
 0.000522 -0.275447 0.255923 
 0.428188 0.228735 0.040186 
 0.043617 0.773856 0.036930 
 0.349717 -0.178058 -0.115577 
 0.324050 0.503442 0.038039 
 -0.026018 0.871463 -0.019083 
 0.114401 -0.600086 -0.040196 
 0.305187 -0.147110 -0.121742 
 -0.325211 -0.509240 0.019499 
 0.302455 -0.427003 -0.093528 
 0.000791 0.891280 0.023326 
 -0.873399 -0.016896 -0.214397 
 -0.763017 -0.070112 -0.192788 
 -0.547061 -0.136588 -0.016506 
 -0.069976 -0.270986 0.231808 
 0.323696 0.421051 0.007863 
 -0.354848 -0.298633 0.047676 
 0.173180 0.468498 -0.098608 
 0.294232 0.032343 -0.110070 
 -0.291501 -0.422263 0.025442 
 -0.435075 -0.351567 0.037922 
 0.242425 -0.044294 -0.105177 
 0.214845 0.183570 -0.055808 
 -0.116542 -0.282926 0.182432 
 0.371483 -0.607913 -0.041371 
 0.406093 -0.630003 0.002894 
 -0.626203 -0.060191 -0.084053 
 0.224193 0.146540 -0.065895 
 -0.251362 -0.402415 0.047267 
 0.361160 -0.198621 -0.118756 
 -0.193710 -0.470932 0.041772 
 0.010648 0.794502 0.301695 
 -0.455884 -0.120013 0.117362 
 0.206251 -0.355572 -0.127265 
 0.066994 0.599328 -0.088268 
 0.395703 0.075565 -0.029393 
 0.079706 0.578309 -0.091293 
 0.370426 0.116451 -0.024364 
 0.455310 -0.133814 -0.045549 
 0.305306 -0.277229 -0.102945 
 -0.089517 0.861797 -0.061290 
 -0.093079 -0.256100 0.201610 
 0.427888 0.190310 0.053287 
 -0.106727 0.399374 0.471665 
 0.349109 0.337152 0.052195 
 0.029579 0.656284 -0.079194 
 -0.024487 -0.594994 0.057962 
 -0.329526 -0.468684 0.019093 
 -0.606297 -0.257597 -0.003792 
 -0.564171 -0.195864 0.010422 
 0.231197 0.541181 -0.022672 
 0.189796 0.098280 -0.124093 
 0.032552 0.593641 -0.103006 
 0.004005 0.906860 0.031919 
 0.309341 0.160901 -0.069220 
 -0.511466 -0.196081 0.028272 
 -0.901064 0.025421 -0.208073 
 -0.923200 0.083553 -0.194163 
 0.490602 -0.272902 0.035933 
 0.153838 0.264338 -0.021194 
 -0.214025 -0.187120 0.209046 
 0.360929 -0.439109 -0.102820 
 0.302455 -0.427003 -0.093831 
 0.302028 -0.295146 -0.110031 
 -0.247072 -0.303261 0.032566 
 -0.563272 -0.131183 -0.020703 
 0.154067 0.663520 -0.004475 
 -0.353744 -0.136587 0.150110 
 0.201809 0.122249 -0.083140 
 0.011334 0.753979 0.004547 
 0.277957 0.549828 0.146864 
 0.013550 0.583624 -0.112897 
 -0.528994 -0.166267 0.005355 
 0.257400 -0.131187 -0.132445 
 -0.222266 -0.274641 0.051350 
 0.340219 0.290469 0.031130 
 -0.108024 0.932436 -0.040974 
 -0.452197 -0.128306 0.143173 
 0.189054 0.268726 -0.006220 
 -0.171829 -0.530031 0.027579 
 -0.294908 -0.439463 0.016873 
 0.430160 -0.092634 -0.039394 
 0.024858 0.850695 0.018906 
 -0.502722 -0.188348 0.061308 
 -0.476584 -0.317517 0.022107 
 -0.212347 -0.562528 0.041265 
 0.021003 0.800777 0.024689 
 -0.737784 0.078570 -0.073585 
 -0.207808 -0.232562 0.154182 
 0.306122 -0.371523 -0.096827 
 -0.097618 -0.346866 0.124653 
 -0.756314 -0.038481 -0.179096 
 -0.492407 -0.226031 0.049888 
 0.429398 -0.039929 -0.033377 
 -0.158545 -0.248898 0.166663 
 -0.064390 0.749844 -0.052336 
 0.000439 0.810915 -0.005853 
 -0.175510 -0.598952 0.068263 
 0.306459 0.227668 -0.045546 
 -0.782392 0.003836 -0.170278 
 -0.358662 -0.495905 0.011168 
 0.168241 0.540586 -0.018769 
 0.243825 0.500100 -0.006108 
 -0.094528 0.118636 0.369793 
 -0.168422 -0.513623 0.035342 
 0.258111 -0.010957 -0.113265 
 0.259632 0.272226 -0.032161 
 0.138971 0.623489 -0.051862 
 0.213227 -0.017690 -0.106071 
 0.418047 -0.024269 -0.085910 
 0.220384 0.601408 0.146036 
 0.414165 -0.198828 -0.099814 
 0.037448 0.744779 0.022979 
 -0.434326 -0.179335 0.103167 
 -0.159189 0.953415 -0.078628 
 0.436140 -0.344406 -0.052025 
 -0.113850 -0.388471 0.076741 
 -0.136630 0.426485 0.470724 
 -0.621294 0.040558 -0.044866 
 -0.889183 0.049354 -0.168210 
 -0.159539 0.872477 -0.108686 
 0.267746 -0.220338 -0.148719 
 -0.432047 -0.194970 0.085332 
 0.181587 0.473966 -0.065241 
 -0.476077 -0.317714 0.022107 
 -0.194190 -0.567980 0.045431 
 0.215466 -0.482903 -0.079136 
 -0.487547 -0.092969 0.116636 
 0.240509 0.262101 -0.043110 
 -0.179310 -0.325432 0.049082 
 0.367186 0.354247 0.025283 
 -0.075261 -0.577419 0.045512 
 -0.662520 -0.064642 -0.099937 
 0.460867 -0.373975 -0.040088 
 -0.024616 0.644339 -0.104766 
 0.089928 0.722732 0.061421 
 0.198651 0.360022 -0.035110 
 -0.546310 -0.312416 -0.001917 
 0.331822 -0.587959 -0.075490 
 -0.510776 -0.195390 0.028272 
 -0.408885 -0.253258 0.071153 
 -0.173608 0.460346 0.442696 
 0.302028 -0.293931 -0.109922 
 -0.151813 -0.392528 0.061116 
 0.456776 -0.134221 -0.045549 
 0.192374 -0.686051 -0.070382 
 0.106434 0.716997 0.065362 
 0.403475 0.097464 0.023003 
 -0.684872 0.016787 -0.104576 
 -0.124032 0.854678 -0.074983 
 -0.442294 -0.242288 0.063183 
 -0.288164 -0.189380 0.140764 
 -0.284748 -0.173097 0.146819 
 -0.081329 -0.439208 0.097482 
 -0.563015 -0.306121 -0.006078 
 -0.092108 -0.401619 0.106709 
 0.214803 0.184556 -0.055808 
 0.462725 -0.263613 -0.036528 
 -0.512527 -0.236928 0.039159 
 0.199842 0.643022 0.139841 
 0.216080 0.637867 0.143808 
 0.423653 0.213405 0.033804 
 -0.049780 -0.257197 0.243395 
 0.297890 -0.686477 -0.031401 
 0.494513 -0.462706 -0.008435 
 -0.065719 0.186314 0.366169 
 0.367533 0.182918 0.000868 
 -0.090804 -0.446276 0.063559 
 0.299889 -0.577232 -0.083581 
 -0.254023 -0.245399 0.105744 
 0.199280 0.360022 -0.034541 
 0.169049 0.695377 0.081126 
 -0.526190 -0.302803 0.009626 
 -0.323930 -0.194445 0.125060 
 -0.282558 -0.501139 0.024508 
 -0.143925 0.867664 -0.105357 
 -0.324988 -0.194445 0.124559 
 0.291656 0.232296 -0.049487 
 0.035309 -0.476945 0.125178 
 0.349160 0.462694 0.031639 
 0.362389 -0.198621 -0.118091 
 0.423879 -0.075304 -0.102233 
 0.217917 -0.456739 -0.108669 
 -0.694105 -0.075668 -0.169050 
 0.015826 0.569036 -0.129298 
 0.214803 0.183570 -0.054631 
 0.161410 0.650437 -0.034099 
 -0.502280 -0.189343 0.061308 
 0.521429 -0.393395 0.042423 
 0.117233 0.598344 -0.070809 
 0.277661 0.549828 0.147778 
 -0.042923 -0.227038 0.258591 
 0.436339 -0.654292 0.059349 
 -0.069976 -0.270111 0.231044 
 0.026150 0.789069 0.305730 
 0.131564 0.745540 0.166341 
 0.263578 -0.449372 -0.115275 
 0.479916 -0.278956 0.002599 
 0.336462 -0.013733 -0.112644 
 -0.113850 -0.387326 0.075174 
 0.318339 0.042731 -0.110658 
 -0.452197 -0.128171 0.143173 
 0.438163 -0.437944 -0.046180 
 -0.203950 -0.433343 0.052351 
 0.406455 0.074519 0.041752 
 -0.756314 -0.038481 -0.178746 
 0.193200 -0.644383 -0.081599 
 0.219774 0.689880 0.138131 
 -0.446265 -0.157744 0.106743 
 0.251243 -0.080228 -0.114683 
 0.296752 0.181329 -0.065630 
 0.224457 0.317750 -0.041216 
 0.482076 -0.495833 -0.011737 
 0.051241 -0.698331 0.021192 
 0.142176 0.557867 -0.073881 
 0.434881 -0.494357 -0.041979 
 0.138970 0.542739 -0.083321 
 -0.088009 -0.654563 0.053303 
 0.408825 -0.495349 -0.079101 
 0.334336 -0.134012 -0.130943 
 -0.585653 -0.182089 -0.020923 
 -0.046258 -0.243218 0.250806 
 -0.077346 -0.423129 0.103494 
 0.395783 0.032078 -0.072792 
 -0.161459 0.857410 -0.116148 
 -0.593255 -0.070932 -0.076957 
 0.372487 -0.607913 -0.041543 
 0.212303 0.509612 -0.013923 
 0.493902 -0.256330 0.043763 
 -0.349410 -0.282555 0.055041 
 -0.126136 0.896958 -0.114168 
 -0.170324 -0.530031 0.027978 
 0.237900 -0.407020 -0.109048 
 -0.410760 -0.152509 0.122785 
 0.262809 0.509408 0.004515 
 -0.012816 -0.254150 0.259139 
 0.470741 -0.327143 -0.018744 
 0.136491 -0.698928 -0.042674 
 -0.345857 -0.377559 0.048006 
 -0.358662 -0.499408 0.011168 
 -0.808836 -0.038268 -0.197727 
 0.479159 -0.147148 -0.014670 
 -0.296117 -0.478157 0.027731 
 -0.266772 -0.147709 0.177967 
 0.285677 0.401983 -0.013964 
 0.271143 -0.031466 -0.117950 
 -0.730237 -0.080798 -0.183821 
 -0.394271 -0.157961 0.126632 
 -0.692580 -0.147674 -0.115024 
 0.014063 -0.700225 0.059254 
 -0.358662 -0.497838 0.011168 
 -0.550080 -0.067193 0.008522 
 0.283196 -0.653712 -0.065211 
 -0.031352 0.739596 -0.045729 
 -0.247858 0.906584 -0.061544 
 -0.100990 0.213061 0.376213 
 -0.079671 -0.277692 0.197931 
 -0.373889 -0.147731 0.138189 
 -0.028307 -0.522466 0.083270 
 -0.804616 0.037830 -0.140485 
 0.225542 -0.121147 -0.139454 
 -0.891059 0.072868 -0.186340 
 0.415254 -0.423786 -0.076564 
 -0.060674 0.890708 0.029002 
 0.459210 -0.521819 -0.029623 
 0.163733 0.627476 -0.014456 
 -0.226539 -0.166914 0.212281 
 0.333467 0.298154 0.004634 
 0.390085 0.001351 -0.086799 
 0.000147 -0.362232 0.223044 
 0.117904 0.598344 -0.069625 
 0.241281 0.262101 -0.042214 
 0.013550 0.582876 -0.113840 
 0.170325 0.531520 -0.074795 
 -0.088295 0.151937 0.384615 
 0.371505 -0.566008 -0.053040 
 0.414735 -0.251304 -0.105918 
 0.456776 -0.135214 -0.045549 
 0.066994 0.599553 -0.088268 
 -0.062158 -0.600210 0.042297 
 0.285378 -0.075242 -0.100316 
 0.327872 -0.508093 -0.087613 
 -0.478745 -0.161181 0.080235 
 0.306837 0.011763 -0.113534 
 0.473953 -0.646871 0.128748 
 0.251760 -0.426793 -0.112162 
 -0.663080 0.043143 -0.086821 
 -0.355730 -0.340762 0.058612 
 0.211960 -0.539111 -0.074771 
 0.379257 -0.164878 -0.126808 
 -0.091723 0.134816 0.377046 
 -0.864342 0.029433 -0.192665 
 -0.061234 -0.514385 0.074971 
 -0.602216 -0.143503 -0.079858 
 0.265002 0.018638 -0.099221 
 0.489870 -0.502121 0.067485 
 0.167189 -0.601967 -0.075291 
 -0.893979 0.080547 -0.211713 
 -0.759299 0.032090 -0.153684 
 0.176623 0.207244 -0.034381 
 -0.070195 0.821172 -0.055336 
 0.352387 0.477923 0.040140 
 -0.036421 0.769392 -0.007986 
 -0.592887 0.014559 -0.043941 
 -0.093526 0.922723 0.001482 
 0.027041 -0.553773 0.066712 
 -0.448751 -0.188565 0.081995 
 -0.011714 0.911573 0.029550 
 -0.257148 0.942931 -0.052335 
 0.374270 0.422377 0.026631 
 0.343203 -0.208597 -0.129764 
 -0.039191 0.731287 -0.077928 
 -0.073219 0.911615 0.032043 
 -0.509581 -0.220586 0.046542 
 0.182673 0.112632 -0.094874 
 0.462523 -0.506167 -0.022933 
 0.342612 -0.169851 -0.141743 
 0.343556 -0.169851 -0.141743 
 -0.122011 0.872005 -0.068063 
 -0.125117 0.877364 -0.094432 
 0.042455 0.737631 0.050144 
 -0.747827 -0.014711 -0.138641 
 0.161515 0.421079 -0.025951 
 0.466229 -0.571599 0.008442 
 -0.485251 -0.335126 0.025426 
 0.295833 -0.661129 -0.049945 
 -0.863624 0.091032 -0.142329 
 0.215038 0.458165 -0.019651 
 0.241558 0.432646 -0.018345 
 -0.619466 -0.027944 -0.069888 
 0.328441 -0.428609 -0.110837 
 0.175568 0.125198 -0.065855 
 -0.542186 -0.037615 0.103733 
 -0.254023 -0.245399 0.106031 
 -0.098365 -0.519600 0.059092 
 0.089083 0.621879 -0.070505 
 0.244500 -0.374814 -0.094889 
 0.180307 -0.269632 -0.079213 
 0.469282 -0.232238 -0.024485 
 0.150675 -0.513186 -0.047306 
 0.420304 -0.086253 -0.054498 
 0.082134 0.593437 -0.084364 
 0.189846 -0.307052 -0.088967 
 -0.834913 0.003640 -0.191745 
 -0.155228 0.172859 0.367912 
 0.359486 -0.479192 -0.091159 
 0.018596 -0.741146 0.059393 
 0.255250 -0.682021 -0.072023 
 -0.040818 0.730200 -0.077928 
 0.268709 0.407127 -0.017879 
 0.072593 0.829628 0.068177 
 -0.049640 -0.304735 0.199205 
 0.173273 0.660253 0.082451 
 0.286358 -0.075242 -0.100812 
 0.151207 -0.513186 -0.046967 
 0.321340 -0.284013 -0.098951 
 0.389303 0.001217 -0.086799 
 0.374270 0.420490 0.026631 
 0.437208 -0.227350 -0.087847 
 -0.008611 -0.601592 0.062111 
 0.106908 0.678309 -0.015399 
 0.430685 -0.254876 -0.101946 
 -0.468526 -0.340727 0.030444 
 0.054269 0.768948 0.268383 
 -0.094539 -0.331873 0.132018 
 -0.108671 -0.609395 0.048122 
 0.380482 0.200324 -0.014597 
 0.161322 0.648635 -0.034099 
 0.391454 -0.395975 -0.090283 
 0.389273 -0.624674 -0.000684 
 -0.217291 -0.240184 0.119890 
 0.058830 -0.539329 0.057948 
 0.228064 0.505178 -0.010034 
 -0.604624 -0.192709 -0.032749 
 0.275502 0.104402 -0.090355 
 0.321697 -0.114499 -0.128591 
 -0.048656 0.684816 -0.098716 
 -0.623002 -0.252390 -0.007228 
 -0.884084 0.021726 -0.203991 
 0.347830 -0.418732 -0.099714 
 0.263578 -0.447627 -0.115891 
 0.091083 0.752403 0.088344 
 0.347020 -0.661341 -0.030256 
 0.003314 -0.259616 0.263333 
 -0.625486 -0.169209 -0.098647 
 0.015612 -0.402052 0.146998 
 -0.136634 -0.413984 0.057909 
 0.274399 0.534437 0.141566 
 0.010808 -0.226993 0.278155 
 -0.581975 -0.101654 -0.043108 
 -0.135245 -0.524816 0.043642 
 -0.360433 -0.355634 0.051229 
 0.384427 -0.589012 -0.056174 
 -0.208057 -0.232562 0.156409 
 -0.213883 -0.223824 0.128278 
 -0.361064 -0.371753 0.043845 
 0.043601 0.824885 0.042547 
 0.008425 -0.519689 0.098935 
 0.270429 -0.069918 -0.104283 
 -0.013413 0.851224 -0.022494 
 -0.162840 -0.330283 0.053211 
 0.003721 0.669612 -0.098270 
 0.095495 0.653949 -0.055762 
 0.159414 -0.280957 -0.090366 
 0.257415 0.346211 -0.045782 
 0.274457 0.155593 -0.084458 
 0.273686 -0.052600 -0.097243 
 0.343235 -0.088021 -0.110590 
 0.466694 -0.087642 -0.024400 
 -0.178064 -0.259572 0.154748 
 0.237732 0.550101 0.010633 
 0.063789 0.584434 -0.095197 
 -0.092284 0.796026 -0.072443 
 0.321929 0.140473 -0.073549 
 -0.182404 -0.340876 0.041754 
 0.175201 0.437432 -0.041463 
 0.257339 -0.395648 -0.098404 
 -0.144199 -0.315761 0.119568 
 0.347818 -0.498577 -0.076431 
 0.018647 -0.473772 0.121029 
 0.286320 0.217026 -0.056481 
 0.275856 0.184729 -0.059285 
 0.044247 -0.282325 0.242327 
 0.211555 0.168240 -0.062030 
 -0.179837 -0.406618 0.071231 
 -0.133869 -0.397946 0.065508 
 -0.304868 -0.183771 0.136143 
 0.271930 0.303691 -0.030499 
 -0.891960 -0.011553 -0.218479 
 0.206766 0.428070 -0.033602 
 0.263558 -0.184244 -0.149599 
 0.229025 0.014731 -0.114156 
 -0.688931 0.000931 -0.111838 
 -0.054558 -0.665467 0.058741 
 -0.625965 -0.169209 -0.098570 
 -0.209045 -0.588021 0.060727 
 0.143637 0.448285 -0.049720 
 -0.235668 -0.189433 0.160628 
 -0.247858 0.907470 -0.060779 
 -0.712451 -0.134090 -0.144549 
 0.395554 -0.340764 -0.093159 
 -0.485251 -0.335275 0.026626 
 0.209234 -0.691394 -0.066719 
 0.025169 -0.570985 0.059366 
 0.459897 -0.157366 -0.027274 
 0.045483 0.896404 0.016936 
 -0.821048 0.043784 -0.144325 
 0.000169 0.574344 -0.135891 
 0.260567 0.442730 -0.007421 
 0.169410 0.178786 -0.048462 
 -0.149292 0.816678 -0.102119 
 -0.229078 -0.308665 0.036695 
 -0.289880 -0.295936 0.045900 
 -0.923200 0.083228 -0.194504 
 0.317588 0.109934 -0.086623 
 -0.187129 -0.395405 0.045491 
 -0.087000 -0.264646 0.227632 
 -0.092779 -0.573268 0.041362 
 -0.419788 -0.398241 0.053644 
 0.395934 0.031931 -0.072792 
 0.428025 -0.311680 -0.097058 
 0.245367 0.114163 -0.098248 
 -0.772931 -0.009461 -0.200818 
 -0.503380 -0.274388 0.028553 
 -0.144604 -0.335687 0.057340 
 0.028311 0.704257 -0.035795 
 0.422535 -0.526890 -0.045325 
 0.021015 0.856131 -0.007859 
 0.235175 -0.075035 -0.119258 
 -0.675994 -0.128933 -0.127905 
 0.427293 -0.484663 -0.067949 
 0.434811 -0.033708 0.011032 
 -0.117688 -0.359485 0.113139 
 -0.374566 -0.405719 0.039799 
 -0.207968 0.432169 0.446263 
 -0.204615 0.769198 -0.029130 
 0.304687 0.412067 -0.001527 
 0.405093 0.039593 -0.041094 
 0.169612 0.258548 -0.017227 
 0.194725 -0.574513 -0.067612 
 -0.247858 0.907470 -0.062324 
 -0.675625 -0.043800 -0.096759 
 0.026373 0.644136 -0.086375 
 -0.542895 -0.295735 0.004235 
 0.216919 0.561473 -0.019639 
 -0.236666 -0.174752 0.178434 
 -0.011222 -0.714775 0.058454 
 0.419068 0.010111 -0.005743 
 -0.016751 0.836096 -0.029072 
 0.132559 0.512483 -0.097572 
 0.466437 -0.128230 -0.012239 
 0.166153 0.161915 -0.055503 
 -0.173813 0.460346 0.443156 
 -0.351822 -0.465040 0.027609 
 0.464296 -0.435058 -0.009343 
 -0.341937 -0.503645 0.015334 
 0.254143 -0.148646 -0.139486 
 0.233919 -0.596872 -0.088386 
 0.042057 0.836147 0.315996 
 -0.200628 -0.245616 0.125508 
 0.443009 -0.516761 -0.034129 
 0.238500 0.417417 -0.025741 
 -0.153317 -0.519384 0.039492 
 0.254039 -0.411220 -0.105194 
 0.217917 -0.456900 -0.108669 
 0.430298 -0.335745 -0.078685 
 -0.263435 -0.338564 0.040154 
 0.400213 0.081153 0.015213 
 0.373701 0.384786 0.040348 
 -0.082310 0.191760 0.361848 
 -0.297196 -0.196597 0.107529 
 -0.080991 -0.439208 0.096130 
 0.405700 0.165289 0.035239 
 0.241828 -0.044294 -0.105268 
 0.407210 -0.562118 -0.037770 
 -0.451051 -0.174153 0.099350 
 -0.015930 -0.674305 0.057876 
 0.179187 0.504679 -0.028776 
 0.185556 -0.445296 -0.116729 
 -0.669257 -0.097141 -0.115155 
 0.313285 0.340052 -0.000529 
 -0.015576 -0.229491 0.240449 
 0.417556 -0.101412 -0.061539 
 0.490402 -0.394978 0.015978 
 0.466008 -0.529320 -0.004096 
 -0.044234 0.759889 -0.041474 
 0.462686 -0.546048 -0.011275 
 0.458203 -0.586879 0.066452 
 0.447768 -0.010818 0.051669 
 0.345250 -0.154521 -0.134721 
 0.470822 -0.365340 -0.006865 
 -0.553841 -0.168583 -0.030562 
 0.013601 -0.402052 0.146337 
 -0.736940 -0.112429 -0.199476 
 0.332048 -0.029428 -0.119648 
 0.380650 -0.164878 -0.126808 
 -0.025273 -0.594483 0.057962 
 0.446574 -0.351371 -0.036982 
 -0.057416 -0.457112 0.071260 
 0.368042 0.223289 -0.011540 
 -0.754691 -0.022665 -0.171335 
 -0.497147 -0.132636 0.057731 
 0.295585 -0.661129 -0.049945 
 -0.224374 0.857773 -0.112218 
 -0.163723 -0.206558 0.221574 
 0.302532 -0.254800 -0.121852 
 0.089775 0.722156 0.061421 
 -0.211596 -0.464395 0.037622 
 0.114473 -0.517174 -0.007974 
 0.490602 -0.271903 0.035387 
 0.421730 -0.475630 -0.093288 
 0.245761 0.559886 0.138920 
 -0.634674 -0.068063 -0.117257 
 0.367064 0.264781 0.032021 
 -0.019298 -0.200145 0.276617 
 0.339174 -0.514559 -0.072661 
 0.107414 0.552960 -0.090413 
 -0.062304 0.202632 0.373392 
 -0.579781 -0.007724 -0.047120 
 0.347106 0.101237 -0.078741 
 -0.602881 -0.241716 0.003557 
 -0.195797 -0.609666 0.056239 
 0.192952 0.580724 0.006055 
 0.365679 0.354247 0.025283 
 -0.618732 -0.137982 -0.083971 
 0.370218 -0.008773 -0.099600 
 0.264034 -0.664144 -0.076146 
 -0.345356 -0.518910 0.007501 
 -0.501236 -0.172229 0.068691 
 0.462906 -0.611610 0.085229 
 0.273686 -0.056048 -0.097243 
 0.254400 -0.328095 -0.072646 
 -0.045924 -0.647213 0.057379 
 -0.444211 -0.141426 0.114135 
 -0.201747 -0.503449 0.027043 
 -0.130944 -0.337088 0.115208 
 -0.600712 0.005060 -0.076851 
 -0.239012 -0.250831 0.109399 
 -0.097601 -0.478352 0.048365 
 -0.017804 0.593941 -0.121649 
 0.328808 -0.044682 -0.126651 
 -0.071284 -0.660015 0.056510 
 0.241828 -0.044294 -0.104522 
 0.309414 -0.355990 -0.090932 
 -0.027928 -0.525249 0.083270 
 0.015239 -0.701315 0.059254 
 -0.919123 0.014948 -0.219399 
 -0.199463 0.816881 -0.119548 
 0.002132 0.846114 -0.018071 
 -0.581515 -0.101892 -0.043108 
 -0.762650 0.015192 -0.160929 
 -0.342547 -0.502771 0.015334 
 -0.162731 -0.330283 0.054802 
 -0.039755 -0.342466 0.189660 
 0.027522 -0.279866 0.238161 
 0.196044 0.345514 -0.042104 
 -0.341937 -0.502771 0.016938 
 -0.788184 0.033071 -0.135939 
 -0.241712 0.937807 -0.047648 
 -0.344150 -0.250398 0.069299 
 0.409666 -0.282524 -0.120018 
 -0.051312 0.829608 -0.044162 
 -0.241269 -0.438558 0.036687 
 0.361207 0.108189 -0.056617 
 -0.173608 0.460383 0.443156 
 0.036386 0.713285 -0.002292 
 0.174991 0.207244 -0.034381 
 0.157780 0.472006 -0.102512 
 -0.854655 -0.005156 -0.203071 
 0.128112 0.736284 0.121858 
 0.406337 0.203253 0.022826 
 -0.124181 0.271693 0.391187 
 0.387749 -0.573953 -0.048995 
 0.261392 -0.168966 -0.131543 
 -0.664569 -0.160466 -0.096127 
 0.332138 -0.319857 -0.109132 
 0.342247 -0.449394 -0.113943 
 0.036411 0.711980 -0.002292 
 -0.092621 -0.614166 0.052282 
 -0.002117 -0.482445 0.109514 
 -0.171961 0.891597 -0.106233 
 -0.727482 0.064569 -0.102327 
 0.169865 0.176502 -0.048462 
 0.375640 -0.352553 -0.104239 
 0.364027 0.376259 0.005704 
 -0.062946 -0.283144 0.202473 
 0.330817 -0.320360 -0.109132 
 0.483641 -0.386174 -0.012035 
 -0.638940 0.045928 -0.049500 
 0.022587 0.835526 0.012026 
 -0.805118 0.061969 -0.159095 
 0.270429 -0.069574 -0.104283 
 -0.183807 0.811777 -0.115569 
 -0.291195 -0.128871 0.202989 
 0.503441 -0.291214 0.032819 
 -0.002814 -0.291975 0.248512 
 0.247439 -0.442366 -0.119913 
 -0.554071 -0.168583 -0.031229 
 -0.237600 -0.422480 0.044052 
 -0.292557 0.917572 -0.046852 
 0.244785 0.448353 -0.011790 
 -0.274237 -0.133806 0.207165 
 -0.141911 -0.556973 0.029595 
 -0.130470 -0.381643 0.072601 
 0.470775 -0.272085 -0.012495 
 0.192419 0.156936 -0.073808 
 -0.052006 0.831189 -0.044162 
 0.213694 -0.388652 -0.084093 
 -0.520251 -0.072668 0.071592 
 0.362782 0.442320 0.029676 
 0.458061 -0.211971 -0.021392 
 0.153715 0.581201 -0.035299 
 -0.495823 -0.242150 0.042761 
 0.420993 -0.008252 -0.078906 
 0.144041 -0.585601 -0.051127 
 -0.066083 0.896609 0.002364 
 -0.031341 -0.455503 0.109655 
 0.514803 -0.422019 0.028102 
 -0.706024 0.007740 -0.115931 
 -0.772704 -0.033138 -0.183244 
 -0.492407 -0.225430 0.050702 
 -0.092284 0.796026 -0.072611 
 0.466707 -0.637390 0.102780 
 0.060008 0.850002 0.071808 
 0.224017 0.229561 -0.034742 
 0.035821 0.608769 -0.096077 
 0.281470 -0.587748 -0.094806 
 0.048927 0.767036 0.063586 
 -0.129848 -0.261335 0.184892 
 -0.148070 -0.284136 0.156057 
 -0.821875 -0.016907 -0.194907 
 0.261123 -0.514462 -0.075194 
 0.067986 0.778281 0.074120 
 -0.506070 -0.290507 0.020635 
 -0.251339 -0.183988 0.157661 
 -0.203859 -0.282074 0.055479 
 0.175141 0.489471 -0.035742 
 -0.923200 0.083553 -0.194509 
 -0.618732 -0.137335 -0.085510 
 -0.024461 -0.594994 0.057962 
 0.246630 -0.163767 -0.135515 
 -0.208717 0.852200 -0.109805 
 0.005241 0.804144 0.020763 
 0.398028 -0.364950 -0.074876 
 -0.485950 -0.279833 0.031949 
 -0.076626 -0.347701 0.173352 
 0.326895 0.089506 -0.089676 
 -0.188492 -0.526577 0.023828 
 0.376312 -0.272125 -0.126486 
 0.188572 -0.606023 -0.083192 
 -0.189859 0.864442 -0.097500 
 0.019944 0.556058 -0.067484 
 -0.499239 -0.258269 0.037279 
 0.134353 -0.548734 -0.040082 
 0.389537 -0.464974 -0.101916 
 0.150581 0.247606 -0.028235 
 0.139929 0.623489 -0.051862 
 0.030961 -0.493308 0.117814 
 0.249365 -0.426793 -0.112162 
 0.377278 0.228941 0.021570 
 0.188858 0.463000 -0.094703 
 0.403475 0.098189 0.022263 
 -0.054164 -0.441074 0.078271 
 0.430200 -0.536370 -0.019366 
 -0.930018 0.075382 -0.227482 
 0.487604 -0.370601 -0.002846 
 0.227798 0.244206 -0.027720 
 -0.507104 -0.204467 0.053925 
 -0.485162 -0.279833 0.032713 
 0.410176 -0.214199 -0.106309 
 -0.576680 -0.002706 0.076820 
 -0.695944 0.053856 -0.094204 
 0.204882 0.263534 -0.002438 
 -0.652783 -0.102511 -0.111959 
 -0.161608 -0.481795 0.049802 
 0.437644 -0.640662 0.011530 
 -0.212468 -0.312768 0.040824 
 0.384195 0.259602 0.035978 
 0.007957 -0.374962 0.193806 
 0.192839 0.612281 0.125760 
 0.138347 0.668061 -0.008111 
 0.349160 0.462694 0.033678 
 0.017107 0.680855 -0.076169 
 -0.341693 -0.188453 0.120900 
 -0.163954 0.857410 -0.116148 
 0.430200 -0.536065 -0.019720 
 -0.269860 -0.284647 0.057385 
 0.312451 -0.598338 -0.086715 
 0.450201 -0.286030 -0.078939 
 0.495289 -0.434831 0.016906 
 -0.241514 -0.438784 0.036687 
 -0.689592 0.000305 -0.111838 
 0.408626 0.180660 0.042280 
 0.097175 -0.635891 -0.032778 
 -0.013546 0.851224 -0.023431 
 -0.072196 0.145530 0.388791 
 0.291289 -0.676904 -0.056886 
 0.265782 0.057963 -0.110348 
 0.296752 0.181155 -0.066529 
 0.212823 0.624687 0.136768 
 -0.015052 -0.546759 0.079606 
 0.066953 0.679298 -0.057526 
 0.271221 0.138681 -0.091452 
 0.270723 -0.551105 -0.083073 
 -0.113421 -0.221747 0.234102 
 -0.478745 -0.161555 0.080966 
 -0.230546 -0.219230 0.124128 
 -0.455583 -0.220803 0.068267 
 -0.163857 0.922769 -0.092431 
 -0.206778 -0.201796 0.179844 
 0.074617 0.773225 0.317835 
 0.185556 -0.445831 -0.115619 
 0.231022 0.134618 -0.095191 
 0.197930 -0.477608 -0.083181 
 0.231876 0.386959 -0.040173 
 -0.157943 -0.246785 0.166663 
 0.366711 -0.650895 -0.019233 
 -0.048106 0.846557 -0.037233 
 0.132298 0.745540 0.166616 
 -0.226619 0.952939 -0.063299 
 -0.939957 0.004475 -0.230529 
 0.500730 -0.425139 0.116762 
 0.036411 0.714072 -0.002292 
 -0.485950 -0.279741 0.032713 
 -0.564978 -0.107162 -0.038989 
 -0.023163 0.807274 -0.043282 
 0.012944 0.790021 -0.009259 
 0.051668 0.684409 -0.062011 
 -0.091299 -0.401619 0.106709 
 -0.004427 0.758552 -0.000136 
 0.320557 0.369722 0.013460 
 0.343187 0.343326 0.025645 
 -0.043857 0.759889 -0.041391 
 -0.546310 -0.311497 -0.001917 
 -0.455583 -0.220803 0.065830 
 -0.753897 -0.083220 -0.220970 
 -0.772704 -0.034661 -0.182661 
 -0.936238 0.104712 -0.192382 
 -0.071527 0.145530 0.388130 
 0.000147 -0.361070 0.223044 
 -0.125205 0.770341 -0.067996 
 0.277661 0.549828 0.147402 
 -0.189053 0.942847 -0.066799 
 0.267168 -0.648390 -0.068930 
 -0.156024 -0.576751 0.043024 
 0.123041 0.673185 -0.012305 
 -0.794536 0.085143 -0.118697 
 0.422561 -0.392721 -0.062335 
 0.421374 0.160097 0.038651 
 -0.610357 -0.184365 -0.058456 
 -0.377226 -0.163413 0.130797 
 0.434095 -0.197754 -0.051563 
 0.316295 0.272946 -0.024564 
 -0.584240 -0.206384 -0.003057 
 0.211960 -0.539535 -0.074904 
 -0.563833 -0.195864 0.008458 
 0.329308 -0.082842 -0.114547 
 0.338855 -0.637306 -0.038232 
 0.199280 0.360022 -0.035449 
 -0.489855 -0.109109 0.109031 
 0.114105 -0.600049 -0.040196 
 0.300342 0.277366 -0.028505 
 0.260214 0.361440 -0.039266 
 0.195249 -0.574513 -0.068098 
 0.028120 0.779001 0.033297 
 0.364101 0.167620 -0.006154 
 -0.626203 -0.060191 -0.084769 
 0.209529 0.494404 -0.020925 
 -0.086511 -0.309970 0.184340 
 -0.602881 -0.241201 0.003591 
 -0.214025 -0.188560 0.208866 
 -0.789094 -0.027795 -0.186756 
 -0.469245 -0.285279 0.037494 
 0.206219 0.427706 -0.033602 
 0.444866 -0.366903 -0.044097 
 0.109787 0.687216 0.028681 
 -0.890636 0.096274 -0.204051 
 -0.509486 -0.306626 0.013771 
 -0.283488 -0.459852 0.013658 
 -0.019235 -0.245631 0.233348 
 0.309695 0.242407 -0.038017 
 -0.887755 0.004262 -0.211235 
 -0.099371 -0.519600 0.059306 
 -0.616759 -0.012502 -0.062607 
 0.225896 -0.655587 -0.072999 
 0.038928 0.564944 -0.057138 
 0.162577 0.665824 0.067058 
 -0.158417 0.243043 0.393726 
 0.245085 -0.028207 -0.098137 
 0.475839 -0.201679 -0.010312 
 0.160036 0.212436 -0.038349 
 -0.189109 -0.287479 0.059199 
 0.021666 0.748543 0.019683 
 0.257757 -0.049486 -0.101928 
 0.166510 0.242748 -0.024268 
 0.415044 0.129355 0.025126 
 -0.075296 0.769775 -0.049304 
 -0.729176 -0.020169 -0.134549 
 0.401701 0.187923 0.015804 
 -0.034048 0.679706 -0.094812 
 0.030632 0.901515 0.013005 
 0.364802 0.205489 -0.019245 
 0.013911 -0.297441 0.252688 
 -0.160685 -0.439498 0.039077 
 0.114653 0.753736 0.257596 
 -0.211596 -0.465454 0.037622 
 0.236334 0.598153 0.149047 
 -0.281079 -0.374028 0.046332 
 0.466008 -0.532958 -0.004096 
 -0.131690 -0.507279 0.051007 
 -0.005533 0.704918 -0.088329 
 -0.381396 -0.133901 0.167287 
 0.413790 -0.116782 -0.069836 
 0.339232 0.498297 0.042741 
 0.359959 -0.306259 -0.118936 
 0.000536 -0.321174 0.211818 
 0.101265 0.522704 -0.104272 
 0.392262 -0.278046 -0.123990 
 0.149962 -0.679580 -0.056699 
 -0.900107 0.109842 -0.174378 
 -0.248747 -0.274411 0.068871 
 0.377362 -0.121768 -0.083554 
 0.042711 0.824885 0.042547 
 0.303536 0.211868 -0.052540 
 0.426807 -0.512608 -0.038164 
 0.259656 0.107090 -0.094302 
 -0.104756 0.816265 -0.070378 
 -0.686232 0.016787 -0.103909 
 0.455718 -0.046800 0.041489 
 0.300347 -0.402588 -0.111741 
 -0.049310 -0.259398 0.243395 
 0.279716 -0.451825 -0.111256 
 -0.506070 -0.293434 0.021169 
 0.001875 0.603862 -0.110815 
 0.122628 0.675056 -0.012305 
 0.462522 -0.571064 0.071904 
 -0.187372 -0.267126 0.122921 
 -0.017922 0.881236 0.014109 
 0.351940 -0.578338 -0.064265 
 -0.875235 0.090944 -0.200416 
 0.490241 -0.355584 0.004287 
 0.000585 -0.321092 0.211818 
 0.408925 -0.454851 -0.090547 
 -0.379266 -0.366308 0.039144 
 0.318315 -0.008567 -0.116591 
 -0.150310 0.837301 -0.119160 
 -0.770245 -0.077030 -0.225649 
 0.271221 0.140679 -0.090489 
 0.483769 -0.626445 0.181731 
 0.246697 0.047838 -0.122245 
 0.018647 -0.471798 0.122265 
 0.187226 0.548750 -0.007877 
 -0.205624 0.769198 -0.030500 
 0.403992 -0.577792 -0.044976 
 0.097563 0.782983 0.100673 
 0.306122 -0.371747 -0.097512 
 -0.753897 -0.083220 -0.220523 
 0.301930 -0.162981 -0.127584 
 0.458313 -0.065685 -0.032483 
 -0.148071 -0.600476 0.051549 
 0.417047 -0.101412 -0.060501 
 0.460545 -0.239736 -0.057734 
 0.258449 0.538928 0.135842 
 0.153481 0.181551 -0.052429 
 0.395674 0.119319 0.014118 
 0.423669 -0.608570 -0.022178 
 0.174103 0.400878 -0.027557 
 0.191854 0.202121 -0.030414 
 0.206713 -0.049279 -0.120521 
 -0.877748 -0.032655 -0.221642 
 0.111172 0.648839 -0.052844 
 -0.188119 -0.438875 0.056501 
 -0.089078 0.809176 -0.065829 
 -0.551667 -0.021708 0.053205 
 -0.259623 0.942931 -0.051563 
 -0.550915 -0.217375 0.005302 
 -0.532392 -0.181712 -0.001499 
 0.101204 0.522704 -0.103098 
 -0.858006 -0.023944 -0.210315 
 -0.321573 -0.178325 0.132104 
 -0.107424 -0.440638 0.058842 
 -0.394035 -0.157961 0.126074 
 -0.046044 -0.519817 0.079120 
 0.263914 -0.100791 -0.118270 
 0.321575 0.058967 -0.102629 
 -0.864759 0.091565 -0.142329 
 0.371828 0.280111 0.039043 
 0.061558 -0.567421 0.020234 
 -0.761672 0.075282 -0.110198 
 0.272769 0.341066 -0.041158 
 0.273329 -0.136725 -0.130215 
 -0.618732 -0.136967 -0.083971 
 0.241921 -0.044294 -0.105177 
 0.352387 0.477923 0.038175 
 -0.435075 -0.352207 0.037922 
 -0.280534 -0.202379 0.110556 
 0.442478 -0.046461 -0.018245 
 0.176386 0.482023 -0.090308 
 0.276349 0.437586 -0.003313 
 0.270548 -0.245440 -0.129817 
 0.469282 -0.232463 -0.024485 
 0.208923 -0.379865 -0.110866 
 -0.038840 0.812669 -0.047187 
 0.156808 -0.470627 -0.069534 
 -0.858006 -0.022239 -0.211233 
 0.025781 0.695214 -0.080531 
 -0.544094 -0.311854 -0.001917 
 0.377497 0.437176 0.034817 
 -0.049640 -0.304735 0.198980 
 -0.923670 0.083553 -0.194504 
 0.063146 0.636278 -0.089593 
 0.043925 0.836147 0.315773 
 -0.303580 -0.314929 0.060126 
 0.045530 -0.430946 0.147272 
 0.469349 -0.193442 -0.037736 
 0.030896 0.794230 0.039975 
 -0.374889 -0.178108 0.112580 
 0.308267 0.508586 0.036972 
 -0.569032 -0.187507 -0.016161 
 -0.527548 -0.080658 0.038438 
 0.310049 0.323624 -0.007523 
 -0.081702 -0.526227 0.063456 
 0.486117 -0.517876 0.062397 
 -0.063507 -0.489188 0.056568 
 0.028120 0.780441 0.033000 
 0.278571 0.504896 0.008709 
 0.428313 -0.444565 -0.079277 
 -0.372000 -0.248030 0.087207 
 -0.604310 -0.217735 -0.014571 
 -0.231275 -0.183094 0.204870 
 0.260657 -0.117024 -0.125405 
 -0.251261 -0.229321 0.112613 
 -0.394970 -0.360863 0.035525 
 -0.468871 -0.197682 0.069629 
 0.029422 -0.278126 0.238161 
 0.386259 0.152944 0.024232 
 -0.689099 -0.107667 -0.128109 
 0.382823 -0.029228 -0.098555 
 -0.779040 0.020139 -0.165011 
 -0.114222 -0.473309 0.044149 
 0.394391 -0.541148 -0.035011 
 0.195674 -0.533803 -0.079958 
 0.325733 -0.619599 -0.089849 
 -0.428146 -0.319353 0.052707 
 -0.013354 0.911573 0.028004 
 -0.091115 0.937194 0.008429 
 0.216938 0.674550 0.131159 
 0.367888 0.264781 0.033008 
 0.028801 0.804703 0.312891 
 0.350223 -0.139539 -0.127699 
 -0.045973 0.110948 0.344063 
 -0.837480 0.049140 -0.148416 
 0.296567 -0.593043 -0.091475 
 0.397133 0.148836 0.039440 
 0.331282 0.103315 -0.082682 
 0.472720 -0.633738 0.148314 
 0.189171 0.142758 -0.079854 
 -0.053228 0.720520 -0.100027 
 -0.546690 -0.053447 0.015935 
 -0.453494 -0.346179 0.033757 
 0.245866 0.009552 -0.108581 
 -0.310825 -0.261713 0.078070 
 0.464202 -0.395672 -0.021131 
 -0.737784 0.078149 -0.071079 
 0.287135 -0.210147 -0.138865 
 -0.371967 -0.475727 0.013397 
 -0.103849 0.816265 -0.069734 
 0.173024 0.273987 -0.010187 
 -0.584961 0.020694 -0.010973 
 -0.477006 -0.145436 0.087618 
 0.466707 -0.637390 0.103094 
 0.484479 -0.303049 0.021667 
 0.286001 -0.158591 -0.131551 
 -0.162731 -0.329843 0.053211 
 -0.880365 0.120315 -0.165218 
 0.446614 -0.582436 -0.003726 
 -0.745240 0.070436 -0.106420 
 -0.019235 -0.245631 0.232442 
 -0.781641 0.064783 -0.121867 
 -0.156882 0.454894 0.446924 
 -0.208717 0.852200 -0.109055 
 0.077051 0.757569 0.082840 
 -0.158201 -0.465717 0.058004 
 0.222548 0.421962 -0.029671 
 0.423557 -0.567413 -0.032594 
 0.437011 -0.437944 -0.046550 
 -0.269948 -0.411616 0.035752 
 0.350362 -0.644258 -0.023279 
 0.249499 0.575618 0.145969 
 0.390313 -0.064973 -0.110866 
 -0.209045 -0.588021 0.059513 
 -0.542766 -0.144811 0.009054 
 0.336217 -0.572285 -0.068311 
 -0.554474 -0.037746 0.044852 
 0.059802 0.850002 0.071808 
 -0.774059 -0.009461 -0.200818 
 0.332104 0.386549 -0.002157 
 -0.190551 -0.207248 0.184010 
 -0.393925 -0.258703 0.075664 
 -0.049094 -0.304735 0.199322 
 -0.513589 -0.126335 0.053581 
 0.469282 -0.231831 -0.024485 
 0.316521 0.354453 0.007945 
 0.384832 -0.172534 -0.100708 
 -0.123681 0.936624 -0.044282 
 -0.129321 -0.275908 0.167600 
 -0.108586 -0.567836 0.035914 
 -0.139317 0.811358 -0.084404 
 0.022587 0.835526 0.011734 
 -0.031118 -0.499394 0.064846 
 0.174103 0.401120 -0.029004 
 -0.077806 0.916901 0.006016 
 -0.411785 -0.324805 0.056873 
 0.206309 0.591717 0.120903 
 0.403992 -0.577792 -0.043403 
 -0.123639 0.806447 -0.080568 
 0.272262 0.088542 -0.095051 
 -0.712744 -0.025424 -0.131022 
 -0.341693 -0.189685 0.120900 
 -0.279684 -0.249976 0.067938 
 -0.665328 -0.081244 -0.107219 
 0.469282 -0.234000 -0.024485 
 0.249022 0.575819 0.145969 
 -0.495823 -0.242150 0.043519 
 -0.108261 0.399374 0.471665 
 -0.772465 -0.033138 -0.182661 
 -0.501976 -0.329823 0.020835 
 -0.146091 0.831236 -0.092722 
 -0.257181 -0.555444 0.054357 
 0.108184 0.762662 0.325905 
 -0.377064 -0.350189 0.047068 
 -0.397407 -0.346397 0.053646 
 -0.129320 0.882841 -0.121051 
 0.433577 -0.320273 -0.070142 
 -0.005203 -0.586071 0.069476 
 0.393317 0.103807 0.007078 
 0.182885 -0.421323 -0.136766 
 0.427020 -0.351281 -0.085172 
 -0.113850 -0.387326 0.075721 
 -0.624380 -0.228636 -0.026086 
 -0.125117 0.877364 -0.095067 
 0.378686 0.200324 -0.014597 
 -0.933848 0.020291 -0.223481 
 -0.882233 0.104499 -0.171852 
 0.291289 -0.675882 -0.057170 
 -0.289880 -0.296362 0.045900 
 -0.795430 0.025155 -0.169093 
 0.386259 0.155111 0.023727 
 0.371137 0.280111 0.038343 
 -0.047739 -0.494606 0.061370 
 -0.568445 0.016650 -0.007917 
 -0.456557 -0.306843 0.033650 
 0.235266 0.646471 0.154816 
 0.470076 -0.621493 0.112884 
 -0.098771 0.896972 -0.050324 
 0.168706 -0.532358 -0.061312 
 0.058830 -0.540211 0.056524 
 -0.016245 -0.270329 0.252517 
 0.239595 0.611317 0.156096 
 0.145382 0.572995 -0.070904 
 -0.779407 -0.064097 -0.197150 
 -0.137267 -0.412661 0.057909 
 0.043271 0.824885 0.042547 
 -0.736940 -0.112429 -0.200288 
 -0.058598 -0.584131 0.047895 
 0.414503 0.048737 -0.006109 
 -0.204035 -0.261694 0.117693 
 0.414503 0.046403 -0.006109 
 -0.005119 0.559032 -0.142811 
 0.186185 -0.405750 -0.130160 
 -0.269860 -0.286842 0.057385 
 0.241281 0.262376 -0.043110 
 -0.208057 -0.232562 0.153801 
 0.475839 -0.201726 -0.009468 
 0.010813 0.753979 0.003790 
 0.056811 0.834773 0.064453 
 0.480702 -0.318622 0.013275 
 0.278047 0.252724 -0.045710 
 0.231206 0.134618 -0.094944 
 0.155502 0.263741 -0.021194 
 0.054522 0.617520 -0.085243 
 0.409432 -0.093406 -0.087742 
 -0.421563 -0.231694 0.074726 
 0.177748 0.504679 -0.028776 
 -0.213201 -0.269209 0.083828 
 0.330531 -0.188236 -0.126876 
 0.469612 -0.232669 -0.024485 
 0.260536 0.530353 -0.014842 
 0.243825 0.499337 -0.006060 
 -0.517217 -0.142818 0.046216 
 0.207021 0.301239 -0.014568 
 -0.460823 -0.136152 0.109970 
 -0.088516 -0.556041 0.048727 
 0.302013 -0.387055 -0.104626 
 -0.837711 -0.035497 -0.180891 
 -0.202722 -0.545957 0.037926 
 -0.515943 -0.252824 0.031296 
 -0.066366 -0.299283 0.195141 
 -0.266124 -0.506499 0.028668 
 -0.082667 0.841959 -0.051971 
 0.231916 0.297846 -0.034993 
 -0.135449 -0.622067 0.047308 
 -0.337709 -0.304441 0.051826 
 0.017636 -0.240396 0.247390 
 -0.920008 -0.008714 -0.201088 
 0.407275 -0.148754 -0.082660 
 0.442911 -0.060492 -0.036450 
 0.170005 0.502891 -0.099919 
 0.318653 -0.008567 -0.116591 
 -0.192710 0.927739 -0.074615 
 0.350935 -0.230944 -0.123322 
 0.194453 0.158089 -0.073808 
 0.113182 -0.641261 -0.029036 
 -0.221346 -0.210642 0.157405 
 0.215714 -0.482903 -0.077736 
 0.255164 -0.064857 -0.108251 
 -0.568288 -0.016290 0.048010 
 0.228770 -0.463513 -0.093745 
 -0.015345 -0.674305 0.058317 
 -0.016245 -0.269280 0.251747 
 0.330207 -0.603634 -0.082669 
 0.333246 -0.413082 -0.103723 
 -0.779040 0.020845 -0.165011 
 -0.061142 -0.600210 0.042297 
 0.331181 -0.494841 -0.080461 
 -0.202722 -0.544485 0.038337 
 -0.583519 -0.107867 -0.086704 
 0.474605 -0.072239 -0.028516 
 -0.061406 -0.221573 0.254041 
 0.283645 -0.571402 -0.087626 
 0.044735 0.860873 0.029768 
 0.274399 0.534750 0.139815 
 0.398785 -0.246543 -0.110636 
 -0.893435 0.080498 -0.211713 
 -0.082667 0.839197 -0.051971 
 0.362590 -0.369383 -0.089355 
 -0.224851 -0.443990 0.041208 
 0.216080 0.637952 0.143808 
 0.270072 -0.152095 -0.135472 
 0.157095 0.280503 -0.014154 
 -0.045924 -0.647295 0.059087 
 -0.127950 -0.275908 0.168159 
 0.278401 0.334230 -0.015571 
 0.182559 0.623702 0.072390 
 0.467449 -0.341085 -0.023510 
 0.035309 -0.477230 0.124588 
 -0.460274 -0.322962 0.026267 
 -0.264617 -0.380745 0.050481 
 0.176049 0.504679 -0.028776 
 0.490241 -0.357068 0.004287 
 -0.416360 -0.381639 0.060299 
 0.211877 0.622459 0.136768 
 -0.435075 -0.352269 0.037922 
 0.111113 -0.531305 -0.015380 
 0.339983 0.417007 0.011794 
 0.167069 0.711287 0.097789 
 0.255235 -0.199748 -0.146672 
 -0.359070 -0.355634 0.051229 
 0.477324 -0.294488 -0.003291 
 0.267171 -0.084730 -0.111324 
 -0.270117 -0.164040 0.170575 
 0.028311 0.703931 -0.035556 
 0.188056 0.618408 0.099555 
 -0.126893 -0.451478 0.047356 
 0.356689 -0.322915 -0.127125 
 0.396414 0.239086 0.032913 
 0.261241 -0.514462 -0.074179 
 -0.013378 0.815438 -0.009768 
 -0.007499 -0.221790 0.273979 
 -0.209078 -0.298072 0.047385 
 0.283171 0.120251 -0.094505 
 0.325568 -0.059602 -0.133535 
 -0.167151 -0.221137 0.212303 
 0.430726 -0.617516 0.003749 
 -0.643479 -0.179762 -0.109984 
 0.012944 0.791328 -0.008886 
 0.241813 0.262101 -0.043110 
 0.485772 -0.077450 -0.012233 
 0.261123 -0.515830 -0.074179 
 0.247459 -0.095598 -0.122331 
 0.235103 0.401975 -0.032716 
 -0.913512 0.048682 -0.204911 
 -0.267365 -0.147709 0.177967 
 0.211960 -0.539111 -0.072437 
 -0.281327 -0.485020 0.031891 
 -0.556184 -0.274171 0.007985 
 -0.926918 -0.016783 -0.233888 
 -0.044802 -0.390483 0.155646 
 0.111113 -0.531722 -0.015237 
 0.186012 0.721412 0.110464 
 0.415766 0.061483 0.012136 
 0.117795 0.809464 0.347388 
 0.018529 -0.471798 0.121029 
 -0.530111 -0.056600 0.018677 
 0.219259 0.073458 -0.123204 
 0.225776 0.437598 -0.022696 
 -0.545242 -0.075240 0.034199 
 -0.171756 0.264689 0.396612 
 0.043902 0.773856 0.037759 
 -0.165925 0.842343 -0.123905 
 0.043902 0.774241 0.036930 
 0.453515 -0.150632 -0.052598 
 0.138347 0.668415 -0.008390 
 0.329380 -0.188236 -0.126690 
 0.195674 -0.533803 -0.079504 
 0.214088 0.101740 -0.086960 
 0.239595 0.611599 0.156525 
 -0.874255 0.043997 -0.164118 
 -0.416971 -0.382062 0.060299 
 0.445290 0.012586 0.032358 
 0.130453 0.748488 0.262450 
 0.163357 0.627476 -0.013212 
 0.198250 0.700957 0.107407 
 0.239234 -0.390387 -0.101915 
 0.262245 -0.182837 -0.149599 
 -0.312925 -0.237076 0.059659 
 -0.505696 -0.205401 0.053925 
 0.509891 -0.384444 0.027323 
 0.439520 -0.382436 -0.051211 
 0.458891 -0.627936 0.077966 
 -0.017850 -0.345752 0.181956 
 -0.433552 -0.376596 0.056123 
 -0.792754 0.085995 -0.118697 
 0.185183 0.603078 0.092043 
 0.048434 0.768170 0.063586 
 0.318928 -0.392303 -0.101829 
 0.360049 0.160696 -0.051945 
 -0.485576 -0.193793 0.065962 
 -0.869251 -0.001081 -0.207153 
 -0.373353 -0.147274 0.138189 
 0.260639 -0.380075 -0.090452 
 -0.381699 -0.133901 0.167101 
 -0.801766 0.077785 -0.153238 
 -0.013906 -0.254150 0.259158 
 -0.349429 -0.465040 0.025953 
 0.332048 -0.029022 -0.120268 
 -0.109949 0.763563 -0.064081 
 0.203247 0.412477 -0.040577 
 0.407530 -0.400011 -0.084450 
 0.490919 -0.635907 0.207840 
 -0.128656 -0.578483 0.025514 
 0.069849 0.532925 -0.110047 
 0.424741 -0.460098 -0.086784 
 -0.282103 -0.202379 0.111678 
 0.209970 -0.033908 -0.113573 
 -0.621528 -0.004639 -0.088206 
 0.299824 -0.230737 -0.140128 
 -0.821875 -0.018694 -0.194907 
 -0.061506 -0.384691 0.151486 
 0.237187 0.209052 -0.038469 
 0.121576 0.711839 0.070998 
 0.245278 -0.468795 -0.089088 
 0.318526 -0.023857 -0.123594 
 -0.516629 -0.252824 0.031775 
 0.066994 0.599295 -0.088268 
 0.226907 0.631386 0.159174 
 -0.229760 -0.460069 0.033472 
 -0.483717 -0.360198 0.043595 
 -0.008212 -0.740356 0.076706 
 0.277366 -0.519898 -0.070134 
 -0.030906 0.856335 -0.026399 
 0.474102 -0.348128 0.000268 
 0.123003 -0.718823 -0.028416 
 -0.670501 0.011431 -0.100483 
 -0.315863 -0.404208 0.049555 
 -0.023163 0.807216 -0.043282 
 0.251907 -0.697862 -0.079765 
 -0.409878 -0.436222 0.042242 
 -0.622835 -0.044295 -0.078600 
 0.257400 -0.131532 -0.134902 
 0.331282 0.103652 -0.082682 
 -0.153516 -0.323967 0.086361 
 0.033475 0.820336 0.319349 
 0.430347 -0.039929 -0.033377 
 -0.410404 -0.436067 0.042242 
 0.412052 -0.306467 -0.101041 
 0.271072 -0.204947 -0.141670 
 0.241044 -0.218261 -0.130715 
 0.311789 0.176171 -0.062588 
 0.347020 -0.661341 -0.030239 
 0.206205 -0.666033 -0.084501 
 -0.801256 0.054474 -0.133222 
 -0.104734 -0.649111 0.048119 
 0.295416 -0.192942 -0.141665 
 0.227475 -0.105776 -0.133339 
 0.169189 0.502334 -0.099919 
 0.243825 0.499869 -0.006108 
 -0.231292 -0.390090 0.058781 
 -0.492505 -0.226031 0.050702 
 -0.300760 -0.167652 0.143987 
 -0.031341 -0.455503 0.108030 
 -0.719035 0.027501 -0.112760 
 -0.053208 -0.275577 0.237098 
 0.169189 0.502891 -0.098927 
 -0.493290 -0.139991 0.083458 
 0.158205 0.633507 -0.041183 
 -0.290295 0.917572 -0.046852 
 0.464296 -0.436544 -0.009082 
 -0.116542 -0.282926 0.182784 
 0.244805 0.447875 -0.011790 
 0.369863 -0.090388 -0.129962 
 0.391674 -0.356235 -0.098989 
 -0.221346 -0.211113 0.157405 
 -0.054869 0.735311 -0.081359 
 0.137995 0.587095 -0.039364 
 0.003554 0.906449 0.031919 
 0.353471 -0.123860 -0.121595 
 -0.830760 0.080116 -0.134145 
 0.148017 0.596137 -0.005721 
 -0.218876 -0.260879 0.058678 
 -0.095569 0.912224 -0.043321 
 0.271495 0.601629 0.164041 
 0.296352 -0.633809 -0.079361 
 0.113649 -0.641984 -0.029036 
 -0.284556 0.947990 -0.033218 
 0.395523 -0.263006 -0.116940 
 0.358583 -0.544732 -0.049907 
 0.355835 0.329588 0.078767 
 -0.314069 -0.363164 0.038032 
 -0.339025 -0.344961 0.062896 
 0.431899 -0.375431 -0.066235 
 -0.070663 0.926824 0.039009 
 0.474605 -0.070502 -0.028516 
 -0.194933 -0.470679 0.041772 
 -0.890787 -0.011553 -0.218648 
 0.185566 0.045228 -0.119005 
 0.253889 -0.328095 -0.073383 
 0.349109 0.335449 0.052195 
 0.509770 -0.384639 0.027323 
 0.222554 -0.671362 -0.080887 
 -0.057563 -0.457742 0.071260 
 0.364198 0.205489 -0.018544 
 0.508177 -0.452784 0.013780 
 0.321575 0.058967 -0.103154 
 -0.162171 -0.620598 0.064673 
 -0.136111 0.827344 -0.077543 
 0.243651 0.366585 -0.042737 
 -0.172901 -0.378858 0.031228 
 -0.146878 0.831785 -0.092722 
 -0.403266 -0.144615 0.155700 
 0.466535 -0.530981 -0.004096 
 0.331733 -0.413082 -0.104310 
 0.184519 0.611479 0.054037 
 0.270072 -0.152474 -0.135518 
 0.383178 0.052594 -0.069735 
 -0.227250 -0.166914 0.212281 
 -0.465454 -0.152291 0.102577 
 0.006923 0.685897 -0.091350 
 -0.244921 -0.454637 0.029324 
 -0.304010 -0.229104 0.093878 
 0.026373 0.643808 -0.086123 
 -0.709384 -0.009568 -0.123201 
 -0.101772 -0.535679 0.050646 
 0.356280 -0.454641 -0.109934 
 0.359302 -0.385552 -0.096461 
 -0.728808 0.065505 -0.102327 
 0.383776 0.260118 0.035978 
 -0.873704 0.043997 -0.162960 
 0.315505 0.339183 -0.000529 
 -0.057653 0.163737 0.374157 
 0.350322 -0.593255 -0.071445 
 0.008425 -0.520147 0.098935 
 -0.408089 -0.308440 0.064265 
 0.312811 -0.598338 -0.085362 
 0.098349 0.589916 -0.080459 
 0.477402 -0.335261 0.007401 
 0.502667 -0.415866 0.013020 
 0.198587 -0.558827 -0.060396 
 -0.101372 -0.319036 0.160450 
 0.332048 -0.029022 -0.119954 
 0.283443 -0.397340 -0.113910 
 -0.539479 -0.279114 0.012849 
 0.461099 -0.372150 -0.040088 
 -0.167519 0.842343 -0.123049 
 -0.381853 -0.438705 0.025014 
 0.147514 0.739459 0.170588 
 -0.167151 -0.221137 0.214427 
 -0.173311 0.791566 -0.117381 
 0.441813 -0.060492 -0.036450 
 -0.266834 -0.354219 0.032140 
 0.314728 0.354453 0.006465 
 0.112764 -0.515449 -0.007974 
 0.399411 -0.419695 -0.080573 
 0.233227 0.029422 -0.107134 
 0.313285 0.338402 -0.000529 
 0.322596 0.317889 0.007692 
 -0.081626 -0.394680 0.139942 
 -0.128980 0.882697 -0.121051 
 0.390286 -0.395975 -0.088453 
 -0.679659 -0.059977 -0.104040 
 -0.195889 -0.317813 0.044953 
 -0.015425 -0.632583 0.048738 
 0.261476 0.004373 -0.106243 
 0.389873 0.252205 0.062507 
 0.466707 -0.637390 0.103473 
 0.199341 -0.426584 -0.131353 
 -0.540146 -0.037615 0.103733 
 0.058279 0.732472 0.055870 
 -0.622835 -0.044295 -0.076964 
 0.095144 0.573199 -0.087253 
 -0.418662 -0.140093 0.151524 
 0.434980 0.004911 -0.001068 
 0.383533 0.134000 -0.037687 
 -0.492407 -0.226504 0.050702 
 -0.890636 0.095025 -0.204487 
 -0.152933 -0.367980 0.042685 
 0.167120 0.517390 -0.082155 
 -0.759666 -0.054296 -0.186336 
 -0.306763 0.922710 -0.049548 
 0.443009 -0.516319 -0.034129 
 -0.792917 -0.043610 -0.193988 
 -0.155167 -0.535352 0.032127 
 0.037448 0.743398 0.023320 
 0.438789 -0.640140 0.011530 
 -0.620972 -0.004639 -0.088206 
 -0.451051 -0.173883 0.099117 
 0.325888 0.155743 -0.065641 
 0.149961 0.716453 0.095568 
 -0.107424 -0.441101 0.058842 
 0.062560 0.664170 -0.064456 
 0.312917 0.028428 -0.117652 
 -0.752963 -0.022740 -0.171335 
 0.122806 -0.719884 -0.028416 
 0.493541 -0.339455 0.011643 
 0.038019 -0.676875 0.025178 
 0.225776 0.437801 -0.022696 
 0.460037 -0.118104 -0.038499 
 -0.344150 -0.250398 0.070071 
 0.207548 0.710390 0.141087 
 -0.245625 -0.303781 0.032566 
 0.211004 -0.086605 -0.120408 
 -0.172901 -0.378782 0.031228 
 0.474605 -0.070877 -0.029529 
 -0.057386 0.163737 0.373925 
 -0.097087 -0.630959 0.044899 
 -0.041386 -0.372773 0.163029 
 0.309059 -0.092993 -0.125145 
 0.219337 0.653200 0.151649 
 -0.802941 -0.067232 -0.233663 
 -0.154694 -0.277990 0.130148 
 -0.211293 0.867357 -0.090136 
 0.223645 0.617330 0.152124 
 0.222554 -0.669416 -0.080682 
 0.037493 -0.270547 0.271685 
 0.046364 0.800688 0.316926 
 0.131564 0.745540 0.167423 
 0.190380 0.597823 0.118720 
 0.439754 -0.638436 0.065919 
 -0.712306 0.059213 -0.098235 
 -0.510403 -0.109026 0.060945 
 0.362519 -0.251535 -0.124885 
 0.064751 0.762226 0.067527 
 0.271120 -0.551105 -0.084492 
 -0.121076 0.248291 0.409142 
 0.205769 0.301239 -0.014614 
 -0.745277 -0.014711 -0.138641 
 -0.015815 -0.229491 0.240868 
 0.420993 -0.009049 -0.078906 
 0.467470 -0.420930 -0.002192 
 0.338855 -0.637566 -0.038232 
 -0.678994 -0.059977 -0.103825 
 0.385283 0.193102 0.011847 
 0.135765 0.527397 -0.089533 
 0.490602 -0.274258 0.035933 
 -0.083114 0.892324 -0.046424 
 -0.483429 -0.360595 0.043595 
 -0.194768 -0.254126 0.151179 
 0.193330 0.499541 -0.024851 
 0.391484 -0.277324 -0.123990 
 0.131564 0.745540 0.164748 
 0.393720 -0.556823 -0.041816 
 0.330531 -0.187840 -0.126690 
 0.347237 -0.285615 -0.118913 
 -0.746260 0.008966 -0.155787 
 -0.891059 -0.011553 -0.218479 
 0.262542 0.041807 -0.118369 
 0.108469 0.732267 0.072356 
 0.279487 -0.188680 -0.145632 
 -0.048106 0.846317 -0.037139 
 0.363926 -0.423577 -0.096460 
 -0.086316 0.876905 -0.052805 
 0.167189 -0.602720 -0.075382 
 0.015612 -0.403387 0.146337 
 0.366711 -0.650895 -0.019397 
 -0.801256 0.054283 -0.132477 
 0.161680 0.421306 -0.025951 
 0.389873 0.253699 0.062507 
 0.467137 -0.490552 -0.015772 
 -0.148833 -0.642243 0.062831 
 0.379938 0.037096 -0.075292 
 -0.534253 -0.222964 0.009393 
 0.200606 0.643022 0.139841 
 -0.880732 0.035835 -0.196747 
 0.305187 -0.147323 -0.120544 
 -0.655377 -0.142505 -0.099497 
 0.352323 0.269960 0.028064 
 -0.107962 0.801137 -0.077360 
 0.503441 -0.292737 0.033247 
 -0.304010 -0.227348 0.092799 
 0.188056 0.618408 0.099034 
 0.440277 -0.249955 -0.068135 
 -0.871045 -0.001081 -0.208543 
 0.201737 -0.451106 -0.112495 
 0.358391 0.160696 -0.050764 
 0.241732 -0.044294 -0.105177 
 0.151207 -0.512512 -0.047306 
 -0.549013 -0.177118 -0.005638 
 -0.124132 0.405671 0.467489 
 0.431564 -0.469090 -0.062714 
 0.383706 0.177772 0.004825 
 0.325519 0.237249 -0.035507 
 0.063668 0.870327 0.040631 
 0.417753 -0.024722 -0.085910 
 0.327839 -0.164672 -0.147250 
 -0.079008 0.207879 0.367868 
 0.389516 0.170482 0.032429 
 -0.207968 0.432349 0.446610 
 -0.385273 -0.453351 0.017622 
 0.455820 -0.602464 0.059208 
 0.213227 -0.018538 -0.106156 
 -0.266697 -0.147709 0.177944 
 -0.672257 -0.028107 -0.089478 
 -0.883717 0.104499 -0.171671 
 0.424940 0.213405 0.033384 
 0.091632 -0.679336 -0.011603 
 0.262809 0.509408 0.005285 
 0.423557 -0.568549 -0.033725 
 0.043051 0.783788 0.310611 
 0.271221 0.139793 -0.091452 
 -0.306118 -0.290233 0.041760 
 -0.525595 -0.150229 0.013868 
 0.122318 0.592219 -0.043129 
 0.280066 -0.629129 -0.083416 
 -0.923200 0.083553 -0.194144 
 0.186692 0.380051 -0.032057 
 -0.006335 -0.308850 0.241101 
 0.001541 -0.552191 0.084205 
 0.367892 -0.582876 -0.060220 
 -0.571686 -0.030574 0.040712 
 0.348331 -0.193429 -0.122723 
 -0.049015 0.180193 0.370169 
 0.094323 0.767693 0.094182 
 -0.584113 -0.206511 -0.003057 
 0.191076 0.612281 0.125760 
 0.417731 0.019084 -0.043628 
 0.287030 -0.036645 -0.111770 
 0.002123 -0.510860 0.073771 
 0.111169 0.778296 0.332788 
 0.339174 -0.516116 -0.072393 
 -0.077424 0.240517 0.395163 
 0.247464 0.366585 -0.042737 
 -0.829333 0.080852 -0.134145 
 -0.585653 -0.182089 -0.021931 
 0.239688 0.484128 -0.013075 
 