-0.377127 -0.244521 -0.040186 
 -0.533345 -0.296062 -0.021302 
 0.295614 0.547385 -0.067981 
 -0.027147 -0.634129 -0.061928 
 -0.592563 0.093928 0.043246 
 0.444650 0.488407 -0.034255 
 0.127979 0.289928 0.060888 
 0.433683 -0.471386 -0.023018 
 -0.414929 -0.462612 -0.081091 
 -0.217886 -0.629127 -0.053793 
 0.242873 0.527058 -0.062049 
 -0.574660 -0.401287 -0.050646 
 -0.398098 -0.476301 -0.074219 
 0.536010 -0.514581 0.142067 
 -0.753354 0.047352 -0.091513 
 0.270526 0.531256 -0.048018 
 0.440423 -0.263440 0.003671 
 -0.159081 -0.540655 -0.082125 
 -0.291446 -0.280835 -0.016490 
 -0.578857 -0.383842 -0.017156 
 -0.533085 0.006476 0.096789 
 0.287836 0.734321 0.066885 
 -0.163311 -0.428003 -0.073078 
 -0.459126 -0.386101 -0.060127 
 -0.437911 -0.081203 0.084105 
 -0.832378 0.165828 -0.117744 
 0.008987 -0.417909 -0.021407 
 -0.115734 0.114207 0.228541 
 -0.516834 -0.006303 0.103757 
 0.330150 0.429327 -0.029440 
 -0.611573 0.025011 0.027139 
 0.003684 0.982117 -0.012668 
 0.273873 0.219383 -0.027548 
 0.289849 0.748341 -0.083772 
 0.449103 0.476580 0.000458 
 0.283429 -0.685022 -0.084787 
 0.147798 -0.433291 -0.073574 
 0.362034 0.068009 -0.086991 
 -0.008917 -0.743864 -0.030124 
 0.323723 0.696772 0.114488 
 0.040586 -0.082105 0.165536 
 -0.228375 0.217878 0.234989 
 0.014272 -0.452641 -0.022126 
 -0.512582 -0.159036 0.038782 
 0.288625 0.426710 -0.014769 
 0.375131 -0.338063 -0.054573 
 0.450831 -0.325628 0.001296 
 0.095366 -0.373438 0.008748 
 -0.741824 0.162376 -0.107853 
 -0.679861 0.043336 -0.055427 
 0.341354 0.191163 -0.083286 
 -0.488465 -0.039718 0.062356 
 -0.482974 -0.021352 0.084213 
 0.011266 0.724097 -0.190035 
 0.026799 0.802333 -0.207286 
 -0.297234 0.010363 0.212150 
 -0.595615 -0.370014 -0.023436 
 0.309394 0.046169 -0.079995 
 -0.683594 0.253434 -0.069664 
 0.534678 0.149863 0.075255 
 -0.523579 -0.094888 0.040251 
 0.462019 0.146220 -0.028496 
 0.438682 -0.422731 -0.014276 
 -0.177507 -0.261899 0.039418 
 -0.628902 -0.223795 0.025968 
 -0.579125 -0.383842 -0.017156 
 0.416124 -0.458061 -0.028939 
 0.448238 0.399157 -0.008875 
 -0.105582 0.825926 -0.167675 
 0.334074 0.240256 -0.047702 
 0.316703 -0.758929 -0.024701 
 0.481366 0.120799 0.012615 
 -0.354154 -0.257944 -0.046572 
 -0.141778 0.498691 0.341143 
 -0.154989 -0.572211 -0.083493 
 0.423559 -0.050827 -0.102011 
 -0.259687 0.843313 -0.156282 
 0.017462 0.403782 0.204333 
 0.436572 -0.565700 0.002122 
 0.349996 -0.279893 -0.095234 
 0.314578 0.017489 -0.080700 
 -0.181850 -0.397338 -0.045703 
 -0.683594 0.253339 -0.069608 
 0.291192 -0.349373 -0.096776 
 -0.272928 -0.474986 -0.064379 
 0.316313 0.173316 -0.063143 
 -0.815316 0.155216 -0.110820 
 -0.643317 0.002082 -0.009100 
 -0.138183 0.160778 0.221651 
 0.437811 -0.502376 -0.025520 
 0.322423 0.642247 -0.079248 
 0.379314 0.639448 -0.017242 
 0.112083 -0.257055 0.047464 
 -0.793036 0.107811 -0.104629 
 -0.457771 -0.386215 -0.060127 
 0.186085 0.649913 -0.161930 
 0.388362 -0.462401 -0.043366 
 0.527447 -0.440700 0.026637 
 0.173028 0.907992 0.029769 
 0.470629 -0.072998 -0.047479 
 0.027865 0.710859 -0.182361 
 -0.446562 -0.200139 0.033122 
 -0.150833 0.326610 0.269048 
 0.318918 -0.346732 -0.080655 
 -0.188794 0.851423 -0.154819 
 -0.299402 -0.107560 0.148784 
 0.519387 0.063060 0.024885 
 -0.433014 -0.062889 0.105706 
 0.430338 -0.663318 0.040880 
 -0.309626 -0.217455 -0.007136 
 0.105063 -0.128501 0.090460 
 -0.120967 0.959089 -0.110322 
 0.252336 0.362075 0.009293 
 -0.027147 -0.634129 -0.062092 
 0.488656 0.327933 0.037894 
 0.132419 -0.595030 -0.066770 
 -0.590799 0.221705 0.006841 
 -0.245177 -0.730449 -0.040967 
 0.230731 0.719476 -0.132650 
 -0.218466 0.069791 0.225255 
 -0.055327 0.864662 -0.138833 
 -0.037185 -0.749413 -0.044790 
 0.200862 0.911705 0.042899 
 -0.593405 -0.071591 0.024932 
 -0.575799 -0.134532 0.010281 
 -0.256835 -0.392596 -0.081290 
 0.428177 0.520606 -0.006061 
 0.349099 -0.107795 -0.109717 
 0.134807 0.339153 0.068795 
 -0.736292 0.034685 -0.084589 
 0.529687 -0.375229 0.069578 
 0.127937 -0.739726 -0.048339 
 -0.264918 0.876354 -0.155571 
 0.499940 0.089568 -0.015876 
 0.118776 0.673559 -0.176867 
 -0.184167 0.912053 -0.180260 
 -0.287662 -0.379837 -0.061572 
 -0.395739 -0.020202 0.161711 
 0.291192 -0.351988 -0.096776 
 0.151442 0.647152 -0.161704 
 -0.433640 -0.268715 -0.035813 
 0.066263 -0.328820 0.016498 
 0.360266 -0.011118 -0.094635 
 -0.104031 -0.132221 0.174254 
 0.221870 -0.028260 -0.096386 
 0.322347 0.642247 -0.079248 
 0.225164 0.345486 0.029139 
 0.475819 0.400805 0.005120 
 0.463749 0.305087 -0.011350 
 0.225359 0.345384 0.029139 
 -0.136438 0.064301 0.247106 
 0.083301 0.889040 -0.068494 
 -0.295124 -0.430287 -0.069867 
 -0.369591 -0.471843 -0.059748 
 0.324169 -0.284216 -0.108446 
 0.390831 -0.352534 -0.047892 
 0.454253 -0.061203 -0.054059 
 -0.130813 -0.536236 -0.068610 
 -0.248424 0.250258 0.262616 
 0.418785 0.484106 -0.049022 
 -0.844157 0.149191 -0.125401 
 0.194475 0.016081 -0.088810 
 0.044055 0.420713 0.185751 
 -0.061921 0.054977 0.213536 
 0.482693 0.450103 0.013172 
 0.066428 0.732721 -0.161368 
 -0.196860 -0.577981 -0.072108 
 -0.339524 -0.516982 -0.066836 
 -0.090521 -0.214040 0.137784 
 0.086202 0.866892 -0.103048 
 0.523414 0.129405 0.067867 
 0.197349 0.083144 -0.046170 
 -0.747967 0.016064 -0.092980 
 0.359217 0.708996 0.184143 
 0.371886 0.626009 0.146368 
 0.445080 0.336883 0.016583 
 -0.105049 -0.267788 0.075187 
 -0.701265 0.089106 -0.061618 
 0.006161 -0.320390 0.021952 
 0.077173 -0.113548 0.110702 
 0.416124 -0.458061 -0.030066 
 0.305078 0.156957 -0.070512 
 -0.072504 -0.365773 -0.021797 
 0.034437 0.522475 0.242030 
 -0.782874 0.247671 -0.188767 
 0.467555 0.292741 0.023158 
 -0.175146 0.205790 0.243103 
 -0.228002 -0.182483 0.142278 
 -0.843649 0.149191 -0.125401 
 0.062123 0.842637 -0.149375 
 -0.153783 -0.572505 -0.083493 
 -0.622738 -0.043906 -0.002133 
 0.502631 -0.459433 0.044565 
 0.364609 -0.200436 -0.112850 
 0.391701 -0.271829 -0.041862 
 0.326680 0.112456 -0.065073 
 0.330173 -0.329090 -0.075321 
 0.123539 -0.239114 0.053295 
 -0.599479 -0.122147 0.016511 
 -0.463293 -0.187052 0.026198 
 0.272110 -0.448772 -0.099063 
 -0.009524 0.090752 0.175828 
 -0.189938 -0.365702 -0.044980 
 -0.067287 -0.177241 0.153519 
 0.377545 -0.026289 -0.087990 
 -0.009365 -0.696246 -0.075395 
 -0.713546 -0.107911 -0.054968 
 0.274731 -0.338776 -0.103456 
 0.004189 -0.302800 0.056399 
 -0.784791 0.335892 -0.111105 
 -0.069948 0.699880 -0.196766 
 0.553213 -0.088127 0.076682 
 0.444757 -0.374075 -0.005361 
 0.097577 0.422745 0.145743 
 0.106877 -0.614312 -0.045029 
 -0.130385 0.760455 -0.168727 
 0.446076 0.239199 -0.026386 
 0.376880 0.402067 -0.043509 
 0.350884 0.306317 -0.032205 
 0.365844 -0.200161 -0.112850 
 -0.150833 0.326150 0.267601 
 -0.670628 -0.232279 -0.029605 
 -0.189619 0.074640 0.238997 
 0.413892 0.344802 -0.030921 
 -0.449726 -0.335989 -0.051779 
 -0.535148 -0.461150 -0.037990 
 0.041497 -0.082083 0.165536 
 0.418785 0.484179 -0.048212 
 0.279948 0.268038 -0.019438 
 0.484668 -0.272424 0.021354 
 0.268664 -0.385385 -0.111550 
 -0.148106 0.448690 0.332701 
 -0.358195 -0.067715 0.142535 
 -0.827752 0.230932 -0.142387 
 -0.221298 0.617912 0.314747 
 0.115690 0.735173 -0.187707 
 0.274466 0.170442 -0.049940 
 0.245240 0.136072 -0.051117 
 0.359439 -0.169372 -0.112295 
 0.346644 -0.341463 -0.068640 
 0.378431 0.560321 -0.025510 
 -0.165275 0.461669 0.325765 
 -0.787479 0.075731 -0.105446 
 0.171676 0.868981 -0.027523 
 -0.136999 -0.585778 -0.074853 
 -0.631612 0.020347 -0.000664 
 0.423280 -0.377986 -0.034532 
 -0.304856 -0.077015 0.149518 
 0.418927 0.236143 -0.040380 
 0.413360 -0.316031 -0.033118 
 -0.104319 -0.694012 -0.073810 
 0.432607 -0.472444 -0.023018 
 -0.733753 0.377112 -0.081285 
 -0.031519 0.483064 0.239804 
 0.407293 -0.364678 -0.039754 
 -0.093044 -0.249663 0.082777 
 -0.454254 -0.066748 0.077163 
 0.515685 -0.282832 0.071707 
 -0.109445 0.165477 0.236931 
 -0.432635 -0.531866 -0.097017 
 0.237950 0.806931 -0.068982 
 -0.203246 -0.451040 -0.094952 
 -0.027147 -0.634996 -0.061846 
 -0.553447 -0.131483 0.038097 
 0.380963 0.539492 -0.060767 
 -0.116588 0.433762 0.312584 
 0.537636 -0.153108 0.061180 
 -0.489218 -0.039718 0.063280 
 -0.199486 0.924391 -0.186949 
 -0.060603 -0.347216 -0.014265 
 -0.055900 0.865255 -0.138833 
 -0.415887 -0.076734 0.110734 
 -0.005704 -0.154036 0.135178 
 -0.775804 0.094017 -0.097064 
 0.323444 -0.583106 -0.054723 
 -0.360826 -0.389586 -0.063931 
 -0.627780 -0.223697 0.025968 
 -0.174242 0.290908 0.252249 
 -0.160595 -0.276695 0.046174 
 0.488810 0.248599 0.029116 
 0.098656 0.923477 -0.039249 
 -0.055721 -0.378771 -0.013480 
 -0.652761 0.328449 -0.012744 
 -0.212068 -0.012220 0.201783 
 -0.417716 -0.348951 -0.071310 
 -0.678015 0.221340 -0.070395 
 0.365804 -0.498891 -0.058587 
 0.275988 -0.765147 -0.011496 
 0.214660 -0.615340 -0.077029 
 -0.204651 -0.145910 0.157672 
 0.499519 0.266195 0.037615 
 0.225164 0.345508 0.029139 
 -0.285415 -0.397027 -0.095908 
 0.218689 0.840043 -0.041844 
 0.358771 -0.324755 -0.061253 
 0.494335 0.297064 0.038247 
 -0.436963 -0.498908 -0.096290 
 0.418986 -0.679118 0.033435 
 -0.669823 0.341039 -0.018232 
 0.445113 -0.374075 -0.006808 
 0.086173 0.866892 -0.103048 
 -0.606578 0.057079 0.014689 
 0.405067 0.599185 0.161736 
 -0.027029 0.908602 -0.068915 
 -0.783873 0.405513 -0.068620 
 0.465479 0.463849 0.006526 
 -0.610010 -0.108621 -0.003602 
 -0.575799 -0.135971 0.010281 
 -0.157496 -0.291662 0.011958 
 -0.162055 0.855774 -0.140696 
 -0.684493 0.171050 -0.078764 
 -0.629984 0.281372 -0.006553 
 -0.113617 -0.727298 -0.047255 
 -0.103625 -0.269076 0.075187 
 -0.753354 0.048308 -0.091513 
 -0.171553 0.009826 0.222991 
 0.495076 -0.334548 0.022072 
 0.149052 -0.608476 -0.057342 
 -0.104441 0.944101 -0.103615 
 0.002364 0.785674 -0.187599 
 0.047294 0.528393 0.284894 
 -0.036003 0.074054 0.195257 
 -0.217220 -0.370132 -0.059195 
 0.327604 -0.694030 -0.063915 
 0.017331 0.899594 -0.049132 
 0.395550 -0.134919 -0.124701 
 0.394093 -0.413746 -0.035688 
 -0.104960 0.050745 0.229129 
 -0.570029 0.047876 0.048390 
 -0.362423 -0.086577 0.120282 
 0.519699 -0.015950 0.016106 
 0.531338 -0.374237 0.069578 
 0.359217 0.708125 0.183350 
 -0.207234 -0.692560 -0.055751 
 0.527173 0.270518 0.051115 
 -0.007722 0.836326 -0.153929 
 0.459286 -0.165958 0.005233 
 0.488284 0.249475 0.029116 
 0.374370 -0.338063 -0.053921 
 0.355999 0.021346 -0.093932 
 -0.075950 -0.689592 -0.057691 
 -0.478544 -0.354956 -0.033013 
 0.397426 0.592320 0.104477 
 0.345188 -0.628272 -0.048372 
 0.153467 0.306883 0.038926 
 0.412978 -0.222781 -0.058280 
 0.381858 -0.431411 -0.043085 
 -0.232198 -0.550775 -0.084903 
 -0.170649 0.092786 0.233223 
 -0.178630 -0.736087 0.007129 
 0.536730 -0.073463 0.069920 
 -0.316336 -0.181831 0.066875 
 0.379113 -0.574644 -0.026124 
 -0.624924 0.249292 -0.007793 
 -0.097764 -0.302741 0.006432 
 0.379113 -0.574257 -0.026124 
 -0.031656 0.721799 -0.176024 
 0.247515 0.587100 -0.087917 
 -0.239838 -0.761598 -0.043742 
 0.330150 0.429794 -0.029633 
 0.389916 0.620409 0.223803 
 -0.653662 0.244800 -0.022620 
 -0.020977 -0.585155 -0.053614 
 0.246905 -0.467525 -0.079806 
 -0.061900 0.579357 0.269977 
 -0.210714 0.234949 0.229220 
 0.358574 -0.248499 -0.120295 
 -0.100758 -0.789903 0.020206 
 0.278230 0.488610 -0.014329 
 -0.606997 -0.172703 0.005633 
 0.262597 -0.434968 -0.119645 
 0.261748 -0.007322 -0.074931 
 -0.124712 0.609016 0.310391 
 -0.036900 -0.008681 0.186180 
 -0.641085 0.345895 -0.005087 
 -0.082503 0.860920 -0.152900 
 0.465865 -0.608114 0.132097 
 0.446508 0.238579 -0.026386 
 0.448527 -0.183618 -0.002154 
 -0.595594 0.157809 0.031511 
 -0.036099 0.432952 0.232293 
 -0.151746 0.377637 0.289337 
 0.398770 -0.522869 -0.045209 
 0.434437 0.142521 -0.041387 
 0.219892 -0.647075 -0.077878 
 -0.161696 -0.749776 0.012070 
 -0.631967 0.020415 -0.000664 
 -0.071769 0.201213 0.225368 
 -0.632535 0.213188 -0.048944 
 -0.127058 0.907768 -0.118448 
 -0.565901 -0.282857 0.000142 
 0.117407 -0.677432 -0.046399 
 -0.600709 -0.122147 0.016511 
 0.005378 0.385657 0.197748 
 0.294149 -0.413441 -0.084636 
 0.032169 0.986480 0.001606 
 0.282537 -0.130083 -0.076724 
 0.558417 -0.117778 0.076650 
 0.074935 0.682462 -0.195384 
 -0.077893 0.750428 -0.162409 
 0.411973 -0.222781 -0.058280 
 -0.116720 0.926619 -0.111031 
 -0.070765 -0.246762 0.110671 
 0.444757 -0.372964 -0.006808 
 0.048638 -0.395680 0.000412 
 -0.233487 -0.235179 0.065742 
 0.473321 -0.684798 0.178482 
 0.353086 0.659027 0.177111 
 0.177767 0.790683 -0.151808 
 0.184180 0.163144 -0.010173 
 0.112083 -0.256185 0.046206 
 -0.450141 -0.048505 0.098113 
 0.520903 -0.313087 0.069092 
 -0.711447 -0.025258 -0.045252 
 0.122795 -0.452151 -0.054077 
 -0.443327 -0.467071 -0.093340 
 0.049336 -0.230919 0.086604 
 0.501233 -0.082011 0.000665 
 0.023336 0.820463 -0.172902 
 -0.729279 0.262616 -0.092025 
 -0.758741 0.081214 -0.090780 
 0.392190 -0.195849 -0.099477 
 0.138013 0.768590 -0.173067 
 0.370288 0.195475 -0.069072 
 0.453408 0.366086 -0.009578 
 0.546294 -0.011627 0.030137 
 -0.050163 -0.027315 0.178562 
 0.377954 -0.401711 -0.042377 
 0.472518 -0.368960 0.007278 
 -0.703002 -0.135895 0.000379 
 -0.595329 0.253785 0.007295 
 -0.311039 -0.511070 -0.052383 
 -0.826023 0.313985 -0.133287 
 -0.431740 -0.448923 -0.088375 
 0.169650 0.373808 0.056534 
 -0.285478 -0.191113 0.112952 
 0.002421 0.316680 0.154745 
 0.042921 -0.364702 0.001131 
 0.117543 -0.420024 -0.053362 
 0.209270 0.764311 -0.139654 
 0.464947 0.134727 0.005601 
 0.520143 0.160861 0.068574 
 0.326763 -0.520282 -0.080070 
 0.106877 -0.614312 -0.044590 
 -0.088788 0.214292 0.218303 
 0.373612 -0.749432 0.072228 
 -0.236612 -0.218173 0.100081 
 0.400705 0.710541 0.169979 
 -0.316507 -0.095347 0.142509 
 0.390393 -0.104290 -0.123999 
 -0.175865 -0.527087 -0.089713 
 0.332332 0.784117 0.178822 
 0.225274 -0.171322 -0.093058 
 0.343063 -0.156134 -0.120941 
 0.329618 -0.235751 -0.100373 
 -0.279874 -0.262710 -0.011232 
 -0.130993 0.294320 0.239862 
 0.210357 -0.584188 -0.076455 
 0.428274 -0.360750 -0.013543 
 0.271310 0.747351 0.060179 
 -0.152101 0.645998 0.351798 
 -0.109172 -0.320774 -0.001359 
 0.333578 -0.267599 -0.101078 
 0.472755 0.341206 0.031231 
 0.262618 0.073258 -0.064898 
 -0.580844 0.112277 0.050623 
 -0.165793 0.639752 0.310047 
 0.312136 -0.600817 -0.060811 
 -0.071761 0.467466 0.287270 
 -0.273399 -0.474986 -0.063746 
 0.153467 0.306883 0.040113 
 0.014449 -0.450000 -0.022126 
 0.036868 0.510199 0.277275 
 0.163970 0.244337 0.040028 
 0.121702 0.782093 -0.179963 
 -0.170527 -0.173788 0.171277 
 -0.645081 0.112161 -0.065681 
 0.449090 -0.485384 -0.016329 
 0.242628 -0.104579 -0.077556 
 0.272110 -0.448772 -0.099456 
 0.007001 -0.319712 0.021952 
 -0.453808 -0.067375 0.077163 
 -0.723906 0.230618 -0.090908 
 -0.386285 -0.458267 -0.066620 
 -0.188181 0.760305 -0.130270 
 -0.724805 0.148705 -0.100946 
 0.454580 0.195811 0.007226 
 0.010467 0.814518 -0.213914 
 -0.580844 0.112277 0.051808 
 0.183773 -0.139458 -0.024628 
 0.424910 -0.329760 -0.012790 
 -0.770295 0.265819 -0.179405 
 -0.279874 -0.262710 -0.012330 
 0.407589 -0.037623 -0.108087 
 -0.771287 0.265819 -0.179062 
 -0.056548 0.021959 0.213917 
 0.288646 -0.715955 -0.085454 
 -0.299578 -0.316404 -0.060123 
 0.396516 0.199065 -0.055078 
 0.471638 -0.669949 0.213380 
 -0.569019 0.130632 0.058618 
 -0.693919 0.317337 -0.068202 
 -0.322645 -0.353436 -0.075264 
 0.450813 0.129283 -0.035245 
 0.315445 0.095545 -0.071922 
 0.026799 0.800992 -0.206295 
 -0.050057 -0.670461 -0.076871 
 0.206178 -0.394234 -0.126186 
 -0.195526 -0.026838 0.208725 
 0.446466 -0.657243 0.152075 
 0.485024 -0.555920 0.112924 
 0.023784 -0.334233 0.028763 
 0.508520 -0.599086 0.188026 
 -0.061020 -0.344764 -0.014265 
 -0.818634 0.433100 -0.082719 
 -0.386756 -0.589276 -0.097195 
 0.009338 0.486179 0.227970 
 0.023336 0.820256 -0.172902 
 0.470649 0.432553 0.005880 
 0.387191 0.597109 0.017800 
 -0.110347 0.081587 0.227808 
 0.353404 -0.217711 -0.119971 
 0.018376 0.095210 0.190205 
 0.171060 -0.527214 -0.089191 
 -0.362423 -0.086023 0.120686 
 -0.401732 -0.195276 0.021183 
 -0.391632 -0.427990 -0.065893 
 -0.097817 -0.740901 -0.039273 
 -0.182939 0.653598 0.303097 
 0.431863 0.410691 -0.015364 
 0.031897 -0.382268 -0.006382 
 -0.082698 0.899899 -0.097286 
 0.460369 -0.465468 -0.008932 
 0.199074 -0.268413 -0.082223 
 0.192822 -0.697915 -0.045936 
 -0.794647 0.470549 -0.067405 
 -0.198555 0.170628 0.226148 
 0.059391 -0.378235 0.007924 
 0.158779 -0.495675 -0.074764 
 -0.698561 0.336390 -0.034250 
 0.498276 -0.143999 0.027018 
 -0.160983 0.853683 -0.140696 
 -0.734653 0.294634 -0.090384 
 -0.148106 0.447765 0.332701 
 0.323342 0.689141 0.045434 
 -0.695878 0.058434 -0.062351 
 -0.071715 0.468362 0.287270 
 -0.218466 0.069791 0.224427 
 0.450410 -0.720974 0.162385 
 0.487012 -0.161641 0.018093 
 0.407633 -0.697179 0.025989 
 0.547429 -0.308735 0.085120 
 -0.645081 0.111584 -0.067070 
 -0.499040 -0.058050 0.055604 
 -0.201339 0.056326 0.231311 
 0.208635 0.861192 0.007424 
 0.172832 0.145553 -0.017609 
 0.359439 -0.169372 -0.112770 
 0.012061 0.353859 0.197022 
 -0.276256 0.858429 -0.164980 
 0.332018 -0.757064 0.016601 
 -0.165248 0.060834 0.232488 
 -0.383134 -0.342976 -0.070067 
 -0.036003 0.073225 0.195257 
 -0.197452 -0.316715 -0.009600 
 0.463091 -0.228109 0.017506 
 0.009214 -0.499416 -0.030358 
 -0.696428 0.057129 -0.062351 
 0.170152 0.034244 -0.013620 
 0.299019 0.364810 -0.017508 
 -0.159953 -0.361271 -0.030600 
 0.056216 -0.782685 -0.036829 
 0.399956 0.010351 -0.073292 
 0.058903 -0.378235 0.007924 
 0.148649 -0.094975 -0.003575 
 -0.348416 -0.289742 -0.048013 
 -0.197452 -0.316715 -0.010917 
 0.527173 0.270518 0.049823 
 0.159555 -0.669587 -0.059078 
 -0.190217 -0.754235 -0.002295 
 -0.169625 -0.092166 0.180400 
 -0.152235 -0.491113 -0.074520 
 -0.821888 0.363409 -0.124918 
 0.387906 0.421003 -0.036160 
 0.403416 0.327252 -0.039765 
 0.553955 -0.339003 0.084410 
 -0.341604 -0.204159 0.017620 
 0.149052 -0.608476 -0.056793 
 -0.129000 -0.374041 -0.050482 
 0.269918 0.121850 -0.058035 
 -0.164238 -0.123131 0.177666 
 0.170636 0.742535 -0.160171 
 0.386120 0.509624 -0.061468 
 -0.184167 0.911066 -0.179877 
 -0.437149 -0.080786 0.084105 
 -0.092385 -0.113981 0.181034 
 -0.027172 0.552887 0.283791 
 -0.061030 -0.127540 0.163116 
 0.006095 0.753554 -0.188303 
 0.329242 0.679163 -0.037179 
 -0.277363 -0.361758 -0.054551 
 -0.619537 0.217213 -0.007806 
 -0.169315 -0.558643 -0.090304 
 -0.015968 -0.356364 0.006850 
 -0.595594 0.158064 0.030754 
 -0.442645 -0.217997 0.001123 
 0.164807 -0.702294 -0.060492 
 -0.168502 -0.799089 0.072379 
 0.365347 0.757161 0.192322 
 -0.074278 -0.527398 -0.039523 
 -0.814377 0.331410 -0.125692 
 -0.190217 -0.753442 -0.001537 
 0.344988 -0.373771 -0.055966 
 -0.196078 -0.026838 0.208725 
 -0.804542 0.089524 -0.111743 
 0.351004 0.306317 -0.032261 
 -0.265344 -0.003630 0.192442 
 -0.179970 -0.495532 -0.088862 
 -0.034636 -0.240757 0.111683 
 0.087771 -0.585963 -0.087154 
 0.312136 -0.601992 -0.061785 
 -0.717633 0.280435 -0.083478 
 0.408339 0.217337 -0.047729 
 0.379113 -0.574403 -0.026742 
 -0.104441 0.942986 -0.103615 
 -0.246218 -0.168689 0.135191 
 -0.752571 0.225612 -0.106391 
 -0.622314 0.006656 0.019382 
 -0.628902 -0.223697 0.026542 
 -0.144762 -0.763273 0.019806 
 -0.197452 -0.316715 -0.011193 
 -0.550267 0.103321 0.099688 
 -0.102322 -0.612914 -0.063060 
 -0.412909 -0.007721 0.156451 
 0.308040 0.759820 0.129656 
 -0.106956 0.873968 -0.146106 
 0.110585 -0.630682 -0.079328 
 -0.760523 0.442086 -0.054740 
 0.104404 -0.600066 -0.078613 
 -0.212280 0.774764 -0.124301 
 0.024523 -0.249464 0.105400 
 -0.465055 -0.003054 0.077309 
 0.003684 0.982117 -0.014757 
 0.454454 -0.623906 0.124614 
 0.366339 -0.042873 -0.095339 
 0.083301 0.886927 -0.069530 
 0.374370 -0.340883 -0.054573 
 -0.009502 0.677657 -0.170066 
 0.478784 0.389672 0.037655 
 -0.104938 0.577498 0.283038 
 0.055198 0.715171 -0.168366 
 0.034437 0.522475 0.241767 
 0.388476 0.612597 0.154657 
 -0.706886 0.216853 -0.084940 
 0.513336 0.014668 0.016811 
 -0.608446 0.235499 -0.000362 
 0.117543 -0.420581 -0.053362 
 -0.617196 0.286706 0.036671 
 -0.263607 -0.054179 0.171812 
 0.467314 -0.338783 0.007985 
 0.459444 0.414875 -0.001526 
 0.341447 -0.311448 -0.067507 
 -0.432734 -0.267682 -0.035813 
 -0.618717 -0.189165 0.000403 
 0.010507 0.353859 0.197022 
 -0.155039 0.733516 -0.116651 
 0.494607 -0.632762 0.227965 
 0.442848 -0.611590 0.035397 
 -0.136438 0.065847 0.247106 
 -0.136417 0.592418 0.302715 
 -0.601016 -0.337854 -0.024727 
 -0.023671 0.888245 -0.103848 
 0.023336 0.820775 -0.173551 
 0.254108 0.544624 -0.054563 
 -0.237519 0.891502 -0.174938 
 0.170865 -0.366127 -0.071473 
 0.028523 -0.266986 0.071501 
 -0.068698 0.986786 -0.048847 
 -0.284472 -0.493809 -0.071316 
 -0.546085 -0.046625 0.034044 
 0.347137 -0.627537 -0.048372 
 0.390003 0.584837 0.050337 
 0.246923 -0.721480 -0.072577 
 -0.490128 -0.374663 -0.040651 
 -0.238944 -0.681395 -0.034699 
 -0.755038 -0.034302 -0.100636 
 0.152665 -0.544647 -0.082145 
 -0.104031 -0.131667 0.174266 
 0.001778 0.695253 -0.162564 
 0.414601 -0.161291 -0.084158 
 -0.032100 0.812151 -0.200890 
 0.067781 0.939181 -0.019589 
 -0.009365 -0.696200 -0.076657 
 0.553213 -0.086788 0.076051 
 0.351694 0.129828 -0.084473 
 -0.076862 0.233212 0.225940 
 -0.207192 0.005390 0.222889 
 -0.055389 -0.294506 0.062051 
 0.328230 0.714783 0.135676 
 0.273216 -0.702733 -0.092160 
 -0.418330 0.024560 0.154394 
 -0.531172 -0.227860 0.022695 
 0.481815 -0.130691 0.020841 
 0.434348 -0.311327 -0.005393 
 0.362920 0.652686 -0.025592 
 0.032812 0.680017 -0.183064 
 0.482953 -0.731847 0.211939 
 0.172832 0.146586 -0.017609 
 -0.064528 -0.590508 -0.041186 
 0.075798 0.760493 -0.187402 
 -0.137009 -0.811322 0.052617 
 -0.676112 0.290673 -0.027622 
 -0.621340 0.051683 -0.026264 
 -0.256750 -0.746181 -0.050605 
 0.133244 0.258371 0.059878 
 0.211494 -0.044386 -0.103773 
 -0.053662 -0.077427 0.170214 
 0.147154 -0.513455 -0.082444 
 -0.610010 -0.108227 -0.004538 
 0.315632 0.593960 -0.087279 
 -0.030867 0.721799 -0.176024 
 0.470550 -0.147696 0.012621 
 0.262340 0.743257 -0.097729 
 -0.800936 0.419307 -0.075262 
 0.508268 -0.126357 0.034076 
 -0.113007 0.629883 0.318067 
 -0.188181 0.760305 -0.131653 
 -0.483855 -0.322523 -0.032282 
 -0.236612 -0.216597 0.100081 
 0.544627 -0.468441 0.067448 
 0.030235 -0.673926 -0.056265 
 0.126852 0.751426 -0.179983 
 -0.137512 -0.326185 -0.015498 
 0.407633 -0.696852 0.026299 
 -0.672643 0.271579 -0.062026 
 0.447373 0.319582 -0.017630 
 0.046753 -0.297983 0.043854 
 -0.047569 0.313938 0.180920 
 -0.062889 0.827680 -0.180571 
 0.476621 0.231003 0.021748 
 0.156024 -0.738226 -0.033581 
 -0.026273 0.908602 -0.069373 
 -0.011913 0.449367 0.212771 
 0.382008 0.626898 0.016884 
 -0.177536 0.041987 0.224812 
 0.106924 0.962018 0.001950 
 0.039291 -0.641047 -0.080953 
 -0.258708 0.845034 -0.156282 
 -0.051433 0.884111 -0.117368 
 0.256519 0.153870 -0.043720 
 0.541773 -0.437371 0.067726 
 0.241031 0.659801 -0.134051 
 -0.248280 -0.760382 0.037114 
 0.037377 0.189207 0.124758 
 0.204808 0.198658 0.004698 
 -0.080035 0.969055 -0.055032 
 0.121833 0.240222 0.052395 
 0.291175 0.747574 -0.083772 
 0.471648 -0.449441 -0.001535 
 0.302541 -0.618528 -0.069201 
 -0.524056 0.038540 0.072537 
 0.170636 0.744451 -0.159828 
 0.062123 0.842637 -0.153367 
 -0.689907 0.025050 -0.063084 
 -0.483855 -0.323101 -0.032282 
 -0.147176 -0.136925 0.188293 
 0.490019 0.407268 0.046800 
 0.132419 -0.595030 -0.064410 
 0.450835 -0.046526 -0.088053 
 0.447218 0.063101 -0.078619 
 -0.187766 -0.298636 -0.002458 
 0.269996 0.838882 0.034888 
 0.175520 0.839999 -0.128965 
 0.310280 -0.506412 -0.087843 
 -0.392448 -0.040024 0.127468 
 0.426977 -0.440396 -0.022310 
 -0.622314 0.006656 0.020103 
 -0.637378 0.066115 -0.033188 
 0.368338 -0.719000 0.004131 
 0.132474 0.258574 0.059878 
 0.298951 -0.524077 -0.094156 
 -0.275992 -0.072823 0.164136 
 0.479464 -0.241434 0.024059 
 -0.065163 0.955634 -0.048308 
 -0.844576 0.149191 -0.125401 
 0.455139 -0.059759 -0.054059 
 -0.606877 0.139732 0.023835 
 0.158779 -0.496039 -0.074999 
 0.086974 0.778581 -0.180072 
 0.263026 0.573862 -0.081272 
 0.308780 -0.364374 -0.090095 
 0.536010 -0.515202 0.142067 
 -0.611732 -0.237578 0.033662 
 -0.685104 -0.006636 -0.063817 
 -0.804529 0.185174 -0.136920 
 -0.035560 0.960547 -0.034149 
 -0.109658 0.975401 -0.102905 
 0.252192 0.677845 -0.126731 
 -0.666726 -0.033488 -0.023693 
 -0.247339 -0.536164 -0.091732 
 -0.662100 0.125458 -0.072588 
 0.050440 0.745960 -0.167663 
 -0.189080 -0.281148 0.031927 
 0.437898 0.459888 -0.007468 
 0.116818 0.733945 -0.187707 
 0.440037 -0.596771 0.001412 
 0.320629 0.063991 -0.072350 
 -0.415887 -0.077451 0.112014 
 -0.390687 -0.175910 0.028820 
 -0.612699 0.171892 0.025965 
 0.246051 -0.547378 -0.088611 
 0.523529 0.129911 0.067867 
 -0.838568 0.212692 -0.150793 
 -0.591722 -0.387493 -0.058504 
 -0.141411 -0.473126 -0.067336 
 0.342404 0.598336 -0.073322 
 -0.013970 0.122589 0.176556 
 -0.249714 0.249896 0.262616 
 -0.731521 0.180378 -0.100215 
 -0.014831 -0.271985 0.084039 
 -0.095473 -0.402208 -0.036860 
 -0.127826 0.179064 0.230006 
 -0.136417 0.590879 0.302715 
 0.326808 0.611450 -0.079950 
 -0.401681 -0.195276 0.021183 
 -0.104938 0.577498 0.282199 
 0.280873 -0.037396 -0.102805 
 0.100628 -0.273885 0.038693 
 0.250419 0.362075 0.009365 
 0.386318 -0.542047 -0.052606 
 -0.777585 0.455614 -0.060481 
 0.522121 0.301387 0.051220 
 0.355963 -0.689678 -0.049792 
 0.280513 0.620443 -0.100535 
 0.429822 0.076305 -0.085247 
 0.418927 0.234887 -0.039007 
 0.112083 -0.258022 0.046206 
 0.105391 0.794963 -0.186306 
 -0.176050 0.124640 0.233609 
 0.086974 0.778885 -0.178835 
 0.339644 0.538459 -0.047720 
 0.241618 -0.596160 -0.096737 
 0.533122 -0.029223 0.022769 
 -0.392448 -0.039524 0.127386 
 -0.201016 -0.643115 -0.046107 
 0.496799 -0.334405 0.022072 
 0.148303 -0.433839 -0.073574 
 -0.833195 0.181527 -0.150756 
 0.495076 -0.334180 0.022072 
 -0.515183 -0.007404 0.103757 
 0.470649 0.432553 0.004698 
 -0.425499 -0.398488 -0.079637 
 0.248723 0.453979 -0.015826 
 0.385310 0.183437 -0.062427 
 -0.632516 -0.062238 -0.010679 
 0.466444 -0.419049 -0.000827 
 -0.197452 -0.316715 -0.008489 
 0.495947 -0.253704 0.030884 
 0.491892 0.059061 0.010854 
 0.254326 0.795323 -0.062354 
 -0.083801 -0.298948 0.048404 
 -0.148776 0.046491 0.239430 
 -0.011934 -0.072895 0.156903 
 -0.678523 0.221340 -0.070395 
 0.131678 0.848902 -0.151146 
 0.441117 0.014295 -0.086650 
 -0.451617 -0.168059 0.033855 
 0.015157 -0.369110 -0.013507 
 0.376575 0.481194 -0.034753 
 0.162618 0.664236 -0.154963 
 0.049152 0.835724 -0.192627 
 0.336893 0.752844 0.178108 
 0.394936 -0.209508 -0.063917 
 -0.534004 0.006476 0.097790 
 -0.189080 -0.281148 0.033723 
 0.067071 -0.244522 0.093608 
 -0.154096 0.944820 -0.178915 
 -0.573764 0.067726 0.083591 
 0.329951 0.520909 -0.054690 
 -0.063494 0.827680 -0.180571 
 0.380301 0.541221 -0.060767 
 0.254108 0.544437 -0.054681 
 0.477917 0.310337 0.030520 
 -0.243118 0.831640 -0.151988 
 0.345659 0.081530 -0.092525 
 0.408451 0.041296 -0.099644 
 0.160476 0.436353 0.059856 
 0.016271 0.403782 0.205338 
 -0.716070 -0.140186 -0.042849 
 -0.448853 -0.100106 0.076429 
 -0.210038 -0.113831 0.157254 
 0.430997 0.331564 -0.023564 
 0.496558 0.204171 0.062601 
 0.263645 0.694085 -0.119412 
 -0.076338 -0.608495 -0.048717 
 -0.621668 0.052322 -0.026264 
 -0.334756 -0.031004 0.159023 
 0.508968 -0.078871 0.055907 
 -0.221411 0.878142 -0.168232 
 0.004189 -0.303052 0.055940 
 -0.415701 -0.543249 -0.090145 
 0.376700 0.402147 -0.043509 
 0.302962 0.254319 -0.027071 
 0.462981 -0.228109 0.016974 
 0.406012 0.563599 -0.012004 
 -0.679120 0.139102 -0.079246 
 0.189835 -0.001672 -0.109746 
 -0.161696 -0.749861 0.012934 
 0.205958 -0.014953 -0.103066 
 0.217457 -0.377806 -0.117117 
 0.404282 0.406379 -0.029077 
 -0.203956 0.202789 0.228875 
 0.091268 0.669258 -0.188300 
 0.402472 -0.745041 0.086479 
 -0.405386 -0.299203 -0.076204 
 0.378817 -0.024356 -0.087990 
 -0.747198 0.194137 -0.108033 
 0.431231 0.076305 -0.085247 
 0.112083 -0.258253 0.046206 
 -0.282689 -0.330886 -0.053277 
 0.015703 -0.285019 0.066257 
 0.536697 -0.153108 0.061180 
 0.036177 0.283267 0.098988 
 -0.074466 -0.045501 0.197022 
 0.413106 -0.236544 -0.024316 
 0.470550 -0.148334 0.013031 
 -0.383990 -0.003200 0.169908 
 0.042468 -0.445592 -0.009825 
 0.343063 -0.156497 -0.118792 
 -0.148143 0.047558 0.239430 
 0.424194 0.453399 -0.048914 
 0.346920 0.690299 0.176679 
 -0.069849 0.359142 0.173032 
 0.345659 0.081247 -0.093009 
 -0.415887 -0.076734 0.110838 
 -0.397873 -0.476301 -0.074220 
 -0.597087 -0.319862 -0.003086 
 0.456036 -0.357166 0.000588 
 0.201601 0.359306 0.035709 
 0.148376 -0.513455 -0.082444 
 0.379691 -0.701576 0.011812 
 0.198967 -0.521885 -0.074144 
 -0.007642 -0.404992 -0.028201 
 -0.007722 0.835748 -0.152509 
 -0.581749 0.030241 0.041775 
 0.080584 -0.145184 0.109980 
 0.493468 0.217494 0.028411 
 0.397039 0.528018 -0.054139 
 0.283429 -0.684918 -0.084744 
 -0.050253 0.599571 0.277615 
 -0.052662 0.765941 -0.180737 
 0.395639 -0.587427 -0.019417 
 0.203325 -0.761082 -0.047007 
 -0.326153 0.005252 0.198763 
 -0.431748 -0.111753 0.083370 
 0.453408 0.365933 -0.009578 
 -0.174721 -0.623219 -0.064268 
 -0.694341 0.316600 -0.068202 
 -0.488465 -0.039718 0.063311 
 0.273129 0.769703 -0.021683 
 -0.024289 -0.472349 -0.043945 
 -0.341604 -0.204159 0.013571 
 -0.051794 0.845276 -0.172258 
 0.476942 -0.480371 -0.002243 
 0.481834 -0.056047 -0.040065 
 0.449090 -0.483496 -0.016329 
 0.398226 -0.147140 -0.090803 
 0.023946 -0.018450 0.180518 
 -0.198643 0.823049 -0.128675 
 0.445643 0.160072 -0.035438 
 0.159384 0.901258 -0.012643 
 -0.688129 -0.219702 -0.036555 
 -0.415887 -0.076734 0.110572 
 -0.374698 -0.441413 -0.059021 
 -0.052662 0.765941 -0.181896 
 -0.543396 -0.328846 0.005610 
 -0.463293 -0.186345 0.025794 
 -0.253486 -0.118499 0.171496 
 -0.048517 -0.026886 0.178562 
 0.303347 0.256434 -0.027071 
 -0.559375 -0.067058 0.026368 
 0.280818 0.347684 -0.012271 
 0.382157 0.620141 -0.052034 
 -0.082917 -0.383190 -0.029329 
 0.083925 -0.391328 0.002667 
 0.323444 -0.582193 -0.054369 
 0.387732 -0.542047 -0.052606 
 0.559172 -0.370877 0.083052 
 -0.004798 0.060549 0.175101 
 -0.493140 -0.190838 0.011617 
 0.345659 0.081247 -0.092548 
 -0.354650 -0.257944 -0.046572 
 -0.078690 -0.414500 -0.030049 
 -0.359760 -0.307867 -0.054888 
 0.455165 -0.436056 -0.008955 
 -0.723906 0.229892 -0.091846 
 -0.028032 -0.715019 -0.072076 
 0.520030 -0.392940 0.061592 
 0.055576 0.883551 -0.082562 
 -0.141411 -0.473126 -0.067329 
 -0.541183 0.052385 0.062917 
 -0.020838 0.154427 0.178443 
 -0.280928 -0.687403 -0.090080 
 0.518216 0.160861 0.068246 
 -0.339917 -0.132011 0.127176 
 -0.453350 0.015278 0.084888 
 0.343928 -0.078983 -0.110036 
 0.253318 0.544624 -0.054681 
 0.328230 0.715593 0.135676 
 0.473389 -0.290090 0.015947 
 0.447373 0.319339 -0.017630 
 -0.379041 -0.158795 0.036676 
 0.538302 -0.246594 0.085810 
 0.291398 -0.731221 -0.052357 
 -0.803991 0.185174 -0.136211 
 0.279928 -0.369579 -0.104163 
 -0.202145 0.687639 0.330895 
 -0.414807 -0.462612 -0.079443 
 0.431666 0.155224 -0.075957 
 0.102390 -0.759423 -0.029596 
 0.534678 0.147553 0.077626 
 0.419942 -0.112410 -0.076106 
 0.294143 0.637947 -0.094341 
 0.453043 -0.625731 0.055635 
 -0.198643 0.820639 -0.128675 
 0.306859 0.701858 0.038745 
 -0.206151 -0.267476 0.024966 
 0.514738 -0.157307 0.032093 
 -0.735552 0.212574 -0.099484 
 0.492316 -0.223769 0.031592 
 -0.328212 -0.113679 0.133587 
 0.081297 0.947425 0.021777 
 0.127937 -0.739169 -0.047832 
 -0.770417 0.061938 -0.097699 
 -0.169716 -0.312274 0.004387 
 -0.287704 -0.312632 -0.019119 
 0.507584 -0.237094 0.038281 
 0.382287 -0.510132 -0.051898 
 -0.121950 -0.200700 0.157492 
 0.229607 -0.281213 -0.102579 
 0.404158 0.150924 -0.091983 
 0.260854 0.299933 0.008371 
 0.005000 -0.086584 0.164014 
 0.350884 0.306276 -0.032261 
 0.278696 -0.653951 -0.084034 
 -0.323505 -0.612167 -0.069758 
 0.138753 0.895596 -0.042124 
 -0.264678 -0.054179 0.171812 
 0.309812 0.624743 -0.086578 
 0.360032 -0.752008 0.029941 
 -0.170962 -0.783897 0.038839 
 0.258204 0.726684 -0.118711 
 -0.032431 -0.683545 -0.070077 
 0.240040 0.813498 0.102726 
 -0.661079 0.125343 -0.072588 
 0.272994 -0.623314 -0.083324 
 -0.163976 -0.123131 0.179667 
 -0.203246 -0.450518 -0.094952 
 -0.080463 -0.576940 -0.049104 
 -0.244802 -0.168689 0.135191 
 0.480990 0.370976 0.004673 
 0.160476 0.436353 0.058716 
 0.519086 0.241690 0.077376 
 -0.040791 0.991149 -0.033289 
 -0.079195 0.879958 -0.132020 
 0.415253 -0.540018 -0.038520 
 -0.050057 -0.669843 -0.076871 
 0.013030 0.126831 0.191027 
 0.406171 -0.191912 -0.057492 
 -0.238944 -0.681188 -0.034699 
 -0.420254 -0.430774 -0.080364 
 -0.319603 -0.163492 0.099104 
 -0.432635 -0.530746 -0.095660 
 -0.065448 -0.396758 -0.022518 
 0.505951 -0.099474 -0.034123 
 -0.788221 0.279069 -0.186277 
 0.511751 0.112269 0.060480 
 0.351694 0.129586 -0.084886 
 -0.528583 -0.027118 0.096052 
 0.344409 -0.373771 -0.055756 
 0.387020 -0.165060 -0.100214 
 -0.341068 -0.082041 0.148237 
 -0.474067 -0.122190 0.027664 
 -0.613647 0.185133 -0.008752 
 0.100628 -0.274996 0.040718 
 -0.613568 0.185133 -0.008752 
 0.030038 -0.199668 0.114320 
 -0.071959 0.917610 -0.090202 
 0.036742 -0.414117 -0.007101 
 -0.245687 -0.730449 -0.043015 
 -0.003904 0.141166 0.184155 
 -0.012658 -0.808914 -0.005496 
 0.557546 -0.197424 0.068034 
 -0.285415 -0.397027 -0.096649 
 -0.212731 0.037590 0.223625 
 0.260878 -0.085826 -0.085432 
 0.160828 0.436353 0.057963 
 0.361190 0.494432 -0.040043 
 0.096875 0.223528 0.072040 
 -0.411204 -0.145280 0.056061 
 0.304941 -0.649599 -0.069911 
 0.233070 -0.470777 -0.122594 
 0.251393 0.831387 0.110171 
 0.208554 -0.664249 -0.085672 
 -0.619273 -0.273815 -0.008754 
 -0.319436 -0.235603 -0.011243 
 0.388647 0.612597 0.154449 
 0.030800 0.063231 0.177085 
 -0.524961 -0.043738 0.061890 
 -0.605188 -0.007190 0.027804 
 0.501940 0.174168 0.061894 
 0.153467 0.306883 0.039356 
 -0.052491 -0.311913 0.027572 
 -0.049414 -0.110150 0.169485 
 -0.076212 -0.263335 0.089640 
 0.454580 0.195811 0.006881 
 0.034280 0.680071 -0.183064 
 -0.118442 -0.437152 -0.052787 
 -0.067205 -0.396758 -0.021408 
 -0.489588 -0.373196 -0.040651 
 -0.125807 0.908907 -0.118448 
 0.518677 0.240402 0.077376 
 0.364630 0.554425 -0.067475 
 0.374370 -0.336325 -0.054573 
 -0.043390 0.704203 -0.183392 
 0.105996 -0.694891 -0.054320 
 0.364630 0.553843 -0.067395 
 0.345738 0.674004 0.038391 
 -0.300502 -0.058695 0.170144 
 -0.451617 -0.167759 0.033855 
 -0.206850 0.355782 0.294327 
 -0.078726 0.749576 -0.162409 
 0.388750 -0.008894 -0.080641 
 -0.244724 0.801588 -0.136870 
 0.240886 -0.264107 -0.095182 
 -0.565901 -0.282857 -0.001225 
 -0.421295 -0.044533 0.111566 
 0.257342 0.647538 -0.127432 
 -0.004798 0.057566 0.175101 
 0.346544 0.665365 -0.030533 
 -0.704678 0.381335 -0.066740 
 0.514812 -0.362250 0.062871 
 -0.298617 -0.674169 -0.096925 
 -0.189485 -0.365702 -0.044980 
 0.532509 -0.501270 0.108034 
 0.186563 -0.747013 -0.053757 
 0.483968 0.358803 0.038875 
 0.036140 0.032525 0.175305 
 -0.038602 -0.651715 -0.069358 
 -0.306665 -0.462400 -0.044067 
 0.406074 -0.648487 -0.020837 
 0.332838 -0.470060 -0.071965 
 0.012110 0.171138 0.144276 
 -0.614214 -0.306016 -0.008617 
 0.423942 0.453399 -0.049824 
 -0.632370 0.034035 -0.033921 
 0.095366 -0.373410 0.008722 
 -0.316428 -0.302766 -0.067097 
 0.414601 -0.160748 -0.084167 
 -0.439942 -0.148679 0.041512 
 -0.486643 -0.222948 0.010884 
 -0.130691 0.293589 0.239862 
 0.055557 -0.262027 0.085881 
 -0.454915 -0.485219 -0.103831 
 0.307654 -0.364374 -0.087485 
 0.234893 0.117732 -0.058514 
 0.273861 -0.418209 -0.112257 
 0.448793 -0.108098 -0.062111 
 -0.781191 0.126971 -0.096972 
 0.243242 -0.072518 -0.090412 
 0.235682 -0.231914 -0.094474 
 0.148303 -0.433291 -0.074784 
 -0.096331 -0.740901 -0.039273 
 0.399465 0.010744 -0.073292 
 -0.662335 -0.112973 0.021230 
 0.279084 -0.572914 -0.075198 
 -0.223212 -0.597411 -0.052224 
 0.002490 0.982117 -0.012554 
 -0.180546 0.239453 0.246151 
 0.482236 -0.731847 0.212164 
 0.528528 0.001646 0.023474 
 0.096043 0.422745 0.145743 
 -0.826922 0.232175 -0.142387 
 -0.147707 -0.223308 0.109266 
 0.462615 -0.561349 0.015816 
 -0.717606 0.198619 -0.092577 
 0.231593 0.798639 -0.123929 
 0.462345 -0.103931 -0.021215 
 0.029014 -0.100208 0.157318 
 0.125567 0.389503 0.104206 
 0.323444 -0.583106 -0.053064 
 -0.641251 -0.145012 -0.005040 
 0.529754 0.001646 0.023346 
 -0.667141 0.061622 -0.047894 
 0.480990 0.370976 0.004676 
 -0.595278 -0.154248 0.015775 
 0.446714 0.397453 -0.008875 
 0.499906 -0.664084 0.227723 
 0.001443 0.108900 0.182583 
 0.140821 -0.562427 -0.090602 
 0.523848 -0.519050 0.100441 
 0.374370 -0.338063 -0.055226 
 0.261806 -0.766436 -0.053057 
 0.213875 0.069383 -0.038546 
 0.253036 -0.167027 -0.078972 
 -0.134695 -0.682060 -0.052207 
 0.405067 0.599444 0.161181 
 -0.113617 -0.727298 -0.047122 
 0.003331 0.537212 0.263497 
 0.360122 -0.546387 -0.066692 
 -0.752175 0.308374 -0.097291 
 -0.205497 -0.231921 0.080250 
 0.431842 -0.093288 -0.068757 
 0.234285 -0.391131 -0.112100 
 -0.140525 -0.392029 -0.056970 
 0.225315 0.847867 0.013007 
 0.443933 0.508599 0.000584 
 -0.212560 -0.659444 -0.053677 
 -0.273803 -0.173182 0.122953 
 -0.000657 0.468031 0.220370 
 -0.032067 0.040992 0.194528 
 -0.163939 0.927458 -0.186302 
 0.200724 0.280103 0.027169 
 0.303347 0.254319 -0.027361 
 0.054689 0.174288 0.131586 
 0.492230 0.314895 0.072109 
 0.481815 -0.130917 0.020008 
 -0.150044 0.914151 -0.179622 
 -0.152896 -0.491098 -0.074520 
 -0.115398 0.926619 -0.111031 
 -0.202172 -0.546606 -0.070524 
 0.395550 -0.134047 -0.122395 
 0.240851 0.787185 -0.103013 
 0.154438 0.127987 -0.011482 
 0.410811 -0.712529 0.059959 
 -0.462864 -0.186345 0.026198 
 0.485625 -0.555920 0.112924 
 -0.766375 0.220973 -0.147098 
 -0.742075 -0.112415 -0.069016 
 0.346544 0.665925 -0.030333 
 0.471494 0.006130 -0.038514 
 0.289849 0.749939 -0.083772 
 -0.209981 0.804692 -0.136111 
 0.004416 -0.387051 -0.020688 
 -0.109172 -0.321101 -0.001119 
 0.228625 -0.740842 -0.067528 
 -0.586115 0.144478 0.051668 
 0.027850 0.878458 -0.096630 
 -0.636748 -0.259970 -0.015165 
 -0.753354 0.046802 -0.091513 
 0.316904 0.174194 -0.063143 
 0.508706 -0.599086 0.188026 
 -0.240790 -0.665285 -0.068093 
 0.290393 -0.554642 -0.067782 
 -0.707241 -0.057418 -0.044925 
 0.462110 -0.307755 0.007523 
 0.461240 -0.387400 -0.001061 
 -0.633434 0.231006 -0.014943 
 0.153467 0.306220 0.040891 
 -0.358580 -0.190366 0.009169 
 0.523658 -0.503864 0.052616 
 0.078647 -0.359894 0.001999 
 0.195016 0.180901 -0.002738 
 0.431863 0.410772 -0.015520 
 0.214250 -0.187525 -0.100455 
 0.366339 -0.041907 -0.096932 
 -0.013923 -0.454408 -0.035088 
 -0.844053 0.149780 -0.125401 
 0.293612 -0.493087 -0.093448 
 -0.015572 0.798913 -0.194245 
 0.081297 0.945638 0.021777 
 -0.585412 0.189626 0.005713 
 -0.163466 0.359281 0.282215 
 -0.035207 -0.683545 -0.070077 
 -0.586059 -0.419573 -0.058762 
 0.262594 0.202478 -0.035615 
 -0.770417 0.060616 -0.098438 
 0.089320 -0.680309 -0.060650 
 0.015703 -0.285205 0.063950 
 -0.134844 -0.504681 -0.067709 
 -0.311039 -0.512322 -0.052813 
 0.316312 -0.378111 -0.069842 
 -0.546085 -0.049819 0.034044 
 -0.204773 -0.145910 0.157429 
 0.295049 0.741416 0.122211 
 0.408162 -0.285687 -0.032411 
 0.096103 -0.373410 0.008748 
 -0.732718 0.376854 -0.081285 
 0.459286 -0.166284 0.005233 
 0.083867 -0.778277 -0.022262 
 -0.087882 -0.449691 -0.071838 
 -0.163094 -0.428003 -0.073078 
 0.459286 -0.165976 0.005281 
 0.344452 -0.453416 -0.064568 
 -0.542492 -0.246193 0.014596 
 -0.408566 -0.412626 -0.073129 
 0.293797 -0.493087 -0.092480 
 -0.192380 0.622991 0.329420 
 -0.415887 -0.076734 0.110210 
 -0.074804 0.937946 -0.055743 
 0.570481 -0.353166 0.090232 
 0.357091 -0.546387 -0.066692 
 -0.425499 -0.398937 -0.078559 
 -0.140525 -0.389650 -0.058014 
 -0.778896 0.455879 -0.060481 
 -0.781191 0.126203 -0.096972 
 -0.136438 0.064944 0.247106 
 -0.047834 -0.781709 -0.018788 
 -0.433999 -0.530746 -0.097017 
 0.014399 -0.579624 -0.052816 
 0.250850 -0.023926 -0.082318 
 -0.243468 0.051686 0.243519 
 0.407721 0.217566 -0.047729 
 0.240465 -0.596160 -0.096737 
 -0.085762 -0.545169 -0.047276 
 -0.043888 -0.619953 -0.068639 
 -0.366654 -0.017080 0.176384 
 -0.087699 -0.231770 0.103608 
 -0.089120 0.811733 -0.160995 
 -0.114030 -0.550388 -0.061618 
 0.105063 -0.126950 0.090930 
 -0.104938 0.577498 0.282502 
 -0.114030 -0.549491 -0.061618 
 0.220767 -0.566431 -0.071409 
 -0.067712 -0.558953 -0.040465 
 0.379275 0.133898 -0.070684 
 -0.052491 -0.311913 0.029810 
 0.444956 -0.658497 0.081896 
 0.495203 0.376143 0.045967 
 0.537429 -0.326447 0.077533 
 0.404158 0.150924 -0.090812 
 0.257341 -0.529122 -0.081195 
 0.444778 0.081408 -0.043897 
 0.089170 -0.681410 -0.060650 
 0.099338 -0.568137 -0.077899 
 0.036140 0.031434 0.176485 
 -0.265344 -0.003146 0.193617 
 0.148303 -0.433291 -0.073631 
 -0.422024 -0.248468 -0.028194 
 -0.661201 0.207581 -0.063959 
 -0.061473 -0.227311 0.118270 
 0.480834 -0.055447 -0.040065 
 0.508721 -0.411427 0.054745 
 0.389548 -0.636176 -0.027543 
 -0.170529 -0.477545 -0.081330 
 -0.045038 -0.360783 -0.007454 
 0.245136 0.823482 0.054892 
 -0.172568 -0.245147 0.060385 
 0.149073 -0.094783 -0.003575 
 0.203344 -0.121583 -0.028597 
 0.132002 0.720758 -0.182671 
 -0.378255 -0.244521 -0.041433 
 0.503132 -0.095407 0.034783 
 0.452888 0.190233 -0.061855 
 0.045848 0.144460 0.157492 
 0.308527 -0.032940 -0.088383 
 0.449090 -0.484711 -0.016475 
 -0.672731 0.271579 -0.062026 
 0.512430 -0.269567 0.037573 
 0.416337 -0.174316 -0.050207 
 -0.235477 -0.048159 0.186430 
 -0.596497 0.075411 0.020609 
 -0.028032 -0.715673 -0.070797 
 -0.140523 -0.307832 0.018804 
 0.318894 -0.094627 -0.090184 
 -0.248951 -0.357316 -0.040521 
 -0.079448 0.839253 -0.187234 
 0.017331 0.900583 -0.048544 
 0.427949 0.520606 -0.006061 
 -0.068861 0.779214 -0.188644 
 0.536987 -0.122022 0.048143 
 0.519336 -0.060138 0.063304 
 0.189625 0.894632 0.035482 
 -0.659690 0.276879 -0.021134 
 -0.142832 0.962743 -0.171721 
 0.054463 0.715171 -0.168366 
 -0.541183 0.053314 0.064097 
 -0.770446 -0.020508 -0.107560 
 -0.178821 -0.688681 -0.039985 
 0.296567 -0.382016 -0.097483 
 -0.264059 -0.702349 -0.083234 
 -0.047052 -0.209163 0.125869 
 -0.235477 -0.049986 0.186430 
 0.203439 0.131525 -0.038394 
 -0.165248 0.061554 0.232488 
 0.275601 -0.260260 -0.094655 
 0.004382 0.892791 -0.089762 
 -0.383134 -0.341366 -0.070067 
 0.365249 0.633344 -0.058662 
 0.348233 -0.188296 -0.119495 
 0.068259 -0.555997 -0.057041 
 0.565263 -0.322095 0.092515 
 0.471072 -0.668736 0.213380 
 -0.643908 -0.080571 -0.017486 
 -0.268306 -0.410629 -0.088841 
 -0.252651 -0.506084 -0.091009 
 -0.124712 0.611746 0.310391 
 0.235627 0.283081 0.026822 
 -0.016413 -0.616188 -0.054333 
 0.344117 -0.451843 -0.064568 
 0.521157 -0.519050 0.101782 
 -0.831396 0.345169 -0.133358 
 -0.678431 -0.052914 -0.029643 
 0.019197 -0.217747 0.107679 
 0.277932 0.409068 -0.023536 
 -0.171000 0.009826 0.224077 
 -0.005693 -0.022909 0.165408 
 -0.300360 -0.575917 -0.054779 
 0.250423 -0.404149 -0.105411 
 0.100910 -0.407394 -0.060435 
 0.005119 -0.387051 -0.020688 
 0.524580 -0.172688 0.053783 
 -0.343323 0.018021 0.191795 
 -0.275992 -0.072511 0.165523 
 0.278230 0.487702 -0.014735 
 -0.688968 0.285338 -0.069444 
 0.147041 -0.433291 -0.073574 
 0.209938 -0.076889 -0.090934 
 -0.553293 -0.181084 0.016488 
 -0.684203 0.075206 -0.054694 
 0.480194 -0.134574 -0.048820 
 -0.195931 0.023317 0.230575 
 0.406726 -0.116543 -0.119202 
 -0.620811 -0.043791 -0.002133 
 -0.804417 0.185174 -0.136211 
 -0.189619 0.074301 0.237947 
 0.231651 -0.470777 -0.120912 
 -0.403219 -0.445670 -0.073492 
 0.241365 -0.596160 -0.096737 
 -0.576341 -0.002680 0.040284 
 0.473601 0.420541 0.039351 
 0.036140 0.033268 0.175305 
 0.446089 -0.547989 0.009095 
 0.396898 -0.301740 -0.039798 
 0.028639 0.917305 -0.041361 
 0.280818 0.346900 -0.011301 
 -0.390000 -0.262669 -0.047785 
 0.358989 0.708125 0.184143 
 0.059756 -0.590343 -0.099544 
 0.230731 0.720457 -0.133761 
 0.246905 -0.467525 -0.081449 
 -0.669532 0.341039 -0.019669 
 0.108588 0.452890 0.119249 
 0.262249 -0.355401 -0.110843 
 -0.166380 0.927458 -0.186302 
 0.082974 -0.391328 0.001245 
 -0.150615 -0.205182 0.143985 
 0.295006 0.716866 -0.085312 
 0.278673 0.730393 -0.091101 
 0.487963 0.327933 0.037894 
 0.209705 0.861192 0.007424 
 0.383748 -0.227104 -0.072311 
 -0.265820 -0.343587 -0.046431 
 0.382061 -0.511057 -0.051898 
 -0.698561 0.337896 -0.034250 
 0.059550 -0.590343 -0.099578 
 0.429961 0.501611 -0.040462 
 -0.658489 -0.213924 -0.021919 
 -0.144077 0.922267 -0.125154 
 -0.343323 0.019722 0.192293 
 0.233106 0.581134 -0.129245 
 -0.434803 0.038441 0.148513 
 0.200862 0.912343 0.042631 
 -0.050422 -0.410326 -0.016246 
 -0.146710 -0.440920 -0.066267 
 -0.240195 -0.487504 -0.083458 
 -0.365718 -0.585504 -0.069529 
 0.487972 -0.462706 0.005154 
 -0.142685 0.415507 0.333238 
 0.282967 0.621397 -0.100535 
 0.356267 -0.355427 -0.048359 
 -0.700690 0.267098 -0.076571 
 0.203961 -0.553037 -0.075743 
 -0.087915 0.930970 -0.098313 
 -0.770482 0.252571 -0.146369 
 -0.343323 0.021515 0.191795 
 0.346568 0.416521 -0.023434 
 0.008202 -0.709762 -0.069872 
 0.461900 -0.561349 0.016244 
 -0.079840 -0.015024 0.198641 
 -0.196860 -0.577981 -0.071144 
 -0.551174 0.021165 0.089822 
 -0.011934 -0.072895 0.157472 
 -0.741452 -0.029762 -0.059503 
 -0.067287 -0.177652 0.153782 
 -0.078904 -0.194097 0.145900 
 -0.527950 -0.025805 0.096052 
 -0.078041 0.150974 0.216428 
 0.286022 0.316694 -0.011689 
 -0.329348 -0.063209 0.155923 
 -0.141411 -0.473126 -0.064660 
 0.570481 -0.353166 0.090873 
 0.323517 0.551697 -0.053986 
 0.520030 -0.393731 0.062162 
 -0.078883 0.328257 0.201481 
 0.239220 -0.042054 -0.089705 
 -0.348883 -0.289742 -0.047299 
 -0.062444 0.054977 0.214648 
 0.036140 0.031434 0.173050 
 0.451137 -0.121527 -0.028102 
 0.366360 0.462695 -0.042102 
 0.096248 0.355442 0.102786 
 0.326808 0.611540 -0.081513 
 -0.148997 0.046491 0.239430 
 0.333599 0.239585 -0.047702 
 0.192186 0.212052 -0.002026 
 0.312843 -0.143295 -0.098257 
 0.026799 0.799260 -0.207286 
 -0.060560 -0.127540 0.161866 
 -0.619907 0.037586 0.007013 
 0.528611 0.098961 0.067093 
 0.185845 -0.571362 -0.069692 
 0.404181 0.564633 -0.012004 
 -0.222968 0.183184 0.234253 
 0.264356 0.870079 0.035596 
 -0.169789 0.575528 0.335650 
 0.332080 0.784117 0.177612 
 0.003331 0.538250 0.263497 
 0.237689 0.557897 -0.063395 
 0.224289 0.265324 0.020119 
 -0.050253 0.598083 0.277615 
 0.448238 0.397194 -0.008875 
 -0.087699 -0.232309 0.103799 
 -0.181164 -0.495040 -0.088862 
 -0.033317 -0.683545 -0.069714 
 -0.204129 0.603537 0.321715 
 -0.675210 0.373118 -0.019243 
 0.292108 -0.018792 -0.095437 
 0.509322 -0.536830 0.092996 
 0.450813 0.129496 -0.035845 
 0.192959 0.777497 -0.146061 
 0.348233 -0.186922 -0.119710 
 0.014948 0.555841 0.271175 
 0.285095 0.754412 0.101752 
 -0.256950 -0.570136 -0.064652 
 -0.206746 0.088146 0.231482 
 -0.034396 -0.763676 -0.011237 
 0.251250 -0.580962 -0.089321 
 0.370598 0.728048 0.191608 
 -0.528583 -0.026449 0.096052 
 -0.595279 0.011165 0.034089 
 0.246136 -0.421334 -0.126325 
 0.024776 -0.249464 0.106025 
 0.108588 0.453014 0.118656 
 -0.434555 -0.181852 0.041344 
 0.320678 0.322509 -0.011590 
 0.522051 -0.233234 0.079833 
 -0.629624 -0.223697 0.025968 
 -0.674083 -0.130281 0.013507 
 0.189835 -0.000340 -0.109746 
 0.315783 0.094860 -0.071922 
 -0.626583 0.166847 -0.016409 
 0.131309 -0.755021 -0.014157 
 -0.726500 -0.172698 -0.016076 
 0.426532 -0.520041 -0.031064 
 -0.046698 0.218778 0.205792 
 -0.432538 -0.267682 -0.035813 
 -0.218375 0.069791 0.224360 
 -0.402508 -0.362641 -0.064438 
 0.369018 0.645580 0.182715 
 -0.036003 -0.191015 0.135178 
 0.257341 -0.529667 -0.081098 
 -0.095187 0.763736 -0.168361 
 0.501588 -0.099474 -0.034123 
 0.247849 0.453979 -0.015866 
 -0.083194 0.265211 0.226671 
 -0.060821 0.054977 0.214648 
 0.350192 -0.406037 -0.056464 
 0.175520 0.839314 -0.130168 
 -0.006598 -0.236303 0.125904 
 0.421070 0.137720 -0.083844 
 0.074183 0.405317 0.165404 
 -0.109482 0.483258 0.321005 
 0.420657 0.391588 -0.022869 
 -0.364005 -0.503680 -0.060818 
 -0.597087 -0.319507 -0.002539 
 -0.642999 -0.080571 -0.017486 
 -0.528980 -0.062410 0.040986 
 -0.151712 0.645998 0.351957 
 0.451094 -0.121527 -0.028102 
 0.034437 0.522475 0.244381 
 0.332080 0.782424 0.178822 
 0.408451 0.041296 -0.099963 
 -0.194419 -0.248069 0.032555 
 -0.210940 -0.196276 0.145317 
 -0.830502 0.414814 -0.090376 
 0.023827 -0.068411 0.158673 
 0.163970 0.243644 0.039462 
 -0.722107 0.395094 -0.074435 
 0.283635 -0.605169 -0.075908 
 0.251305 -0.578449 -0.089321 
 -0.170839 -0.173497 0.171277 
 -0.275759 -0.244834 0.010914 
 0.206585 -0.395472 -0.126186 
 0.478784 0.390123 0.039305 
 0.507848 -0.490820 0.045909 
 0.514738 -0.156699 0.033369 
 0.065484 0.822797 -0.186749 
 -0.025427 0.770265 -0.167950 
 0.471866 0.261872 0.022796 
 -0.004484 -0.338820 0.014421 
 0.533415 -0.375229 0.069578 
 0.186019 -0.445190 -0.107311 
 0.380140 0.213095 -0.061723 
 0.250349 0.831247 0.110171 
 -0.036003 -0.191015 0.134908 
 0.013892 0.334015 0.162315 
 -0.484755 -0.404175 -0.041382 
 -0.565901 -0.282857 -0.001739 
 -0.164345 0.142539 0.241634 
 0.344820 0.701974 0.142409 
 0.058286 -0.378235 0.007924 
 -0.613010 -0.140503 0.008825 
 -0.028309 -0.795312 -0.011959 
 0.253054 0.755791 -0.118010 
 0.184990 -0.139458 -0.024396 
 -0.586251 0.143867 0.051668 
 -0.782874 0.247671 -0.185375 
 0.037183 -0.414117 -0.006794 
 -0.161675 -0.225964 0.067984 
 -0.445329 -0.118205 0.042245 
 0.420637 -0.112716 -0.076106 
 -0.550267 0.101857 0.099002 
 0.180935 0.681200 -0.161960 
 0.220431 0.781324 -0.131249 
 -0.535148 -0.460953 -0.039407 
 0.380907 0.133898 -0.070479 
 0.267966 -0.386351 -0.111550 
 -0.039487 -0.733759 -0.078309 
 0.351752 0.386828 -0.023482 
 -0.025876 0.692656 -0.176729 
 0.208372 0.100454 -0.038753 
 -0.391263 -0.426316 -0.065893 
 -0.006558 0.058914 0.175101 
 0.486920 0.072018 -0.023257 
 0.521442 0.301387 0.051220 
 0.453783 -0.214568 -0.002861 
 0.371510 -0.073322 -0.096042 
 0.120565 0.703277 -0.188407 
 0.383701 -0.229277 -0.072311 
 0.105391 0.795279 -0.185870 
 0.456432 -0.624327 0.124614 
 0.236594 0.864059 0.021510 
 0.089436 -0.292937 0.031181 
 -0.112731 -0.387609 -0.043671 
 0.503835 0.155567 0.027000 
 0.369779 -0.231661 -0.113553 
 0.355396 -0.435560 -0.057171 
 -0.048816 0.942240 -0.041584 
 -0.172376 -0.072827 0.214931 
 0.357369 -0.530703 -0.032120 
 -0.204129 0.604675 0.322848 
 -0.612404 -0.137177 0.008825 
 -0.011675 -0.808914 -0.005131 
 -0.014808 -0.537023 -0.045383 
 0.438682 -0.422731 -0.015977 
 0.097153 0.306235 0.080979 
 -0.217564 -0.285230 0.017376 
 0.435303 0.221894 -0.033735 
 -0.414807 -0.462612 -0.081552 
 0.233484 -0.391131 -0.112100 
 -0.199436 -0.177990 0.156696 
 0.250505 0.484363 -0.028802 
 0.168677 0.755257 -0.193627 
 0.461689 0.146833 -0.028496 
 -0.753157 -0.049776 -0.067546 
 0.109967 -0.726245 -0.054599 
 -0.231354 -0.236391 0.065742 
 -0.329147 -0.185965 0.023677 
 0.165727 0.404086 0.057249 
 -0.170527 -0.173092 0.171277 
 -0.122543 -0.405596 -0.051203 
 -0.061921 0.054880 0.214648 
 -0.137009 -0.810920 0.051398 
 0.170636 0.742535 -0.159956 
 0.018327 0.221530 0.151614 
 0.061759 -0.212886 0.094175 
 0.000805 0.914404 -0.055251 
 -0.346963 -0.172241 0.015912 
 -0.259802 -0.086339 0.171078 
 0.269534 -0.306809 -0.102885 
 -0.135226 -0.423501 -0.058735 
 -0.754256 -0.034302 -0.100795 
 -0.078690 -0.417060 -0.030049 
 0.315445 0.093793 -0.071922 
 -0.043919 -0.059233 0.177832 
 -0.583144 -0.053236 0.032618 
 0.470649 0.433989 0.005823 
 0.472402 0.432553 0.005823 
 0.070630 0.337228 0.122520 
 0.480014 -0.494855 0.032032 
 -0.095662 -0.740901 -0.039273 
 -0.792883 0.203414 -0.129347 
 -0.205712 0.355782 0.294175 
 0.534938 -0.030587 0.022769 
 -0.245561 -0.374563 -0.073893 
 0.063091 -0.700958 -0.041297 
 0.446466 -0.656306 0.151229 
 0.446112 0.160072 -0.035141 
 0.235881 0.689790 -0.134211 
 -0.663785 -0.100619 -0.012026 
 -0.666575 0.238458 -0.062757 
 -0.601016 -0.337854 -0.022929 
 -0.030329 0.927365 -0.034860 
 -0.649555 0.225822 -0.055698 
 0.362900 0.147136 -0.077115 
 -0.001662 -0.517357 -0.037870 
 -0.124712 0.612157 0.310391 
 -0.217854 0.069791 0.224360 
 -0.198555 0.170628 0.228764 
 0.099153 -0.568137 -0.077940 
 -0.319603 -0.163579 0.099104 
 -0.069948 0.700430 -0.197423 
 0.297122 0.108133 -0.078585 
 -0.031826 0.812349 -0.200890 
 0.060093 -0.378235 0.009697 
 0.296390 -0.382016 -0.095619 
 0.409452 0.376500 -0.030218 
 0.005864 0.754886 -0.188303 
 0.098947 -0.176492 0.082207 
 -0.659282 -0.213924 -0.022977 
 0.055557 -0.263279 0.085881 
 0.387255 0.632134 0.189465 
 0.379296 0.640188 -0.017242 
 0.231229 -0.627799 -0.070442 
 0.027992 -0.100208 0.157947 
 0.526994 -0.263957 0.079123 
 -0.112257 -0.387609 -0.044311 
 0.232805 0.038087 -0.067327 
 -0.036003 -0.191015 0.133574 
 0.438955 -0.738915 0.155172 
 -0.445257 -0.285876 -0.043044 
 0.351125 0.050459 -0.093229 
 -0.161675 -0.226998 0.066786 
 -0.212560 -0.661861 -0.053677 
 0.321652 0.642247 -0.079805 
 -0.768692 0.322133 -0.105843 
 0.245414 -0.072518 -0.090412 
 0.058259 0.238143 0.106201 
 0.499940 0.089568 -0.015840 
 0.399429 -0.730677 0.052494 
 -0.231260 -0.777153 0.044020 
 0.318438 0.412198 -0.036808 
 0.371414 -0.732578 0.038280 
 -0.234108 0.819368 -0.129019 
 -0.303123 -0.642453 -0.094997 
 0.356986 -0.736716 -0.003079 
 0.360036 -0.169372 -0.112146 
 -0.570892 -0.034881 0.040304 
 -0.297234 0.010363 0.213207 
 -0.025378 -0.472349 -0.043773 
 -0.148957 0.224937 0.223322 
 0.411662 0.541232 0.056708 
 0.446089 -0.549180 0.009538 
 0.130549 -0.756467 -0.014157 
 -0.059942 0.717476 -0.190055 
 0.496299 -0.334405 0.022072 
 -0.390687 -0.176883 0.028820 
 0.143413 0.875538 -0.074986 
 -0.484755 -0.405195 -0.039968 
 0.171060 -0.525468 -0.089191 
 -0.386136 0.010664 0.135807 
 0.463989 0.305087 -0.010985 
 -0.265344 -0.003630 0.192516 
 -0.379128 0.047483 0.177859 
 -0.194800 -0.818038 0.091371 
 -0.572743 -0.200394 0.020964 
 -0.070854 -0.721148 -0.058412 
 -0.454254 -0.067903 0.077163 
 -0.030006 0.040992 0.194528 
 -0.555100 -0.346485 -0.001804 
 -0.194962 -0.029817 0.208725 
 -0.030733 0.483064 0.240641 
 0.479464 -0.241434 0.023878 
 -0.559214 -0.016288 0.047990 
 -0.383990 -0.003200 0.171381 
 -0.779091 0.126097 -0.096972 
 -0.248280 -0.763093 0.037114 
 -0.070634 -0.721148 -0.058412 
 -0.230077 -0.081424 0.185696 
 -0.152582 -0.668457 -0.058673 
 0.196557 0.668014 -0.154610 
 -0.036150 0.959997 -0.034149 
 0.452293 0.032393 -0.078980 
 -0.412909 -0.008720 0.154744 
 0.067071 -0.243925 0.093432 
 -0.197947 -0.480524 -0.095673 
 -0.677027 0.303578 -0.061295 
 0.514812 -0.361869 0.062011 
 -0.796458 0.398675 -0.109643 
 0.420746 -0.694149 0.067423 
 0.323360 0.746408 0.136389 
 -0.787479 0.076314 -0.105362 
 0.237689 0.557897 -0.060981 
 -0.129212 -0.068273 0.203393 
 0.380140 0.213025 -0.060966 
 -0.209061 0.234949 0.229220 
 -0.770482 0.252892 -0.145426 
 0.412243 0.363429 0.003382 
 0.097153 0.304659 0.080979 
 0.471866 0.263901 0.022453 
 -0.146012 0.773780 -0.176402 
 0.446274 -0.015818 -0.087943 
 0.084055 -0.650146 -0.059934 
 0.428375 -0.360750 -0.013498 
 -0.093284 0.069031 0.234333 
 -0.095187 0.762615 -0.169089 
 -0.444566 -0.467071 -0.095563 
 0.536486 -0.326447 0.077704 
 0.106435 -0.614312 -0.044967 
 0.453974 -0.593832 0.042833 
 0.237500 0.007096 -0.068035 
 0.261806 -0.766494 -0.053057 
 0.185845 -0.571050 -0.069692 
 -0.054525 -0.077427 0.170214 
 -0.336843 -0.271616 -0.039024 
 -0.063680 -0.589422 -0.041186 
 -0.131038 0.032663 0.245854 
 -0.174242 0.289946 0.251435 
 0.100850 -0.324058 0.016969 
 -0.261987 -0.456907 -0.056175 
 -0.384065 -0.140787 0.070674 
 0.170152 0.034883 -0.013620 
 -0.838568 0.212692 -0.149588 
 -0.223212 -0.596881 -0.052228 
 -0.796458 0.399890 -0.107666 
 -0.676112 0.292087 -0.028059 
 -0.150833 0.326961 0.267601 
 -0.027029 0.909365 -0.069373 
 -0.264294 0.876186 -0.155571 
 -0.027602 0.869918 -0.124765 
 0.048107 -0.131793 0.130185 
 0.256291 0.808837 0.178580 
 -0.125865 -0.567791 -0.069150 
 0.354525 -0.514549 -0.065984 
 0.315741 0.797564 0.172072 
 0.122291 0.908904 -0.046078 
 -0.154311 0.733516 -0.116651 
 -0.244818 0.053067 0.243519 
 0.295687 0.547385 -0.068330 
 0.304065 0.780248 0.164608 
 -0.478278 -0.104039 0.061811 
 0.128946 0.109342 0.008176 
 -0.843213 0.149191 -0.125401 
 0.305368 -0.174340 -0.071785 
 0.305149 -0.174340 -0.071785 
 0.114126 0.871215 -0.088457 
 0.083123 0.886927 -0.068494 
 0.121702 0.781133 -0.179686 
 0.311151 -0.428387 -0.077947 
 0.126196 0.389306 0.104206 
 0.292035 -0.731221 -0.051694 
 -0.692879 -0.103476 -0.026663 
 -0.152582 -0.668457 -0.058822 
 0.406521 -0.364678 -0.041212 
 -0.138217 0.560952 0.315526 
 0.430089 0.252437 -0.033031 
 -0.323036 -0.011369 0.164344 
 0.267776 -0.591104 -0.082614 
 0.498276 -0.145824 0.026688 
 0.311225 -0.222478 -0.107036 
 0.446466 -0.656667 0.151229 
 -0.273557 -0.474986 -0.063746 
 0.074935 0.681900 -0.196134 
 0.320135 -0.568392 -0.088175 
 -0.270592 -0.103980 0.163401 
 0.462110 -0.307755 0.008343 
 -0.152896 -0.491113 -0.074980 
 -0.181450 0.156800 0.234801 
 -0.080050 0.750428 -0.162409 
 -0.636109 0.134821 0.009217 
 -0.092522 -0.249663 0.082777 
 0.397957 0.023792 -0.107236 
 0.330642 -0.709101 -0.029359 
 -0.255390 -0.748575 -0.050605 
 -0.603398 -0.407999 -0.065687 
 0.295687 0.547464 -0.067981 
 -0.094164 0.513175 0.281079 
 0.397734 0.649960 0.195601 
 -0.590193 0.125904 0.032128 
 0.435118 0.471191 -0.041584 
 0.536498 -0.326447 0.077704 
 -0.152896 -0.490127 -0.074520 
 0.366675 -0.418086 -0.047643 
 -0.209357 0.234726 0.229220 
 -0.155352 0.733516 -0.116651 
 -0.111248 0.000417 0.218685 
 -0.340811 -0.516775 -0.066836 
 0.443068 0.430442 -0.008171 
 0.461243 -0.387400 -0.000119 
 -0.690088 -0.117494 0.006540 
 0.355296 0.639421 0.141143 
 0.318227 -0.552068 -0.053659 
 -0.454915 -0.485219 -0.102584 
 0.461153 0.067843 -0.037251 
 -0.031826 0.812151 -0.200395 
 -0.747198 0.194137 -0.106553 
 -0.727790 -0.159528 -0.049720 
 -0.729279 0.260994 -0.091115 
 -0.129755 -0.536236 -0.068429 
 -0.042024 0.704203 -0.183392 
 -0.661753 0.029820 -0.048503 
 0.557546 -0.197424 0.066660 
 -0.225720 0.120770 0.259667 
 0.338779 0.459617 -0.056096 
 -0.661326 -0.066742 -0.025509 
 -0.164684 -0.209257 0.103042 
 0.312136 -0.600817 -0.061044 
 0.231229 -0.629094 -0.070442 
 0.241892 0.737938 -0.124884 
 -0.011291 -0.728552 -0.061310 
 -0.248217 -0.017475 0.201744 
 -0.712941 0.072725 -0.069275 
 0.042468 -0.446587 -0.007820 
 -0.200394 -0.385451 -0.052531 
 0.278230 0.488610 -0.015919 
 0.489001 -0.383060 0.014881 
 0.349321 -0.484407 -0.064902 
 -0.357820 -0.453694 -0.052149 
 -0.486643 -0.222917 0.010120 
 0.121973 -0.708372 -0.047116 
 -0.586251 0.144478 0.051393 
 -0.595594 0.156319 0.031511 
 -0.573442 -0.200394 0.021990 
 0.301461 0.710848 0.121498 
 -0.220030 -0.436841 -0.103330 
 0.520903 -0.314053 0.070997 
 0.254784 0.761386 0.053472 
 -0.185908 -0.298636 -0.002088 
 0.388737 0.419617 -0.036160 
 0.207546 0.606679 -0.155873 
 -0.527676 0.057159 0.105065 
 0.481366 0.121345 0.012264 
 0.536854 -0.122022 0.048143 
 0.224124 -0.028260 -0.096386 
 -0.249332 0.166932 0.254044 
 0.409431 -0.129960 -0.082555 
 -0.678221 0.219924 -0.070395 
 -0.216809 0.898671 -0.248610 
 0.232240 0.467304 -0.021724 
 -0.117365 0.937411 -0.142897 
 -0.186905 0.321937 0.266468 
 -0.246049 -0.290054 0.002206 
 -0.298573 0.770242 -0.097351 
 0.229507 -0.534393 -0.095317 
 0.268649 -0.511956 -0.073066 
 0.250377 -0.658302 -0.097817 
 -0.020000 -0.503823 -0.044664 
 0.464045 0.049898 -0.071991 
 0.058259 0.238290 0.105921 
 0.504941 -0.567652 0.188744 
 0.501233 -0.082012 -0.000047 
 -0.247947 -0.357316 -0.039586 
 -0.106958 -0.419164 -0.044356 
 -0.300502 -0.058695 0.171256 
 0.520941 0.063384 0.024885 
 -0.530368 -0.012782 0.062626 
 -0.280392 0.756761 -0.091475 
 0.508721 -0.411711 0.054745 
 0.448022 -0.183618 -0.001835 
 -0.607862 0.235499 -0.000630 
 -0.269385 -0.669727 -0.082528 
 -0.712941 0.069333 -0.069275 
 -0.569273 -0.432604 -0.051838 
 0.523414 0.129551 0.067867 
 0.318918 -0.348821 -0.082708 
 -0.035560 0.959997 -0.033807 
 -0.798253 0.139890 -0.103241 
 -0.299402 -0.107757 0.148784 
 -0.692706 -0.103476 -0.026663 
 -0.432635 -0.530746 -0.097032 
 -0.153783 -0.572211 -0.085113 
 0.451702 -0.245774 0.011192 
 0.365111 0.757224 0.192322 
 -0.695371 0.317337 -0.068202 
 -0.069948 0.700970 -0.197423 
 -0.051153 0.515888 0.268515 
 0.481834 -0.055447 -0.040151 
 0.484835 0.438137 0.047030 
 -0.275759 -0.244834 0.008878 
 -0.341604 -0.205045 0.016059 
 -0.846736 0.429298 -0.097300 
 0.435097 -0.033323 -0.095133 
 -0.282689 -0.330498 -0.053277 
 0.024523 -0.246681 0.106025 
 -0.414807 -0.463209 -0.081091 
 -0.716070 -0.140186 -0.041109 
 -0.149597 0.224937 0.223815 
 0.448836 -0.484711 -0.016329 
 0.541063 -0.184659 0.060472 
 -0.026976 -0.290064 0.076939 
 -0.588589 -0.103792 0.024196 
 -0.168214 -0.312274 0.004387 
 0.377566 0.481914 -0.034753 
 0.320087 -0.726858 -0.037535 
 0.328230 0.715143 0.135676 
 0.212165 -0.045902 -0.103773 
 -0.684203 0.075416 -0.053798 
 0.368338 -0.719748 0.004367 
 -0.109445 0.164272 0.236931 
 -0.089288 -0.350693 -0.028608 
 -0.673934 -0.166535 -0.041249 
 -0.071715 0.467904 0.287270 
 0.202396 0.635946 -0.155311 
 0.482233 0.201139 0.021042 
 0.423768 -0.050827 -0.102011 
 0.200634 0.229810 0.005409 
 -0.038602 -0.651247 -0.069358 
 -0.035560 0.960371 -0.034149 
 0.377083 -0.480191 -0.051190 
 -0.005110 0.737336 -0.196939 
 -0.672010 -0.085075 -0.032104 
 0.510754 0.283791 0.042989 
 -0.772198 0.422553 -0.061214 
 -0.239838 -0.762247 -0.043609 
 -0.065886 0.169214 0.224478 
 0.257184 0.773981 -0.097186 
 0.441338 0.268869 -0.025682 
 0.447751 -0.187225 -0.070867 
 -0.125606 0.260726 0.239129 
 0.182361 0.390568 0.063999 
 -0.614214 -0.306016 -0.011618 
 -0.643790 0.098948 -0.032456 
 -0.039487 -0.732911 -0.078309 
 0.203344 -0.119618 -0.030737 
 -0.097435 -0.644469 -0.063781 
 0.120541 0.968416 0.043032 
 -0.695240 0.235099 -0.076858 
 -0.787950 0.075731 -0.105362 
 -0.164368 0.545271 0.334913 
 -0.357765 -0.452997 -0.052149 
 0.186103 -0.539642 -0.082467 
 0.099153 -0.568137 -0.077076 
 0.044043 -0.280588 0.079876 
 -0.308359 -0.267163 -0.026028 
 0.320629 0.064422 -0.072627 
 -0.288621 0.799611 -0.124287 
 -0.224020 0.370750 0.287207 
 -0.649561 0.225822 -0.055851 
 -0.118911 -0.437152 -0.051924 
 -0.151746 0.378171 0.289526 
 0.189835 -0.001627 -0.109746 
 0.141808 -0.657575 -0.065828 
 0.454284 -0.624327 0.124614 
 -0.251698 -0.698652 -0.042289 
 0.025668 0.492004 0.269792 
 0.037280 -0.543787 -0.037160 
 -0.255851 -0.204867 0.093174 
 0.230396 0.314006 0.028428 
 0.098877 -0.176492 0.083121 
 0.395550 -0.133898 -0.124701 
 -0.149414 -0.205182 0.143715 
 -0.753354 0.047611 -0.091513 
 0.072459 0.792089 -0.186700 
 -0.765030 0.029858 -0.098750 
 0.301101 -0.745063 -0.031434 
 -0.003904 0.140744 0.184155 
 -0.189619 0.074301 0.238758 
 0.209096 -0.329882 -0.083642 
 -0.299317 -0.195590 0.072505 
 0.042468 -0.445592 -0.008034 
 -0.833195 0.178879 -0.150756 
 0.234022 -0.010618 -0.089105 
 -0.131038 0.033676 0.246371 
 -0.364005 -0.503249 -0.060476 
 0.105382 -0.306470 0.037974 
 -0.211908 -0.401980 -0.060082 
 0.310591 0.205064 -0.062438 
 0.035269 -0.315971 0.036788 
 0.499906 -0.664726 0.227723 
 -0.135619 -0.682060 -0.052207 
 0.358551 0.585133 -0.066694 
 -0.670036 0.341039 -0.019669 
 -0.783873 0.405513 -0.068355 
 0.169009 0.742535 -0.159828 
 -0.420444 -0.348951 -0.071310 
 -0.152896 -0.491113 -0.075106 
 0.040586 -0.082083 0.165419 
 0.358628 -0.704738 -0.015940 
 -0.072659 0.799020 -0.154810 
 0.250423 -0.404456 -0.105072 
 0.005890 0.385330 0.197748 
 0.450831 -0.325554 0.001296 
 0.137671 -0.627758 -0.065113 
 -0.243118 0.830450 -0.149558 
 0.468626 0.018024 -0.072693 
 -0.693442 0.399575 -0.058281 
 0.451430 -0.044461 -0.088053 
 -0.666726 -0.034582 -0.022840 
 -0.400033 -0.558125 -0.083273 
 -0.024693 0.615207 0.258066 
 0.452333 0.208410 -0.027089 
 -0.382631 -0.140787 0.070674 
 0.324857 -0.046213 -0.082111 
 -0.147269 -0.700093 -0.061588 
 0.304816 -0.663897 -0.081683 
 -0.898277 0.028666 -0.088348 
 -0.318672 -0.395854 0.014294 
 -0.318249 -0.035979 0.228206 
 -0.411478 -0.219726 0.079248 
 0.182163 -0.630915 -0.123208 
 0.286412 -0.185889 -0.098967 
 0.300650 -0.570196 -0.087589 
 0.028283 -0.342452 -0.005081 
 -0.393348 -0.117480 0.169870 
 -0.675980 -0.048048 -0.057613 
 -0.399175 -0.401493 0.004930 
 0.010034 0.619213 -0.158021 
 0.234193 0.099814 -0.124871 
 0.181817 -0.674258 -0.107566 
 -0.336282 -0.025710 0.219766 
 -0.164244 -0.306816 0.078819 
 0.073737 -0.491573 -0.050463 
 0.022030 -0.637489 -0.108213 
 0.238370 -0.244407 -0.116268 
 0.055269 0.663120 -0.016408 
 -0.197729 0.922394 -0.057339 
 0.348126 -0.258939 -0.095747 
 -0.208563 -0.225057 0.098105 
 0.280205 -0.618327 -0.092282 
 0.371222 -0.462185 0.008445 
 -0.336930 -0.248085 0.056013 
 -0.448391 -0.169595 0.175902 
 0.094787 0.503252 -0.213917 
 0.280205 -0.618196 -0.094509 
 -0.136511 -0.225994 0.115502 
 -0.046239 0.732477 0.151052 
 -0.418919 -0.253537 0.049040 
 -0.253258 -0.183318 0.134754 
 -0.131502 0.900807 -0.128112 
 -0.908472 -0.199162 -0.100005 
 0.234833 0.244452 -0.135279 
 0.236818 0.352414 0.013118 
 -0.076528 0.820113 -0.184079 
 0.384131 0.023595 0.141289 
 0.258901 0.292023 0.083352 
 0.280218 -0.258320 -0.111751 
 0.030801 0.731877 0.010305 
 0.310990 0.155528 0.101680 
 0.169401 0.366129 -0.130460 
 0.008678 -0.457818 -0.038057 
 -0.096658 -0.204792 0.260637 
 -0.053115 -0.323119 -0.042783 
 -0.533664 -0.151023 0.066076 
 0.267439 -0.381419 -0.096843 
 -0.075682 0.818139 -0.184079 
 0.009420 -0.593621 -0.088483 
 0.306065 -0.453916 -0.090403 
 0.050776 0.639293 0.170167 
 -0.315678 -0.089562 0.146324 
 0.331828 0.095415 0.028649 
 -0.335242 -0.231383 0.071313 
 0.227127 0.367450 -0.006928 
 -0.723831 0.018844 -0.053703 
 -0.532367 -0.175871 0.096610 
 -0.391228 -0.213609 0.102747 
 -0.273703 -0.121112 0.208157 
 -0.109226 0.944098 -0.123370 
 0.028939 -0.249373 0.131726 
 0.336501 -0.003202 -0.062836 
 0.072205 0.652804 -0.008545 
 -0.081847 -0.231832 0.255224 
 0.453663 -0.232232 0.087597 
 -0.673469 -0.028890 0.029029 
 -0.805179 -0.122007 -0.111835 
 -0.592110 -0.136134 -0.045859 
 0.349135 -0.568952 0.003387 
 0.060103 0.719649 0.053168 
 0.184370 0.444648 -0.059232 
 -0.063860 -0.243950 0.262312 
 -0.158646 -0.478000 -0.112059 
 -0.104609 -0.358249 -0.020757 
 0.425939 -0.203742 0.060591 
 -0.162464 0.064616 0.233726 
 -0.130047 0.900807 -0.127674 
 -0.907914 -0.019604 -0.132866 
 0.434085 -0.262413 0.022536 
 -0.023769 0.639760 -0.175240 
 0.211065 0.078266 -0.161569 
 0.075930 0.602603 -0.088427 
 0.180795 -0.345310 -0.080859 
 0.211085 0.185974 -0.154817 
 -0.120003 -0.483194 -0.079671 
 0.055961 0.633382 0.288546 
 -0.395501 -0.342351 0.006172 
 -0.160925 -0.290199 0.093127 
 -0.074736 -0.251440 0.129101 
 0.347919 -0.274940 -0.110162 
 -0.293187 -0.288995 0.020471 
 0.022498 0.722386 -0.049253 
 0.170935 -0.435998 -0.108774 
 -0.106999 0.783682 0.179419 
 0.182402 0.340109 -0.135829 
 0.168943 0.495486 -0.012636 
 -0.210836 -0.445459 -0.064891 
 -0.037017 0.772125 -0.019990 
 -0.787241 0.045093 -0.066843 
 -0.603665 -0.091644 -0.024195 
 0.329088 -0.265315 -0.118174 
 -0.520061 -0.332821 -0.007957 
 -0.044578 0.826983 -0.058189 
 0.256770 -0.405159 -0.098756 
 0.444930 -0.322067 0.062710 
 -0.323578 -0.275760 0.047716 
 0.023783 0.593299 -0.165836 
 -0.274945 -0.189034 0.110519 
 -0.630137 -0.089240 -0.093625 
 -0.042698 -0.475829 -0.144205 
 -0.099850 -0.179090 0.229275 
 -0.120133 0.881877 -0.180651 
 -0.063493 0.882333 -0.128029 
 -0.299177 -0.253326 0.087314 
 -0.444005 -0.318615 0.025723 
 -0.167412 -0.323434 0.062486 
 -0.129959 0.026208 0.235739 
 0.346750 -0.652697 -0.037045 
 -0.271245 -0.174100 0.125527 
 0.063710 -0.540068 -0.094855 
 -0.184549 0.938304 -0.196562 
 0.179925 0.453706 -0.031335 
 -0.929320 -0.026184 -0.156484 
 0.342318 -0.602424 -0.025978 
 0.301854 -0.404380 -0.080670 
 0.131877 0.371056 -0.159419 
 0.125999 0.534559 0.023714 
 0.340983 -0.474445 -0.073763 
 0.193079 -0.372398 -0.087346 
 0.142502 0.456573 -0.204538 
 0.267241 0.274783 0.103405 
 -0.159316 0.080923 0.248435 
 -0.429062 -0.346312 0.018997 
 -0.038680 -0.392426 -0.033723 
 -0.388032 -0.197207 0.118518 
 -0.439721 -0.190158 0.123300 
 0.358713 0.052019 0.186649 
 -0.527415 -0.187177 -0.001331 
 -0.444005 -0.317592 0.025723 
 0.262234 0.006759 -0.121227 
 -0.153418 -0.146342 0.204565 
 -0.297691 -0.100506 0.153776 
 0.254071 0.314550 -0.090230 
 -0.883296 0.000476 -0.094067 
 -0.015569 -0.437621 -0.092028 
 -0.290139 -0.425593 -0.030904 
 0.371263 -0.402542 -0.064575 
 0.364830 0.084106 0.213823 
 -0.091343 -0.333341 0.054540 
 0.246047 0.423995 0.167926 
 0.070199 0.637100 -0.022692 
 0.231206 0.384314 0.079120 
 -0.146897 0.786172 -0.181533 
 0.407210 -0.300005 -0.026379 
 -0.167550 0.928693 -0.188774 
 -0.039648 -0.392426 -0.033124 
 -0.119813 -0.347410 0.042512 
 -0.194480 -0.456375 -0.056570 
 0.245565 -0.048107 -0.152736 
 0.030360 -0.342536 0.066460 
 -0.910911 -0.199162 -0.100005 
 -0.057691 -0.262314 0.137306 
 0.167419 0.389555 -0.160509 
 0.137476 -0.609119 -0.102652 
 -0.197581 0.922905 -0.057339 
 0.318895 0.112896 0.009068 
 0.287814 -0.653176 -0.089855 
 0.308598 0.092389 -0.064888 
 -0.160642 0.121827 0.232226 
 0.124527 0.558749 0.063658 
 0.318619 -0.538449 -0.095428 
 0.140725 0.510505 0.088767 
 -0.108985 0.030273 0.258528 
 0.285746 -0.501190 -0.097059 
 -0.268222 -0.155714 0.140535 
 0.432224 -0.343583 -0.013311 
 0.435484 -0.389290 0.074723 
 -0.506982 -0.223349 0.036937 
 -0.011808 0.711594 0.167579 
 0.465977 -0.358647 0.100412 
 -0.092243 0.792679 0.083954 
 -0.316303 -0.379109 0.027955 
 0.319237 0.153039 -0.079636 
 0.347996 -0.524971 -0.012732 
 0.142358 0.457521 -0.133867 
 -0.786270 0.045292 -0.066843 
 0.084576 -0.535594 -0.071833 
 -0.161619 0.960816 -0.160748 
 -0.023193 0.748508 0.043935 
 -0.041300 0.725542 0.196983 
 0.380371 -0.337598 -0.077772 
 -0.315575 -0.225652 0.094469 
 -0.108262 0.817278 -0.168696 
 -0.444005 -0.317942 0.023872 
 0.367193 -0.269450 -0.087735 
 -0.081331 0.831890 -0.088034 
 -0.066816 0.821617 -0.079763 
 0.138564 0.533928 0.057340 
 -0.053321 -0.366507 -0.026535 
 0.075678 0.668508 0.006338 
 0.301661 0.158432 0.211250 
 0.212292 0.392787 -0.071380 
 0.146762 0.541339 0.117290 
 -0.201193 -0.395606 -0.021127 
 -0.506982 -0.224150 0.037483 
 -0.596815 -0.152879 -0.060944 
 0.346363 -0.274940 -0.110086 
 -0.090280 -0.223916 0.135725 
 0.320382 0.112526 0.009068 
 -0.302361 -0.270029 0.072673 
 0.214558 0.460724 0.166984 
 0.240261 0.431808 0.121533 
 -0.008399 0.727489 0.181288 
 0.186235 -0.572533 -0.124184 
 -0.095126 -0.486071 -0.153467 
 0.052735 0.647416 -0.031843 
 0.454143 -0.273744 0.105244 
 -0.070315 -0.328768 0.077741 
 0.311737 0.251547 -0.061287 
 -0.000521 -0.355489 -0.017600 
 0.338239 -0.216425 -0.073339 
 0.193972 0.088950 -0.168538 
 0.240213 0.338830 -0.083947 
 0.017823 -0.365519 -0.009375 
 0.264980 -0.464296 -0.134128 
 -0.404013 -0.281039 0.042786 
 0.370494 -0.024057 -0.044938 
 0.052305 -0.539679 -0.058297 
 0.210752 0.376905 -0.085526 
 0.331134 -0.184108 -0.079954 
 0.013849 -0.534512 -0.089154 
 0.223258 0.350488 -0.091810 
 0.312871 0.156195 0.173301 
 -0.333019 -0.479277 0.008928 
 -0.054905 0.782441 -0.029011 
 0.359855 0.067671 0.127976 
 0.022063 -0.322991 0.118092 
 0.264953 0.323771 0.112769 
 -0.590778 -0.134524 0.025685 
 -0.516595 -0.273776 -0.006815 
 -0.411960 -0.151309 0.177143 
 0.328722 -0.264429 -0.118174 
 -0.410406 -0.315160 0.012124 
 0.146866 0.473182 -0.119759 
 -0.441926 -0.206047 0.108158 
 -0.040902 0.775636 -0.137456 
 -0.072408 -0.234212 0.144014 
 -0.697667 -0.123135 -0.178120 
 0.037664 -0.513430 -0.051236 
 -0.197733 -0.174363 0.143014 
 0.298213 0.276719 -0.054995 
 0.262897 -0.249325 -0.119552 
 0.247083 -0.495846 -0.127902 
 0.379803 -0.147533 -0.103459 
 0.234808 -0.621518 -0.114370 
 0.060691 0.588391 -0.138140 
 -0.022733 0.743875 -0.099068 
 0.087495 0.432449 -0.225236 
 0.197688 0.145080 -0.172192 
 0.415224 -0.103064 0.007276 
 0.366721 0.034107 0.132069 
 -0.305735 -0.286731 0.057693 
 0.092632 0.659715 0.013465 
 -0.318157 -0.036682 0.228206 
 0.149452 0.360740 -0.152174 
 0.197092 0.314089 -0.142113 
 0.128043 0.575407 0.077881 
 -0.083431 -0.284548 0.099277 
 0.150511 0.400727 -0.168351 
 0.045098 0.639696 -0.090002 
 0.019527 0.741947 0.264677 
 0.124249 0.427807 -0.195552 
 -0.670925 -0.028890 0.029029 
 0.401324 -0.602225 0.027870 
 -0.045617 0.768438 0.062034 
 -0.067156 -0.431014 -0.085877 
 -0.161755 0.833065 -0.206110 
 -0.591323 -0.246419 -0.056751 
 -0.589889 -0.204435 -0.071827 
 0.230140 -0.485965 -0.136021 
 0.110026 0.583980 -0.002089 
 0.469056 -0.341429 0.114961 
 0.418262 -0.087602 0.020994 
 -0.054738 0.737457 -0.224552 
 -0.550947 -0.098084 0.043370 
 -0.618551 -0.062972 -0.017374 
 0.255813 0.223507 0.216056 
 -0.253258 -0.183318 0.133286 
 -0.010475 -0.598685 -0.111625 
 0.348512 -0.110755 -0.104834 
 -0.356946 -0.279129 0.061930 
 0.214053 0.094382 -0.147308 
 -0.092010 0.933880 -0.115581 
 0.234407 0.309162 -0.112240 
 -0.618480 -0.175369 -0.099497 
 -0.183438 0.057613 0.210584 
 -0.068635 0.828628 -0.125969 
 0.328320 -0.113764 -0.127260 
 0.262155 0.152779 -0.131132 
 -0.853334 -0.055096 -0.108568 
 -0.518970 -0.150277 0.172441 
 -0.736237 -0.116326 -0.139523 
 0.256770 -0.405159 -0.098933 
 0.262557 0.332909 0.138403 
 0.053542 0.647416 -0.030555 
 0.014662 -0.424880 -0.008390 
 -0.639822 -0.069644 -0.042382 
 -0.089054 0.891907 0.018133 
 0.339084 -0.532886 -0.072704 
 -0.054535 -0.245760 0.150816 
 -0.359063 -0.185003 0.130178 
 -0.618551 -0.063899 -0.018007 
 -0.296654 -0.305655 0.004698 
 -0.027041 -0.393978 -0.069844 
 -0.124211 -0.090787 0.272764 
 -0.102315 0.847142 -0.140594 
 -0.595163 -0.152879 -0.059468 
 -0.108985 0.031874 0.257381 
 -0.843007 -0.139420 -0.114688 
 -0.239749 -0.047164 0.292297 
 -0.351637 -0.357109 0.012529 
 0.253868 0.365839 0.132975 
 -0.127029 0.790040 -0.159613 
 0.008382 -0.458582 -0.038057 
 -0.057874 0.852897 -0.051584 
 0.044060 -0.369823 0.059204 
 -0.596537 -0.152879 -0.060944 
 0.412185 -0.119477 -0.007445 
 0.254303 0.106461 -0.102931 
 -0.010456 -0.555906 -0.127071 
 -0.210051 -0.102513 0.278050 
 0.313310 -0.024828 -0.097382 
 -0.014792 0.686681 -0.133373 
 0.331024 0.095415 0.028649 
 0.323408 0.128084 0.023367 
 0.361614 -0.595957 -0.003134 
 0.132229 0.498014 -0.184246 
 0.387239 -0.001147 0.173279 
 0.285086 0.028080 -0.084878 
 -0.886508 -0.016106 -0.109310 
 -0.063689 0.755992 -0.173553 
 0.383727 -0.590365 0.018147 
 -0.051795 0.818382 -0.117434 
 -0.107254 -0.170582 0.183527 
 -0.063291 0.744220 0.143093 
 0.053712 -0.387860 0.007075 
 -0.562778 -0.165150 -0.018121 
 0.255015 0.222055 0.216056 
 0.426099 -0.376818 -0.041976 
 0.379846 -0.229999 -0.069388 
 0.236227 -0.409355 -0.122792 
 0.328087 -0.197961 -0.094350 
 0.054148 -0.480782 -0.058688 
 0.428696 -0.146460 0.057666 
 -0.148083 -0.003720 0.243404 
 0.382474 -0.131638 -0.089064 
 0.192815 0.387221 -0.093390 
 -0.372083 -0.432976 -0.038209 
 -0.333665 -0.078845 0.137183 
 0.252821 0.338532 -0.050285 
 -0.234529 -0.124946 0.239929 
 -0.630137 -0.089240 -0.092484 
 -0.336282 -0.025710 0.218906 
 0.130547 0.562936 -0.090670 
 -0.092251 -0.402118 -0.041953 
 0.421398 -0.343701 0.025126 
 0.441546 -0.066370 0.058328 
 0.154228 0.521192 -0.148334 
 0.201325 0.434332 -0.051399 
 -0.382031 -0.163674 0.148058 
 -0.309326 -0.058240 0.175541 
 -0.926108 -0.010818 -0.139885 
 -0.082501 0.854080 -0.118733 
 0.358443 -0.485068 -0.065380 
 0.426099 -0.377374 -0.042255 
 0.111982 0.560684 0.031661 
 -0.199475 -0.395606 -0.019982 
 -0.023880 0.639760 -0.175240 
 -0.655546 -0.041899 -0.034143 
 -0.256434 -0.199978 0.119971 
 0.222434 0.402675 0.131378 
 -0.034674 0.734617 0.257428 
 -0.767457 -0.102385 -0.111112 
 -0.513391 -0.254854 0.007199 
 0.412116 -0.078498 -0.023856 
 -0.062688 0.860063 -0.096873 
 0.405026 -0.274471 -0.057296 
 0.229094 0.236316 0.318568 
 -0.404013 -0.281039 0.042528 
 0.288255 -0.168890 -0.084552 
 0.272185 0.305630 -0.011190 
 0.265150 -0.506405 -0.119784 
 -0.209630 -0.334955 0.016607 
 -0.365690 -0.396477 -0.008002 
 -0.047560 0.811343 -0.072304 
 0.080559 0.593758 -0.114744 
 -0.729966 -0.082793 -0.108781 
 -0.437021 -0.242810 0.040645 
 0.446639 -0.573588 0.088240 
 -0.411960 -0.149830 0.177143 
 0.279434 0.036953 -0.129778 
 -0.840484 0.012666 -0.046831 
 -0.059600 -0.398076 -0.056782 
 -0.644986 -0.061566 -0.085555 
 -0.482492 -0.173995 0.189760 
 0.369772 0.050108 0.146651 
 -0.700443 -0.070135 -0.096827 
 0.200698 0.161958 -0.157560 
 -0.241159 -0.227582 0.112195 
 -0.399175 -0.401493 0.006084 
 0.454894 -0.651062 0.109414 
 0.233530 -0.468982 -0.121415 
 0.002116 -0.533052 -0.052129 
 0.316625 -0.429396 -0.087132 
 0.002320 0.751564 0.256014 
 0.023645 0.657190 0.345149 
 -0.179287 0.928826 -0.222691 
 0.347508 0.094645 0.206260 
 -0.111661 0.790137 0.133535 
 0.316336 -0.007955 -0.083082 
 0.268296 0.184112 -0.102724 
 -0.187454 -0.218387 0.121395 
 -0.210697 -0.445883 -0.064891 
 0.373314 0.025436 0.179153 
 0.352746 0.076167 0.010664 
 -0.237076 -0.372911 -0.036623 
 0.302214 0.163397 -0.087272 
 0.084763 0.611081 -0.028975 
 0.413443 -0.226430 -0.014053 
 -0.092251 -0.402857 -0.042237 
 -0.176883 -0.058040 0.247342 
 -0.400817 -0.264272 0.056949 
 -0.214899 -0.257451 0.068462 
 -0.330672 -0.061959 0.152191 
 0.300059 -0.063536 -0.114859 
 0.248568 -0.580615 -0.096149 
 -0.068635 0.828628 -0.124232 
 0.237219 0.325381 -0.098093 
 -0.204580 -0.138565 0.210405 
 0.335189 -0.232426 -0.089358 
 0.169386 -0.435998 -0.108153 
 0.418998 -0.194464 0.014777 
 0.395074 -0.109008 -0.015061 
 0.371104 -0.462467 0.008445 
 0.436752 -0.263163 0.097095 
 -0.336750 -0.384854 0.004471 
 -0.317513 -0.089562 0.145525 
 -0.199059 -0.174363 0.143305 
 0.406238 -0.192556 -0.018622 
 0.236498 0.350335 0.013118 
 -0.121139 0.881877 -0.179420 
 -0.020723 0.761810 -0.013284 
 -0.417323 -0.390452 -0.002414 
 0.162453 0.461710 -0.111917 
 -0.380596 -0.370131 -0.001373 
 0.423152 -0.452250 0.016798 
 0.344897 -0.542068 -0.027376 
 0.052305 -0.539632 -0.057826 
 0.048124 0.654826 -0.075894 
 0.270974 0.054381 -0.078737 
 -0.046017 -0.534995 -0.142929 
 0.458268 -0.508393 0.146253 
 0.320757 -0.522665 -0.080822 
 -0.282696 -0.128110 0.147201 
 -0.106999 0.782994 0.179419 
 0.033500 -0.326169 0.080629 
 0.207030 0.401597 -0.045575 
 -0.690285 0.023558 0.005340 
 -0.224404 -0.307304 0.023230 
 -0.654709 -0.041899 -0.034844 
 0.300687 -0.211404 -0.105369 
 -0.309326 -0.055098 0.175541 
 0.195634 0.402924 -0.079243 
 -0.099789 -0.137385 0.213390 
 0.015579 0.689090 0.267037 
 -0.708744 -0.008900 -0.059297 
 -0.110859 -0.460761 -0.146877 
 -0.010594 0.744419 -0.064937 
 -0.108272 0.943807 -0.123370 
 -0.329184 -0.419938 0.008789 
 0.131441 0.498014 -0.185503 
 -0.138974 0.820233 0.177816 
 0.333648 -0.440004 -0.077924 
 0.014266 0.675320 -0.091578 
 0.008443 -0.457818 -0.038057 
 -0.010594 0.742239 -0.064937 
 0.311616 0.105711 -0.050357 
 -0.064003 -0.295422 0.109121 
 0.408681 -0.300005 -0.026379 
 -0.561848 -0.148383 -0.003017 
 0.411318 -0.350200 -0.035827 
 -0.306272 -0.081059 0.206476 
 0.048084 0.653474 -0.075894 
 0.132201 -0.366479 -0.043977 
 0.250854 0.324175 0.006156 
 0.346363 -0.274940 -0.109495 
 -0.151875 -0.402633 -0.025513 
 -0.101508 0.849120 -0.140594 
 0.323377 -0.674617 -0.073512 
 -0.089883 0.771023 0.115410 
 -0.622819 -0.195041 -0.114582 
 -0.640101 -0.181115 -0.122967 
 0.070124 0.606316 0.209772 
 -0.418369 -0.183471 0.145066 
 -0.155490 -0.461446 -0.095176 
 -0.176922 0.091770 0.240332 
 -0.858026 -0.114424 -0.107929 
 -0.462020 -0.195006 0.099742 
 -0.071101 -0.354876 -0.034781 
 -0.537069 -0.237476 -0.046642 
 0.070124 0.604445 0.210018 
 0.141134 0.417268 -0.188262 
 0.219899 -0.234117 -0.124312 
 0.365673 -0.121148 -0.097023 
 0.287667 -0.652315 -0.089855 
 0.319092 -0.371335 -0.087808 
 -0.241322 -0.227582 0.112195 
 0.369772 0.050108 0.147761 
 0.192343 0.387221 -0.092154 
 -0.347589 -0.410481 0.000394 
 -0.187602 -0.149509 0.218927 
 0.298776 -0.418787 -0.095244 
 -0.072717 0.835668 -0.170187 
 -0.270209 -0.377747 -0.022878 
 0.009486 0.655185 0.239300 
 0.201389 -0.474112 -0.107139 
 0.183475 -0.462933 -0.115279 
 -0.500731 -0.161374 0.182315 
 0.143744 0.525868 0.104067 
 0.218138 0.410545 0.085618 
 -0.797344 -0.047394 -0.097180 
 -0.517295 -0.316114 0.007223 
 -0.091478 0.934022 -0.115581 
 -0.191689 -0.346198 0.024928 
 -0.075298 -0.480421 -0.128938 
 0.231836 0.229152 -0.149445 
 -0.639822 -0.069644 -0.041212 
 0.200073 0.225599 -0.134304 
 0.242262 0.342252 0.058585 
 0.067896 -0.415177 0.000502 
 -0.137708 -0.338311 0.034213 
 0.263802 0.297378 -0.069736 
 0.454223 -0.424001 0.113949 
 0.412116 -0.078498 -0.023771 
 0.092632 0.658785 0.013465 
 -0.075905 0.865888 0.013024 
 0.297028 -0.081136 -0.128859 
 0.280780 0.287048 -0.063209 
 0.319237 0.153259 -0.079038 
 0.342366 0.118652 0.102409 
 -0.001962 0.660767 -0.139231 
 -0.228084 -0.091541 0.270116 
 -0.488834 -0.234391 0.046934 
 0.246680 0.334198 0.104376 
 -0.521234 -0.195499 0.044209 
 0.209729 0.038042 -0.145072 
 -0.306584 -0.081059 0.206790 
 0.252020 0.311450 0.208612 
 0.182922 0.469432 -0.020562 
 0.404529 -0.315681 -0.040832 
 0.172488 0.381832 -0.115399 
 0.286412 -0.184892 -0.100488 
 -0.249748 -0.440821 -0.096502 
 0.353657 -0.350671 -0.090025 
 0.417004 -0.417839 0.011496 
 0.347394 -0.695496 -0.018621 
 -0.929320 -0.027670 -0.155869 
 -0.672787 -0.032222 -0.042528 
 0.318507 -0.623235 -0.063504 
 -0.162778 0.898899 -0.113573 
 0.189349 0.373235 -0.107536 
 0.107519 -0.622396 -0.114573 
 -0.820159 -0.094086 -0.106775 
 0.238705 -0.014349 -0.157775 
 0.400627 -0.348137 -0.069738 
 -0.285367 -0.075328 0.231097 
 0.251837 0.129755 -0.134185 
 0.282841 0.194129 0.243917 
 -0.141001 -0.077960 0.264444 
 -0.042380 0.709604 0.182625 
 0.359476 -0.087552 -0.102137 
 -0.162464 0.062460 0.233726 
 0.167616 -0.604374 -0.117868 
 0.427517 -0.294500 -0.003893 
 0.365760 -0.537207 -0.004592 
 0.319363 0.007225 -0.066691 
 -0.138900 -0.173875 0.198879 
 -0.232834 -0.357157 -0.021653 
 0.246205 -0.664665 -0.135602 
 -0.500731 -0.162569 0.181301 
 -0.152748 -0.444892 -0.081336 
 -0.834287 -0.066166 -0.099115 
 -0.208563 -0.222776 0.098105 
 -0.028095 -0.502701 -0.150777 
 -0.165084 -0.375170 -0.018489 
 0.343698 -0.669018 -0.050638 
 0.433011 -0.446355 0.076619 
 0.253820 0.105246 -0.102931 
 -0.052362 -0.245935 0.224549 
 0.422807 -0.662939 0.026154 
 -0.123206 0.793826 0.171439 
 0.002093 0.677964 -0.125141 
 0.370603 -0.105301 -0.082704 
 -0.256434 -0.202145 0.118861 
 -0.163727 0.921298 -0.145957 
 -0.131389 -0.303182 0.066327 
 -0.471766 -0.356840 -0.028120 
 0.021820 0.683376 -0.032135 
 0.391924 -0.083952 -0.046483 
 0.220265 0.335181 -0.106954 
 0.182163 -0.631776 -0.123208 
 -0.708856 -0.008900 -0.059297 
 0.253522 0.315200 -0.019085 
 0.227867 0.434422 0.159978 
 -0.384835 -0.180440 0.133004 
 -0.351637 -0.357109 0.012173 
 -0.680301 -0.134107 -0.169757 
 -0.558416 -0.243577 -0.070141 
 0.247815 0.334198 0.103642 
 -0.325690 -0.181275 0.116452 
 0.285523 -0.458748 -0.113782 
 