0.187462 0.611150 -0.002103 
 -0.539939 0.035132 0.115735 
 0.083059 -0.465837 0.135225 
 -0.233920 0.321220 0.023427 
 0.133738 0.360113 0.073431 
 0.176589 -0.511043 0.107392 
 0.281033 -0.000421 0.002161 
 0.066609 0.175058 -0.025135 
 -0.552961 0.116109 0.137192 
 -0.259699 0.390722 0.068161 
 0.265846 -0.194117 -0.034082 
 -0.383952 0.303299 0.127309 
 -0.578193 0.094280 0.147106 
 0.246529 0.267141 0.150140 
 -0.372708 0.067817 -0.023582 
 0.003366 -0.473414 0.097372 
 0.336598 0.266479 0.202861 
 -0.139415 0.410508 0.019194 
 0.245312 0.642243 0.002240 
 -0.479077 0.185155 0.119883 
 -0.156061 0.109987 -0.109779 
 0.302387 -0.705789 0.046827 
 -0.290367 0.192930 -0.016980 
 -0.090736 0.477804 0.000041 
 0.122823 0.418770 0.095797 
 -0.168267 0.214456 -0.098608 
 0.198441 0.550804 -0.013440 
 -0.154980 -0.243672 -0.076518 
 -0.169155 0.098747 -0.110924 
 0.255807 -0.182453 -0.034869 
 -0.362577 -0.012063 -0.021792 
 0.290815 -0.736815 0.023963 
 0.223830 -0.056101 -0.047519 
 0.256704 -0.680775 0.042444 
 0.153113 -0.535731 0.105577 
 -0.389819 0.079530 0.034066 
 0.045084 0.358072 0.009451 
 -0.050314 -0.255692 -0.103429 
 -0.445089 0.197272 0.122516 
 0.244961 -0.756806 -0.003504 
 -0.307286 -0.317101 0.072919 
 0.057734 -0.063117 -0.152583 
 0.129479 0.506168 -0.018281 
 0.361534 0.755136 0.010734 
 0.276815 -0.138098 0.001462 
 -0.207764 -0.162202 -0.103091 
 -0.018774 -0.049233 -0.192197 
 0.066057 0.314054 0.034155 
 -0.226644 0.112623 -0.103284 
 -0.288733 0.101278 -0.050412 
 0.190004 -0.090529 -0.073739 
 0.394855 0.674314 0.013248 
 -0.180198 0.087601 -0.111533 
 -0.116115 -0.543541 0.120384 
 -0.023792 -0.591869 0.126941 
 0.111421 0.151482 -0.009537 
 -0.469791 0.198039 0.143504 
 0.245355 0.057339 0.045845 
 0.248993 0.406688 0.140374 
 -0.057725 -0.396169 -0.025057 
 -0.440360 -0.035729 0.053101 
 -0.029494 -0.324478 -0.090703 
 -0.233990 -0.162676 -0.070483 
 0.302157 0.606328 -0.005921 
 -0.346320 0.195326 0.095054 
 -0.479190 0.187627 0.119889 
 0.077087 0.186437 -0.011845 
 0.392355 -0.118322 0.068693 
 -0.116477 -0.566974 0.121225 
 0.077855 -0.221413 -0.151408 
 0.292552 0.733357 0.006091 
 -0.054041 -0.348012 -0.070892 
 0.175949 0.597689 -0.002341 
 0.123033 -0.199842 -0.148008 
 -0.284382 0.298370 0.065610 
 0.022585 -0.139210 -0.155080 
 0.073354 -0.314488 -0.094652 
 0.418331 0.088542 0.127480 
 0.134004 0.336995 0.073933 
 -0.225132 -0.196883 -0.046997 
 0.090768 -0.075268 -0.138359 
 -0.094763 0.362840 0.022308 
 0.248990 0.406689 0.140183 
 0.168878 0.279434 0.041139 
 -0.077914 0.464619 -0.022058 
 -0.039802 -0.290171 -0.091356 
 -0.192222 0.190099 -0.100370 
 -0.338471 0.055739 -0.019407 
 0.013555 -0.106749 -0.190041 
 0.225661 0.359942 0.114545 
 0.081251 -0.692535 0.065334 
 0.233746 -0.657352 0.042055 
 0.089005 0.173091 -0.011085 
 -0.266153 0.146367 -0.038094 
 -0.088917 0.477147 0.000011 
 -0.023039 -0.545203 0.126347 
 0.260318 0.396801 0.140205 
 0.259519 0.255350 0.150901 
 0.312556 -0.848426 -0.010407 
 0.122184 -0.063712 -0.078570 
 -0.127947 -0.555110 0.118842 
 0.326710 0.720439 0.008496 
 0.326167 0.092178 0.086309 
 0.001893 0.084512 -0.121962 
 0.018999 -0.412242 0.038162 
 0.237521 0.418538 0.136841 
 0.281178 -0.023208 -0.009433 
 -0.227676 0.042867 -0.103649 
 -0.166601 0.143990 -0.131994 
 0.395615 0.742187 0.002136 
 0.167553 0.139121 0.017485 
 0.199425 -0.557835 0.097374 
 0.156512 -0.189266 -0.133607 
 -0.233561 0.319415 0.023419 
 0.005657 -0.448076 0.061708 
 -0.288633 0.169682 -0.038700 
 -0.269786 -0.151425 -0.050088 
 -0.546294 0.247236 0.195695 
 0.164609 -0.612824 0.073075 
 -0.140278 -0.163377 -0.096073 
 0.105686 -0.534879 0.125101 
 -0.384333 0.279835 0.127185 
 0.346266 -0.883676 -0.008150 
 -0.437502 -0.012286 0.030831 
 0.292268 0.708404 0.005933 
 -0.392625 0.126029 0.065017 
 0.033336 -0.698367 0.119154 
 0.134262 0.038056 -0.054293 
 0.158254 -0.144594 -0.110912 
 -0.386689 0.056460 -0.000537 
 0.069220 0.015553 -0.139514 
 -0.346938 0.218587 0.092826 
 0.084492 -0.325863 -0.093608 
 0.314564 0.010265 0.029718 
 0.207798 -0.274974 -0.015750 
 0.014741 -0.485226 0.096588 
 -0.367845 0.148186 0.058906 
 0.032603 0.185956 -0.026635 
 0.180260 0.288717 0.053493 
 0.184273 -0.297974 0.016825 
 -0.138894 0.341225 -0.004030 
 -0.264830 -0.036466 -0.083725 
 0.068477 -0.097356 -0.140130 
 0.057207 0.117711 -0.081546 
 0.212975 0.115609 0.043619 
 0.082438 -0.692147 0.065316 
 -0.019983 -0.336142 -0.089911 
 -0.072205 -0.616245 0.145760 
 0.166837 -0.245767 -0.133512 
 -0.018336 -0.336067 -0.089906 
 0.168932 0.093133 -0.041367 
 0.222710 -0.688686 0.018111 
 0.120566 0.633106 -0.007004 
 -0.198038 0.401018 0.026370 
 -0.173737 -0.129603 -0.100423 
 -0.234350 -0.185656 -0.070017 
 0.145835 -0.043904 -0.088257 
 0.013443 0.532813 0.008204 
 0.166060 0.024436 -0.017483 
 0.070612 -0.545945 0.122488 
 -0.226338 0.179302 -0.102911 
 -0.271205 -0.351936 0.063840 
 0.053807 -0.266532 -0.141839 
 0.291800 0.195395 0.153160 
 0.129469 -0.556892 0.103404 
 0.060525 -0.464185 0.122083 
 -0.310677 0.299034 0.098163 
 -0.197690 0.424816 0.026495 
 -0.132197 0.018407 -0.165724 
 0.268426 -0.603005 0.079264 
 0.374186 0.021032 0.008927 
 0.147145 -0.021059 -0.111048 
 -0.490101 -0.013529 0.083795 
 0.312691 -0.826741 0.000945 
 0.291914 -0.667473 0.023244 
 0.174942 -0.260604 -0.053362 
 0.168575 0.418792 0.110632 
 -0.250839 0.111603 -0.082113 
 0.122901 0.372740 0.095538 
 0.179185 0.150540 0.017272 
 0.067459 0.175095 -0.024209 
 0.361051 0.101644 0.088539 
 0.256161 0.607812 0.002032 
 0.359622 -0.059326 0.007696 
 -0.264598 0.054727 -0.072320 
 0.155578 -0.256599 -0.145842 
 0.147486 0.002251 -0.110927 
 -0.122195 0.098326 -0.130196 
 -0.225464 0.179344 -0.103657 
 0.094527 -0.657085 0.066342 
 -0.284398 0.298277 0.064264 
 -0.411649 0.010650 0.008575 
 -0.342720 -0.281714 0.070590 
 0.233729 0.185417 0.137396 
 0.025979 -0.005849 -0.188682 
 0.147578 -0.088390 -0.077089 
 -0.120607 -0.059720 -0.188536 
 -0.040784 0.018064 -0.182038 
 0.303825 0.721130 0.006830 
 0.349900 0.743863 0.009149 
 -0.013080 0.233866 -0.020036 
 -0.056496 -0.174333 -0.149581 
 0.071395 0.494730 -0.011049 
 0.156450 0.243569 0.051735 
 0.057401 -0.108221 -0.152453 
 -0.441823 0.173669 0.101753 
 -0.103476 0.396489 -0.001223 
 0.189218 0.301216 0.077348 
 -0.240002 -0.013806 -0.106827 
 -0.341861 -0.151471 -0.020855 
 -0.098481 -0.457899 0.050321 
 -0.051441 -0.278629 -0.092633 
 -0.329911 -0.293463 0.071351 
 0.211129 -0.135735 -0.049826 
 -0.488582 0.011267 0.083903 
 -0.011937 -0.397644 -0.020787 
 0.029292 -0.312497 -0.120470 
 0.244940 -0.193301 -0.047229 
 0.098725 -0.244409 -0.149869 
 0.233705 0.185929 0.137397 
 0.326326 0.088723 0.086301 
 -0.527692 0.070027 0.117125 
 0.025803 -0.028422 -0.177941 
 0.198497 -0.216386 -0.050657 
 0.212304 0.723487 0.000167 
 -0.370715 0.336556 0.128327 
 -0.307094 -0.317094 0.073572 
 0.070674 -0.547280 0.122497 
 0.089107 -0.210332 -0.149082 
 -0.168975 -0.232581 -0.065834 
 -0.032473 0.141893 -0.100558 
 0.246255 -0.056662 -0.034045 
 -0.385020 -0.164370 0.056410 
 -0.156339 0.178069 -0.109396 
 -0.149213 -0.483981 0.106780 
 0.107154 -0.488967 0.136779 
 0.372811 0.112564 0.089791 
 0.023600 -0.185900 -0.178212 
 -0.215564 -0.255555 -0.035051 
 -0.158190 -0.093631 -0.156523 
 0.084995 -0.646103 0.065532 
 0.257202 -0.045956 -0.011206 
 -0.348469 0.090464 -0.020424 
 0.325382 -0.725822 0.025445 
 -0.311073 0.276251 0.098715 
 -0.301795 0.066687 -0.042144 
 -0.260581 -0.208298 -0.038139 
 -0.008504 0.142233 -0.121725 
 -0.132858 -0.445749 0.051871 
 -0.138205 -0.139785 -0.132268 
 -0.334618 0.322932 0.108005 
 0.056713 0.164667 -0.059429 
 -0.294941 -0.197233 -0.040575 
 0.244803 -0.102147 -0.012340 
 -0.247923 -0.197619 -0.048812 
 -0.179633 0.043172 -0.134610 
 0.134579 0.430528 0.097190 
 -0.020545 -0.117665 -0.181087 
 0.099947 -0.042273 -0.080189 
 -0.357161 0.370631 0.106034 
 0.233992 -0.745139 -0.002455 
 0.258747 0.744429 -0.007850 
 -0.234309 0.319381 0.023431 
 0.396855 0.785113 -0.032076 
 -0.001079 -0.660030 0.116806 
 0.235004 -0.067639 -0.047383 
 0.056601 -0.130798 -0.154338 
 0.394578 0.673245 0.013251 
 0.038274 -0.462117 0.097507 
 0.279315 0.606713 -0.007749 
 0.117498 -0.523427 0.127465 
 -0.240213 0.031639 -0.104520 
 -0.040440 -0.004056 -0.193592 
 -0.277724 0.134278 -0.037986 
 -0.012902 0.326468 0.005095 
 0.165003 0.678646 0.019512 
 -0.347283 0.195282 0.095086 
 0.012221 -0.175109 -0.178966 
 0.290600 0.594205 -0.006145 
 0.122671 -0.267711 -0.136934 
 0.232603 -0.795056 0.018392 
 0.232879 0.586322 0.001106 
 0.180865 0.220178 0.053100 
 0.035722 0.049997 -0.141792 
 0.201077 0.713728 0.022185 
 -0.099166 0.097564 -0.128557 
 0.203822 0.405248 0.078721 
 0.118553 0.587188 -0.008505 
 -0.170126 0.259290 -0.064093 
 -0.077350 0.074512 -0.126385 
 0.132484 -0.279254 -0.136507 
 -0.018280 -0.336064 -0.089938 
 -0.524677 0.023430 0.092817 
 0.302031 -0.747542 0.023654 
 -0.208370 -0.162230 -0.103189 
 0.131669 -0.302854 -0.113378 
 -0.409558 0.302607 0.149271 
 -0.101319 0.234539 -0.069167 
 0.200913 0.244890 0.100780 
 -0.317086 -0.280776 0.060849 
 0.259087 -0.612463 0.055408 
 0.487724 0.764496 0.020401 
 0.268083 -0.693654 0.044375 
 0.093812 -0.704248 0.066426 
 -0.270383 -0.174335 -0.050069 
 0.141260 -0.545467 0.104916 
 0.327281 0.743344 -0.001730 
 0.303793 0.721823 0.006832 
 0.325537 0.652521 0.007894 
 -0.104680 -0.555500 0.120292 
 -0.011815 0.256835 -0.018168 
 0.258972 0.325267 0.152356 
 -0.282864 0.391578 0.077502 
 0.168681 0.418749 0.110631 
 -0.372664 0.067813 -0.020769 
 0.291448 0.268133 0.233830 
 0.112674 0.059880 -0.078733 
 -0.310260 0.147209 -0.040448 
 0.187641 -0.568630 0.097026 
 0.106070 -0.420336 0.160527 
 0.347237 -0.093778 0.029882 
 -0.218222 -0.302265 -0.012457 
 -0.082446 0.373809 0.023196 
 -0.254133 0.180483 -0.036075 
 0.292014 -0.577710 0.081071 
 0.113710 0.014769 -0.136221 
 -0.062449 0.018112 -0.195107 
 0.146125 0.070691 -0.041836 
 -0.108336 0.154156 -0.153087 
 -0.032374 0.186192 -0.088819 
 0.190313 -0.066381 -0.073615 
 0.080036 0.026549 -0.116827 
 0.324324 -0.815611 0.002020 
 -0.522799 0.223245 0.197587 
 0.108189 -0.325380 -0.115136 
 0.095287 -0.546269 0.124171 
 0.289649 0.149516 0.141469 
 0.132809 -0.255522 -0.136031 
 -0.222780 -0.174427 -0.069550 
 0.210596 0.023350 0.043144 
 -0.382348 0.254359 0.103658 
 0.048820 0.588849 0.010671 
 0.187825 -0.700604 0.015548 
 -0.012483 0.349251 0.007266 
 -0.077551 -0.348203 -0.060904 
 -0.280823 -0.316468 0.040366 
 0.102103 0.209065 -0.010085 
 -0.284042 0.322473 0.065734 
 0.179268 0.104477 -0.005573 
 -0.558728 0.188426 0.193171 
 -0.051423 -0.278630 -0.091517 
 0.383260 0.685959 0.011063 
 -0.365584 -0.059183 0.000773 
 -0.232299 -0.116004 -0.081656 
 0.255746 0.561293 -0.008171 
 -0.351717 -0.045865 -0.021138 
 -0.065371 -0.471509 0.078412 
 0.117476 -0.432231 0.160858 
 -0.433426 0.350276 0.157137 
 0.255601 -0.183197 -0.034867 
 0.314078 -0.714202 0.022708 
 -0.020085 0.107704 -0.099876 
 0.129278 0.621331 -0.006192 
 -0.242505 0.054295 -0.081554 
 0.417525 -0.002655 0.035132 
 0.156717 0.013470 -0.051695 
 -0.064687 -0.071912 -0.184224 
 -0.282440 0.414318 0.068280 
 0.208896 -0.250455 -0.038547 
 -0.033946 0.441613 0.003527 
 0.010089 0.256406 -0.016486 
 -0.155953 -0.266784 -0.065219 
 0.440255 0.019619 0.036933 
 -0.041663 -0.094746 -0.182649 
 0.122638 0.140481 -0.008763 
 0.035940 -0.533708 0.119830 
 -0.240355 -0.059284 -0.105023 
 0.040757 -0.301358 -0.120704 
 0.167357 0.046937 -0.017377 
 0.156699 0.313461 0.074826 
 -0.170274 -0.459913 0.082306 
 0.131802 -0.122249 -0.089481 
 0.180115 0.383331 0.100435 
 0.375376 0.066896 0.055067 
 -0.348993 0.113415 -0.019884 
 -0.579881 0.164978 0.167451 
 -0.313384 0.055384 -0.040909 
 -0.222135 -0.374588 0.021427 
 0.202594 0.357901 0.112851 
 0.152445 -0.489368 0.140190 
 -0.528112 0.046998 0.115743 
 0.049756 0.542501 -0.012478 
 0.315498 0.731318 0.007722 
 0.189602 -0.112654 -0.073858 
 -0.054998 0.119582 -0.102275 
 0.336707 -0.758585 0.003157 
 -0.163841 -0.209179 -0.077197 
 0.384901 0.147550 0.090628 
 0.416234 -0.048276 0.092300 
 -0.040514 -0.447301 0.058453 
 -0.269089 -0.305117 0.041269 
 0.035221 -0.648293 0.095659 
 0.099620 0.278877 0.036115 
 -0.329899 -0.293463 0.071510 
 0.090508 0.407009 0.035947 
 0.336840 0.639728 0.008903 
 -0.228060 0.020120 -0.103294 
 0.221264 -0.782055 0.017621 
 0.199774 -0.623110 0.051177 
 0.045526 -0.163819 -0.176445 
 0.088409 0.174783 -0.011073 
 -0.215588 0.054075 -0.102771 
 -0.215908 -0.278826 -0.034140 
 0.397170 0.808914 -0.019797 
 0.162820 0.494691 -0.003633 
 -0.472356 0.222109 0.177901 
 0.100122 0.186405 0.012707 
 0.256181 0.045596 0.046629 
 0.070289 -0.570546 0.122374 
 -0.055179 0.143382 -0.102144 
 -0.277784 0.135586 -0.037983 
 -0.240809 -0.278184 -0.014004 
 0.106029 -0.601788 0.090385 
 -0.195294 -0.459900 0.104606 
 0.055435 -0.400592 0.029974 
 0.383875 0.101324 0.113530 
 -0.238459 -0.254641 -0.036716 
 -0.051087 0.029745 -0.194229 
 -0.200409 -0.197645 -0.070077 
 -0.125608 0.374229 -0.003033 
 0.235304 0.302290 0.149480 
 -0.246707 0.354966 0.047826 
 -0.265601 -0.013711 -0.083586 
 -0.553016 0.117319 0.137195 
 0.018190 -0.301291 -0.121600 
 0.021303 0.314188 0.006632 
 0.089234 -0.164551 -0.138836 
 -0.130861 0.154534 -0.154198 
 0.055515 0.371569 0.033248 
 0.166041 -0.657095 0.048456 
 -0.040996 -0.336261 -0.091591 
 -0.045966 -0.384891 -0.023225 
 -0.303467 -0.002081 -0.051765 
 -0.489725 0.009926 0.083919 
 -0.197895 -0.349510 0.011811 
 -0.215806 0.190834 -0.077656 
 0.000179 0.291039 -0.017152 
 0.323131 -0.883013 0.001658 
 -0.411733 -0.187406 0.088800 
 0.245999 0.126731 0.080192 
 -0.127370 0.420100 -0.002751 
 0.299172 -0.952316 -0.000375 
 0.004479 -0.005432 -0.190330 
 -0.203423 -0.244207 -0.045571 
 -0.053319 -0.060038 -0.183271 
 0.314653 0.687112 0.006400 
 0.156898 -0.053769 -0.087489 
 -0.044804 0.361418 0.002742 
 -0.303150 -0.269776 0.038930 
 0.302338 -0.704606 0.047206 
 0.440503 -0.004025 0.036800 
 0.301583 0.629184 -0.005114 
 -0.211601 -0.185586 -0.068943 
 0.017362 -0.436694 0.060835 
 0.280075 0.091425 0.083608 
 -0.189549 0.007685 -0.158461 
 -0.138170 -0.519128 0.107256 
 0.012330 0.371079 -0.015884 
 0.100217 -0.223257 -0.149769 
 -0.066309 0.475607 -0.023309 
 -0.089452 -0.360553 -0.037884 
 0.129169 0.506155 -0.018704 
 0.347955 -0.069663 0.006805 
 0.022135 -0.231715 -0.155578 
 0.117806 -0.590671 0.091245 
 -0.097890 0.051707 -0.163086 
 -0.404220 -0.070752 0.032412 
 0.056765 0.163443 -0.059671 
 -0.153907 -0.199020 -0.076283 
 -0.001407 0.245139 -0.017382 
 0.110300 0.361289 0.095876 
 0.134567 0.430529 0.096394 
 -0.338151 -0.081778 -0.043310 
 -0.186256 0.410970 0.028240 
 -0.047951 -0.409132 -0.000475 
 -0.227044 0.111082 -0.103280 
 -0.172467 -0.483589 0.104255 
 -0.011788 -0.580391 0.127824 
 -0.190007 0.008614 -0.158452 
 0.145171 0.116516 -0.006655 
 -0.150602 -0.151501 -0.110591 
 0.076481 0.349248 0.069153 
 0.314643 0.687685 0.007484 
 0.036023 -0.130247 -0.188536 
 0.076515 0.348501 0.069152 
 0.123139 0.048256 -0.055091 
 0.339620 0.776289 -0.024800 
 -0.010561 0.441247 0.005697 
 0.031295 -0.266257 -0.142545 
 0.044319 0.244255 -0.014049 
 0.134179 0.290128 0.049969 
 -0.168188 -0.059195 -0.157175 
 -0.344339 0.171597 0.060932 
 0.349483 0.044501 0.030364 
 -0.013029 -0.220315 -0.145650 
 -0.025006 -0.591925 0.126936 
 -0.404541 0.208168 0.102273 
 0.033207 0.279550 0.008177 
 0.025631 0.038977 -0.155652 
 -0.190693 0.053757 -0.134824 
 -0.020684 0.084890 -0.122508 
 0.099601 0.348135 0.070834 
 -0.042212 0.062789 -0.147489 
 0.267404 0.596153 0.003664 
 -0.230648 -0.139822 -0.104615 
 -0.396856 0.359843 0.149575 
 0.337223 -0.035798 0.006151 
 0.070650 -0.569228 0.122370 
 0.011595 -0.604095 0.117957 
 0.199427 -0.646196 0.051653 
 0.314920 0.220358 0.177930 
 0.079328 0.049127 -0.091736 
 0.047165 -0.096746 -0.176096 
 0.047863 0.428580 -0.024522 
 -0.032996 0.187450 -0.088807 
 0.384425 0.754750 0.013690 
 -0.137528 0.431840 -0.003543 
 -0.297729 0.380639 0.099442 
 -0.126783 -0.507693 0.108301 
 0.403923 -0.104527 0.068194 
 0.099026 0.419478 0.094122 
 0.021279 -0.661715 0.118511 
 -0.121315 -0.037155 -0.199456 
 0.067980 0.151330 -0.058664 
 0.188316 0.654826 -0.001807 
 0.224844 0.242852 0.081152 
 -0.106784 -0.199299 -0.095828 
 -0.144023 0.143611 -0.131377 
 0.116689 0.472529 -0.007931 
 -0.352273 -0.247558 0.069907 
 -0.059594 -0.220364 -0.126538 
 -0.092240 -0.544004 0.122070 
 -0.386055 -0.189579 0.067680 
 0.245216 -0.056707 -0.035013 
 0.187759 -0.746560 0.015293 
 -0.288711 0.100853 -0.050257 
 0.100133 -0.221426 -0.149765 
 -0.151834 -0.174557 -0.098678 
 -0.215490 0.101115 -0.102517 
 -0.221773 -0.351138 0.021550 
 -0.070795 0.292736 0.000378 
 -0.054799 -0.149975 -0.183748 
 -0.403858 -0.070732 0.030806 
 -0.454842 -0.093813 0.063121 
 -0.151836 -0.174557 -0.098775 
 0.220826 -0.869948 -0.017240 
 -0.122335 -0.301763 -0.062583 
 -0.215453 -0.257977 -0.035057 
 -0.040650 -0.312920 -0.091469 
 0.087055 -0.301111 -0.139557 
 -0.464054 0.011861 0.062823 
 0.014348 -0.038182 -0.178246 
 -0.478528 0.070155 0.096475 
 -0.204677 -0.290482 -0.034334 
 0.268158 0.642017 0.002836 
 0.025691 -0.073215 -0.190259 
 -0.046332 0.383997 0.002893 
 -0.276346 0.111954 -0.072329 
 -0.106427 -0.220407 -0.108760 
 0.235009 -0.136066 -0.047763 
 0.175544 0.575138 -0.003122 
 -0.479706 0.162813 0.119765 
 0.349707 0.136887 0.111186 
 -0.155519 0.132476 -0.133109 
 -0.306275 -0.317055 0.072903 
 0.013553 0.462796 -0.017364 
 0.256582 0.630067 0.003011 
 0.108155 -0.324638 -0.115135 
 0.211510 0.678511 -0.000074 
 -0.562439 0.212883 0.228816 
 0.100180 0.163148 -0.009882 
 0.223672 0.711584 0.000937 
 -0.302598 -0.116458 -0.052415 
 0.154103 -0.302250 -0.134623 
 0.199612 -0.191877 -0.073452 
 -0.244069 -0.303909 0.020175 
 0.408196 0.751653 -0.019953 
 -0.299712 0.158433 -0.039537 
 0.152785 0.551180 -0.016370 
 0.010636 -0.197033 -0.179065 
 0.213072 0.301497 0.101934 
 0.070737 -0.636310 0.086958 
 0.094221 -0.523033 0.123430 
 0.026496 -0.473799 0.095910 
 0.122742 0.420549 0.095801 
 0.003141 0.039353 -0.156523 
 0.382625 -0.037985 0.032440 
 -0.006265 0.028422 -0.179537 
 0.367177 -0.118031 0.065644 
 0.268221 -0.624759 0.079141 
 -0.229193 0.248749 -0.046955 
 -0.044770 0.086096 -0.101620 
 -0.272588 0.309683 0.068072 
 0.111437 0.430916 0.095871 
 0.145922 0.301479 0.051039 
 0.223663 0.642841 0.000555 
 0.024683 0.521128 0.006639 
 -0.588567 0.176682 0.145993 
 0.333723 -0.942669 0.002183 
 -0.528857 -0.000154 0.115876 
 0.010068 0.210783 -0.028174 
 -0.549070 0.224030 0.217479 
 -0.029728 0.051232 -0.158178 
 0.025674 0.038972 -0.152880 
 -0.335442 0.100328 -0.042335 
 0.110292 -0.233311 -0.148991 
 0.111412 0.151492 -0.010086 
 0.048405 0.566725 0.010763 
 -0.153852 -0.003065 -0.167501 
 -0.454351 0.045579 0.086608 
 0.023690 0.382342 -0.015742 
 -0.400233 -0.200068 0.091702 
 0.245855 -0.079498 -0.035849 
 -0.351588 -0.047534 -0.021142 
 0.187635 -0.568692 0.096472 
 -0.099207 0.120199 -0.128210 
 0.032594 0.302498 0.008271 
 -0.327236 0.044841 -0.018981 
 -0.356852 0.183541 0.071134 
 -0.592891 0.153347 0.169002 
 0.268184 0.642015 0.004449 
 0.100757 0.255362 0.013081 
 -0.335815 0.253578 0.106461 
 0.045350 0.198396 -0.025757 
 0.255712 -0.858897 -0.014691 
 0.047726 -0.522250 0.119143 
 0.246814 0.709167 -0.008866 
 0.200223 0.220252 0.112116 
 -0.465546 0.034151 0.085729 
 -0.022537 -0.384660 -0.033612 
 0.271611 0.382064 0.152453 
 0.042345 0.267763 0.008985 
 0.290822 -0.737336 0.022877 
 0.088666 0.290614 0.035263 
 -0.096048 -0.232375 -0.094606 
 0.222747 -0.689479 0.018110 
 -0.222800 -0.174425 -0.070876 
 -0.101156 -0.483278 0.087937 
 0.130118 -0.444070 0.161628 
 0.417944 0.020028 0.036957 
 0.300225 -0.186654 0.083126 
 0.359679 -0.060578 0.007693 
 0.280643 -0.681121 0.045262 
 -0.367503 -0.105551 0.010753 
 0.407424 0.123488 0.115339 
 -0.256401 -0.139594 -0.072916 
 0.055491 0.371886 0.032625 
 0.145349 0.185608 0.014736 
 0.271131 0.360076 0.150134 
 -0.030148 -0.060622 -0.193074 
 -0.048436 -0.594208 0.148088 
 -0.185325 -0.139864 -0.102342 
 -0.138703 0.337066 -0.004040 
 -0.173465 0.328957 -0.006599 
 -0.040675 -0.312937 -0.093116 
 -0.061023 -0.421766 0.021987 
 0.123546 0.254970 0.014754 
 -0.156275 0.087170 -0.134124 
 0.157379 0.081903 -0.040733 
 0.429572 0.031329 0.036150 
 -0.538790 0.105066 0.115201 
 0.140917 -0.612461 0.069958 
 0.070218 -0.568989 0.122377 
 0.003362 -0.473413 0.097128 
 0.044881 -0.387648 0.006317 
 -0.300818 -0.070351 -0.074978 
 -0.190328 -0.036678 -0.158698 
 0.163996 -0.725342 0.037082 
 -0.209151 0.365229 0.025331 
 -0.376220 0.000517 0.000245 
 -0.013235 0.349221 0.005227 
 0.199422 -0.646194 0.051055 
 0.153436 0.621007 -0.005023 
 -0.077817 0.487248 -0.021933 
 -0.510882 0.235874 0.198203 
 0.095348 0.564158 -0.009017 
 -0.023436 0.383939 0.003202 
 0.057200 0.117507 -0.082568 
 -0.091315 -0.496607 0.110248 
 0.090794 -0.007623 -0.114983 
 -0.069078 -0.567715 0.123637 
 0.242238 -0.782117 0.019323 
 -0.428728 0.185202 0.100462 
 -0.051452 -0.278627 -0.093364 
 0.326542 0.066795 0.051760 
 -0.035672 -0.217840 -0.148161 
 0.169868 0.162317 0.017577 
 0.132424 0.384691 0.130826 
 0.302167 -0.768514 0.000598 
 0.351295 0.785379 -0.023915 
 -0.095841 0.029097 -0.197498 
 -0.094551 0.385888 0.022432 
 -0.059585 -0.220365 -0.125931 
 -0.007376 -0.038397 -0.191322 
 0.245796 -0.646003 0.043081 
 -0.114902 -0.520061 0.109078 
 0.110389 0.384487 0.094774 
 -0.122332 -0.301949 -0.062913 
 -0.042691 0.474728 -0.030938 
 -0.059283 -0.626281 0.123559 
 -0.603340 0.165611 0.168191 
 -0.206025 -0.093749 -0.114143 
 -0.324928 0.021226 -0.041931 
 -0.585676 0.236668 0.227217 
 0.045318 -0.209225 -0.176692 
 0.070436 -0.006966 -0.139658 
 0.090643 0.083023 -0.081355 
 0.070188 0.450349 -0.011283 
 0.327277 0.743345 -0.002027 
 0.070921 -0.590013 0.099363 
 -0.065498 -0.471511 0.076712 
 -0.209164 -0.338617 0.011033 
 0.141245 -0.725994 0.046422 
 -0.256817 -0.161236 -0.072140 
 0.078096 -0.108908 -0.139345 
 0.429018 -0.015294 0.012937 
 -0.047886 -0.409530 -0.000477 
 0.223946 0.734509 0.001497 
 -0.000646 0.290363 -0.017140 
 0.222568 0.223054 0.136740 
 -0.284749 0.274864 0.065486 
 -0.001356 -0.637413 0.128369 
 0.292421 0.640921 -0.005918 
 -0.071062 0.292723 0.000740 
 0.002633 0.129819 -0.121898 
 0.178300 -0.234902 -0.132631 
 0.054587 0.233143 0.009616 
 -0.111543 -0.335576 -0.062262 
 -0.058123 -0.556300 0.124560 
 0.098885 -0.267392 -0.138023 
 -0.188676 0.341656 0.026920 
 0.093792 -0.703931 0.066095 
 0.088689 -0.232889 -0.152196 
 0.222401 -0.668237 0.041151 
 -0.176793 -0.195638 -0.077934 
 0.356456 -0.804687 0.004617 
 -0.089922 0.430127 -0.024471 
 0.073352 -0.314316 -0.094249 
 0.010452 -0.674105 0.117586 
 0.179589 -0.054803 -0.085531 
 -0.266020 -0.256937 0.007283 
 0.117035 -0.545474 0.125889 
 -0.586065 0.212966 0.227121 
 -0.073759 -0.255179 -0.093646 
 0.396396 0.135789 0.091595 
 0.140483 -0.702961 0.046562 
 -0.189891 -0.412939 0.046598 
 0.257476 -0.680743 0.043590 
 -0.259129 -0.186492 -0.049435 
 -0.035398 0.348564 0.003544 
 0.087929 0.313960 0.046917 
 0.070722 -0.635725 0.087672 
 0.082837 -0.669412 0.065437 
 -0.348778 0.067474 -0.020547 
 0.212325 0.723235 0.000732 
 0.202455 0.290343 0.078100 
 -0.000910 -0.615592 0.128058 
 -0.288663 0.170359 -0.038633 
 0.168728 -0.018633 -0.086480 
 0.268773 0.011190 0.001405 
 0.312497 0.663293 -0.004083 
 0.358435 -0.827483 0.004458 
 0.175319 -0.737540 0.037432 
 -0.288895 0.009313 -0.050919 
 -0.356538 -0.140435 0.012588 
 -0.083522 -0.003851 -0.196885 
 -0.327176 0.044048 -0.017497 
 -0.313849 0.034388 -0.041026 
 -0.181175 0.224478 -0.078335 
 0.045880 -0.208766 -0.176700 
 -0.046066 0.268434 -0.032031 
 -0.192534 -0.059513 -0.134277 
 0.014322 -0.084263 -0.189802 
 0.129207 -0.714290 0.045645 
 -0.226046 0.179316 -0.102916 
 0.145869 -0.042870 -0.088256 
 -0.168542 0.030761 -0.156669 
 0.117126 0.472549 -0.007843 
 0.034814 -0.603615 0.120852 
 0.117520 -0.432226 0.159776 
 0.168958 0.277734 0.041217 
 0.234447 0.255405 0.137773 
 -0.367480 0.171986 0.059679 
 -0.436111 0.010910 0.030296 
 -0.147215 0.212498 -0.074341 
 0.291129 -0.624692 0.057899 
 0.153319 -0.645423 0.047700 
 0.199792 -0.534320 0.097499 
 -0.463133 -0.012130 0.051165 
 -0.273924 0.332816 0.066664 
 -0.392622 -0.059379 0.033315 
 0.072473 -0.453398 0.134427 
 0.337585 0.663814 0.009020 
 0.047006 -0.569220 0.120683 
 0.116783 -0.479319 0.160608 
 -0.144681 0.098309 -0.131845 
 -0.211607 -0.386469 0.045028 
 -0.239255 0.032368 -0.104534 
 0.430854 0.773137 -0.028927 
 0.168415 0.325233 0.075760 
 0.070185 0.427436 -0.012119 
 0.372340 0.021497 0.008957 
 -0.124089 0.234924 -0.072327 
 -0.383932 0.302857 0.127308 
 -0.465830 0.058516 0.085864 
 0.118367 -0.611040 0.068269 
 0.068226 -0.074678 -0.140000 
 0.167347 0.024495 -0.017503 
 -0.337384 -0.013000 -0.042842 
 0.077666 0.256597 0.011413 
 0.130677 0.529105 -0.018173 
 0.112028 -0.030944 -0.090671 
 0.429576 0.031334 0.036426 
 0.130179 -0.601382 0.069168 
 0.384360 0.755872 0.012848 
 0.417939 0.020029 0.036646 
 0.303464 0.184349 0.142475 
 0.248009 0.360468 0.150636 
 0.145511 -0.199994 -0.147134 
 -0.098845 0.142853 -0.128785 
 0.211978 0.232099 0.112675 
 -0.019911 -0.472325 0.081798 
 -0.157383 0.247202 -0.063349 
 0.081450 -0.579412 0.100288 
 0.267919 0.011151 0.001418 
 -0.120543 -0.434340 0.051518 
 0.088973 0.173779 -0.011084 
 0.128257 -0.579321 0.092214 
 0.350255 0.252633 0.203614 
 0.034800 -0.603703 0.119651 
 0.118508 -0.500092 0.126123 
 -0.058386 0.350026 0.001531 
 0.178797 -0.077859 -0.074503 
 -0.356592 -0.139267 0.012591 
 -0.272479 0.379716 0.078373 
 0.111803 0.059840 -0.078719 
 0.045017 0.359524 0.009454 
 -0.158267 0.224099 -0.074875 
 0.113312 0.059910 -0.078743 
 -0.171597 0.098635 -0.110602 
 0.022387 -0.591812 0.118882 
 -0.102336 0.465759 0.000513 
 0.301538 -0.116450 0.003225 
 0.407027 0.100619 0.115216 
 -0.476181 -0.023672 0.061444 
 -0.314509 -0.257467 0.039386 
 0.268169 0.642016 0.003528 
 -0.007469 -0.106528 -0.180268 
 0.064773 -0.210035 -0.152137 
 0.222317 -0.755911 -0.005174 
 -0.075113 0.210084 -0.126306 
 0.005387 -0.050293 -0.190593 
 0.210508 0.185363 0.135702 
 -0.099620 0.098377 -0.128549 
 0.245837 -0.623658 0.054532 
 -0.095532 -0.300538 -0.095566 
 0.407968 0.774467 -0.020946 
 0.111403 0.431365 0.095017 
 0.012704 -0.533318 0.118369 
 -0.010593 -0.531730 0.116639 
 0.164851 -0.545029 0.094041 
 0.265477 -0.918354 -0.002695 
 -0.269091 -0.304539 0.042807 
 -0.169199 0.099799 -0.110638 
 0.349135 0.674268 -0.001561 
 0.099430 0.188002 0.012721 
 -0.024546 -0.638535 0.127436 
 0.110275 0.337354 0.071626 
 0.059936 -0.487495 0.121146 
 -0.058425 -0.556298 0.124565 
 -0.001028 -0.661281 0.116412 
 0.003355 -0.474002 0.094910 
 0.142628 -0.291741 -0.112487 
 0.049717 -0.337210 -0.085309 
 -0.038367 -0.243441 -0.125399 
 -0.074100 -0.278667 -0.093769 
 0.290902 -0.080961 -0.008893 
 0.417865 0.089132 0.127488 
 -0.271332 0.262767 0.044459 
 0.464793 0.761160 -0.026227 
 -0.243416 -0.105286 -0.080536 
 0.189751 -0.223721 -0.131575 
 0.087439 -0.278776 -0.139437 
 0.141991 -0.632480 0.046925 
 -0.208925 0.342171 0.025199 
 -0.337473 0.009910 -0.042811 
 -0.156129 -0.025714 -0.167591 
 -0.201367 -0.398475 0.045825 
 0.032549 -0.398983 0.005426 
 -0.240008 -0.013805 -0.107202 
 -0.357166 0.370913 0.106558 
 0.232764 -0.204542 -0.047847 
 0.077678 -0.221425 -0.149516 
 0.024523 -0.073271 -0.189034 
 0.187659 -0.613209 0.072499 
 -0.376865 -0.048050 -0.000005 
 0.234638 0.138499 0.078917 
 -0.570663 0.176815 0.194310 
 0.223670 0.126036 0.055991 
 -0.315352 -0.082165 -0.041643 
 0.141085 -0.314448 -0.112588 
 0.047187 -0.073814 -0.175971 
 0.393512 -0.071559 0.035455 
 -0.158350 0.223028 -0.074875 
 -0.294737 0.216882 0.041500 
 0.056992 -0.108239 -0.152905 
 -0.314193 0.010729 -0.041150 
 0.280878 0.022566 0.002291 
 0.076919 0.163515 -0.011969 
 -0.034323 0.418620 0.003381 
 0.066097 0.243407 0.010513 
 0.056633 -0.130801 -0.152318 
 -0.137193 -0.360456 -0.029767 
 0.245600 0.220383 0.149895 
 -0.281186 -0.315931 0.040373 
 -0.209141 -0.338565 0.012702 
 -0.130890 -0.003285 -0.188259 
 0.175238 0.528286 -0.014438 
 -0.202973 -0.244189 -0.044374 
 -0.007910 -0.061426 -0.191439 
 -0.011557 -0.557619 0.127949 
 0.280221 -0.791709 -0.001211 
 0.121626 -0.133353 -0.091297 
 -0.036953 -0.243377 -0.125421 
 -0.239169 0.030489 -0.104538 
 -0.578160 0.093439 0.146751 
 -0.033790 0.534810 0.029705 
 -0.187052 -0.186028 -0.078720 
 0.005366 -0.313172 -0.100444 
 0.059514 0.438605 -0.024519 
 -0.116526 0.269939 -0.025573 
 0.093450 0.449981 -0.009213 
 0.221672 0.573319 -0.010766 
 0.082010 -0.557788 0.121284 
 0.475912 0.752851 0.019510 
 0.026503 0.017640 -0.177132 
 0.087678 -0.278486 -0.139440 
 -0.001934 -0.661324 0.116817 
 -0.389847 0.079532 0.032304 
 0.405499 -0.037258 0.033630 
 -0.068083 -0.496997 0.111415 
 -0.380747 -0.071123 0.034086 
 -0.209886 0.318692 0.013133 
 0.178681 0.242877 0.076169 
 0.453020 0.753598 0.017515 
 0.055264 -0.400599 0.029976 
 -0.310302 0.322500 0.098287 
 -0.168159 -0.059522 -0.156290 
 0.394640 0.674305 0.013252 
 0.187495 -0.790807 -0.007857 
 -0.023070 0.407650 0.004688 
 0.408718 0.751677 -0.019961 
 0.024142 -0.545399 0.119113 
 -0.131893 -0.048294 -0.188931 
 0.280237 0.068403 0.059880 
 0.045165 0.153153 -0.060319 
 0.102294 0.003513 -0.112976 
 0.080780 0.004425 -0.138760 
 0.036012 -0.373578 -0.051661 
 -0.017936 -0.313909 -0.089818 
 0.266878 -0.824367 -0.002203 
 -0.515820 0.080802 0.116776 
 -0.239210 0.031683 -0.103664 
 -0.150655 0.420737 0.018414 
 -0.079875 -0.508454 0.111712 
 0.073192 0.611234 -0.010438 
 0.339581 0.731754 -0.002104 
 -0.055913 0.096847 -0.104870 
 -0.252016 -0.267705 -0.013838 
 0.077738 -0.221418 -0.151406 
 -0.416806 -0.013506 0.054672 
 0.145468 -0.198784 -0.146365 
 0.222806 -0.623127 0.052855 
 0.199939 0.573754 -0.012938 
 -0.155529 0.132914 -0.132485 
 -0.001242 0.337566 0.005694 
 -0.087359 0.154080 -0.127428 
 0.234076 0.160723 0.114339 
 -0.218221 -0.302769 -0.013897 
 0.245745 0.663927 0.002359 
 -0.037378 -0.243396 -0.125329 
 0.187558 0.608965 -0.002370 
 0.117437 0.518392 -0.007996 
 -0.162124 0.317268 -0.004675 
 -0.245580 -0.173616 -0.071373 
 -0.354750 -0.091868 0.001432 
 -0.421798 0.220255 0.124346 
 -0.076475 -0.105472 -0.186114 
 0.268995 -0.602979 0.079256 
 -0.477802 0.045979 0.096333 
 0.088533 0.313984 0.048327 
 0.223516 0.058707 0.021237 
 -0.521788 0.270477 0.197526 
 -0.046097 -0.384896 -0.023870 
 -0.290668 -0.012018 -0.051016 
 -0.292828 -0.082401 -0.051366 
 0.268594 0.149784 0.116789 
 0.014846 -0.461311 0.084391 
 0.302189 -0.768977 0.000597 
 0.315107 0.243521 0.200997 
 0.178285 -0.234827 -0.133360 
 0.453623 0.772033 -0.027996 
 0.212260 0.069487 0.019184 
 0.327414 0.767178 0.008172 
 -0.147256 0.213452 -0.074102 
 -0.304086 -0.139408 -0.052860 
 -0.127573 -0.531776 0.118420 
 -0.566275 0.105825 0.148826 
 0.372478 0.067166 0.055113 
 -0.477726 0.115928 0.096393 
 -0.057700 -0.396171 -0.023432 
 0.338275 0.195574 0.155135 
 0.164574 -0.570210 0.094781 
 -0.168523 0.075995 -0.133597 
 0.035966 -0.372581 -0.051658 
 0.210721 -0.723967 0.016949 
 0.360537 0.686530 -0.000663 
 -0.072605 -0.232338 -0.104741 
 0.020928 0.291195 0.006690 
 0.136341 0.014273 -0.112349 
 -0.054219 0.165014 -0.102034 
 0.301864 -0.793019 0.000473 
 -0.345826 0.218633 0.095175 
 -0.361005 0.079116 -0.019662 
 0.302929 0.652127 -0.004450 
 0.129909 0.551956 -0.019183 
 0.124906 0.003131 -0.110204 
 0.179413 0.383300 0.099840 
 -0.119141 0.030278 -0.188834 
 0.057562 0.140459 -0.082582 
 0.155900 -0.124531 -0.087856 
 0.326235 -0.000953 0.005502 
 0.199282 0.174185 0.111873 
 0.099760 -0.244359 -0.151159 
 -0.203903 0.225054 -0.078187 
 -0.432610 0.303372 0.158089 
 0.209954 -0.813545 -0.006888 
 0.271114 0.361198 0.152335 
 0.140929 -0.590505 0.092977 
 -0.299559 0.135396 -0.050325 
 -0.577331 0.188197 0.147262 
 0.127993 -0.691279 0.045802 
 -0.417847 0.196630 0.101387 
 0.301405 -0.814161 0.000355 
 -0.392112 -0.059354 0.032542 
 -0.093312 0.315400 -0.000815 
 0.213471 0.301519 0.100420 
 0.270360 0.755756 -0.006460 
 -0.020167 0.497767 -0.018288 
 -0.099209 0.120158 -0.128431 
 0.083214 -0.419921 0.158362 
 0.302235 -0.069622 0.002729 
 0.097041 -0.313632 -0.117660 
 0.244921 -0.713067 0.019664 
 0.116813 -0.523455 0.126020 
 0.156563 0.360514 0.097148 
 -0.406356 0.207660 0.102300 
 0.200159 0.037115 0.019447 
 -0.090096 -0.162469 -0.151984 
 -0.510836 0.234885 0.198201 
 -0.173551 0.422368 0.028151 
 0.044647 0.336362 0.009332 
 -0.617897 0.154010 0.190039 
 0.175613 0.551078 -0.014706 
 0.111228 -0.076375 -0.092017 
 0.087395 0.361691 0.092957 
 0.156881 -0.166674 -0.133656 
 0.326520 0.067535 0.052513 
 0.417814 0.697294 0.003558 
 -0.019670 0.062273 -0.145700 
 -0.042994 -0.117102 -0.182753 
 -0.397424 -0.178400 0.066896 
 -0.476947 -0.069985 0.061546 
 0.179353 0.336698 0.099583 
 0.247896 0.360463 0.150720 
 0.179373 0.336255 0.099582 
 0.002759 0.061890 -0.144205 
 0.153215 -0.600666 0.070852 
 0.209701 0.539159 -0.010916 
 -0.544212 0.247332 0.195663 
 0.202811 0.035306 0.019403 
 -0.360138 0.324184 0.129127 
 -0.109976 -0.267250 -0.073323 
 -0.525802 0.023380 0.092423 
 -0.318444 -0.306587 0.072131 
 0.024867 -0.050948 -0.177483 
 0.302214 -0.069620 0.001412 
 0.024536 -0.522342 0.119236 
 0.234764 0.000319 -0.001163 
 0.465653 0.783992 -0.027113 
 -0.126621 0.281645 -0.024343 
 0.010621 0.325903 0.006756 
 0.334489 -0.850088 0.002682 
 0.385389 0.820500 -0.021232 
 0.200628 0.734873 -0.000598 
 0.337611 0.708781 -0.002200 
 0.279697 -0.680737 0.045278 
 -0.080275 -0.196586 -0.151693 
 -0.441111 -0.082147 0.053489 
 -0.336647 0.032864 -0.043674 
 -0.032025 -0.371795 -0.056643 
 -0.090699 -0.360606 -0.039562 
 -0.086261 0.199312 -0.127193 
 -0.052148 -0.038198 -0.193234 
 -0.190470 0.031131 -0.135505 
 -0.160644 -0.472135 0.105908 
 -0.116028 -0.519570 0.109096 
 -0.139235 0.316887 -0.005834 
 0.187209 0.562586 -0.013812 
 -0.077529 0.487262 -0.022296 
 0.152812 -0.489789 0.140184 
 0.098841 -0.313553 -0.115926 
 0.022772 -0.638362 0.118617 
 -0.208352 -0.162231 -0.102029 
 -0.075373 -0.457813 0.054769 
 -0.152281 0.375761 0.030998 
 0.022785 -0.638362 0.118617 
 0.175734 -0.757877 0.012871 
 -0.166906 -0.036774 -0.168548 
 0.396446 0.762434 -0.020716 
 0.360029 0.124872 0.111984 
 -0.040533 -0.447299 0.057223 
 0.190485 0.001160 -0.004518 
 0.001990 -0.360963 -0.054948 
 -0.062803 -0.004307 -0.194117 
 -0.513047 0.058207 0.093860 
 0.011711 0.233324 -0.028072 
 0.116685 -0.546745 0.125893 
 -0.218200 -0.302771 -0.012537 
 0.257400 -0.632936 0.043850 
 0.223404 0.266458 0.102604 
 0.080046 0.026548 -0.116179 
 -0.495486 0.292531 0.176576 
 0.070381 0.496186 -0.011031 
 0.257574 0.279141 0.173574 
 -0.199123 0.330665 0.026001 
 0.070874 -0.431444 0.157609 
 -0.258103 -0.340301 0.041925 
 -0.371182 0.217081 0.104901 
 -0.065542 0.475637 -0.021176 
 -0.068855 0.267688 -0.033698 
 -0.423138 -0.176372 0.087123 
 -0.250511 -0.399404 0.075525 
 -0.565750 0.060473 0.136035 
 -0.011520 -0.558410 0.127947 
 -0.301736 0.066125 -0.040016 
 0.076496 0.326411 0.069025 
 -0.010988 0.440847 0.005703 
 0.081280 -0.018153 -0.173212 
 0.453361 0.795537 -0.027864 
 0.071704 0.519160 -0.010777 
 0.156801 -0.054428 -0.087488 
 0.271553 0.383404 0.152731 
 -0.395399 0.314600 0.126520 
 0.156811 0.267010 0.051695 
 -0.137454 -0.314126 -0.040921 
 -0.367928 -0.127225 0.011814 
 -0.170606 -0.301505 -0.031960 
 -0.213316 0.167059 -0.113581 
 0.036862 -0.039863 -0.175743 
 -0.108759 -0.070956 -0.199756 
 0.045650 0.359817 0.009445 
 -0.297742 0.380914 0.099417 
 0.361477 0.148130 0.111963 
 0.176315 0.620622 -0.002889 
 0.035275 0.394706 -0.014090 
 -0.284640 0.345020 0.077271 
 0.291099 -0.736799 0.022873 
 0.291629 0.126614 0.106909 
 0.098887 0.373091 0.093197 
 0.395670 0.112729 0.117040 
 0.201286 -0.146303 -0.073226 
 -0.156477 0.177155 -0.109395 
 -0.156051 0.064541 -0.132855 
 -0.190003 -0.013088 -0.158576 
 0.019768 0.291140 0.007437 
 0.303967 -0.633610 0.024262 
 -0.023071 -0.185877 -0.159811 
 0.191315 0.161863 0.019271 
 0.030420 -0.288868 -0.143593 
 -0.012892 0.326261 0.005113 
 -0.009341 0.464358 -0.017058 
 0.395629 0.112733 0.114439 
 -0.276607 0.089121 -0.072452 
 0.082767 -0.419946 0.160678 
 0.129824 0.575528 -0.006231 
 0.391111 -0.118376 0.067308 
 -0.295828 -0.105421 -0.051447 
 0.056722 -0.084659 -0.140879 
 -0.116263 0.316173 -0.002485 
 -0.328060 -0.246554 0.059762 
 -0.221859 -0.174385 -0.069729 
 -0.054644 0.439890 -0.031953 
 0.147084 -0.019898 -0.111525 
 0.123386 0.093898 -0.043998 
 -0.310563 0.346128 0.098421 
 0.268050 -0.692500 0.045680 
 -0.283867 0.391530 0.078289 
 0.371234 -0.047845 0.008463 
 -0.325043 -0.024523 -0.053700 
 -0.373202 -0.176150 0.057445 
 -0.012303 0.279827 -0.018033 
 -0.147976 -0.279567 -0.041576 
 -0.341129 -0.104979 -0.020610 
 0.048065 0.473684 -0.013677 
 0.335829 -0.781285 0.003043 
 0.213844 -0.545685 0.098239 
 -0.565532 0.152802 0.147266 
 -0.340420 -0.057999 -0.020364 
 0.233928 -0.113567 -0.035247 
 0.268170 0.171909 0.151339 
 0.095536 -0.477113 0.135996 
 -0.114712 -0.383485 -0.028222 
 0.089069 -0.210328 -0.151545 
 -0.085254 -0.267118 -0.094534 
 -0.005700 -0.459437 0.059808 
 -0.047158 -0.208473 -0.148918 
 0.082050 -0.488661 0.135112 
 0.223491 0.713146 0.000942 
 0.047945 -0.635907 0.085979 
 -0.258838 0.320441 0.045625 
 0.102257 0.003516 -0.115321 
 0.303907 -0.632309 0.024265 
 0.326287 0.138586 0.120976 
 -0.080875 0.280876 -0.020692 
 0.338165 0.731689 -0.002082 
 -0.010626 0.095962 -0.121945 
 -0.288424 0.032218 -0.050799 
 -0.233294 0.296981 0.011883 
 0.268280 -0.626141 0.078849 
 0.045727 -0.187608 -0.176575 
 0.256755 -0.681490 0.043600 
 0.024792 -0.361572 -0.052428 
 0.231755 0.561625 -0.010467 
 0.302543 0.629242 -0.005129 
 -0.021553 0.475925 0.005046 
 0.134193 0.289867 0.050139 
 0.269461 -0.556703 0.081808 
 -0.551418 0.047025 0.114683 
 -0.372692 0.067944 -0.022203 
 -0.040251 -0.290744 -0.091350 
 -0.052488 0.051598 -0.159812 
 -0.498475 0.246478 0.199114 
 0.007884 0.349546 0.029796 
 0.223090 0.665729 0.000691 
 0.145252 0.093562 -0.018598 
 0.303904 0.302645 0.212075 
 -0.044841 0.087655 -0.101617 
 -0.090665 -0.360767 -0.037865 
 0.419993 0.761958 -0.030552 
 -0.328038 -0.246881 0.060188 
 0.087804 0.337773 0.068930 
 0.190830 -0.043792 -0.073497 
 0.392324 -0.118120 0.067289 
 -0.123005 -0.105215 -0.165024 
 -0.095996 -0.233712 -0.095182 
 0.083162 0.484599 -0.010283 
 -0.216071 0.190826 -0.079194 
 -0.264783 0.031896 -0.071946 
 -0.093685 -0.588956 0.121835 
 0.301841 -0.792153 0.001535 
 -0.076207 0.051926 -0.151179 
 -0.074507 -0.300993 -0.094827 
 -0.415046 0.196758 0.101343 
 -0.320952 0.380644 0.097748 
 -0.013787 -0.265428 -0.146763 
 -0.350090 0.090390 -0.020399 
 -0.138077 0.385864 -0.003754 
 0.065560 0.244415 0.010523 
 0.211935 0.700386 0.000045 
 -0.246488 0.354981 0.045603 
 0.145560 0.255068 0.037748 
 -0.388972 -0.012825 0.012087 
 -0.077387 0.075100 -0.127024 
 0.324823 -0.748896 0.025326 
 0.014657 -0.016990 -0.178128 
 0.066081 0.313398 0.033778 
 -0.294657 -0.197219 -0.040697 
 0.291257 0.149589 0.141818 
 -0.514704 0.104761 0.094145 
 -0.150589 0.305594 -0.005055 
 -0.290381 0.193685 -0.015683 
 0.291311 0.148271 0.141441 
 -0.098401 0.075993 -0.151531 
 -0.234587 0.273047 0.023178 
 -0.112748 0.454515 -0.001773 
 -0.264971 0.031888 -0.072372 
 -0.138696 -0.495869 0.107523 
 -0.239174 0.030595 -0.104538 
 0.118141 -0.679474 0.045002 
 -0.257733 -0.316926 0.042048 
 -0.337736 -0.036481 -0.043063 
 -0.101623 0.465795 -0.000869 
 0.049111 0.473730 -0.012850 
 0.211997 0.231791 0.113022 
 -0.213339 0.167654 -0.113319 
 0.156551 0.081865 -0.040927 
 -0.333866 0.346924 0.108123 
 -0.357152 0.370630 0.106606 
 0.304887 0.767577 0.007069 
 0.325991 0.208130 0.201245 
 -0.318510 -0.305277 0.071770 
 0.245881 -0.079500 -0.034184 
 -0.058376 0.349941 0.001875 
 0.165416 0.655214 -0.005331 
 -0.221188 0.330480 0.012902 
 -0.130911 -0.003283 -0.189579 
 0.109030 0.290107 0.037050 
 0.415745 -0.073331 0.116213 
 0.002980 0.522686 -0.015918 
 0.155478 0.127731 -0.006306 
 0.417912 0.020137 0.035253 
 0.003084 0.520434 -0.015923 
 0.010935 0.393929 -0.015735 
 0.152461 0.643875 -0.004403 
 -0.076396 -0.324824 -0.071249 
 -0.074765 0.210450 -0.126311 
 0.158626 0.430673 0.109827 
 0.129000 -0.443892 0.161646 
 -0.228955 -0.291058 -0.013241 
 0.155800 -0.122353 -0.087851 
 0.055850 0.395582 0.033372 
 -0.137406 -0.383352 -0.029891 
 -0.138080 0.385864 -0.003979 
 -0.265358 0.191635 -0.036848 
 -0.258116 -0.340033 0.041925 
 0.100328 0.140129 -0.021414 
 0.045005 0.359788 0.009413 
 0.036816 0.485652 -0.013606 
 -0.099619 0.097549 -0.130936 
 -0.153836 -0.003065 -0.167502 
 0.291415 0.079659 0.083517 
 -0.251620 -0.244714 -0.012493 
 -0.058048 0.280496 -0.021820 
 0.235198 0.722597 0.001832 
 0.267420 0.596154 0.003493 
 0.313065 -0.803809 0.000908 
 -0.023947 0.268996 -0.018925 
 0.339022 0.290491 0.202955 
 0.314885 0.267212 0.212600 
 0.094280 -0.500486 0.135886 
 0.187581 0.608963 -0.000930 
 0.246090 0.034900 0.022785 
 0.234288 -0.090727 -0.036097 
 0.338285 0.149537 0.110406 
 -0.181814 -0.290865 -0.033205 
 0.054480 0.163337 -0.059396 
 0.001651 0.129772 -0.120948 
 -0.009104 -0.107378 -0.180243 
 0.070675 -0.028808 -0.174102 
 0.133245 0.197256 0.015297 
 -0.087783 0.176607 -0.127295 
 -0.419433 0.220363 0.124309 
 0.326233 0.652553 0.008123 
 0.144487 0.047953 -0.019039 
 -0.057592 0.396008 0.004255 
 -0.058149 -0.556282 0.122979 
 0.292111 -0.580232 0.079821 
 0.032058 -0.696876 0.119176 
 -0.055938 -0.484108 0.090646 
 0.223508 0.011982 -0.002411 
 -0.037745 -0.266051 -0.125145 
 0.300692 -0.860945 -0.000036 
 -0.207085 -0.093798 -0.114127 
 0.082962 -0.603171 0.088695 
 0.297525 -0.186778 0.083168 
 0.088441 0.315498 0.046911 
 0.106922 0.575915 -0.009874 
 -0.592135 0.129197 0.168858 
 -0.316670 -0.150968 -0.042004 
 -0.522031 0.270517 0.197530 
 -0.333188 -0.186580 0.001680 
 0.134170 0.195599 0.015280 
 -0.122386 -0.300776 -0.062910 
 0.026202 -0.028405 -0.177378 
 -0.133860 -0.093734 -0.166324 
 0.068947 -0.729160 0.087182 
 -0.479395 0.069221 0.096487 
 0.245649 -0.602603 0.077578 
 0.244896 0.196946 0.138315 
 -0.265388 0.192229 -0.037041 
 -0.069203 -0.162922 -0.150317 
 0.044271 0.245295 -0.014047 
 0.351163 0.766833 0.010393 
 -0.540312 0.011178 0.114705 
 -0.209878 0.365196 0.025342 
 0.429236 0.007440 0.036025 
 0.112494 -0.188122 -0.148775 
 -0.065891 0.451855 -0.032725 
 -0.088476 0.086029 -0.128138 
 -0.328110 -0.245323 0.060192 
 0.010181 0.208330 -0.028179 
 0.374296 0.786472 -0.022257 
 0.122689 0.211728 0.014515 
 0.278379 -0.115113 0.001565 
 0.291156 0.266746 0.233832 
 -0.054008 -0.105851 -0.182769 
 -0.577801 0.117766 0.147563 
 -0.341683 -0.105237 -0.020602 
 0.067498 0.383234 0.034142 
 0.233179 0.561691 -0.010489 
 -0.096406 -0.255667 -0.095301 
 0.189561 0.256000 0.099997 
 -0.192574 -0.059509 -0.136868 
 0.219743 -0.239020 -0.037646 
 0.012766 0.142701 -0.097192 
 0.045026 0.359786 0.010793 
 -0.116813 -0.163428 -0.108698 
 0.118722 0.563594 -0.017082 
 -0.263825 0.100402 -0.070652 
 -0.195074 -0.326124 -0.010918 
 0.303581 0.279718 0.234744 
 0.234262 0.115351 0.079063 
 -0.411654 0.010650 0.008249 
 -0.147226 0.212804 -0.074104 
 0.037213 -0.017361 -0.176817 
 0.011453 0.325941 0.006743 
 -0.186184 0.409063 0.027263 
 -0.069957 0.337026 0.000975 
 -0.391698 -0.036210 0.034815 
 -0.000862 -0.616499 0.128487 
 -0.258150 -0.339450 0.041417 
 -0.178858 -0.002802 -0.169101 
 -0.125620 -0.128598 -0.131402 
 0.257684 -0.654972 0.020800 
 0.145533 -0.200204 -0.146368 
 0.036058 0.485304 -0.013595 
 0.324337 -0.815895 0.002019 
 0.281555 0.744117 -0.008014 
 0.164581 -0.612707 0.071631 
 -0.252274 0.043164 -0.082471 
 0.189187 0.232281 0.098825 
 0.312455 -0.058414 0.004387 
 -0.280810 -0.118095 -0.050736 
 0.095898 -0.477096 0.135991 
 -0.155521 0.132476 -0.133241 
 0.145336 0.325229 0.073420 
 0.116049 -0.749101 0.067535 
 0.128821 -0.737376 0.045091 
 0.005593 -0.447038 0.060719 
 0.220815 -0.869792 -0.017472 
 0.211981 0.161251 0.078262 
 -0.047561 0.408198 0.025896 
 0.192431 0.393884 0.077813 
 -0.339436 -0.234756 0.059441 
 0.292911 0.756290 0.005072 
 0.176570 -0.511189 0.105722 
 -0.454160 0.115550 0.098411 
 0.164298 -0.478459 0.141098 
 0.188370 0.255433 0.100014 
 0.050014 -0.427088 0.087108 
 -0.086227 0.040917 -0.185174 
 0.346256 -0.883353 -0.007880 
 0.175595 0.551188 -0.015543 
 -0.302017 0.181946 -0.016581 
 -0.090710 0.453002 -0.022934 
 -0.396427 0.337636 0.149440 
 -0.271738 -0.197602 -0.038914 
 0.007432 -0.266719 -0.122242 
 0.082511 -0.579363 0.100271 
 -0.157524 -0.092252 -0.156532 
 0.260584 0.418136 0.140328 
 0.024084 0.405272 -0.014445 
 0.176658 -0.580002 0.095554 
 0.054252 0.325753 0.033012 
 0.189592 0.255488 0.100493 
 0.255565 -0.182464 -0.034958 
 -0.452991 0.162233 0.098652 
 -0.201418 -0.025065 -0.159727 
 -0.226804 -0.244234 -0.036362 
 -0.322542 0.288747 0.097257 
 -0.156698 0.109958 -0.109769 
 0.209668 0.185872 0.135716 
 0.245899 0.688255 0.002486 
 0.156467 0.243567 0.052845 
 -0.319363 -0.173624 -0.019304 
 0.417842 0.696688 0.003556 
 0.089972 -0.052933 -0.115339 
 -0.043071 -0.359620 -0.068838 
 0.001674 0.152682 -0.099362 
 -0.465765 0.057105 0.085861 
 -0.257843 -0.314516 0.042053 
 0.129184 -0.489414 0.137838 
 -0.087019 -0.116496 -0.186036 
 -0.100650 -0.325017 -0.061363 
 0.190597 0.091299 -0.004012 
 0.001961 0.451519 -0.016185 
 0.280167 0.185543 0.140784 
 -0.246412 -0.328071 0.042580 
 -0.170554 -0.302525 -0.031596 
 -0.069564 -0.544422 0.124037 
 0.166871 -0.132372 -0.087083 
 0.130777 -0.600638 0.069160 
 0.003663 -0.050371 -0.190979 
 0.066218 -0.232513 -0.151965 
 -0.218170 -0.436210 0.101892 
 -0.191348 -0.232933 -0.042361 
 -0.023796 -0.591869 0.126673 
 -0.006676 0.028403 -0.179530 
 -0.348596 -0.002132 -0.043714 
 0.134464 -0.188526 -0.146738 
 -0.035047 0.372149 0.003666 
 0.198939 -0.601852 0.074222 
 -0.093455 -0.185838 -0.129221 
 0.299530 -0.929736 -0.002505 
 0.417566 0.042674 0.127234 
 0.310855 -0.942343 0.000516 
 0.371178 -0.046590 0.008594 
 0.027477 -0.449858 0.083721 
 -0.127175 -0.395057 -0.029103 
 0.405538 -0.037928 0.034112 
 0.394238 -0.118233 0.067259 
 0.123354 0.301410 0.037906 
 0.060137 0.576302 0.011443 
 -0.417735 0.196635 0.101385 
 0.429373 0.052940 0.128138 
 0.144992 0.162613 0.015869 
 -0.169302 -0.279005 -0.043264 
 -0.183648 -0.093765 -0.135304 
 0.349569 0.042619 0.030360 
 0.176384 -0.645601 0.049378 
 0.257104 0.207224 0.150678 
 0.359216 -0.082048 0.006368 
 0.197936 -0.847149 -0.007326 
 -0.258127 0.366740 0.042781 
 0.047412 -0.006525 -0.152890 
 -0.396091 0.266163 0.126268 
 -0.000471 0.383294 0.006234 
 0.346652 -0.860990 -0.008029 
 0.406131 0.686063 0.014148 
 -0.362535 -0.012854 -0.021432 
 0.021871 0.266550 -0.015597 
 0.271544 0.383405 0.152150 
 0.313830 -0.057477 0.004367 
 0.395928 0.763215 -0.020706 
 0.111206 -0.233057 -0.149005 
 0.234558 0.092160 0.055777 
 -0.347287 0.195282 0.094854 
 -0.009286 0.463177 -0.017001 
 0.234394 0.138486 0.079827 
 -0.013022 -0.220316 -0.145260 
 -0.143795 0.053061 -0.155498 
 -0.370124 0.195691 0.093369 
 -0.405842 0.158801 0.090645 
 -0.154824 0.021528 -0.167358 
 -0.046997 -0.231684 -0.149047 
 -0.140638 0.339795 -0.004005 
 -0.151853 -0.174256 -0.099009 
 0.188515 0.702383 0.021303 
 0.198707 -0.801887 -0.007676 
 0.145214 0.232010 0.039779 
 0.044104 0.385557 0.032476 
 -0.027145 -0.434542 0.035377 
 0.101125 -0.086689 -0.137586 
 0.313068 -0.103123 0.004124 
 0.133358 -0.075663 -0.077805 
 0.292093 0.196368 0.153157 
 0.122437 0.231943 0.014643 
 0.188548 -0.723547 0.015409 
 -0.375107 -0.222965 0.068842 
 0.145232 -0.133167 -0.111587 
 0.052942 -0.266674 -0.141826 
 0.112686 -0.210658 -0.148903 
 0.078882 -0.376756 0.008894 
 -0.186075 0.434049 0.027393 
 -0.034527 0.534781 0.027414 
 0.350321 0.766791 0.012113 
 -0.388992 -0.012823 0.010843 
 0.440483 -0.003348 0.037529 
 -0.183969 -0.313880 -0.032828 
 0.347117 -0.070432 0.006817 
 0.310136 -0.941428 0.000528 
 -0.073022 -0.278197 -0.093785 
 0.325222 0.628317 0.008008 
 -0.133628 0.086105 -0.131082 
 -0.073475 0.029586 -0.196095 
 -0.293705 -0.305134 0.062402 
 0.021237 -0.232355 -0.155564 
 0.246897 0.291070 0.173188 
 -0.023721 0.359396 0.004438 
 -0.000488 0.383553 0.005894 
 -0.097935 0.052688 -0.163084 
 0.373786 0.719734 0.000329 
 0.032211 0.279648 0.008193 
 -0.072195 -0.616246 0.146425 
 -0.297157 -0.220948 -0.017879 
 -0.084882 -0.243940 -0.093202 
 0.153177 -0.558129 0.094000 
 0.381154 -0.106340 0.054976 
 0.132803 -0.255385 -0.136031 
 -0.121119 0.165892 -0.133552 
 0.079228 0.026510 -0.115730 
 0.033503 0.348491 0.008556 
 0.043373 -0.255387 -0.154045 
 0.335176 -0.850055 0.001884 
 0.144540 0.231980 0.039225 
 0.314964 0.033264 0.027795 
 -0.113946 0.477436 -0.001627 
 -0.513573 0.058181 0.094681 
 -0.142735 -0.232428 -0.075640 
 0.290556 -0.780045 -0.000296 
 -0.144012 0.143297 -0.131604 
 0.153040 0.598681 -0.004666 
 -0.346104 0.335437 0.106472 
 0.152264 -0.713640 0.035887 
 0.156791 0.127790 -0.005984 
 0.134201 0.289686 0.050138 
 -0.262519 0.054821 -0.071855 
 0.209681 0.539128 -0.012270 
 -0.395214 -0.106063 0.055868 
 -0.454802 -0.070589 0.063250 
 -0.260492 -0.363769 0.066070 
 0.100672 0.254614 0.013081 
 0.059136 -0.533081 0.121718 
 0.176032 -0.690950 0.036275 
 -0.371612 0.336082 0.128340 
 -0.088743 -0.336426 -0.060604 
 -0.034274 0.141811 -0.100468 
 -0.370733 0.289134 0.105287 
 0.234306 -0.181680 -0.048006 
 -0.075368 -0.457920 0.054769 
 0.291801 0.102806 0.084075 
 -0.137294 0.431241 -0.003547 
 -0.232722 -0.315647 0.022523 
 0.078024 -0.198862 -0.150978 
 -0.019223 -0.471261 0.081789 
 0.036502 -0.062871 -0.176735 
 -0.221410 -0.327686 0.021674 
 0.024963 -0.500020 0.119358 
 0.211934 0.162034 0.077535 
 0.129592 -0.579728 0.092193 
 0.078060 0.278737 0.010119 
 0.267451 -0.894691 -0.002597 
 -0.217769 -0.059531 -0.114773 
 0.141196 0.539516 -0.017265 
 0.395308 0.044582 0.033707 
 0.068863 0.039786 -0.116502 
 -0.389121 -0.211924 0.090372 
 0.117872 -0.725623 0.044750 
 0.044134 0.083693 -0.094993 
 -0.077682 0.165043 -0.126517 
 -0.161571 -0.495461 0.105825 
 0.153630 0.598101 -0.004676 
 -0.371988 0.312495 0.128215 
 -0.405007 0.091347 0.067477 
 -0.233884 -0.164983 -0.070488 
 0.291607 0.010653 0.026438 
 0.328108 0.674736 -0.003253 
 -0.147075 -0.460728 0.083995 
 -0.566031 0.105839 0.147664 
 -0.341591 -0.105233 -0.020603 
 0.168833 0.347563 0.075881 
 0.312773 -0.127853 0.003999 
 0.082504 -0.624711 0.088576 
 -0.019876 -0.313408 -0.089786 
 0.083782 0.553369 -0.009911 
 -0.335056 0.229310 0.096099 
 0.325182 0.629588 0.009142 
 0.430316 0.753647 -0.029766 
 0.190215 -0.157166 -0.085572 
 -0.097839 0.050614 -0.163088 
 0.036438 0.462410 -0.014789 
 0.291668 0.198268 0.153166 
 -0.603345 0.165740 0.168191 
 0.070737 -0.636066 0.087671 
 0.100409 -0.109752 -0.115278 
 -0.019803 0.039709 -0.157400 
 0.291958 -0.580242 0.081068 
 0.453586 0.772845 -0.027994 
 -0.204119 -0.069000 -0.136855 
 0.034175 0.118078 -0.084215 
 -0.127478 0.326511 -0.003263 
 0.094036 0.564580 -0.008995 
 0.119570 0.518490 -0.007626 
 -0.023657 -0.231382 -0.147418 
 0.221988 0.196535 0.148074 
 -0.402712 -0.000889 0.032775 
 0.024561 -0.591713 0.118848 
 0.023370 -0.591865 0.118867 
 -0.053666 -0.325205 -0.070705 
 -0.144775 -0.059714 -0.167089 
 -0.297757 0.380915 0.098488 
 -0.179546 0.155725 -0.111144 
 0.349267 0.114956 0.111065 
 0.178777 -0.077725 -0.075377 
 -0.242673 0.237665 -0.034924 
 -0.308289 0.252246 0.063542 
 -0.204071 0.042612 -0.113416 
 -0.017966 -0.313320 -0.089975 
 0.021943 -0.687283 0.118368 
 0.199612 0.642105 -0.001094 
 0.224596 0.383744 0.137612 
 -0.527433 0.116795 0.116122 
 0.104714 -0.737730 0.066754 
 0.227103 0.383859 0.137572 
 -0.076393 -0.324825 -0.071052 
 -0.216029 0.236670 -0.067290 
 0.441974 0.019697 0.036907 
 -0.140322 -0.163372 -0.098895 
 -0.105706 -0.198013 -0.095843 
 -0.265322 0.190868 -0.036850 
 0.056280 0.348099 0.010075 
 -0.099018 -0.457930 0.053096 
 -0.013085 -0.219379 -0.146522 
 -0.069483 -0.567733 0.123643 
 -0.144040 0.143613 -0.132461 
 -0.304005 -0.141057 -0.052523 
 0.198128 -0.239298 -0.050778 
 0.369315 -0.117934 0.066044 
 -0.097657 -0.083855 -0.198095 
 -0.454448 0.115536 0.098568 
 0.259722 0.371934 0.151555 
 0.327448 -0.702824 0.025540 
 0.234064 -0.656414 0.042051 
 -0.182880 0.248008 -0.042145 
 0.190874 0.161841 0.020289 
 0.089335 -0.030564 -0.092362 
 0.141145 0.540614 -0.017262 
 -0.011271 -0.151677 -0.157602 
 0.143306 0.231923 0.039245 
 -0.134344 0.200762 -0.096193 
 -0.285492 0.228646 0.067010 
 -0.212701 -0.386524 0.046905 
 -0.395252 -0.105227 0.055870 
 -0.565752 0.152790 0.147921 
 0.082523 -0.692477 0.065314 
 -0.341890 -0.151195 -0.021911 
 0.036881 -0.040583 -0.176616 
 0.246635 0.011465 0.022649 
 0.314498 0.011006 0.027676 
 -0.135320 0.247452 -0.073093 
 -0.589194 0.200122 0.146476 
 0.266906 -0.148657 -0.010920 
 -0.192717 0.213263 -0.078058 
 0.036686 -0.349556 -0.062976 
 -0.445696 0.315241 0.157428 
 -0.289020 0.146752 -0.039526 
 -0.215543 -0.255893 -0.034666 
 -0.361869 0.010153 -0.021676 
 0.111402 0.151493 -0.010733 
 -0.034646 0.394613 0.003787 
 0.269290 0.103122 0.058670 
 0.165045 -0.634069 0.046958 
 -0.176605 -0.002699 -0.169136 
 -0.370519 0.195672 0.093655 
 -0.050443 -0.434168 0.033771 
 0.113013 0.059022 -0.078739 
 0.430893 0.772041 -0.029655 
 0.290549 -0.692906 0.046061 
 -0.113708 0.479048 -0.001628 
 0.059534 0.438603 -0.023227 
 -0.107251 0.018914 -0.197170 
 0.166842 -0.245871 -0.133512 
 0.100916 0.140158 -0.021892 
 0.223867 0.290574 0.137105 
 -0.629742 0.166001 0.189020 
 -0.068900 0.407701 0.001517 
 -0.360550 0.301228 0.128512 
 0.134578 0.430528 0.097098 
 0.268156 0.172225 0.151340 
 -0.055671 0.509535 0.002725 
 0.024429 0.038918 -0.154109 
 0.257660 -0.091505 -0.011468 
 0.002924 -0.095157 -0.190804 
 -0.401825 -0.047513 0.032503 
 -0.119471 0.007775 -0.186408 
 -0.213379 0.168433 -0.113578 
 -0.586071 0.213098 0.227094 
 -0.360303 0.301238 0.129001 
 0.247813 0.336787 0.137947 
 -0.297502 0.356798 0.076512 
 0.035504 -0.555783 0.119902 
 0.140134 -0.749111 0.045287 
 0.067222 -0.164835 -0.151924 
 0.054042 0.209615 0.009496 
 0.089561 0.174836 -0.011091 
 0.060026 0.578720 0.011449 
 -0.179488 -0.073597 -0.158063 
 0.091237 0.037617 -0.091973 
 -0.096255 0.007495 -0.197932 
 -0.111286 0.223166 -0.094420 
 0.243690 -0.870179 -0.013616 
 -0.347283 0.090519 -0.020443 
 0.027538 -0.450657 0.085280 
 -0.007176 0.005897 -0.179647 
 0.043322 -0.254286 -0.154043 
 0.166966 0.024476 -0.017136 
 0.064046 0.338128 0.068262 
 0.197488 -0.238206 -0.050767 
 0.291606 0.010653 0.026344 
 0.132907 -0.257659 -0.136036 
 0.013178 -0.371980 -0.053317 
 0.326551 0.115234 0.086431 
 0.071628 0.566353 0.012217 
 -0.317064 -0.281562 0.059988 
 0.291811 0.195142 0.153159 
 -0.028862 -0.434621 0.035404 
 -0.458393 0.233251 0.156027 
 -0.215951 -0.278243 -0.035172 
 -0.477967 0.022666 0.085192 
 0.111547 0.313599 0.049338 
 -0.143503 -0.255256 -0.074999 
 -0.054379 0.440536 -0.031956 
 -0.046710 0.361328 0.003713 
 0.090652 0.083022 -0.080760 
 0.164299 0.586761 -0.003895 
 -0.042782 0.476705 -0.030934 
 -0.006866 -0.061378 -0.191455 
 0.023587 -0.163418 -0.178678 
 0.032318 0.210076 -0.015065 
 0.096179 0.610505 -0.008774 
 0.429850 0.730170 0.004171 
 -0.106354 -0.221527 -0.107376 
 -0.125325 0.234867 -0.072308 
 -0.285581 0.345008 0.077286 
 -0.085302 0.018520 -0.196732 
 -0.193438 -0.082187 -0.136088 
 0.325446 0.090615 0.086318 
 0.080935 -0.716569 0.088086 
 0.097049 -0.313215 -0.115897 
 0.188642 -0.522199 0.096714 
 0.036730 0.027504 -0.152685 
 0.323738 -0.858986 -0.009689 
 -0.163633 0.387500 0.028306 
 -0.065909 0.176539 -0.103604 
 0.310136 -0.941428 0.000528 
 0.231923 -0.793360 0.018405 
 -0.062625 -0.421839 0.021519 
 -0.305694 -0.292763 0.061630 
 0.083041 -0.465301 0.135663 
 0.300293 -0.883348 -0.000010 
 -0.441950 -0.059120 0.066112 
 0.178128 0.014245 -0.016723 
 -0.215846 0.191187 -0.079197 
 0.268832 0.220838 0.151593 
 0.269490 0.220105 0.151581 
 0.211086 -0.700646 0.017214 
 0.222363 -0.689688 0.018115 
 0.117075 -0.590704 0.091301 
 -0.067364 0.108376 -0.103147 
 0.030871 -0.288000 -0.143598 
 0.316092 0.755918 0.007842 
 0.025599 0.496996 -0.013419 
 -0.309206 0.346190 0.098400 
 -0.247984 -0.196242 -0.048660 
 0.394979 0.020417 0.033234 
 0.040746 -0.300850 -0.119952 
 -0.337466 -0.210811 0.036724 
 -0.013430 0.371903 0.028220 
 -0.071771 -0.232299 -0.104972 
 -0.039981 -0.049565 -0.193849 
 -0.189751 0.053801 -0.135390 
 -0.066267 0.475603 -0.020606 
 0.416125 -0.049793 0.092300 
 0.009177 0.348646 0.029774 
 -0.044285 0.106394 -0.101505 
 0.145258 0.093365 -0.018798 
 0.224198 0.711608 0.000929 
 -0.130147 -0.220441 -0.097594 
 -0.040528 -0.447299 0.057565 
 0.167952 0.395096 0.099059 
 -0.179565 0.041689 -0.134614 
 0.361436 0.148128 0.112091 
 -0.265819 0.170573 -0.036966 
 -0.585708 0.237372 0.227220 
 -0.309088 0.390940 0.098654 
 0.082285 -0.465334 0.135238 
 0.279631 -0.068470 -0.009662 
 0.243455 -0.825617 -0.003863 
 -0.189567 0.008073 -0.158460 
 0.058249 -0.557426 0.121600 
 -0.215956 -0.278135 -0.035171 
 0.223557 0.711579 0.000589 
 0.111531 0.220675 0.013276 
 0.156702 0.013471 -0.052651 
 -0.074788 -0.433842 0.032047 
 -0.214206 -0.232952 -0.046350 
 -0.198062 0.422687 0.026498 
 -0.034556 -0.579977 0.126121 
 -0.329890 -0.293464 0.072090 
 0.014038 0.486890 0.007598 
 0.303687 -0.658743 0.024135 
 -0.078598 0.234238 -0.069012 
 -0.395341 0.313348 0.126517 
 -0.152649 -0.397164 0.013589 
 -0.081757 -0.579228 0.124091 
 -0.325775 -0.001439 -0.042045 
 -0.395074 0.172718 0.091573 
 -0.055174 0.143257 -0.102144 
 0.013471 0.532810 0.009990 
 -0.063608 -0.447133 0.055670 
 -0.301693 0.089600 -0.039888 
 -0.121142 -0.278407 -0.074218 
 0.211390 0.138573 0.043772 
 0.185631 -0.270477 -0.040323 
 0.362090 0.777121 -0.000180 
 -0.143981 0.075704 -0.131981 
 0.012081 0.371067 -0.015720 
 -0.183488 0.247947 -0.042135 
 0.141297 -0.679856 0.047254 
 -0.420225 0.220464 0.124321 
 0.089798 0.128728 -0.045183 
 -0.275033 0.112013 -0.071782 
 0.164545 0.514854 -0.038643 
 -0.082390 0.372585 0.023194 
 0.221517 -0.238939 -0.037674 
 -0.213580 -0.209633 -0.046231 
 0.215023 0.418294 0.114009 
 -0.174069 0.398804 0.016118 
 0.072720 0.519207 -0.010940 
 -0.164017 0.364698 0.028701 
 0.145865 0.301479 0.049959 
 0.145893 0.301476 0.051703 
 -0.057236 0.419004 0.002980 
 0.267882 -0.736785 0.021206 
 0.270359 0.755756 -0.006512 
 -0.204259 -0.267555 -0.031591 
 0.187487 -0.790232 -0.006681 
 0.314445 0.665184 -0.004111 
 0.154697 -0.303217 -0.134634 
 0.074087 -0.406570 0.100343 
 -0.253901 -0.048071 -0.084135 
 -0.054007 -0.348016 -0.068697 
 0.223522 0.011981 -0.001562 
 0.212241 0.115575 0.043631 
 -0.269507 -0.327682 0.040385 
 0.222551 0.103863 0.055881 
 -0.099586 0.097546 -0.128825 
 0.067593 -0.366811 0.008117 
 0.324044 -0.092971 0.005027 
 0.060536 -0.624458 0.086871 
 0.179932 -0.032085 -0.087283 
 0.291467 0.663600 0.005692 
 0.349116 -0.001553 0.007168 
 0.081826 0.438708 -0.010147 
 -0.034341 0.280149 -0.019712 
 -0.362932 0.102182 0.001767 
 -0.206332 0.248364 -0.043966 
 0.245985 -0.010790 -0.000390 
 0.256979 0.022709 0.023565 
 -0.217789 -0.127858 -0.103748 
 0.257158 0.045640 0.047220 
 -0.057611 0.396010 0.003017 
 0.024896 0.449724 -0.014625 
 -0.181040 -0.048372 -0.135094 
 0.280422 -0.023245 -0.008592 
 0.429508 0.707265 0.006238 
 0.325900 -0.024777 0.005378 
 -0.251665 -0.244710 -0.015375 
 0.167351 0.047376 -0.016487 
 -0.256370 -0.139968 -0.072022 
 -0.472015 0.292715 0.179000 
 -0.275036 0.112013 -0.072010 
 -0.333789 0.370243 0.108252 
 0.372940 0.020975 0.008947 
 0.001898 0.084657 -0.121204 
 0.293166 -0.624598 0.057867 
 -0.202778 0.178962 -0.101983 
 0.238551 0.418582 0.138616 
 0.025585 0.496997 -0.014343 
 -0.618147 0.153997 0.190739 
 -0.282828 0.298346 0.065586 
 -0.129492 -0.198448 -0.097480 
 0.335182 -0.941713 0.002161 
 -0.168124 -0.060578 -0.157178 
 -0.098433 -0.457903 0.053406 
 0.360016 -0.013495 0.030626 
 0.280242 0.068300 0.059861 
 0.106496 -0.580457 0.090505 
 0.360925 0.709180 -0.000543 
 0.407627 0.751268 -0.019945 
 -0.061987 0.038548 -0.194992 
 0.168821 -0.020540 -0.086142 
 -0.034304 0.418618 0.004565 
 -0.375180 -0.221550 0.068347 
 -0.553091 0.117316 0.137196 
 -0.271349 0.262768 0.043420 
 0.269273 0.103124 0.057609 
 0.045225 0.152228 -0.059240 
 -0.109814 -0.267242 -0.073326 
 -0.229468 -0.002673 -0.103873 
 0.419981 0.808629 -0.030297 
 0.302944 0.651610 -0.005009 
 0.024513 -0.521862 0.119152 
 -0.440459 0.033844 0.064285 
 0.302181 -0.769219 -0.000624 
 0.058522 -0.018879 -0.151970 
 -0.263872 0.101091 -0.071578 
 -0.181154 0.224476 -0.076982 
 0.099970 -0.042729 -0.080107 
 0.256047 0.610586 0.002898 
 -0.296877 0.239851 0.064458 
 0.088728 -0.232892 -0.149723 
 -0.035491 -0.556704 0.126265 
 -0.008779 -0.348790 -0.066291 
 0.036018 -0.130135 -0.188536 
 0.009781 -0.242849 -0.155973 
 -0.359076 0.230651 0.105810 
 0.292719 -0.624619 0.057874 
 -0.109834 0.064506 -0.152412 
 -0.103503 -0.532134 0.121280 
 0.199566 0.643096 -0.001092 
 0.120331 -0.313984 -0.114263 
 0.257979 0.302533 0.175007 
 -0.597656 0.224271 0.226293 
 0.234577 0.068087 0.045058 
 0.292265 -0.643901 0.023367 
 0.145099 -0.221367 -0.146485 
 0.059857 -0.039643 -0.186424 
 0.000851 -0.186937 -0.179845 
 0.178518 -0.166714 -0.109354 
 -0.553940 0.070400 0.136948 
 -0.418954 -0.082580 0.054320 
 -0.370166 0.289982 0.105280 
 0.315018 0.267591 0.212599 
 -0.382717 0.230902 0.104120 
 0.288297 -0.918080 -0.002311 
 -0.077139 0.119986 -0.103933 
 -0.335516 0.101657 -0.043194 
 0.302680 -0.047935 0.003590 
 -0.162373 0.410137 0.017650 
 0.036209 0.416569 -0.013979 
 -0.265387 0.192229 -0.037004 
 -0.203621 -0.049109 -0.136741 
 0.257326 0.653692 0.003128 
 -0.198201 -0.374119 0.011686 
 -0.070788 -0.409807 -0.002150 
 0.372829 0.136335 0.110748 
 0.214603 0.371896 0.102299 
 -0.127557 0.328238 -0.003259 
 0.133065 -0.120228 -0.089498 
 0.235348 0.138530 0.079812 
 0.223181 0.688647 0.000479 
 0.088674 0.290613 0.035777 
 -0.496369 0.269541 0.176460 
 0.348335 -0.046824 0.006926 
 -0.241185 0.215283 -0.046476 
 0.008141 0.302813 0.006668 
 0.337883 0.010059 0.007218 
 -0.109090 -0.093428 -0.197425 
 0.114767 0.014819 -0.137008 
 0.134540 0.313643 0.050263 
 -0.361040 0.079321 -0.021306 
 0.046557 -0.591074 0.120562 
 -0.475800 -0.000432 0.061915 
 0.303708 0.744609 0.006960 
 0.200223 0.035721 0.019444 
 0.025812 -0.028405 -0.177372 
 -0.256749 -0.093968 -0.071762 
 0.371489 0.674676 0.011590 
 0.163323 0.515785 -0.038622 
 -0.168175 0.212509 -0.098478 
 0.337698 0.219850 0.214600 
 -0.009931 -0.061519 -0.191407 
 -0.185882 0.433831 0.027390 
 -0.229546 -0.070866 -0.103340 
 -0.267044 0.215684 -0.013892 
 0.202675 -0.078053 -0.072868 
 -0.253484 -0.025796 -0.082833 
 -0.290285 -0.105167 -0.051534 
 -0.309929 0.346156 0.098831 
 0.094926 -0.634353 0.066463 
 0.200967 0.243695 0.100777 
 -0.270388 -0.174335 -0.050444 
 0.082102 -0.624920 0.088582 
 0.199929 0.713674 0.022983 
 0.235183 0.722852 0.001619 
 -0.294200 -0.306969 0.062407 
 -0.170478 0.235905 -0.064323 
 0.404368 -0.082875 0.068313 
 -0.355053 -0.116602 0.001307 
 0.189043 -0.112060 -0.073849 
 -0.018730 -0.050207 -0.192199 
 -0.502132 -0.000268 0.083022 
 0.049730 -0.337211 -0.084487 
 0.045685 -0.186702 -0.176573 
 0.168437 0.185227 0.017727 
 0.157281 -0.031457 -0.110268 
 -0.449078 -0.000527 0.029413 
 -0.385399 0.349127 0.150882 
 0.309794 -0.151365 0.049788 
 -0.148325 -0.459313 0.084016 
 0.429847 0.730170 0.003985 
 -0.193432 -0.302139 -0.033746 
 -0.259245 0.413935 0.067910 
 -0.322445 0.358377 0.108544 
 -0.032055 0.210221 -0.088358 
 0.141835 0.609407 -0.005440 
 0.212302 0.115444 0.043630 
 0.122706 0.347312 0.072515 
 -0.472358 0.267980 0.178161 
 -0.085226 0.039797 -0.185191 
 -0.114000 0.454456 -0.000933 
 0.244409 0.574995 -0.009588 
 0.188836 0.209068 0.100601 
 -0.205329 0.042472 -0.113397 
 -0.478814 0.069247 0.096478 
 0.156417 -0.234419 -0.134283 
 -0.032114 -0.128734 -0.181993 
 -0.460178 0.304289 0.179207 
 0.234624 0.138500 0.077996 
 -0.045130 0.222161 -0.066580 
 0.071697 0.589334 0.011323 
 -0.586043 0.212964 0.228514 
 -0.265372 0.009750 -0.072063 
 -0.035340 -0.649957 0.125744 
 0.313992 -0.692703 0.047730 
 0.215081 0.417023 0.114006 
 0.202264 0.336879 0.112730 
 -0.370117 0.289160 0.106001 
 0.314452 0.665030 -0.004112 
 0.098916 0.372688 0.093864 
 -0.207632 -0.116737 -0.103454 
 0.166975 -0.134118 -0.085533 
 -0.370125 0.289161 0.105526 
 -0.193568 -0.082193 -0.136086 
 0.221586 -0.802272 -0.005494 
 0.099670 0.419506 0.094772 
 0.295068 0.359711 0.154018 
 0.234512 -0.634285 0.043919 
 -0.380421 0.160952 0.069532 
 -0.147667 -0.325320 -0.041836 
 0.178417 -0.167723 -0.109354 
 -0.025459 -0.615261 0.126813 
 0.315007 0.078423 0.062455 
 0.134123 -0.211090 -0.145024 
 -0.313822 -0.035883 -0.052804 
 0.094919 -0.727326 0.065948 
 0.167714 -0.111383 -0.086972 
 0.407378 0.124485 0.115341 
 0.060826 0.553880 -0.011575 
 -0.064163 -0.094173 -0.195704 
 -0.237464 0.145410 -0.103930 
 -0.370521 -0.152610 0.034498 
 -0.103392 0.304193 -0.023693 
 -0.025625 -0.615269 0.126816 
 -0.421034 0.291097 0.147494 
 -0.313640 0.169966 -0.017479 
 0.269280 -0.642382 0.021699 
 0.133548 0.128066 -0.019434 
 0.280375 0.068306 0.059878 
 0.055145 0.279120 0.009492 
 0.200353 -0.146345 -0.073442 
 0.044114 0.199352 -0.025736 
 -0.370529 -0.152333 0.034814 
 0.157065 0.336609 0.074068 
 0.090582 0.060289 -0.080394 
 0.290671 -0.716502 0.045930 
 0.067573 0.129040 -0.059291 
 -0.204293 -0.267734 -0.034279 
 0.164748 -0.478314 0.141091 
 -0.098809 -0.107064 -0.186785 
 0.178127 0.150489 0.018398 
 0.224623 0.336460 0.137351 
 -0.170159 0.259993 -0.064092 
 0.371671 0.674682 0.012384 
 -0.244833 0.261950 0.022256 
 0.163993 -0.725342 0.036909 
 0.371668 -0.002191 0.031330 
 -0.112786 -0.116945 -0.154476 
 -0.513222 0.151459 0.094381 
 0.152751 0.551934 -0.016369 
 0.210548 0.184506 0.135700 
 -0.012938 -0.197392 -0.157828 
 0.235144 -0.634252 0.042161 
 0.104003 0.462297 0.012181 
 -0.196943 -0.128324 -0.102067 
 0.199630 -0.191840 -0.072201 
 -0.090614 -0.139917 -0.152246 
 0.165883 -0.268103 -0.145071 
 -0.426148 -0.024053 0.031732 
 0.135841 -0.008388 -0.111806 
 -0.321912 0.288126 0.097246 
 0.255286 -0.858919 -0.013487 
 -0.160778 0.293691 -0.029220 
 -0.077730 0.141484 -0.103799 
 -0.256401 -0.139594 -0.072918 
 -0.379632 -0.093855 0.011169 
 -0.465536 -0.081967 0.062580 
 0.047592 -0.635719 0.085985 
 -0.031450 0.463039 -0.029730 
 0.277718 -0.858284 -0.001551 
 0.280843 0.022490 -0.000181 
 0.010870 -0.397325 -0.019119 
 -0.406746 0.184468 0.102177 
 0.176408 -0.646132 0.049376 
 0.091106 0.244150 0.012153 
 -0.288974 -0.033928 -0.073961 
 -0.340620 -0.059237 -0.020363 
 0.315323 0.778796 0.007982 
 0.116145 -0.750931 0.068285 
 0.280702 0.699159 0.005041 
 0.012918 0.095739 -0.097449 
 0.034901 0.348555 0.008534 
 0.099167 -0.267377 -0.138560 
 -0.062806 0.040598 -0.194976 
 0.442946 0.742395 0.016926 
 -0.185907 0.434382 0.027391 
 -0.065252 -0.094223 -0.195687 
 0.083211 -0.646185 0.065457 
 0.164229 -0.702293 0.036781 
 0.021461 0.244751 -0.014560 
 0.395941 0.785071 -0.032062 
 -0.088591 0.222548 -0.092888 
 -0.159272 -0.315065 -0.031192 
 -0.578138 0.070815 0.146622 
 -0.339442 -0.234755 0.059062 
 -0.296401 0.333624 0.077732 
 0.175963 -0.624591 0.073924 
 -0.124371 -0.482885 0.083951 
 -0.437667 -0.012292 0.030192 
 -0.199254 0.353428 0.026131 
 -0.137446 0.270114 -0.039465 
 0.326495 0.067817 0.051762 
 -0.019180 -0.472291 0.081535 
 -0.336986 0.147714 -0.020499 
 -0.046399 0.361345 0.002767 
 -0.016910 -0.290077 -0.101605 
 0.111247 -0.233940 -0.149007 
 0.100405 -0.109752 -0.115519 
 -0.150859 0.305580 -0.004699 
 -0.452251 0.022420 0.062619 
 -0.316694 -0.152694 -0.042006 
 -0.266229 -0.104119 -0.084082 
 -0.040481 -0.290202 -0.091345 
 0.313802 0.617583 -0.002705 
 0.396841 0.786597 -0.032074 
 -0.176660 -0.198532 -0.077941 
 0.004118 -0.029641 -0.190451 
 0.123150 0.116706 -0.043239 
 0.303258 0.021957 0.027122 
 -0.000668 0.290999 -0.016695 
 0.164962 0.679540 0.019514 
 -0.429411 0.138402 0.088831 
 0.347799 0.697090 -0.001412 
 0.189571 -0.112036 -0.074022 
 -0.143631 0.165747 -0.131485 
 0.060321 -0.464193 0.121489 
 -0.060328 -0.604746 0.147846 
 0.440892 0.018728 0.036922 
 0.219016 -0.263196 -0.002318 
 0.237280 0.395239 0.138506 
 0.165055 -0.633723 0.048600 
 -0.440117 0.033859 0.064627 
 0.349231 0.674273 -0.001563 
 -0.430415 0.161810 0.100268 
 -0.097459 -0.059916 -0.197970 
 -0.192167 0.076143 -0.112412 
 -0.380416 0.160690 0.069091 
 -0.254762 -0.139520 -0.072047 
 -0.192238 -0.434027 0.069324 
 -0.523201 0.199636 0.196501 
 0.187429 -0.789363 -0.007854 
 0.303389 0.091050 0.084620 
 -0.283371 0.391554 0.077510 
 0.012928 -0.129481 -0.178888 
 0.245659 0.013080 0.022666 
 0.047379 -0.522270 0.120936 
 -0.139408 0.410356 0.019194 
 -0.011120 -0.509670 0.116775 
 -0.073736 -0.255690 -0.093648 
 -0.079995 0.441319 -0.022154 
 0.167841 0.208570 0.040769 
 0.111546 0.313599 0.049250 
 0.166428 0.324748 0.075790 
 0.278668 0.584495 0.004352 
 0.325404 -0.726299 0.025443 
 -0.017776 0.062361 -0.145877 
 0.290775 -0.736304 0.022879 
 -0.242636 0.214520 -0.046454 
 0.234981 0.046113 0.022007 
 -0.393067 0.105287 0.068385 
 0.221348 -0.101794 -0.048366 
 0.100677 0.254489 0.013081 
 -0.488215 0.127832 0.095920 
 0.151903 -0.759263 0.035637 
 0.234180 -0.658932 0.042046 
 0.266964 -0.826228 -0.002208 
 0.464119 0.741933 0.018619 
 0.111610 0.291329 0.037011 
 -0.024096 -0.616922 0.126789 
 0.396900 0.785116 -0.032623 
 0.204402 0.405273 0.079321 
 0.257706 -0.568419 0.078603 
 0.210771 -0.611793 0.052088 
 0.013905 -0.485262 0.095708 
 0.117434 0.518393 -0.008190 
 0.164793 -0.543478 0.094912 
 -0.108017 -0.421667 0.029575 
 0.134449 -0.188326 -0.147127 
 0.034813 -0.603991 0.119651 
 0.072004 0.543707 -0.010799 
 0.278669 0.584495 0.004402 
 -0.168641 0.189759 -0.098731 
 -0.379524 -0.093850 0.011168 
 0.166225 0.231762 0.052374 
 0.303180 0.090394 0.084623 
 0.064705 0.338162 0.066404 
 0.117270 -0.478994 0.160601 
 0.381148 -0.106339 0.054594 
 0.230063 -0.858642 -0.016310 
 -0.286335 0.369536 0.100229 
 -0.395671 0.288753 0.126390 
 -0.048469 -0.593245 0.148826 
 0.179576 0.173613 0.018504 
 -0.121440 0.143410 -0.129956 
 0.121657 -0.133714 -0.090388 
 -0.301403 0.089616 -0.041036 
 -0.142266 -0.015143 -0.189575 
 -0.067072 -0.116987 -0.184363 
 -0.167315 -0.433591 0.048240 
 -0.338481 0.055836 -0.019757 
 -0.042672 0.474313 -0.030939 
 -0.388994 -0.012823 0.010679 
 -0.244059 -0.303910 0.020774 
 -0.465520 0.150732 0.097220 
 -0.005383 -0.301608 -0.100375 
 0.181436 0.266067 0.041893 
 -0.257007 0.366787 0.044811 
 -0.141341 -0.408885 0.014406 
 0.383812 0.055042 0.056407 
 -0.359440 0.230397 0.105816 
 0.188055 -0.633578 0.050279 
 -0.137802 -0.360457 -0.029758 
 -0.154703 0.019436 -0.165774 
 0.325132 -0.070010 0.006093 
 -0.338436 -0.083529 -0.043308 
 -0.463165 -0.011371 0.051302 
 0.246130 0.291031 0.174802 
 -0.367099 -0.082468 0.012509 
 0.384926 0.774835 -0.021478 
 0.314474 -0.035268 -0.007456 
 0.192544 0.371993 0.112050 
 0.129267 -0.490991 0.138490 
 0.145992 0.208610 0.016176 
 0.176334 0.620226 -0.002880 
 0.060433 0.601059 0.011570 
 0.111395 0.151490 -0.009537 
 0.245030 -0.034160 -0.011962 
 -0.290317 -0.013635 -0.051024 
 -0.077958 0.465593 -0.022056 
 -0.074202 -0.015352 -0.195658 
 -0.591633 0.129874 0.168851 
 0.098523 -0.289984 -0.137549 
 0.070679 -0.547396 0.122497 
 -0.218535 -0.436223 0.101898 
 0.014347 -0.084851 -0.189930 
 0.304305 0.232039 0.200066 
 0.338968 0.102076 0.087192 
 0.010100 0.324575 0.006762 
 0.141305 -0.567179 0.093100 
 0.222934 0.126949 0.056003 
 0.314870 0.055167 0.050860 
 0.145896 -0.088467 -0.077063 
 0.070683 -0.569226 0.122370 
 -0.066945 0.106852 -0.103156 
 -0.179230 -0.421849 0.047393 
 0.173304 -0.284871 -0.018380 
 0.345330 -0.931010 0.003077 
 -0.137603 -0.383357 -0.031940 
 0.212771 0.325721 0.135913 
 -0.310108 0.206001 0.074912 
 0.268023 -0.692497 0.043970 
 0.199895 0.714149 0.022204 
 0.024877 -0.498559 0.118155 
 0.013394 0.462784 -0.015391 
 -0.372756 0.069334 -0.022199 
 -0.056024 0.487988 0.002605 
 0.060704 -0.440891 0.121592 
 -0.283638 -0.208888 -0.039804 
 0.326674 0.231814 0.213257 
 0.345682 -0.093849 0.029656 
 -0.132249 0.019537 -0.165721 
 -0.240368 -0.036025 -0.104896 
 0.179049 -0.189645 -0.131711 
 -0.352330 -0.246329 0.069910 
 -0.575151 0.188297 0.147228 
 -0.208316 -0.163379 -0.103084 
 0.044313 0.359756 0.009465 
 -0.055662 -0.128408 -0.183611 
 0.256212 -0.747731 0.020377 
 0.224185 -0.033685 -0.013658 
 -0.322349 0.113000 -0.041462 
 -0.109544 -0.267998 -0.073331 
 0.187623 -0.568628 0.095915 
 -0.030818 0.029364 -0.158285 
 0.079673 -0.063685 -0.139757 
 0.046169 0.404853 -0.013187 
 -0.144757 -0.059716 -0.165887 
 -0.203937 0.225782 -0.078185 
 0.280485 0.700600 0.005047 
 0.382565 -0.036873 0.031860 
 -0.060366 -0.604145 0.147180 
 -0.490165 -0.012090 0.083946 
 -0.253153 -0.002455 -0.083919 
 0.347535 -0.792921 0.003808 
 -0.138608 0.385839 -0.003781 
 0.134274 0.197303 0.015281 
 -0.019547 0.084943 -0.122868 
 -0.227788 -0.026366 -0.115431 
 -0.070428 0.315731 -0.000136 
 -0.045704 0.432747 0.003143 
 0.100840 -0.019196 -0.091436 
 0.046823 -0.682339 0.084725 
 -0.158779 0.201286 -0.075394 
 -0.073753 -0.255501 -0.094180 
 0.257700 0.699534 0.004569 
 0.270329 0.126561 0.105193 
 -0.193918 0.259659 -0.042920 
 -0.139381 -0.543250 0.118683 
 -0.034877 -0.556673 0.124719 
 0.061641 0.553787 -0.011588 
 0.176578 -0.757842 0.014390 
 -0.264614 0.054728 -0.073306 
 -0.168523 0.189166 -0.098734 
 0.291474 0.243904 0.198664 
 -0.010888 -0.129664 -0.158247 
 -0.371626 0.336514 0.128714 
 0.101127 0.003462 -0.114199 
 -0.238329 -0.257481 -0.036722 
 0.232408 -0.227352 -0.046755 
 0.291400 0.079661 0.082576 
 -0.175346 -0.371493 0.013367 
 -0.199101 0.330365 0.026545 
 0.257463 -0.068273 -0.032919 
 0.303272 0.067806 0.061557 
 -0.154333 -0.220690 -0.076401 
 -0.277822 0.065550 -0.049764 
 0.074614 -0.404831 0.100338 
 -0.286458 0.228605 0.065255 
 0.174498 -0.580102 0.095588 
 -0.029766 -0.038572 -0.193319 
 0.232468 -0.792120 0.018399 
 -0.352416 0.045075 0.002163 
 0.348406 0.652137 0.009465 
 0.179052 -0.189949 -0.132392 
 0.406147 0.685574 0.013748 
 -0.166244 -0.036744 -0.168491 
 -0.229138 0.248064 -0.045465 
 -0.120897 0.007713 -0.187797 
 0.085241 0.599263 -0.009679 
 0.245161 0.173672 0.138726 
 0.338509 0.171856 0.121803 
 -0.247921 -0.197620 -0.048724 
 0.007062 -0.289462 -0.122548 
 -0.297209 0.287148 0.074561 
 0.156266 0.150924 0.016441 
 -0.067474 -0.359868 -0.059049 
 0.069655 0.016874 -0.139518 
 0.441819 0.742343 0.016944 
 0.235604 0.138541 0.079808 
 0.083693 -0.325899 -0.093874 
 -0.009283 0.463177 -0.016782 
 0.202507 0.360111 0.113812 
 0.338236 0.196921 0.156556 
 -0.149239 -0.483437 0.106726 
 0.347523 -0.024585 0.007066 
 -0.245191 -0.151205 -0.071606 
 0.145231 0.093945 -0.018797 
 0.127955 0.483786 -0.006936 
 0.258162 -0.568057 0.078597 
 -0.360206 0.123577 -0.021066 
 0.406164 0.685348 0.014147 
 0.038315 -0.462998 0.097505 
 0.072003 0.542089 -0.010801 
 0.199616 -0.191839 -0.073092 
 -0.189607 0.008634 -0.159394 
 -0.074139 0.029555 -0.195853 
 -0.127932 -0.555111 0.119756 
 0.288333 -0.918084 -0.000011 
 0.361344 0.731147 -0.000424 
 0.093719 0.475135 -0.009497 
 0.314871 0.243512 0.200553 
 0.152290 -0.713639 0.035887 
 0.260881 0.416154 0.140320 
 0.370881 -0.070778 0.009886 
 -0.376116 -0.001762 0.000240 
 0.213506 0.301516 0.102657 
 -0.103427 -0.395957 -0.027452 
 -0.077871 0.464327 -0.020201 
 -0.156686 0.224172 -0.074899 
 -0.502284 0.046314 0.094656 
 0.198963 -0.623147 0.051190 
 0.155865 -0.256589 -0.144739 
 -0.047663 0.315334 0.002530 
 0.121652 0.442257 0.095945 
 -0.349761 0.067429 -0.021012 
 0.246009 0.293141 0.173205 
 -0.165513 -0.209256 -0.077197 
 -0.043625 0.153681 -0.101260 
 -0.033206 0.441646 0.004022 
 -0.180288 0.110207 -0.111405 
 -0.195160 -0.105310 -0.113179 
 -0.163393 -0.384266 -0.008689 
 -0.454178 -0.092996 0.063112 
 0.057735 -0.063026 -0.152207 
 0.225676 0.359604 0.114544 
 -0.478553 0.070692 0.096476 
 0.374375 0.809298 -0.022504 
 -0.031791 0.486494 -0.019183 
 -0.441979 0.173666 0.099575 
 0.222459 0.642221 0.000573 
 0.311610 -0.941360 0.000505 
 0.287940 -0.940990 -0.001148 
 0.164484 -0.568240 0.094868 
 0.189557 -0.111679 -0.073856 
 0.209202 -0.859407 -0.007129 
 -0.215539 -0.255893 -0.034446 
 0.280135 0.089908 0.082938 
 -0.142688 -0.036843 -0.190731 
 -0.418596 0.173282 0.100609 
 -0.175672 -0.395693 0.013243 
 0.158664 -0.031393 -0.110290 
 0.118581 0.587185 -0.006691 
 0.257671 0.068707 0.058195 
 0.218193 -0.287086 0.019402 
 -0.157471 -0.093409 -0.156534 
 0.002749 0.474469 -0.016173 
 0.155767 0.035270 -0.018270 
 0.079342 0.394575 0.035038 
 -0.032442 0.187477 -0.089371 
 0.156783 0.127791 -0.006511 
 -0.211498 -0.186034 -0.068946 
 -0.467683 0.175016 0.120675 
 0.187761 -0.568623 0.096470 
 0.338214 0.055996 0.029589 
 0.037607 0.004715 -0.176376 
 -0.316059 -0.128025 -0.041887 
 -0.030347 0.463090 -0.030185 
 0.245940 0.244661 0.150021 
 0.303369 0.255436 0.199871 
 0.315636 0.663437 -0.004133 
 0.199053 0.197793 0.134918 
 0.165101 0.631543 -0.003654 
 0.145532 0.139449 -0.007558 
 0.111413 0.151491 -0.010023 
 -0.314523 -0.257465 0.038448 
 0.167776 -0.178167 -0.133149 
 0.083208 -0.646185 0.065241 
 0.141735 -0.679835 0.046670 
 -0.454822 0.092202 0.099033 
 0.314458 -0.034755 -0.006984 
 0.199936 0.666100 -0.001150 
 -0.134335 0.200565 -0.096206 
 -0.222883 0.284580 0.024698 
 -0.480439 0.139402 0.119647 
 -0.093126 -0.567360 0.121953 
 -0.093051 -0.185819 -0.129227 
 -0.333875 0.370238 0.108689 
 0.010195 0.256411 -0.016503 
 -0.129902 0.397946 0.019998 
 0.122672 0.139833 -0.008474 
 0.266208 -0.871836 -0.001916 
 -0.228759 -0.002640 -0.103884 
 0.232911 -0.113611 -0.036146 
 -0.042510 0.040078 -0.159035 
 0.430476 0.750330 -0.029317 
 -0.189538 0.007452 -0.158461 
 -0.292099 -0.105250 -0.051586 
 0.145254 0.093562 -0.018452 
 0.156844 -0.165959 -0.133911 
 -0.019111 -0.072417 -0.192318 
 0.358476 -0.827508 0.004457 
 -0.132341 0.064167 -0.154463 
 -0.538407 0.128710 0.115960 
 0.082883 -0.601691 0.087981 
 0.290665 -0.716368 0.045931 
 -0.540155 0.011748 0.114703 
 0.257459 -0.068632 -0.034260 
 0.300322 -0.883979 -0.000011 
 0.198335 0.620199 -0.001200 
 -0.057932 -0.532188 0.113264 
 0.049208 0.542476 -0.012495 
 0.082883 -0.601691 0.087998 
 0.123182 -0.042491 -0.089906 
 -0.088523 0.087169 -0.127786 
 0.237463 0.395247 0.138503 
 -0.301828 -0.001960 -0.051791 
 0.132306 0.387280 0.130832 
 0.145450 0.093572 -0.018801 
 -0.081304 -0.557865 0.122860 
 -0.416901 -0.011454 0.054677 
 0.065855 -0.255364 -0.152405 
 -0.378506 -0.093803 0.011152 
 0.037188 0.508273 -0.014740 
 0.032667 -0.696848 0.119167 
 -0.322420 0.358375 0.110157 
 0.268085 -0.757260 -0.001842 
 0.083386 0.530436 -0.010031 
 0.094982 0.540987 -0.009138 
 0.233733 -0.680391 0.042196 
 0.024004 0.129582 -0.094877 
 -0.271141 0.332944 0.066620 
 0.121077 -0.087984 -0.090126 
 -0.128430 0.305173 -0.003373 
 0.214966 0.394792 0.113880 
 0.141221 0.538964 -0.017266 
 -0.425313 0.020341 0.031210 
 0.222745 -0.689669 0.017467 
 -0.152618 -0.397167 0.015581 
 -0.254283 0.020281 -0.082567 
 -0.221978 -0.174390 -0.069727 
 -0.297273 0.380935 0.099436 
 0.407562 0.752686 -0.019942 
 0.225805 0.356803 0.114538 
 -0.148025 -0.371666 -0.030674 
 0.019743 -0.275495 -0.144357 
 -0.525824 0.023382 0.091045 
 0.026833 -0.005813 -0.187624 
 0.245901 0.665342 0.002359 
 -0.012798 -0.673493 0.115893 
 0.117629 0.587142 -0.007213 
 0.256107 -0.791938 -0.002858 
 -0.020109 0.497769 -0.017711 
 0.013441 0.532813 0.008107 
 -0.168552 -0.082111 -0.157836 
 0.023008 -0.545215 0.119132 
 -0.091307 -0.496560 0.110896 
 -0.362580 -0.011995 -0.021792 
 -0.082449 0.374201 0.024158 
 0.268166 -0.736414 0.021202 
 -0.168176 0.212509 -0.098543 
 -0.578179 0.094279 0.147987 
 0.350167 0.158377 0.111305 
 -0.240603 0.008891 -0.104640 
 0.350095 0.159929 0.111283 
 0.244456 -0.125719 -0.012583 
 0.001217 0.405433 -0.016531 
 0.348993 0.674259 -0.000507 
 0.291623 0.010155 0.026002 
 0.133819 0.290111 0.050145 
 0.303004 0.231977 0.201098 
 0.153116 -0.556442 0.095040 
 0.256708 -0.814269 -0.002995 
 -0.159568 -0.117421 -0.133808 
 0.268888 -0.011862 0.001276 
 0.222104 0.034779 0.055503 
 0.021230 -0.232200 -0.155564 
 0.244344 -0.193331 -0.045775 
 0.114776 0.014888 -0.136237 
 0.244122 0.550036 -0.010082 
 0.336738 -0.058678 0.006031 
 -0.365585 -0.059201 0.000671 
 -0.114779 -0.140227 -0.130635 
 0.145339 0.091590 -0.018802 
 0.417178 -0.025956 0.036014 
 -0.077818 -0.458404 0.054807 
 0.156577 0.360513 0.098079 
 -0.090699 -0.360018 -0.037863 
 -0.076170 0.051922 -0.148840 
 -0.197895 0.397922 0.026363 
 -0.036208 0.303654 0.002962 
 0.146326 0.442158 0.097608 
 -0.479134 0.186217 0.119329 
 -0.426851 -0.000954 0.031108 
 -0.178139 0.019740 -0.157484 
 -0.526927 0.116816 0.117147 
 0.256418 -0.612586 0.055449 
 -0.101591 -0.371836 -0.038769 
 -0.409935 0.326030 0.148551 
 0.384416 0.754750 0.013159 
 -0.135291 -0.116569 -0.154322 
 0.441061 0.718529 0.003607 
 0.157359 0.082270 -0.040939 
 0.001988 -0.118039 -0.179485 
 0.133693 -0.233645 -0.148885 
 0.100876 -0.019971 -0.091437 
 0.198322 -0.824818 -0.008325 
 -0.261641 -0.232962 -0.015454 
 -0.011966 -0.197350 -0.156475 
 -0.537826 0.188321 0.219634 
 -0.252934 -0.117294 -0.106148 
 -0.404742 0.091565 0.067473 
 -0.191775 -0.255828 -0.045717 
 -0.018449 -0.025813 -0.192076 
 -0.277013 0.181061 -0.037741 
 -0.495914 0.269564 0.175536 
 -0.168553 -0.081901 -0.157295 
 -0.440031 0.150441 0.099415 
 0.035344 0.393613 -0.012884 
 