0.326004 0.940205 -0.024637 
 0.311615 0.949967 -0.021400 
 0.317199 0.925636 -0.019834 
 0.302810 0.935399 -0.016597 
 0.342757 0.867210 -0.019937 
 0.328368 0.876973 -0.016700 
 0.313979 0.886736 -0.013464 
 0.348342 0.842879 -0.018370 
 0.333953 0.852642 -0.015134 
 0.315489 0.861489 -0.035137 
 0.301136 0.871228 -0.031908 
 0.286783 0.880966 -0.028680 
 0.268464 0.889716 -0.048715 
 0.254147 0.899430 -0.045495 
 0.239830 0.909144 -0.042274 
 0.356007 0.818950 -0.005191 
 0.339537 0.828310 -0.013567 
 0.325148 0.838073 -0.010331 
 0.306707 0.846957 -0.030346 
 0.292354 0.856696 -0.027117 
 0.278001 0.866434 -0.023889 
 0.263648 0.876173 -0.020661 
 0.245387 0.884934 -0.040716 
 0.231070 0.894648 -0.037495 
 0.347191 0.804363 -0.000381 
 0.330733 0.813742 -0.008764 
 0.316344 0.823505 -0.005528 
 0.297924 0.832425 -0.025555 
 0.283571 0.842164 -0.022326 
 0.269219 0.851902 -0.019098 
 0.254866 0.861641 -0.015870 
 0.236627 0.870439 -0.035937 
 0.222310 0.880153 -0.032717 
 0.336317 0.789410 -0.007198 
 0.321929 0.799173 -0.003961 
 0.303495 0.808155 -0.023992 
 0.285133 0.817088 -0.044039 
 0.270817 0.826802 -0.040818 
 0.256500 0.836516 -0.037598 
 0.242183 0.846230 -0.034378 
 0.227866 0.855944 -0.031158 
 0.213550 0.865657 -0.027938 
 0.337771 0.764408 -0.028886 
 0.323418 0.774146 -0.025658 
 0.309065 0.783885 -0.022429 
 0.294712 0.793623 -0.019201 
 0.276373 0.802593 -0.039260 
 0.262056 0.812306 -0.036040 
 0.247740 0.822020 -0.032819 
 0.233423 0.831734 -0.029599 
 0.219106 0.841448 -0.026379 
 0.204790 0.851162 -0.023159 
 0.328989 0.749876 -0.024095 
 0.314636 0.759614 -0.020867 
 0.296246 0.768669 -0.040921 
 0.281930 0.778383 -0.037701 
 0.267613 0.788097 -0.034481 
 0.253296 0.797811 -0.031261 
 0.238979 0.807525 -0.028040 
 0.224663 0.817239 -0.024820 
 0.210346 0.826953 -0.021600 
 0.196029 0.836667 -0.018380 
 0.181713 0.846381 -0.015160 
 0.334559 0.725605 -0.022533 
 0.316120 0.734746 -0.042583 
 0.301803 0.744460 -0.039363 
 0.287486 0.754174 -0.036142 
 0.273169 0.763888 -0.032922 
 0.258853 0.773602 -0.029702 
 0.244536 0.783316 -0.026482 
 0.230219 0.793030 -0.023261 
 0.212068 0.801974 -0.043377 
 0.201586 0.812457 -0.016821 
 0.187269 0.822171 -0.013601 
 0.172952 0.831885 -0.010381 
 0.321676 0.710537 -0.041024 
 0.307359 0.720251 -0.037804 
 0.293043 0.729965 -0.034584 
 0.278726 0.739678 -0.031363 
 0.264409 0.749392 -0.028143 
 0.246172 0.758447 -0.048247 
 0.235776 0.768820 -0.021703 
 0.217611 0.777826 -0.041822 
 0.203330 0.787515 -0.038610 
 0.189050 0.797205 -0.035398 
 0.174769 0.806894 -0.032186 
 0.160488 0.816583 -0.028974 
 0.327232 0.686328 -0.039465 
 0.312916 0.696041 -0.036245 
 0.298599 0.705755 -0.033025 
 0.284282 0.715469 -0.029805 
 0.269966 0.725183 -0.026584 
 0.255649 0.734897 -0.023364 
 0.237434 0.743988 -0.043480 
 0.223153 0.753678 -0.040268 
 0.208873 0.763367 -0.037056 
 0.194592 0.773056 -0.033843 
 0.184065 0.783466 -0.007263 
 0.169749 0.793180 -0.004043 
 0.155432 0.802894 -0.000823 
 0.314379 0.671393 -0.057986 
 0.304155 0.681546 -0.031466 
 0.289839 0.691260 -0.028246 
 0.275522 0.700974 -0.025026 
 0.257257 0.710151 -0.045137 
 0.246889 0.720401 -0.018585 
 0.228696 0.729529 -0.038713 
 0.214415 0.739219 -0.035501 
 0.200135 0.748908 -0.032289 
 0.185854 0.758597 -0.029077 
 0.175305 0.768971 -0.002484 
 0.160988 0.778685 0.000736 
 0.146672 0.788399 0.003956 
 0.301571 0.656531 -0.076529 
 0.287326 0.666196 -0.073325 
 0.281079 0.676764 -0.023467 
 0.266762 0.686478 -0.020247 
 0.248519 0.695692 -0.040370 
 0.238128 0.705906 -0.013806 
 0.219958 0.715070 -0.033946 
 0.205677 0.724760 -0.030734 
 0.191396 0.734449 -0.027522 
 0.177116 0.744139 -0.024310 
 0.166545 0.754475 0.002295 
 0.152228 0.764189 0.005515 
 0.292855 0.642109 -0.071774 
 0.286635 0.652555 -0.021908 
 0.268342 0.661854 -0.042028 
 0.258002 0.671983 -0.015468 
 0.239781 0.681233 -0.035603 
 0.225500 0.690922 -0.032391 
 0.211219 0.700611 -0.029179 
 0.196939 0.710301 -0.025967 
 0.182658 0.719990 -0.022755 
 0.168378 0.729680 -0.019543 
 0.154097 0.739369 -0.016331 
 0.143468 0.749694 0.010294 
 0.273884 0.637706 -0.040473 
 0.259604 0.647395 -0.037261 
 0.245323 0.657084 -0.034049 
 0.231043 0.666774 -0.030836 
 0.216762 0.676463 -0.027624 
 0.202481 0.686153 -0.024412 
 0.188201 0.695842 -0.021200 
 0.173920 0.705531 -0.017988 
 0.159640 0.715221 -0.014776 
 0.145359 0.724910 -0.011564 
 0.269115 0.623564 -0.012350 
 0.250866 0.632936 -0.032494 
 0.240481 0.642992 -0.005910 
 0.222304 0.652315 -0.026070 
 0.208024 0.662004 -0.022857 
 0.193743 0.671694 -0.019645 
 0.183214 0.681848 0.006971 
 0.168898 0.691561 0.010191 
 0.154581 0.701275 0.013411 
 0.256408 0.608788 -0.030939 
 0.246038 0.618783 -0.004351 
 0.227847 0.628167 -0.024515 
 0.213566 0.637856 -0.021303 
 0.195484 0.647167 -0.041490 
 0.185005 0.657235 -0.014878 
 0.174454 0.667352 0.011750 
 0.156444 0.676614 -0.008454 
 0.142163 0.686303 -0.005242 
 0.251594 0.594573 -0.002793 
 0.237277 0.604287 0.000428 
 0.219109 0.613708 -0.019748 
 0.204828 0.623397 -0.016536 
 0.186768 0.632744 -0.036735 
 0.176267 0.642776 -0.010112 
 0.161986 0.652465 -0.006899 
 0.147706 0.662155 -0.003687 
 0.133425 0.671844 -0.000475 
 0.246736 0.580286 0.025377 
 0.228517 0.589792 0.005207 
 0.214200 0.599506 0.008427 
 0.199884 0.609220 0.011647 
 0.181809 0.618628 -0.008557 
 0.171250 0.628647 0.018088 
 0.156934 0.638361 0.021308 
 0.142617 0.648075 0.024528 
 0.128300 0.657789 0.027748 
 0.113983 0.667503 0.030968 
 0.241833 0.565925 0.053572 
 0.223600 0.575492 0.033397 
 0.205440 0.585010 0.013206 
 0.191123 0.594724 0.016426 
 0.173071 0.604169 -0.003790 
 0.162490 0.614152 0.022866 
 0.148173 0.623866 0.026087 
 0.133857 0.633580 0.029307 
 0.119540 0.643294 0.032527 
 0.105223 0.653008 0.035747 
 0.233029 0.551356 0.058375 
 0.214818 0.560960 0.038188 
 0.200465 0.570698 0.041416 
 0.182363 0.580229 0.021205 
 0.168046 0.589942 0.024425 
 0.153730 0.599656 0.027645 
 0.139413 0.609370 0.030866 
 0.125096 0.619084 0.034086 
 0.114348 0.629129 0.060786 
 0.099996 0.638867 0.064015 
 0.085643 0.648605 0.067243 
 0.224224 0.536788 0.063178 
 0.206036 0.546428 0.042979 
 0.191683 0.556166 0.046207 
 0.173603 0.565733 0.025984 
 0.159286 0.575447 0.029204 
 0.144969 0.585161 0.032424 
 0.134272 0.595120 0.059121 
 0.119919 0.604858 0.062349 
 0.105566 0.614597 0.065577 
 0.091213 0.624335 0.068806 
 0.076860 0.634073 0.072034 
 0.062508 0.643812 0.075262 
 0.215420 0.522219 0.067981 
 0.201031 0.531982 0.071218 
 0.182901 0.541634 0.050998 
 0.168548 0.551373 0.054227 
 0.154195 0.561111 0.057455 
 0.139842 0.570849 0.060683 
 0.125489 0.580588 0.063912 
 0.111137 0.590326 0.067140 
 0.096784 0.600065 0.070368 
 0.082431 0.609803 0.073597 
 0.068078 0.619541 0.076825 
 0.053725 0.629280 0.080053 
 0.208511 0.507663 0.084510 
 0.192227 0.517413 0.076021 
 0.177838 0.527176 0.079257 
 0.163449 0.536939 0.082494 
 0.149060 0.546702 0.085730 
 0.134671 0.556465 0.088967 
 0.120282 0.566228 0.092203 
 0.105893 0.575991 0.095440 
 0.091504 0.585754 0.098676 
 0.077115 0.595516 0.101913 
 0.059296 0.605009 0.081616 
 0.044943 0.614748 0.084844 
 0.197811 0.493082 0.077587 
 0.183422 0.502845 0.080824 
 0.170882 0.512626 0.095800 
 0.156475 0.522401 0.099041 
 0.140255 0.532133 0.090533 
 0.125866 0.541896 0.093770 
 0.111478 0.551659 0.097006 
 0.097089 0.561422 0.100243 
 0.082700 0.571185 0.103479 
 0.068311 0.580948 0.106716 
 0.053922 0.590711 0.109952 
 0.041219 0.600603 0.124965 
 0.026812 0.610378 0.128205 
 0.190880 0.478489 0.094128 
 0.176473 0.488264 0.097369 
 0.162066 0.498040 0.100609 
 0.147659 0.507815 0.103850 
 0.133252 0.517590 0.107090 
 0.118845 0.527365 0.110331 
 0.104438 0.537140 0.113571 
 0.090031 0.546915 0.116812 
 0.075624 0.556690 0.120052 
 0.061218 0.566466 0.123293 
 0.046811 0.576241 0.126533 
 0.032404 0.586016 0.129774 
 0.017997 0.595791 0.133014 
 0.182065 0.463902 0.098937 
 0.167658 0.473677 0.102178 
 0.153251 0.483453 0.105418 
 0.138844 0.493228 0.108659 
 0.124437 0.503003 0.111899 
 0.110030 0.512778 0.115140 
 0.095623 0.522553 0.118380 
 0.081216 0.532328 0.121621 
 0.066809 0.542103 0.124861 
 0.052402 0.551879 0.128102 
 0.041359 0.561814 0.154911 
 0.026916 0.571614 0.158160 
 0.158842 0.459091 0.106987 
 0.144435 0.468866 0.110227 
 0.130028 0.478641 0.113468 
 0.115622 0.488416 0.116708 
 0.101215 0.498191 0.119949 
 0.086808 0.507966 0.123189 
 0.072401 0.517742 0.126430 
 0.057994 0.527517 0.129671 
 0.043587 0.537292 0.132911 
 0.032521 0.547191 0.159732 
 0.018078 0.556990 0.162981 
 -0.010808 0.576589 0.169478 
 -0.025251 0.586389 0.172727 
 0.168115 0.434571 0.132067 
 0.153672 0.444370 0.135315 
 0.135620 0.454279 0.115036 
 0.124786 0.463970 0.141813 
 0.110342 0.473769 0.145061 
 0.095899 0.483569 0.148310 
 0.077992 0.493379 0.127999 
 0.063585 0.503155 0.131239 
 0.049178 0.512930 0.134480 
 0.034771 0.522705 0.137720 
 0.020364 0.532480 0.140961 
 0.009241 0.542367 0.167802 
 -0.005202 0.552166 0.171051 
 -0.019645 0.561966 0.174299 
 -0.034088 0.571766 0.177548 
 0.155619 0.420142 0.113364 
 0.141212 0.429917 0.116605 
 0.126805 0.439692 0.119845 
 0.112398 0.449467 0.123086 
 0.101505 0.459146 0.149883 
 0.087062 0.468946 0.153131 
 0.072619 0.478745 0.156380 
 0.058176 0.488545 0.159629 
 0.043733 0.498344 0.162877 
 0.029289 0.508144 0.166126 
 0.014846 0.517944 0.169374 
 0.000403 0.527743 0.172623 
 -0.014040 0.537543 0.175872 
 -0.028483 0.547343 0.179120 
 -0.042926 0.557142 0.182369 
 0.150440 0.405324 0.141709 
 0.135997 0.415124 0.144958 
 0.117989 0.425105 0.124655 
 0.103582 0.434880 0.127895 
 0.092667 0.444523 0.154704 
 0.078224 0.454322 0.157952 
 0.063781 0.464122 0.161201 
 0.049338 0.473922 0.164450 
 0.034895 0.483721 0.167698 
 0.020452 0.493521 0.170947 
 0.006009 0.503320 0.174196 
 -0.008434 0.513120 0.177444 
 -0.022877 0.522920 0.180693 
 -0.037320 0.532719 0.183942 
 -0.051764 0.542519 0.187190 
 0.141602 0.390700 0.146530 
 0.127159 0.400500 0.149779 
 0.109174 0.410518 0.129464 
 0.098273 0.420099 0.156276 
 0.083830 0.429899 0.159525 
 0.069387 0.439699 0.162774 
 0.054943 0.449498 0.166022 
 0.040500 0.459298 0.169271 
 0.026057 0.469098 0.172519 
 0.011614 0.478897 0.175768 
 -0.006082 0.488720 0.155388 
 -0.020489 0.498495 0.158628 
 -0.031715 0.508296 0.185514 
 -0.046158 0.518096 0.188763 
 -0.060601 0.527895 0.192011 
 0.132765 0.376077 0.151351 
 0.118321 0.385877 0.154600 
 0.100358 0.395932 0.134273 
 0.089435 0.405476 0.161097 
 0.074992 0.415276 0.164346 
 0.060549 0.425075 0.167595 
 0.046106 0.434875 0.170843 
 0.028323 0.444807 0.150475 
 0.013916 0.454582 0.153716 
 -0.000491 0.464358 0.156956 
 -0.014898 0.474133 0.160197 
 -0.029305 0.483908 0.163438 
 -0.043712 0.493683 0.166678 
 -0.058119 0.503458 0.169919 
 -0.069439 0.513272 0.196833 
 0.123927 0.361454 0.156172 
 0.109484 0.371253 0.159421 
 0.091543 0.381345 0.139082 
 0.080598 0.390853 0.165918 
 0.066155 0.400652 0.169167 
 0.048322 0.410670 0.148803 
 0.033915 0.420445 0.152044 
 0.019508 0.430221 0.155284 
 0.003460 0.440068 0.146707 
 -0.010929 0.449831 0.149943 
 -0.025318 0.459594 0.153180 
 -0.039707 0.469357 0.156416 
 -0.054096 0.479120 0.159652 
 -0.068485 0.488883 0.162889 
 0.115089 0.346830 0.160994 
 0.100646 0.356630 0.164242 
 0.082727 0.366758 0.143891 
 0.071760 0.376229 0.170740 
 0.053913 0.386308 0.150372 
 0.039506 0.396083 0.153613 
 0.025099 0.405858 0.156853 
 0.009044 0.415737 0.148273 
 -0.005345 0.425499 0.151510 
 -0.019733 0.435262 0.154746 
 -0.037310 0.445157 0.134317 
 -0.048511 0.454788 0.161219 
 -0.062900 0.464551 0.164456 
 -0.080368 0.474373 0.144002 
 -0.094721 0.484111 0.147230 
 0.088319 0.342396 0.145459 
 0.077366 0.351806 0.172312 
 0.059505 0.361946 0.151940 
 0.045098 0.371721 0.155181 
 0.029018 0.381642 0.146603 
 0.014629 0.391405 0.149840 
 0.000240 0.401168 0.153076 
 -0.017387 0.411149 0.132651 
 -0.031739 0.420887 0.135880 
 -0.049257 0.430794 0.115431 
 -0.060445 0.440364 0.142336 
 -0.071705 0.449982 0.169259 
 -0.089151 0.459841 0.148793 
 -0.106524 0.469650 0.128312 
 -0.120841 0.479364 0.131532 
 0.079503 0.327809 0.150269 
 0.063380 0.337785 0.141697 
 0.050689 0.347359 0.156750 
 0.034602 0.357311 0.148170 
 0.020213 0.367074 0.151406 
 0.005824 0.376837 0.154643 
 -0.015068 0.387157 0.110549 
 -0.029384 0.396871 0.113769 
 -0.043701 0.406585 0.116989 
 -0.058018 0.416299 0.120210 
 -0.069227 0.425832 0.147127 
 -0.083580 0.435570 0.150356 
 -0.097933 0.445309 0.153584 
 -0.115285 0.455154 0.133091 
 -0.129601 0.464868 0.136311 
 0.068965 0.313454 0.143264 
 0.054576 0.323216 0.146500 
 0.041874 0.332773 0.161559 
 0.025798 0.342742 0.152973 
 0.008107 0.352869 0.132548 
 -0.002980 0.362268 0.159446 
 -0.027057 0.372977 0.091651 
 -0.041338 0.382666 0.094863 
 -0.055618 0.392356 0.098075 
 -0.069899 0.402045 0.101287 
 -0.081095 0.411517 0.128209 
 -0.095411 0.421231 0.131429 
 -0.109728 0.430945 0.134649 
 -0.124045 0.440659 0.137870 
 -0.141302 0.450492 0.117347 
 -0.155583 0.460182 0.120559 
 0.127792 0.236579 -0.086841 
 0.113728 0.246121 -0.083678 
 0.056736 0.299384 0.124426 
 0.038996 0.309597 0.104006 
 0.024679 0.319311 0.107226 
 0.010362 0.329025 0.110446 
 -0.015433 0.340142 0.030811 
 -0.024758 0.349205 0.069525 
 -0.040606 0.359046 0.060884 
 -0.054833 0.368699 0.064084 
 -0.069059 0.378351 0.067284 
 -0.078637 0.387586 0.106054 
 -0.092918 0.397276 0.109266 
 -0.107198 0.406965 0.112478 
 -0.121479 0.416655 0.115690 
 -0.135760 0.426344 0.118902 
 -0.150040 0.436033 0.122114 
 -0.164321 0.445723 0.125326 
 -0.178602 0.455412 0.128539 
 0.235218 0.151589 0.001634 
 0.213249 0.162950 -0.042260 
 0.195259 0.173383 -0.062631 
 0.181141 0.182962 -0.059455 
 0.115532 0.223046 -0.105743 
 0.101504 0.232564 -0.102587 
 0.087476 0.242082 -0.099432 
 0.062931 0.260509 -0.069493 
 0.048867 0.270051 -0.066330 
 0.034803 0.279594 -0.063166 
 0.020739 0.289136 -0.060003 
 0.026869 0.295612 0.085124 
 0.004265 0.306518 0.029164 
 -0.016513 0.317070 -0.014997 
 -0.030631 0.326649 -0.011822 
 -0.041527 0.335816 0.015047 
 -0.055682 0.345419 0.018230 
 -0.069836 0.355023 0.021414 
 -0.083990 0.364627 0.024598 
 -0.095068 0.373915 0.051507 
 -0.109258 0.383543 0.054698 
 -0.123448 0.393171 0.057890 
 -0.130217 0.402196 0.120457 
 -0.144498 0.411885 0.123669 
 -0.158778 0.421574 0.126881 
 -0.173059 0.431264 0.130093 
 -0.187340 0.440953 0.133305 
 -0.201620 0.450643 0.136518 
 0.232896 0.129412 -0.043902 
 0.218742 0.139015 -0.040718 
 0.204588 0.148619 -0.037535 
 0.182807 0.159955 -0.081485 
 0.168725 0.169509 -0.078318 
 0.106949 0.208843 -0.101060 
 0.092921 0.218361 -0.097905 
 0.078893 0.227879 -0.094749 
 0.054325 0.246270 -0.064798 
 0.036809 0.256433 -0.085284 
 0.022781 0.265951 -0.082128 
 0.008754 0.275469 -0.078973 
 0.018131 0.281154 0.089891 
 -0.004418 0.292151 0.033901 
 -0.028423 0.303275 -0.033974 
 -0.042505 0.312829 -0.030806 
 -0.050188 0.321485 0.019771 
 -0.064343 0.331088 0.022955 
 -0.081624 0.341093 0.002418 
 -0.092651 0.350296 0.029322 
 -0.106805 0.359899 0.032506 
 -0.120959 0.369503 0.035690 
 -0.132131 0.378804 0.062627 
 -0.143375 0.388154 0.089581 
 -0.157601 0.397807 0.092781 
 -0.170391 0.407345 0.107870 
 -0.184635 0.417010 0.111074 
 -0.198880 0.426675 0.114278 
 -0.213124 0.436339 0.117482 
 -0.227369 0.446004 0.120686 
 0.366408 0.024460 0.014355 
 0.345846 0.035907 -0.017667 
 0.327467 0.046707 -0.037966 
 0.309161 0.057459 -0.058280 
 0.295007 0.067062 -0.055096 
 0.280852 0.076666 -0.051912 
 0.266698 0.086270 -0.048728 
 0.248573 0.096899 -0.069083 
 0.234454 0.106478 -0.065908 
 0.220336 0.116057 -0.062732 
 0.206218 0.125636 -0.059556 
 0.192100 0.135215 -0.056381 
 0.174191 0.145697 -0.076785 
 0.158231 0.155691 -0.085411 
 0.144167 0.165233 -0.082248 
 0.130103 0.174775 -0.079084 
 0.112393 0.185122 -0.099533 
 0.098365 0.194640 -0.096377 
 0.084337 0.204158 -0.093222 
 0.063233 0.215139 -0.137338 
 0.056281 0.223194 -0.086912 
 0.042254 0.232712 -0.083756 
 0.024796 0.242888 -0.104261 
 0.007411 0.253014 -0.124782 
 -0.006545 0.262483 -0.121643 
 0.006072 0.267279 0.070973 
 -0.016386 0.278343 0.014945 
 -0.037039 0.289017 -0.029273 
 -0.052728 0.298827 -0.037960 
 -0.062026 0.307640 0.000779 
 -0.076144 0.317219 0.003955 
 -0.093367 0.327235 -0.016604 
 -0.104381 0.336377 0.010306 
 -0.118499 0.345957 0.013481 
 -0.129620 0.355172 0.040415 
 -0.143775 0.364776 0.043598 
 -0.155005 0.374065 0.070556 
 -0.166306 0.383403 0.097530 
 -0.179107 0.392922 0.112625 
 -0.193351 0.402587 0.115829 
 -0.204816 0.412035 0.142839 
 -0.219097 0.421725 0.146051 
 -0.230669 0.431247 0.173087 
 -0.244986 0.440961 0.176307 
 0.357670 0.010001 0.019122 
 0.337141 0.021503 -0.012918 
 0.318784 0.032340 -0.033229 
 0.300500 0.043128 -0.053555 
 0.282288 0.053867 -0.073897 
 0.264148 0.064557 -0.094256 
 0.250066 0.074111 -0.091089 
 0.234010 0.084197 -0.099697 
 0.219946 0.093739 -0.096533 
 0.205882 0.103282 -0.093370 
 0.193738 0.112330 -0.078419 
 0.177754 0.122366 -0.087043 
 0.163690 0.131909 -0.083880 
 0.145893 0.142366 -0.104316 
 0.128169 0.152774 -0.124768 
 0.117837 0.161402 -0.098005 
 0.103809 0.170920 -0.094850 
 0.086193 0.181254 -0.115326 
 0.068649 0.191540 -0.135819 
 0.054694 0.201009 -0.132680 
 0.040738 0.210478 -0.129541 
 0.030226 0.219228 -0.102738 
 0.012827 0.229415 -0.123263 
 -0.006186 0.239889 -0.155645 
 -0.025091 0.250289 -0.188051 
 -0.030690 0.258132 -0.125695 
 -0.036469 0.266099 -0.063298 
 -0.050497 0.275617 -0.060142 
 -0.064525 0.285134 -0.056987 
 -0.070665 0.293346 0.005492 
 -0.087902 0.303423 -0.015070 
 -0.101984 0.312977 -0.011903 
 -0.116066 0.322532 -0.008735 
 -0.130148 0.332087 -0.005568 
 -0.141256 0.341241 0.021370 
 -0.152435 0.350445 0.048323 
 -0.166590 0.360048 0.051507 
 -0.177878 0.369325 0.078484 
 -0.189238 0.378651 0.105479 
 -0.202067 0.388165 0.120584 
 -0.213554 0.397577 0.147606 
 -0.227835 0.407266 0.150818 
 -0.236744 0.416547 0.201700 
 -0.251097 0.426285 0.204928 
 0.395243 -0.039796 -0.047643 
 0.385341 -0.031511 -0.020969 
 0.371115 -0.021859 -0.017769 
 0.356889 -0.012206 -0.014569 
 0.344752 -0.003188 0.000383 
 0.324292 0.008344 -0.031684 
 0.310101 0.017973 -0.028492 
 0.287768 0.029993 -0.072360 
 0.269614 0.040744 -0.092723 
 0.255532 0.050299 -0.089556 
 0.241450 0.059854 -0.086388 
 0.225404 0.069957 -0.095002 
 0.211340 0.079500 -0.091839 
 0.193421 0.090091 -0.112254 
 0.183212 0.098585 -0.085512 
 0.169148 0.108127 -0.082349 
 0.151337 0.118645 -0.102789 
 0.133599 0.129114 -0.123244 
 0.115933 0.139534 -0.143717 
 0.105615 0.148101 -0.116950 
 0.091624 0.157594 -0.113803 
 0.074066 0.167941 -0.134300 
 0.060110 0.177410 -0.131161 
 0.044407 0.187281 -0.139852 
 0.030470 0.196738 -0.136717 
 0.018243 0.205817 -0.121744 
 0.002595 0.215651 -0.130447 
 -0.018042 0.226520 -0.174698 
 -0.033564 0.236269 -0.183429 
 -0.047412 0.245664 -0.180314 
 -0.053156 0.253478 -0.117908 
 -0.065491 0.262630 -0.102909 
 -0.079446 0.272099 -0.099770 
 -0.082437 0.279611 -0.013537 
 -0.096519 0.289165 -0.010370 
 -0.112131 0.298975 -0.019081 
 -0.124683 0.308274 -0.004035 
 -0.138765 0.317829 -0.000867 
 -0.149894 0.326947 0.026082 
 -0.161096 0.336114 0.053048 
 -0.175250 0.345717 0.056231 
 -0.186561 0.354958 0.083221 
 -0.197943 0.364247 0.110228 
 -0.212169 0.373900 0.113428 
 -0.222292 0.383118 0.152373 
 -0.233873 0.392542 0.179424 
 -0.242863 0.401774 0.230338 
 -0.257252 0.411537 0.233575 
 0.400751 -0.063792 -0.046098 
 0.386560 -0.054164 -0.042906 
 0.372370 -0.044536 -0.039714 
 0.358180 -0.034908 -0.036523 
 0.343989 -0.025279 -0.033331 
 0.329799 -0.015651 -0.030139 
 0.311487 -0.004741 -0.050473 
 0.297333 0.004862 -0.047289 
 0.279129 0.015699 -0.067647 
 0.260997 0.026486 -0.088022 
 0.244926 0.036633 -0.096634 
 0.230862 0.046175 -0.093471 
 0.216798 0.055718 -0.090307 
 0.198865 0.066370 -0.110727 
 0.184837 0.075888 -0.107572 
 0.167013 0.086467 -0.128015 
 0.156782 0.094924 -0.101261 
 0.139029 0.105454 -0.121721 
 0.125037 0.114948 -0.118574 
 0.107393 0.125404 -0.139058 
 0.093438 0.134873 -0.135919 
 0.083062 0.143428 -0.109133 
 0.065526 0.153811 -0.129641 
 0.049817 0.163713 -0.138335 
 0.035879 0.173169 -0.135200 
 0.018506 0.183442 -0.155745 
 0.008004 0.192083 -0.128930 
 -0.009297 0.202307 -0.149491 
 -0.031517 0.213596 -0.205626 
 -0.042037 0.222249 -0.178807 
 -0.055885 0.231644 -0.175692 
 -0.064903 0.240035 -0.136984 
 -0.075622 0.248823 -0.110120 
 -0.089559 0.258279 -0.106985 
 -0.092609 0.265651 -0.020713 
 -0.105135 0.274907 -0.005669 
 -0.120737 0.284735 -0.014386 
 -0.133299 0.294017 0.000666 
 -0.147381 0.303571 0.003833 
 -0.161463 0.313126 0.007001 
 -0.172651 0.322232 0.033970 
 -0.183911 0.331386 0.060956 
 -0.198065 0.340990 0.064140 
 -0.209434 0.350218 0.091150 
 -0.220874 0.359496 0.118176 
 -0.233744 0.368985 0.133297 
 -0.245311 0.378348 0.160352 
 -0.254309 0.387483 0.211282 
 -0.266056 0.396969 0.238378 
 -0.280445 0.406731 0.241614 
 0.392068 -0.078159 -0.041361 
 0.377877 -0.068531 -0.038169 
 0.363687 -0.058903 -0.034978 
 0.349497 -0.049275 -0.031786 
 0.331135 -0.038280 -0.052115 
 0.316980 -0.028676 -0.048932 
 0.298726 -0.017754 -0.069286 
 0.284608 -0.008175 -0.066110 
 0.266462 0.002674 -0.086489 
 0.250385 0.012851 -0.095103 
 0.236321 0.022393 -0.091940 
 0.222257 0.031936 -0.088776 
 0.204310 0.042650 -0.109200 
 0.190282 0.052167 -0.106045 
 0.168632 0.063930 -0.150095 
 0.154677 0.073399 -0.146956 
 0.140721 0.082868 -0.143817 
 0.126765 0.092337 -0.140678 
 0.112810 0.101806 -0.137539 
 0.097039 0.111775 -0.146222 
 0.083101 0.121231 -0.143087 
 0.070943 0.130212 -0.128122 
 0.055226 0.140144 -0.136817 
 0.041288 0.149601 -0.133682 
 0.023901 0.159935 -0.154231 
 0.006586 0.170220 -0.174797 
 -0.007280 0.179628 -0.171678 
 -0.021145 0.189036 -0.168560 
 -0.039968 0.199612 -0.201016 
 -0.050510 0.208228 -0.174185 
 -0.067591 0.218354 -0.194803 
 -0.076606 0.226666 -0.156085 
 -0.087311 0.235393 -0.129217 
 -0.101212 0.244825 -0.126090 
 -0.107392 0.252676 -0.063549 
 -0.115278 0.260953 -0.012855 
 -0.129342 0.270496 -0.009692 
 -0.143406 0.280038 -0.006528 
 -0.155998 0.289313 0.008534 
 -0.170080 0.298868 0.011701 
 -0.181290 0.307937 0.038683 
 -0.192572 0.317055 0.065681 
 -0.203926 0.326223 0.092694 
 -0.215353 0.335439 0.119725 
 -0.228215 0.344898 0.134848 
 -0.239769 0.354200 0.161907 
 -0.254049 0.363889 0.165119 
 -0.265710 0.373265 0.192202 
 -0.277444 0.382689 0.219301 
 -0.291797 0.392428 0.222530 
 0.401906 -0.103681 -0.016323 
 0.383385 -0.092527 -0.036624 
 0.369195 -0.082899 -0.033433 
 0.355004 -0.073271 -0.030241 
 0.336628 -0.062214 -0.050574 
 0.322474 -0.052610 -0.047391 
 0.304206 -0.041627 -0.067749 
 0.286010 -0.030693 -0.088124 
 0.269907 -0.020473 -0.096735 
 0.255843 -0.010931 -0.093572 
 0.237810 -0.000107 -0.113983 
 0.223782 0.009411 -0.110828 
 0.209754 0.018929 -0.107673 
 0.195726 0.028446 -0.104517 
 0.174049 0.040331 -0.148575 
 0.160093 0.049800 -0.145436 
 0.144261 0.059836 -0.154110 
 0.130323 0.069293 -0.150975 
 0.116386 0.078750 -0.147840 
 0.102448 0.088206 -0.144705 
 0.088510 0.097663 -0.141570 
 0.074573 0.107120 -0.138435 
 0.060635 0.116576 -0.135300 
 0.043198 0.126996 -0.155845 
 0.029296 0.136428 -0.152718 
 0.011967 0.146774 -0.173287 
 -0.003594 0.156626 -0.182021 
 -0.017441 0.166022 -0.178906 
 -0.031289 0.175417 -0.175792 
 -0.048419 0.185629 -0.196405 
 -0.062230 0.195000 -0.193299 
 -0.076042 0.204371 -0.190192 
 -0.086678 0.212999 -0.163333 
 -0.100525 0.222394 -0.160218 
 -0.109718 0.230750 -0.121449 
 -0.115953 0.238509 -0.058879 
 -0.126915 0.247358 -0.031947 
 -0.140942 0.256876 -0.028791 
 -0.152012 0.265799 -0.001834 
 -0.164615 0.275056 0.013234 
 -0.178697 0.284610 0.016402 
 -0.189929 0.293643 0.043396 
 -0.201233 0.302725 0.070405 
 -0.212609 0.311855 0.097431 
 -0.224058 0.321035 0.124474 
 -0.236932 0.330476 0.139603 
 -0.248507 0.339741 0.166674 
 -0.262787 0.349431 0.169886 
 -0.274471 0.358769 0.196981 
 -0.286226 0.368157 0.224092 
 -0.300579 0.377896 0.227321 
 -0.314932 0.387634 0.230549 
 0.388892 -0.116523 -0.035079 
 0.374702 -0.106894 -0.031888 
 0.356276 -0.095752 -0.052217 
 0.346321 -0.087638 -0.025504 
 0.327967 -0.076545 -0.045850 
 0.313813 -0.066941 -0.042666 
 0.295567 -0.055922 -0.063036 
 0.275365 -0.044255 -0.095204 
 0.261301 -0.034713 -0.092041 
 0.247238 -0.025171 -0.088877 
 0.229226 -0.014310 -0.109301 
 0.215198 -0.004792 -0.106145 
 0.201171 0.004726 -0.102990 
 0.183304 0.015488 -0.123445 
 0.165509 0.026202 -0.143917 
 0.149670 0.036268 -0.152592 
 0.135733 0.045725 -0.149457 
 0.121795 0.055181 -0.146322 
 0.107857 0.064638 -0.143187 
 0.093920 0.074095 -0.140052 
 0.079982 0.083551 -0.136917 
 0.066045 0.093008 -0.133782 
 0.048593 0.103489 -0.154331 
 0.034692 0.112921 -0.151204 
 0.017348 0.123328 -0.171778 
 0.003483 0.132736 -0.168659 
 -0.012067 0.142606 -0.177399 
 -0.029248 0.152903 -0.198008 
 -0.043059 0.162274 -0.194902 
 -0.056870 0.171645 -0.191795 
 -0.070681 0.181016 -0.188689 
 -0.084493 0.190387 -0.185582 
 -0.098304 0.199758 -0.182476 
 -0.112115 0.209129 -0.179369 
 -0.122846 0.217770 -0.152481 
 -0.132126 0.226107 -0.113682 
 -0.146028 0.235539 -0.110555 
 -0.149526 0.242673 -0.024109 
 -0.160617 0.251559 0.002861 
 -0.174681 0.261101 0.006024 
 -0.188745 0.270644 0.009187 
 -0.198567 0.279349 0.048108 
 -0.209894 0.288394 0.075130 
 -0.221292 0.297488 0.102168 
 -0.231403 0.306388 0.141154 
 -0.242964 0.315593 0.168228 
 -0.257245 0.325282 0.171441 
 -0.271525 0.334972 0.174653 
 -0.283231 0.344274 0.201760 
 -0.297547 0.353988 0.204980 
 -0.309361 0.363364 0.232112 
 0.380209 -0.130890 -0.030343 
 0.361769 -0.119687 -0.050676 
 0.347615 -0.110083 -0.047492 
 0.333461 -0.100479 -0.044309 
 0.319306 -0.090876 -0.041125 
 0.305152 -0.081272 -0.037941 
 0.282859 -0.068764 -0.081890 
 0.266760 -0.058495 -0.090509 
 0.252696 -0.048952 -0.087346 
 0.238632 -0.039410 -0.084183 
 0.220643 -0.028513 -0.104618 
 0.206615 -0.018995 -0.101463 
 0.192587 -0.009477 -0.098308 
 0.174742 0.001322 -0.118775 
 0.156970 0.012072 -0.139259 
 0.143014 0.021541 -0.136120 
 0.127204 0.031613 -0.144805 
 0.113267 0.041070 -0.141670 
 0.099329 0.050526 -0.138535 
 0.085392 0.059983 -0.135400 
 0.071454 0.069440 -0.132265 
 0.053989 0.079982 -0.152818 
 0.040087 0.089414 -0.149691 
 0.022730 0.099882 -0.170268 
 0.008864 0.109290 -0.167150 
 -0.006693 0.119191 -0.175891 
 -0.023887 0.129549 -0.196505 
 -0.034387 0.137982 -0.169662 
 -0.051510 0.148291 -0.190291 
 -0.065321 0.157662 -0.187185 
 -0.079132 0.167032 -0.184078 
 -0.092943 0.176403 -0.180972 
 -0.103624 0.184959 -0.154088 
 -0.117471 0.194354 -0.150974 
 -0.131319 0.203749 -0.147859 
 -0.140632 0.212032 -0.109042 
 -0.151547 0.220746 -0.082106 
 -0.164010 0.229856 -0.067061 
 -0.172137 0.237988 -0.016271 
 -0.186165 0.247506 -0.013116 
 -0.197351 0.256404 0.013882 
 -0.210012 0.265649 0.028970 
 -0.221324 0.274633 0.055997 
 -0.232709 0.283667 0.083038 
 -0.241468 0.292227 0.133972 
 -0.254364 0.301631 0.149113 
 -0.268608 0.311296 0.152317 
 -0.280264 0.320513 0.179420 
 -0.294544 0.330202 0.182632 
 -0.308825 0.339891 0.185844 
 -0.320624 0.349206 0.212980 
 0.371527 -0.145257 -0.025606 
 0.353108 -0.134018 -0.045951 
 0.338954 -0.124414 -0.042768 
 0.324800 -0.114810 -0.039584 
 0.310646 -0.105207 -0.036400 
 0.296491 -0.095603 -0.033217 
 0.274242 -0.083021 -0.077189 
 0.258154 -0.072734 -0.085815 
 0.244090 -0.063192 -0.082651 
 0.230026 -0.053650 -0.079488 
 0.212059 -0.042716 -0.099936 
 0.198031 -0.033198 -0.096780 
 0.184004 -0.023680 -0.093625 
 0.166181 -0.012845 -0.114104 
 0.148431 -0.002058 -0.134600 
 0.134475 0.007411 -0.131461 
 0.120519 0.016880 -0.128322 
 0.104738 0.026958 -0.137017 
 0.090801 0.036415 -0.133882 
 0.076863 0.045872 -0.130747 
 0.062926 0.055328 -0.127613 
 0.048988 0.064785 -0.124478 
 0.031581 0.075339 -0.145050 
 0.017679 0.084771 -0.141924 
 0.000380 0.095251 -0.162521 
 -0.015166 0.105170 -0.171269 
 -0.029013 0.114566 -0.168154 
 -0.042861 0.123961 -0.165039 
 -0.059961 0.134307 -0.185681 
 -0.073772 0.143678 -0.182575 
 -0.087583 0.153049 -0.179468 
 -0.101394 0.162420 -0.176362 
 -0.115206 0.171791 -0.173255 
 -0.125944 0.180334 -0.146352 
 -0.139792 0.189729 -0.143237 
 -0.149138 0.197957 -0.104402 
 -0.160076 0.206635 -0.077453 
 -0.174013 0.216091 -0.074318 
 -0.183613 0.224490 -0.035426 
 -0.194749 0.233303 -0.008433 
 -0.205956 0.242165 0.018577 
 -0.220020 0.251707 0.021740 
 -0.229963 0.260339 0.060709 
 -0.241370 0.269336 0.087763 
 -0.250173 0.277823 0.138720 
 -0.263080 0.287209 0.153868 
 -0.274721 0.296364 0.180974 
 -0.289002 0.306054 0.184186 
 -0.303282 0.315743 0.187399 
 -0.317563 0.325433 0.190611 
 -0.331844 0.335122 0.193823 
 0.362844 -0.159625 -0.020869 
 0.344447 -0.148349 -0.041227 
 0.330293 -0.138745 -0.038043 
 0.316139 -0.129141 -0.034859 
 0.301985 -0.119538 -0.031676 
 0.287831 -0.109934 -0.028492 
 0.265625 -0.097279 -0.072489 
 0.251543 -0.087724 -0.069321 
 0.235485 -0.077431 -0.077957 
 0.221421 -0.067889 -0.074793 
 0.203476 -0.056919 -0.095253 
 0.189448 -0.047401 -0.092098 
 0.175420 -0.037883 -0.088943 
 0.161392 -0.028365 -0.085787 
 0.143628 -0.017518 -0.106287 
 0.129636 -0.008024 -0.103140 
 0.111980 0.002750 -0.123664 
 0.098025 0.012219 -0.120525 
 0.082273 0.022303 -0.129230 
 0.068335 0.031760 -0.126095 
 0.054397 0.041217 -0.122960 
 0.040460 0.050673 -0.119825 
 0.023075 0.061264 -0.140410 
 0.009173 0.070696 -0.137283 
 -0.008104 0.081213 -0.157893 
 -0.021969 0.090620 -0.154774 
 -0.037486 0.100546 -0.163532 
 -0.051333 0.109941 -0.160417 
 -0.065181 0.119337 -0.157303 
 -0.082223 0.129694 -0.177964 
 -0.096034 0.139065 -0.174858 
 -0.109845 0.148436 -0.171751 
 -0.123657 0.157807 -0.168645 
 -0.137468 0.167178 -0.165538 
 -0.148265 0.175709 -0.138615 
 -0.160623 0.184697 -0.123587 
 -0.171546 0.193314 -0.096634 
 -0.182542 0.201980 -0.069666 
 -0.195044 0.211066 -0.054605 
 -0.206166 0.219817 -0.027609 
 -0.220157 0.229311 -0.024461 
 -0.228626 0.237468 0.026435 
 -0.241327 0.246688 0.041539 
 -0.250030 0.255005 0.092488 
 -0.261531 0.264014 0.119570 
 -0.271796 0.272786 0.158622 
 -0.286040 0.282451 0.161826 
 -0.297740 0.291595 0.188953 
 -0.312020 0.301284 0.192165 
 -0.323828 0.310502 0.219317 
 0.354161 -0.173992 -0.016132 
 0.335787 -0.162680 -0.036502 
 0.321632 -0.153076 -0.033318 
 0.307478 -0.143472 -0.030135 
 0.293324 -0.133869 -0.026951 
 0.279170 -0.124265 -0.023767 
 0.257009 -0.111537 -0.067788 
 0.242927 -0.101982 -0.064621 
 0.226879 -0.091671 -0.073262 
 0.212815 -0.082129 -0.070099 
 0.198751 -0.072586 -0.066935 
 0.184687 -0.063044 -0.063772 
 0.166837 -0.052086 -0.084260 
 0.152809 -0.042568 -0.081105 
 0.138781 -0.033050 -0.077950 
 0.124753 -0.023532 -0.074794 
 0.107083 -0.012697 -0.095322 
 0.089485 -0.001911 -0.115866 
 0.073744 0.008192 -0.124578 
 0.059807 0.017648 -0.121443 
 0.045869 0.027105 -0.118308 
 0.031932 0.036562 -0.115173 
 0.014569 0.047189 -0.135770 
 0.000667 0.056621 -0.132643 
 -0.013234 0.066053 -0.129516 
 -0.030453 0.076582 -0.150146 
 -0.045959 0.086526 -0.158910 
 -0.063051 0.096969 -0.179567 
 -0.073654 0.105316 -0.152680 
 -0.090674 0.115711 -0.173354 
 -0.104485 0.125081 -0.170248 
 -0.118296 0.134452 -0.167141 
 -0.132108 0.143823 -0.164035 
 -0.145919 0.153194 -0.160928 
 -0.156738 0.161689 -0.133992 
 -0.170585 0.171084 -0.130878 
 -0.180052 0.179239 -0.091994 
 -0.193954 0.188671 -0.088867 
 -0.205007 0.197325 -0.061879 
 -0.214727 0.205651 -0.022938 
 -0.228719 0.215144 -0.019791 
 -0.237232 0.223228 0.031129 
 -0.249944 0.232431 0.046240 
 -0.261358 0.241329 0.073310 
 -0.272845 0.250277 0.100396 
 -0.281809 0.258667 0.151418 
 -0.294756 0.268029 0.166581 
 -0.309001 0.277694 0.169785 
 -0.320759 0.286825 0.196932 
 0.355972 -0.192725 0.047518 
 0.331287 -0.178732 -0.008204 
 0.312972 -0.167407 -0.028594 
 0.298817 -0.157803 -0.025410 
 0.284663 -0.148200 -0.022226 
 0.270509 -0.138596 -0.019042 
 0.252373 -0.127393 -0.039473 
 0.234310 -0.116240 -0.059920 
 0.220228 -0.106685 -0.056753 
 0.204210 -0.096368 -0.065404 
 0.190146 -0.086826 -0.062241 
 0.176082 -0.077283 -0.059078 
 0.162018 -0.067741 -0.055914 
 0.147954 -0.058198 -0.052751 
 0.130197 -0.047253 -0.073267 
 0.116170 -0.037735 -0.070112 
 0.102142 -0.028218 -0.066957 
 0.088114 -0.018700 -0.063801 
 0.070538 -0.007877 -0.084357 
 0.051279 0.003537 -0.116790 
 0.039079 0.012366 -0.101791 
 0.023403 0.022450 -0.110520 
 0.006062 0.033114 -0.131129 
 -0.007839 0.042546 -0.128003 
 -0.025072 0.053136 -0.148636 
 -0.038937 0.062543 -0.145518 
 -0.054432 0.072505 -0.154287 
 -0.068280 0.081901 -0.151173 
 -0.082127 0.091296 -0.148058 
 -0.099125 0.101727 -0.168744 
 -0.112936 0.111098 -0.165638 
 -0.126747 0.120469 -0.162531 
 -0.140558 0.129840 -0.159425 
 -0.151363 0.138273 -0.132485 
 -0.165211 0.147669 -0.129370 
 -0.177591 0.156620 -0.114331 
 -0.188558 0.165164 -0.087354 
 -0.202460 0.174596 -0.084227 
 -0.212123 0.182806 -0.045289 
 -0.223289 0.191485 -0.018268 
 -0.237280 0.200978 -0.015120 
 -0.245837 0.208989 0.035824 
 -0.259901 0.218531 0.038987 
 -0.272642 0.227727 0.054108 
 -0.281506 0.235946 0.105121 
 -0.293088 0.244907 0.132235 
 -0.304741 0.253916 0.159367 
 -0.317717 0.263272 0.174540 
 -0.329497 0.272366 0.201699 
 0.343059 -0.205401 0.028708 
 0.322604 -0.193099 -0.003467 
 0.308414 -0.183471 -0.000275 
 0.294224 -0.173843 0.002917 
 0.280033 -0.164215 0.006108 
 0.261848 -0.152927 -0.014318 
 0.243735 -0.141688 -0.034760 
 0.225693 -0.130498 -0.055219 
 0.211611 -0.120943 -0.052052 
 0.195604 -0.110608 -0.060710 
 0.181540 -0.101065 -0.057546 
 0.167476 -0.091523 -0.054383 
 0.153412 -0.081980 -0.051220 
 0.139348 -0.072438 -0.048056 
 0.125284 -0.062896 -0.044893 
 0.111220 -0.053353 -0.041729 
 0.097156 -0.043811 -0.038566 
 0.079530 -0.032903 -0.059119 
 0.061977 -0.022043 -0.079687 
 0.047985 -0.012550 -0.076540 
 0.030540 -0.001764 -0.097132 
 0.014875 0.008339 -0.105868 
 -0.002444 0.019039 -0.126489 
 -0.016345 0.028471 -0.123362 
 -0.033556 0.039097 -0.144008 
 -0.049058 0.049090 -0.152780 
 -0.062905 0.058485 -0.149665 
 -0.079953 0.069002 -0.170347 
 -0.093765 0.078372 -0.167240 
 -0.107576 0.087743 -0.164134 
 -0.121387 0.097114 -0.161027 
 -0.135198 0.106485 -0.157921 
 -0.149009 0.115856 -0.154814 
 -0.159836 0.124253 -0.127863 
 -0.173684 0.133649 -0.124748 
 -0.186075 0.142581 -0.109702 
 -0.197065 0.151089 -0.082713 
 -0.210966 0.160521 -0.079587 
 -0.220662 0.168676 -0.040630 
 -0.231850 0.177318 -0.013597 
 -0.245842 0.186811 -0.010450 
 -0.254443 0.194749 0.040518 
 -0.267177 0.203915 0.055641 
 -0.281259 0.213469 0.058808 
 -0.292754 0.222320 0.085911 
 -0.301771 0.230539 0.136972 
 -0.313446 0.239512 0.164116 
 -0.327672 0.249165 0.167315 
 -0.340678 0.258514 0.182499 
 0.334343 -0.219823 0.033463 
 0.324216 -0.211953 0.060264 
 0.305853 -0.200494 0.039871 
 0.291609 -0.190829 0.043075 
 0.275360 -0.180303 0.034468 
 0.261134 -0.170651 0.037668 
 0.239033 -0.157654 -0.006409 
 0.220978 -0.146403 -0.026872 
 0.202995 -0.135201 -0.047351 
 0.188913 -0.125646 -0.044184 
 0.174831 -0.116092 -0.041016 
 0.158871 -0.105762 -0.049688 
 0.144807 -0.096220 -0.046525 
 0.130743 -0.086678 -0.043362 
 0.116679 -0.077135 -0.040198 
 0.102615 -0.067593 -0.037035 
 0.084975 -0.056624 -0.057591 
 0.070947 -0.047106 -0.054436 
 0.053415 -0.036210 -0.075016 
 0.039424 -0.026716 -0.071869 
 0.022000 -0.015894 -0.092474 
 0.008045 -0.006425 -0.089335 
 -0.010950 0.004964 -0.121849 
 -0.024851 0.014396 -0.118722 
 -0.038753 0.023828 -0.115595 
 -0.057531 0.035070 -0.148157 
 -0.074593 0.045647 -0.168843 
 -0.088404 0.055018 -0.165737 
 -0.102215 0.064389 -0.162630 
 -0.116027 0.073760 -0.159524 
 -0.129838 0.083131 -0.156417 
 -0.143649 0.092501 -0.153311 
 -0.157460 0.101872 -0.150204 
 -0.171272 0.111243 -0.147098 
 -0.182157 0.119628 -0.120126 
 -0.196004 0.129024 -0.117011 
 -0.205571 0.137014 -0.078073 
 -0.219472 0.146446 -0.074946 
 -0.229201 0.154546 -0.035972 
 -0.240411 0.163152 -0.008927 
 -0.254403 0.172645 -0.005780 
 -0.263048 0.180510 0.045213 
 -0.277112 0.190052 0.048376 
 -0.289876 0.199212 0.063509 
 -0.301393 0.208026 0.090624 
 -0.310453 0.216172 0.141709 
 -0.324644 0.225800 0.144901 
 -0.336377 0.234761 0.172064 
 0.319573 -0.228243 0.088641 
 0.305256 -0.218529 0.091861 
 0.290940 -0.208815 0.095082 
 0.272636 -0.197344 0.074667 
 0.252429 -0.185055 0.042416 
 0.234287 -0.173694 0.021965 
 0.216218 -0.162381 0.001499 
 0.202064 -0.152778 0.004683 
 0.184103 -0.141539 -0.015808 
 0.169985 -0.131960 -0.012633 
 0.152132 -0.120795 -0.033148 
 0.138050 -0.111240 -0.029981 
 0.123968 -0.101686 -0.026814 
 0.108073 -0.091375 -0.035504 
 0.090419 -0.080344 -0.056064 
 0.076391 -0.070827 -0.052909 
 0.062363 -0.061309 -0.049754 
 0.044854 -0.050376 -0.070346 
 0.027417 -0.039493 -0.090955 
 0.013461 -0.030024 -0.087816 
 -0.005555 -0.018544 -0.120335 
 -0.019456 -0.009111 -0.117208 
 -0.038309 0.002259 -0.149764 
 -0.052157 0.011654 -0.146650 
 -0.069233 0.022292 -0.167340 
 -0.083044 0.031663 -0.164233 
 -0.096855 0.041034 -0.161127 
 -0.110666 0.050405 -0.158020 
 -0.124478 0.059776 -0.154913 
 -0.138289 0.069147 -0.151807 
 -0.152100 0.078518 -0.148700 
 -0.165911 0.087889 -0.145594 
 -0.179722 0.097260 -0.142487 
 -0.190630 0.105608 -0.115503 
 -0.203043 0.114504 -0.100446 
 -0.216909 0.123912 -0.097327 
 -0.227978 0.132371 -0.070306 
 -0.239120 0.140878 -0.043269 
 -0.251696 0.149885 -0.028174 
 -0.262964 0.158479 -0.001109 
 -0.271654 0.166270 0.049907 
 -0.285718 0.175812 0.053071 
 -0.298492 0.184954 0.068210 
 -0.310032 0.193731 0.095336 
 -0.321643 0.202557 0.122479 
 -0.333327 0.211432 0.149638 
 -0.345082 0.220357 0.176813 
 0.325129 -0.252452 0.090200 
 0.310813 -0.242738 0.093420 
 0.296496 -0.233024 0.096640 
 0.282179 -0.223310 0.099861 
 0.267863 -0.213596 0.103081 
 0.243724 -0.199459 0.047165 
 0.229497 -0.189806 0.050365 
 0.211414 -0.178433 0.029894 
 0.193403 -0.167109 0.009407 
 0.179249 -0.157505 0.012591 
 0.161346 -0.146254 -0.007920 
 0.147228 -0.136675 -0.004744 
 0.129434 -0.125498 -0.025280 
 0.115352 -0.115943 -0.022113 
 0.099468 -0.105614 -0.030809 
 0.081836 -0.094547 -0.051382 
 0.067808 -0.085030 -0.048226 
 0.050284 -0.074036 -0.068823 
 0.032833 -0.063092 -0.089435 
 0.017166 -0.052909 -0.098181 
 0.003228 -0.043453 -0.095046 
 -0.017412 -0.031241 -0.139479 
 -0.032935 -0.021157 -0.148257 
 -0.050061 -0.010433 -0.168942 
 -0.063872 -0.001062 -0.165836 
 -0.077684 0.008309 -0.162729 
 -0.091495 0.017680 -0.159623 
 -0.105306 0.027051 -0.156516 
 -0.122216 0.037628 -0.177251 
 -0.135991 0.046974 -0.174153 
 -0.149766 0.056320 -0.171055 
 -0.160551 0.064534 -0.144090 
 -0.174362 0.073905 -0.140984 
 -0.188173 0.083276 -0.137877 
 -0.201985 0.092647 -0.134771 
 -0.212950 0.100983 -0.107766 
 -0.225393 0.109874 -0.092699 
 -0.236484 0.118296 -0.065666 
 -0.247649 0.126767 -0.038617 
 -0.261586 0.136224 -0.035482 
 -0.271526 0.144312 0.003561 
 -0.285518 0.153806 0.006709 
 -0.294323 0.161573 0.057765 
 -0.308387 0.171115 0.060929 
 -0.318670 0.179437 0.100049 
 -0.327819 0.187437 0.151182 
 -0.342009 0.197065 0.154374 
 0.316369 -0.266947 0.094979 
 0.302053 -0.257233 0.098199 
 0.287736 -0.247520 0.101419 
 0.273419 -0.237806 0.104639 
 0.255159 -0.226261 0.084201 
 0.235019 -0.213863 0.051914 
 0.220792 -0.204210 0.055114 
 0.198896 -0.191043 0.010948 
 0.184742 -0.181440 0.014132 
 0.166825 -0.170128 -0.006383 
 0.152707 -0.160549 -0.003207 
 0.134899 -0.149311 -0.023747 
 0.120817 -0.139756 -0.020580 
 0.106735 -0.130201 -0.017412 
 0.090862 -0.119854 -0.026115 
 0.073252 -0.108750 -0.046699 
 0.059224 -0.099232 -0.043544 
 0.041723 -0.088202 -0.064152 
 0.024294 -0.077221 -0.084777 
 0.008637 -0.067021 -0.093528 
 -0.005300 -0.057564 -0.090393 
 -0.027561 -0.044573 -0.146749 
 -0.044701 -0.033787 -0.167439 
 -0.058512 -0.024417 -0.164332 
 -0.072323 -0.015046 -0.161226 
 -0.089319 -0.004359 -0.181948 
 -0.103095 0.004988 -0.178850 
 -0.116870 0.014334 -0.175752 
 -0.130645 0.023680 -0.172653 
 -0.144420 0.033027 -0.169555 
 -0.158195 0.042373 -0.166456 
 -0.171970 0.051720 -0.163358 
 -0.182813 0.059922 -0.136374 
 -0.196624 0.069292 -0.133267 
 -0.207576 0.077568 -0.106259 
 -0.221423 0.086963 -0.103144 
 -0.231089 0.094789 -0.064152 
 -0.244991 0.104221 -0.061025 
 -0.256177 0.112655 -0.033964 
 -0.270114 0.122112 -0.030829 
 -0.280087 0.130146 0.008232 
 -0.291472 0.138715 0.035337 
 -0.302929 0.147334 0.062460 
 -0.315726 0.156438 0.077611 
 -0.327309 0.165142 0.104762 
 -0.341427 0.174722 0.107937 
 -0.350692 0.182697 0.159111 
 0.307609 -0.281443 0.099758 
 0.293292 -0.271729 0.102978 
 0.278976 -0.262015 0.106198 
 0.260702 -0.250410 0.085756 
 0.246421 -0.240720 0.088968 
 0.228256 -0.229188 0.068502 
 0.212087 -0.218614 0.059863 
 0.190236 -0.205374 0.015673 
 0.176081 -0.195771 0.018857 
 0.161927 -0.186167 0.022041 
 0.144069 -0.174843 0.001505 
 0.126282 -0.163568 -0.019047 
 0.112200 -0.154014 -0.015879 
 0.096320 -0.143636 -0.024583 
 0.078696 -0.132471 -0.045172 
 0.064669 -0.122953 -0.042017 
 0.050641 -0.113435 -0.038861 
 0.029710 -0.100820 -0.083257 
 0.014047 -0.090589 -0.092011 
 0.000109 -0.081133 -0.088876 
 -0.017172 -0.070201 -0.109541 
 -0.039341 -0.057142 -0.165935 
 -0.053152 -0.047771 -0.162829 
 -0.066963 -0.038400 -0.159722 
 -0.080774 -0.029029 -0.156616 
 -0.097748 -0.018306 -0.177350 
 -0.111523 -0.008959 -0.174252 
 -0.125298 0.000387 -0.171154 
 -0.142128 0.011013 -0.191920 
 -0.155867 0.020335 -0.188830 
 -0.166624 0.028426 -0.161858 
 -0.180399 0.037773 -0.158760 
 -0.194174 0.047119 -0.155661 
 -0.205075 0.055309 -0.128657 
 -0.216049 0.063548 -0.101637 
 -0.229896 0.072943 -0.098522 
 -0.239595 0.080714 -0.059512 
 -0.253497 0.090146 -0.056385 
 -0.264705 0.098544 -0.029312 
 -0.277314 0.107496 -0.014199 
 -0.288649 0.115979 0.012902 
 -0.300056 0.124512 0.040020 
 -0.311535 0.133094 0.067155 
 -0.324342 0.142180 0.082311 
 -0.335948 0.150848 0.109474 
 -0.347625 0.159564 0.136653 
 0.298849 -0.295938 0.104537 
 0.284532 -0.286224 0.107757 
 0.270215 -0.276510 0.110977 
 0.251964 -0.264868 0.090523 
 0.237683 -0.255179 0.093735 
 0.219540 -0.243610 0.073257 
 0.203382 -0.233018 0.064612 
 0.185365 -0.221535 0.044104 
 0.167420 -0.210101 0.023582 
 0.153266 -0.200498 0.026765 
 0.135430 -0.189137 0.006218 
 0.117666 -0.177826 -0.014346 
 0.103584 -0.168272 -0.011179 
 0.087715 -0.157875 -0.019889 
 0.070113 -0.146674 -0.040489 
 0.052584 -0.135522 -0.061105 
 0.038592 -0.126029 -0.057958 
 0.019456 -0.114158 -0.090493 
 0.005518 -0.104701 -0.087359 
 -0.011776 -0.093708 -0.108027 
 -0.030659 -0.082008 -0.140619 
 -0.047792 -0.071126 -0.161325 
 -0.061603 -0.061755 -0.158218 
 -0.078627 -0.050946 -0.178949 
 -0.089225 -0.043013 -0.152005 
 -0.106177 -0.032253 -0.172752 
 -0.119952 -0.022907 -0.169654 
 -0.136795 -0.012220 -0.190424 
 -0.150534 -0.002898 -0.187334 
 -0.165771 0.007070 -0.196186 
 -0.178012 0.015746 -0.181153 
 -0.191751 0.025068 -0.178063 
 -0.202603 0.033172 -0.151063 
 -0.213526 0.041325 -0.124047 
 -0.224522 0.049527 -0.097014 
 -0.238369 0.058923 -0.093900 
 -0.250845 0.067758 -0.078814 
 -0.262003 0.076071 -0.051745 
 -0.273233 0.084432 -0.024660 
 -0.285853 0.093366 -0.009541 
 -0.299809 0.102835 -0.006402 
 -0.308639 0.110309 0.044702 
 -0.320140 0.118854 0.071849 
 -0.332959 0.127923 0.087012 
 -0.347041 0.137477 0.090179 
 -0.356286 0.145234 0.141378 
 0.290089 -0.310434 0.109316 
 0.275772 -0.300720 0.112536 
 0.261455 -0.291006 0.115756 
 0.247138 -0.281292 0.118976 
 0.228945 -0.269638 0.098502 
 0.210824 -0.258033 0.078012 
 0.196579 -0.248368 0.081216 
 0.176682 -0.235903 0.048841 
 0.162492 -0.226275 0.052033 
 0.144605 -0.214829 0.031490 
 0.126791 -0.203432 0.010931 
 0.109049 -0.192084 -0.009645 
 0.093173 -0.181657 -0.018358 
 0.079109 -0.172115 -0.015194 
 0.061530 -0.160877 -0.035807 
 0.044022 -0.149689 -0.056435 
 0.026587 -0.138549 -0.077080 
 0.007521 -0.126647 -0.109641 
 -0.003010 -0.118813 -0.082706 
 -0.020282 -0.107783 -0.103387 
 -0.042431 -0.094480 -0.159821 
 -0.056243 -0.085109 -0.156715 
 -0.070054 -0.075738 -0.153608 
 -0.087056 -0.064893 -0.174351 
 -0.100831 -0.055546 -0.171252 
 -0.114606 -0.046200 -0.168154 
 -0.128381 -0.036853 -0.165056 
 -0.142156 -0.027507 -0.161957 
 -0.158941 -0.016808 -0.182748 
 -0.174167 -0.006823 -0.191606 
 -0.183481 0.000532 -0.152662 
 -0.197256 0.009879 -0.149564 
 -0.208166 0.017971 -0.122543 
 -0.221977 0.027342 -0.119436 
 -0.232995 0.035507 -0.092392 
 -0.245464 0.044312 -0.077304 
 -0.259329 0.053720 -0.074186 
 -0.273194 0.063128 -0.071067 
 -0.284410 0.071428 -0.043977 
 -0.298312 0.080860 -0.040851 
 -0.308348 0.088705 -0.001743 
 -0.317223 0.096106 0.049385 
 -0.328746 0.104615 0.076544 
 -0.341576 0.113665 0.091713 
 -0.355658 0.123219 0.094880 
 0.281328 -0.324929 0.114095 
 0.267012 -0.315215 0.117315 
 0.252695 -0.305501 0.120535 
 0.238378 -0.295787 0.123755 
 0.220207 -0.284097 0.103269 
 0.205926 -0.274407 0.106481 
 0.187863 -0.262790 0.085970 
 0.167999 -0.250270 0.053578 
 0.153809 -0.240642 0.056770 
 0.135945 -0.229160 0.036215 
 0.118152 -0.217726 0.015643 
 0.104034 -0.208147 0.018819 
 0.086350 -0.196787 -0.001777 
 0.070504 -0.186354 -0.010500 
 0.052946 -0.175080 -0.031124 
 0.038918 -0.165562 -0.027969 
 0.018048 -0.152679 -0.072421 
 0.002399 -0.142381 -0.081189 
 -0.011538 -0.132924 -0.078054 
 -0.032102 -0.120249 -0.122575 
 -0.047605 -0.110049 -0.131375 
 -0.061453 -0.100653 -0.128260 
 -0.078505 -0.089722 -0.148998 
 -0.092316 -0.080351 -0.145891 
 -0.106127 -0.070980 -0.142785 
 -0.123035 -0.060147 -0.163556 
 -0.136810 -0.050801 -0.160457 
 -0.150585 -0.041454 -0.157359 
 -0.167348 -0.030719 -0.178162 
 -0.182563 -0.020715 -0.187026 
 -0.194826 -0.012075 -0.171981 
 -0.205685 -0.004069 -0.144965 
 -0.216617 0.003987 -0.117933 
 -0.230428 0.013358 -0.114826 
 -0.244239 0.022729 -0.111720 
 -0.253948 0.030274 -0.072676 
 -0.265114 0.038489 -0.045591 
 -0.279015 0.047921 -0.042464 
 -0.292917 0.057353 -0.039337 
 -0.304227 0.065666 -0.012220 
 -0.318165 0.075122 -0.009085 
 -0.330843 0.084044 0.006054 
 -0.339834 0.091421 0.057223 
 -0.350192 0.099407 0.096413 
 -0.364274 0.108962 0.099581 
 0.272568 -0.339425 0.118873 
 0.258251 -0.329711 0.122094 
 0.243935 -0.319997 0.125314 
 0.229618 -0.310283 0.128534 
 0.215301 -0.300569 0.131754 
 0.197188 -0.288866 0.111248 
 0.182907 -0.279177 0.114460 
 0.159316 -0.264638 0.058315 
 0.145126 -0.255010 0.061506 
 0.127284 -0.243491 0.040939 
 0.113130 -0.233887 0.044123 
 0.098975 -0.224283 0.047307 
 0.081278 -0.212862 0.026707 
 0.063652 -0.201490 0.006091 
 0.047834 -0.191051 -0.002642 
 0.033770 -0.181509 0.000522 
 0.019706 -0.171967 0.003685 
 -0.006129 -0.156492 -0.076536 
 -0.018403 -0.147871 -0.061485 
 -0.037295 -0.135933 -0.094106 
 -0.056079 -0.124069 -0.126753 
 -0.069926 -0.114673 -0.123638 
 -0.086956 -0.103706 -0.144388 
 -0.100767 -0.094335 -0.141281 
 -0.114578 -0.084964 -0.138175 
 -0.131464 -0.074094 -0.158958 
 -0.145239 -0.064748 -0.155859 
 -0.159014 -0.055401 -0.152761 
 -0.172789 -0.046055 -0.149662 
 -0.189494 -0.035308 -0.170485 
 -0.200339 -0.027362 -0.143466 
 -0.214114 -0.018016 -0.140367 
 -0.225068 -0.009996 -0.113322 
 -0.238879 -0.000626 -0.110216 
 -0.249941 0.007467 -0.083148 
 -0.262432 0.016235 -0.068048 
 -0.273620 0.024414 -0.040950 
 -0.287521 0.033846 -0.037824 
 -0.301423 0.043278 -0.034697 
 -0.312756 0.051554 -0.007567 
 -0.326693 0.061011 -0.004432 
 -0.336886 0.068807 0.034731 
 -0.348417 0.077218 0.061905 
 -0.358809 0.085149 0.101114 
 -0.372891 0.094704 0.104281 
 0.249491 -0.344206 0.126873 
 0.235174 -0.334492 0.130093 
 0.220858 -0.324778 0.133313 
 0.206541 -0.315064 0.136533 
 0.188450 -0.303325 0.116015 
 0.174169 -0.293636 0.119227 
 0.150633 -0.279005 0.063051 
 0.136443 -0.269377 0.066243 
 0.118623 -0.257822 0.045664 
 0.104469 -0.248218 0.048848 
 0.086757 -0.236736 0.028244 
 0.072639 -0.227157 0.031420 
 0.055035 -0.215748 0.010791 
 0.039228 -0.205291 0.002053 
 0.025164 -0.195749 0.005216 
 0.011100 -0.186206 0.008380 
 -0.012986 -0.171469 -0.059965 
 -0.026942 -0.162001 -0.056826 
 -0.045801 -0.150008 -0.089466 
 -0.064552 -0.138089 -0.122130 
 -0.078399 -0.128694 -0.119016 
 -0.095406 -0.117689 -0.139778 
 -0.109218 -0.108318 -0.136671 
 -0.126117 -0.097388 -0.157458 
 -0.139892 -0.088041 -0.154360 
 -0.153668 -0.078695 -0.151261 
 -0.167443 -0.069348 -0.148163 
 -0.184161 -0.058540 -0.168990 
 -0.197900 -0.049218 -0.165899 
 -0.211639 -0.039896 -0.162809 
 -0.222543 -0.031963 -0.135769 
 -0.236318 -0.022616 -0.132671 
 -0.250093 -0.013270 -0.129572 
 -0.258414 -0.006553 -0.078525 
 -0.270916 0.002197 -0.063420 
 -0.282126 0.010339 -0.036310 
 -0.296028 0.019771 -0.033183 
 -0.307346 0.027986 -0.006050 
 -0.321284 0.037442 -0.002915 
 -0.333966 0.046315 0.012232 
 -0.345447 0.054641 0.039402 
 -0.354563 0.061896 0.090627 
 -0.368627 0.071439 0.093791 
 0.244627 -0.360862 0.155370 
 0.226414 -0.348988 0.134872 
 0.212097 -0.339274 0.138092 
 0.197781 -0.329560 0.141312 
 0.179712 -0.317784 0.120781 
 0.165431 -0.308095 0.123994 
 0.145631 -0.295386 0.091556 
 0.127760 -0.283745 0.070980 
 0.113570 -0.274117 0.074172 
 0.095808 -0.262549 0.053572 
 0.078118 -0.251030 0.032957 
 0.064000 -0.241451 0.036132 
 0.046418 -0.230006 0.015492 
 0.032336 -0.220451 0.018659 
 0.016559 -0.209988 0.009911 
 0.002495 -0.200446 0.013074 
 -0.014888 -0.189135 -0.007611 
 -0.028916 -0.179618 -0.004456 
 -0.049437 -0.166662 -0.049029 
 -0.064998 -0.156345 -0.057827 
 -0.082110 -0.145219 -0.078572 
 -0.100719 -0.133318 -0.111279 
 -0.114566 -0.123923 -0.108164 
 -0.128414 -0.114528 -0.105050 
 -0.148321 -0.101988 -0.149761 
 -0.162096 -0.092642 -0.146663 
 -0.175871 -0.083295 -0.143565 
 -0.189647 -0.073949 -0.140466 
 -0.206307 -0.063129 -0.161313 
 -0.217197 -0.055256 -0.134269 
 -0.230972 -0.045910 -0.131171 
 -0.244747 -0.036563 -0.128073 
 -0.258522 -0.027217 -0.124974 
 -0.269592 -0.019222 -0.097889 
 -0.283403 -0.009851 -0.094782 
 -0.293265 -0.002434 -0.055673 
 -0.307131 0.006974 -0.052554 
 -0.320996 0.016381 -0.049435 
 -0.328550 0.022717 0.013751 
 -0.340017 0.030981 0.040925 
 -0.351557 0.039294 0.068115 
 -0.363168 0.047657 0.095322 
 0.235845 -0.375394 0.160161 
 0.217654 -0.363483 0.139651 
 0.203337 -0.353769 0.142871 
 0.189020 -0.344055 0.146091 
 0.170973 -0.332243 0.125548 
 0.156693 -0.322554 0.128760 
 0.136926 -0.309790 0.096304 
 0.119077 -0.298112 0.075717 
 0.104887 -0.288484 0.078908 
 0.087147 -0.276880 0.058297 
 0.069479 -0.265325 0.037670 
 0.055361 -0.255745 0.040845 
 0.037802 -0.244264 0.020193 
 0.023720 -0.234709 0.023360 
 0.007953 -0.224228 0.014605 
 -0.009444 -0.212856 -0.006084 
 -0.023472 -0.203338 -0.002928 
 -0.037499 -0.193820 0.000227 
 -0.057976 -0.180791 -0.044370 
 -0.073526 -0.170457 -0.053174 
 -0.090616 -0.159294 -0.073932 
 -0.107634 -0.148180 -0.094706 
 -0.123039 -0.137943 -0.103542 
 -0.136887 -0.128548 -0.100427 
 -0.153742 -0.117544 -0.121237 
 -0.167553 -0.108173 -0.118131 
 -0.184300 -0.097242 -0.138966 
 -0.198075 -0.087896 -0.135868 
 -0.211850 -0.078550 -0.132770 
 -0.225626 -0.069203 -0.129671 
 -0.239401 -0.059857 -0.126573 
 -0.253176 -0.050510 -0.123474 
 -0.264232 -0.042577 -0.096385 
 -0.275360 -0.034594 -0.069281 
 -0.287884 -0.025880 -0.054163 
 -0.299138 -0.017811 -0.027029 
 -0.313040 -0.008379 -0.023903 
 -0.324403 -0.000237 0.003255 
 -0.337089 0.008587 0.018410 
 -0.348578 0.016815 0.045596 
 -0.362570 0.026308 0.048743 
 -0.371774 0.033417 0.100017 
 0.208894 -0.377979 0.144430 
 0.194577 -0.368265 0.147650 
 0.180260 -0.358551 0.150870 
 0.162235 -0.346702 0.130315 
 0.147955 -0.337012 0.133527 
 0.133674 -0.327323 0.136739 
 0.113994 -0.314541 0.104253 
 0.099768 -0.304888 0.107453 
 0.082014 -0.293223 0.086837 
 0.064332 -0.281607 0.066206 
 0.046723 -0.270040 0.045558 
 0.032604 -0.260461 0.048733 
 0.015103 -0.248967 0.028061 
 -0.000652 -0.238467 0.019300 
 -0.018027 -0.227059 -0.001401 
 -0.032055 -0.217541 0.001754 
 -0.046083 -0.208023 0.004909 
 -0.066516 -0.194921 -0.039712 
 -0.080471 -0.185452 -0.036573 
 -0.099122 -0.173369 -0.069291 
 -0.116118 -0.162218 -0.090078 
 -0.131512 -0.151963 -0.098920 
 -0.145360 -0.142568 -0.095805 
 -0.162193 -0.131527 -0.116627 
 -0.176004 -0.122157 -0.113521 
 -0.192729 -0.111190 -0.134368 
 -0.206504 -0.101843 -0.131270 
 -0.220279 -0.092497 -0.128171 
 -0.234054 -0.083150 -0.125073 
 -0.247830 -0.073804 -0.121975 
 -0.258871 -0.065931 -0.094882 
 -0.272683 -0.056560 -0.091775 
 -0.286494 -0.047189 -0.088669 
 -0.296368 -0.039918 -0.049535 
 -0.307645 -0.031886 -0.022389 
 -0.321546 -0.022454 -0.019262 
 -0.332931 -0.014349 0.007907 
 -0.345628 -0.005543 0.023068 
 -0.357140 0.002648 0.050266 
 -0.368724 0.010888 0.077480 
 0.200133 -0.392474 0.149209 
 0.182058 -0.380539 0.128658 
 0.171500 -0.373046 0.155649 
 0.153497 -0.361161 0.135082 
 0.139217 -0.351471 0.138294 
 0.121322 -0.339659 0.117703 
 0.105289 -0.328945 0.109002 
 0.091063 -0.319293 0.112202 
 0.073331 -0.307591 0.091574 
 0.055671 -0.295938 0.070930 
 0.041517 -0.286334 0.074114 
 0.023966 -0.274755 0.053446 
 0.006487 -0.263225 0.032761 
 -0.009258 -0.252707 0.023995 
 -0.026611 -0.241262 0.003281 
 -0.040639 -0.231744 0.006437 
 -0.054666 -0.222226 0.009592 
 -0.075055 -0.209051 -0.035054 
 -0.089011 -0.199582 -0.031915 
 -0.107629 -0.187444 -0.064651 
 -0.124602 -0.176257 -0.085450 
 -0.138468 -0.166849 -0.082331 
 -0.153833 -0.156588 -0.091183 
 -0.170644 -0.145511 -0.112017 
 -0.184455 -0.136140 -0.108911 
 -0.201158 -0.125137 -0.129770 
 -0.214933 -0.115790 -0.126672 
 -0.228708 -0.106444 -0.123573 
 -0.242483 -0.097097 -0.120475 
 -0.256258 -0.087751 -0.117377 
 -0.270033 -0.078405 -0.114278 
 -0.281133 -0.070544 -0.087165 
 -0.294945 -0.061173 -0.084058 
 -0.306153 -0.053239 -0.056922 
 -0.318717 -0.044549 -0.041788 
 -0.330052 -0.036529 -0.014622 
 -0.341459 -0.028460 0.012560 
 -0.351709 -0.021012 0.051789 
 -0.365701 -0.011518 0.054937 
 -0.377307 -0.003315 0.082163 
 0.191373 -0.406969 0.153988 
 0.173320 -0.394998 0.133425 
 0.159040 -0.385309 0.136637 
 0.144759 -0.375620 0.139849 
 0.130478 -0.365930 0.143061 
 0.110811 -0.353002 0.110551 
 0.096584 -0.343349 0.113751 
 0.078838 -0.331586 0.093119 
 0.064648 -0.321958 0.096311 
 0.047010 -0.310269 0.075655 
 0.032856 -0.300665 0.078839 
 0.011952 -0.287037 0.034294 
 -0.003800 -0.276489 0.025526 
 -0.017863 -0.266946 0.028689 
 -0.035194 -0.255465 0.007964 
 -0.049222 -0.245947 0.011119 
 -0.063250 -0.236429 0.014274 
 -0.080436 -0.225046 -0.006483 
 -0.097550 -0.213712 -0.027256 
 -0.116135 -0.201519 -0.060011 
 -0.133086 -0.190295 -0.080821 
 -0.148459 -0.180004 -0.089675 
 -0.162306 -0.170608 -0.086560 
 -0.176153 -0.161213 -0.083446 
 -0.190001 -0.151818 -0.080331 
 -0.209587 -0.139084 -0.125172 
 -0.223362 -0.129737 -0.122074 
 -0.237137 -0.120391 -0.118975 
 -0.250912 -0.111044 -0.115877 
 -0.264687 -0.101698 -0.112778 
 -0.275773 -0.093898 -0.085661 
 -0.289584 -0.084527 -0.082555 
 -0.300779 -0.076654 -0.055414 
 -0.313336 -0.067996 -0.040278 
 -0.324657 -0.060037 -0.013108 
 -0.338558 -0.050604 -0.009982 
 -0.349988 -0.042572 0.017212 
 -0.360271 -0.035178 0.056460 
 -0.371863 -0.027035 0.083690 
 0.164582 -0.409457 0.138192 
 0.150302 -0.399768 0.141404 
 0.132379 -0.387834 0.120805 
 0.118135 -0.378169 0.124009 
 0.103890 -0.368504 0.127213 
 0.087879 -0.357753 0.118500 
 0.073653 -0.348101 0.121700 
 0.055965 -0.336326 0.101047 
 0.038350 -0.324600 0.080380 
 0.024195 -0.314996 0.083563 
 0.003335 -0.301295 0.038995 
 -0.012405 -0.290728 0.030220 
 -0.026469 -0.281186 0.033384 
 -0.043778 -0.269668 0.012646 
 -0.057805 -0.260150 0.015802 
 -0.071833 -0.250632 0.018957 
 -0.088997 -0.239213 -0.001812 
 -0.106089 -0.227842 -0.022598 
 -0.124641 -0.215594 -0.055370 
 -0.141570 -0.204333 -0.076193 
 -0.156932 -0.194024 -0.085053 
 -0.169301 -0.185518 -0.069956 
 -0.184626 -0.175233 -0.078824 
 -0.198474 -0.165838 -0.075709 
 -0.215168 -0.154736 -0.096584 
 -0.231791 -0.143684 -0.117475 
 -0.245566 -0.134338 -0.114377 
 -0.259341 -0.124991 -0.111279 
 -0.273116 -0.115645 -0.108180 
 -0.284224 -0.107882 -0.081051 
 -0.295405 -0.100070 -0.053906 
 -0.309252 -0.090675 -0.050792 
 -0.319262 -0.083544 -0.011595 
 -0.333163 -0.074111 -0.008468 
 -0.344578 -0.066140 0.018729 
 -0.358516 -0.056684 0.021864 
 -0.366418 -0.050756 0.085217 
 -0.380446 -0.041238 0.088372 
 0.137908 -0.411921 0.122356 
 0.123663 -0.402256 0.125560 
 0.109419 -0.392591 0.128764 
 0.095174 -0.382926 0.131968 
 0.080930 -0.373261 0.135172 
 0.064948 -0.362505 0.126448 
 0.047282 -0.350693 0.105784 
 0.029689 -0.338931 0.085104 
 0.015535 -0.329327 0.088288 
 -0.001950 -0.317638 0.067584 
 -0.021011 -0.304968 0.034915 
 -0.035075 -0.295425 0.038078 
 -0.052361 -0.283871 0.017329 
 -0.066389 -0.274353 0.020484 
 -0.083567 -0.262873 -0.000289 
 -0.097559 -0.253379 0.002858 
 -0.114628 -0.241972 -0.017939 
 -0.133147 -0.229669 -0.050730 
 -0.150054 -0.218372 -0.071565 
 -0.165405 -0.208044 -0.080431 
 -0.177785 -0.199557 -0.065327 
 -0.193099 -0.189253 -0.074201 
 -0.206947 -0.179858 -0.071087 
 -0.223619 -0.168720 -0.091973 
 -0.240220 -0.157631 -0.112877 
 -0.253995 -0.148285 -0.109779 
 -0.267770 -0.138939 -0.106680 
 -0.278864 -0.131236 -0.079547 
 -0.292675 -0.121866 -0.076441 
 -0.303878 -0.114090 -0.049284 
 -0.316439 -0.105480 -0.034140 
 -0.327768 -0.097619 -0.006954 
 -0.341669 -0.088187 -0.003828 
 -0.353107 -0.080252 0.023382 
 -0.367044 -0.070795 0.026517 
 -0.375002 -0.064959 0.089900 
 0.129192 -0.426343 0.127111 
 0.114947 -0.416678 0.130315 
 0.100703 -0.407013 0.133519 
 0.086458 -0.397348 0.136723 
 0.072214 -0.387684 0.139927 
 0.057969 -0.378019 0.143131 
 0.042016 -0.367256 0.134397 
 0.024409 -0.355433 0.113713 
 0.006874 -0.343658 0.093013 
 -0.013898 -0.329811 0.048396 
 -0.029616 -0.319207 0.039610 
 -0.043680 -0.309665 0.042773 
 -0.060945 -0.298074 0.022011 
 -0.078137 -0.286532 0.001234 
 -0.092128 -0.277039 0.004382 
 -0.109212 -0.265571 -0.016420 
 -0.123168 -0.256102 -0.013281 
 -0.141653 -0.243744 -0.046090 
 -0.158539 -0.232410 -0.066936 
 -0.173878 -0.222064 -0.075808 
 -0.187725 -0.212669 -0.072694 
 -0.204448 -0.201445 -0.093576 
 -0.218259 -0.192075 -0.090470 
 -0.232070 -0.182704 -0.087363 
 -0.248648 -0.171578 -0.108279 
 -0.262423 -0.162232 -0.105181 
 -0.276199 -0.152886 -0.102082 
 -0.287315 -0.145220 -0.074937 
 -0.301126 -0.135849 -0.071831 
 -0.312351 -0.128110 -0.044662 
 -0.324923 -0.119519 -0.029512 
 -0.336274 -0.111694 -0.002314 
 -0.347697 -0.103820 0.024899 
 -0.361635 -0.094363 0.028034 
 -0.375572 -0.084907 0.031169 
 -0.385955 -0.077677 0.070471 
 0.422840 -0.646098 0.002227 
 0.404316 -0.633601 -0.018258 
 0.390198 -0.624022 -0.015082 
 0.371782 -0.611599 -0.035592 
 0.361961 -0.604864 -0.008731 
 0.347843 -0.595285 -0.005555 
 0.333725 -0.585706 -0.002380 
 0.319607 -0.576126 0.000796 
 0.309606 -0.569269 0.027697 
 0.295452 -0.559666 0.030880 
 0.109807 -0.433455 0.158917 
 0.095526 -0.423766 0.162129 
 0.081245 -0.414076 0.165341 
 0.063498 -0.402106 0.144682 
 0.047538 -0.391313 0.135946 
 0.033311 -0.381660 0.139146 
 0.012367 -0.367593 0.094554 
 -0.001787 -0.357989 0.097737 
 -0.022515 -0.344068 0.053097 
 -0.038222 -0.333447 0.044304 
 -0.052286 -0.323904 0.047467 
 -0.069528 -0.312277 0.026694 
 -0.083556 -0.302759 0.029849 
 -0.100690 -0.291205 0.009052 
 -0.114682 -0.281712 0.012199 
 -0.128673 -0.272219 0.015346 
 -0.150159 -0.257819 -0.041449 
 -0.167023 -0.246449 -0.062308 
 -0.182351 -0.236084 -0.071186 
 -0.196198 -0.226689 -0.068071 
 -0.212898 -0.215429 -0.088966 
 -0.226710 -0.206058 -0.085860 
 -0.240521 -0.196687 -0.082753 
 -0.257077 -0.185525 -0.103681 
 -0.270852 -0.176179 -0.100583 
 -0.284627 -0.166833 -0.097484 
 -0.298402 -0.157486 -0.094386 
 -0.312178 -0.148140 -0.091287 
 -0.323388 -0.140462 -0.064114 
 -0.333407 -0.133557 -0.024884 
 -0.344780 -0.125769 0.002326 
 -0.356226 -0.117932 0.029552 
 -0.370163 -0.108475 0.032687 
 -0.382909 -0.099791 0.047880 
 0.453628 -0.687145 0.059725 
 0.428333 -0.670033 0.003768 
 0.409795 -0.657475 -0.016720 
 0.395677 -0.647896 -0.013545 
 0.381559 -0.638317 -0.010369 
 0.367441 -0.628737 -0.007194 
 0.353323 -0.619158 -0.004018 
 0.339205 -0.609579 -0.000843 
 0.325087 -0.600000 0.002333 
 0.310968 -0.590421 0.005508 
 0.300945 -0.583600 0.032421 
 0.290850 -0.576731 0.059350 
 0.276659 -0.567102 0.062542 
 0.262469 -0.557474 0.065734 
 0.248279 -0.547846 0.068926 
 0.164132 -0.490822 0.001548 
 0.150068 -0.481280 0.004711 
 0.132306 -0.469249 -0.015952 
 0.118278 -0.459731 -0.012797 
 0.104251 -0.450213 -0.009642 
 0.090223 -0.440695 -0.006487 
 0.079748 -0.433568 0.020528 
 0.065684 -0.424026 0.023692 
 0.069026 -0.426193 0.146232 
 0.053059 -0.415370 0.137495 
 0.035424 -0.403424 0.116803 
 0.021233 -0.393796 0.119994 
 0.000370 -0.379680 0.075371 
 -0.013748 -0.370100 0.078546 
 -0.032763 -0.357229 0.045835 
 -0.046827 -0.347686 0.048999 
 -0.064084 -0.335998 0.028221 
 -0.078112 -0.326480 0.031377 
 -0.095259 -0.314865 0.010575 
 -0.109251 -0.305372 0.013723 
 -0.123243 -0.295878 0.016870 
 -0.144764 -0.281326 -0.039936 
 -0.161641 -0.269895 -0.060799 
 -0.176976 -0.259500 -0.069678 
 -0.190824 -0.250105 -0.066564 
 -0.204671 -0.240709 -0.063449 
 -0.221349 -0.229413 -0.084356 
 -0.235161 -0.220042 -0.081249 
 -0.248972 -0.210671 -0.078143 
 -0.265506 -0.199473 -0.099083 
 -0.276594 -0.191929 -0.071930 
 -0.290405 -0.182558 -0.068823 
 -0.306831 -0.171433 -0.089788 
 -0.320606 -0.162087 -0.086689 
 -0.331839 -0.154445 -0.059504 
 -0.341891 -0.147595 -0.020255 
 -0.355756 -0.138188 -0.017137 
 -0.364754 -0.132043 0.034204 
 -0.377492 -0.123390 0.049399 
 0.496730 -0.736789 0.102156 
 0.477907 -0.723987 0.081724 
 0.463626 -0.714297 0.084936 
 0.444912 -0.701568 0.064480 
 0.419672 -0.684364 0.008493 
 0.401157 -0.671769 -0.012008 
 0.387038 -0.662190 -0.008832 
 0.372920 -0.652611 -0.005657 
 0.358802 -0.643032 -0.002481 
 0.344684 -0.633453 0.000694 
 0.330566 -0.623874 0.003870 
 0.316448 -0.614294 0.007046 
 0.302330 -0.604715 0.010221 
 0.292284 -0.597931 0.037146 
 0.278130 -0.588327 0.040330 
 0.267976 -0.581470 0.067279 
 0.253786 -0.571842 0.070471 
 0.239596 -0.562214 0.073662 
 0.225405 -0.552585 0.076854 
 0.207359 -0.540309 0.056248 
 0.189385 -0.528082 0.035626 
 0.175267 -0.518503 0.038801 
 0.161148 -0.508924 0.041977 
 0.143318 -0.496794 0.021321 
 0.127399 -0.485977 0.012569 
 0.109695 -0.473934 -0.008114 
 0.095667 -0.464416 -0.004959 
 0.085207 -0.457350 0.022059 
 0.071143 -0.447807 0.025223 
 0.057079 -0.438265 0.028386 
 0.043015 -0.428723 0.031550 
 0.037508 -0.425065 0.094452 
 0.023354 -0.415462 0.097636 
 0.009200 -0.405858 0.100820 
 -0.008269 -0.393974 0.080083 
 -0.027305 -0.381011 0.047366 
 -0.041369 -0.371468 0.050530 
 -0.058639 -0.359719 0.029749 
 -0.072667 -0.350201 0.032904 
 -0.086695 -0.340683 0.036059 
 -0.100723 -0.331165 0.039214 
 -0.117813 -0.319538 0.018393 
 -0.131804 -0.310045 0.021540 
 -0.148786 -0.298491 0.000694 
 -0.170125 -0.283933 -0.056170 
 -0.185449 -0.273520 -0.065056 
 -0.199297 -0.264125 -0.061942 
 -0.213144 -0.254729 -0.058827 
 -0.229800 -0.243396 -0.079746 
 -0.243612 -0.234026 -0.076639 
 -0.257423 -0.224655 -0.073533 
 -0.271234 -0.215284 -0.070426 
 -0.285045 -0.205913 -0.067320 
 -0.298856 -0.196542 -0.064213 
 -0.315260 -0.185380 -0.085189 
 -0.326479 -0.177800 -0.058000 
 -0.340290 -0.168429 -0.054893 
 -0.350375 -0.161634 -0.015627 
 -0.364241 -0.152226 -0.012508 
 -0.369664 -0.148657 0.075041 
 -0.381280 -0.140807 0.102319 
 0.487969 -0.751285 0.106935 
 0.469168 -0.738445 0.086490 
 0.450440 -0.725655 0.066031 
 0.425166 -0.708298 0.010034 
 0.411012 -0.698695 0.013218 
 0.396857 -0.689091 0.016401 
 0.382703 -0.679488 0.019585 
 0.368549 -0.669884 0.022769 
 0.350163 -0.657326 0.002232 
 0.336045 -0.647747 0.005407 
 0.321927 -0.638168 0.008583 
 0.307809 -0.628589 0.011758 
 0.293691 -0.619010 0.014934 
 0.283624 -0.612262 0.041871 
 0.269469 -0.602658 0.045054 
 0.251337 -0.590272 0.024460 
 0.241161 -0.583451 0.051422 
 0.227007 -0.573847 0.054605 
 0.212852 -0.564244 0.057789 
 0.191030 -0.549271 0.013352 
 0.176948 -0.539716 0.016520 
 0.162866 -0.530162 0.019687 
 0.148784 -0.520607 0.022854 
 0.132857 -0.509759 0.014101 
 0.118793 -0.500217 0.017264 
 0.104729 -0.490674 0.020427 
 0.090665 -0.481132 0.023591 
 0.076601 -0.471589 0.026754 
 0.059028 -0.459583 0.006034 
 0.048473 -0.452505 0.033081 
 0.030972 -0.440547 0.012344 
 0.020345 -0.433420 0.039408 
 0.006281 -0.423877 0.042571 
 0.000539 -0.420189 0.105544 
 -0.021847 -0.404793 0.048898 
 -0.035911 -0.395250 0.052061 
 -0.053195 -0.383440 0.031276 
 -0.067223 -0.373922 0.034431 
 -0.081251 -0.364404 0.037586 
 -0.095279 -0.354886 0.040742 
 -0.109306 -0.345368 0.043897 
 -0.126374 -0.333704 0.023063 
 -0.140366 -0.324211 0.026211 
 -0.154357 -0.314718 0.029358 
 -0.175678 -0.300044 -0.027528 
 -0.192475 -0.288564 -0.048423 
 -0.206340 -0.279157 -0.045305 
 -0.220205 -0.269749 -0.042186 
 -0.235464 -0.259354 -0.051090 
 -0.249312 -0.249959 -0.047975 
 -0.263159 -0.240563 -0.044861 
 -0.279685 -0.229267 -0.065816 
 -0.290854 -0.221773 -0.038631 
 -0.304701 -0.212377 -0.035517 
 -0.321119 -0.201155 -0.056496 
 -0.332396 -0.193586 -0.029287 
 -0.346243 -0.184191 -0.026173 
 -0.356397 -0.177426 0.013120 
 -0.361808 -0.174046 0.100691 
 -0.375836 -0.164528 0.103847 
 0.460430 -0.752904 0.091257 
 0.441724 -0.740077 0.070785 
 0.416505 -0.722629 0.014759 
 0.402351 -0.713026 0.017942 
 0.388197 -0.703422 0.021126 
 0.374042 -0.693819 0.024310 
 0.359888 -0.684215 0.027493 
 0.345734 -0.674611 0.030677 
 0.327407 -0.662041 0.010120 
 0.313288 -0.652462 0.013295 
 0.299170 -0.642883 0.016471 
 0.285052 -0.633304 0.019646 
 0.274963 -0.626593 0.046595 
 0.256816 -0.614146 0.025998 
 0.242698 -0.604566 0.029173 
 0.232500 -0.597782 0.056146 
 0.222230 -0.590949 0.083136 
 0.204192 -0.578575 0.062514 
 0.186225 -0.566250 0.041875 
 0.172107 -0.556671 0.045051 
 0.154249 -0.544419 0.024388 
 0.143871 -0.537512 0.051402 
 0.126085 -0.525310 0.030722 
 0.110187 -0.514456 0.021959 
 0.096123 -0.504914 0.025122 
 0.082059 -0.495371 0.028285 
 0.067995 -0.485829 0.031449 
 0.050444 -0.473786 0.010716 
 0.036417 -0.464268 0.013872 
 0.022389 -0.454750 0.017027 
 0.008361 -0.445232 0.020182 
 -0.005667 -0.435714 0.023337 
 -0.016388 -0.428575 0.050429 
 -0.033723 -0.416678 0.029648 
 -0.047751 -0.407161 0.032803 
 -0.061778 -0.397643 0.035958 
 -0.075806 -0.388125 0.039114 
 -0.089834 -0.378607 0.042269 
 -0.103862 -0.369089 0.045424 
 -0.117890 -0.359571 0.048579 
 -0.134935 -0.347871 0.027734 
 -0.148927 -0.338378 0.030881 
 -0.165864 -0.326751 0.010011 
 -0.181275 -0.316228 0.001137 
 -0.200959 -0.302603 -0.043795 
 -0.214824 -0.293195 -0.040676 
 -0.228690 -0.283787 -0.037558 
 -0.243937 -0.273374 -0.046468 
 -0.257785 -0.263979 -0.043353 
 -0.271632 -0.254584 -0.040238 
 -0.288136 -0.243251 -0.061206 
 -0.299327 -0.235793 -0.034009 
 -0.313174 -0.226397 -0.030894 
 -0.327021 -0.217002 -0.027780 
 -0.339613 -0.208526 -0.012608 
 -0.353478 -0.199118 -0.009489 
 -0.358803 -0.195977 0.078088 
 -0.367987 -0.190014 0.129513 
 0.407844 -0.736960 0.019483 
 0.393690 -0.727357 0.022667 
 0.379536 -0.717753 0.025851 
 0.365382 -0.708149 0.029034 
 0.351227 -0.698546 0.032218 
 0.337073 -0.688942 0.035402 
 0.318768 -0.676336 0.014832 
 0.304650 -0.666757 0.018008 
 0.290532 -0.657177 0.021184 
 0.272371 -0.644669 0.000581 
 0.258289 -0.635115 0.003749 
 0.248177 -0.628440 0.030710 
 0.230125 -0.616005 0.010084 
 0.219941 -0.609282 0.037061 
 0.209685 -0.602509 0.064055 
 0.195531 -0.592906 0.067238 
 0.181376 -0.583302 0.070422 
 0.159715 -0.568232 0.025921 
 0.145632 -0.558677 0.029088 
 0.135232 -0.551807 0.056115 
 0.117468 -0.539568 0.035423 
 0.101582 -0.528696 0.026653 
 0.087518 -0.519153 0.029816 
 0.073454 -0.509611 0.032980 
 0.059390 -0.500068 0.036143 
 0.041861 -0.487989 0.015399 
 0.027833 -0.478471 0.018554 
 0.013805 -0.468953 0.021709 
 -0.000223 -0.459435 0.024865 
 -0.014251 -0.449917 0.028020 
 -0.028278 -0.440399 0.031175 
 -0.042306 -0.430881 0.034330 
 -0.056334 -0.421363 0.037486 
 -0.070362 -0.411846 0.040641 
 -0.087530 -0.400011 0.019816 
 -0.098418 -0.392810 0.046951 
 -0.112445 -0.383292 0.050107 
 -0.126473 -0.373774 0.053262 
 -0.140501 -0.364256 0.056417 
 -0.154529 -0.354738 0.059572 
 -0.174404 -0.340881 0.014670 
 -0.189803 -0.330339 0.005789 
 -0.206592 -0.318762 -0.015121 
 -0.223308 -0.307234 -0.036048 
 -0.237174 -0.297826 -0.032929 
 -0.251039 -0.288418 -0.029811 
 -0.266258 -0.277999 -0.038731 
 -0.280105 -0.268604 -0.035616 
 -0.293952 -0.259208 -0.032501 
 -0.306500 -0.250788 -0.017336 
 -0.320366 -0.241380 -0.014217 
 -0.334231 -0.231972 -0.011098 
 -0.343117 -0.226316 0.040274 
 -0.353373 -0.219636 0.079611 
 -0.367365 -0.210143 0.082759 
 -0.376593 -0.204254 0.134208 
 0.394838 -0.748105 0.000492 
 0.380720 -0.738526 0.003667 
 0.366602 -0.728947 0.006843 
 0.356721 -0.722480 0.033759 
 0.342566 -0.712877 0.036943 
 0.328412 -0.703273 0.040126 
 0.310129 -0.690630 0.019545 
 0.296011 -0.681051 0.022721 
 0.281893 -0.671472 0.025896 
 0.263754 -0.658927 0.005282 
 0.257641 -0.655255 0.056045 
 0.243487 -0.645651 0.059228 
 0.221508 -0.630263 0.014784 
 0.211302 -0.623576 0.041774 
 0.197184 -0.613997 0.044950 
 0.186870 -0.607237 0.071963 
 0.168948 -0.594839 0.051301 
 0.151098 -0.582490 0.030621 
 0.135168 -0.571563 0.021858 
 0.121104 -0.562020 0.025021 
 0.107040 -0.552478 0.028184 
 0.092976 -0.542935 0.031348 
 0.078912 -0.533393 0.034511 
 0.064848 -0.523851 0.037674 
 0.050784 -0.514308 0.040838 
 0.033277 -0.502192 0.020081 
 0.019249 -0.492674 0.023237 
 0.005222 -0.483156 0.026392 
 -0.008806 -0.473638 0.029547 
 -0.022834 -0.464120 0.032702 
 -0.036862 -0.454602 0.035858 
 -0.050890 -0.445085 0.039013 
 -0.068108 -0.433164 0.018192 
 -0.078946 -0.426049 0.045323 
 -0.096091 -0.414177 0.024486 
 -0.110083 -0.404684 0.027633 
 -0.121029 -0.397495 0.054789 
 -0.135057 -0.387977 0.057944 
 -0.149085 -0.378459 0.061100 
 -0.163113 -0.368941 0.064255 
 -0.182943 -0.355011 0.019328 
 -0.198331 -0.344451 0.010442 
 -0.215098 -0.332837 -0.010481 
 -0.228999 -0.323405 -0.007354 
 -0.245658 -0.311864 -0.028301 
 -0.259523 -0.302457 -0.025182 
 -0.273388 -0.293049 -0.022064 
 -0.287254 -0.283641 -0.018945 
 -0.301119 -0.274234 -0.015826 
 -0.312408 -0.266812 0.011407 
 -0.326310 -0.257380 0.014534 
 -0.337707 -0.249884 0.041791 
 -0.350411 -0.241384 0.056996 
 -0.361934 -0.233803 0.084282 
 -0.375926 -0.224309 0.087429 
 0.386199 -0.762399 0.005204 
 0.376368 -0.756019 0.032116 
 0.362214 -0.746415 0.035300 
 0.348060 -0.736811 0.038484 
 0.333906 -0.727208 0.041667 
 0.319751 -0.717604 0.044851 
 0.301490 -0.704925 0.024258 
 0.287372 -0.695345 0.027433 
 0.273254 -0.685766 0.030609 
 0.259136 -0.676187 0.033784 
 0.245018 -0.666608 0.036960 
 0.234826 -0.659982 0.063953 
 0.216782 -0.647450 0.043311 
 0.206518 -0.640775 0.070321 
 0.192363 -0.631171 0.073504 
 0.174427 -0.618712 0.052838 
 0.160309 -0.609133 0.056013 
 0.142481 -0.596747 0.035322 
 0.126563 -0.585802 0.026552 
 0.112499 -0.576259 0.029715 
 0.098435 -0.566717 0.032879 
 0.084371 -0.557175 0.036042 
 0.070307 -0.547632 0.039206 
 0.056243 -0.538090 0.042369 
 0.042179 -0.528547 0.045532 
 0.024694 -0.516395 0.024764 
 0.010666 -0.506877 0.027919 
 -0.003362 -0.497359 0.031074 
 -0.017390 -0.487841 0.034230 
 -0.031418 -0.478323 0.037385 
 -0.045445 -0.468805 0.040540 
 -0.059473 -0.459287 0.043695 
 -0.076669 -0.447331 0.022863 
 -0.090661 -0.437837 0.026010 
 -0.104653 -0.428344 0.029157 
 -0.118644 -0.418850 0.032304 
 -0.132636 -0.409357 0.035451 
 -0.146628 -0.399864 0.038598 
 -0.160620 -0.390370 0.041745 
 -0.171696 -0.383144 0.068937 
 -0.191482 -0.369140 0.023986 
 -0.205438 -0.359672 0.027125 
 -0.223604 -0.346912 -0.005840 
 -0.237505 -0.337480 -0.002713 
 -0.251407 -0.328048 0.000413 
 -0.268007 -0.316495 -0.020554 
 -0.281872 -0.307087 -0.017435 
 -0.293111 -0.299751 0.009794 
 -0.309603 -0.288272 -0.011198 
 -0.318360 -0.282909 0.040174 
 -0.331038 -0.274451 0.055377 
 -0.344994 -0.264982 0.058516 
 -0.356504 -0.257463 0.085805 
 -0.368086 -0.249894 0.113111 
 -0.382114 -0.240376 0.116266 
 0.339399 -0.751142 0.043208 
 0.325245 -0.741538 0.046392 
 0.311091 -0.731935 0.049576 
 0.292852 -0.719219 0.028970 
 0.278734 -0.709640 0.032146 
 0.264615 -0.700061 0.035322 
 0.250497 -0.690481 0.038497 
 0.240319 -0.683917 0.065494 
 0.226165 -0.674313 0.068678 
 0.208143 -0.661744 0.048024 
 0.197857 -0.655106 0.075045 
 0.183703 -0.645502 0.078229 
 0.165789 -0.633007 0.057550 
 0.151670 -0.623427 0.060726 
 0.133865 -0.611005 0.040023 
 0.119783 -0.601451 0.043190 
 0.105701 -0.591896 0.046357 
 0.091619 -0.582341 0.049525 
 0.075765 -0.571414 0.040737 
 0.061701 -0.561872 0.043900 
 0.047637 -0.552329 0.047064 
 0.033573 -0.542787 0.050227 
 0.016110 -0.530598 0.029446 
 0.005445 -0.523702 0.056554 
 -0.011945 -0.511562 0.035757 
 -0.022683 -0.504617 0.062880 
 -0.040001 -0.492526 0.042067 
 -0.054029 -0.483008 0.045223 
 -0.068057 -0.473490 0.048378 
 -0.082085 -0.463973 0.051533 
 -0.096112 -0.454455 0.054688 
 -0.110140 -0.444937 0.057844 
 -0.124168 -0.435419 0.060999 
 -0.138196 -0.425901 0.064154 
 -0.155189 -0.414030 0.043269 
 -0.169181 -0.404537 0.046416 
 -0.183173 -0.395043 0.049563 
 -0.200021 -0.383270 0.028645 
 -0.213977 -0.373801 0.031784 
 -0.229325 -0.363217 0.022881 
 -0.246012 -0.351555 0.001927 
 -0.259913 -0.342123 0.005054 
 -0.273815 -0.332690 0.008181 
 -0.287716 -0.323258 0.011307 
 -0.301617 -0.313826 0.014434 
 -0.315519 -0.304394 0.017561 
 -0.326888 -0.297021 0.044826 
 -0.337082 -0.290616 0.084181 
 -0.351074 -0.281122 0.087329 
 -0.362642 -0.273614 0.114638 
 -0.376670 -0.264097 0.117794 
 0.241859 -0.704776 0.043210 
 0.231659 -0.698248 0.070219 
 0.217504 -0.688644 0.073403 
 0.203350 -0.679040 0.076586 
 0.193006 -0.672414 0.103628 
 0.175042 -0.659833 0.082954 
 0.157150 -0.647301 0.062263 
 0.143032 -0.637722 0.065439 
 0.125248 -0.625263 0.044723 
 0.111166 -0.615708 0.047891 
 0.097084 -0.606154 0.051058 
 0.083002 -0.596599 0.054225 
 0.067159 -0.585654 0.045431 
 0.054838 -0.577490 0.060560 
 0.039032 -0.566569 0.051758 
 0.024968 -0.557027 0.054922 
 0.007527 -0.544801 0.034129 
 -0.003160 -0.537942 0.061248 
 -0.017224 -0.528399 0.064412 
 -0.031288 -0.518857 0.067575 
 -0.048585 -0.506729 0.046750 
 -0.062612 -0.497211 0.049905 
 -0.076640 -0.487693 0.053060 
 -0.090668 -0.478175 0.056216 
 -0.104696 -0.468658 0.059371 
 -0.118724 -0.459140 0.062526 
 -0.135767 -0.447183 0.041645 
 -0.146780 -0.440104 0.068837 
 -0.163751 -0.428196 0.047939 
 -0.177742 -0.418703 0.051086 
 -0.191734 -0.409210 0.054233 
 -0.208561 -0.397400 0.033303 
 -0.222516 -0.387931 0.036442 
 -0.237854 -0.377329 0.027534 
 -0.251791 -0.367872 0.030669 
 -0.265729 -0.358416 0.033804 
 -0.279666 -0.348959 0.036939 
 -0.296222 -0.337333 0.015948 
 -0.310124 -0.327901 0.019075 
 -0.321479 -0.320589 0.046344 
 -0.334162 -0.312180 0.061554 
 -0.348117 -0.302711 0.064693 
 -0.357197 -0.297335 0.116166 
 -0.371225 -0.287817 0.119321 
 0.152227 -0.664560 0.090862 
 0.134393 -0.652016 0.070151 
 0.116631 -0.639521 0.049424 
 0.102549 -0.629966 0.052591 
 0.088467 -0.620412 0.055759 
 0.074385 -0.610857 0.058926 
 0.058554 -0.599893 0.050126 
 0.044490 -0.590351 0.053289 
 0.030426 -0.580809 0.056453 
 0.016362 -0.571266 0.059616 
 -0.001057 -0.559004 0.038811 
 -0.010107 -0.553529 0.077931 
 -0.024189 -0.543974 0.081098 
 -0.038271 -0.534420 0.084266 
 -0.053958 -0.523554 0.075433 
 -0.068022 -0.514012 0.078596 
 -0.082086 -0.504469 0.081760 
 -0.096150 -0.494927 0.084923 
 -0.113279 -0.482861 0.064053 
 -0.127307 -0.473343 0.067209 
 -0.144328 -0.461350 0.046315 
 -0.155363 -0.454307 0.073519 
 -0.172312 -0.442363 0.052610 
 -0.189189 -0.430468 0.031684 
 -0.203144 -0.420999 0.034823 
 -0.218507 -0.410354 0.025916 
 -0.232444 -0.400897 0.029051 
 -0.246382 -0.391440 0.032186 
 -0.263024 -0.379705 0.011208 
 -0.276925 -0.370273 0.014334 
 -0.288195 -0.363070 0.041591 
 -0.302132 -0.353614 0.044726 
 -0.316070 -0.344157 0.047861 
 -0.330007 -0.334701 0.050996 
 -0.340213 -0.328442 0.090375 
 -0.351753 -0.321056 0.117693 
 -0.365781 -0.311538 0.120848 
 0.078076 -0.633218 0.048494 
 0.064012 -0.623675 0.051657 
 0.049948 -0.614133 0.054821 
 0.035884 -0.604590 0.057984 
 0.021820 -0.595048 0.061147 
 0.007756 -0.585506 0.064311 
 -0.009640 -0.573207 0.043494 
 -0.023668 -0.563689 0.046649 
 -0.032805 -0.558232 0.085799 
 -0.048499 -0.547336 0.076964 
 -0.062563 -0.537794 0.080128 
 -0.076627 -0.528251 0.083291 
 -0.090691 -0.518709 0.086454 
 -0.104755 -0.509166 0.089618 
 -0.118819 -0.499624 0.092781 
 -0.183772 -0.454067 0.033203 
 -0.197728 -0.444598 0.036342 
 -0.211684 -0.435129 0.039481 
 -0.227035 -0.424465 0.030569 
 -0.240972 -0.415009 0.033704 
 -0.254910 -0.405552 0.036839 
 -0.271530 -0.393780 0.015848 
 -0.282785 -0.386639 0.043109 
 -0.296723 -0.377182 0.046243 
 -0.310660 -0.367725 0.049378 
 -0.323329 -0.359378 0.064593 
 -0.337285 -0.349909 0.067732 
 -0.346309 -0.344777 0.119220 
 -0.360336 -0.335259 0.122375 
 -0.374364 -0.325741 0.125531 
 -0.203427 -0.461202 0.065098 
 -0.217418 -0.451709 0.068245 
 -0.234179 -0.439790 0.047279 
 -0.248134 -0.430321 0.050418 
 -0.263438 -0.419664 0.041491 
 -0.277376 -0.410207 0.044626 
 -0.291313 -0.400750 0.047761 
 -0.305251 -0.391294 0.050896 
 -0.317912 -0.382976 0.066113 
 -0.331868 -0.373507 0.069252 
 -0.340864 -0.368498 0.120747 
 -0.352448 -0.361185 0.148090 
 -0.366512 -0.351643 0.151253 
 -0.206350 -0.480391 0.117987 
 -0.220414 -0.470849 0.121151 
 -0.234478 -0.461306 0.124314 
 -0.248542 -0.451764 0.127477 
 -0.299842 -0.414862 0.052413 
 -0.313779 -0.405405 0.055548 
 -0.315067 -0.407525 0.179556 
 -0.329185 -0.397946 0.182732 
 -0.345761 -0.386100 0.161716 
 -0.359843 -0.376546 0.164884 
 -0.375118 -0.365882 0.155948 
 -0.368460 -0.390803 0.169584 
 