-0.094270 0.317629 -0.034974 
 -0.141297 0.455678 0.044651 
 -0.015401 -0.484810 0.101409 
 -0.149389 0.474577 0.045845 
 -0.314946 0.005355 -0.007936 
 0.022329 -0.553613 0.126693 
 -0.093795 -0.255220 -0.046238 
 0.255373 0.182889 -0.140375 
 0.037132 0.704996 0.131630 
 0.151204 0.781290 0.133826 
 -0.152879 -0.475156 0.179465 
 0.194202 0.821656 0.128705 
 0.020097 0.697710 0.133356 
 0.279144 0.131083 -0.140429 
 -0.059594 0.313873 -0.064680 
 -0.060117 -0.467447 0.131410 
 0.118030 0.000540 -0.203436 
 -0.016868 0.533839 0.100524 
 -0.386819 0.151213 0.074125 
 0.125343 0.745278 0.136833 
 -0.153371 0.107466 -0.091520 
 0.331145 -0.666608 0.037824 
 0.149522 0.465841 0.129002 
 0.035242 0.620444 0.134176 
 0.018443 0.210477 -0.121840 
 -0.444903 0.084469 0.053647 
 -0.325021 0.122324 0.002709 
 -0.266761 -0.218385 0.007157 
 -0.153396 0.108383 -0.091617 
 -0.035886 -0.382665 0.033186 
 -0.361023 0.064821 0.004969 
 0.355532 -0.676151 0.036036 
 -0.151954 -0.289286 -0.000332 
 0.371991 -0.609247 0.059772 
 0.008354 -0.562291 0.141840 
 -0.354230 0.209026 0.069739 
 -0.089191 0.178440 -0.112268 
 -0.126302 -0.231081 -0.044291 
 0.226719 0.754242 0.128406 
 0.273342 -0.700727 0.085043 
 -0.012940 -0.044923 -0.152710 
 0.071157 -0.062123 -0.185846 
 -0.109414 0.248730 -0.058896 
 -0.267184 0.210928 -0.004626 
 0.120384 -0.277265 -0.063109 
 -0.419142 -0.191462 0.045641 
 0.298825 0.098284 -0.128199 
 0.353825 0.311929 0.130148 
 -0.234390 0.127196 -0.045181 
 0.200457 0.367682 0.060482 
 -0.179951 -0.303425 0.029267 
 0.068989 0.234178 -0.126535 
 -0.173817 0.099107 -0.103249 
 0.038734 -0.367522 0.026647 
 -0.015622 -0.511061 0.142426 
 -0.065718 -0.010537 -0.135838 
 0.125300 0.746845 0.135660 
 0.010813 -0.135512 -0.151986 
 0.147117 0.173135 -0.172635 
 -0.147601 -0.354825 0.068323 
 0.022535 0.293423 -0.111128 
 -0.252646 -0.371188 0.144377 
 0.271217 0.148507 -0.140764 
 0.102324 0.268526 -0.090621 
 -0.108393 0.429903 0.043733 
 0.108265 0.738718 0.138035 
 0.296492 0.192712 -0.049973 
 0.135491 -0.386581 0.047922 
 -0.117877 -0.475336 0.149623 
 -0.169159 -0.321611 0.042546 
 -0.253023 0.280063 0.019199 
 -0.284255 -0.387282 0.147579 
 -0.110921 0.308219 -0.033161 
 -0.030878 -0.266722 -0.064548 
 0.071657 0.617362 0.104805 
 -0.384051 -0.326203 0.113647 
 0.004957 -0.317444 -0.012355 
 0.291250 -0.107819 -0.134015 
 -0.187265 0.050468 -0.086795 
 -0.239639 -0.120981 -0.038037 
 -0.322256 -0.293621 0.080809 
 -0.050039 0.357564 -0.026353 
 0.147148 0.172004 -0.171651 
 0.459124 0.256625 0.110392 
 0.036966 0.559029 0.108857 
 0.199227 -0.104749 -0.168242 
 -0.461470 0.076294 0.055232 
 0.150709 0.347702 -0.004612 
 0.030486 -0.086624 -0.154838 
 0.321623 0.219801 0.014327 
 0.167716 -0.564126 0.088671 
 0.290946 -0.608711 0.079711 
 -0.415636 -0.149728 0.057675 
 -0.278579 0.187295 -0.016430 
 0.035608 0.620463 0.132877 
 0.099293 -0.429711 0.077028 
 0.399964 0.249379 0.114298 
 -0.394040 -0.200285 0.043322 
 0.420537 -0.767781 0.033295 
 -0.122345 -0.206277 -0.058871 
 0.022064 -0.375521 0.028234 
 -0.295464 0.196927 0.024954 
 -0.365469 -0.360107 0.126636 
 0.394151 0.211760 0.035433 
 0.160333 -0.302985 -0.038742 
 0.022671 0.134629 -0.160544 
 0.050755 -0.201706 -0.113319 
 -0.219674 0.075850 -0.084873 
 -0.310644 0.070775 -0.037084 
 -0.120930 0.222529 -0.070577 
 -0.340794 -0.194014 0.012460 
 0.286065 -0.491965 0.117195 
 0.060148 -0.242962 -0.071602 
 -0.149483 0.472563 0.045831 
 0.001634 -0.409557 0.057604 
 -0.261213 0.255259 0.020847 
 -0.114481 0.006152 -0.132342 
 0.151660 0.927314 0.157487 
 0.278284 -0.517057 0.118361 
 0.143021 0.032690 -0.208686 
 0.106515 -0.485593 0.078062 
 0.226657 0.795546 0.127181 
 0.376288 -0.836433 0.065360 
 -0.447952 0.101361 0.080290 
 0.031691 0.374748 -0.006536 
 -0.187871 0.349816 0.079203 
 0.055455 -0.579549 0.123626 
 0.030522 -0.064697 -0.182571 
 -0.072137 -0.263108 -0.061195 
 -0.058734 0.313897 -0.064687 
 -0.298874 -0.194014 0.009113 
 0.079001 0.558173 0.105489 
 -0.072981 -0.382320 0.062139 
 0.077663 -0.185983 -0.142800 
 0.070815 -0.393616 0.024671 
 0.035869 -0.434673 0.055630 
 -0.171483 0.357520 0.077605 
 -0.081221 0.063458 -0.136640 
 0.459606 0.256643 0.109590 
 0.053194 -0.401264 0.026261 
 -0.308890 0.273572 0.037352 
 0.048919 0.168024 -0.163464 
 -0.353479 -0.309602 0.083990 
 -0.283154 -0.103127 -0.008074 
 0.109456 -0.023768 -0.202157 
 0.190265 -0.557033 0.113440 
 -0.177911 -0.347072 0.043669 
 0.167472 -0.421439 0.111604 
 0.002319 -0.341660 0.015426 
 -0.161144 -0.338459 0.042078 
 -0.061309 -0.092401 -0.107567 
 0.316371 -0.617607 0.077920 
 0.087104 0.541145 0.104470 
 -0.022916 0.633675 0.178888 
 -0.368533 -0.167198 0.040890 
 -0.433190 -0.198695 0.060468 
 -0.093004 -0.190418 -0.089744 
 -0.034060 0.483592 0.103337 
 -0.408964 -0.318068 0.115431 
 -0.007856 -0.528105 0.142264 
 -0.228511 0.211318 -0.021163 
 -0.371368 -0.275871 0.085916 
 -0.105393 -0.307664 -0.017086 
 0.194852 0.015694 -0.199035 
 0.287908 -0.449775 0.115386 
 0.187530 -0.378923 0.013955 
 0.133639 0.687433 0.137866 
 0.219296 0.770363 0.128595 
 -0.265593 -0.029739 -0.052007 
 0.334317 -0.565481 0.075127 
 0.302602 -0.124503 -0.122463 
 -0.263036 -0.261318 0.034784 
 -0.446464 0.162441 0.118965 
 0.296100 -0.793617 0.084352 
 0.246867 -0.675389 0.112080 
 -0.117640 -0.432814 0.135196 
 -0.420775 -0.025383 0.014389 
 -0.054838 0.236661 -0.116573 
 0.418917 0.337580 0.177126 
 -0.324103 -0.185218 0.011050 
 0.295801 0.192692 -0.049843 
 -0.159960 -0.271648 -0.000251 
 -0.267912 0.152618 -0.043223 
 0.194627 -0.237441 -0.110497 
 -0.415029 0.015919 0.039641 
 -0.014607 -0.348455 0.017018 
 0.418828 0.058768 0.010799 
 0.257166 0.253741 -0.008091 
 -0.228483 0.210296 -0.021170 
 0.159000 -0.547179 0.088865 
 0.071648 0.617686 0.104458 
 -0.417809 0.117364 0.050665 
 0.397928 0.170385 0.048192 
 -0.118875 -0.099458 -0.102808 
 0.397166 0.128610 0.050983 
 0.241345 -0.066318 -0.159587 
 0.430731 0.204572 0.072684 
 -0.392867 -0.158633 0.042665 
 0.049140 0.382287 -0.008124 
 -0.283912 0.203492 -0.003042 
 0.232368 0.262586 -0.005935 
 -0.051424 -0.125868 -0.134758 
 -0.224751 0.253157 -0.009164 
 -0.325160 -0.102309 -0.003890 
 -0.355287 -0.309889 0.083989 
 0.002214 0.626650 0.177090 
 0.145345 0.506215 0.101571 
 -0.456713 -0.148868 0.061042 
 0.081911 0.182891 -0.166587 
 0.253048 0.216521 -0.086504 
 -0.148076 -0.381340 0.110745 
 0.013127 -0.176414 -0.139653 
 -0.333016 -0.168462 0.011079 
 0.116710 -0.211255 -0.118395 
 -0.098779 0.353015 0.018120 
 -0.056098 -0.348804 0.019680 
 -0.064110 -0.305961 -0.020417 
 -0.053899 -0.392084 0.034764 
 -0.003340 -0.274542 -0.053113 
 -0.135446 -0.106686 -0.100645 
 -0.365463 -0.360321 0.126496 
 0.062782 0.592703 0.105868 
 -0.345576 -0.217990 0.040309 
 0.046338 -0.317262 -0.015701 
 -0.186351 0.433346 0.076756 
 0.126810 0.832094 0.134411 
 0.004394 -0.036226 -0.154263 
 -0.018984 -0.537084 0.170249 
 -0.143969 -0.306139 -0.000525 
 -0.397204 -0.267014 0.086163 
 -0.262229 -0.005686 -0.079860 
 0.021544 -0.217483 -0.096653 
 0.050586 0.149375 -0.189056 
 -0.155275 0.166324 -0.066238 
 -0.215751 -0.397358 0.155897 
 0.253671 -0.397907 0.077009 
 -0.145599 -0.263593 -0.014921 
 -0.068462 -0.199165 -0.090164 
 0.229941 0.048940 -0.161259 
 0.403243 0.194648 0.035237 
 0.099980 -0.554389 0.093853 
 0.021941 -0.217469 -0.097005 
 -0.025445 0.329778 -0.069137 
 0.254846 -0.735203 0.113092 
 0.059051 0.611439 0.132372 
 -0.118734 0.205654 -0.097790 
 0.472709 0.203724 0.068326 
 -0.130271 0.040104 -0.131957 
 -0.260403 -0.395775 0.145786 
 -0.003450 -0.020722 -0.154081 
 0.063515 0.738311 0.128721 
 0.255851 0.180956 -0.140389 
 0.016235 0.052028 -0.186800 
 0.160215 -0.187623 -0.150061 
 -0.449952 -0.207444 0.063615 
 0.157768 0.215858 -0.133366 
 0.034552 0.218359 -0.123621 
 -0.152722 -0.156381 -0.097567 
 0.357889 0.034356 -0.022743 
 0.133372 0.876722 0.159467 
 0.221094 -0.709335 0.115084 
 0.043342 0.479997 0.070662 
 -0.149311 0.471722 0.045825 
 -0.218983 0.235779 -0.022551 
 0.067028 -0.527859 0.095844 
 0.005872 -0.225358 -0.095439 
 -0.191058 -0.246013 0.001830 
 0.067659 0.234141 -0.126424 
 0.050948 -0.426698 0.054039 
 0.334964 0.386007 0.117395 
 0.107860 -0.486966 0.078052 
 -0.236251 0.067953 -0.084288 
 -0.239202 -0.097466 -0.079049 
 -0.277092 0.187208 -0.016431 
 0.002187 0.243708 -0.121974 
 0.121042 0.557086 0.102069 
 -0.111300 0.429824 0.043661 
 -0.242767 -0.270429 0.006568 
 0.102348 0.267669 -0.090009 
 0.068165 -0.284585 -0.031853 
 0.298309 -0.709618 0.080863 
 -0.279315 0.145419 -0.015240 
 -0.008750 0.018392 -0.181622 
 0.032352 0.019015 -0.184909 
 -0.186187 0.433350 0.076786 
 -0.430916 -0.074333 0.057664 
 -0.123815 0.081666 -0.104379 
 -0.016968 0.411307 0.037116 
 0.216542 0.436358 0.083245 
 -0.205287 0.001145 -0.097753 
 -0.028387 -0.357848 0.031750 
 -0.177927 -0.346459 0.043407 
 0.103321 0.506681 0.104886 
 0.390891 -0.687261 0.073746 
 -0.402029 -0.184042 0.044053 
 -0.149407 -0.449314 0.151855 
 0.075722 0.807127 0.139097 
 -0.097167 0.197618 -0.112060 
 0.007649 0.027671 -0.183132 
 -0.317936 -0.160537 -0.003244 
 0.334313 -0.565345 0.075128 
 0.206070 0.289640 0.022772 
 0.213015 -0.692809 0.115276 
 0.232169 -0.556050 0.110054 
 0.028939 0.059459 -0.199255 
 -0.002737 -0.571087 0.169859 
 0.065756 0.390274 -0.009708 
 0.031703 0.374284 -0.007488 
 -0.447787 0.041207 0.041609 
 -0.099269 -0.467205 0.148396 
 0.002340 0.184834 -0.146805 
 -0.076576 0.007282 -0.148823 
 0.046781 0.772455 0.129469 
 -0.420476 -0.025375 0.014389 
 -0.042090 0.321842 -0.067647 
 -0.217959 -0.129887 -0.050522 
 -0.254005 -0.170232 -0.008842 
 -0.277994 0.248036 0.022180 
 0.270187 -0.500185 0.118797 
 -0.083034 -0.502344 0.147621 
 0.055920 -0.334129 -0.015895 
 -0.325930 -0.252870 0.053142 
 -0.009821 0.375131 -0.004486 
 0.089966 0.382170 -0.011481 
 0.166877 -0.633226 0.130847 
 0.003624 -0.076032 -0.153077 
 0.314026 0.177498 -0.011148 
 -0.078145 -0.100304 -0.105535 
 -0.106521 0.130709 -0.109797 
 0.410213 0.312222 0.179241 
 -0.340523 -0.368215 0.124710 
 -0.282693 -0.186067 0.008630 
 0.296797 -0.793602 0.084990 
 0.141971 0.859593 0.158100 
 -0.183292 -0.467200 0.154814 
 0.089679 -0.495047 0.079669 
 -0.286932 -0.254194 0.036549 
 0.068698 -0.284832 -0.031854 
 -0.419971 -0.191485 0.045641 
 -0.029937 -0.158889 -0.107863 
 0.011050 0.671688 0.134763 
 -0.157371 0.489465 0.045646 
 0.247952 -0.634001 0.110864 
 0.265854 0.376390 0.081325 
 0.325396 -0.074890 -0.098925 
 0.167888 0.024047 -0.209512 
 0.363697 0.215128 0.078230 
 0.166743 0.703647 0.135024 
 -0.050726 -0.083320 -0.135028 
 0.090718 0.835583 0.164118 
 0.026593 -0.169865 -0.152488 
 0.241895 0.324770 0.058301 
 0.387179 0.345131 0.153374 
 -0.084406 0.022234 -0.148644 
 0.059752 0.250762 -0.126321 
 0.386707 0.345109 0.153374 
 -0.225374 -0.464635 0.158138 
 0.017378 -0.468724 0.098215 
 0.177663 0.960750 0.154565 
 -0.037155 -0.382693 0.032237 
 0.406707 -0.662517 0.098915 
 -0.009854 0.078007 -0.156248 
 -0.117188 0.405126 0.045058 
 -0.380963 0.015005 -0.004059 
 -0.232503 -0.447575 0.158424 
 0.435599 0.068883 0.009221 
 0.068919 0.017842 -0.201374 
 0.208774 0.870638 0.114644 
 0.170572 -0.319928 -0.024784 
 -0.185043 0.331081 0.052625 
 0.255801 0.271902 0.018319 
 -0.141991 -0.172940 -0.086187 
 -0.199545 -0.431428 0.155884 
 -0.421094 -0.258343 0.087946 
 0.110922 0.057916 -0.205841 
 0.039749 -0.474925 0.083242 
 0.436424 0.284491 0.150973 
 -0.053252 -0.299174 -0.048398 
 0.209365 -0.000240 -0.171339 
 0.055277 0.133533 -0.203336 
 0.311259 -0.099865 -0.123839 
 0.450338 -0.008168 0.010029 
 -0.156922 0.065893 -0.102855 
 0.141165 -0.152836 -0.162198 
 -0.325719 0.224182 0.040140 
 0.243276 0.886882 0.110007 
 -0.119730 0.205622 -0.097129 
 0.152652 -0.065178 -0.192096 
 0.087738 0.148043 -0.206448 
 0.169900 -0.464024 0.125997 
 -0.125684 0.463662 0.044047 
 -0.196285 0.366420 0.079394 
 0.048510 0.380532 -0.008136 
 -0.038840 -0.249198 -0.065366 
 -0.280507 -0.020149 -0.010462 
 0.297553 -0.751606 0.082316 
 0.317061 0.078833 -0.021667 
 -0.298709 -0.327671 0.106878 
 -0.012356 -0.391548 0.031463 
 -0.191489 -0.446750 0.155033 
 0.167277 0.024034 -0.210151 
 0.182932 -0.498808 0.112417 
 -0.121683 0.065849 -0.133318 
 -0.332086 -0.168431 0.010312 
 -0.039567 0.203412 -0.117658 
 0.171532 0.296457 -0.017621 
 -0.070602 0.128955 -0.139192 
 0.246145 -0.718208 0.113287 
 0.116729 -0.614993 0.135717 
 -0.038504 -0.183399 -0.106488 
 -0.401291 -0.141933 0.042857 
 -0.203081 0.083133 -0.086926 
 0.419564 0.101245 0.010030 
 0.184422 0.439837 0.127001 
 0.189995 0.323431 0.023245 
 0.109029 0.781043 0.137171 
 -0.384308 -0.133821 0.041273 
 0.193045 -0.066014 -0.195748 
 0.058977 -0.511558 0.097493 
 -0.399792 -0.058544 0.042531 
 -0.292648 0.179743 -0.001647 
 0.186956 0.033821 -0.197899 
 0.030430 -0.570953 0.126837 
 0.193970 -0.130873 -0.153077 
 0.046062 -0.386437 0.026440 
 0.010585 -0.200825 -0.113521 
 0.047683 -0.015569 -0.185298 
 0.337644 0.187985 0.013952 
 -0.064519 -0.051656 -0.134659 
 0.111413 0.490040 0.104445 
 -0.107112 -0.009874 -0.132528 
 0.200811 0.719911 0.129033 
 -0.104395 0.113190 -0.135788 
 0.037133 0.704981 0.133807 
 -0.130363 -0.323290 0.025698 
 -0.081320 0.163105 -0.111547 
 0.389923 -0.033541 -0.024619 
 -0.272012 0.068415 -0.054057 
 -0.072655 0.186979 -0.113829 
 0.309059 -0.542559 0.103438 
 -0.268520 -0.377874 0.145987 
 -0.136104 -0.347301 0.040306 
 -0.428002 -0.008582 0.014581 
 -0.084863 0.359979 0.004386 
 0.169778 -0.057319 -0.194005 
 -0.211822 0.219336 -0.022741 
 -0.132646 0.139388 -0.107754 
 0.334480 -0.835580 0.068483 
 0.034142 0.141713 -0.188436 
 0.349884 0.051190 -0.023619 
 -0.016866 0.533765 0.099193 
 0.413392 -0.874716 0.144257 
 0.136436 0.049200 -0.207582 
 0.253164 0.058962 -0.136827 
 0.069544 0.016928 -0.201380 
 0.105996 0.347766 -0.011279 
 0.078339 -0.121911 -0.184876 
 -0.037102 0.304411 -0.079272 
 -0.318847 -0.160558 -0.003724 
 0.330648 -0.666621 0.037813 
 0.144083 -0.286065 -0.064897 
 -0.461526 0.034791 0.056433 
 -0.225902 -0.113079 -0.052818 
 0.018472 -0.401887 0.056010 
 0.027296 -0.127649 -0.154028 
 0.315909 0.256055 0.054134 
 -0.168328 -0.415492 0.138787 
 0.286078 0.387399 0.093327 
 -0.061201 -0.282505 -0.048208 
 0.053691 0.567110 0.107273 
 0.305180 -0.083073 -0.123648 
 -0.109382 0.247556 -0.058777 
 0.193778 -0.238922 -0.110507 
 0.291991 -0.066676 -0.136787 
 0.047354 -0.562183 0.125240 
 -0.221160 -0.006518 -0.083800 
 0.273082 0.317274 0.082793 
 0.255854 0.180956 -0.140389 
 0.338187 0.085269 -0.010125 
 0.232367 0.262597 -0.007535 
 0.419762 0.337599 0.177819 
 0.034552 0.218360 -0.123758 
 -0.178607 0.075023 -0.089548 
 -0.005884 0.641608 0.177271 
 -0.097622 -0.347960 0.023231 
 -0.235642 0.127162 -0.045180 
 0.390110 -0.092246 -0.049893 
 -0.007867 -0.501383 0.101218 
 0.315712 0.256054 0.053394 
 -0.352541 -0.200256 0.040508 
 -0.019942 -0.028340 -0.153880 
 0.128424 0.241827 -0.118888 
 0.104560 0.347731 -0.011872 
 -0.384053 -0.326121 0.113647 
 0.127577 0.241799 -0.118265 
 -0.107930 -0.115999 -0.102406 
 -0.202180 0.304053 0.014083 
 0.060276 0.408290 0.003647 
 -0.197293 -0.338540 0.071881 
 -0.290285 -0.003433 -0.011418 
 0.025559 0.117214 -0.188851 
 -0.017585 0.053595 -0.154880 
 -0.137197 0.372108 0.074404 
 0.111432 -0.170222 -0.145757 
 -0.095493 -0.214978 -0.060634 
 -0.007855 -0.501804 0.103419 
 0.047509 0.646500 0.145918 
 0.304372 0.291280 0.080801 
 -0.000939 0.003343 -0.183873 
 -0.038358 0.144397 -0.142315 
 0.156331 0.139076 -0.201125 
 0.394865 0.327972 0.152654 
 0.103811 0.115091 -0.206826 
 0.334964 0.386018 0.115749 
 0.080046 0.082990 -0.203912 
 0.211079 0.933890 0.151584 
 0.293937 -0.148860 -0.120714 
 0.073432 -0.503075 0.081242 
 0.250372 -0.423539 0.104803 
 0.292498 -0.566289 0.078505 
 0.237878 0.030420 -0.161774 
 -0.429137 -0.241229 0.089414 
 0.260366 -0.000197 -0.136418 
 -0.209256 0.200086 -0.049334 
 0.409963 0.312470 0.179243 
 0.216711 0.394277 0.085369 
 -0.012502 0.597201 0.152829 
 0.032790 0.764307 0.143865 
 -0.151399 -0.406898 0.138649 
 0.140538 -0.377913 0.004955 
 -0.023013 0.211300 -0.118582 
 0.165966 -0.506007 0.115019 
 0.206592 0.139668 -0.162181 
 -0.432238 -0.157725 0.059263 
 0.056436 0.445181 0.056727 
 0.240549 0.114437 -0.164122 
 -0.219274 -0.196196 -0.010807 
 -0.288288 0.061639 -0.052477 
 -0.405556 0.083571 0.037058 
 -0.027813 0.029142 -0.153510 
 0.367696 0.017586 -0.024037 
 -0.082298 -0.459311 0.146413 
 0.210739 0.198989 -0.123730 
 0.004966 -0.225310 -0.095438 
 0.290996 -0.650680 0.081601 
 0.223875 0.377256 0.083023 
 -0.061246 -0.280870 -0.048196 
 0.142996 0.033593 -0.207765 
 -0.369753 0.040048 0.009713 
 -0.027870 -0.134600 -0.135608 
 0.181976 0.339685 0.022433 
 -0.177556 -0.170773 -0.055146 
 0.289842 0.325347 0.081191 
 -0.454229 0.018603 0.056245 
 0.126605 0.024858 -0.206369 
 0.335966 -0.750785 0.066586 
 -0.359123 -0.334917 0.112351 
 0.253203 0.057551 -0.136804 
 0.390845 -0.050204 -0.051169 
 0.035309 -0.300483 -0.029226 
 -0.433669 0.169923 0.105989 
 -0.361270 -0.226020 0.041893 
 -0.320045 0.327768 0.103962 
 -0.311797 -0.243625 0.038339 
 0.040355 0.321420 -0.072923 
 -0.086510 -0.124753 -0.104160 
 -0.351262 0.191048 0.041328 
 0.223905 0.376175 0.085167 
 -0.095164 -0.149060 -0.102785 
 0.174636 -0.204182 -0.124125 
 -0.456011 0.119058 0.081960 
 0.180996 0.731372 0.159510 
 0.329997 -0.015433 -0.060487 
 -0.288642 0.060806 -0.052482 
 -0.012074 -0.044690 -0.152709 
 0.083279 0.416507 0.028364 
 0.020703 0.311500 -0.084506 
 -0.183321 -0.466127 0.154821 
 0.099483 0.463129 0.092941 
 0.214038 0.914464 0.125135 
 -0.241729 -0.081549 -0.052447 
 0.009519 0.464957 0.073422 
 0.339046 0.246572 0.039205 
 0.092477 -0.360201 0.008509 
 0.143687 -0.244601 -0.079260 
 0.386328 0.085212 0.012781 
 -0.088290 0.239320 -0.073713 
 -0.277974 0.247279 0.020883 
 0.241563 0.427972 0.082364 
 -0.068511 -0.199170 -0.089518 
 -0.280335 -0.078785 -0.036245 
 0.296067 -0.466811 0.115785 
 0.001346 -0.518723 0.101020 
 0.034494 -0.433739 0.055637 
 0.017999 0.210466 -0.121949 
 -0.205537 -0.080982 -0.082180 
 0.223555 -0.221648 -0.125926 
 -0.206067 -0.081007 -0.080660 
 0.158589 -0.343270 -0.037539 
 0.338993 -0.583215 0.061757 
 -0.395185 0.228591 0.112964 
 -0.039636 0.062645 -0.139952 
 0.094801 0.626539 0.129147 
 -0.006460 0.219190 -0.119749 
 0.038892 0.124573 -0.201654 
 -0.057930 0.332835 -0.024720 
 -0.234982 0.348811 0.057335 
 0.178690 0.898312 0.128358 
 0.421543 -0.892789 0.143813 
 -0.337223 0.277745 0.105883 
 -0.322795 -0.019333 -0.007113 
 0.212763 0.914422 0.126203 
 0.365918 0.196276 0.051759 
 0.015502 0.011119 -0.183356 
 -0.002803 0.339200 -0.041616 
 0.013670 -0.266802 -0.054689 
 -0.082523 -0.018571 -0.134278 
 0.000957 0.499779 0.100134 
 -0.279590 -0.037432 -0.036519 
 -0.051344 0.375965 0.000647 
 0.303102 0.393356 0.091961 
 0.189940 0.191018 -0.135309 
 0.092622 -0.202916 -0.116643 
 0.386709 0.345029 0.153373 
 0.270113 -0.497472 0.118816 
 0.286305 0.264285 0.042785 
 0.075566 0.217472 -0.126726 
 -0.145932 0.190955 -0.067619 
 -0.125223 0.421888 0.044087 
 0.225821 0.877459 0.111607 
 0.040385 0.320319 -0.072931 
 -0.017727 0.094539 -0.157154 
 0.020764 0.592951 0.109267 
 -0.067180 0.070951 -0.151073 
 0.354013 -0.759354 0.038447 
 0.058138 -0.469169 0.081631 
 0.134862 0.481049 0.102895 
 0.222764 0.107687 -0.162553 
 -0.068104 0.367976 0.001934 
 -0.089684 -0.339439 -0.017458 
 -0.380730 -0.109279 0.012834 
 -0.412636 -0.043039 0.014190 
 0.355167 -0.675503 0.036040 
 -0.253569 0.018845 -0.078962 
 0.095484 -0.072177 -0.188679 
 0.316735 -0.618157 0.077916 
 -0.417614 -0.191421 0.045640 
 -0.140034 -0.397295 0.109167 
 0.167482 -0.421795 0.110801 
 -0.224615 -0.422469 0.155653 
 0.118001 -0.369020 0.007336 
 0.207000 -0.229525 -0.126659 
 0.229942 -0.684169 0.113678 
 -0.195206 0.067998 -0.087106 
 0.037519 -0.185134 -0.138831 
 -0.098035 0.016274 -0.133888 
 -0.072571 0.187625 -0.113824 
 -0.035750 0.004750 -0.152141 
 -0.216472 -0.047257 -0.056626 
 0.281835 0.089628 -0.126638 
 0.201367 -0.405631 0.106414 
 -0.383647 -0.175427 0.042471 
 -0.309488 0.273556 0.037352 
 0.049711 0.462988 0.070025 
 0.390836 -0.049895 -0.051082 
 -0.122711 -0.364589 0.067608 
 0.148481 0.155562 -0.198215 
 0.011158 0.168272 -0.144918 
 -0.061302 -0.092647 -0.107102 
 -0.207648 -0.414386 0.154900 
 0.124430 0.704506 0.138062 
 0.216031 -0.523719 0.110433 
 0.058374 -0.511565 0.096033 
 -0.059147 -0.467681 0.131408 
 0.192733 -0.286440 -0.041892 
 0.019041 0.151714 -0.147379 
 -0.324047 -0.060820 -0.005920 
 0.213758 -0.650161 0.113308 
 0.153335 0.656193 0.083290 
 -0.176739 0.175626 -0.051314 
 0.265883 0.375330 0.081769 
 0.291141 -0.566741 0.078503 
 0.016689 0.427353 0.034145 
 0.055532 0.628645 0.132566 
 0.152760 0.864836 0.131791 
 -0.050626 0.395280 0.037420 
 -0.003857 0.320238 -0.082760 
 -0.283779 -0.104192 -0.008081 
 0.224941 -0.248545 -0.085944 
 -0.026305 -0.093117 -0.136786 
 -0.052028 -0.484350 0.131216 
 0.312368 -0.700886 0.067163 
 0.013476 0.628879 0.149129 
 0.026575 -0.169238 -0.152484 
 -0.192878 -0.287572 0.003026 
 -0.279936 -0.294709 0.077432 
 0.407690 0.153456 0.049578 
 -0.446947 -0.040627 0.057057 
 0.415791 -0.693691 0.071970 
 -0.182684 0.312746 0.027163 
 -0.105857 0.030570 -0.133713 
 -0.257831 0.297603 0.031719 
 0.365535 0.017527 -0.024036 
 0.359919 0.111838 0.041198 
 0.305235 -0.598967 0.064950 
 0.208289 -0.255382 -0.084365 
 0.177805 0.260852 -0.055168 
 -0.359111 -0.335330 0.111856 
 -0.116455 0.446798 0.043853 
 -0.044637 -0.528123 0.172053 
 0.144100 0.881928 0.131578 
 -0.050851 0.037868 -0.151762 
 -0.327594 0.080737 0.004949 
 0.194744 0.968895 0.152664 
 0.291991 -0.066683 -0.135847 
 -0.173560 -0.147544 -0.082942 
 0.254568 0.098699 -0.138020 
 -0.176973 0.216958 -0.052474 
 0.065258 0.388945 -0.009717 
 0.134605 -0.495168 0.089457 
 -0.225387 -0.464136 0.158233 
 -0.010558 -0.125485 -0.137161 
 0.205659 -0.632859 0.114264 
 0.045998 0.067295 -0.199651 
 -0.166419 -0.230000 -0.040951 
 0.144989 -0.286040 -0.064897 
 -0.097646 -0.347086 0.023740 
 -0.169490 0.441933 0.075195 
 -0.114428 0.147339 -0.111242 
 -0.423949 -0.216248 0.060269 
 0.143714 0.589411 0.085911 
 0.000248 -0.545153 0.144279 
 -0.218895 0.176439 -0.047944 
 0.158726 0.330835 -0.002274 
 0.000542 0.084707 -0.184154 
 0.018944 -0.333666 0.012923 
 -0.165596 0.042384 -0.102250 
 -0.030426 -0.200010 -0.107306 
 -0.052009 -0.485038 0.131211 
 0.039269 -0.275550 -0.056455 
 0.075199 0.514454 0.093527 
 0.232341 -0.557884 0.110041 
 -0.079525 -0.289826 -0.046628 
 0.291788 -0.609990 0.079702 
 0.110168 0.017812 -0.204661 
 0.335236 -0.793665 0.069345 
 -0.177427 0.416428 0.076592 
 0.021611 -0.307318 -0.013920 
 0.142683 -0.512431 0.089260 
 0.284085 -0.050056 -0.136829 
 -0.128120 -0.082879 -0.102024 
 0.208692 -0.464397 0.109416 
 0.117572 0.911034 0.159860 
 -0.314035 -0.310512 0.080615 
 -0.135026 -0.254694 -0.042901 
 0.231460 -0.599980 0.110159 
 -0.087979 -0.231017 -0.060821 
 0.373951 -0.609796 0.059768 
 0.231434 0.130428 -0.163935 
 -0.284687 0.162959 -0.001459 
 -0.365001 -0.019201 -0.003770 
 0.295039 -0.466839 0.115786 
 0.141935 -0.554783 0.090466 
 -0.347005 0.150319 0.069957 
 -0.169475 0.441386 0.075865 
 -0.291753 -0.087347 -0.007888 
 0.220803 -0.439978 0.121052 
 -0.260959 0.255268 0.020591 
 -0.079304 -0.184034 -0.103178 
 -0.258635 -0.328555 0.101325 
 -0.183454 0.192370 -0.051092 
 0.343295 -0.810594 0.067160 
 0.272660 -0.642204 0.109072 
 -0.427690 -0.008574 0.014581 
 0.083463 0.165057 -0.193145 
 0.246796 0.155798 -0.139018 
 -0.146653 0.190935 -0.067618 
 -0.313452 0.088307 -0.011129 
 -0.178404 0.233928 -0.025906 
 0.322381 -0.057954 -0.085588 
 -0.185780 0.132840 -0.088433 
 -0.199416 -0.015528 -0.098254 
 -0.102693 -0.132691 -0.102596 
 0.214518 -0.608073 0.113838 
 -0.228550 0.211040 -0.021165 
 -0.110055 -0.198343 -0.086839 
 0.342857 0.266037 0.091161 
 -0.405368 0.083234 0.037056 
 0.030760 -0.528538 0.125628 
 0.017869 -0.468714 0.098786 
 0.442112 0.248521 0.110919 
 0.262599 0.122901 -0.139397 
 -0.125238 0.422462 0.045255 
 -0.102930 0.290784 -0.033603 
 0.047057 0.283634 -0.112808 
 0.179873 -0.666322 0.117244 
 0.299973 -0.524891 0.103638 
 0.228596 -0.499157 0.122202 
 -0.136330 0.275540 -0.029496 
 0.190157 0.714136 0.159312 
 0.290131 0.325356 0.081019 
 0.187521 -0.378600 0.014770 
 -0.431061 0.050420 0.040249 
 0.268373 -0.415107 0.103204 
 0.253672 -0.397913 0.077941 
 0.026436 0.176123 -0.148556 
 0.396036 0.009049 -0.012676 
 -0.235250 0.067977 -0.083788 
 -0.076923 0.246013 -0.103180 
 0.055308 0.132396 -0.202787 
 -0.453459 0.059621 0.055386 
 0.302625 -0.125340 -0.122469 
 0.089576 0.302741 -0.076462 
 0.194183 0.821652 0.129183 
 -0.277410 0.307126 0.060769 
 0.113891 -0.547096 0.079056 
 0.317610 0.017764 -0.046963 
 -0.408564 -0.317109 0.115437 
 0.378573 0.361385 0.153565 
 -0.132462 0.057167 -0.104781 
 0.207673 0.411954 0.085570 
 0.378150 0.042691 -0.011290 
 -0.207635 -0.414843 0.155409 
 0.150741 -0.528970 0.089069 
 0.198272 0.386158 0.086971 
 -0.224614 -0.422484 0.157869 
 0.420273 0.083547 -0.016857 
 -0.392532 -0.117279 0.041464 
 0.059717 -0.242967 -0.072591 
 0.077119 0.202240 -0.153221 
 0.238662 0.114386 -0.164122 
 -0.016161 -0.416992 0.059199 
 -0.152594 0.249515 -0.055429 
 0.157887 -0.489513 0.114216 
 -0.241760 -0.320525 0.101956 
 -0.260390 -0.396258 0.147418 
 -0.401260 -0.143066 0.042849 
 0.064307 -0.554472 0.123865 
 0.308361 0.052036 -0.020385 
 0.031206 -0.529502 0.125621 
 0.017111 -0.510700 0.099830 
 -0.053117 0.296505 -0.078046 
 -0.357353 -0.378759 0.126291 
 0.082427 0.165029 -0.193099 
 0.134549 0.772072 0.135429 
 -0.251920 -0.170176 -0.008685 
 -0.089236 0.180108 -0.112256 
 -0.427909 0.092475 0.052395 
 -0.251964 -0.168584 -0.008831 
 -0.153352 0.106788 -0.091628 
 0.251438 -0.423508 0.104442 
 0.035584 0.621338 0.134182 
 0.153674 -0.261382 -0.067898 
 0.173473 -0.138856 -0.165326 
 -0.153021 0.267587 -0.028626 
 0.431727 0.186329 0.046577 
 0.040390 0.320152 -0.072598 
 -0.119558 -0.142702 -0.101045 
 -0.298638 -0.369847 0.121315 
 0.415557 -0.637450 0.097269 
 -0.211039 0.101277 -0.086725 
 -0.375595 -0.232660 0.056720 
 -0.293298 -0.168430 -0.005487 
 -0.430916 -0.074328 0.056929 
 0.317476 -0.575605 0.075629 
 -0.184656 -0.262829 0.000419 
 0.249679 0.410079 0.082163 
 -0.024332 0.211264 -0.118519 
 0.245601 -0.380934 0.075850 
 0.117263 -0.420055 0.075443 
 0.092003 -0.537039 0.094050 
 0.377920 -0.809816 0.037867 
 0.167272 0.024199 -0.209511 
 -0.153371 0.107471 -0.092253 
 -0.413462 0.058435 0.038448 
 -0.401295 -0.141804 0.040866 
 0.200628 -0.448427 0.109604 
 -0.331651 -0.002080 -0.006918 
 -0.027015 -0.492500 0.129424 
 -0.035083 -0.476322 0.129614 
 0.067047 -0.528516 0.096272 
 -0.059999 -0.467704 0.131409 
 -0.148287 -0.449282 0.151617 
 0.004378 -0.316565 -0.012349 
 -0.112521 -0.222953 -0.059063 
 -0.159598 -0.246742 -0.041086 
 0.234721 -0.172703 -0.155856 
 0.275246 -0.115687 -0.133855 
 -0.009521 0.474249 0.101538 
 0.341888 0.368903 0.115982 
 -0.246823 -0.038984 -0.080039 
 0.029628 -0.325357 -0.014842 
 0.021259 -0.283517 -0.055776 
 0.241070 -0.532793 0.107936 
 -0.110078 0.491961 0.069014 
 -0.344309 0.072781 0.004720 
 -0.149726 0.007023 -0.102645 
 -0.271239 -0.311330 0.077239 
 0.173904 -0.295112 -0.040319 
 0.081879 0.184048 -0.166579 
 0.133813 0.876745 0.157958 
 -0.064964 -0.398412 0.062774 
 -0.155153 -0.313476 0.029056 
 -0.086508 -0.124815 -0.103297 
 0.105566 -0.597423 0.121449 
 0.318434 0.335668 0.119002 
 0.125870 -0.015918 -0.207064 
 0.090730 0.835156 0.163769 
 0.125895 -0.016828 -0.205051 
 0.002534 0.143840 -0.145238 
 0.079560 -0.367967 0.023284 
 0.054756 -0.071350 -0.185178 
 -0.022554 -0.400051 0.059393 
 -0.427909 0.092468 0.053321 
 -0.092282 0.394769 0.043263 
 -0.356228 -0.309677 0.083991 
 -0.462978 -0.006925 0.057080 
 -0.241759 -0.320526 0.102113 
 -0.414375 -0.149693 0.057676 
 0.026721 0.391924 0.006778 
 -0.165570 0.041391 -0.103021 
 -0.192637 -0.246070 0.003973 
 -0.060595 -0.215803 -0.091061 
 -0.259839 -0.153416 -0.008650 
 0.150863 0.016140 -0.207960 
 -0.010525 -0.126708 -0.136946 
 -0.133204 0.016040 -0.104245 
 -0.338530 0.115992 0.030724 
 0.253203 0.057552 -0.137048 
 -0.376685 -0.234007 0.056711 
 0.228705 -0.389003 0.079397 
 0.371710 -0.709281 0.035653 
 0.450959 -0.008143 0.008843 
 -0.111318 -0.222882 -0.059063 
 -0.235800 0.067962 -0.083788 
 0.003108 0.688786 0.133151 
 0.111377 0.656307 0.086684 
 -0.049934 -0.044265 -0.136222 
 -0.146526 -0.330275 0.027288 
 -0.175994 0.216989 -0.053098 
 -0.360743 0.123127 0.045704 
 -0.423469 0.075207 0.038641 
 -0.295999 0.137208 -0.013663 
 0.072805 -0.503092 0.081171 
 0.173068 0.278278 -0.041726 
 0.171293 0.065395 -0.197530 
 0.021259 -0.283515 -0.056055 
 0.067047 -0.528518 0.096531 
 -0.353169 0.209054 0.069738 
 0.118017 -0.302181 -0.033670 
 0.070127 -0.351298 0.010286 
 0.369667 0.335498 0.154979 
 0.059177 0.506984 0.095133 
 -0.164257 -0.040636 -0.087883 
 0.326095 0.360163 0.117585 
 0.046006 -0.384386 0.025550 
 0.096293 0.712253 0.126091 
 -0.008054 0.060689 -0.184123 
 0.067657 0.234157 -0.128758 
 0.374713 -0.651955 0.074144 
 -0.317669 0.206064 0.039939 
 -0.087713 0.239342 -0.074759 
 0.026016 -0.488519 0.098000 
 0.187176 0.131335 -0.173770 
 0.236346 -0.049655 -0.161062 
 0.242230 0.173578 -0.125180 
 -0.012831 -0.085860 -0.151532 
 -0.157825 -0.139653 -0.085922 
 -0.115039 -0.407205 0.107578 
 -0.239876 -0.362668 0.116328 
 0.362805 -0.734458 0.037049 
 0.062206 0.592225 0.105865 
 -0.236258 0.068211 -0.083786 
 -0.012502 0.597191 0.154406 
 0.069160 -0.351325 0.010286 
 -0.038999 0.543667 0.115488 
 -0.283936 0.204363 -0.003036 
 -0.174216 0.016872 -0.100452 
 0.048555 -0.013980 -0.185287 
 -0.155206 -0.311555 0.027495 
 0.038383 0.301306 -0.112610 
 0.046604 -0.250939 -0.057837 
 0.333118 -0.551515 0.101159 
 -0.051984 0.278443 -0.104584 
 -0.288693 0.062661 -0.052470 
 0.002200 0.243217 -0.121462 
 0.093693 0.207648 -0.156176 
 0.012295 -0.053799 -0.154460 
 -0.325963 -0.251668 0.052496 
 -0.024503 0.348775 -0.028007 
 -0.111639 -0.222891 -0.059063 
 -0.096193 0.316124 -0.034983 
 0.192065 0.403221 0.087166 
 -0.336707 0.258872 0.065682 
 0.254706 0.139064 -0.139209 
 -0.178664 0.077137 -0.088665 
 0.245746 0.761417 0.126788 
 0.222075 0.064858 -0.161385 
 0.347809 -0.558308 0.060355 
 -0.277390 0.306373 0.060764 
 -0.364996 -0.019390 -0.003771 
 -0.187441 -0.221311 -0.012766 
 0.202902 0.951744 0.152806 
 -0.136361 -0.346748 0.040310 
 -0.280726 0.044939 -0.052534 
 0.165511 0.198687 -0.133560 
 0.369859 0.059540 -0.012096 
 -0.060105 -0.467895 0.131407 
 0.415831 -0.695170 0.071960 
 0.085199 -0.015100 -0.202388 
 0.018938 -0.333428 0.013843 
 -0.304450 0.113028 -0.012273 
 -0.362868 -0.292743 0.084185 
 -0.218940 0.296060 0.016029 
 0.047040 0.284246 -0.112804 
 -0.430563 -0.115998 0.058062 
 0.191635 -0.262152 -0.083883 
 0.019731 0.696874 0.133350 
 0.141212 -0.154561 -0.161370 
 0.110565 0.616167 0.087909 
 -0.147578 -0.355698 0.066597 
 -0.242030 -0.228487 0.005376 
 0.191722 -0.514914 0.112227 
 0.011124 0.169496 -0.146987 
 -0.115894 -0.407227 0.107369 
 0.321409 -0.634880 0.064548 
 -0.414290 0.058007 0.038445 
 0.349134 0.009543 -0.022012 
 0.059029 0.208986 -0.125165 
 0.166476 -0.014346 -0.208321 
 0.362011 0.292977 0.129940 
 0.270362 -0.767712 0.112713 
 0.080123 0.558204 0.105474 
 -0.042365 0.321825 -0.066254 
 -0.217979 0.176471 -0.048889 
 -0.160991 0.284271 -0.028672 
 0.150320 -0.024581 -0.206786 
 -0.137554 0.074825 -0.092001 
 -0.254312 -0.022346 -0.079849 
 -0.449201 -0.165735 0.061387 
 -0.223457 -0.329128 0.073671 
 0.168830 -0.162863 -0.150792 
 -0.293274 -0.169323 -0.007061 
 0.013298 -0.266374 -0.054686 
 0.165657 0.414163 0.088977 
 0.218515 0.897262 0.124940 
 0.281412 -0.717673 0.082120 
 -0.216471 -0.047268 -0.054980 
 0.174084 -0.524000 0.113823 
 0.033621 0.355899 -0.032746 
 0.177992 0.898167 0.128357 
 0.257220 -0.565553 0.108253 
 0.013431 0.630552 0.149168 
 0.404482 -0.734726 0.033677 
 0.317332 0.335638 0.119002 
 -0.084505 0.281301 -0.061724 
 -0.280256 -0.081703 -0.035908 
 0.044104 0.480020 0.070220 
 -0.099588 0.454302 0.042259 
 0.287416 0.263226 0.042777 
 0.101246 -0.402632 0.049266 
 0.250620 -0.164255 -0.157413 
 -0.061950 -0.373932 0.034966 
 0.401436 -0.619275 0.071140 
 0.126564 -0.479328 0.090214 
 -0.173498 0.058820 -0.102061 
 0.030465 0.638678 0.147095 
 -0.220053 -0.236520 -0.009605 
 -0.319800 -0.224868 0.038544 
 0.152270 0.864825 0.131382 
 0.017305 0.654558 0.134568 
 -0.064768 0.171030 -0.114015 
 0.144637 0.881458 0.131575 
 -0.061070 0.271911 -0.076666 
 -0.134257 -0.214220 -0.044098 
 0.153173 0.251042 -0.093529 
 0.002344 -0.250053 -0.066184 
 -0.204736 -0.293861 0.031050 
 0.087354 0.242671 -0.116764 
 0.382377 0.204320 0.050161 
 -0.291420 -0.210954 0.008920 
 0.050587 0.149369 -0.188274 
 -0.010617 0.277615 -0.107781 
 0.071724 0.140227 -0.204908 
 -0.393139 -0.117017 0.041466 
 0.071806 0.140229 -0.204897 
 -0.349925 -0.134927 0.011463 
 0.236690 -0.516191 0.122006 
 0.257003 0.351290 0.084396 
 0.151659 0.927327 0.155537 
 -0.220034 -0.237206 -0.009528 
 0.224593 0.836476 0.112833 
 0.268273 -0.016824 -0.135377 
 0.104344 0.507100 0.104889 
 -0.173658 -0.106376 -0.084366 
 -0.216768 -0.171142 -0.038611 
 0.250585 -0.164849 -0.157417 
 -0.069248 -0.519455 0.173855 
 0.381902 -0.016116 -0.024559 
 -0.289754 0.120932 -0.013851 
 -0.117891 0.265426 -0.058577 
 -0.121439 0.163970 -0.109130 
 0.326847 -0.818630 0.069188 
 -0.149110 0.328390 0.022876 
 0.011905 0.567667 0.110675 
 0.149145 0.366103 0.024416 
 0.231078 -0.684156 0.113677 
 -0.067950 -0.133052 -0.132292 
 -0.439815 0.025598 0.042157 
 -0.146272 0.191343 -0.067616 
 -0.122386 -0.339122 0.024796 
 0.303324 -0.082569 -0.123644 
 -0.227591 0.092496 -0.085164 
 -0.074371 -0.033884 -0.134460 
 0.134563 0.207911 -0.158103 
 0.390068 -0.090717 -0.049883 
 0.208254 -0.254118 -0.084356 
 -0.093227 0.335179 0.004745 
 -0.062407 0.271874 -0.076567 
 0.069608 0.637542 0.130965 
 0.171044 -0.464215 0.125995 
 -0.061914 -0.373850 0.034967 
 0.083943 -0.520459 0.094520 
 -0.418784 -0.192176 0.045636 
 -0.109064 -0.380814 0.092764 
 0.129139 0.540274 0.103285 
 0.083963 -0.520457 0.094241 
 0.291112 -0.650672 0.080920 
 -0.182863 -0.007632 -0.100281 
 0.232727 0.402334 0.083289 
 -0.334189 -0.343807 0.109718 
 -0.192186 -0.448477 0.155021 
 -0.050629 -0.166850 -0.132677 
 -0.057417 -0.323554 -0.020614 
 -0.428163 -0.174663 0.045834 
 -0.123861 0.463712 0.044047 
 -0.455685 -0.066520 0.058635 
 0.193646 -0.473227 0.124196 
 -0.325907 -0.253711 0.053137 
 0.322143 -0.592147 0.063347 
 0.041184 0.043364 -0.186274 
 -0.282693 -0.186057 0.007185 
 0.213529 0.956623 0.123916 
 -0.225098 0.254270 -0.009156 
 0.295697 0.138978 -0.142451 
 0.057056 0.506926 0.095133 
 0.085013 -0.410907 0.050855 
 -0.354407 -0.267833 0.082787 
 -0.012829 0.576927 0.112476 
 0.051457 0.567049 0.107274 
 -0.065016 0.212108 -0.115198 
 -0.096509 0.096610 -0.134876 
 0.119801 -0.081826 -0.189348 
 0.128297 0.665251 0.085088 
 0.228704 -0.388997 0.078497 
 -0.102157 0.213545 -0.097449 
 0.353869 0.310287 0.129754 
 0.061976 0.407974 0.003644 
 -0.028124 -0.093609 -0.136788 
 -0.043783 0.262314 -0.104771 
 0.196245 0.465574 0.138733 
 0.080048 -0.120822 -0.184869 
 -0.380714 -0.109835 0.013423 
 0.092734 0.816090 0.137634 
 0.442106 0.248746 0.111200 
 -0.374332 -0.342913 0.113454 
 -0.046989 0.120238 -0.142077 
 0.019411 -0.110649 -0.153466 
 0.305054 0.412902 0.131353 
 -0.202115 -0.162037 -0.053384 
 -0.309217 -0.135813 -0.005987 
 -0.089208 0.179067 -0.112264 
 0.032754 0.765647 0.145428 
 0.357109 -0.006216 -0.022638 
 -0.374073 0.219064 0.097956 
 0.326794 0.404740 0.116384 
 0.133437 0.729729 0.137422 
 0.354875 -0.675511 0.036040 
 -0.117497 -0.181682 -0.087474 
 0.151141 0.250987 -0.093528 
 0.021011 -0.192998 -0.138324 
 0.117086 -0.211844 -0.118399 
 -0.154944 0.166333 -0.066238 
 0.183945 0.225545 -0.095817 
 -0.440682 -0.099207 0.058256 
 0.059023 0.209207 -0.125163 
 0.238801 -0.659376 0.112268 
 0.402505 0.033838 -0.014070 
 -0.309964 -0.177298 -0.002880 
 -0.130389 -0.322308 0.026714 
 0.002188 0.243691 -0.119548 
 -0.168423 0.339097 0.051211 
 0.021019 -0.193283 -0.137931 
 -0.085614 0.222675 -0.100256 
 0.103359 -0.402574 0.049265 
 -0.406036 0.203515 0.114368 
 0.134822 -0.386587 0.046084 
 0.337258 0.246334 0.039205 
 0.287150 0.008592 -0.097974 
 -0.425613 0.153010 0.101498 
 0.152324 0.098068 -0.210306 
 -0.418804 -0.191455 0.045905 
 -0.328395 0.302747 0.107275 
 -0.263416 -0.261328 0.034785 
 -0.386036 -0.217110 0.042849 
 0.080058 0.745832 0.127109 
 0.212999 -0.692259 0.114363 
 0.046782 0.772452 0.129831 
 0.207027 -0.230489 -0.125233 
 -0.454667 -0.023771 0.057441 
 0.225212 0.206834 -0.125297 
 -0.131311 0.139425 -0.107754 
 0.035909 -0.103258 -0.152642 
 -0.013945 0.134895 -0.144071 
 -0.241319 0.245192 -0.007583 
 0.319118 -0.759769 0.067712 
 0.287115 -0.490740 0.117203 
 0.134960 0.814470 0.134212 
 -0.323306 0.022106 -0.008307 
 0.143707 -0.195494 -0.148399 
 0.175145 0.006506 -0.209708 
 0.110424 -0.445396 0.090283 
 0.283345 -0.091217 -0.135229 
 -0.155152 -0.313551 0.027481 
 -0.325716 -0.318832 0.108668 
 0.001618 -0.408953 0.059295 
 0.365893 0.017534 -0.023595 
 0.090436 -0.453121 0.078833 
 -0.007350 0.455823 0.076228 
 0.182715 -0.497928 0.112423 
 0.105605 0.632982 0.101244 
 0.004961 -0.077966 -0.153090 
 0.221851 -0.667170 0.112953 
 0.087328 -0.096515 -0.186234 
 0.158759 0.329626 -0.002282 
 -0.283916 0.203640 -0.003041 
 0.156333 0.139041 -0.196002 
 -0.430967 0.008800 0.041231 
 0.024353 0.490807 0.097487 
 0.322140 -0.592050 0.062451 
 0.117906 -0.121729 -0.188165 
 0.372008 -0.609852 0.060182 
 -0.039338 -0.340821 0.019283 
 0.273946 0.359389 0.079558 
 -0.462216 0.034406 0.056431 
 -0.302326 0.317801 0.062565 
 0.025815 0.117208 -0.187072 
 0.197410 -0.574069 0.113246 
 0.028863 0.576074 0.107314 
 -0.042090 0.321836 -0.066742 
 0.215761 -0.098699 -0.171000 
 0.103819 0.115092 -0.206828 
 0.169794 0.872965 0.129220 
 0.038390 0.259374 -0.111430 
 -0.328669 0.241969 0.066418 
 -0.222986 -0.154383 -0.038419 
 -0.348789 -0.176764 0.012656 
 -0.039843 0.062634 -0.139057 
 0.326956 -0.074847 -0.098925 
 -0.076906 0.245419 -0.101644 
 0.152312 0.098510 -0.210303 
 0.378904 0.319855 0.154792 
 0.310973 -0.041712 -0.098544 
 0.135231 -0.386576 0.046084 
 -0.151243 -0.074011 -0.100268 
 0.095459 -0.071250 -0.187592 
 0.141018 0.382988 0.025864 
 -0.228512 0.211380 -0.021163 
 -0.395181 0.006711 0.011416 
 -0.066081 -0.493775 0.146021 
 0.270359 -0.767617 0.112714 
 -0.072838 0.046161 -0.136835 
 -0.003379 -0.184303 -0.135297 
 0.013451 0.629809 0.149136 
 0.177930 0.855858 0.129606 
 0.232236 -0.090496 -0.171369 
 -0.024346 0.329799 -0.067828 
 0.129138 0.540301 0.099366 
 -0.165569 0.041379 -0.101303 
 -0.007260 0.455833 0.075012 
 0.217864 0.727411 0.129810 
 0.425067 0.241633 0.112815 
 -0.193395 0.168063 -0.049707 
 -0.206195 0.001120 -0.097752 
 0.272573 -0.742259 0.084938 
 0.376793 0.119887 0.039142 
 0.353867 0.310376 0.130137 
 0.016271 0.050733 -0.184539 
 -0.286980 -0.252449 0.035107 
 0.162213 0.680306 0.081877 
 -0.093618 0.335168 0.004831 
 0.150881 0.465880 0.128736 
 -0.286980 -0.252456 0.036154 
 -0.332385 -0.044080 -0.004564 
 -0.019131 0.430375 0.063250 
 0.018539 0.614476 0.135799 
 -0.396796 0.007295 0.011421 
 -0.181871 -0.397437 0.111571 
 -0.235916 0.067959 -0.083788 
 0.250243 -0.549780 0.108439 
 0.385908 0.085191 0.014216 
 -0.454987 -0.022858 0.057447 
 0.035851 0.620461 0.134176 
 -0.253209 0.238438 0.019744 
 0.239258 0.116052 -0.164110 
 0.320968 0.420993 0.129703 
 -0.061309 -0.092404 -0.107124 
 0.241134 0.844574 0.111225 
 0.133807 0.876981 0.159468 
 -0.387682 0.253576 0.111561 
 -0.400176 -0.292128 0.113299 
 -0.173638 -0.107110 -0.084133 
 0.092611 -0.202509 -0.117930 
 -0.053724 0.296492 -0.078620 
 -0.066726 0.430021 0.040290 
 -0.132506 0.480592 0.043896 
 -0.133205 0.016048 -0.105392 
 -0.105133 0.072167 -0.133718 
 -0.127666 -0.483715 0.177664 
 -0.051510 0.475502 0.104609 
 -0.340816 -0.193191 0.013159 
 -0.224615 -0.422469 0.155582 
 -0.051456 0.473506 0.104926 
 -0.238019 0.186304 -0.019779 
 -0.083538 0.421412 0.041877 
 0.159766 -0.122525 -0.191608 
 -0.211043 0.101421 -0.086724 
 0.281280 0.300264 0.082817 
 0.150539 -0.429874 0.112466 
 0.402735 0.093228 0.010522 
 -0.204804 -0.321055 0.072078 
 0.077787 0.276408 -0.088246 
 0.101456 -0.153695 -0.158904 
 0.146105 0.548361 0.101934 
 -0.227694 0.271239 0.017985 
 -0.354540 -0.267829 0.081626 
 -0.082220 -0.018579 -0.131886 
 -0.089927 0.179711 -0.112259 
 0.116905 0.433692 0.024045 
 -0.447699 -0.082328 0.058313 
 -0.279537 -0.039414 -0.037092 
 0.236339 -0.049402 -0.159396 
 -0.110387 -0.074955 -0.103589 
 -0.047473 0.220035 -0.118051 
 0.009542 0.464086 0.073416 
 0.319539 0.377948 0.117785 
 0.288725 -0.776629 0.083962 
 -0.147565 0.132680 -0.106181 
 -0.012084 -0.044338 -0.152706 
 -0.042060 -0.060418 -0.135664 
 0.236092 -0.405983 0.078655 
 -0.095841 0.316134 -0.034983 
 0.177302 -0.073832 -0.194193 
 0.079164 -0.209480 -0.101891 
 0.103336 -0.088684 -0.188561 
 -0.158547 -0.181574 -0.083328 
 0.242229 0.173592 -0.127203 
 0.016972 0.092856 -0.185204 
 -0.136169 -0.148482 -0.100050 
 -0.042799 -0.101471 -0.135229 
 -0.213496 -0.064341 -0.081988 
 -0.073415 0.146496 -0.113390 
 0.243780 0.761375 0.125008 
 -0.448214 0.042420 0.041617 
 0.029797 -0.062707 -0.182557 
 0.006939 0.383119 -0.005644 
 -0.035063 -0.477069 0.129609 
 0.166814 -0.630925 0.130863 
 0.039406 -0.587613 0.126645 
 0.085232 -0.343322 0.008702 
 0.141845 -0.089657 -0.204248 
 0.043055 -0.161190 -0.154041 
 0.404002 -0.776860 0.034879 
 -0.051431 0.037742 -0.151763 
 0.237009 -0.474039 0.119676 
 0.118266 -0.369008 0.006731 
 -0.365020 -0.018517 -0.003506 
 -0.039658 0.401614 0.012724 
 0.100858 0.799444 0.137441 
 -0.431668 -0.116030 0.058211 
 0.185816 0.943797 0.153402 
 -0.316378 -0.079918 -0.006127 
 -0.213989 -0.064185 -0.081987 
 -0.375991 -0.343177 0.113453 
 -0.361272 -0.225952 0.041976 
 -0.325890 -0.144443 -0.003536 
 0.215175 -0.565969 0.111643 
 -0.319578 0.328173 0.103965 
 0.155597 -0.615299 0.119225 
 -0.100550 -0.091521 -0.103780 
 -0.225101 0.271314 0.017421 
 -0.177510 -0.172454 -0.055157 
 -0.290685 -0.003452 -0.010269 
 0.085083 0.399082 0.001448 
 0.103347 0.505747 0.104880 
 0.152739 0.656622 0.083293 
 -0.216512 -0.439498 0.154739 
 -0.130090 -0.297605 -0.015308 
 -0.150087 0.430748 0.047035 
 -0.315187 -0.036101 -0.007306 
 0.152333 0.097768 -0.208265 
 -0.323078 -0.019341 -0.007113 
 0.130529 0.418474 0.051303 
 -0.373322 -0.126079 0.013236 
 0.225061 -0.197175 -0.154485 
 -0.201853 -0.121959 -0.054581 
 0.455921 0.136024 0.045997 
 0.202337 0.804552 0.128619 
 -0.030481 0.128095 -0.141623 
 -0.056120 0.195521 -0.116378 
 0.274276 0.359385 0.081581 
 0.311711 -0.000159 -0.101447 
 -0.150143 -0.032975 -0.101453 
 -0.199416 -0.015539 -0.096574 
 0.171182 -0.319904 -0.025760 
 0.016972 0.092860 -0.185739 
 -0.090340 0.179700 -0.112259 
 0.377868 0.102107 0.011278 
 -0.434628 0.188632 0.144013 
 -0.069005 0.229363 -0.102193 
 0.003291 -0.118952 -0.151911 
 -0.188442 -0.114233 -0.082561 
 0.326407 0.042515 -0.048351 
 -0.419142 0.117321 0.051729 
 0.047015 0.285166 -0.112798 
 -0.344511 -0.217970 0.041722 
 -0.122146 0.163951 -0.109129 
 0.005294 0.647666 0.147788 
 -0.053724 0.296489 -0.078114 
 -0.389515 0.048764 0.036665 
 0.236688 -0.431920 0.119579 
 -0.354540 -0.267836 0.082656 
 -0.421420 -0.091136 0.056668 
 0.006912 -0.013169 -0.182861 
 0.350514 -0.601492 0.075844 
 0.047145 -0.250924 -0.057837 
 0.118167 0.433718 0.025190 
 0.296384 -0.793609 0.084352 
 -0.404810 0.245514 0.113078 
 0.278237 -0.515306 0.118615 
 -0.382068 0.014970 -0.003381 
 0.007649 0.027674 -0.183607 
 0.250652 -0.165435 -0.157421 
 -0.401499 -0.100200 0.041659 
 0.110423 -0.445391 0.089613 
 -0.288673 0.061931 -0.052475 
 -0.072119 0.087915 -0.137857 
 0.188747 -0.642093 0.115858 
 0.188781 -0.643339 0.115850 
 0.002360 -0.408922 0.057608 
 0.336027 -0.753014 0.066571 
 -0.149166 -0.115111 -0.086785 
 0.026720 0.391932 0.005623 
 -0.137581 0.075797 -0.091994 
 -0.016603 0.034978 -0.181432 
 -0.404795 0.244948 0.113155 
 0.022743 -0.553604 0.127035 
 -0.025705 0.508283 0.101929 
 0.169079 -0.464268 0.125995 
 -0.151108 -0.033001 -0.101453 
 -0.018114 -0.442521 0.087149 
 -0.092405 0.038680 -0.148455 
 0.362871 -0.845346 0.080657 
 -0.062437 0.272975 -0.076658 
 0.118234 0.453633 0.064846 
 0.018125 0.550888 0.110482 
 0.271963 0.923123 0.120118 
 0.214884 0.124137 -0.162364 
 -0.366209 -0.402694 0.127701 
 0.157873 -0.488996 0.115101 
 0.389858 0.187345 0.049050 
 0.167520 0.181548 -0.160051 
 -0.225929 0.193176 -0.047779 
 0.253215 -0.508114 0.120274 
 0.108671 0.233307 -0.129865 
 -0.150528 -0.031881 -0.101446 
 -0.037153 -0.382732 0.033187 
 -0.014507 0.616533 0.178692 
 -0.439698 -0.098647 0.058259 
 0.064079 -0.006163 -0.187517 
 0.132675 0.687389 0.140500 
 -0.138687 0.114947 -0.106380 
 -0.276558 -0.162292 -0.007078 
 -0.299582 0.256758 0.037158 
 -0.341875 -0.109380 -0.003142 
 -0.300936 -0.069662 -0.007689 
 0.087357 0.242584 -0.114941 
 0.341128 0.026381 -0.023481 
 -0.188809 -0.354848 0.071692 
 -0.114252 0.047718 -0.133519 
 -0.277430 0.307853 0.060792 
 0.385874 0.086395 0.012789 
 0.034009 -0.502640 0.097829 
 0.201025 0.057242 -0.172971 
 -0.013872 -0.192138 -0.105910 
 0.093039 -0.031587 -0.201713 
 0.082012 0.417603 0.028372 
 0.191078 0.015585 -0.198098 
 -0.354574 -0.266582 0.082796 
 0.019432 -0.111431 -0.153471 
 0.186538 -0.353480 -0.026576 
 -0.071149 -0.265029 -0.061208 
 0.150793 -0.530858 0.089056 
 -0.375559 -0.233973 0.056226 
 -0.169160 -0.321605 0.041644 
 -0.118993 -0.247599 -0.044480 
 0.269756 0.065434 -0.137084 
 -0.007856 -0.501794 0.101994 
 -0.206068 -0.080996 -0.082309 
 -0.344309 0.072777 0.005359 
 -0.030901 -0.265895 -0.064280 
 -0.020483 0.312440 -0.081188 
 0.103989 -0.597467 0.121449 
 -0.208049 -0.187597 -0.038800 
 0.404735 -0.846190 0.076137 
 -0.267144 -0.421636 0.160419 
 0.416133 -0.875637 0.144250 
 0.207001 -0.229530 -0.125886 
 -0.048997 -0.457711 0.103404 
 0.260000 -0.099393 -0.159044 
 0.118058 -0.303689 -0.035403 
 0.136559 -0.386540 0.046084 
 -0.105141 0.072436 -0.134887 
 -0.000682 0.499741 0.099104 
 0.013443 0.630114 0.149138 
 -0.232320 -0.405434 0.157211 
 0.143249 0.073460 -0.208944 
 -0.142598 -0.172965 -0.084890 
 0.128033 0.108022 -0.208557 
 0.128288 -0.162341 -0.147483 
 0.325026 -0.534515 0.102890 
 -0.102322 -0.091562 -0.104895 
 0.071005 -0.324964 -0.017466 
 0.289443 -0.733235 0.083347 
 0.150472 0.737840 0.137402 
 -0.328087 -0.209979 0.038724 
 0.209038 0.787408 0.128792 
 -0.235788 0.186365 -0.019780 
 0.368202 -0.818524 0.065810 
 0.087354 0.242661 -0.115233 
 -0.377700 0.055510 0.008637 
 0.282695 0.281202 0.056116 
 -0.380723 -0.109510 0.013425 
 0.272801 -0.156865 -0.132670 
 0.232726 0.402345 0.083768 
 0.013666 -0.266802 -0.054689 
 -0.346496 -0.284995 0.082592 
 -0.108392 0.429887 0.045987 
 -0.151594 0.347118 0.050092 
 0.125867 -0.015801 -0.205044 
 -0.095885 -0.215547 -0.060638 
 0.387609 0.284212 0.128134 
 0.062432 0.550094 0.107078 
 0.006905 0.524789 0.098727 
 -0.396412 -0.075714 0.013812 
 -0.296771 -0.302478 0.079226 
 -0.308178 0.273590 0.037497 
 0.142956 0.035069 -0.207755 
 -0.203220 0.425140 0.078381 
 0.424370 -0.654417 0.097073 
 -0.341842 -0.110591 -0.003150 
 0.077763 0.277292 -0.089255 
 -0.174339 -0.440364 0.153417 
 -0.134264 -0.213957 -0.044097 
 0.153675 -0.261397 -0.065737 
 0.051691 -0.137696 -0.155416 
 0.195448 0.015704 -0.198099 
 0.390372 0.229318 0.048758 
 0.283109 -0.633705 0.081114 
 -0.349871 -0.091744 -0.002943 
 -0.233700 -0.337473 0.102775 
 -0.105441 -0.305911 -0.018254 
 -0.044575 -0.273902 -0.050726 
 0.082765 -0.368301 0.023280 
 0.235663 0.777797 0.126980 
 0.111343 0.657562 0.086692 
 0.107393 0.408745 0.026588 
 -0.193384 0.167690 -0.049674 
 0.144483 -0.286054 -0.064897 
 0.019421 -0.111019 -0.153469 
 0.193995 -0.237459 -0.110497 
 0.413418 -0.875701 0.142644 
 -0.159597 -0.246751 -0.039786 
 0.148355 0.287687 -0.040530 
 0.236883 0.245114 -0.019752 
 0.070866 0.099435 -0.203722 
 0.004434 -0.037704 -0.154273 
 0.275438 -0.074570 -0.135157 
 0.053837 0.050819 -0.200617 
 -0.286593 0.162910 -0.001839 
 -0.236944 0.186333 -0.019780 
 -0.237757 -0.013661 -0.081411 
 -0.134718 0.214811 -0.055822 
 0.306285 0.292444 0.080808 
 0.167487 -0.421988 0.111600 
 0.173314 0.106083 -0.198708 
 0.349133 0.009549 -0.022886 
 0.091092 -0.537447 0.094048 
 0.158652 -0.345586 -0.037555 
 0.085258 -0.276616 -0.033431 
 -0.255404 0.076850 -0.055625 
 -0.299392 -0.194584 0.009109 
 -0.105036 0.171858 -0.110694 
 -0.196265 -0.337936 0.071885 
 0.326430 -0.818952 0.069186 
 -0.356033 -0.118097 0.011919 
 -0.064235 -0.240464 -0.062588 
 0.039767 0.663911 0.146115 
 -0.124468 0.463695 0.044095 
 -0.252330 -0.211639 -0.007648 
 0.398936 -0.703271 0.073132 
 -0.288665 0.061631 -0.052844 
 -0.391107 0.211007 0.100529 
 0.225026 0.836402 0.112832 
 0.222609 -0.625064 0.110840 
 -0.352519 -0.201064 0.040502 
 0.025560 0.117208 -0.187964 
 -0.417713 0.016695 0.039648 
 0.257003 0.351291 0.084270 
 -0.389748 -0.007316 -0.001978 
 -0.261286 0.135909 -0.043415 
 -0.228008 -0.220341 -0.009418 
 -0.001247 0.102514 -0.157615 
 0.190982 -0.430776 0.109805 
 0.255121 -0.608958 0.109457 
 0.126826 0.831493 0.134303 
 0.160135 -0.122516 -0.191463 
 -0.260867 -0.005650 -0.079658 
 0.023033 0.719797 0.105629 
 0.077190 -0.301313 -0.032045 
 -0.125913 -0.389775 0.094353 
 0.060248 -0.111284 -0.156772 
 -0.012336 0.597210 0.152166 
 -0.325963 -0.251671 0.052958 
 -0.298621 -0.370467 0.121311 
 -0.015195 -0.417555 0.059195 
 -0.069955 -0.116920 -0.105252 
 -0.200093 -0.204544 -0.039035 
 0.160348 -0.395125 0.044301 
 -0.149166 -0.115101 -0.088297 
 0.065585 -0.554436 0.123636 
 -0.253570 0.018860 -0.081241 
 0.370083 -0.792929 0.040250 
 -0.341105 -0.068785 -0.004801 
 0.224641 0.419083 0.083961 
 0.335749 -0.108505 -0.125768 
 0.447863 0.152559 0.045846 
 0.420468 0.258666 0.126136 
 0.214505 -0.607599 0.112858 
 -0.159297 -0.057500 -0.100078 
 0.093881 0.207644 -0.154799 
 -0.232716 -0.405453 0.158401 
 -0.405580 0.204016 0.114371 
 0.208012 0.828377 0.114384 
 0.001895 0.401802 0.008605 
 0.271238 0.147709 -0.141244 
 -0.082338 -0.248430 -0.061016 
 -0.185697 0.192309 -0.051092 
 -0.274730 -0.405372 0.160609 
 0.020110 0.697257 0.133353 
 -0.014832 0.135948 -0.144064 
 -0.039913 0.103635 -0.141132 
 0.027744 -0.350477 0.013648 
 0.017153 -0.579186 0.141645 
 -0.251545 -0.370964 0.144378 
 -0.050623 0.395248 0.042056 
 0.095967 0.566273 0.102273 
 0.148371 0.287101 -0.041792 
 -0.322644 0.105029 -0.010695 
 0.092251 -0.227137 -0.075734 
 -0.237736 -0.014424 -0.081897 
 -0.269968 0.230441 0.022376 
 0.194853 0.015689 -0.198247 
 0.143833 0.881921 0.131578 
 0.296051 -0.468308 0.115775 
 0.017607 -0.152091 -0.152289 
 -0.364806 -0.141315 0.013053 
 0.180630 -0.624210 0.114288 
 -0.304715 0.112361 -0.012277 
 -0.199312 -0.015527 -0.097943 
 0.456524 0.237789 0.070021 
 -0.076859 0.343165 0.002217 
 -0.050578 0.393548 0.039885 
 0.190721 0.404182 0.087173 
 -0.095506 -0.214978 -0.060634 
 -0.276362 -0.161370 -0.007072 
 0.064704 0.311371 -0.074697 
 0.250520 -0.423535 0.104803 
 0.251511 -0.423508 0.104803 
 0.380505 -0.057778 -0.023223 
 0.164183 0.122554 -0.198715 
 0.031988 0.765636 0.143874 
 -0.188214 0.151419 -0.063089 
 -0.333310 -0.343786 0.110069 
 -0.357384 -0.377639 0.126298 
 -0.413458 0.220497 0.114561 
 0.126795 0.580458 0.087508 
 -0.037822 0.144689 -0.142313 
 -0.239867 -0.362976 0.116326 
 0.245113 -0.491078 0.120244 
 -0.345531 0.235188 0.068350 
 0.124247 0.162167 -0.196411 
 0.124831 0.704517 0.138062 
 0.197498 -0.613369 0.114476 
 0.123945 0.164221 -0.196397 
 0.159804 -0.123912 -0.191473 
 -0.177416 0.295209 0.013418 
 -0.199545 -0.431428 0.155910 
 0.142450 0.032668 -0.207771 
 -0.218972 -0.195724 -0.010804 
 -0.227409 0.271251 0.017422 
 -0.064752 0.170451 -0.114019 
 -0.148091 -0.380813 0.109359 
 -0.095900 -0.214983 -0.061536 
 -0.052744 -0.484737 0.131214 
 -0.288708 0.063215 -0.052466 
 -0.431667 -0.116038 0.059415 
 -0.090072 -0.416107 0.104767 
 0.158623 -0.344496 -0.035806 
 -0.118133 -0.058337 -0.102461 
 -0.025140 0.508683 0.101931 
 -0.380171 -0.109268 0.013427 
 0.406706 -0.662511 0.098030 
 0.291752 -0.608683 0.078759 
 0.199591 0.428583 0.085761 
 -0.309965 -0.177289 -0.004241 
 0.118724 -0.040201 -0.203682 
 0.224687 0.417411 0.083949 
 0.174429 -0.034956 -0.208538 
 -0.356033 -0.118104 0.013055 
 -0.143944 0.172285 -0.094192 
 -0.075491 0.404138 0.041166 
 0.392908 0.008964 -0.012675 
 -0.372713 -0.001750 -0.003573 
 0.134940 0.815184 0.134217 
 0.190247 -0.557245 0.113438 
 0.252265 0.216506 -0.087437 
 -0.202070 -0.163680 -0.053395 
 0.402195 -0.007839 -0.014717 
 0.078414 -0.185847 -0.142799 
 -0.389339 0.109350 0.075328 
 0.117498 0.911040 0.158800 
 0.108614 -0.285451 -0.035201 
 -0.178398 0.233699 -0.025908 
 -0.027060 -0.332448 -0.009189 
 0.159817 0.910176 0.155670 
 0.050334 0.363875 -0.035304 
 0.229890 0.050792 -0.161558 
 -0.176740 0.175629 -0.051730 
 -0.065742 -0.009644 -0.135832 
 -0.334479 0.199039 0.041297 
 -0.134051 -0.190381 -0.085087 
 0.071482 -0.613585 0.124653 
 -0.423131 -0.091183 0.056669 
 0.062035 0.550083 0.107112 
 -0.097846 -0.373446 0.063626 
 -0.251921 -0.170163 -0.010531 
 -0.076629 0.246010 -0.101640 
 0.288868 -0.677089 0.108676 
 0.038136 0.663866 0.146116 
 -0.188178 0.210172 -0.024513 
 -0.123338 0.023261 -0.132148 
 0.002185 -0.341665 0.015698 
 -0.082221 -0.018557 -0.135125 
 -0.106621 -0.009534 -0.132526 
 0.220462 0.939622 0.123721 
 -0.223386 0.313624 0.029418 
 0.023086 0.719567 0.105627 
 0.034549 0.218449 -0.123404 
 0.174889 0.007542 -0.209701 
 0.086607 0.646148 0.129360 
 -0.001146 0.003323 -0.181801 
 0.160215 -0.187630 -0.148999 
 -0.118815 -0.140572 -0.101031 
 -0.406793 0.041571 0.038255 
 -0.122380 0.023284 -0.131646 
 0.322088 0.421024 0.129609 
 0.135281 0.919196 0.158245 
 0.023039 0.719568 0.105356 
 -0.247046 -0.062912 -0.039579 
 0.100112 0.756474 0.138655 
 0.176525 -0.438786 0.111406 
 0.195991 -0.658266 0.115669 
 0.151755 -0.106027 -0.191274 
 -0.067180 0.070944 -0.150096 
 -0.401320 -0.140855 0.042864 
 0.016243 0.508497 0.098537 
 -0.018542 0.053569 -0.154879 
 -0.268850 -0.178140 -0.007264 
 0.054572 0.091620 -0.203587 
 -0.113677 0.188133 -0.110505 
 0.344002 -0.766860 0.066398 
 -0.025445 0.329773 -0.068491 
 -0.048108 -0.458927 0.103395 
 -0.028536 -0.011818 -0.152331 
 -0.185900 -0.331147 0.043856 
 0.435638 0.067456 0.009315 
 0.108649 0.234122 -0.129850 
 -0.090071 -0.416111 0.105325 
 -0.080023 -0.248369 -0.060646 
 0.085382 -0.276615 -0.033165 
 -0.056146 -0.347045 0.020384 
 0.276818 -0.033422 -0.136223 
 -0.179046 0.374478 0.077382 
 -0.317936 -0.160536 -0.003402 
 0.194853 0.015685 -0.198099 
 -0.174475 -0.440384 0.155767 
 0.109029 0.781044 0.136990 
 0.419815 0.101254 0.009599 
 -0.084841 0.359188 0.003348 
 -0.223134 0.034326 -0.096977 
 -0.128250 -0.165596 -0.099660 
 -0.328867 0.302747 0.105366 
 -0.037629 0.304399 -0.079617 
 0.273897 0.107027 -0.128717 
 -0.124758 0.300962 -0.018644 
 -0.116405 0.445842 0.043847 
 -0.392376 -0.240709 0.058306 
 -0.226067 -0.261984 0.003414 
 -0.199537 0.025578 -0.099126 
 0.050166 0.523293 0.095324 
 0.283964 0.342418 0.081386 
 -0.095153 -0.149475 -0.102788 
 0.089628 0.300856 -0.076474 
 0.133910 0.729747 0.136647 
 0.071021 0.098267 -0.203730 
 -0.034950 0.045713 -0.153388 
 -0.365472 -0.359996 0.126498 
 0.213430 -0.566017 0.111643 
 -0.072937 -0.383904 0.062951 
 0.125802 -0.521100 0.090853 
 0.194394 0.072428 -0.172791 
 0.312936 -0.827519 0.082742 
 -0.050768 0.518208 0.103732 
 0.110200 0.215523 -0.158429 
 0.413419 -0.875710 0.144087 
 0.298325 -0.710193 0.081930 
 -0.122705 -0.364843 0.066529 
 -0.159872 -0.099170 -0.098899 
 0.000957 -0.476272 0.099815 
 0.411775 -0.793766 0.035051 
 -0.259933 0.134797 -0.043423 
 -0.234049 -0.245211 0.004874 
 -0.211837 0.219881 -0.022737 
 -0.086255 -0.083691 -0.105345 
 -0.102327 -0.091355 -0.103778 
 0.299822 -0.625648 0.078637 
 0.316720 -0.617596 0.077702 
 0.047364 -0.562549 0.125298 
 -0.299265 -0.028163 -0.008884 
 -0.130389 -0.322310 0.026983 
 -0.218940 0.296064 0.015461 
 -0.117534 0.363180 0.046260 
 0.100199 0.753284 0.138634 
 -0.450010 -0.205320 0.062064 
 0.356740 -0.118021 -0.140500 
 -0.055096 -0.298606 -0.048394 
 -0.172182 -0.023697 -0.086497 
 -0.253657 0.178375 -0.018202 
 0.349133 0.009550 -0.023051 
 0.085934 0.025681 -0.202355 
 -0.038419 0.146647 -0.142300 
 0.054209 0.567125 0.107273 
 -0.013084 -0.391567 0.031407 
 0.038339 0.261239 -0.111418 
 -0.157699 0.026083 -0.102438 
 -0.223601 -0.154400 -0.038419 
 -0.008114 0.455810 0.075012 
 -0.235211 -0.203669 -0.009226 
 -0.191442 -0.448461 0.155525 
 -0.272788 0.028251 -0.052800 
 0.156710 0.215829 -0.133366 
 0.358250 -0.007250 -0.022646 
 0.073319 0.373434 -0.009901 
 0.194559 0.968895 0.151982 
 0.177221 0.855839 0.129575 
 -0.015925 -0.484836 0.103134 
 0.176722 -0.179757 -0.150886 
 0.344807 -0.726744 0.065913 
 0.313906 0.256000 0.054135 
 -0.019865 -0.537101 0.170249 
 0.418879 0.101229 0.009600 
 -0.006241 0.455861 0.075012 
 0.380697 0.221149 0.076613 
 0.435657 0.066766 0.009207 
 -0.122712 -0.364580 0.066298 
 0.077944 0.001393 -0.201563 
 0.218626 0.769739 0.128591 
 0.202168 -0.405622 0.108397 
 -0.332042 -0.170002 0.011068 
 -0.134767 0.355147 0.047507 
 0.263819 -0.667673 0.110476 
 -0.212263 0.117977 -0.060144 
 0.092753 0.815393 0.137629 
 0.100370 -0.153726 -0.158743 
 -0.052034 -0.484718 0.131213 
 0.378549 0.362259 0.154795 
 0.025159 0.531194 0.097114 
 -0.399793 -0.058530 0.040402 
 -0.034602 0.484870 0.103346 
 -0.109034 -0.381922 0.089001 
 0.199624 0.367576 0.060482 
 0.268428 -0.016815 -0.136033 
 -0.004176 -0.062149 -0.152905 
 0.137144 -0.335853 -0.023395 
 0.107441 0.408747 0.026588 
 0.210494 0.235300 -0.057610 
 0.285822 0.385259 0.093312 
 0.199600 0.428268 0.086580 
 0.274608 -0.558730 0.106643 
 0.243768 0.761818 0.126792 
 -0.098719 -0.026752 -0.132720 
 0.240802 0.385932 0.083577 
 -0.355268 0.107207 0.031547 
 -0.027003 0.367120 -0.001593 
 0.170572 -0.319923 -0.025414 
 -0.066441 -0.052156 -0.134662 
 -0.110923 0.088805 -0.134701 
 -0.038240 0.585828 0.114275 
 0.150560 0.449801 0.022008 
 0.111120 0.532166 0.103480 
 0.025561 0.117192 -0.185619 
 0.038913 0.123823 -0.201798 
 -0.224294 0.314629 0.029425 
 0.290239 -0.692651 0.080711 
 0.066344 0.489510 0.094936 
 0.419559 0.101418 0.009601 
 0.345653 -0.658647 0.036234 
 -0.201945 0.184384 -0.049518 
 0.094422 -0.360148 0.008509 
 0.009644 -0.425463 0.057417 
 0.208506 0.216778 -0.097011 
 -0.285409 -0.387930 0.147575 
 0.140817 -0.089696 -0.202605 
 0.109455 -0.023761 -0.203182 
 0.362091 0.077440 -0.011896 
 0.309535 0.034025 -0.046774 
 -0.447690 -0.082638 0.058447 
 -0.200264 -0.475056 0.156420 
 0.167074 -0.253391 -0.081760 
 0.203090 -0.490696 0.123997 
 0.111186 -0.105184 -0.189407 
 0.064858 0.329614 -0.048184 
 0.265345 -0.140233 -0.132480 
 -0.436655 0.066820 0.053448 
 -0.169236 0.141938 -0.091234 
 -0.325759 0.225630 0.040150 
 -0.160944 0.303197 0.011083 
 -0.275136 -0.336605 0.105089 
 0.417204 0.000103 -0.014455 
 0.093414 0.090733 -0.205463 
 0.192828 -0.066020 -0.195748 
 0.007508 0.383128 -0.004762 
 -0.269951 0.229811 0.021978 
 -0.183141 -0.007645 -0.099507 
 0.051658 -0.203875 -0.113335 
 0.103931 0.250560 -0.116068 
 0.244747 -0.148220 -0.157227 
 -0.110186 -0.076437 -0.103599 
 0.209629 -0.000228 -0.171981 
 -0.098466 0.014571 -0.133899 
 0.125668 0.893455 0.159660 
 0.240838 0.384601 0.083568 
 0.160890 0.847929 0.131187 
 0.300662 -0.124364 -0.122461 
 0.422719 0.221584 0.073224 
 0.196836 -0.658981 0.115664 
 0.322089 0.421016 0.130846 
 0.023761 0.138015 -0.160522 
 -0.116946 0.363196 0.046260 
 0.144671 0.880203 0.131566 
 0.094768 0.627715 0.128082 
 -0.367596 -0.248889 0.056531 
 0.404522 -0.900528 0.145666 
 -0.008060 0.060927 -0.182786 
 -0.148077 -0.381327 0.108890 
 0.323156 -0.133168 -0.137366 
 0.236173 -0.049671 -0.159398 
 0.270939 -0.457779 0.117585 
 -0.134799 0.217811 -0.055801 
 -0.104667 0.231401 -0.072142 
 0.087451 0.105568 -0.205286 
 -0.080649 -0.182596 -0.103167 
 0.028872 0.391983 0.006817 
 -0.363168 -0.101290 0.011847 
 0.037160 0.703993 0.131735 
 -0.009543 0.475053 0.101543 
 -0.132865 -0.189558 -0.085082 
 0.242233 0.173483 -0.125679 
 0.295089 -0.008088 -0.099390 
 0.081917 0.182651 -0.166718 
 -0.200371 0.244343 -0.011901 
 -0.217978 0.176464 -0.047924 
 -0.069297 -0.517679 0.173867 
 -0.399923 0.186032 0.100070 
 0.414910 -0.695242 0.071960 
 -0.174400 -0.147566 -0.083079 
 -0.069007 0.229444 -0.101830 
 -0.178431 0.234916 -0.026060 
 0.357952 0.032028 -0.023860 
 -0.251239 0.159516 -0.044804 
 -0.049983 0.456662 0.078402 
 -0.078360 -0.289794 -0.046629 
 0.099211 -0.426683 0.077048 
 -0.095701 -0.322628 -0.017267 
 -0.384056 -0.326018 0.113742 
 0.275438 -0.074572 -0.134792 
 -0.012035 0.576949 0.112476 
 0.179872 -0.666317 0.116489 
 -0.347928 -0.051999 -0.004150 
 0.051751 -0.360710 0.011862 
 -0.345497 0.233944 0.068186 
 -0.166960 -0.457418 0.153222 
 0.086643 0.067420 -0.204094 
 0.195217 0.968913 0.151981 
 -0.175498 -0.213314 -0.041626 
 0.204954 -0.676922 0.115462 
 0.087870 -0.252911 -0.061183 
 -0.059308 -0.109304 -0.133230 
 -0.254170 -0.279614 0.034581 
 0.093392 -0.227107 -0.075580 
 0.128288 0.665570 0.085099 
 0.274891 0.317323 0.082792 
 0.023014 0.720498 0.105634 
 -0.041444 -0.060396 -0.136410 
 0.061507 0.653750 0.132176 
 0.419813 -0.810658 0.034451 
 -0.416561 -0.066216 0.042047 
 -0.002819 0.339765 -0.043062 
 0.207816 -0.164068 -0.154104 
 -0.038247 0.586061 0.114276 
 -0.209283 0.201100 -0.047538 
 -0.227694 0.271230 0.019302 
 -0.324438 -0.059913 -0.005914 
 -0.372103 0.159180 0.072534 
 0.411033 0.017002 -0.014263 
 -0.147577 -0.355702 0.067249 
 -0.300421 -0.328449 0.106873 
 0.125101 0.164252 -0.196398 
 -0.076879 0.343905 0.003166 
 0.450933 -0.007207 0.010035 
 0.141256 -0.008133 -0.206596 
 0.119507 0.473354 0.104501 
 -0.253570 0.018863 -0.081680 
 0.108288 0.885731 0.161278 
 0.308734 -0.165382 -0.094868 
 -0.194176 0.287229 0.013474 
 -0.097874 0.155215 -0.110494 
 0.185645 -0.155304 -0.152354 
 -0.134687 -0.066216 -0.103043 
 0.003706 -0.079026 -0.153097 
 -0.088627 0.080050 -0.137012 
 -0.042090 0.321844 -0.067913 
 0.043085 -0.519577 0.097630 
 -0.433670 0.169934 0.104426 
 -0.235699 0.288069 0.017683 
 -0.220010 -0.238087 -0.009616 
 -0.344482 -0.219070 0.040301 
 -0.389194 -0.092515 0.013620 
 0.221356 0.317608 0.046764 
 -0.338508 0.115190 0.031128 
 -0.427909 0.092469 0.053274 
 -0.388199 -0.283819 0.085969 
 -0.374956 -0.233959 0.056711 
 0.235687 0.778467 0.126985 
 -0.357795 -0.076744 -0.002994 
 0.167893 0.473988 0.127567 
 -0.179919 -0.304626 0.028761 
 0.065433 0.174788 -0.164630 
 0.374860 0.257145 0.116407 
 0.080082 0.744951 0.127103 
 0.112618 -0.545906 0.079065 
 0.008882 0.027705 -0.183166 
 0.029577 0.059630 -0.199254 
 0.018099 -0.579160 0.141645 
 -0.186350 0.433336 0.078212 
 0.009526 0.464674 0.073420 
 0.004413 -0.036907 -0.154268 
 -0.161498 0.242879 -0.027478 
 -0.144668 -0.492226 0.178159 
 -0.031960 0.128060 -0.142503 
 -0.055495 -0.255889 -0.062772 
 0.298391 0.098280 -0.129234 
 -0.115658 0.344758 0.019704 
 -0.011767 -0.325051 -0.010772 
 0.119681 -0.121680 -0.188166 
 0.160153 0.082000 -0.210493 
 