-0.280609 -0.360623 0.080768 
 -0.350153 -0.471634 0.188499 
 0.012068 0.615352 0.266351 
 0.055601 -0.576420 0.074819 
 0.150803 -0.216372 -0.033975 
 0.266594 0.602578 0.041821 
 -0.144252 0.241906 -0.178805 
 -0.133204 -0.077852 -0.206560 
 0.506460 -0.760073 -0.022906 
 0.415643 -0.755548 -0.018153 
 -0.007972 0.523568 0.217831 
 0.265536 -0.731319 0.055930 
 0.475636 -0.751894 -0.012790 
 -0.356114 0.071235 0.029422 
 0.252382 -0.440266 0.168652 
 0.141812 0.533951 0.170572 
 0.217438 0.017979 -0.072396 
 0.186936 -0.609101 0.054508 
 -0.248411 -0.338452 0.047636 
 0.154903 -0.682479 0.118890 
 -0.090579 -0.202897 -0.075171 
 0.280914 0.779356 -0.057408 
 -0.146312 -0.443332 0.066284 
 0.101247 -0.621403 0.080790 
 -0.294062 -0.179795 -0.008927 
 -0.192113 -0.307526 -0.027858 
 -0.305439 -0.259405 0.024204 
 0.240959 0.045114 -0.077950 
 -0.105346 -0.197737 -0.070097 
 -0.044639 0.478869 0.130742 
 -0.263899 -0.226277 -0.044746 
 0.270026 0.799270 -0.050416 
 -0.215854 0.271165 -0.094402 
 0.200567 0.753456 -0.008639 
 0.227722 0.607496 0.030612 
 0.251278 -0.474570 0.187754 
 -0.154959 -0.238467 -0.081419 
 -0.098602 0.179724 -0.197624 
 0.111575 -0.657674 0.086443 
 0.205192 0.799324 -0.030497 
 0.316167 -0.020450 -0.071408 
 -0.326716 0.181881 0.030321 
 0.312158 -0.403311 0.149622 
 -0.087876 -0.376483 0.028816 
 0.117651 0.460554 0.387620 
 -0.182839 0.000227 -0.208593 
 -0.185344 0.049827 -0.203426 
 0.177026 -0.233075 0.003894 
 -0.059460 -0.270203 -0.030972 
 -0.326766 -0.266762 0.078230 
 -0.233425 0.292464 0.009423 
 -0.243529 -0.199257 -0.061957 
 -0.127561 -0.194768 -0.086701 
 -0.108359 0.528632 0.238397 
 0.280433 0.554749 0.069214 
 0.337819 -0.091194 -0.059776 
 0.153419 -0.686179 0.070818 
 -0.236337 0.192983 -0.091927 
 -0.195395 -0.098996 -0.106149 
 -0.135857 0.333671 -0.113467 
 0.188713 -0.364891 0.085159 
 -0.106552 0.265328 -0.187994 
 -0.073564 -0.033987 -0.163279 
 0.118923 -0.286469 0.030463 
 0.210906 -0.579105 0.049130 
 0.152714 -0.682468 0.118945 
 -0.111319 -0.079099 -0.188470 
 -0.012033 0.584929 0.272740 
 0.209221 0.504201 0.171284 
 0.037531 0.241934 -0.152229 
 -0.028289 -0.455828 0.050360 
 -0.150809 0.276882 -0.172329 
 -0.292615 -0.356513 0.095918 
 -0.131989 0.288611 -0.178063 
 0.244406 -0.639161 0.033654 
 0.306987 0.082595 -0.071850 
 -0.229773 0.457490 0.188018 
 -0.254072 0.342217 0.080023 
 -0.018053 -0.169016 -0.095739 
 -0.265136 0.046450 -0.119151 
 -0.327119 0.229106 0.117287 
 0.006575 -0.447796 0.041995 
 -0.195363 -0.097275 -0.105213 
 0.047743 -0.102724 -0.111339 
 0.264570 -0.629321 0.028358 
 -0.311525 0.326562 0.215213 
 -0.222204 -0.299569 -0.016902 
 -0.357028 -0.251174 0.148412 
 -0.350032 0.201423 0.122543 
 -0.366518 -0.019717 0.086130 
 0.113879 0.696993 0.109482 
 0.375309 0.698572 -0.032794 
 -0.253946 -0.031478 -0.189453 
 -0.311809 -0.300620 0.095041 
 0.101228 -0.621056 0.079963 
 0.148713 0.566937 0.159523 
 -0.319196 -0.039461 0.010837 
 0.369611 -0.061689 -0.043579 
 0.173539 0.902500 -0.048093 
 -0.336912 0.258695 0.181833 
 -0.122417 0.543258 0.303624 
 -0.142321 -0.363853 0.011686 
 -0.322754 0.283284 0.143417 
 -0.329927 0.010285 -0.006851 
 0.056706 0.492094 0.216926 
 -0.035348 -0.151592 -0.112360 
 -0.266849 0.332759 0.106517 
 -0.197634 -0.180750 -0.097765 
 0.329544 -0.316615 0.032254 
 -0.027529 -0.324974 0.002231 
 0.129440 -0.003297 -0.105544 
 0.190407 0.651695 0.046381 
 -0.273774 0.403104 0.209642 
 0.056267 -0.576417 0.075802 
 0.049824 0.528807 0.223771 
 -0.269413 -0.380636 0.074771 
 0.218066 -0.111160 -0.023296 
 0.353597 -0.805276 0.047016 
 0.213547 0.654758 0.005186 
 -0.299865 0.098097 -0.044477 
 0.056008 0.655983 0.255617 
 0.269807 -0.715341 0.055505 
 0.280354 0.926503 -0.067443 
 0.122685 -0.388108 0.068753 
 -0.140570 -0.396486 0.040867 
 -0.306722 -0.432283 0.177893 
 0.213171 0.641789 0.013990 
 -0.193775 0.105989 -0.172297 
 0.187704 0.219186 -0.106764 
 0.251821 -0.440279 0.166183 
 -0.144892 0.059324 -0.194497 
 -0.106380 -0.540469 0.046252 
 0.171580 0.436190 0.227522 
 -0.234674 0.314900 0.047312 
 0.014731 0.560378 0.262217 
 0.144435 0.548120 0.159610 
 -0.276016 -0.439967 0.167488 
 0.266759 -0.176085 -0.043759 
 0.071174 -0.105660 -0.094887 
 -0.016344 0.569935 0.271830 
 0.077760 -0.495416 0.074443 
 -0.381396 -0.083365 0.086362 
 -0.356340 0.246677 0.188737 
 -0.372434 0.045319 0.057983 
 -0.085243 0.080901 -0.185555 
 0.112581 0.696999 0.109514 
 -0.249922 0.358120 0.078802 
 0.130105 0.582380 0.142990 
 -0.129560 0.466069 0.156822 
 -0.249943 0.358115 0.077985 
 -0.070941 0.062972 -0.179665 
 0.152176 0.751211 0.006790 
 0.175777 -0.587213 0.059656 
 0.270603 -0.683146 0.034030 
 -0.138674 -0.012200 -0.222954 
 -0.212283 0.006193 -0.198610 
 -0.322302 0.245056 0.117547 
 0.028806 -0.552087 0.085183 
 -0.229719 0.157776 -0.097801 
 0.260619 0.571919 0.052787 
 -0.265203 -0.318195 0.030872 
 0.085879 0.069153 -0.133666 
 -0.193290 0.320833 -0.060657 
 0.051778 0.061194 -0.123819 
 0.197412 0.615552 0.040920 
 -0.031890 0.612060 0.304082 
 0.131560 -0.643364 0.081119 
 0.420843 -0.739948 -0.018244 
 -0.013108 -0.124015 -0.117546 
 0.182353 0.714754 0.018306 
 -0.068884 0.287289 -0.198121 
 -0.280236 0.198004 -0.006966 
 0.097610 -0.446391 0.095577 
 0.146652 0.885344 -0.064612 
 0.242340 0.755524 -0.046538 
 -0.126810 0.527795 0.303692 
 -0.398895 -0.109886 0.113590 
 -0.256367 -0.261771 -0.050796 
 0.272958 -0.252509 0.030416 
 0.145341 -0.006655 -0.110668 
 -0.133207 -0.076633 -0.206920 
 0.190257 0.167665 -0.112274 
 -0.239752 -0.280825 -0.034001 
 -0.240848 0.478241 0.192623 
 0.167848 -0.282477 0.014862 
 -0.134700 0.473796 0.194809 
 -0.267663 0.172030 -0.060813 
 -0.227481 -0.136286 -0.062958 
 -0.265898 -0.317315 0.030884 
 0.370466 0.626632 0.009184 
 0.259810 -0.645566 0.027820 
 0.201340 -0.395803 0.149743 
 -0.307146 0.044333 -0.082144 
 0.132760 0.013176 -0.105595 
 -0.123449 0.034261 -0.223824 
 0.021049 0.179210 -0.152349 
 0.101499 -0.061007 -0.089400 
 0.242084 -0.083653 -0.028609 
 -0.125298 -0.400490 0.038081 
 -0.105147 -0.372792 0.021323 
 0.052993 -0.215038 -0.062059 
 0.317779 0.046114 -0.066145 
 0.239954 -0.452205 0.193144 
 -0.165206 -0.054797 -0.218366 
 -0.356311 0.246684 0.189905 
 0.363577 -0.690630 -0.008079 
 0.059792 -0.528019 0.053114 
 0.088944 -0.108985 -0.091258 
 -0.366905 -0.087631 0.081259 
 -0.106062 -0.122613 -0.138269 
 -0.108588 0.353230 -0.157087 
 -0.238905 0.243817 -0.088065 
 -0.351938 0.087047 0.030316 
 -0.229403 0.370035 0.074093 
 0.208082 -0.503083 0.139592 
 -0.022742 0.366152 -0.170544 
 -0.042146 0.302537 -0.181508 
 -0.072817 0.487572 0.152053 
 0.064784 0.285457 -0.157515 
 0.133596 0.011226 -0.105604 
 -0.322120 0.293158 0.205598 
 -0.139482 -0.544019 0.115183 
 -0.203869 0.073905 -0.172108 
 -0.083682 0.454206 0.141247 
 0.284714 -0.617155 0.023049 
 0.276751 -0.751714 0.051059 
 0.316170 -0.021795 -0.071020 
 0.246237 0.575968 0.059409 
 0.068859 0.235199 -0.151494 
 0.347867 0.009170 -0.054999 
 -0.373636 -0.051537 0.087230 
 -0.275091 0.349465 0.193697 
 0.016303 -0.162273 -0.105979 
 0.064126 -0.290863 0.035394 
 -0.194967 0.377961 0.063782 
 0.192207 0.569981 0.062771 
 0.209609 0.164710 -0.105766 
 -0.005295 0.165739 -0.168525 
 0.366266 -0.009355 -0.038647 
 0.035884 -0.053852 -0.138879 
 0.258803 0.628129 -0.001461 
 -0.281104 0.336757 0.111628 
 -0.367301 -0.314561 0.170593 
 0.327616 0.806909 -0.044253 
 0.228911 -0.637424 0.036750 
 -0.316059 -0.238585 0.029229 
 -0.241710 0.015914 -0.188650 
 0.198084 -0.160493 -0.043304 
 0.074725 0.265431 -0.162470 
 -0.249583 0.056692 -0.135149 
 0.331777 -0.730144 0.034505 
 -0.133486 -0.076629 -0.206560 
 -0.010918 -0.063186 -0.161058 
 -0.187123 0.347757 -0.001168 
 -0.226991 0.012060 -0.193636 
 -0.307486 -0.110604 0.001474 
 -0.270621 -0.190800 -0.040872 
 -0.354224 0.185249 0.122530 
 -0.299358 0.187644 -0.002360 
 0.257008 -0.763922 0.057558 
 0.170968 0.791328 -0.020192 
 -0.106814 -0.504053 0.072668 
 0.056188 -0.576423 0.074804 
 -0.018456 -0.390732 0.029761 
 0.347214 0.594229 0.074925 
 -0.286797 0.354739 0.208074 
 0.234720 0.109970 -0.094280 
 -0.243999 -0.198994 -0.061947 
 0.175279 0.540561 0.148309 
 -0.141322 -0.272790 -0.063192 
 0.070532 0.650261 0.250390 
 -0.212578 -0.176187 -0.093982 
 0.086844 -0.043087 -0.095134 
 -0.313609 -0.300402 0.095085 
 0.294228 -0.341735 0.053548 
 0.237496 -0.604924 0.038771 
 0.210896 -0.581165 0.049142 
 0.155048 0.121299 -0.127626 
 0.103912 -0.282426 0.035643 
 -0.185380 0.433399 0.112543 
 0.194444 0.820292 -0.025458 
 -0.267993 -0.272694 -0.023874 
 -0.345972 0.051476 0.025814 
 0.111004 -0.029637 -0.089565 
 0.284209 -0.617152 0.023062 
 -0.318938 -0.090832 0.006015 
 0.098136 -0.190107 -0.052172 
 -0.181035 -0.451524 0.076689 
 -0.154868 -0.376733 0.039254 
 0.080652 -0.140711 -0.089408 
 -0.148617 0.489461 0.259998 
 -0.248780 0.358117 0.079284 
 -0.026335 -0.523170 0.057544 
 0.289301 0.811184 -0.056350 
 -0.182314 -0.000545 -0.208601 
 0.180697 0.459380 0.177614 
 0.230301 -0.739436 0.067657 
 0.151858 -0.308685 0.041671 
 -0.321627 0.042612 -0.006291 
 -0.341749 0.081248 0.003684 
 0.169341 0.720508 0.034329 
 -0.128910 -0.226548 -0.064860 
 0.212141 0.763513 -0.035149 
 0.191153 0.680445 0.024304 
 0.029957 -0.069584 -0.138522 
 0.212497 0.611532 0.036895 
 -0.094842 -0.408394 0.028919 
 -0.125275 -0.400485 0.038985 
 -0.041446 -0.289702 -0.015274 
 -0.066367 0.564528 0.287671 
 0.149971 -0.247602 -0.011274 
 -0.160519 -0.039307 -0.218450 
 0.389451 -0.764098 0.013594 
 0.334588 -0.268755 0.012124 
 0.268308 -0.444410 0.160867 
 0.334917 -0.038996 -0.054720 
 -0.098925 0.047638 -0.207150 
 -0.284818 -0.376619 0.080483 
 0.159901 0.659753 0.056747 
 0.023302 0.593070 0.261426 
 0.113556 0.469526 0.246486 
 0.153462 0.054587 -0.132439 
 0.055245 -0.454970 0.084736 
 -0.267735 -0.346781 0.052818 
 0.202082 0.703311 -0.013547 
 -0.218420 0.115686 -0.140438 
 -0.391597 0.041684 0.123232 
 -0.111267 0.067071 -0.203338 
 -0.019723 -0.217307 -0.063094 
 -0.104306 -0.167131 -0.091912 
 -0.089304 0.210780 -0.198882 
 -0.130076 0.055298 -0.197109 
 0.169377 0.884949 -0.047704 
 0.525804 -0.814355 0.013932 
 0.143049 0.474407 0.214145 
 0.038852 0.658468 0.260928 
 -0.066290 0.115766 -0.153159 
 -0.176923 0.428413 0.085661 
 -0.197747 0.003346 -0.203597 
 -0.264431 0.210175 -0.023654 
 0.189077 -0.678955 0.060271 
 -0.296042 -0.498844 0.216640 
 0.310516 0.714662 -0.020898 
 0.105225 -0.334826 0.029620 
 -0.011072 0.229075 -0.185423 
 0.271981 0.006810 -0.066385 
 -0.063841 -0.082424 -0.145784 
 0.158687 -0.653601 0.059150 
 -0.048937 0.059843 -0.164371 
 0.447146 -0.796717 -0.006723 
 -0.224076 0.239885 -0.094526 
 0.248293 -0.312464 0.058459 
 -0.239862 -0.182629 -0.062019 
 0.272026 -0.121979 -0.016724 
 0.068361 -0.273079 0.035257 
 -0.239764 -0.183512 -0.062016 
 -0.064225 0.466012 0.135999 
 0.058619 0.601205 0.249345 
 0.517193 -0.847643 0.014078 
 -0.056489 0.483512 0.144861 
 0.301873 0.791275 -0.061333 
 -0.054376 -0.103030 -0.150723 
 -0.260166 -0.458646 0.184199 
 -0.094722 -0.217198 -0.075111 
 -0.164346 0.458055 0.168295 
 -0.244578 0.161699 -0.092831 
 -0.174652 0.030457 -0.206651 
 0.385167 -0.780599 0.013667 
 -0.069797 0.538193 0.238268 
 0.208158 -0.527723 0.054156 
 0.074637 -0.217854 -0.045610 
 0.157014 0.070793 -0.132496 
 -0.146425 0.444475 0.113084 
 -0.275858 0.103722 -0.087455 
 0.257915 -0.056438 -0.055551 
 0.016718 0.629863 0.266283 
 0.035269 -0.150437 -0.111887 
 -0.027976 0.298188 -0.186502 
 -0.199533 0.127405 -0.145550 
 -0.295050 -0.064244 0.000782 
 -0.220134 0.326549 0.031219 
 -0.163050 0.230279 -0.172181 
 0.055990 -0.184346 -0.083809 
 -0.196851 0.282889 -0.097927 
 -0.320978 -0.363639 0.125682 
 0.423482 -0.792187 -0.023268 
 -0.316068 -0.240603 0.029241 
 -0.058092 0.143660 -0.153274 
 -0.244968 -0.080711 -0.052296 
 0.092441 0.627176 0.158489 
 -0.312601 -0.478866 0.199927 
 0.276882 -0.582258 0.028168 
 -0.125272 -0.401107 0.039230 
 0.237318 0.208333 -0.111084 
 -0.382566 -0.046333 0.113324 
 0.162732 0.853245 -0.047916 
 -0.386729 0.163367 0.154845 
 -0.276229 0.254503 0.019802 
 0.200476 0.471597 0.172540 
 -0.033580 0.457347 0.125640 
 0.289934 0.003597 -0.061659 
 0.115984 0.655150 0.153146 
 -0.210999 -0.110072 -0.089039 
 -0.351922 0.088181 0.030736 
 -0.092522 -0.248837 -0.042460 
 0.179020 -0.296983 0.058367 
 -0.273180 -0.139969 -0.036035 
 0.175123 0.807307 -0.020261 
 0.370313 0.655552 -0.011084 
 0.046211 0.155666 -0.161998 
 -0.253340 -0.031475 -0.188456 
 -0.160927 -0.187511 -0.086373 
 0.275010 0.022814 -0.065745 
 0.010803 -0.431699 0.041906 
 -0.275656 -0.237113 -0.018901 
 0.157715 -0.702686 0.092293 
 -0.240179 -0.035355 -0.193403 
 -0.288911 0.242074 0.046908 
 0.358357 0.575025 0.069775 
 -0.279870 -0.103571 -0.031105 
 -0.325631 -0.294970 0.111161 
 0.305170 -0.000121 -0.065946 
 0.224200 0.620356 0.010068 
 -0.153779 0.261339 -0.172955 
 0.127288 0.508351 0.197598 
 -0.015162 0.214911 -0.185365 
 0.397443 -0.032246 -0.038287 
 -0.389271 0.034286 0.072238 
 -0.306069 0.081470 -0.055384 
 0.031027 -0.519959 0.063469 
 -0.190925 -0.031515 -0.206216 
 0.207889 -0.665890 0.054983 
 -0.311649 -0.126411 0.001052 
 0.506449 -0.760390 -0.023280 
 -0.226357 0.347618 0.046252 
 -0.383265 -0.142973 0.141525 
 -0.219948 0.255528 -0.093792 
 0.084716 -0.247870 0.008401 
 -0.131694 -0.241194 -0.064832 
 0.317058 0.663734 -0.017129 
 -0.121189 0.269083 -0.182997 
 -0.137520 0.333678 -0.113666 
 -0.165094 -0.204559 -0.087338 
 0.208090 -0.501591 0.139583 
 -0.021050 0.140049 -0.140135 
 -0.249927 -0.322187 0.025747 
 0.307054 -0.290553 0.053320 
 0.242078 0.917406 -0.068626 
 -0.013918 -0.154344 -0.096214 
 -0.097288 0.100055 -0.180575 
 0.194768 -0.612651 0.027873 
 0.232117 0.962414 -0.026079 
 -0.068851 0.011275 -0.184463 
 0.367004 -0.008537 -0.038670 
 -0.174731 0.030438 -0.209815 
 -0.177817 -0.326316 -0.021629 
 0.240842 0.126935 -0.094404 
 -0.014248 -0.376489 0.029702 
 -0.328316 0.077302 -0.000971 
 0.280943 0.778680 -0.056098 
 -0.147499 0.515553 0.309047 
 -0.104342 -0.279405 -0.053167 
 -0.253690 0.041758 -0.135876 
 0.072553 0.527622 0.241015 
 -0.213457 0.182052 -0.124779 
 0.300702 -0.214077 -0.022008 
 -0.101492 0.432425 0.097640 
 0.158332 -0.342307 0.084819 
 -0.154587 0.298730 -0.148429 
 0.280755 -0.633400 0.023112 
 -0.011080 0.229630 -0.185858 
 0.312173 -0.402572 0.150067 
 0.168159 0.419783 0.225511 
 -0.261365 0.286951 0.041547 
 0.239382 0.615698 0.003765 
 0.039048 -0.134625 -0.111189 
 -0.035997 -0.242806 -0.036470 
 -0.147961 -0.073719 -0.201561 
 -0.375103 0.149355 0.078777 
 0.052146 -0.215026 -0.060798 
 0.272978 -0.252505 0.031223 
 -0.285229 -0.186847 -0.035840 
 -0.379955 -0.097928 0.109377 
 0.286012 -0.686298 0.028790 
 -0.049861 0.337603 -0.176604 
 -0.074595 -0.266646 -0.026632 
 0.008775 0.278794 -0.163973 
 0.295367 0.550705 0.064024 
 0.300720 -0.214072 -0.021307 
 0.091807 0.003657 -0.117185 
 -0.261040 0.061853 -0.119219 
 0.307387 -0.275398 0.042560 
 -0.162748 -0.331633 -0.026728 
 0.322176 0.077710 -0.076992 
 0.307384 -0.275978 0.042537 
 -0.140750 0.075556 -0.192184 
 0.058670 -0.470727 0.106346 
 0.158265 -0.473987 0.134800 
 -0.040247 0.251789 -0.186300 
 -0.148553 -0.140289 -0.087793 
 -0.318654 -0.053467 0.032843 
 -0.387170 0.020082 0.096417 
 -0.245305 -0.446614 0.157078 
 -0.216427 0.294342 -0.054592 
 -0.043497 0.171164 -0.180104 
 0.297636 0.550694 0.063967 
 0.431204 -0.703160 0.029252 
 0.131346 -0.228526 -0.030286 
 0.091023 -0.026414 -0.094653 
 -0.231588 -0.152023 -0.061807 
 -0.251264 -0.046476 -0.166566 
 0.249832 -0.249231 0.015321 
 -0.274143 -0.036118 -0.134745 
 -0.141362 -0.273525 -0.064655 
 0.097324 -0.078456 -0.089321 
 0.151774 -0.751964 0.113952 
 0.032092 0.306146 -0.169148 
 0.024935 0.661681 0.266154 
 0.181159 0.590584 0.068482 
 0.375048 0.672294 -0.011172 
 0.089277 0.055047 -0.111029 
 -0.020126 0.021954 -0.151300 
 -0.354724 0.224574 0.149601 
 0.198964 -0.380004 0.128182 
 -0.119260 -0.163336 -0.085987 
 -0.066524 -0.348819 0.012670 
 0.047731 -0.609105 0.074946 
 0.365520 -0.759573 -0.002392 
 -0.096956 0.426821 0.059743 
 0.002833 0.580825 0.266521 
 -0.078391 -0.251667 -0.047550 
 0.090941 0.666565 0.185366 
 0.268373 -0.107713 -0.038873 
 -0.276694 -0.022120 -0.156583 
 -0.104733 -0.472208 0.052488 
 -0.379856 0.079747 0.062969 
 0.313586 0.031614 -0.065856 
 0.062117 -0.244474 -0.008091 
 -0.367669 -0.232065 0.153505 
 -0.077644 -0.049619 -0.162129 
 0.174236 0.104278 -0.111146 
 -0.067243 0.562847 0.287703 
 -0.151716 -0.110788 -0.120315 
 -0.274307 0.349461 0.193678 
 0.334062 0.742624 -0.028095 
 -0.318001 -0.270027 0.051228 
 -0.165856 0.303875 -0.130014 
 -0.308307 0.105516 -0.017525 
 0.244826 -0.297721 0.036964 
 0.004577 0.116488 -0.152074 
 0.017879 -0.314863 0.024246 
 -0.375261 0.196394 0.164289 
 -0.036697 -0.242801 -0.036211 
 -0.337872 -0.199857 0.039546 
 -0.308316 0.103771 -0.017514 
 0.180270 0.865127 -0.052712 
 -0.039127 0.155502 -0.158376 
 0.367000 -0.009339 -0.038665 
 0.063205 0.218362 -0.162285 
 -0.215754 0.444040 0.122821 
 0.139600 -0.452629 0.117543 
 -0.218617 0.079729 -0.167120 
 0.042137 -0.540135 0.058406 
 0.180035 0.053628 -0.106351 
 -0.223074 -0.315038 -0.007521 
 -0.307627 0.155791 -0.001693 
 0.013695 -0.415599 0.041114 
 -0.318037 -0.270412 0.049832 
 0.223325 0.063299 -0.094107 
 -0.112665 0.338039 -0.156499 
 -0.330041 -0.312203 0.111244 
 0.065475 -0.645264 0.102138 
 -0.209371 0.198603 -0.125480 
 0.044092 -0.240941 -0.013650 
 0.316127 -0.020460 -0.073015 
 0.196817 -0.482551 0.144795 
 -0.238116 -0.310531 -0.001202 
 0.141606 0.475563 0.214174 
 -0.052003 -0.483659 0.056971 
 0.349916 -0.788478 0.024662 
 -0.325659 0.026053 -0.006221 
 -0.151097 -0.491945 0.088169 
 -0.051099 -0.132499 -0.118144 
 0.173749 0.496040 0.181856 
 -0.092988 0.401747 0.032940 
 0.237368 0.029161 -0.077610 
 0.014207 -0.331804 0.024308 
 -0.269640 -0.381030 0.074779 
 -0.339969 -0.307394 0.138307 
 -0.027881 0.167247 -0.185144 
 -0.066922 -0.069188 -0.168217 
 0.186158 0.635632 0.045128 
 0.284660 0.570913 0.068447 
 0.159876 0.546086 0.154370 
 -0.294091 -0.181765 -0.009677 
 0.173819 -0.054210 -0.040264 
 -0.184332 0.470305 0.210462 
 0.133663 -0.053451 -0.099627 
 0.108725 0.527232 0.181051 
 0.177005 0.727252 -0.004881 
 -0.063065 -0.463032 0.062078 
 -0.089936 -0.096528 -0.160759 
 0.275279 -0.649632 0.024075 
 -0.040130 -0.258714 -0.036160 
 -0.293804 -0.063195 0.000745 
 -0.256834 -0.369295 0.045755 
 0.230588 -0.568363 0.043495 
 0.303429 -0.777101 0.039980 
 0.269624 0.960153 -0.073542 
 0.157709 -0.531321 0.069904 
 -0.200232 -0.129719 -0.095059 
 0.366088 -0.792575 0.018967 
 -0.362196 0.025506 0.054226 
 0.091003 -0.027758 -0.095201 
 -0.352940 -0.318668 0.165437 
 0.064768 0.285039 -0.158066 
 0.337826 -0.091192 -0.059471 
 0.077149 -0.564293 0.069487 
 -0.046412 -0.116759 -0.118265 
 -0.335218 -0.390863 0.165508 
 0.173823 -0.344898 0.081719 
 -0.165596 -0.106863 -0.115998 
 0.056599 0.253681 -0.157377 
 -0.239866 -0.183574 -0.062013 
 0.159895 0.659751 0.056508 
 -0.219251 -0.141476 -0.089106 
 0.253343 -0.263842 0.036814 
 -0.333540 -0.229607 0.083006 
 0.209775 -0.580524 0.049166 
 0.408045 -0.788078 -0.017487 
 -0.237998 -0.311050 -0.001202 
 -0.354398 -0.039632 0.079866 
 0.199303 -0.629266 0.049321 
 0.297718 -0.183503 -0.054108 
 0.248549 0.866998 -0.064508 
 0.031877 0.624581 0.261038 
 -0.002564 -0.496371 0.052224 
 -0.393890 0.093539 0.128150 
 -0.359650 -0.382186 0.197922 
 -0.030951 0.333602 -0.170769 
 0.236036 -0.129998 -0.006921 
 0.000061 -0.189337 -0.079144 
 0.270008 0.799266 -0.051124 
 -0.078105 -0.154281 -0.074807 
 0.211254 0.083399 -0.089028 
 0.375409 0.714585 -0.044794 
 -0.197543 0.003349 -0.202911 
 -0.070202 0.424385 0.087310 
 0.130147 0.582221 0.144709 
 -0.164313 0.408450 0.080391 
 0.069591 0.539550 0.218527 
 -0.224608 0.474200 0.187921 
 0.227217 0.759512 -0.041795 
 0.338804 -0.253222 0.010611 
 0.044168 0.206634 -0.158073 
 0.241409 -0.113909 -0.007648 
 -0.133088 -0.241195 -0.066131 
 -0.384067 0.065132 0.060813 
 0.029505 -0.084210 -0.127907 
 -0.200076 0.052738 -0.198813 
 0.168700 0.566972 0.104647 
 -0.153420 -0.011155 -0.218543 
 0.077473 -0.495414 0.074451 
 -0.056273 -0.500084 0.055384 
 0.063217 0.218389 -0.161788 
 -0.079005 0.345417 -0.166589 
 0.209932 -0.143283 -0.024573 
 -0.193537 -0.165055 -0.098891 
 -0.089335 0.064982 -0.185486 
 -0.142511 0.397559 0.048316 
 0.424529 -0.723021 -0.018304 
 0.117432 0.684473 0.131267 
 0.358407 0.573920 0.072016 
 0.144577 0.533937 0.170504 
 0.110541 0.482579 0.224703 
 0.296472 -0.230322 -0.021806 
 -0.108929 -0.108250 -0.156800 
 0.273067 0.719196 -0.034270 
 0.372387 -0.668494 0.050239 
 -0.379426 -0.211004 0.158614 
 0.105255 -0.334820 0.030698 
 0.375033 0.671602 -0.011649 
 -0.135575 -0.464160 0.061199 
 0.132115 -0.628172 0.070326 
 0.541373 -0.818723 0.008658 
 -0.211577 -0.444027 0.085654 
 0.042381 -0.387369 0.046543 
 -0.373136 0.045319 0.057347 
 -0.084395 0.478301 0.179252 
 -0.237052 0.126494 -0.097675 
 0.052398 0.584874 0.250700 
 0.210867 0.815227 -0.030604 
 0.378978 -0.694417 -0.014568 
 -0.238900 0.243069 -0.088061 
 0.137484 0.179636 -0.117677 
 0.078132 0.133092 -0.161293 
 0.227803 -0.033795 -0.055848 
 0.303772 -0.259919 0.021102 
 0.308588 0.821625 -0.061422 
 0.066377 -0.476022 0.079597 
 -0.189255 -0.081890 -0.213216 
 0.150296 -0.511289 0.086816 
 0.173634 0.104839 -0.111135 
 -0.170632 0.045938 -0.208656 
 0.158123 0.739995 0.039420 
 -0.115377 0.486412 0.189542 
 -0.382163 -0.128770 0.130488 
 -0.039117 0.157653 -0.158389 
 -0.054236 -0.531971 0.088978 
 0.222794 0.562610 0.052405 
 0.296016 -0.772531 0.066527 
 0.310380 -0.135335 -0.054318 
 -0.222358 -0.238641 -0.071942 
 0.364796 -0.826170 0.040373 
 -0.258426 0.278271 -0.007346 
 -0.229326 0.098252 -0.163277 
 0.094784 -0.010568 -0.095268 
 0.222667 -0.383527 0.145200 
 -0.094839 -0.407746 0.028915 
 0.088569 0.650302 0.183674 
 -0.064163 0.465957 0.135998 
 0.035100 0.108618 -0.161824 
 0.267972 0.704456 -0.034186 
 0.055191 -0.071400 -0.111453 
 0.272873 0.104026 -0.083071 
 -0.146531 0.515144 0.309025 
 -0.049375 0.337603 -0.176176 
 0.299217 -0.621868 0.017848 
 0.307059 -0.289404 0.053313 
 0.307764 -0.052680 -0.070887 
 -0.012401 -0.558765 0.074072 
 0.239877 0.587407 0.025466 
 -0.194980 -0.292512 -0.049256 
 0.017851 -0.315751 0.023309 
 -0.012365 -0.108990 -0.128427 
 -0.114075 0.462029 0.151605 
 -0.275730 -0.087664 -0.031174 
 -0.272086 0.268769 0.019742 
 0.062685 0.577729 0.224160 
 -0.216893 0.404520 0.095933 
 -0.231939 -0.482667 0.173798 
 0.191110 0.680435 0.022603 
 -0.173788 0.310677 -0.103507 
 0.360114 0.706364 -0.027663 
 -0.330989 0.114707 0.025578 
 0.233715 0.884883 -0.069890 
 -0.125847 -0.516111 0.078313 
 -0.229775 0.457121 0.188020 
 0.081094 0.672277 0.201741 
 0.091270 0.166565 -0.139780 
 -0.356466 0.109976 0.057715 
 0.143248 0.620386 0.094220 
 0.314643 -0.796278 0.034796 
 0.027860 0.143917 -0.156900 
 0.246830 0.158767 -0.094483 
 0.278916 0.680385 -0.039224 
 -0.314002 0.310434 0.215239 
 0.200572 0.754643 -0.008646 
 -0.120964 -0.031114 -0.206764 
 0.046628 -0.355251 0.035633 
 0.078828 -0.201457 -0.045683 
 0.186179 0.635557 0.046022 
 0.371485 0.626635 0.010516 
 0.288368 -0.415875 0.145307 
 0.299224 -0.620412 0.017839 
 -0.081772 -0.065263 -0.162900 
 0.150562 0.599342 0.078235 
 -0.269629 -0.378710 0.074765 
 -0.320461 0.236605 0.068161 
 0.038023 0.190969 -0.157051 
 -0.142778 -0.303577 -0.042826 
 0.256926 0.898261 -0.062841 
 0.335218 0.728366 -0.017446 
 -0.165088 -0.203321 -0.087346 
 0.055275 -0.169052 -0.094629 
 0.314172 -0.119268 -0.052879 
 -0.333525 -0.227678 0.083205 
 -0.207447 -0.242601 -0.078827 
 -0.204858 -0.334160 0.010393 
 -0.244555 0.274177 -0.012391 
 -0.274719 -0.206554 -0.039123 
 -0.276509 -0.044023 -0.074932 
 -0.316158 0.162112 0.025301 
 0.263178 0.687300 -0.034093 
 -0.265820 -0.318192 0.030887 
 -0.339334 0.249066 0.122382 
 -0.401469 -0.058028 0.118514 
 -0.367634 -0.231085 0.154709 
 0.292392 0.578399 0.030453 
 0.058652 0.601213 0.250663 
 0.047313 -0.103014 -0.111326 
 -0.371078 0.075214 0.036553 
 0.188916 -0.576545 0.032922 
 0.171116 -0.424951 0.133405 
 -0.105794 -0.295292 -0.042240 
 0.226644 0.731207 -0.018845 
 0.263274 0.658388 -0.012389 
 0.128536 0.663997 0.126002 
 0.138354 -0.416737 0.144207 
 0.177376 -0.657731 0.065442 
 -0.019985 -0.246801 -0.041371 
 -0.031463 0.612583 0.304068 
 -0.041425 -0.290063 -0.014388 
 0.211728 0.582197 0.057519 
 0.192299 0.570443 0.062766 
 -0.155686 -0.171780 -0.087511 
 -0.153571 0.182585 -0.155821 
 -0.197647 -0.180753 -0.098300 
 0.036151 -0.334721 0.040727 
 -0.286586 -0.068591 -0.026879 
 0.270242 -0.363164 0.106977 
 -0.068878 0.288460 -0.198128 
 -0.067812 -0.301202 -0.030838 
 0.265532 -0.730219 0.055568 
 0.227183 -0.551250 0.022372 
 0.332358 0.627565 0.058459 
 -0.327917 0.204865 0.068278 
 -0.229716 0.157777 -0.097691 
 0.080505 -0.262742 0.008463 
 -0.233013 -0.100852 -0.057319 
 -0.363035 -0.298537 0.170523 
 -0.284363 0.183694 -0.006627 
 -0.142514 0.397090 0.048319 
 0.347715 0.624526 0.053252 
 -0.066280 -0.348812 0.014070 
 -0.157606 0.401804 0.053433 
 -0.003535 0.085129 -0.151580 
 0.198912 -0.123194 -0.018840 
 -0.274064 0.403102 0.209171 
 -0.086431 -0.185898 -0.075597 
 -0.386319 0.087715 0.101062 
 0.027476 0.539915 0.256088 
 -0.176516 -0.342134 0.000200 
 0.102692 0.646243 0.180195 
 0.040679 0.190956 -0.157117 
 0.075555 0.264389 -0.162484 
 -0.255247 -0.031466 -0.188409 
 0.262434 0.613460 0.020199 
 0.119281 0.047019 -0.122199 
 0.293075 0.578402 0.031528 
 0.303475 0.558267 0.026087 
 -0.029498 -0.372046 0.034866 
 -0.104029 0.215803 -0.192796 
 0.053553 -0.169043 -0.094513 
 0.408044 -0.751829 0.008305 
 -0.085803 0.043482 -0.212107 
 -0.169800 -0.234251 -0.076351 
 -0.161651 -0.315477 -0.037664 
 -0.088271 0.043761 -0.212047 
 -0.106576 -0.197731 -0.070067 
 0.181178 0.590588 0.069260 
 0.101244 -0.622024 0.080793 
 0.130442 0.445235 0.322638 
 -0.162723 0.267589 -0.146481 
 0.090747 -0.409819 0.102092 
 -0.284058 0.034862 -0.114446 
 -0.236432 -0.311058 -0.001240 
 -0.341651 0.172110 0.057492 
 0.232645 0.192970 -0.111005 
 0.364680 0.762642 -0.060192 
 0.174087 -0.266368 0.014742 
 -0.233382 0.082174 -0.162112 
 0.209059 -0.013849 -0.072258 
 -0.318361 -0.090608 0.005999 
 0.163165 0.727994 0.061131 
 -0.164309 0.201371 -0.152003 
 -0.010026 -0.359433 0.029625 
 -0.055282 -0.254723 -0.030999 
 0.230139 0.551970 0.084879 
 0.148682 0.564956 0.158659 
 0.336074 0.613778 0.080072 
 0.314412 0.906654 -0.055108 
 0.289960 0.004664 -0.060797 
 -0.090413 -0.201702 -0.075182 
 -0.019120 -0.291231 0.002081 
 -0.239183 -0.035355 -0.192655 
 0.138377 0.604270 0.094279 
 0.116608 -0.209013 -0.035250 
 -0.012318 0.624864 0.298741 
 0.062662 0.577724 0.223228 
 0.323867 0.594531 0.058605 
 0.143892 0.533940 0.170521 
 0.196158 0.455282 0.171168 
 -0.246060 0.462151 0.193220 
 -0.075499 0.177506 -0.180946 
 -0.141711 0.191133 -0.182653 
 -0.013345 0.317922 -0.154028 
 -0.254063 0.342219 0.080415 
 -0.339657 -0.454526 0.211305 
 -0.364329 -0.184576 0.122308 
 -0.308234 -0.029148 -0.015981 
 -0.098976 0.457710 0.146430 
 -0.239346 0.416406 0.128105 
 0.180882 0.671770 0.051011 
 0.071166 -0.580486 0.069600 
 -0.223024 -0.238637 -0.071924 
 -0.255340 -0.061173 -0.166503 
 -0.252834 0.242793 -0.012260 
 0.094950 0.486704 0.227519 
 -0.366902 -0.087069 0.081255 
 0.256969 -0.763931 0.055981 
 -0.073196 0.497323 0.202817 
 0.051229 0.238006 -0.157277 
 -0.307645 0.156115 -0.002515 
 0.328846 0.654279 0.026015 
 0.001429 -0.249852 -0.025780 
 -0.052014 0.073666 -0.184030 
 0.447126 -0.797674 -0.007320 
 -0.070153 0.076655 -0.190574 
 0.279978 -0.226144 -0.016590 
 0.157929 0.500171 0.187111 
 -0.326963 0.181897 0.032709 
 0.184952 0.474606 0.176685 
 -0.161533 -0.315477 -0.037667 
 -0.200519 -0.464107 0.081468 
 -0.356360 0.247865 0.187699 
 0.103166 -0.266665 0.024836 
 0.039686 0.190961 -0.157093 
 -0.261951 -0.026021 -0.162176 
 0.135307 -0.471289 0.117627 
 -0.260750 -0.092260 -0.035993 
 0.234725 0.111007 -0.094287 
 -0.301030 0.286471 0.089900 
 0.246859 -0.021157 -0.061060 
 0.270835 0.006826 -0.064672 
 0.034390 0.108625 -0.161366 
 -0.225814 -0.068777 -0.176111 
 -0.322541 -0.249553 0.079367 
 0.366808 -0.009357 -0.038660 
 -0.238032 0.088868 -0.124373 
 0.216062 0.554809 0.090055 
 0.270385 0.827304 -0.073697 
 -0.177393 0.234170 -0.167803 
 -0.075502 0.176723 -0.180941 
 -0.212585 -0.177669 -0.093973 
 0.475527 -0.751880 -0.010465 
 0.194678 -0.645508 0.049401 
 -0.298953 0.075708 -0.083129 
 -0.226357 0.347618 0.046273 
 0.221516 -0.383527 0.144390 
 -0.084289 -0.329545 -0.003502 
 0.301312 -0.371919 0.096952 
 -0.278320 -0.267832 0.001057 
 0.024938 0.662195 0.266151 
 -0.150812 -0.221367 -0.081496 
 -0.023987 0.006725 -0.151241 
 -0.240274 0.415195 0.128136 
 0.323826 0.595118 0.056846 
 -0.357370 -0.350536 0.176017 
 0.176364 0.443062 0.175637 
 -0.062066 0.516405 0.222689 
 -0.251519 -0.178995 -0.046596 
 -0.262728 -0.475618 0.184233 
 -0.257866 -0.010485 -0.162040 
 0.326403 -0.332864 0.032298 
 0.111786 0.512084 0.202848 
 0.281810 -0.702557 0.029754 
 -0.381331 0.013627 0.058135 
 -0.244003 -0.199836 -0.061942 
 0.342462 0.775336 -0.028395 
 0.064872 -0.422483 0.084567 
 0.013657 -0.332039 0.024323 
 0.000563 0.633968 0.271559 
 0.253124 -0.103059 -0.033710 
 -0.265368 0.234141 0.014788 
 -0.169650 -0.070281 -0.217038 
 -0.229836 0.120959 -0.124515 
 -0.199787 0.089838 -0.172178 
 0.132152 0.450613 0.262991 
 -0.091787 0.262909 -0.193003 
 0.244423 0.850404 -0.062632 
 -0.130892 -0.548225 0.089763 
 -0.212585 -0.177560 -0.093974 
 0.025160 -0.604776 0.058651 
 -0.062064 0.516756 0.222688 
 -0.248306 -0.511077 0.200921 
 -0.105165 -0.372796 0.020594 
 0.118374 -0.147453 -0.076794 
 0.397531 -0.032787 -0.038286 
 0.037528 0.241330 -0.152257 
 0.234892 -0.370639 0.117566 
 -0.282975 0.410152 0.236832 
 0.139148 0.725179 0.104118 
 -0.300640 -0.289025 0.068022 
 0.043247 -0.240939 -0.013928 
 0.294234 -0.340516 0.053541 
 -0.086428 -0.187174 -0.075240 
 0.055034 0.047157 -0.103235 
 0.138441 0.057533 -0.127347 
 -0.204662 -0.380692 0.054205 
 -0.075503 0.177928 -0.181213 
 -0.292624 -0.356289 0.095510 
 0.287928 -0.432077 0.156671 
 0.024166 -0.483114 0.068525 
 -0.106191 -0.031795 -0.211783 
 -0.381574 -0.097926 0.108436 
 0.150143 -0.665986 0.096438 
 -0.256609 0.077741 -0.119297 
 0.181594 0.714758 0.018325 
 0.211822 -0.548193 0.029025 
 0.078829 -0.201130 -0.045685 
 -0.217305 0.167411 -0.124722 
 0.392078 -0.817064 0.007908 
 -0.138579 0.325128 -0.173209 
 -0.263460 -0.159266 -0.041014 
 0.159214 -0.184493 -0.034137 
 -0.063652 0.093177 -0.179773 
 0.155604 0.528644 0.154448 
 0.308826 0.823101 -0.061437 
 0.179408 0.023554 -0.084365 
 -0.114272 0.461299 0.151614 
 0.178004 -0.328675 0.078224 
 -0.187559 0.137064 -0.172958 
 0.002333 -0.462934 0.041285 
 -0.123569 -0.291734 -0.048338 
 -0.235971 -0.071515 -0.091318 
 -0.115073 0.486418 0.190703 
 0.490962 -0.755578 -0.018037 
 -0.196870 0.282885 -0.098665 
 -0.095335 -0.560550 0.041565 
 -0.150755 0.337586 -0.110104 
 0.000458 0.098821 -0.151633 
 0.096349 0.682803 0.185267 
 -0.208456 -0.160737 -0.094049 
 0.116542 0.455329 0.268132 
 0.364450 0.735618 -0.038552 
 -0.000338 -0.296476 0.007964 
 0.158558 0.108253 -0.106766 
 0.207195 -0.258334 0.003673 
 -0.233285 0.142134 -0.097734 
 -0.134262 -0.160261 -0.081760 
 0.290734 0.839191 -0.077984 
 -0.106346 -0.540460 0.047628 
 0.267963 -0.444405 0.161438 
 -0.179719 -0.296486 -0.055508 
 -0.340884 -0.338796 0.162690 
 -0.257586 0.152015 -0.065772 
 0.075557 -0.187212 -0.068440 
 0.009406 -0.126697 -0.101161 
 -0.284841 -0.018616 -0.129789 
 -0.262443 0.310657 0.079519 
 0.176657 0.239013 -0.101481 
 0.186152 -0.012261 -0.089894 
 0.064783 0.285241 -0.157514 
 -0.220704 -0.361344 0.037393 
 0.164004 -0.739390 0.086621 
 0.164216 0.828345 -0.015218 
 0.029506 -0.084074 -0.127908 
 0.085377 0.688543 0.202102 
 -0.322693 -0.332594 0.095243 
 0.317316 -0.780289 0.034767 
 0.259947 0.671343 -0.034047 
 0.414679 -0.698123 0.034533 
 0.308872 0.851078 -0.083904 
 0.001449 -0.250568 -0.024862 
 -0.067050 -0.364504 0.022035 
 -0.066892 -0.069181 -0.166998 
 -0.091059 -0.508098 0.066893 
 -0.023517 -0.540119 0.079211 
 -0.218762 -0.141478 -0.089075 
 -0.044895 0.603383 0.330553 
 -0.012947 0.317909 -0.155815 
 -0.188848 0.504555 0.297669 
 0.188943 0.775120 -0.003568 
 0.071508 0.650250 0.249486 
 0.011969 -0.178506 -0.105902 
 0.414684 -0.697108 0.034526 
 -0.239577 0.177334 -0.092847 
 -0.364685 0.167293 0.100696 
 0.542402 -0.818243 0.008630 
 0.301507 -0.690816 0.023558 
 -0.370905 -0.148590 0.125403 
 0.272452 -0.768134 0.050470 
 -0.324631 -0.280612 0.099049 
 0.303450 0.096914 -0.093350 
 0.322822 -0.280052 0.037596 
 -0.102455 0.280725 -0.187304 
 0.137480 0.178816 -0.117672 
 -0.235741 -0.204280 -0.088640 
 -0.353516 0.020050 0.025931 
 -0.326752 0.141985 0.003461 
 0.001108 -0.158138 -0.100888 
 0.123767 -0.354540 0.047092 
 -0.271591 -0.072542 -0.031157 
 0.198928 -0.123855 -0.018063 
 -0.271695 -0.072542 -0.031237 
 0.303101 -0.098801 -0.049283 
 0.125356 0.676837 0.105722 
 -0.224725 -0.254393 -0.071916 
 0.371678 -0.809399 0.040235 
 -0.225614 0.172973 -0.097855 
 0.296107 -0.739501 0.045090 
 0.072038 0.117397 -0.161591 
 -0.026347 -0.525460 0.057558 
 0.392624 -0.048902 -0.038199 
 -0.256949 0.114771 -0.094627 
 -0.012905 0.317436 -0.154036 
 0.237734 0.543717 0.058093 
 0.186623 0.151820 -0.111352 
 0.193518 -0.332730 0.076321 
 -0.122399 -0.353449 0.006477 
 -0.218930 -0.222894 -0.071992 
 0.222283 0.904717 -0.063437 
 0.130584 -0.486551 0.117704 
 -0.188191 -0.527371 0.180052 
 -0.125694 -0.337775 -0.015265 
 0.227238 0.759517 -0.040971 
 0.275485 0.053068 -0.087123 
 -0.326028 -0.204379 0.022281 
 -0.342061 -0.224601 0.110240 
 -0.138629 0.323472 -0.174910 
 -0.010715 0.229631 -0.185436 
 0.153304 -0.262757 0.010590 
 -0.042647 -0.005022 -0.146135 
 -0.322513 -0.106641 0.006037 
 0.022343 0.274877 -0.168973 
 -0.099792 0.482345 0.182642 
 -0.061617 -0.431965 0.040312 
 -0.324613 -0.280607 0.099802 
 0.132461 -0.629204 0.070324 
 0.109620 0.622735 0.153234 
 -0.172792 0.500461 0.292408 
 0.362632 0.590114 0.070772 
 -0.182840 -0.000060 -0.208591 
 -0.089685 0.388387 -0.122636 
 -0.198823 -0.495773 0.114674 
 0.362567 0.590099 0.068167 
 0.318863 0.746636 -0.023172 
 -0.246724 -0.052703 -0.085148 
 -0.033459 -0.356510 0.013205 
 -0.305212 0.270646 0.089838 
 -0.013259 0.455265 0.131312 
 -0.291087 0.219171 -0.002838 
 0.020946 0.325717 -0.163055 
 0.204411 -0.076415 -0.039770 
 -0.311895 -0.478870 0.199910 
 -0.052651 -0.178020 -0.085480 
 0.135400 0.627623 0.120999 
 0.153472 0.056733 -0.132452 
 0.168421 0.734776 0.023456 
 -0.304740 0.030498 -0.060636 
 -0.130078 0.054856 -0.197107 
 0.413987 -0.824686 -0.023103 
 0.255609 -0.456347 0.187253 
 -0.347439 0.065793 0.003789 
 -0.262720 -0.474856 0.184382 
 0.221589 0.527481 0.133474 
 0.108408 0.064779 -0.117169 
 0.152549 -0.617038 0.065016 
 0.279517 -0.634679 0.023151 
 0.213142 -0.320580 0.068087 
 0.139766 -0.196496 -0.030081 
 -0.098468 0.152298 -0.175809 
 0.209260 -0.650936 0.044203 
 0.199427 0.558306 0.095292 
 -0.303805 -0.244022 0.013196 
 0.192309 -0.239031 -0.001274 
 0.180425 -0.477754 0.150086 
 -0.253399 0.130425 -0.092605 
 0.085710 -0.346893 0.036104 
 -0.318943 -0.379082 0.150086 
 0.238910 0.126946 -0.094078 
 0.237202 -0.128906 -0.006956 
 0.245756 -0.743178 0.060891 
 0.023492 -0.100388 -0.127789 
 -0.079581 0.163781 -0.180889 
 0.208358 -0.210497 -0.028057 
 0.094156 0.099978 -0.133800 
 -0.249003 -0.291195 0.004718 
 -0.242064 0.110854 -0.098500 
 -0.031827 -0.024637 -0.151114 
 -0.169933 -0.234250 -0.076374 
 0.365947 -0.759576 -0.002531 
 -0.209356 0.198607 -0.124862 
 -0.194528 -0.415339 0.059974 
 0.192985 -0.348683 0.085089 
 0.320867 -0.710984 0.039682 
 0.270013 0.799798 -0.051056 
 -0.132178 0.142921 -0.166379 
 0.338311 -0.284113 0.034736 
 0.030233 0.210569 -0.152147 
 -0.230622 0.369127 0.074129 
 0.049412 -0.286828 0.040504 
 -0.284009 -0.118955 -0.031038 
 0.120518 -0.162193 -0.056126 
 0.207212 -0.258404 0.004340 
 0.276314 0.735144 -0.035535 
 0.231008 0.095122 -0.094229 
 0.159059 -0.010625 -0.115735 
 -0.214606 0.342389 0.031134 
 0.294239 -0.339415 0.053534 
 -0.333174 -0.406451 0.188217 
 0.028093 0.210580 -0.152094 
 -0.289105 -0.247982 0.010434 
 -0.044870 0.603389 0.331527 
 -0.259879 -0.400634 0.069730 
 -0.015823 0.584942 0.271860 
 -0.031978 -0.134573 -0.112417 
 -0.337037 0.210670 0.095369 
 -0.090648 -0.392507 0.028419 
 -0.200697 -0.012152 -0.203558 
 -0.197563 0.002706 -0.203598 
 0.137998 -0.543912 0.074721 
 -0.280245 0.199453 -0.007608 
 0.053710 0.009953 -0.128302 
 0.362785 -0.739554 0.025331 
 0.212152 0.763516 -0.034707 
 0.389448 -0.764051 0.013465 
 -0.225546 0.474203 0.187819 
 -0.216698 -0.192518 -0.093648 
 -0.135786 -0.114626 -0.125388 
 0.290063 -0.287726 0.058600 
 0.116721 0.098727 -0.117321 
 0.265827 -0.222111 -0.012283 
 0.223787 -0.448065 0.198300 
 0.167915 0.869087 -0.048011 
 0.190380 0.651689 0.045294 
 0.490689 -0.787816 0.003251 
 -0.315777 -0.142213 0.002043 
 -0.195397 0.352743 0.025956 
 0.019226 0.068203 -0.124143 
 0.079454 0.603397 0.196477 
 -0.044362 0.236320 -0.187261 
 0.052425 0.237563 -0.157304 
 0.005849 0.145834 -0.173498 
 0.049319 0.528810 0.223849 
 0.191957 0.101242 -0.105465 
 0.064008 0.608799 0.201703 
 -0.151867 -0.491941 0.088189 
 0.116368 0.655155 0.154187 
 0.290660 -0.653720 0.016873 
 -0.229831 0.121860 -0.124520 
 0.253304 0.737036 -0.050783 
 -0.142809 0.162423 -0.158403 
 -0.004883 -0.312490 0.007823 
 -0.106535 -0.372774 0.023133 
 -0.241841 -0.050860 -0.193395 
 0.149047 -0.277895 0.009289 
 -0.287170 -0.466360 0.216197 
 0.177036 0.725935 -0.003368 
 -0.137633 0.206226 -0.182718 
 0.200574 0.754935 -0.008648 
 0.146198 0.407516 0.230909 
 -0.193189 -0.261808 -0.071137 
 -0.103989 -0.279863 -0.053173 
 0.168870 -0.552322 0.064751 
 -0.318598 -0.053781 0.035166 
 0.160648 0.699285 0.083644 
 -0.180190 -0.536062 0.093588 
 0.267947 -0.444965 0.160879 
 -0.297972 0.321304 0.198996 
 -0.285220 -0.031439 -0.118822 
 0.555683 -0.822343 0.003412 
 -0.374200 -0.194953 0.158518 
 -0.126841 -0.432048 0.061254 
 -0.030898 0.042023 -0.146181 
 -0.366932 0.093396 0.035815 
 -0.089976 -0.096698 -0.162329 
 -0.010351 0.229629 -0.185445 
 0.036148 -0.335447 0.040731 
 -0.201654 -0.012154 -0.204547 
 0.207741 -0.242687 -0.006461 
 0.110720 0.163836 -0.134080 
 -0.012044 0.584927 0.272309 
 -0.164062 0.009713 -0.213634 
 0.211848 0.083203 -0.089042 
 0.240768 -0.419700 0.171399 
 -0.265720 -0.318192 0.030884 
 -0.131693 -0.208876 -0.086642 
 0.038853 0.588973 0.256981 
 0.289620 0.839189 -0.079134 
 -0.152060 -0.088274 -0.202447 
 -0.243889 0.250012 -0.061233 
 0.414671 -0.699721 0.034542 
 0.330777 -0.767609 0.008136 
 -0.291120 0.304862 0.111808 
 0.283579 -0.448537 0.155617 
 -0.184191 -0.499814 0.109505 
 -0.260756 -0.092180 -0.036245 
 -0.167250 -0.487901 0.093372 
 0.208764 -0.665904 0.053358 
 0.006759 -0.097113 -0.132210 
 -0.378697 -0.210414 0.158592 
 0.080475 -0.140708 -0.089047 
 0.145522 0.843292 -0.031854 
 -0.141203 0.037500 -0.218759 
 0.177015 -0.234609 0.003785 
 -0.010912 -0.063862 -0.160676 
 -0.090193 0.116605 -0.169776 
 0.275157 -0.665954 0.033945 
 -0.061614 -0.431342 0.040308 
 -0.146322 -0.445408 0.066296 
 -0.066290 0.115723 -0.153158 
 0.285683 -0.194639 -0.027459 
 -0.116126 -0.483925 0.077735 
 0.085806 -0.616978 0.085582 
 -0.132621 -0.210628 -0.086608 
 -0.122691 0.384798 0.005346 
 -0.197788 -0.180757 -0.099028 
 0.217692 0.670110 0.003054 
 0.221620 0.032611 -0.072457 
 -0.215963 -0.192523 -0.093928 
 0.086859 -0.616981 0.085988 
 0.208611 -0.444240 0.203597 
 -0.385570 0.087713 0.101306 
 -0.238100 -0.295590 -0.012135 
 -0.088932 0.064986 -0.185496 
 0.327490 -0.747686 0.034633 
 0.257300 -0.763935 0.055709 
 0.065965 -0.511872 0.052572 
 0.029836 0.078172 -0.151231 
 0.393231 -0.048899 -0.037239 
 0.056546 0.253596 -0.157375 
 -0.029543 -0.371923 0.033050 
 -0.218847 -0.471138 0.146749 
 0.071612 -0.580494 0.068698 
 -0.228479 -0.068766 -0.176438 
 -0.196059 -0.114006 -0.093168 
 0.170534 0.511909 0.160109 
 0.005867 -0.548179 0.068843 
 0.114389 0.001407 -0.100448 
 -0.157624 0.401926 0.053433 
 0.005654 -0.548178 0.068848 
 0.125577 -0.369857 0.068703 
 -0.234202 -0.467155 0.151846 
 0.228843 0.176597 -0.110942 
 0.173713 -0.266367 0.014751 
 -0.325374 -0.152023 0.039100 
 0.115239 0.586273 0.148192 
 0.259801 0.027040 -0.061279 
 -0.247328 0.307049 0.074397 
 -0.344333 -0.209654 0.088276 
 0.141621 0.193325 -0.117925 
 -0.183699 -0.500416 0.109496 
 -0.224061 -0.393261 0.059340 
 0.108429 0.066884 -0.116708 
 0.322567 -0.087165 -0.054560 
 -0.154956 -0.237890 -0.081423 
 -0.361650 -0.366666 0.174169 
 -0.325704 -0.085496 0.032951 
 -0.046416 -0.116760 -0.118432 
 -0.260228 0.225935 -0.020948 
 -0.347788 0.102852 0.030216 
 0.213163 -0.320832 0.068986 
 -0.136927 -0.495979 0.082845 
 -0.156382 -0.268835 -0.059915 
 0.323969 0.847649 -0.088242 
 0.272259 -0.283605 0.053087 
 0.300812 -0.016430 -0.065871 
 0.266780 -0.009178 -0.066290 
 0.161653 0.578528 0.074316 
 -0.280629 -0.360141 0.079852 
 -0.300732 0.248489 0.062915 
 0.011945 0.257941 -0.190589 
 -0.128082 0.158498 -0.166248 
 0.125274 0.078732 -0.122280 
 -0.148962 -0.072728 -0.201543 
 -0.012369 -0.109696 -0.128423 
 -0.345391 0.179551 0.095504 
 -0.268503 0.134349 -0.087566 
 -0.294758 0.010890 -0.065153 
 0.011225 -0.223978 -0.073335 
 0.150866 -0.665984 0.097397 
 -0.063640 -0.286349 -0.030901 
 -0.180893 0.102114 -0.175095 
 0.085989 -0.463020 0.072713 
 0.070878 0.570600 0.195366 
 0.201942 0.703312 -0.013544 
 0.196813 0.644404 0.019181 
 -0.053608 0.509445 0.195148 
 -0.318112 0.261008 0.117526 
 -0.209186 0.235969 -0.098277 
 0.339634 0.882755 -0.066810 
 0.294658 -0.132797 -0.049131 
 0.146405 0.636509 0.094149 
 0.069606 0.542549 0.218509 
 0.078781 -0.202060 -0.047446 
 -0.196294 -0.448706 0.081864 
 0.451517 -0.780415 -0.007399 
 -0.250838 -0.067521 -0.085085 
 0.392071 -0.817065 0.007619 
 0.290440 -0.149071 -0.049059 
 -0.293946 0.011881 -0.065179 
 -0.053581 0.161529 -0.153366 
 -0.218401 0.078826 -0.167120 
 -0.069720 -0.018342 -0.162664 
 0.175019 0.684468 0.029343 
 0.042207 -0.540136 0.058337 
 0.164215 0.715383 0.082944 
 0.148655 0.009196 -0.110912 
 -0.224822 -0.392669 0.059355 
 0.382596 0.018105 -0.065348 
 -0.147672 -0.140292 -0.087643 
 -0.072657 -0.412590 0.045414 
 -0.041475 -0.520095 0.062732 
 0.372373 -0.671312 0.050256 
 -0.155297 0.451251 0.140138 
 0.112302 0.230332 -0.129279 
 -0.102180 -0.524416 0.045548 
 0.285690 -0.193209 -0.027468 
 -0.201639 -0.014204 -0.203522 
 -0.185002 -0.133655 -0.099244 
 -0.026882 -0.421338 0.029892 
 -0.210012 -0.043132 -0.203393 
 -0.041672 0.353083 -0.165817 
 0.335237 -0.038993 -0.053979 
 -0.295748 0.113803 -0.043852 
 0.486107 -0.772288 -0.017949 
 0.246957 -0.218571 -0.016967 
 -0.132770 -0.241189 -0.064805 
 -0.193192 -0.262374 -0.071133 
 0.113277 0.112904 -0.138949 
 -0.249874 -0.015985 -0.189409 
 -0.277238 -0.044020 -0.075042 
 -0.069777 0.539779 0.238769 
 0.006280 -0.112199 -0.121345 
 -0.154978 -0.238210 -0.082228 
 -0.339431 0.134477 0.032274 
 -0.273815 -0.396622 0.075782 
 -0.265056 -0.256883 -0.023913 
 0.053565 0.105635 -0.156068 
 0.358530 -0.041557 -0.039168 
 -0.110771 0.103951 -0.176545 
 0.172215 -0.392500 0.112016 
 -0.123569 -0.291734 -0.048319 
 -0.202438 0.074922 -0.172149 
 -0.218233 -0.224824 -0.071997 
 0.286050 -0.688010 0.028800 
 -0.051764 -0.368504 0.019798 
 -0.272348 -0.222217 -0.018944 
 0.150546 0.598655 0.077725 
 0.107148 0.066888 -0.117150 
 0.144700 -0.165042 -0.039789 
 -0.241535 0.052449 -0.161984 
 0.181231 0.743002 -0.003445 
 -0.283757 0.409784 0.236853 
 -0.361593 -0.367082 0.176577 
 0.169323 0.884936 -0.049856 
 0.050624 -0.507699 0.058196 
 0.202269 0.660412 0.019079 
 -0.094750 -0.217513 -0.076166 
 -0.331627 0.047514 0.020744 
 0.001949 0.312781 -0.159064 
 -0.218292 -0.082205 -0.143808 
 0.091226 0.597501 0.179614 
 0.043238 -0.240941 -0.014292 
 -0.166246 -0.120045 -0.104370 
 0.237647 0.711250 -0.024356 
 0.252817 0.708296 -0.029051 
 0.072531 0.527617 0.240109 
 0.195313 0.860359 -0.058139 
 0.103338 0.021125 -0.095412 
 0.119592 -0.466155 0.122875 
 0.075587 -0.187205 -0.067263 
 -0.062825 -0.053551 -0.168685 
 0.050582 -0.507825 0.056513 
 0.266354 0.602579 0.041827 
 -0.220805 -0.503379 0.168657 
 0.106606 0.622750 0.153308 
 -0.250878 -0.015974 -0.188483 
 0.204739 0.517622 0.149607 
 -0.166787 -0.084369 -0.196229 
 0.280317 0.926494 -0.068934 
 -0.336643 -0.275833 0.116250 
 -0.178018 -0.436014 0.076652 
 0.249539 -0.625247 0.033576 
 0.199148 -0.751116 0.039391 
 -0.142757 -0.027605 -0.223479 
 0.145549 0.209133 -0.117797 
 0.112093 0.640305 0.153199 
 0.033878 -0.053841 -0.138830 
 -0.180464 -0.102923 -0.109824 
 0.154338 -0.373022 0.095679 
 0.151681 0.667089 0.083150 
 0.291965 -0.271899 0.048292 
 -0.249854 -0.015980 -0.188602 
 -0.055740 0.483520 0.146822 
 0.348140 -0.686260 -0.003123 
 0.099044 -0.159381 -0.073098 
 -0.379290 0.134143 0.078844 
 0.113362 -0.641374 0.075607 
 -0.069302 -0.204597 -0.058589 
 0.208895 -0.014688 -0.072249 
 -0.096308 -0.440099 0.052000 
 -0.165608 -0.053834 -0.218362 
 -0.391351 0.004854 0.096266 
 -0.235822 -0.204281 -0.088786 
 -0.308095 0.193725 0.025180 
 -0.263935 0.372494 0.143035 
 0.236255 -0.167709 -0.033427 
 0.227187 -0.550462 0.022368 
 0.221606 0.033162 -0.073122 
 -0.025091 0.658513 0.281982 
 -0.257662 0.077746 -0.119271 
 -0.263677 0.260979 -0.007240 
 -0.121913 0.086511 -0.197142 
 0.196824 -0.481057 0.144786 
 0.033109 0.064258 -0.129434 
 0.108427 0.066883 -0.116812 
 0.075436 0.103590 -0.139257 
 0.058398 0.563180 0.223683 
 0.207298 0.216294 -0.100874 
 0.363051 0.619338 0.047643 
 -0.238021 0.089429 -0.124055 
 0.007843 0.241313 -0.190514 
 0.262432 0.154787 -0.097271 
 0.409843 -0.015135 -0.017256 
 0.296035 0.550702 0.064007 
 0.135811 -0.054259 -0.099675 
 -0.237305 -0.234688 -0.066481 
 -0.131992 0.288026 -0.178059 
 0.007704 -0.379369 0.046132 
 0.347635 0.652452 0.031608 
 0.352029 0.025212 -0.057277 
 0.220066 0.942425 -0.047663 
 -0.243558 0.398242 0.128189 
 0.239288 0.955579 -0.052846 
 -0.225582 0.474195 0.186371 
 0.170175 0.524327 0.149243 
 -0.066364 0.237283 -0.202920 
 0.178315 0.443059 0.176773 
 -0.012058 0.584770 0.271768 
 -0.196095 -0.115757 -0.094242 
 0.091753 -0.568354 0.064292 
 0.414669 -0.700222 0.034546 
 -0.219804 0.388562 0.095904 
 0.288346 -0.064362 -0.065665 
 0.140756 0.074765 -0.127378 
 0.180610 -0.090663 -0.045269 
 -0.204927 0.289410 -0.071453 
 0.355568 0.658182 -0.005922 
 0.175217 0.007641 -0.084778 
 0.144696 0.461398 0.235936 
 0.145593 0.843279 -0.033921 
 0.339611 -0.718747 -0.002875 
 -0.196006 0.068637 -0.198883 
 0.246613 -0.710926 0.039402 
 0.096783 -0.367598 0.030843 
 0.276173 0.911126 -0.068022 
 -0.235736 -0.204279 -0.088423 
 -0.263932 -0.227429 -0.045833 
 0.097227 -0.220991 -0.029518 
 0.237201 -0.129123 -0.006955 
 0.001470 0.313998 -0.159060 
 -0.032379 -0.356301 0.013177 
 -0.297933 0.424514 0.301420 
 -0.165852 0.135164 -0.155829 
 0.210900 -0.580529 0.049198 
 -0.333435 -0.406450 0.188220 
 -0.052000 0.073669 -0.183472 
 -0.042286 0.171154 -0.180702 
 -0.362322 -0.071446 0.081177 
 -0.126693 -0.534640 0.088829 
 -0.175952 -0.517985 0.093506 
 0.178630 -0.173145 -0.039333 
 0.055689 0.136058 -0.166944 
 0.077520 -0.495111 0.074448 
 -0.308060 0.103926 -0.017522 
 0.268343 -0.613079 0.027703 
 0.338577 0.786954 -0.049428 
 -0.180321 -0.048939 -0.213383 
 -0.344223 -0.209654 0.088273 
 -0.000150 0.451232 0.126179 
 0.303191 0.098015 -0.093351 
 0.131509 0.437414 0.273903 
 0.201238 0.132973 -0.105626 
 0.032353 0.064263 -0.129165 
 -0.029667 -0.090605 -0.145076 
 0.349110 0.724357 -0.022064 
 0.252491 -0.134041 -0.012070 
 -0.278437 0.314389 0.084663 
 -0.200320 0.328218 -0.033773 
 -0.146655 0.292413 -0.173065 
 0.142585 0.504261 0.192355 
 0.435590 -0.743366 -0.023464 
 0.193878 -0.645493 0.051142 
 -0.072651 -0.412022 0.045508 
 0.313287 -0.360309 0.070485 
 -0.148332 0.515557 0.309068 
 0.074551 0.103593 -0.139501 
 -0.241518 0.478247 0.193141 
 0.240389 0.954306 -0.052866 
 -0.141716 0.190127 -0.182647 
 0.156093 -0.294426 0.041612 
 -0.257380 -0.128383 -0.052320 
 -0.298337 -0.019694 -0.054117 
 0.339432 -0.023545 -0.054794 
 -0.260565 0.286947 0.041573 
 -0.291455 0.016863 -0.124915 
 0.047206 -0.355256 0.035275 
 0.096787 -0.366699 0.030837 
 0.040668 -0.134633 -0.111229 
 -0.064955 -0.317454 -0.009119 
 0.131388 -0.228516 -0.028590 
 0.130088 0.582211 0.142991 
 -0.172162 -0.019914 -0.212286 
 0.135877 0.108628 -0.122464 
 0.336076 0.614440 0.080011 
 0.131567 0.525947 0.197519 
 -0.177020 0.428390 0.081750 
 0.114389 -0.255603 -0.001915 
 -0.129920 0.055441 -0.197114 
 -0.188316 -0.231495 -0.082138 
 -0.006993 0.245225 -0.186288 
 0.222185 0.904717 -0.063435 
 -0.180275 -0.050908 -0.213372 
 -0.100270 0.230221 -0.192849 
 0.347883 -0.702616 0.008672 
 -0.291020 -0.482604 0.216551 
 0.271276 0.037564 -0.087934 
 0.285481 0.823009 -0.077885 
 0.062122 -0.243862 -0.007999 
 -0.224979 -0.408408 0.069534 
 0.311577 -0.743592 0.039843 
 0.283128 0.699248 -0.038967 
 0.114386 0.000855 -0.100445 
 -0.307970 -0.059235 0.005810 
 0.168121 -0.282511 0.014855 
 -0.238115 -0.249888 -0.055918 
 -0.361197 -0.123161 0.076301 
 0.251342 -0.343940 0.092192 
 0.000464 0.100061 -0.151640 
 -0.345589 -0.044073 0.054000 
 0.126879 0.595294 0.119806 
 0.340683 0.691890 -0.022424 
 0.276736 -0.751548 0.050397 
 0.226656 0.176608 -0.110888 
 -0.359158 -0.055531 0.081133 
 0.286483 -0.719112 0.050227 
 -0.029598 0.435458 0.098742 
 -0.097496 0.394976 -0.096997 
 -0.183821 0.174569 -0.134820 
 0.047773 -0.608818 0.076583 
 0.138455 0.058952 -0.127046 
 -0.308997 0.352710 0.264323 
 0.041474 0.535306 0.250868 
 -0.295912 0.150848 -0.017719 
 0.048877 0.088463 -0.155976 
 0.202789 0.545680 0.116256 
 0.080947 0.022959 -0.111885 
 0.262409 0.615487 0.018760 
 -0.076476 -0.154293 -0.075426 
 0.286375 0.890786 -0.073039 
 -0.134338 -0.107156 -0.184732 
 -0.347775 -0.301392 0.165336 
 -0.028407 0.285989 -0.175603 
 -0.042548 0.024651 -0.167901 
 -0.305538 -0.043421 0.005784 
 0.246852 0.691308 -0.028931 
 0.244477 -0.067014 -0.028636 
 -0.071957 -0.189858 -0.080320 
 -0.219235 0.388559 0.095957 
 -0.243455 -0.405285 0.064557 
 0.280740 -0.735410 0.050335 
 -0.283602 -0.410009 0.112806 
 -0.073536 -0.033980 -0.162165 
 -0.127480 0.238004 -0.182908 
 -0.124269 -0.308665 -0.037075 
 0.060928 0.269360 -0.157451 
 0.490483 -0.755982 -0.018023 
 0.265846 -0.222534 -0.011430 
 -0.129463 -0.129212 -0.092751 
 0.059658 0.478766 0.240556 
 0.214755 0.627591 0.035735 
 -0.106473 0.265186 -0.187995 
 -0.226800 -0.440727 0.092198 
 -0.091106 -0.544491 0.041943 
 0.156113 -0.290389 0.041587 
 0.133245 -0.322007 0.046925 
 -0.247762 0.381468 0.128263 
 0.039412 -0.134633 -0.112269 
 0.166837 -0.439363 0.133703 
 0.033117 0.064633 -0.129186 
 0.295735 -0.772283 0.066532 
 0.186168 0.635634 0.045558 
 0.121096 0.143917 -0.139071 
 0.264548 -0.092483 -0.060367 
 0.203161 0.703394 -0.013575 
 0.155114 -0.323661 0.063233 
 -0.278620 -0.037058 -0.026296 
 -0.298077 -0.006488 -0.065094 
 -0.040623 -0.435678 0.056795 
 -0.224650 -0.440002 0.092141 
 0.288744 -0.432088 0.155489 
 -0.060705 0.173021 -0.185954 
 0.224211 -0.018284 -0.077389 
 0.259296 -0.375374 0.133711 
 0.181143 0.590482 0.067879 
 0.181113 0.590573 0.066652 
 0.052038 0.223426 -0.146556 
 0.237846 -0.099141 -0.029505 
 0.350500 -0.755494 0.002851 
 0.003870 -0.279004 0.007666 
 -0.305230 0.270641 0.089088 
 -0.119713 0.218587 -0.187767 
 -0.085307 -0.460191 0.045483 
 -0.043112 -0.552100 0.084482 
 -0.231601 -0.152026 -0.062311 
 -0.091807 0.258958 -0.192978 
 0.136396 0.655593 0.099246 
 -0.180087 -0.420454 0.054846 
 -0.225658 -0.091120 -0.095097 
 0.440575 -0.725659 -0.023562 
 0.235233 0.695292 -0.023885 
 -0.225161 -0.091122 -0.095015 
 0.243556 0.172619 -0.115793 
 -0.158766 -0.408467 0.049576 
 -0.147405 0.444475 0.112328 
 -0.298742 0.098091 -0.044505 
 0.313573 0.030239 -0.066075 
 -0.224062 -0.392674 0.059181 
 -0.362825 -0.153791 0.098353 
 -0.112788 0.361968 -0.118883 
 -0.041800 0.171155 -0.180146 
 0.054335 0.584859 0.249786 
 0.062111 -0.246138 -0.007985 
 -0.235947 -0.072637 -0.090124 
 -0.104015 0.505444 0.211777 
 0.108711 0.524347 0.181069 
 -0.134616 0.003290 -0.223459 
 -0.220805 -0.503254 0.168665 
 0.238897 -0.130012 -0.006992 
 0.323414 0.791884 -0.044869 
 0.375933 0.700301 -0.032820 
 -0.170052 -0.372719 0.044775 
 0.159552 -0.010627 -0.115789 
 -0.276819 0.163254 -0.022858 
 -0.347778 -0.302022 0.165339 
 0.316063 0.062773 -0.076881 
 -0.180329 -0.050709 -0.213372 
 0.083138 -0.294484 0.042716 
 -0.178525 -0.467752 0.100364 
 -0.153570 0.182808 -0.155822 
 -0.360379 -0.123165 0.076281 
 0.490753 -0.789055 0.003257 
 0.114216 0.696984 0.108408 
 -0.105996 -0.123325 -0.135476 
 -0.241133 0.110855 -0.097607 
 0.205069 0.149588 -0.105692 
 -0.234665 0.316829 0.047300 
 -0.129458 -0.323046 -0.036989 
 0.299152 -0.792162 0.040044 
 -0.070773 0.400089 -0.129791 
 -0.220846 -0.330164 0.015535 
 0.162922 0.403399 0.225713 
 0.505911 -0.826407 0.018499 
 -0.322002 -0.332595 0.095616 
 0.367299 -0.009360 -0.038672 
 -0.369697 -0.216069 0.130299 
 0.337816 -0.092217 -0.059679 
 0.063741 -0.422480 0.084034 
 -0.147000 0.146823 -0.162349 
 0.279473 0.654684 -0.017563 
 0.144429 -0.165039 -0.039501 
 -0.126679 -0.532110 0.088881 
 -0.067207 0.377009 -0.155849 
 -0.100565 0.046539 -0.207102 
 0.035669 -0.335115 0.040741 
 0.246547 0.773052 -0.045803 
 0.347873 -0.702619 0.008261 
 0.199562 -0.380000 0.129379 
 -0.196309 -0.076511 -0.186502 
 -0.128959 0.466066 0.156775 
 0.322610 -0.087165 -0.054519 
 -0.205704 -0.027642 -0.203696 
 0.182733 -0.760165 0.103606 
 0.181160 -0.519460 0.074833 
 0.300800 -0.723194 0.045407 
 -0.285603 -0.188043 -0.035824 
 0.018152 0.066753 -0.124108 
 0.161736 -0.637346 0.059908 
 0.092240 -0.026424 -0.095240 
 -0.187119 0.347911 -0.001019 
 -0.329530 0.166069 0.030357 
 -0.302338 -0.213364 -0.007354 
 -0.211063 -0.071892 -0.181507 
 -0.237267 -0.295462 -0.012157 
 0.314883 -0.796605 0.034792 
 0.300763 -0.723203 0.043900 
 -0.012867 -0.078832 -0.150142 
 0.378249 -0.742414 0.018763 
 0.118942 0.602471 0.147102 
 0.241745 0.727205 -0.023978 
 -0.093360 0.194722 -0.197718 
 0.297909 -0.183503 -0.054113 
 -0.253918 -0.030774 -0.188446 
 0.091266 -0.571350 0.064322 
 -0.395325 0.025730 0.123291 
 -0.115325 0.051542 -0.202429 
 -0.307344 -0.013935 -0.027168 
 0.136549 -0.305830 0.048855 
 0.231701 0.869033 -0.068465 
 -0.367305 -0.315439 0.170599 
 0.171153 0.524322 0.149219 
 0.027400 -0.017993 -0.133909 
 -0.006964 0.245232 -0.185132 
 -0.245271 0.161703 -0.092740 
 0.291359 -0.271899 0.047806 
 -0.112617 0.512390 0.238787 
 -0.129476 0.237009 -0.182852 
 -0.154982 0.427714 0.102234 
 -0.007927 0.363687 -0.175941 
 -0.240119 0.214732 -0.066070 
 -0.335448 -0.438335 0.209361 
 -0.343307 0.080033 0.003730 
 0.050331 0.061204 -0.123415 
 0.000946 0.451227 0.126152 
 0.172586 -0.706188 0.087057 
 0.275003 0.022812 -0.066061 
 0.208105 -0.502367 0.140348 
 -0.048070 -0.162212 -0.084796 
 0.184526 0.069501 -0.105348 
 0.138033 -0.543903 0.076153 
 0.008162 -0.379374 0.045625 
 0.095173 -0.010222 -0.095280 
 -0.307818 -0.350226 0.101059 
 -0.053359 -0.531972 0.089591 
 -0.238044 0.089423 -0.124971 
 0.177793 0.120038 -0.111200 
 -0.299095 -0.078996 0.000843 
 0.137445 -0.580549 0.048260 
 0.286743 -0.326569 0.021395 
 0.243909 0.061073 -0.077703 
 -0.068767 -0.302447 -0.030807 
 0.320118 -0.710981 0.039701 
 -0.307855 -0.014172 -0.027154 
 0.309119 -0.135329 -0.054287 
 -0.322146 0.294330 0.204322 
 0.175938 0.684887 0.029318 
 -0.188204 0.504552 0.297653 
 0.366878 0.606315 0.070329 
 -0.009340 0.003886 -0.156288 
 0.207789 0.908687 -0.058871 
 0.156054 -0.600795 0.064143 
 -0.057073 -0.193824 -0.085404 
 0.238676 0.954314 -0.052824 
 0.192830 0.819233 -0.025412 
 -0.078978 0.346021 -0.166593 
 0.393218 -0.048902 -0.037773 
 0.027592 0.609949 0.261099 
 0.177742 0.916654 -0.046162 
 0.251313 -0.342525 0.090734 
 -0.255324 0.181615 -0.087794 
 -0.250785 -0.321415 0.025764 
 0.190990 0.003653 -0.088696 
 0.190364 0.003987 -0.088682 
 0.359849 0.718606 -0.038465 
 0.150186 0.751221 0.006839 
 0.239033 0.616333 0.003770 
 0.316273 -0.201676 -0.037827 
 -0.199257 0.338412 0.026009 
 0.002352 -0.463893 0.042259 
 -0.295948 -0.419359 0.139844 
 0.362759 -0.738172 0.024009 
 -0.227004 0.011118 -0.193981 
 -0.255486 0.405045 0.144306 
 -0.028592 0.298635 -0.186490 
 0.115765 -0.096890 -0.072826 
 0.089665 -0.362378 0.057541 
 0.159756 0.108251 -0.106060 
 -0.144309 0.022665 -0.218718 
 -0.231583 -0.152022 -0.061588 
 0.263912 -0.629317 0.028375 
 0.200443 0.470624 0.171437 
 -0.374491 -0.196583 0.158535 
 0.163816 -0.153259 -0.044998 
 -0.015363 0.038085 -0.151387 
 -0.152464 -0.491938 0.088203 
 0.294392 0.034791 -0.071427 
 -0.015514 0.455277 0.131368 
 0.230987 -0.230693 -0.000984 
 -0.307541 -0.110606 0.000984 
 -0.194532 0.195982 -0.129880 
 -0.291621 -0.339913 0.084928 
 0.364789 -0.827571 0.040382 
 0.330020 -0.767675 0.008155 
 0.012062 0.614098 0.266359 
 -0.178310 0.332312 -0.076688 
 0.225181 0.838687 -0.057456 
 0.315461 -0.218118 -0.027051 
 0.227025 0.579159 0.052332 
 0.274985 0.022807 -0.066778 
 -0.167518 -0.487903 0.092916 
 -0.048947 -0.087357 -0.150714 
 -0.245908 0.161706 -0.092724 
 -0.078983 0.345008 -0.166587 
 -0.367837 0.128538 0.062765 
 0.421533 -0.739292 -0.018265 
 0.168744 0.566983 0.106434 
 -0.350559 0.087042 0.030709 
 -0.308819 -0.417298 0.155980 
 0.272589 0.747624 -0.055964 
 -0.313238 -0.193766 -0.003758 
 0.245721 -0.743544 0.059557 
 0.141660 0.193334 -0.116373 
 0.054357 0.585154 0.250649 
 0.079564 -0.263602 0.008492 
 -0.157300 -0.523031 0.099182 
 -0.279819 -0.104057 -0.028956 
 0.029714 -0.552316 0.085161 
 -0.090031 0.388380 -0.124038 
 -0.335597 -0.260561 0.105240 
 0.070752 0.117406 -0.161143 
 0.006692 0.052926 -0.145687 
 -0.109360 0.553413 0.276384 
 -0.056229 -0.416057 0.040214 
 -0.269033 -0.123788 -0.035944 
 0.173770 -0.344944 0.079582 
 -0.170063 -0.372721 0.044337 
 0.274741 0.667480 -0.039173 
 0.150180 -0.665977 0.097912 
 0.307330 -0.083133 -0.048779 
 -0.302893 -0.275389 0.046117 
 -0.322579 -0.251194 0.078163 
 0.026515 -0.451641 0.046797 
 -0.069513 0.538194 0.238772 
 -0.312448 0.088464 -0.017449 
 0.113309 -0.194104 -0.056521 
 0.419996 -0.682710 0.034442 
 -0.318813 -0.378796 0.150081 
 -0.207766 -0.491430 0.140530 
 -0.310043 -0.059220 0.006532 
 -0.310041 -0.059220 0.006608 
 0.181170 -0.519818 0.075332 
 0.235614 0.791342 -0.040294 
 -0.090978 -0.508078 0.070185 
 0.294191 0.019623 -0.059677 
 0.319229 0.776816 -0.044804 
 -0.157836 -0.300630 -0.037719 
 0.173741 0.494351 0.181866 
 -0.056095 0.583911 0.308305 
 0.235601 -0.198427 -0.010929 
 -0.136059 0.272983 -0.177618 
 -0.333331 0.265008 0.122267 
 -0.085263 0.080559 -0.186321 
 0.190265 0.033788 -0.110292 
 -0.125552 0.107863 -0.170859 
 -0.326988 -0.087246 0.032994 
 0.125366 0.478520 0.219460 
 0.144631 0.430648 0.257742 
 0.124255 0.647828 0.124632 
 0.277062 0.119899 -0.083140 
 -0.207969 -0.318966 -0.011412 
 -0.113142 0.300155 -0.182757 
 0.286606 -0.367824 0.101699 
 -0.259783 -0.210518 -0.045770 
 -0.336173 -0.359598 0.133153 
 -0.144685 -0.411929 0.044447 
 0.002504 0.196678 -0.168650 
 0.221515 0.144855 -0.110828 
 0.119964 -0.079824 -0.072291 
 -0.288882 0.243391 0.047805 
 0.086021 -0.464436 0.074316 
 0.151336 -0.437196 0.138974 
 -0.261596 -0.047953 -0.079271 
 -0.266822 0.332770 0.108323 
 -0.205915 -0.212798 -0.098890 
 -0.127927 0.304046 -0.178851 
 -0.347754 0.102860 0.031571 
 -0.199534 0.127029 -0.145517 
 0.241442 -0.113901 -0.006302 
 0.450121 -0.816586 -0.033324 
 -0.302794 -0.274396 0.046108 
 0.323787 -0.763995 0.034641 
 -0.068878 0.288607 -0.198129 
 -0.328628 0.010283 -0.006181 
 0.241830 0.727200 -0.024697 
 -0.236257 -0.295600 -0.012181 
 -0.036123 -0.151588 -0.112305 
 -0.296667 -0.419351 0.140564 
 0.274017 -0.768032 0.050431 
 0.259822 -0.646333 0.028446 
 0.415607 0.001019 -0.017119 
 0.269609 0.959084 -0.073921 
 -0.381435 0.013629 0.058459 
 -0.108582 0.353231 -0.156834 
 -0.294086 0.429995 0.241946 
 -0.265380 0.231608 0.014803 
 0.174310 0.627582 0.072913 
 -0.064958 -0.317960 -0.009116 
 -0.001605 -0.329875 0.029501 
 -0.287282 -0.024407 -0.069739 
 -0.319956 0.236606 0.068808 
 0.119828 -0.464729 0.122860 
 0.252415 -0.134041 -0.012128 
 0.506450 -0.760076 -0.023296 
 -0.339723 -0.454542 0.208668 
 -0.146932 0.146840 -0.159603 
 -0.169918 -0.070287 -0.218283 
 0.097262 0.116347 -0.133847 
 -0.351785 -0.090248 0.076130 
 -0.003211 -0.396547 0.024605 
 -0.179692 -0.296480 -0.054436 
 0.237725 0.543720 0.057743 
 0.193015 -0.460998 0.170234 
 0.308591 0.822211 -0.061426 
 -0.229296 0.098953 -0.162187 
 -0.265642 -0.256883 -0.024353 
 -0.205448 -0.334617 0.010411 
 -0.307842 0.196524 0.025157 
 -0.224739 -0.285183 -0.039086 
 0.288078 -0.600902 0.023931 
 -0.166509 0.303876 -0.130333 
 0.133017 0.569037 0.164769 
 -0.094316 0.311226 -0.188193 
 0.306999 0.082773 -0.071377 
 -0.272775 0.292111 0.057649 
 0.152638 -0.617038 0.065013 
 0.226698 0.731932 -0.018851 
 0.255885 -0.186378 -0.017120 
 -0.089507 0.525939 0.244084 
 -0.163431 -0.424479 0.049657 
 0.157154 0.470319 0.209822 
 -0.276653 0.013766 -0.129932 
 0.349262 -0.822636 0.045638 
 -0.202727 0.164447 -0.129742 
 0.246042 0.744356 -0.024057 
 -0.176915 0.390326 0.058621 
 -0.275908 0.138855 -0.060666 
 0.117420 0.129163 -0.139020 
 -0.259848 0.388517 0.144382 
 0.227541 -0.653706 0.049680 
 -0.058197 -0.238956 -0.052755 
 0.285301 -0.718729 0.050254 
 0.266593 -0.009303 -0.066285 
 0.461233 -0.711366 0.017460 
 0.197937 0.928508 -0.053346 
 -0.303368 -0.094806 0.000045 
 -0.367307 -0.315890 0.170601 
 -0.161766 0.319471 -0.130283 
 0.435010 -0.686810 0.029194 
 0.168987 -0.377100 0.090306 
 -0.224064 -0.393798 0.059343 
 -0.133933 -0.106354 -0.184747 
 -0.218101 -0.346173 0.037368 
 -0.138782 0.176913 -0.160822 
 -0.158716 0.344043 -0.083959 
 -0.284739 0.259992 0.046826 
 -0.236711 -0.086443 -0.079163 
 -0.039312 -0.433706 0.056751 
 -0.162363 0.230272 -0.172809 
 -0.052040 0.073659 -0.185088 
 -0.051994 -0.483974 0.057420 
 -0.078593 -0.154282 -0.075373 
 0.419214 -0.807785 -0.023201 
 -0.240533 0.439986 0.166123 
 -0.195207 -0.400690 0.049080 
 0.337971 -0.299969 0.043688 
 -0.309558 0.390716 0.292984 
 -0.149357 0.007172 -0.219405 
 -0.229835 0.121055 -0.124515 
 -0.166254 -0.121687 -0.104360 
 0.267955 -0.443315 0.160869 
 0.307706 0.574366 0.026363 
 0.131003 -0.449439 0.144319 
 -0.012961 -0.459321 0.046469 
 -0.240468 0.177356 -0.092825 
 -0.204985 0.074935 -0.172086 
 -0.190261 -0.090023 -0.153808 
 0.223995 -0.309175 0.042274 
 -0.322568 -0.249560 0.078289 
 -0.177035 -0.311496 -0.032007 
 0.049973 0.076063 -0.134263 
 -0.238030 0.089198 -0.124375 
 0.436320 -0.743364 -0.022562 
 -0.145637 -0.101614 -0.168872 
 -0.114601 -0.452139 0.055924 
 -0.225441 0.285594 -0.017530 
 -0.365074 -0.087363 0.081211 
 -0.031973 -0.135822 -0.111987 
 0.362755 -0.739105 0.024015 
 0.305102 0.626704 0.031333 
 -0.321636 0.041815 -0.006527 
 0.029535 -0.069584 -0.138756 
 0.201452 0.631614 0.041641 
 0.283784 -0.617151 0.022857 
 -0.152223 -0.493766 0.088208 
 0.339432 -0.022942 -0.054906 
 -0.190326 -0.337129 0.005282 
 0.155074 0.514028 0.165355 
 0.230816 -0.214527 -0.011765 
 0.221735 0.212104 -0.105963 
 -0.185895 0.049827 -0.203791 
 0.192529 -0.498257 0.145358 
 -0.245065 0.461734 0.193197 
 -0.122736 0.203047 -0.187726 
 0.325856 -0.071104 -0.054564 
 -0.322525 0.245055 0.117208 
 0.140074 -0.416742 0.144684 
 0.212896 -0.755183 0.034205 
 0.082580 0.507175 0.235183 
 0.060649 0.269358 -0.158034 
 0.302137 -0.329506 0.016057 
 0.112648 0.082686 -0.117253 
 0.412291 -0.771820 -0.018604 
 0.335057 -0.751412 0.008407 
 0.014598 -0.208434 -0.073383 
 -0.150533 -0.460268 0.066359 
 -0.085251 0.079099 -0.185544 
 0.135583 -0.213702 -0.028812 
 0.124895 -0.728587 0.124412 
 -0.166773 -0.084365 -0.195674 
 0.085827 -0.614897 0.086001 
 -0.193168 -0.261818 -0.070278 
 0.364108 -0.077780 -0.043533 
 -0.246883 -0.148074 -0.057077 
 0.027442 -0.536084 0.063523 
 -0.146785 0.420408 0.075233 
 -0.354311 0.185250 0.122616 
 0.482050 -0.821761 0.001558 
 -0.070921 0.076658 -0.190555 
 0.119414 -0.239558 -0.003034 
 0.106708 -0.572408 0.060523 
 0.314645 -0.795895 0.034793 
 -0.234677 -0.167773 -0.062108 
 0.123226 0.619254 0.148060 
 0.296055 0.774369 -0.061217 
 0.113476 -0.194102 -0.056020 
 -0.389322 -0.010167 0.119045 
 0.285308 -0.717447 0.050246 
 -0.157834 -0.300034 -0.037723 
 0.338231 -0.284133 0.031489 
 0.135102 -0.083810 -0.076457 
 0.187716 0.219189 -0.106266 
 0.284659 -0.719103 0.050272 
 0.309916 -0.135333 -0.054384 
 0.179342 0.823221 -0.019666 
 -0.054646 -0.254726 -0.031054 
 -0.110238 -0.049448 -0.209940 
 0.153796 0.735780 0.088036 
 0.156638 -0.568407 0.043388 
 -0.079737 0.162354 -0.180876 
 -0.260990 0.388523 0.144411 
 0.051702 0.637163 0.255704 
 -0.322096 0.293164 0.206570 
 -0.285632 0.419403 0.286058 
 -0.290786 -0.151369 -0.030933 
 0.214519 0.683350 -0.018647 
 -0.247329 0.306747 0.074399 
 0.044191 0.206771 -0.157172 
 -0.350685 -0.434266 0.215438 
 -0.237568 0.067190 -0.162045 
 -0.279176 -0.283518 0.014055 
 0.053574 -0.169038 -0.093695 
 -0.109296 -0.357441 0.001394 
 0.052137 0.638008 0.255688 
 0.214771 -0.735711 0.071392 
 -0.176811 -0.433928 0.076610 
 0.195535 0.739215 -0.008558 
 0.159358 -0.025708 -0.104929 
 -0.280397 0.237172 0.019507 
 0.015113 -0.192788 -0.084481 
 -0.239140 0.377632 0.101169 
 0.282023 -0.179470 -0.048612 
 0.038475 -0.165074 -0.090406 
 -0.151041 -0.125833 -0.109419 
 -0.020126 0.021840 -0.151299 
 0.265819 0.783353 -0.051494 
 -0.364382 0.039447 0.030951 
 0.294622 0.019614 -0.060872 
 0.107822 0.620758 0.153290 
 -0.219944 0.042111 -0.193738 
 0.144494 -0.007373 -0.110643 
 0.149429 -0.117084 -0.061506 
 -0.154864 -0.376732 0.039413 
 0.226659 -0.309188 0.042208 
 -0.132688 -0.479879 0.083201 
 0.272143 0.719197 -0.034711 
 -0.269847 0.419216 0.208466 
 -0.234757 0.045999 -0.188751 
 0.092107 -0.669492 0.091740 
 -0.338778 -0.308817 0.138286 
 0.208095 -0.014684 -0.072229 
 0.099320 0.131121 -0.144743 
 0.153745 0.735504 0.086023 
 0.308504 -0.376618 0.069835 
 -0.021668 -0.044241 -0.154814 
 -0.093000 0.401744 0.032485 
 -0.316946 0.124597 -0.001532 
 -0.135544 0.534813 0.331651 
 0.219215 -0.367760 0.122838 
 -0.267059 0.171623 -0.060826 
 0.112444 -0.641362 0.076838 
 0.248583 0.867006 -0.063126 
 -0.092129 -0.425233 0.050655 
 -0.189440 -0.149360 -0.100073 
 0.240592 -0.113901 -0.006999 
 -0.351351 -0.128421 0.049500 
 0.228159 -0.340343 0.074547 
 0.116352 0.655151 0.153577 
 0.168883 -0.549760 0.064735 
 0.305955 0.874809 -0.059012 
 0.054936 0.187025 -0.162148 
 0.121409 0.476910 0.387564 
 0.082769 -0.601083 0.064447 
 0.342465 0.663594 -0.000816 
 -0.369472 -0.033293 0.086155 
 -0.326922 -0.122446 0.006145 
 -0.316661 -0.142214 0.001142 
 0.111432 -0.519509 0.086350 
 0.237810 0.711252 -0.023914 
 -0.173445 -0.388721 0.043804 
 -0.313369 0.006326 -0.011261 
 -0.188020 -0.230799 -0.082149 
 -0.231497 0.408519 0.101053 
 -0.285732 -0.024417 -0.070122 
 0.302142 -0.329178 0.016173 
 0.435331 -0.743365 -0.023458 
 -0.237461 0.067189 -0.162151 
 0.258664 0.628328 -0.001459 
 0.306293 0.698663 -0.021730 
 -0.015968 -0.184830 -0.074023 
 -0.018465 -0.391997 0.029647 
 -0.336901 -0.185441 0.028304 
 0.009154 0.132168 -0.151793 
 0.386799 -0.711043 0.018279 
 -0.062763 -0.053536 -0.166189 
 0.297276 -0.706634 0.025152 
 0.305559 0.655597 0.008017 
 -0.132198 0.372788 -0.076093 
 0.122167 -0.386064 0.068753 
 0.102397 -0.588624 0.058375 
 -0.138137 -0.349161 0.011623 
 0.137468 0.177519 -0.117918 
 0.025915 0.539915 0.254887 
 -0.206998 -0.427965 0.086949 
 0.008163 -0.379374 0.045645 
 0.108161 0.214204 -0.129208 
 0.064765 0.285038 -0.158220 
 0.144197 0.141946 -0.122259 
 -0.061646 -0.432113 0.039196 
 0.162526 -0.459383 0.133796 
 -0.250834 -0.066783 -0.085090 
 -0.198286 -0.084709 -0.127026 
 -0.298363 0.321316 0.200673 
 0.117959 -0.284969 0.030478 
 -0.018466 -0.392876 0.029774 
 -0.343634 0.116907 0.030616 
 -0.156543 0.042053 -0.213761 
 0.125286 -0.018521 -0.105254 
 -0.129460 0.238017 -0.182410 
 0.307046 -0.292039 0.053329 
 0.222234 -0.600850 0.043977 
 -0.191589 -0.511376 0.158267 
 -0.087116 -0.314371 -0.025807 
 0.221733 0.211793 -0.105961 
 -0.387492 -0.159987 0.141000 
 0.225906 0.534605 0.085629 
 0.145491 0.577220 0.137783 
 -0.147359 0.444487 0.114191 
 0.030354 0.556270 0.256052 
 -0.210266 -0.094704 -0.100157 
 0.278810 0.654687 -0.017547 
 0.193302 -0.460992 0.171458 
 -0.019130 -0.292873 0.001999 
 0.074548 -0.596656 0.091174 
 -0.017583 -0.028841 -0.156142 
 -0.142549 -0.190916 -0.082071 
 0.174134 -0.572483 0.038122 
 0.241427 -0.113367 -0.007023 
 0.059071 0.202701 -0.162876 
 0.098139 -0.701986 0.134851 
 0.319461 0.775001 -0.044799 
 -0.259769 0.225919 -0.023144 
 0.389448 -0.764051 0.013430 
 0.375779 0.054982 -0.060325 
 0.204686 0.148846 -0.105678 
 0.031886 0.626375 0.261027 
 0.185963 -0.608936 0.054531 
 0.113574 0.556678 0.170062 
 0.025984 0.143926 -0.156854 
 -0.110545 -0.520153 0.072725 
 -0.360213 0.055442 0.031552 
 -0.050113 -0.162206 -0.085508 
 -0.286570 -0.068587 -0.026250 
 0.068351 -0.275174 0.035270 
 0.329513 0.806896 -0.044980 
 -0.353514 0.020376 0.025929 
 0.268513 0.799274 -0.051015 
 -0.193524 -0.400699 0.049038 
 -0.244521 0.201579 -0.066010 
 -0.270077 -0.411841 0.107669 
 0.011936 0.256039 -0.190578 
 -0.353410 -0.039630 0.081025 
 0.301855 -0.673561 0.012827 
 0.276337 0.733540 -0.034307 
 0.375316 0.700046 -0.032803 
 0.244272 0.851141 -0.062632 
 -0.150812 -0.221329 -0.081496 
 -0.211011 -0.111809 -0.089189 
 0.051692 0.638006 0.255149 
 -0.018447 -0.391993 0.030382 
 0.113320 -0.194445 -0.056014 
 0.148367 0.705025 0.099046 
 0.117141 0.724025 0.158089 
 0.144423 0.548714 0.159004 
 0.272277 -0.426389 0.160795 
 0.335875 0.614441 0.080073 
 -0.305330 0.407151 0.291356 
 -0.131991 0.288135 -0.178060 
 0.292427 0.580036 0.031534 
 -0.242050 -0.435963 0.097327 
 0.068262 -0.274765 0.035270 
 -0.146232 -0.288601 -0.064574 
 -0.341025 -0.133024 0.033230 
 -0.272619 -0.007237 -0.156705 
 -0.255357 0.218656 -0.062880 
 0.292459 -0.271905 0.047778 
 0.192198 0.570441 0.062325 
 0.129174 0.524669 0.197586 
 0.195319 0.861621 -0.058147 
 0.393727 -0.749123 0.013531 
 0.250055 -0.727225 0.061565 
 0.160888 0.574164 0.132562 
 0.243000 -0.036972 -0.061000 
 -0.038371 -0.212915 -0.068807 
 -0.177851 0.234165 -0.168944 
 -0.326764 -0.266318 0.078227 
 -0.227487 -0.068771 -0.176462 
 -0.295763 0.113799 -0.044467 
 -0.110633 0.249748 -0.187926 
 -0.356629 -0.251548 0.148404 
 -0.054222 -0.531968 0.089545 
 -0.378683 -0.211003 0.159255 
 0.221609 0.033163 -0.072999 
 0.345000 -0.682464 0.034290 
 -0.090612 0.261283 -0.193022 
 -0.128020 -0.061101 -0.206662 
 0.339582 -0.718753 -0.004009 
 -0.095862 0.245757 -0.192403 
 -0.276875 0.362794 0.171646 
 0.167243 -0.620221 0.059801 
 0.354961 0.659580 -0.005915 
 -0.285875 0.282575 0.086382 
 0.178657 -0.172490 -0.038373 
 -0.255799 0.441561 0.171305 
 -0.379975 -0.097167 0.108392 
 0.140102 -0.416736 0.145779 
 -0.291436 0.018429 -0.124467 
 -0.339750 -0.133030 0.033198 
 -0.033727 -0.387970 0.034462 
 -0.141203 0.307941 -0.173168 
 -0.099555 -0.137987 -0.102879 
 -0.025698 0.658516 0.281997 
 -0.292243 0.003270 -0.113926 
 -0.194533 -0.416402 0.059981 
 -0.261658 -0.506864 0.217081 
 0.336881 -0.091189 -0.059662 
 -0.177875 0.257081 -0.130151 
 -0.262336 -0.157997 -0.041049 
 0.264102 -0.629315 0.028818 
 0.185354 -0.073096 -0.045362 
 0.451441 -0.780408 -0.006261 
 -0.215766 0.441699 0.122835 
 0.261145 0.571916 0.052774 
 0.247257 0.158171 -0.094490 
 -0.329843 0.166071 0.030365 
 0.138773 0.029015 -0.105711 
 -0.313938 0.275644 0.117070 
 -0.218221 -0.222219 -0.072013 
 0.300176 0.610604 0.031421 
 -0.070452 0.075611 -0.190560 
 0.116193 0.179391 -0.134181 
 0.036412 0.175276 -0.157045 
 0.358344 0.572353 0.069791 
 0.315704 -0.202527 -0.037807 
 0.104021 0.199116 -0.129220 
 0.204728 0.487390 0.171363 
 0.216879 0.966393 -0.023025 
 0.156628 0.189358 -0.123356 
 0.126708 -0.115639 -0.077816 
 -0.215770 -0.460077 0.086686 
 0.212135 0.763990 -0.035486 
 0.283759 -0.617157 0.021856 
 0.194805 0.552735 0.143858 
 0.212398 -0.484448 0.139507 
 0.268042 -0.444409 0.160874 
 0.294938 -0.637473 0.017293 
 0.221362 0.528341 0.133474 
 -0.156966 -0.023811 -0.218505 
 0.110254 0.052827 -0.095516 
 0.129126 0.465385 0.241211 
 -0.012865 -0.123481 -0.117556 
 0.235595 -0.198429 -0.011163 
 -0.148786 0.371705 -0.011331 
 -0.076135 -0.049629 -0.162573 
 0.318918 -0.781458 0.034734 
 -0.183541 -0.000539 -0.208571 
 -0.156243 -0.238199 -0.081389 
 -0.335322 0.150272 0.030535 
 0.236677 0.791334 -0.040770 
 -0.036177 0.201259 -0.191148 
 -0.352012 -0.319447 0.165418 
 0.072034 0.117397 -0.161737 
 0.159893 0.660482 0.056281 
 0.249492 -0.088469 -0.055861 
 -0.323658 0.197693 0.030280 
 0.231560 -0.356157 0.097145 
 0.237875 -0.098202 -0.028548 
 -0.207125 -0.363876 0.032290 
 -0.174292 -0.388721 0.043238 
 -0.200347 0.474967 0.215675 
 0.160891 0.574082 0.132711 
 0.082154 -0.442321 0.099770 
 -0.296664 -0.130378 -0.004035 
 0.198942 0.876999 -0.058200 
 -0.198826 -0.495773 0.114674 
 -0.292798 0.010880 -0.065202 
 -0.251265 -0.046591 -0.166565 
 0.250847 -0.202477 -0.018031 
 -0.028162 -0.338040 0.013093 
 0.208267 -0.527520 0.054152 
 -0.271809 0.155939 -0.061764 
 0.213154 0.640379 0.013595 
 -0.145522 -0.288608 -0.065129 
 0.027748 0.143925 -0.155696 
 -0.094499 -0.440116 0.050671 
 -0.120643 0.123437 -0.170671 
 -0.144688 -0.412479 0.044445 
 -0.128990 0.501635 0.253145 
 0.118659 0.573107 0.169970 
 0.277717 -0.580592 0.028137 
 0.318828 0.746627 -0.024600 
 0.168118 -0.283081 0.014859 
 -0.145525 -0.288608 -0.065229 
 0.228379 -0.002744 -0.078225 
 -0.374114 0.211349 0.155201 
 0.275577 -0.751712 0.050427 
 -0.229847 0.118630 -0.124500 
 -0.381907 0.141406 0.129442 
 -0.057829 0.532642 0.221465 
 -0.260271 0.228174 -0.023146 
 -0.242990 0.228182 -0.087447 
 -0.262690 -0.474848 0.185580 
 0.071442 0.249640 -0.162422 
 -0.334309 0.298527 0.220515 
 0.347865 0.008401 -0.054933 
 -0.151610 -0.253031 -0.059658 
 -0.072583 0.588035 0.314794 
 -0.201890 -0.464097 0.081964 
 0.152168 0.667084 0.082772 
 -0.123472 0.021698 -0.201982 
 0.194442 0.819955 -0.025456 
 0.312585 -0.387141 0.138968 
 0.179007 -0.297293 0.057889 
 -0.148797 0.371435 -0.011732 
 -0.243333 -0.199258 -0.061962 
 -0.246723 -0.052582 -0.085149 
 -0.064486 -0.463833 0.062119 
 -0.210273 -0.072681 -0.181522 
 0.122077 -0.576478 0.054425 
 0.070080 0.043200 -0.107072 
 -0.047333 0.126329 -0.158315 
 -0.227000 0.011119 -0.193817 
 -0.062319 0.253484 -0.204563 
 0.244388 -0.641488 0.033396 
 0.203714 -0.030634 -0.072154 
 -0.158618 0.284477 -0.146207 
 -0.144411 0.059336 -0.192122 
 0.326409 -0.332864 0.032298 
 -0.071249 0.076660 -0.190546 
 0.171535 0.436179 0.225743 
 -0.333151 -0.406445 0.189177 
 -0.244964 -0.079790 -0.052301 
 0.000471 0.101360 -0.151648 
 -0.197440 0.377974 0.063843 
 -0.293648 0.440782 0.301871 
 0.078525 -0.073573 -0.095003 
 -0.016367 0.038090 -0.151362 
 -0.367189 -0.231094 0.153487 
 0.160625 0.697739 0.083007 
 -0.244380 -0.420628 0.075513 
 -0.244004 -0.199884 -0.061942 
 0.175224 0.540566 0.149153 
 -0.242040 -0.435961 0.097725 
 -0.093013 0.401741 0.031941 
 0.300032 -0.214072 -0.021860 
 -0.298914 -0.019690 -0.053817 
 -0.113620 0.537112 0.277479 
 0.196909 0.928338 -0.053320 
 -0.088477 -0.343257 -0.003859 
 0.277049 -0.395327 0.149502 
 0.152426 0.025045 -0.110776 
 0.283109 0.697235 -0.039299 
 -0.165543 -0.106851 -0.113866 
 0.152836 0.453570 0.208993 
 -0.378681 -0.211003 0.159331 
 -0.066907 -0.069744 -0.167495 
 -0.192708 0.298536 -0.096530 
 0.250389 -0.625251 0.033555 
 -0.162138 -0.315474 -0.037652 
 -0.011870 -0.528179 0.052383 
 0.370856 0.655556 -0.009981 
 -0.134882 0.474306 0.194811 
 0.073076 -0.326724 0.041112 
 -0.040182 -0.258717 -0.036644 
 0.272754 -0.409629 0.150012 
 -0.291448 0.018426 -0.124951 
 -0.371530 0.159596 0.149886 
 -0.264158 -0.108029 -0.036193 
 0.223697 -0.531889 0.048926 
 0.020800 -0.237896 -0.029873 
 0.156585 -0.086437 -0.061607 
 -0.303338 0.296062 0.138961 
 -0.340310 -0.193609 0.088211 
 -0.312008 0.177799 0.025244 
 -0.365298 -0.018280 0.086091 
 0.042126 -0.540138 0.057963 
 0.115524 -0.482466 0.122357 
 -0.038991 -0.536022 0.084415 
 0.363575 -0.690903 -0.008077 
 -0.255979 -0.369287 0.047749 
 0.239282 0.954335 -0.052839 
 0.204967 0.946406 -0.042472 
 0.097145 0.683159 0.185245 
 0.236795 0.208332 -0.111651 
 0.176115 0.849281 -0.052364 
 0.366993 -0.010891 -0.038656 
 -0.213478 0.183003 -0.125832 
 -0.366405 0.009647 0.052372 
 0.082776 -0.599659 0.064438 
 -0.318068 0.299280 0.144101 
 -0.319959 0.236606 0.068690 
 -0.180580 -0.452078 0.076681 
 -0.236061 0.192975 -0.092900 
 -0.036192 0.596386 0.304149 
 0.034501 -0.053845 -0.138845 
 -0.324124 -0.411879 0.161159 
 -0.213855 0.131311 -0.140518 
 -0.111089 -0.244194 -0.048761 
 -0.119286 -0.163342 -0.087024 
 0.114471 0.001300 -0.100450 
 -0.253667 0.042462 -0.135090 
 0.088335 -0.649615 0.118401 
 0.159891 0.659878 0.056285 
 -0.085200 0.225895 -0.197854 
 -0.111423 0.030387 -0.228743 
 -0.064381 -0.128558 -0.113119 
 0.168876 -0.551191 0.064744 
 0.346246 -0.059084 -0.060166 
 0.229517 -0.002745 -0.077483 
 -0.157831 -0.299591 -0.037726 
 0.277335 -0.045185 -0.060576 
 -0.120038 -0.468192 0.055562 
 0.189699 -0.026641 -0.067539 
 0.337829 -0.091192 -0.059386 
 -0.284232 0.034866 -0.114060 
 -0.259702 0.388514 0.144058 
 0.259255 0.628325 -0.001474 
 0.274759 0.667347 -0.038425 
 0.072841 -0.547726 0.047933 
 -0.150447 0.314318 -0.146516 
 -0.067297 -0.479938 0.062141 
 0.083109 -0.294491 0.041557 
 -0.109540 -0.488271 0.050941 
 0.317381 -0.678107 0.007600 
 0.049945 0.568517 0.250726 
 0.352096 0.025229 -0.054569 
 0.323207 -0.763992 0.034641 
 0.072790 -0.217991 -0.045564 
 -0.171727 -0.503996 0.093741 
 0.257933 -0.056434 -0.054818 
 0.282589 0.874915 -0.072980 
 -0.352803 -0.091341 0.076161 
 -0.207758 0.359513 0.042008 
 -0.374137 0.030319 0.069509 
 0.109479 -0.319893 0.030635 
 0.300703 -0.214076 -0.021958 
 -0.031975 -0.135822 -0.112062 
 -0.016001 0.038809 -0.151376 
 -0.102474 0.280767 -0.188061 
 -0.252807 0.093340 -0.119358 
 0.256918 0.898742 -0.063255 
 -0.362710 -0.071440 0.081826 
 0.061185 -0.661701 0.101487 
 0.159012 0.630420 0.078101 
 0.266016 0.783355 -0.050988 
 -0.041655 -0.520459 0.062738 
 0.056545 0.253578 -0.157375 
 0.176834 0.916646 -0.048130 
 -0.272860 -0.365276 0.052925 
 0.073880 0.557329 0.218420 
 0.276872 -0.580592 0.027452 
 0.147531 0.636504 0.094121 
 -0.303700 0.210680 0.025098 
 0.285982 -0.194453 -0.027468 
 -0.195371 -0.098944 -0.105202 
 -0.186863 -0.198441 -0.104028 
 0.288580 -0.256569 0.026315 
 -0.016014 0.036098 -0.151359 
 0.050071 0.569985 0.250714 
 0.234885 -0.372155 0.117575 
 -0.192980 0.321798 -0.060670 
 -0.351389 -0.128430 0.047980 
 -0.281995 -0.423391 0.134696 
 0.197979 0.644405 0.020280 
 0.335048 -0.751497 0.008066 
 0.239843 0.807249 -0.040814 
 -0.309884 -0.384436 0.123061 
 -0.294621 -0.387736 0.118161 
 0.150963 0.751227 0.008387 
 -0.198016 -0.062519 -0.208345 
 0.176582 -0.657727 0.065462 
 0.158700 0.137981 -0.127688 
 -0.105535 -0.388488 0.033995 
 -0.066082 -0.145039 -0.102187 
 -0.347790 -0.304496 0.165355 
 0.186636 -0.429055 0.127734 
 0.375455 0.714596 -0.042951 
 0.125073 0.197299 -0.112608 
 -0.226685 -0.172882 -0.088945 
 -0.197087 0.003343 -0.203614 
 0.365955 -0.758505 -0.002409 
 -0.001609 -0.330719 0.029506 
 -0.364504 -0.019727 0.086080 
 -0.301021 0.288440 0.089888 
 -0.062325 0.253482 -0.204796 
 -0.026313 -0.524132 0.058629 
 -0.126259 0.034275 -0.223754 
 -0.226480 -0.378051 0.037506 
 0.299650 0.596068 0.042274 
 -0.181040 -0.452636 0.076696 
 0.221066 0.823384 -0.057392 
 -0.023510 -0.540076 0.079458 
 0.029701 -0.552095 0.084615 
 0.198528 -0.092420 -0.039659 
 0.000822 0.634015 0.271553 
 -0.075981 0.472316 0.152091 
 -0.248926 -0.230232 -0.049944 
 0.055548 -0.454883 0.084728 
 0.235605 0.791340 -0.040672 
 -0.177018 -0.311491 -0.031312 
 0.475462 -0.753460 -0.012777 
 -0.129085 0.158506 -0.165749 
 -0.288153 -0.135599 -0.030990 
 -0.120357 0.152546 -0.192640 
 -0.083073 0.329615 -0.166521 
 0.087683 -0.394132 0.080299 
 -0.000346 -0.296980 0.007748 
 -0.129836 0.238016 -0.182849 
 -0.318630 -0.053789 0.033865 
 0.152847 0.025050 -0.109741 
 0.301887 0.610596 0.031378 
 0.240255 0.834558 -0.062563 
 -0.116880 -0.014637 -0.206837 
 -0.152008 0.248249 -0.151076 
 -0.259431 0.202539 -0.060945 
 -0.273117 0.292121 0.059114 
 -0.056440 0.483594 0.146839 
 -0.218429 0.115734 -0.140810 
 0.030525 -0.267520 0.024040 
 -0.240539 0.439283 0.166024 
 -0.239867 -0.183612 -0.062013 
 -0.294834 0.089362 -0.082337 
 -0.015979 0.038094 -0.150359 
 -0.180080 0.523764 0.319606 
 -0.089719 0.388378 -0.123986 
 0.011974 -0.177481 -0.105909 
 -0.011040 0.229640 -0.184246 
 -0.152044 -0.089984 -0.201489 
 0.270599 -0.682220 0.033682 
 0.259459 -0.332580 0.053300 
 -0.270635 -0.190804 -0.041466 
 0.152231 -0.682465 0.118957 
 0.149271 -0.389283 0.095864 
 -0.401882 -0.058020 0.119566 
 0.439426 -0.727099 -0.023525 
 0.169829 0.720505 0.034317 
 -0.030295 0.232423 -0.191227 
 0.183678 -0.747039 0.044936 
 -0.047575 -0.352494 0.019029 
 -0.178816 0.014941 -0.210403 
 -0.190994 -0.215729 -0.103949 
 -0.111144 0.067078 -0.202180 
 -0.358968 0.207325 0.148147 
 -0.192035 0.393298 0.063747 
 -0.271811 0.155938 -0.061872 
 0.344055 0.802897 -0.050098 
 -0.303005 0.060083 -0.080834 
 0.098670 0.131128 -0.144107 
 0.537267 -0.802690 -0.012517 
 -0.316772 -0.023440 0.010809 
 -0.292479 -0.403263 0.138873 
 0.309383 0.017327 -0.066025 
 -0.108719 0.016684 -0.206974 
 -0.239274 -0.388666 0.063560 
 0.419212 -0.808214 -0.023199 
 0.201892 -0.092437 -0.039742 
 0.052018 -0.592618 0.076092 
 0.192977 -0.348653 0.084744 
 -0.380891 -0.015729 0.091231 
 0.157102 -0.700760 0.092297 
 