0.368955 -0.902836 0.150182 
 0.386030 -0.895271 0.148541 
 0.361367 -0.885693 0.150257 
 0.378442 -0.878128 0.148616 
 0.395517 -0.870562 0.146975 
 0.326547 -0.873434 0.112771 
 0.343553 -0.865899 0.111136 
 0.353696 -0.856618 0.083377 
 0.370656 -0.849104 0.081747 
 0.387617 -0.841590 0.080117 
 0.318989 -0.856359 0.112845 
 0.329199 -0.847104 0.085081 
 0.342738 -0.838740 0.070388 
 0.359675 -0.831236 0.068761 
 0.369678 -0.822073 0.041016 
 0.386569 -0.814589 0.039393 
 0.287742 -0.845105 0.088415 
 0.301337 -0.836743 0.073718 
 0.318274 -0.829239 0.072090 
 0.335211 -0.821735 0.070463 
 0.345280 -0.812598 0.042713 
 0.362171 -0.805114 0.041090 
 0.379062 -0.797631 0.039467 
 0.395953 -0.790147 0.037844 
 0.280205 -0.828077 0.088490 
 0.293810 -0.819738 0.073792 
 0.310747 -0.812234 0.072165 
 0.327684 -0.804730 0.070537 
 0.337774 -0.795639 0.042787 
 0.354665 -0.788156 0.041164 
 0.371556 -0.780672 0.039541 
 0.388447 -0.773189 0.037918 
 0.272668 -0.811049 0.088564 
 0.286283 -0.802733 0.073867 
 0.303220 -0.795229 0.072239 
 0.320157 -0.787725 0.070612 
 0.330267 -0.778680 0.042861 
 0.347158 -0.771197 0.041238 
 0.364050 -0.763713 0.039615 
 0.380941 -0.756230 0.037992 
 0.265131 -0.794021 0.088639 
 0.278756 -0.785728 0.073941 
 0.295693 -0.778224 0.072314 
 0.312631 -0.770721 0.070686 
 0.322761 -0.761722 0.042936 
 0.339652 -0.754238 0.041312 
 0.356543 -0.746755 0.039689 
 0.373434 -0.739271 0.038066 
 0.257593 -0.776993 0.088713 
 0.274554 -0.769478 0.087083 
 0.288167 -0.761220 0.072388 
 0.305104 -0.753716 0.070760 
 0.315255 -0.744763 0.043010 
 0.332146 -0.737280 0.041387 
 0.349037 -0.729796 0.039764 
 0.365928 -0.722312 0.038140 
 0.239632 -0.768983 0.116562 
 0.250056 -0.759965 0.088788 
 0.267017 -0.752450 0.087158 
 0.283977 -0.744936 0.085528 
 0.297577 -0.736711 0.070835 
 0.314514 -0.729207 0.069207 
 0.324639 -0.720321 0.041461 
 0.341531 -0.712837 0.039838 
 0.368778 -0.707366 0.077379 
 0.385738 -0.699851 0.075749 
 0.232074 -0.751909 0.116637 
 0.242519 -0.742937 0.088862 
 0.259479 -0.735422 0.087232 
 0.273113 -0.727210 0.072537 
 0.290050 -0.719706 0.070909 
 0.306987 -0.712202 0.069282 
 0.317133 -0.703362 0.041535 
 0.334024 -0.695879 0.039912 
 0.361240 -0.690338 0.077454 
 0.378201 -0.682823 0.075824 
 0.224517 -0.734835 0.116711 
 0.234982 -0.725909 0.088937 
 0.251943 -0.718395 0.087307 
 0.268903 -0.710880 0.085677 
 0.282523 -0.702701 0.070984 
 0.299460 -0.695197 0.069356 
 0.309627 -0.686404 0.041609 
 0.326518 -0.678920 0.039986 
 0.353703 -0.673310 0.077528 
 0.377573 -0.667024 0.102003 
 0.394579 -0.659489 0.100369 
 0.216959 -0.717760 0.116786 
 0.233966 -0.710226 0.115152 
 0.244405 -0.701367 0.087381 
 0.261366 -0.693852 0.085752 
 0.274997 -0.685696 0.071058 
 0.291934 -0.678192 0.069430 
 0.302120 -0.669445 0.041683 
 0.319011 -0.661961 0.040060 
 0.346166 -0.656282 0.077603 
 0.370015 -0.649950 0.102078 
 0.387021 -0.642415 0.100444 
 0.192396 -0.708221 0.118495 
 0.209402 -0.700686 0.116861 
 0.226408 -0.693152 0.115227 
 0.243414 -0.685617 0.113592 
 0.260421 -0.678083 0.111958 
 0.277427 -0.670548 0.110324 
 0.284407 -0.661187 0.069505 
 0.301344 -0.653683 0.067877 
 0.318281 -0.646179 0.066250 
 0.335218 -0.638675 0.064622 
 0.352155 -0.631171 0.062994 
 0.372550 -0.624225 0.074417 
 0.184838 -0.691147 0.118570 
 0.201844 -0.683612 0.116936 
 0.218851 -0.676078 0.115301 
 0.235857 -0.668543 0.113667 
 0.252863 -0.661009 0.112033 
 0.263252 -0.652282 0.084271 
 0.280212 -0.644768 0.082641 
 0.293817 -0.636678 0.067952 
 0.310754 -0.629174 0.066324 
 0.327692 -0.621670 0.064696 
 0.344629 -0.614167 0.063069 
 0.365013 -0.607197 0.074492 
 0.177281 -0.674072 0.118644 
 0.194287 -0.666538 0.117010 
 0.211293 -0.659003 0.115376 
 0.228299 -0.651469 0.113742 
 0.245306 -0.643934 0.112108 
 0.255715 -0.635254 0.084345 
 0.272675 -0.627740 0.082716 
 0.289635 -0.620226 0.081086 
 0.306595 -0.612712 0.079456 
 0.323555 -0.605197 0.077826 
 0.340515 -0.597683 0.076196 
 0.152717 -0.664533 0.120353 
 0.169723 -0.656998 0.118719 
 0.186729 -0.649464 0.117085 
 0.203736 -0.641929 0.115451 
 0.220742 -0.634395 0.113817 
 0.237748 -0.626860 0.112182 
 0.254754 -0.619325 0.110548 
 0.265138 -0.610712 0.082790 
 0.278764 -0.602669 0.068100 
 0.295701 -0.595165 0.066473 
 0.312638 -0.587661 0.064845 
 0.329575 -0.580157 0.063218 
 0.148300 -0.648046 0.133506 
 0.162166 -0.639924 0.118794 
 0.179172 -0.632389 0.117160 
 0.196178 -0.624855 0.115525 
 0.213184 -0.617320 0.113891 
 0.230191 -0.609786 0.112257 
 0.247197 -0.602251 0.110623 
 0.257601 -0.593684 0.082865 
 0.274561 -0.586170 0.081235 
 0.291521 -0.578656 0.079605 
 0.308481 -0.571142 0.077975 
 0.322048 -0.563152 0.063292 
 0.140732 -0.630949 0.133580 
 0.154608 -0.622850 0.118869 
 0.171614 -0.615315 0.117234 
 0.188621 -0.607781 0.115600 
 0.205627 -0.600246 0.113966 
 0.222633 -0.592712 0.112332 
 0.239639 -0.585177 0.110697 
 0.256645 -0.577643 0.109063 
 0.267024 -0.569142 0.081309 
 0.290658 -0.562573 0.105795 
 0.307664 -0.555039 0.104161 
 0.130045 -0.613310 0.120578 
 0.147051 -0.605776 0.118943 
 0.164057 -0.598241 0.117309 
 0.181063 -0.590707 0.115675 
 0.198069 -0.583172 0.114041 
 0.215075 -0.575637 0.112406 
 0.232082 -0.568103 0.110772 
 0.249088 -0.560568 0.109138 
 0.266094 -0.553034 0.107504 
 0.283100 -0.545499 0.105869 
 0.300106 -0.537965 0.104235 
 0.091538 -0.611844 0.137003 
 0.105481 -0.603770 0.122286 
 0.122487 -0.596236 0.120652 
 0.139493 -0.588701 0.119018 
 0.156499 -0.581167 0.117384 
 0.173506 -0.573632 0.115750 
 0.190512 -0.566098 0.114115 
 0.207518 -0.558563 0.112481 
 0.224524 -0.551029 0.110847 
 0.241530 -0.543494 0.109213 
 0.258537 -0.535960 0.107578 
 0.275543 -0.528425 0.105944 
 0.046905 -0.609300 0.127264 
 0.063911 -0.601765 0.125630 
 0.080917 -0.594231 0.123995 
 0.097923 -0.586696 0.122361 
 0.108731 -0.578171 0.094571 
 0.125692 -0.570657 0.092941 
 0.142652 -0.563143 0.091312 
 0.165948 -0.556558 0.115824 
 0.182954 -0.549024 0.114190 
 0.199960 -0.541489 0.112556 
 0.216967 -0.533954 0.110922 
 0.237233 -0.526844 0.122350 
 0.254262 -0.519299 0.120713 
 0.271291 -0.511754 0.119077 
 0.039347 -0.592226 0.127339 
 0.056354 -0.584691 0.125704 
 0.073360 -0.577157 0.124070 
 0.084234 -0.568657 0.096276 
 0.101194 -0.561143 0.094646 
 0.118154 -0.553629 0.093016 
 0.135115 -0.546115 0.091386 
 0.158391 -0.539484 0.115899 
 0.175397 -0.531949 0.114265 
 0.192403 -0.524415 0.112631 
 0.212636 -0.517291 0.124061 
 0.229665 -0.509747 0.122425 
 0.246695 -0.502202 0.120788 
 0.263724 -0.494657 0.119152 
 0.014784 -0.582686 0.129048 
 0.031790 -0.575151 0.127413 
 0.048796 -0.567617 0.125779 
 0.065802 -0.560082 0.124145 
 0.076697 -0.551629 0.096350 
 0.090579 -0.543666 0.081642 
 0.110617 -0.536601 0.093090 
 0.127578 -0.529087 0.091461 
 0.150833 -0.522410 0.115974 
 0.167839 -0.514875 0.114339 
 0.184845 -0.507341 0.112705 
 0.205068 -0.500194 0.124136 
 0.222098 -0.492649 0.122499 
 0.239127 -0.485104 0.120863 
 0.256156 -0.477560 0.119227 
 0.273185 -0.470015 0.117590 
 -0.006850 -0.573633 0.143848 
 0.007226 -0.565612 0.129122 
 0.024232 -0.558077 0.127488 
 0.041239 -0.550543 0.125854 
 0.052200 -0.542115 0.098054 
 0.069160 -0.534601 0.096425 
 0.083052 -0.526661 0.081716 
 0.103080 -0.519573 0.093165 
 0.120041 -0.512059 0.091535 
 0.143276 -0.505335 0.116048 
 0.160282 -0.497801 0.114414 
 0.180471 -0.490641 0.125847 
 0.197501 -0.483097 0.124211 
 0.214530 -0.475552 0.122574 
 0.231559 -0.468007 0.120938 
 0.248588 -0.460462 0.119301 
 0.265618 -0.452918 0.117665 
 -0.025652 -0.565029 0.171748 
 -0.014417 -0.556536 0.143923 
 -0.000331 -0.548537 0.129197 
 0.016675 -0.541003 0.127563 
 0.033681 -0.533468 0.125928 
 0.044663 -0.525087 0.098129 
 0.061623 -0.517573 0.096499 
 0.075525 -0.509656 0.081791 
 0.092462 -0.502152 0.080163 
 0.112504 -0.495031 0.091610 
 0.135718 -0.488261 0.116123 
 0.152724 -0.480727 0.114489 
 0.172904 -0.473544 0.125922 
 0.186737 -0.465658 0.111220 
 0.206962 -0.458455 0.122649 
 0.223991 -0.450910 0.121013 
 0.241021 -0.443365 0.119376 
 0.258050 -0.435820 0.117740 
 -0.033240 -0.547886 0.171823 
 -0.021985 -0.539439 0.143998 
 -0.007889 -0.531463 0.129272 
 0.009117 -0.523929 0.127637 
 0.020166 -0.515573 0.099833 
 0.037126 -0.508059 0.098203 
 0.051061 -0.500155 0.083493 
 0.067998 -0.492651 0.081865 
 0.084935 -0.485147 0.080238 
 0.104966 -0.478003 0.091684 
 0.128161 -0.471187 0.116198 
 0.148307 -0.463991 0.127633 
 0.165336 -0.456447 0.125997 
 0.179179 -0.448583 0.111295 
 0.199394 -0.441357 0.122724 
 0.216424 -0.433813 0.121087 
 0.230198 -0.425980 0.106392 
 0.247204 -0.418445 0.104758 
 -0.057904 -0.538308 0.173538 
 -0.040829 -0.530742 0.171898 
 -0.029553 -0.522342 0.144072 
 -0.021292 -0.513574 0.103167 
 -0.004332 -0.506060 0.101537 
 0.012629 -0.498545 0.099908 
 0.029589 -0.491031 0.098278 
 0.043534 -0.483150 0.083567 
 0.054396 -0.474933 0.055782 
 0.077408 -0.468142 0.080312 
 0.097429 -0.460975 0.091759 
 0.114390 -0.453461 0.090129 
 0.137609 -0.446578 0.114638 
 0.154616 -0.439044 0.113004 
 0.171622 -0.431509 0.111370 
 0.188628 -0.423975 0.109736 
 0.205634 -0.416440 0.108101 
 0.216151 -0.408376 0.080350 
 0.233111 -0.400861 0.078720 
 -0.082567 -0.528729 0.175254 
 -0.065492 -0.521164 0.173613 
 -0.048417 -0.513599 0.171973 
 -0.037121 -0.505244 0.144147 
 -0.028829 -0.496546 0.103242 
 -0.011869 -0.489032 0.101612 
 0.005092 -0.481517 0.099982 
 0.019070 -0.473649 0.085269 
 0.036007 -0.466145 0.083642 
 0.046889 -0.457974 0.055856 
 0.069882 -0.451137 0.080386 
 0.089892 -0.443947 0.091833 
 0.106853 -0.436433 0.090203 
 0.130052 -0.429504 0.114713 
 0.147058 -0.421969 0.113079 
 0.164064 -0.414435 0.111445 
 0.181070 -0.406900 0.109810 
 0.191653 -0.398862 0.082054 
 0.208614 -0.391348 0.080424 
 0.225574 -0.383834 0.078795 
 -0.090155 -0.511586 0.175329 
 -0.073080 -0.504020 0.173688 
 -0.061717 -0.495692 0.145858 
 -0.047568 -0.487775 0.131130 
 -0.036366 -0.479518 0.103316 
 -0.019406 -0.472004 0.101686 
 -0.002445 -0.464489 0.100057 
 0.011543 -0.456644 0.085344 
 0.028481 -0.449140 0.083716 
 0.039383 -0.441015 0.055930 
 0.056274 -0.433532 0.054307 
 0.079292 -0.426629 0.078833 
 0.096229 -0.419125 0.077206 
 0.113166 -0.411621 0.075578 
 0.130103 -0.404117 0.073951 
 0.140730 -0.396114 0.046191 
 0.151264 -0.388152 0.018442 
 0.168109 -0.380689 0.016823 
 0.201076 -0.374320 0.080499 
 -0.120373 -0.501228 0.150843 
 -0.103344 -0.493684 0.149206 
 -0.086314 -0.486139 0.147570 
 -0.072131 -0.478235 0.132839 
 -0.055125 -0.470701 0.131205 
 -0.046795 -0.462151 0.090301 
 -0.029858 -0.454647 0.088673 
 -0.012921 -0.447143 0.087046 
 -0.001906 -0.439024 0.059251 
 0.014986 -0.431540 0.057628 
 0.031877 -0.424057 0.056005 
 0.048768 -0.416573 0.054381 
 0.065659 -0.409090 0.052758 
 0.082550 -0.401606 0.051135 
 0.099441 -0.394122 0.049512 
 0.116332 -0.386639 0.047889 
 0.123788 -0.378477 0.007068 
 0.140610 -0.371024 0.005452 
 0.151050 -0.363159 -0.022287 
 0.167826 -0.355727 -0.023899 
 -0.139482 -0.492429 0.178761 
 -0.127940 -0.484131 0.150917 
 -0.110911 -0.476586 0.149281 
 -0.093882 -0.469042 0.147645 
 -0.079689 -0.461161 0.132914 
 -0.068400 -0.452976 0.105095 
 -0.054322 -0.445146 0.090375 
 -0.037385 -0.437642 0.088748 
 -0.026303 -0.429549 0.060948 
 -0.009412 -0.422065 0.059325 
 0.007479 -0.414582 0.057702 
 0.024370 -0.407098 0.056079 
 0.035222 -0.399106 0.028302 
 0.052067 -0.391643 0.026683 
 0.068912 -0.384180 0.025065 
 0.085757 -0.376717 0.023446 
 0.099490 -0.369040 0.008758 
 0.116312 -0.361587 0.007142 
 0.126819 -0.353748 -0.020602 
 0.140414 -0.346133 -0.035275 
 0.157167 -0.338711 -0.036885 
 -0.164146 -0.482850 0.180477 
 -0.147070 -0.475285 0.178836 
 -0.135508 -0.467034 0.150992 
 -0.118479 -0.459489 0.149356 
 -0.101450 -0.451944 0.147719 
 -0.087246 -0.444087 0.132988 
 -0.075937 -0.435948 0.105170 
 -0.061848 -0.428141 0.090450 
 -0.050701 -0.420074 0.062646 
 -0.033809 -0.412590 0.061022 
 -0.016918 -0.405106 0.059399 
 -0.000027 -0.397623 0.057776 
 0.010891 -0.389657 0.029995 
 0.027736 -0.382194 0.028376 
 0.044581 -0.374731 0.026757 
 0.061426 -0.367267 0.025139 
 0.075192 -0.359604 0.010449 
 0.092015 -0.352151 0.008832 
 0.102587 -0.344338 -0.018916 
 0.119363 -0.336905 -0.020528 
 0.136139 -0.329473 -0.022140 
 0.152915 -0.322040 -0.023752 
 0.169691 -0.314608 -0.025364 
 -0.188809 -0.473272 0.182193 
 -0.171734 -0.465707 0.180552 
 -0.160105 -0.457481 0.152703 
 -0.143076 -0.449936 0.151067 
 -0.126047 -0.442392 0.149431 
 -0.109018 -0.434847 0.147794 
 -0.094804 -0.427013 0.133063 
 -0.083474 -0.418920 0.105244 
 -0.075098 -0.410598 0.064343 
 -0.058207 -0.403115 0.062720 
 -0.041316 -0.395631 0.061097 
 -0.030285 -0.387671 0.033306 
 -0.013440 -0.380208 0.031688 
 0.003405 -0.372745 0.030069 
 0.020250 -0.365281 0.028450 
 0.034073 -0.357620 0.013756 
 0.050895 -0.350167 0.012139 
 0.067717 -0.342715 0.010523 
 0.084539 -0.335262 0.008906 
 0.095132 -0.327495 -0.018842 
 0.108770 -0.319915 -0.033518 
 0.125524 -0.312493 -0.035128 
 0.142277 -0.305071 -0.036738 
 0.159030 -0.297648 -0.038348 
 0.175783 -0.290226 -0.039957 
 -0.218760 -0.463018 0.157688 
 -0.201731 -0.455473 0.156051 
 -0.184702 -0.447929 0.154415 
 -0.167673 -0.440384 0.152778 
 -0.153380 -0.432542 0.138040 
 -0.136374 -0.425008 0.136406 
 -0.119367 -0.417473 0.134772 
 -0.107971 -0.409406 0.106948 
 -0.093839 -0.401636 0.092226 
 -0.082604 -0.393640 0.064417 
 -0.071461 -0.385685 0.036618 
 -0.054616 -0.378222 0.034999 
 -0.037771 -0.370758 0.033380 
 -0.023869 -0.363090 0.018679 
 -0.007047 -0.355637 0.017063 
 0.009775 -0.348184 0.015446 
 0.020572 -0.340382 -0.012320 
 0.037349 -0.332949 -0.013932 
 0.054125 -0.325517 -0.015544 
 0.067819 -0.317940 -0.030224 
 0.084572 -0.310518 -0.031834 
 0.101326 -0.303095 -0.033444 
 0.118079 -0.295673 -0.035054 
 0.128485 -0.288044 -0.062783 
 0.145192 -0.280642 -0.064389 
 0.161899 -0.273240 -0.065994 
 0.175364 -0.265766 -0.080653 
 0.192048 -0.258374 -0.082256 
 0.208732 -0.250982 -0.083859 
 -0.243357 -0.453466 0.159399 
 -0.226328 -0.445921 0.157762 
 -0.209299 -0.438376 0.156126 
 -0.192270 -0.430831 0.154490 
 -0.177943 -0.423003 0.139749 
 -0.160937 -0.415468 0.138115 
 -0.143931 -0.407933 0.136481 
 -0.132469 -0.399892 0.108653 
 -0.118303 -0.392135 0.093928 
 -0.101366 -0.384631 0.092300 
 -0.090111 -0.376681 0.064491 
 -0.078947 -0.368772 0.036692 
 -0.062102 -0.361309 0.035073 
 -0.045257 -0.353846 0.033454 
 -0.031345 -0.346201 0.018753 
 -0.014523 -0.338748 0.017137 
 0.002299 -0.331295 0.015520 
 0.013117 -0.323539 -0.012246 
 0.029893 -0.316106 -0.013858 
 0.043621 -0.308543 -0.028541 
 0.060374 -0.301120 -0.030151 
 0.077127 -0.293698 -0.031761 
 0.093881 -0.286275 -0.033371 
 0.104353 -0.278672 -0.061105 
 0.121060 -0.271270 -0.062710 
 0.137768 -0.263868 -0.064316 
 0.151265 -0.256407 -0.078976 
 0.167949 -0.249015 -0.080579 
 0.178123 -0.241544 -0.108284 
 0.191483 -0.234144 -0.122931 
 0.208098 -0.226783 -0.124528 
 0.224713 -0.219421 -0.126124 
 -0.250925 -0.436368 0.159474 
 -0.233896 -0.428823 0.157837 
 -0.216867 -0.421279 0.156201 
 -0.199838 -0.413734 0.154564 
 -0.185501 -0.405928 0.139824 
 -0.168495 -0.398394 0.138190 
 -0.156966 -0.390378 0.110357 
 -0.142767 -0.382634 0.095630 
 -0.125830 -0.375130 0.094002 
 -0.114508 -0.367206 0.066189 
 -0.103278 -0.359323 0.038385 
 -0.086433 -0.351860 0.036766 
 -0.072465 -0.344217 0.022060 
 -0.055643 -0.336764 0.020444 
 -0.044666 -0.328993 -0.007336 
 -0.027890 -0.321561 -0.008948 
 -0.011114 -0.314128 -0.010560 
 0.005662 -0.306696 -0.012172 
 0.019423 -0.299145 -0.026857 
 0.036176 -0.291722 -0.028467 
 0.052929 -0.284300 -0.030077 
 0.069682 -0.276878 -0.031687 
 0.080222 -0.269301 -0.059426 
 0.096929 -0.261899 -0.061031 
 0.113636 -0.254497 -0.062637 
 0.127167 -0.247048 -0.077299 
 0.143851 -0.239656 -0.078903 
 0.154091 -0.232211 -0.106612 
 0.167485 -0.224824 -0.121261 
 0.184100 -0.217462 -0.122858 
 0.194133 -0.210110 -0.150548 
 0.210702 -0.202769 -0.152140 
 0.227271 -0.195428 -0.153732 
 0.240479 -0.188122 -0.168364 
 0.267174 -0.180656 -0.130841 
 0.294007 -0.173130 -0.093332 
 0.303833 -0.165869 -0.121001 
 0.320471 -0.158497 -0.122600 
 -0.275522 -0.426816 0.161185 
 -0.258493 -0.419271 0.159548 
 -0.241464 -0.411726 0.157912 
 -0.224434 -0.404181 0.156276 
 -0.210065 -0.396389 0.141533 
 -0.198423 -0.388379 0.113691 
 -0.181463 -0.380864 0.112061 
 -0.164503 -0.373350 0.110432 
 -0.150294 -0.365629 0.095704 
 -0.138906 -0.357731 0.067886 
 -0.127609 -0.349874 0.040077 
 -0.113585 -0.342234 0.025367 
 -0.105293 -0.334281 -0.015514 
 -0.088540 -0.326859 -0.017124 
 -0.071787 -0.319437 -0.018734 
 -0.055034 -0.312014 -0.020344 
 -0.038281 -0.304592 -0.021954 
 -0.021528 -0.297170 -0.023564 
 -0.004775 -0.289747 -0.025174 
 0.005969 -0.282135 -0.052930 
 0.022676 -0.274733 -0.054536 
 0.039383 -0.267331 -0.056141 
 0.056090 -0.259929 -0.057747 
 0.072797 -0.252527 -0.059352 
 0.089504 -0.245125 -0.060958 
 0.103069 -0.237689 -0.075623 
 0.119753 -0.230297 -0.077226 
 0.130060 -0.222878 -0.104940 
 0.143486 -0.215503 -0.119592 
 0.160101 -0.208142 -0.121188 
 0.176716 -0.200781 -0.122785 
 0.193331 -0.193420 -0.124382 
 0.203338 -0.186134 -0.152067 
 0.219907 -0.178793 -0.153659 
 0.236476 -0.171452 -0.155252 
 0.259791 -0.163975 -0.130768 
 0.279801 -0.156535 -0.119329 
 0.296439 -0.149164 -0.120928 
 0.309636 -0.141891 -0.135558 
 0.326251 -0.134530 -0.137155 
 0.342866 -0.127169 -0.138751 
 -0.283090 -0.409718 0.161260 
 -0.266061 -0.402174 0.159623 
 -0.249031 -0.394629 0.157987 
 -0.232002 -0.387084 0.156350 
 -0.217622 -0.379314 0.141608 
 -0.205960 -0.371350 0.113766 
 -0.191695 -0.363632 0.099034 
 -0.180194 -0.355739 0.071207 
 -0.163303 -0.348256 0.069584 
 -0.151940 -0.340424 0.041770 
 -0.137883 -0.332797 0.027058 
 -0.129491 -0.324884 -0.013831 
 -0.112738 -0.317461 -0.015441 
 -0.095985 -0.310039 -0.017051 
 -0.079232 -0.302617 -0.018661 
 -0.068283 -0.294969 -0.046435 
 -0.051576 -0.287567 -0.048041 
 -0.034869 -0.280165 -0.049646 
 -0.018162 -0.272763 -0.051251 
 -0.001455 -0.265361 -0.052857 
 0.015252 -0.257959 -0.054462 
 0.031959 -0.250557 -0.056068 
 0.045602 -0.243113 -0.070740 
 0.062286 -0.235722 -0.072343 
 0.078970 -0.228330 -0.073946 
 0.089390 -0.220916 -0.101669 
 0.102872 -0.213544 -0.116325 
 0.119487 -0.206183 -0.117922 
 0.129699 -0.198862 -0.145626 
 0.146268 -0.191521 -0.147218 
 0.162837 -0.184180 -0.148810 
 0.179406 -0.176839 -0.150402 
 0.195975 -0.169498 -0.151994 
 0.212544 -0.162157 -0.153587 
 0.229113 -0.154817 -0.155179 
 0.252407 -0.147293 -0.130695 
 0.269022 -0.139932 -0.132292 
 0.289046 -0.132459 -0.120855 
 0.305683 -0.125088 -0.122454 
 0.322322 -0.117717 -0.124053 
 0.359825 -0.109492 -0.047492 
 0.376601 -0.102060 -0.049104 
 -0.310211 -0.399913 0.149854 
 -0.290657 -0.392621 0.161335 
 -0.276198 -0.384844 0.146585 
 -0.259192 -0.377309 0.144951 
 -0.242186 -0.369775 0.143317 
 -0.230457 -0.361837 0.115470 
 -0.216159 -0.354131 0.100736 
 -0.204592 -0.346264 0.072904 
 -0.193117 -0.338438 0.045082 
 -0.176271 -0.330975 0.043463 
 -0.162180 -0.323361 0.028748 
 -0.145358 -0.315908 0.027132 
 -0.136936 -0.308064 -0.013757 
 -0.120183 -0.300641 -0.015367 
 -0.103430 -0.293219 -0.016977 
 -0.092415 -0.285597 -0.044756 
 -0.075708 -0.278195 -0.046362 
 -0.059001 -0.270793 -0.047967 
 -0.045232 -0.263322 -0.062650 
 -0.028548 -0.255930 -0.064253 
 -0.011864 -0.248538 -0.065857 
 0.004820 -0.241146 -0.067460 
 0.021504 -0.233754 -0.069063 
 0.032082 -0.226326 -0.096799 
 0.045644 -0.218947 -0.111463 
 0.065358 -0.211583 -0.099997 
 0.078874 -0.204224 -0.114656 
 0.095489 -0.196863 -0.116252 
 0.105767 -0.189567 -0.143961 
 0.122336 -0.182226 -0.145553 
 0.138905 -0.174886 -0.147145 
 0.155474 -0.167545 -0.148737 
 0.172043 -0.160204 -0.150329 
 0.188612 -0.152863 -0.151922 
 0.205181 -0.145522 -0.153514 
 0.221750 -0.138181 -0.155106 
 0.238319 -0.130841 -0.156698 
 0.261638 -0.123251 -0.132219 
 0.278253 -0.115890 -0.133815 
 0.298290 -0.108384 -0.122381 
 0.325261 -0.100547 -0.084893 
 0.348902 -0.092815 -0.060445 
 0.376126 -0.084866 -0.022981 
 0.392948 -0.077413 -0.024598 
 -0.334774 -0.390373 0.151563 
 -0.317768 -0.382839 0.149928 
 -0.300762 -0.375304 0.148294 
 -0.283756 -0.367770 0.146660 
 -0.266749 -0.360235 0.145026 
 -0.254955 -0.352323 0.117174 
 -0.237994 -0.344809 0.115544 
 -0.223686 -0.337126 0.100810 
 -0.212098 -0.329305 0.072978 
 -0.200602 -0.321526 0.045156 
 -0.183757 -0.314062 0.043537 
 -0.169656 -0.306472 0.028822 
 -0.158367 -0.298784 0.001019 
 -0.144381 -0.291244 -0.013684 
 -0.127628 -0.283821 -0.015294 
 -0.116547 -0.276225 -0.043077 
 -0.099840 -0.268823 -0.044683 
 -0.086014 -0.261354 -0.059370 
 -0.069330 -0.253963 -0.060974 
 -0.052646 -0.246571 -0.062577 
 -0.041864 -0.239107 -0.090331 
 -0.025226 -0.231736 -0.091930 
 -0.008588 -0.224364 -0.093529 
 0.008050 -0.216993 -0.095127 
 0.021645 -0.209626 -0.109793 
 0.038260 -0.202265 -0.111390 
 0.054875 -0.194904 -0.112986 
 0.065266 -0.187614 -0.140703 
 0.081835 -0.180273 -0.142296 
 0.098404 -0.172932 -0.143888 
 0.114973 -0.165591 -0.145480 
 0.128338 -0.158326 -0.160123 
 0.144884 -0.150996 -0.161713 
 0.161430 -0.143665 -0.163303 
 0.181249 -0.136228 -0.151849 
 0.197818 -0.128887 -0.153441 
 0.214387 -0.121546 -0.155033 
 0.230956 -0.114205 -0.156626 
 0.247525 -0.106865 -0.158218 
 0.270870 -0.099208 -0.133742 
 0.290896 -0.091679 -0.122308 
 0.314402 -0.083951 -0.097849 
 0.341457 -0.075994 -0.060371 
 0.368651 -0.067976 -0.022907 
 0.378467 -0.060941 -0.050568 
 0.405821 -0.052852 -0.013119 
 0.422666 -0.045388 -0.014738 
 -0.381213 -0.387894 0.128657 
 -0.364253 -0.380380 0.127028 
 -0.347292 -0.372865 0.125398 
 -0.330332 -0.365351 0.123768 
 -0.313372 -0.357837 0.122138 
 -0.296412 -0.350323 0.120508 
 -0.279452 -0.342809 0.118879 
 -0.262492 -0.335295 0.117249 
 -0.248150 -0.327625 0.102512 
 -0.236496 -0.319830 0.074676 
 -0.219605 -0.312347 0.073052 
 -0.208088 -0.304613 0.045230 
 -0.193954 -0.297035 0.030512 
 -0.177132 -0.289582 0.028896 
 -0.165823 -0.281940 0.001093 
 -0.151826 -0.274424 -0.013610 
 -0.135073 -0.267001 -0.015220 
 -0.123971 -0.259451 -0.043004 
 -0.107264 -0.252049 -0.044609 
 -0.093429 -0.244604 -0.059297 
 -0.076745 -0.237212 -0.060900 
 -0.065896 -0.229774 -0.088659 
 -0.049258 -0.222403 -0.090258 
 -0.035583 -0.215029 -0.104930 
 -0.018968 -0.207667 -0.106527 
 -0.002353 -0.200306 -0.108123 
 0.008196 -0.193001 -0.135854 
 0.024765 -0.185660 -0.137446 
 0.038255 -0.178367 -0.152101 
 0.054801 -0.171037 -0.153691 
 0.071347 -0.163706 -0.155281 
 0.087893 -0.156376 -0.156871 
 0.104439 -0.149045 -0.158461 
 0.114597 -0.141913 -0.186154 
 0.137531 -0.134384 -0.161641 
 0.147597 -0.127292 -0.189325 
 0.170623 -0.119722 -0.164821 
 0.187169 -0.112392 -0.166411 
 0.203715 -0.105061 -0.168001 
 0.220261 -0.097731 -0.169591 
 0.240161 -0.090229 -0.158145 
 0.263486 -0.082527 -0.133669 
 0.280101 -0.075165 -0.135266 
 0.310411 -0.066999 -0.084746 
 0.334012 -0.059174 -0.060297 
 0.361175 -0.051087 -0.022833 
 0.377997 -0.043634 -0.024450 
 0.398335 -0.035939 -0.013045 
 0.422258 -0.027971 0.011372 
 0.439149 -0.020488 0.009749 
 -0.405710 -0.378380 0.130362 
 -0.388750 -0.370866 0.128732 
 -0.371790 -0.363352 0.127102 
 -0.354829 -0.355838 0.125472 
 -0.337869 -0.348323 0.123843 
 -0.320909 -0.340809 0.122213 
 -0.306488 -0.333132 0.107470 
 -0.289551 -0.325628 0.105842 
 -0.272614 -0.318124 0.104214 
 -0.255677 -0.310620 0.102587 
 -0.249264 -0.302627 0.048541 
 -0.235074 -0.295052 0.033819 
 -0.218252 -0.287599 0.032203 
 -0.206830 -0.279962 0.004391 
 -0.190054 -0.272530 0.002779 
 -0.173278 -0.265097 0.001167 
 -0.159271 -0.257604 -0.013537 
 -0.148103 -0.250079 -0.041325 
 -0.131396 -0.242677 -0.042930 
 -0.117527 -0.235245 -0.057620 
 -0.100843 -0.227853 -0.059224 
 -0.089928 -0.220441 -0.086987 
 -0.073290 -0.213069 -0.088586 
 -0.059582 -0.205708 -0.103260 
 -0.042967 -0.198347 -0.104857 
 -0.026352 -0.190986 -0.106454 
 -0.015736 -0.183706 -0.134189 
 0.000833 -0.176366 -0.135781 
 0.014356 -0.169086 -0.150438 
 0.030902 -0.161755 -0.152028 
 0.047448 -0.154425 -0.153618 
 0.063994 -0.147094 -0.155208 
 0.080540 -0.139763 -0.156798 
 0.090765 -0.132657 -0.184496 
 0.107265 -0.125347 -0.186081 
 0.123765 -0.118037 -0.187667 
 0.140265 -0.110727 -0.189252 
 0.163270 -0.103110 -0.164748 
 0.179816 -0.095780 -0.166338 
 0.189764 -0.088796 -0.194009 
 0.212908 -0.081118 -0.169518 
 0.232798 -0.073594 -0.158072 
 0.249367 -0.066253 -0.159664 
 0.272717 -0.058484 -0.135193 
 0.299573 -0.050450 -0.097702 
 0.326567 -0.042354 -0.060224 
 0.353699 -0.034198 -0.022759 
 0.370521 -0.026745 -0.024376 
 0.390849 -0.019027 -0.012971 
 0.407694 -0.011563 -0.014590 
 0.424539 -0.004100 -0.016209 
 0.441385 0.003363 -0.017828 
 -0.396287 -0.353838 0.128806 
 -0.379327 -0.346324 0.127177 
 -0.362367 -0.338810 0.125547 
 -0.347889 -0.331135 0.110799 
 -0.330952 -0.323631 0.109172 
 -0.314015 -0.316127 0.107544 
 -0.297078 -0.308623 0.105916 
 -0.285291 -0.300880 0.078070 
 -0.268399 -0.293396 0.076447 
 -0.256750 -0.285714 0.048615 
 -0.242549 -0.278162 0.033893 
 -0.231061 -0.270552 0.006077 
 -0.214285 -0.263119 0.004465 
 -0.197509 -0.255687 0.002852 
 -0.183469 -0.248206 -0.011853 
 -0.172234 -0.240707 -0.039646 
 -0.155527 -0.233305 -0.041252 
 -0.138820 -0.225903 -0.042857 
 -0.124941 -0.218494 -0.057547 
 -0.108257 -0.211102 -0.059150 
 -0.097322 -0.203736 -0.086914 
 -0.080684 -0.196365 -0.088513 
 -0.066966 -0.189027 -0.103187 
 -0.050351 -0.181666 -0.104784 
 -0.033736 -0.174304 -0.106381 
 -0.023099 -0.167071 -0.134116 
 -0.006530 -0.159730 -0.135708 
 0.007003 -0.152474 -0.150365 
 0.023549 -0.145143 -0.151955 
 0.040095 -0.137813 -0.153545 
 0.056641 -0.130482 -0.155135 
 0.066933 -0.123402 -0.182838 
 0.083433 -0.116091 -0.184423 
 0.099932 -0.108781 -0.186009 
 0.116432 -0.101471 -0.187594 
 0.129713 -0.094327 -0.202227 
 0.149432 -0.086850 -0.190766 
 0.165932 -0.079540 -0.192351 
 0.182432 -0.072230 -0.193937 
 0.205555 -0.064506 -0.169445 
 0.225435 -0.056959 -0.157999 
 0.242004 -0.049618 -0.159592 
 0.265334 -0.041803 -0.135120 
 0.295562 -0.033452 -0.084600 
 0.319122 -0.025534 -0.060150 
 0.346224 -0.017308 -0.022686 
 0.363046 -0.009855 -0.024302 
 0.383363 -0.002114 -0.012897 
 0.400208 0.005349 -0.014516 
 0.417053 0.012812 -0.016135 
 0.433899 0.020275 -0.017754 
 -0.403824 -0.336810 0.128881 
 -0.389290 -0.329138 0.114129 
 -0.372353 -0.321634 0.112501 
 -0.355416 -0.314130 0.110874 
 -0.338479 -0.306626 0.109246 
 -0.326579 -0.298889 0.081391 
 -0.309688 -0.291405 0.079768 
 -0.292797 -0.283921 0.078145 
 -0.275906 -0.276438 0.076521 
 -0.266847 -0.268726 0.035584 
 -0.255293 -0.261141 0.007762 
 -0.238517 -0.253709 0.006150 
 -0.221740 -0.246276 0.004538 
 -0.204964 -0.238843 0.002926 
 -0.190914 -0.231386 -0.011780 
 -0.179659 -0.223934 -0.039573 
 -0.162952 -0.216532 -0.041178 
 -0.146245 -0.209130 -0.042784 
 -0.132356 -0.201743 -0.057474 
 -0.121353 -0.194403 -0.085242 
 -0.104715 -0.187032 -0.086841 
 -0.090964 -0.179707 -0.101518 
 -0.074349 -0.172345 -0.103114 
 -0.063600 -0.165118 -0.130859 
 -0.041119 -0.157623 -0.106308 
 -0.030462 -0.150436 -0.134043 
 -0.013893 -0.143095 -0.135636 
 -0.000349 -0.135862 -0.150293 
 0.016196 -0.128531 -0.151883 
 0.032742 -0.121200 -0.153473 
 0.049288 -0.113870 -0.155063 
 0.059600 -0.106836 -0.182765 
 0.076100 -0.099525 -0.184351 
 0.092600 -0.092215 -0.185936 
 0.109100 -0.084905 -0.187522 
 0.122391 -0.077784 -0.202155 
 0.142100 -0.070284 -0.190693 
 0.158600 -0.062974 -0.192279 
 0.175099 -0.055664 -0.193864 
 0.198202 -0.047894 -0.169373 
 0.218072 -0.040323 -0.157927 
 0.234641 -0.032983 -0.159519 
 0.257950 -0.025121 -0.135047 
 0.284745 -0.016948 -0.097556 
 0.301429 -0.009556 -0.099159 
 0.338748 -0.000419 -0.022612 
 0.355570 0.007034 -0.024228 
 0.375877 0.014798 -0.012823 
 0.392723 0.022262 -0.014442 
 0.416630 0.030388 0.009971 
 0.433521 0.037872 0.008348 
 -0.413754 -0.319637 0.115831 
 -0.396817 -0.312133 0.114203 
 -0.379880 -0.304629 0.112576 
 -0.367868 -0.296897 0.084711 
 -0.350977 -0.289413 0.083088 
 -0.334086 -0.281930 0.081465 
 -0.317195 -0.274446 0.079842 
 -0.300303 -0.266963 0.078219 
 -0.288567 -0.259353 0.050382 
 -0.274323 -0.251837 0.035658 
 -0.262748 -0.244298 0.007836 
 -0.245972 -0.236865 0.006224 
 -0.231865 -0.229410 -0.008486 
 -0.215112 -0.221988 -0.010096 
 -0.198359 -0.214566 -0.011706 
 -0.187083 -0.207160 -0.039499 
 -0.170376 -0.199758 -0.041105 
 -0.156454 -0.192384 -0.055797 
 -0.145385 -0.185070 -0.083570 
 -0.128747 -0.177699 -0.085169 
 -0.114963 -0.170386 -0.099848 
 -0.098348 -0.163025 -0.101445 
 -0.081733 -0.155664 -0.103041 
 -0.070964 -0.148482 -0.130786 
 -0.054395 -0.141141 -0.132378 
 -0.037826 -0.133801 -0.133971 
 -0.021257 -0.126460 -0.135563 
 -0.007702 -0.119250 -0.150220 
 0.008843 -0.111919 -0.151810 
 0.025389 -0.104588 -0.153400 
 0.041935 -0.097258 -0.154990 
 0.058481 -0.089927 -0.156580 
 0.068768 -0.082959 -0.184278 
 0.085267 -0.075649 -0.185864 
 0.101767 -0.068339 -0.187449 
 0.115068 -0.061241 -0.202082 
 0.131545 -0.053941 -0.203666 
 0.151267 -0.046408 -0.192206 
 0.164499 -0.039341 -0.206832 
 0.184267 -0.031788 -0.195377 
 0.207395 -0.023951 -0.170890 
 0.227278 -0.016347 -0.159446 
 0.250566 -0.008440 -0.134974 
 0.277330 -0.000197 -0.097482 
 0.307638 0.008410 -0.046976 
 0.331272 0.016470 -0.022538 
 0.348094 0.023923 -0.024154 
 0.368391 0.031711 -0.012749 
 0.385237 0.039174 -0.014368 
 0.409124 0.047347 0.010046 
 0.426015 0.054831 0.008422 
 -0.421281 -0.302632 0.115905 
 -0.404344 -0.295128 0.114278 
 -0.392265 -0.287422 0.086409 
 -0.375374 -0.279938 0.084786 
 -0.358483 -0.272455 0.083163 
 -0.341592 -0.264971 0.081539 
 -0.324701 -0.257488 0.079916 
 -0.312898 -0.249903 0.052075 
 -0.298621 -0.242400 0.037348 
 -0.286979 -0.234887 0.009522 
 -0.270203 -0.227455 0.007910 
 -0.253427 -0.220022 0.006298 
 -0.239310 -0.212590 -0.008413 
 -0.222557 -0.205168 -0.010022 
 -0.211215 -0.197788 -0.037820 
 -0.197236 -0.190417 -0.052517 
 -0.180552 -0.183025 -0.054121 
 -0.169417 -0.175737 -0.081898 
 -0.152779 -0.168366 -0.083497 
 -0.138962 -0.161066 -0.098179 
 -0.122347 -0.153705 -0.099775 
 -0.105732 -0.146344 -0.101372 
 -0.089117 -0.138983 -0.102968 
 -0.078327 -0.131847 -0.130713 
 -0.061758 -0.124506 -0.132306 
 -0.045189 -0.117165 -0.133898 
 -0.028620 -0.109825 -0.135490 
 -0.015055 -0.102637 -0.150147 
 0.001490 -0.095307 -0.151737 
 0.018036 -0.087976 -0.153327 
 0.028435 -0.081014 -0.181035 
 0.044935 -0.073704 -0.182620 
 0.061435 -0.066394 -0.184206 
 0.077935 -0.059083 -0.185791 
 0.091269 -0.051998 -0.200426 
 0.107746 -0.044698 -0.202010 
 0.124223 -0.037398 -0.203593 
 0.140700 -0.030098 -0.205177 
 0.157177 -0.022798 -0.206760 
 0.176934 -0.015222 -0.195305 
 0.200042 -0.007339 -0.170817 
 0.219914 0.000288 -0.159373 
 0.243183 0.008242 -0.134901 
 0.269916 0.016553 -0.097409 
 0.300183 0.025253 -0.046902 
 0.316959 0.032686 -0.048514 
 0.340619 0.040813 -0.024080 
 0.360906 0.048623 -0.012675 
 0.377751 0.056087 -0.014294 
 0.394596 0.063550 -0.015913 
 0.411441 0.071013 -0.017532 
 -0.411871 -0.278123 0.114352 
 -0.399772 -0.270463 0.086483 
 -0.382881 -0.262980 0.084860 
 -0.365989 -0.255496 0.083237 
 -0.354074 -0.247917 0.055386 
 -0.337229 -0.240454 0.053767 
 -0.322918 -0.232964 0.039039 
 -0.306096 -0.225511 0.037422 
 -0.294434 -0.218044 0.009596 
 -0.277658 -0.210612 0.007984 
 -0.263508 -0.203193 -0.006729 
 -0.246755 -0.195770 -0.008339 
 -0.230002 -0.188348 -0.009949 
 -0.218640 -0.181014 -0.037747 
 -0.204651 -0.173666 -0.052444 
 -0.187967 -0.166275 -0.054047 
 -0.176811 -0.159032 -0.081825 
 -0.162960 -0.151746 -0.096509 
 -0.146345 -0.144385 -0.098106 
 -0.129730 -0.137024 -0.099702 
 -0.113115 -0.129662 -0.101299 
 -0.096500 -0.122301 -0.102895 
 -0.079885 -0.114940 -0.104492 
 -0.069121 -0.107871 -0.132233 
 -0.052552 -0.100530 -0.133825 
 -0.035983 -0.093189 -0.135417 
 -0.022408 -0.086025 -0.150075 
 -0.005862 -0.078695 -0.151665 
 0.010683 -0.071364 -0.153255 
 0.021103 -0.064448 -0.180962 
 0.037603 -0.057138 -0.182548 
 0.054103 -0.049828 -0.184133 
 0.070602 -0.042517 -0.185719 
 0.083947 -0.035455 -0.200354 
 0.100424 -0.028155 -0.201937 
 0.116901 -0.020855 -0.203521 
 0.133378 -0.013555 -0.205104 
 0.149855 -0.006255 -0.206688 
 0.166331 0.001045 -0.208271 
 0.186102 0.008654 -0.196818 
 0.202602 0.015964 -0.198404 
 0.229120 0.024264 -0.160893 
 0.255777 0.032624 -0.123395 
 0.299499 0.042796 -0.020773 
 0.316321 0.050249 -0.022390 
 0.336575 0.058073 -0.010983 
 0.353420 0.065536 -0.012601 
 0.377220 0.073781 0.011817 
 0.394111 0.081264 0.010194 
 0.411002 0.088748 0.008571 
 0.427893 0.096231 0.006948 
 -0.424169 -0.260988 0.088180 
 -0.407278 -0.253504 0.086557 
 -0.395251 -0.245931 0.058698 
 -0.378405 -0.238468 0.057079 
 -0.361560 -0.231005 0.055460 
 -0.344715 -0.223542 0.053841 
 -0.330394 -0.216074 0.039112 
 -0.318666 -0.208634 0.011281 
 -0.301890 -0.201201 0.009669 
 -0.285114 -0.193769 0.008057 
 -0.270953 -0.186373 -0.006655 
 -0.254200 -0.178950 -0.008265 
 -0.237447 -0.171528 -0.009875 
 -0.226064 -0.164240 -0.037674 
 -0.212065 -0.156916 -0.052371 
 -0.200843 -0.149699 -0.080153 
 -0.184205 -0.142328 -0.081752 
 -0.167567 -0.134956 -0.083351 
 -0.150929 -0.127585 -0.084950 
 -0.137114 -0.120342 -0.099629 
 -0.120499 -0.112981 -0.101226 
 -0.103884 -0.105620 -0.102822 
 -0.087269 -0.098258 -0.104419 
 -0.070654 -0.090897 -0.106016 
 -0.059915 -0.083895 -0.133752 
 -0.043346 -0.076554 -0.135344 
 -0.029761 -0.069413 -0.150002 
 -0.013215 -0.062083 -0.151592 
 0.003331 -0.054752 -0.153182 
 0.013770 -0.047882 -0.180890 
 0.030270 -0.040572 -0.182475 
 0.046770 -0.033262 -0.184061 
 0.063270 -0.025951 -0.185646 
 0.076625 -0.018913 -0.200282 
 0.093102 -0.011612 -0.201865 
 0.109578 -0.004312 -0.203448 
 0.126055 0.002988 -0.205032 
 0.142532 0.010288 -0.206615 
 0.159009 0.017588 -0.208199 
 0.178769 0.025220 -0.196745 
 0.201882 0.033216 -0.172262 
 0.221757 0.040899 -0.160820 
 0.245031 0.048966 -0.136352 
 0.261645 0.056327 -0.137948 
 0.308845 0.067139 -0.022316 
 0.329089 0.074985 -0.010909 
 0.352822 0.083256 0.013514 
 0.369713 0.090739 0.011891 
 0.393585 0.099071 0.036302 
 0.410522 0.106575 0.034674 
 0.430996 0.114524 0.046059 
 0.447956 0.122038 0.044429 
 -0.431676 -0.244029 0.088255 
 -0.414784 -0.236546 0.086631 
 -0.402736 -0.229019 0.058772 
 -0.385891 -0.221555 0.057153 
 -0.371514 -0.214091 0.042419 
 -0.354692 -0.206638 0.040803 
 -0.337870 -0.199185 0.039186 
 -0.326121 -0.191791 0.011355 
 -0.309345 -0.184358 0.009743 
 -0.292569 -0.176925 0.008131 
 -0.278398 -0.169553 -0.006582 
 -0.261645 -0.162130 -0.008192 
 -0.244892 -0.154708 -0.009802 
 -0.233489 -0.147466 -0.037600 
 -0.219479 -0.140165 -0.052298 
 -0.202795 -0.132773 -0.053901 
 -0.191599 -0.125623 -0.081679 
 -0.174961 -0.118252 -0.083278 
 -0.158323 -0.110880 -0.084877 
 -0.144498 -0.103661 -0.099556 
 -0.127883 -0.096299 -0.101153 
 -0.111268 -0.088938 -0.102749 
 -0.094653 -0.081577 -0.104346 
 -0.078038 -0.074216 -0.105943 
 -0.067278 -0.067260 -0.133679 
 -0.050709 -0.059919 -0.135272 
 -0.034140 -0.052578 -0.136864 
 -0.020568 -0.045470 -0.151519 
 -0.004022 -0.038140 -0.153109 
 0.006438 -0.031316 -0.180817 
 0.022938 -0.024006 -0.182403 
 0.039437 -0.016696 -0.183988 
 0.055937 -0.009386 -0.185574 
 0.069302 -0.002370 -0.200209 
 0.085779 0.004930 -0.201793 
 0.102256 0.012230 -0.203376 
 0.118733 0.019530 -0.204959 
 0.135210 0.026830 -0.206543 
 0.151687 0.034131 -0.208126 
 0.171437 0.041786 -0.196673 
 0.194529 0.049828 -0.172189 
 0.214394 0.057534 -0.160747 
 0.230963 0.064875 -0.162339 
 0.254262 0.073009 -0.137875 
 0.274265 0.080776 -0.126447 
 0.290903 0.088148 -0.128045 
 0.352184 0.101068 0.039631 
 0.369121 0.108572 0.038004 
 0.389539 0.116524 0.049393 
 0.406499 0.124038 0.047763 
 0.423459 0.131552 0.046133 
 0.440419 0.139066 0.044504 
 -0.439182 -0.227071 0.088329 
 -0.427068 -0.219569 0.060464 
 -0.410222 -0.212106 0.058846 
 -0.395812 -0.204655 0.044110 
 -0.378990 -0.197202 0.042493 
 -0.362168 -0.189749 0.040877 
 -0.350352 -0.182380 0.013041 
 -0.333576 -0.174947 0.011429 
 -0.319349 -0.167577 -0.003288 
 -0.302596 -0.160155 -0.004898 
 -0.285843 -0.152733 -0.006508 
 -0.269090 -0.145310 -0.008118 
 -0.252337 -0.137888 -0.009728 
 -0.240913 -0.130692 -0.037527 
 -0.226894 -0.123414 -0.052224 
 -0.210210 -0.116022 -0.053828 
 -0.198993 -0.108919 -0.081606 
 -0.182355 -0.101547 -0.083205 
 -0.168496 -0.094340 -0.097887 
 -0.151881 -0.086979 -0.099483 
 -0.135266 -0.079618 -0.101080 
 -0.118651 -0.072257 -0.102676 
 -0.102036 -0.064896 -0.104273 
 -0.085421 -0.057534 -0.105870 
 -0.074642 -0.050624 -0.133607 
 -0.058073 -0.043284 -0.135199 
 -0.044467 -0.036189 -0.149856 
 -0.027921 -0.028858 -0.151446 
 -0.011375 -0.021528 -0.153037 
 -0.000895 -0.014750 -0.180745 
 0.015605 -0.007440 -0.182330 
 0.032105 -0.000130 -0.183916 
 0.048605 0.007180 -0.185501 
 0.061980 0.014173 -0.200137 
 0.078457 0.021473 -0.201720 
 0.094934 0.028773 -0.203304 
 0.111411 0.036073 -0.204887 
 0.127888 0.043373 -0.206470 
 0.144365 0.050673 -0.208054 
 0.164104 0.058352 -0.196600 
 0.187176 0.066440 -0.172117 
 0.207030 0.074170 -0.160674 
 0.223599 0.081510 -0.162267 
 0.246878 0.089690 -0.137802 
 0.266871 0.097481 -0.126373 
 0.283509 0.104852 -0.127972 
 0.337810 0.117173 0.013663 
 0.361595 0.125577 0.038078 
 0.382002 0.133552 0.049467 
 0.398962 0.141066 0.047838 
 0.415922 0.148580 0.046208 
 0.432882 0.156094 0.044578 
 -0.446688 -0.210112 0.088403 
 -0.434553 -0.202657 0.060538 
 -0.420109 -0.195218 0.045800 
 -0.403287 -0.187765 0.044184 
 -0.386465 -0.180312 0.042567 
 -0.374583 -0.172969 0.014727 
 -0.357807 -0.165537 0.013115 
 -0.341031 -0.158104 0.011503 
 -0.326794 -0.150757 -0.003215 
 -0.310041 -0.143335 -0.004825 
 -0.293288 -0.135912 -0.006435 
 -0.281752 -0.128723 -0.034243 
 -0.265045 -0.121321 -0.035848 
 -0.248338 -0.113919 -0.037454 
 -0.234308 -0.106663 -0.052151 
 -0.223024 -0.099586 -0.079934 
 -0.206386 -0.092214 -0.081533 
 -0.189749 -0.084843 -0.083132 
 -0.173111 -0.077471 -0.084730 
 -0.159265 -0.070298 -0.099410 
 -0.142650 -0.062937 -0.101007 
 -0.126035 -0.055575 -0.102603 
 -0.109420 -0.048214 -0.104200 
 -0.098574 -0.041330 -0.131942 
 -0.082005 -0.033989 -0.133534 
 -0.068366 -0.026907 -0.148194 
 -0.051820 -0.019577 -0.149784 
 -0.035274 -0.012246 -0.151374 
 -0.024727 -0.005495 -0.179087 
 -0.008227 0.001816 -0.180672 
 0.008273 0.009126 -0.182258 
 0.024772 0.016436 -0.183843 
 0.038181 0.023416 -0.198481 
 0.054658 0.030716 -0.200065 
 0.071135 0.038016 -0.201648 
 0.087612 0.045316 -0.203231 
 0.104088 0.052616 -0.204815 
 0.120565 0.059916 -0.206398 
 0.137042 0.067216 -0.207981 
 0.153519 0.074516 -0.209565 
 0.173272 0.082228 -0.198114 
 0.199667 0.090805 -0.160602 
 0.216236 0.098146 -0.162194 
 0.232805 0.105486 -0.163786 
 0.256109 0.113733 -0.139326 
 0.272724 0.121094 -0.140923 
 0.289339 0.128455 -0.142519 
 0.354068 0.142582 0.038153 
 0.374465 0.150580 0.049542 
 0.391425 0.158094 0.047912 
 0.408385 0.165608 0.046282 
 0.425345 0.173122 0.044653 
 0.449408 0.181705 0.069039 
 0.466415 0.189239 0.067404 
 -0.458884 -0.193208 0.062231 
 -0.442039 -0.185744 0.060612 
 -0.427585 -0.178329 0.045874 
 -0.410763 -0.170876 0.044258 
 -0.393941 -0.163423 0.042641 
 -0.377119 -0.155970 0.041025 
 -0.365263 -0.148694 0.013188 
 -0.348487 -0.141261 0.011576 
 -0.334239 -0.133937 -0.003141 
 -0.317486 -0.126515 -0.004751 
 -0.300733 -0.119092 -0.006361 
 -0.283980 -0.111670 -0.007971 
 -0.272469 -0.104547 -0.035775 
 -0.255762 -0.097145 -0.037380 
 -0.247056 -0.090252 -0.078262 
 -0.230418 -0.082881 -0.079861 
 -0.213780 -0.075510 -0.081460 
 -0.197142 -0.068138 -0.083058 
 -0.183263 -0.060978 -0.097741 
 -0.166649 -0.053616 -0.099337 
 -0.150033 -0.046255 -0.100934 
 -0.133419 -0.038894 -0.102530 
 -0.116804 -0.031533 -0.104127 
 -0.105937 -0.024695 -0.131869 
 -0.089368 -0.017354 -0.133461 
 -0.072799 -0.010013 -0.135053 
 -0.056230 -0.002672 -0.136646 
 -0.042627 0.004366 -0.151301 
 -0.026081 0.011697 -0.152891 
 -0.015560 0.018382 -0.180600 
 0.000940 0.025692 -0.182185 
 0.017440 0.033002 -0.183771 
 0.033940 0.040312 -0.185356 
 0.047335 0.047259 -0.199992 
 0.063812 0.054559 -0.201576 
 0.080289 0.061859 -0.203159 
 0.096766 0.069159 -0.204742 
 0.113243 0.076459 -0.206326 
 0.129720 0.083759 -0.207909 
 0.146197 0.091059 -0.209492 
 0.165939 0.098794 -0.198041 
 0.192304 0.107440 -0.160529 
 0.208873 0.114781 -0.162121 
 0.225442 0.122122 -0.163713 
 0.248726 0.130414 -0.139253 
 0.265341 0.137775 -0.140850 
 0.315990 0.150098 -0.012231 
 0.339688 0.158574 0.012188 
 0.366928 0.167608 0.049616 
 0.383888 0.175122 0.047987 
 0.397352 0.182099 0.033344 
 0.424845 0.191244 0.070748 
 0.441851 0.198779 0.069113 
 0.458857 0.206313 0.067479 
 -0.449525 -0.168832 0.060686 
 -0.435061 -0.161439 0.045948 
 -0.418239 -0.153986 0.044332 
 -0.401417 -0.146533 0.042715 
 -0.384595 -0.139080 0.041099 
 -0.372718 -0.131850 0.013262 
 -0.355942 -0.124418 0.011650 
 -0.341684 -0.117117 -0.003068 
 -0.324931 -0.109695 -0.004678 
 -0.308178 -0.102272 -0.006287 
 -0.291425 -0.094850 -0.007897 
 -0.279894 -0.087773 -0.035701 
 -0.263187 -0.080371 -0.037307 
 -0.249137 -0.073162 -0.052004 
 -0.232453 -0.065770 -0.053608 
 -0.221174 -0.058805 -0.081386 
 -0.204536 -0.051434 -0.082985 
 -0.187898 -0.044062 -0.084584 
 -0.171260 -0.036691 -0.086183 
 -0.157417 -0.029574 -0.100861 
 -0.140802 -0.022212 -0.102457 
 -0.124187 -0.014851 -0.104054 
 -0.113300 -0.008060 -0.131796 
 -0.096731 -0.000719 -0.133388 
 -0.083072 0.006317 -0.148048 
 -0.066526 0.013647 -0.149638 
 -0.049980 0.020978 -0.151228 
 -0.033434 0.028309 -0.152818 
 -0.022892 0.034947 -0.180527 
 -0.006392 0.042258 -0.182113 
 0.010107 0.049568 -0.183698 
 0.023536 0.056502 -0.198336 
 0.040013 0.063802 -0.199920 
 0.056490 0.071102 -0.201503 
 0.072967 0.078402 -0.203087 
 0.089444 0.085702 -0.204670 
 0.105921 0.093002 -0.206253 
 0.122398 0.100302 -0.207837 
 0.138875 0.107602 -0.209420 
 0.158606 0.115360 -0.197969 
 0.181663 0.123607 -0.173488 
 0.201510 0.131416 -0.162048 
 0.218079 0.138757 -0.163640 
 0.241342 0.147095 -0.139180 
 0.257957 0.154457 -0.140777 
 0.308504 0.167011 -0.012157 
 0.332182 0.175533 0.012262 
 0.359391 0.184636 0.049691 
 0.376351 0.192150 0.048061 
 0.389825 0.199104 0.033419 
 0.417287 0.208319 0.070822 
 0.434293 0.215853 0.069188 
 0.451300 0.223388 0.067554 
 -0.457011 -0.151919 0.060760 
 -0.440166 -0.144456 0.059142 
 -0.423321 -0.136993 0.057523 
 -0.408892 -0.129644 0.042789 
 -0.392070 -0.122191 0.041172 
 -0.380173 -0.115007 0.013336 
 -0.363397 -0.107575 0.011724 
 -0.349129 -0.100297 -0.002994 
 -0.332376 -0.092875 -0.004604 
 -0.315623 -0.085452 -0.006214 
 -0.298870 -0.078030 -0.007824 
 -0.287318 -0.070999 -0.035628 
 -0.270611 -0.063597 -0.037233 
 -0.253904 -0.056195 -0.038839 
 -0.239867 -0.049019 -0.053534 
 -0.223183 -0.041627 -0.055138 
 -0.211930 -0.034729 -0.082912 
 -0.195292 -0.027358 -0.084511 
 -0.178654 -0.019986 -0.086110 
 -0.164801 -0.012892 -0.100788 
 -0.148186 -0.005531 -0.102385 
 -0.137232 0.001235 -0.130131 
 -0.120663 0.008576 -0.131723 
 -0.104094 0.015916 -0.133316 
 -0.090425 0.022929 -0.147976 
 -0.073879 0.030260 -0.149566 
 -0.057333 0.037590 -0.151156 
 -0.040787 0.044921 -0.152746 
 -0.024241 0.052251 -0.154336 
 -0.013725 0.058824 -0.182040 
 0.002775 0.066134 -0.183626 
 0.019275 0.073444 -0.185212 
 0.032691 0.080344 -0.199847 
 0.049168 0.087644 -0.201431 
 0.065645 0.094945 -0.203014 
 0.082122 0.102245 -0.204598 
 0.098598 0.109545 -0.206181 
 0.115075 0.116845 -0.207764 
 0.131552 0.124145 -0.209348 
 0.151274 0.131926 -0.197896 
 0.177578 0.140710 -0.160383 
 0.194147 0.148051 -0.161975 
 0.217343 0.156416 -0.137510 
 0.237295 0.164299 -0.126081 
 0.250573 0.171138 -0.140704 
 0.290869 0.182296 -0.051149 
 0.324675 0.192492 0.012337 
 0.358711 0.202789 0.075800 
 0.375718 0.210324 0.074165 
 0.385774 0.216692 0.046506 
 0.420224 0.227173 0.109929 
 0.437299 0.234738 0.108288 
 0.454374 0.242303 0.106647 
 -0.464497 -0.135007 0.060834 
 -0.447652 -0.127544 0.059216 
 -0.430807 -0.120081 0.057597 
 -0.416368 -0.112755 0.042863 
 -0.399546 -0.105302 0.041246 
 -0.387628 -0.098164 0.013409 
 -0.370852 -0.090731 0.011797 
 -0.356574 -0.083477 -0.002920 
 -0.344864 -0.076431 -0.030738 
 -0.323068 -0.068632 -0.006140 
 -0.306315 -0.061210 -0.007750 
 -0.294743 -0.054225 -0.035554 
 -0.278036 -0.046823 -0.037160 
 -0.263965 -0.039660 -0.051858 
 -0.252600 -0.032767 -0.079641 
 -0.230597 -0.024877 -0.055064 
 -0.219324 -0.018025 -0.082839 
 -0.205414 -0.010933 -0.097522 
 -0.188799 -0.003572 -0.099118 
 -0.172184 0.003789 -0.100715 
 -0.155569 0.011150 -0.102312 
 -0.138955 0.018512 -0.103908 
 -0.128026 0.025211 -0.131651 
 -0.111458 0.032552 -0.133243 
 -0.097778 0.039541 -0.147903 
 -0.078320 0.047233 -0.136427 
 -0.061751 0.054574 -0.138019 
 -0.045182 0.061915 -0.139612 
 -0.028613 0.069256 -0.141204 
 -0.015048 0.076194 -0.155853 
 -0.004558 0.082700 -0.183553 
 0.011942 0.090010 -0.185139 
 0.025369 0.096887 -0.199775 
 0.041846 0.104187 -0.201358 
 0.058322 0.111487 -0.202942 
 0.074799 0.118787 -0.204525 
 0.091276 0.126087 -0.206108 
 0.107753 0.133387 -0.207692 
 0.124230 0.140687 -0.209275 
 0.143941 0.148492 -0.197824 
 0.160441 0.155802 -0.199409 
 0.186783 0.164686 -0.161903 
 0.209960 0.173097 -0.137438 
 0.226575 0.180458 -0.139034 
 0.243190 0.187820 -0.140631 
 0.273296 0.197443 -0.090141 
 0.317169 0.209450 0.012411 
 0.361410 0.221621 0.114927 
 0.371602 0.227994 0.087255 
 0.395561 0.236751 0.111645 
 0.416124 0.244933 0.123015 
 0.440244 0.253762 0.147389 
 0.457388 0.261357 0.145742 
 -0.455138 -0.110631 0.059290 
 -0.438293 -0.103168 0.057671 
 -0.423844 -0.095865 0.042937 
 -0.407022 -0.088412 0.041320 
 -0.395084 -0.081321 0.013483 
 -0.378308 -0.073888 0.011871 
 -0.364020 -0.066657 -0.002847 
 -0.347267 -0.059235 -0.004457 
 -0.330513 -0.051812 -0.006067 
 -0.313760 -0.044390 -0.007677 
 -0.302168 -0.037451 -0.035481 
 -0.285461 -0.030049 -0.037087 
 -0.271380 -0.022910 -0.051785 
 -0.259994 -0.016063 -0.079568 
 -0.243356 -0.008692 -0.081167 
 -0.226718 -0.001320 -0.082766 
 -0.212798 0.005748 -0.097449 
 -0.196183 0.013109 -0.099045 
 -0.179568 0.020471 -0.100642 
 -0.162953 0.027832 -0.102239 
 -0.151959 0.034505 -0.129986 
 -0.135390 0.041846 -0.131578 
 -0.118821 0.049187 -0.133170 
 -0.102252 0.056528 -0.134762 
 -0.085683 0.063868 -0.136354 
 -0.072039 0.070814 -0.151010 
 -0.052545 0.078550 -0.139539 
 -0.035976 0.085891 -0.141131 
 -0.022401 0.092806 -0.155780 
 -0.005856 0.100137 -0.157370 
 0.004610 0.106576 -0.185067 
 0.021110 0.113886 -0.186652 
 0.034523 0.120730 -0.201286 
 0.051000 0.128030 -0.202869 
 0.067477 0.135330 -0.204453 
 0.083954 0.142630 -0.206036 
 0.100431 0.149930 -0.207619 
 0.120109 0.157747 -0.196166 
 0.143058 0.166113 -0.171680 
 0.162851 0.173981 -0.160238 
 0.185961 0.182417 -0.135768 
 0.205870 0.190337 -0.124336 
 0.222508 0.197708 -0.125935 
 0.249164 0.206815 -0.088462 
 0.282684 0.217160 -0.024958 
 0.316434 0.227607 0.038525 
 0.333371 0.235111 0.036897 
 0.370897 0.246330 0.113361 
 0.391427 0.254524 0.124733 
 0.408525 0.262100 0.123090 
 0.432625 0.270974 0.147465 
 0.449769 0.278570 0.145817 
 -0.445779 -0.086256 0.057745 
 -0.428934 -0.078792 0.056126 
 -0.414497 -0.071523 0.041394 
 -0.402539 -0.064478 0.013557 
 -0.385763 -0.057045 0.011945 
 -0.371465 -0.049837 -0.002773 
 -0.354712 -0.042414 -0.004383 
 -0.337959 -0.034992 -0.005993 
 -0.321205 -0.027570 -0.007603 
 -0.304452 -0.020147 -0.009213 
 -0.287699 -0.012725 -0.010823 
 -0.278794 -0.006159 -0.051711 
 -0.267388 0.000642 -0.079495 
 -0.250750 0.008013 -0.081094 
 -0.234112 0.015384 -0.082693 
 -0.220182 0.022430 -0.097376 
 -0.203567 0.029791 -0.098972 
 -0.186952 0.037152 -0.100569 
 -0.170337 0.044513 -0.102166 
 -0.153722 0.051874 -0.103762 
 -0.137107 0.059236 -0.105359 
 -0.126184 0.065822 -0.133097 
 -0.109615 0.073163 -0.134689 
 -0.093046 0.080504 -0.136282 
 -0.076477 0.087845 -0.137874 
 -0.059908 0.095185 -0.139466 
 -0.043339 0.102526 -0.141058 
 -0.026770 0.109867 -0.142650 
 -0.013208 0.116749 -0.157298 
 0.003337 0.124080 -0.158888 
 0.019883 0.131410 -0.160478 
 0.030277 0.137762 -0.188165 
 0.046777 0.145072 -0.189751 
 0.063277 0.152383 -0.191336 
 0.079777 0.159693 -0.192922 
 0.096277 0.167003 -0.194508 
 0.112776 0.174313 -0.196093 
 0.135705 0.182725 -0.171608 
 0.161963 0.191738 -0.134098 
 0.181838 0.199670 -0.122664 
 0.205042 0.208203 -0.098206 
 0.234951 0.217960 -0.047704 
 0.251727 0.225393 -0.049316 
 0.278560 0.234661 -0.011861 
 0.312282 0.245233 0.051619 
 0.339437 0.254644 0.089041 
 0.363309 0.263473 0.113436 
 0.383829 0.271691 0.124808 
 0.400927 0.279266 0.123165 
 0.418025 0.286841 0.121522 
 -0.453265 -0.069343 0.057819 
 -0.436420 -0.061880 0.056200 
 -0.421973 -0.054634 0.041468 
 -0.405151 -0.047181 0.039851 
 -0.393218 -0.040202 0.012018 
 -0.378910 -0.033017 -0.002700 
 -0.362157 -0.025594 -0.004310 
 -0.345404 -0.018172 -0.005919 
 -0.328650 -0.010750 -0.007529 
 -0.311897 -0.003327 -0.009139 
 -0.295144 0.004095 -0.010749 
 -0.286208 0.010592 -0.051638 
 -0.274782 0.017346 -0.079422 
 -0.258144 0.024718 -0.081021 
 -0.241506 0.032089 -0.082620 
 -0.227565 0.039111 -0.097303 
 -0.208230 0.046832 -0.085818 
 -0.191592 0.054203 -0.087416 
 -0.177721 0.061195 -0.102093 
 -0.161106 0.068556 -0.103689 
 -0.141678 0.076317 -0.092213 
 -0.127876 0.083278 -0.106882 
 -0.116978 0.089798 -0.134617 
 -0.100409 0.097139 -0.136209 
 -0.083840 0.104480 -0.137801 
 -0.067271 0.111821 -0.139393 
 -0.050703 0.119161 -0.140985 
 -0.034134 0.126502 -0.142578 
 -0.017565 0.133843 -0.144170 
 -0.000996 0.141184 -0.145762 
 0.015573 0.148525 -0.147354 
 0.029076 0.155353 -0.161995 
 0.045622 0.162684 -0.163585 
 0.062168 0.170014 -0.165175 
 0.078714 0.177345 -0.166765 
 0.095260 0.184676 -0.168355 
 0.111806 0.192006 -0.169945 
 0.131556 0.199911 -0.158500 
 0.154579 0.208419 -0.134025 
 0.180944 0.217562 -0.096530 
 0.207447 0.226767 -0.059046 
 0.234088 0.236032 -0.021577 
 0.254229 0.244110 -0.010169 
 0.284443 0.254112 0.040301 
 0.311475 0.263551 0.077733 
 0.331869 0.271741 0.089116 
 0.359132 0.281282 0.126526 
 0.383098 0.290209 0.150910 
 0.407157 0.299176 0.175284 
 0.424347 0.306792 0.173633 
 -0.460750 -0.052431 0.057893 
 -0.443905 -0.044968 0.056274 
 -0.429449 -0.037744 0.041542 
 -0.417449 -0.030791 0.013704 
 -0.400673 -0.023359 0.012092 
 -0.386355 -0.016197 -0.002626 
 -0.369602 -0.008774 -0.004236 
 -0.352849 -0.001352 -0.005846 
 -0.336095 0.006070 -0.007456 
 -0.319342 0.013493 -0.009066 
 -0.302589 0.020915 -0.010676 
 -0.293623 0.027343 -0.051565 
 -0.276939 0.034734 -0.053168 
 -0.260255 0.042126 -0.054771 
 -0.248900 0.048794 -0.082547 
 -0.232262 0.056165 -0.084146 
 -0.215624 0.063536 -0.085744 
 -0.198986 0.070908 -0.087343 
 -0.182348 0.078279 -0.088942 
 -0.168489 0.085237 -0.103616 
 -0.149072 0.093022 -0.092140 
 -0.135259 0.099960 -0.106809 
 -0.118644 0.107321 -0.108406 
 -0.107773 0.113774 -0.136136 
 -0.091204 0.121115 -0.137728 
 -0.074635 0.128456 -0.139320 
 -0.058066 0.135797 -0.140913 
 -0.041497 0.143137 -0.142505 
 -0.024928 0.150478 -0.144097 
 -0.008359 0.157819 -0.145689 
 0.008210 0.165160 -0.147281 
 0.024779 0.172501 -0.148874 
 0.041348 0.179842 -0.150466 
 0.057917 0.187182 -0.152058 
 0.074486 0.194523 -0.153650 
 0.091055 0.201864 -0.155243 
 0.107624 0.209205 -0.156835 
 0.130580 0.217739 -0.132356 
 0.150412 0.225707 -0.120919 
 0.176769 0.234930 -0.083425 
 0.200002 0.243587 -0.058973 
 0.229898 0.253559 -0.008476 
 0.253361 0.262318 0.015954 
 0.280248 0.271775 0.053398 
 0.303918 0.280626 0.077807 
 0.331057 0.290195 0.115227 
 0.351534 0.298449 0.126601 
 0.375480 0.307421 0.150985 
 0.392624 0.315017 0.149338 
 0.416708 0.324051 0.173708 
 -0.468236 -0.035518 0.057967 
 -0.451391 -0.028055 0.056348 
 -0.436924 -0.020855 0.041616 
 -0.424905 -0.013948 0.013778 
 -0.408129 -0.006516 0.012166 
 -0.393800 0.000623 -0.002552 
 -0.377047 0.008046 -0.004162 
 -0.360294 0.015468 -0.005772 
 -0.343540 0.022890 -0.007382 
 -0.326787 0.030313 -0.008992 
 -0.310034 0.037735 -0.010602 
 -0.301037 0.044093 -0.051491 
 -0.284353 0.051485 -0.053095 
 -0.267669 0.058877 -0.054698 
 -0.256293 0.065498 -0.082474 
 -0.239655 0.072869 -0.084073 
 -0.223017 0.080241 -0.085671 
 -0.206379 0.087612 -0.087270 
 -0.189741 0.094984 -0.088869 
 -0.175873 0.101919 -0.103543 
 -0.156466 0.109727 -0.092067 
 -0.142643 0.116641 -0.106736 
 -0.126028 0.124002 -0.108333 
 -0.109413 0.131364 -0.109930 
 -0.098567 0.137750 -0.137655 
 -0.076183 0.146086 -0.113123 
 -0.065429 0.152432 -0.140840 
 -0.048860 0.159773 -0.142432 
 -0.032291 0.167113 -0.144024 
 -0.015722 0.174454 -0.145616 
 0.000847 0.181795 -0.147209 
 0.017416 0.189136 -0.148801 
 0.040122 0.197615 -0.124299 
 0.056737 0.204976 -0.125896 
 0.073352 0.212337 -0.127493 
 0.089967 0.219698 -0.129089 
 0.106582 0.227059 -0.130686 
 0.126380 0.235040 -0.119247 
 0.149431 0.243672 -0.094780 
 0.175804 0.252984 -0.057289 
 0.212072 0.264310 0.019274 
 0.228964 0.271793 0.017651 
 0.255751 0.281289 0.055102 
 0.279354 0.290165 0.079516 
 0.299705 0.298391 0.090902 
 0.326837 0.308040 0.128320 
 0.350716 0.317039 0.152708 
 0.367861 0.324634 0.151061 
 0.385005 0.332230 0.149413 
 -0.475722 -0.018606 0.058041 
 -0.458877 -0.011143 0.056422 
 -0.444400 -0.003965 0.041690 
 -0.432360 0.002895 0.013852 
 -0.415584 0.010328 0.012240 
 -0.398808 0.017760 0.010627 
 -0.384492 0.024866 -0.004089 
 -0.367739 0.032288 -0.005699 
 -0.350986 0.039711 -0.007309 
 -0.334232 0.047133 -0.008918 
 -0.317479 0.054555 -0.010528 
 -0.305876 0.061222 -0.038325 
 -0.291767 0.068236 -0.053021 
 -0.275083 0.075628 -0.054625 
 -0.258399 0.083020 -0.056228 
 -0.247049 0.089574 -0.083999 
 -0.230411 0.096945 -0.085598 
 -0.213773 0.104317 -0.087197 
 -0.197135 0.111688 -0.088796 
 -0.180497 0.119060 -0.090395 
 -0.163859 0.126431 -0.091994 
 -0.150027 0.133323 -0.106663 
 -0.133412 0.140684 -0.108260 
 -0.116797 0.148045 -0.109857 
 -0.100182 0.155406 -0.111453 
 -0.083567 0.162768 -0.113050 
 -0.066952 0.170129 -0.114647 
 -0.050337 0.177490 -0.116243 
 -0.033722 0.184851 -0.117840 
 -0.017107 0.192212 -0.119437 
 -0.000492 0.199574 -0.121033 
 0.016123 0.206935 -0.122630 
 0.032738 0.214296 -0.124226 
 0.049353 0.221657 -0.125823 
 0.065968 0.229018 -0.127420 
 0.085710 0.237002 -0.115976 
 0.102348 0.244374 -0.117575 
 0.128506 0.253674 -0.080068 
 0.151606 0.262382 -0.055606 
 0.171578 0.270468 -0.044184 
 0.204566 0.281268 0.019349 
 0.227988 0.290119 0.043780 
 0.248214 0.298317 0.055176 
 0.271796 0.307240 0.079591 
 0.288803 0.314774 0.077957 
 0.315881 0.324482 0.115377 
 0.332956 0.332047 0.113736 
 0.350031 0.339612 0.112095 
 0.377386 0.349443 0.149489 
 -0.466363 0.005770 0.056496 
 -0.451876 0.012924 0.041764 
 -0.435054 0.020377 0.040147 
 -0.418232 0.027830 0.038531 
 -0.401410 0.035283 0.036914 
 -0.389487 0.042036 0.009089 
 -0.372711 0.049468 0.007477 
 -0.355935 0.056901 0.005865 
 -0.341677 0.063953 -0.008845 
 -0.324924 0.071375 -0.010455 
 -0.313301 0.077996 -0.038252 
 -0.299182 0.084987 -0.052948 
 -0.282498 0.092378 -0.054551 
 -0.265814 0.099770 -0.056155 
 -0.254443 0.106279 -0.083926 
 -0.232446 0.114554 -0.059361 
 -0.215762 0.121946 -0.060964 
 -0.199078 0.129337 -0.062568 
 -0.187891 0.135764 -0.090322 
 -0.171253 0.143136 -0.091921 
 -0.154615 0.150507 -0.093519 
 -0.137977 0.157878 -0.095118 
 -0.124180 0.164727 -0.109784 
 -0.107565 0.172088 -0.111380 
 -0.090950 0.179449 -0.112977 
 -0.074335 0.186810 -0.114574 
 -0.057720 0.194171 -0.116170 
 -0.041105 0.201533 -0.117767 
 -0.024490 0.208894 -0.119364 
 -0.007875 0.216255 -0.120960 
 0.008740 0.223616 -0.122557 
 0.025355 0.230977 -0.124153 
 0.041970 0.238339 -0.125750 
 0.058584 0.245700 -0.127347 
 0.078317 0.253707 -0.115903 
 0.101235 0.262390 -0.091427 
 0.127408 0.271780 -0.053922 
 0.147347 0.279878 -0.042499 
 0.170541 0.288684 -0.018048 
 0.197060 0.298227 0.019423 
 0.220461 0.307124 0.043854 
 0.240676 0.315345 0.055251 
 0.264239 0.324314 0.079666 
 0.281245 0.331848 0.078032 
 0.301598 0.340130 0.089415 
 0.325368 0.349191 0.113811 
 0.342443 0.356756 0.112170 
 -0.473849 0.022682 0.056570 
 -0.457004 0.030146 0.054951 
 -0.442529 0.037266 0.040221 
 -0.425707 0.044719 0.038604 
 -0.408885 0.052172 0.036988 
 -0.392063 0.059625 0.035371 
 -0.380166 0.066312 0.007551 
 -0.363390 0.073744 0.005938 
 -0.346614 0.081177 0.004326 
 -0.329838 0.088609 0.002714 
 -0.315616 0.095618 -0.011991 
 -0.304018 0.102172 -0.039784 
 -0.287311 0.109574 -0.041389 
 -0.270604 0.116976 -0.042995 
 -0.253897 0.124378 -0.044600 
 -0.237190 0.131780 -0.046206 
 -0.220483 0.139182 -0.047811 
 -0.203776 0.146584 -0.049417 
 -0.189808 0.153480 -0.064098 
 -0.173124 0.160872 -0.065701 
 -0.156440 0.168264 -0.067304 
 -0.145371 0.174583 -0.095045 
 -0.128733 0.181954 -0.096644 
 -0.114949 0.188769 -0.111307 
 -0.098334 0.196130 -0.112904 
 -0.081719 0.203492 -0.114501 
 -0.065104 0.210853 -0.116097 
 -0.048489 0.218214 -0.117694 
 -0.031874 0.225575 -0.119291 
 -0.015259 0.232936 -0.120887 
 0.001356 0.240298 -0.122484 
 0.017971 0.247659 -0.124080 
 0.037647 0.255668 -0.112633 
 0.054285 0.263040 -0.114231 
 0.077136 0.271749 -0.089750 
 0.093820 0.279141 -0.091353 
 0.119963 0.288600 -0.053849 
 0.139892 0.296722 -0.042425 
 0.163066 0.305573 -0.017974 
 0.189553 0.315186 0.019497 
 0.212934 0.324129 0.043928 
 0.233139 0.332373 0.055325 
 0.256681 0.341388 0.079740 
 0.273688 0.348922 0.078106 
 0.294031 0.357228 0.089490 
 0.317780 0.366334 0.113886 
 0.334855 0.373899 0.112245 
 -0.481335 0.039595 0.056644 
 -0.464490 0.047058 0.055025 
 -0.450005 0.054156 0.040295 
 -0.433183 0.061609 0.038678 
 -0.416361 0.069062 0.037062 
 -0.399539 0.076515 0.035445 
 -0.387621 0.083155 0.007624 
 -0.365895 0.091421 0.032212 
 -0.354069 0.098020 0.004400 
 -0.337293 0.105453 0.002788 
 -0.323061 0.112438 -0.011918 
 -0.306308 0.119860 -0.013527 
 -0.289555 0.127283 -0.015137 
 -0.272802 0.134705 -0.016747 
 -0.261322 0.141152 -0.044527 
 -0.244615 0.148554 -0.046132 
 -0.227908 0.155956 -0.047738 
 -0.211201 0.163358 -0.049343 
 -0.194494 0.170760 -0.050949 
 -0.177787 0.178162 -0.052554 
 -0.163854 0.185014 -0.067231 
 -0.147170 0.192406 -0.068834 
 -0.130486 0.199798 -0.070437 
 -0.119489 0.206030 -0.098170 
 -0.102851 0.213402 -0.099769 
 -0.086213 0.220773 -0.101368 
 -0.069575 0.228145 -0.102966 
 -0.055873 0.234895 -0.117621 
 -0.039258 0.242257 -0.119218 
 -0.022643 0.249618 -0.120814 
 -0.006028 0.256979 -0.122411 
 0.013615 0.265002 -0.110961 
 0.030253 0.272373 -0.112559 
 0.046891 0.279744 -0.114158 
 0.069722 0.288500 -0.089677 
 0.089526 0.296593 -0.078242 
 0.112518 0.305420 -0.053775 
 0.132437 0.313565 -0.042351 
 0.158779 0.323195 -0.004868 
 0.182047 0.332144 0.019571 
 0.198938 0.339628 0.017948 
 0.225602 0.349401 0.055400 
 0.242563 0.356915 0.053770 
 0.266130 0.365997 0.078181 
 0.286463 0.374325 0.089565 
 0.303492 0.381870 0.087928 
 0.327267 0.391043 0.112320 
 -0.471976 0.063971 0.055099 
 -0.455131 0.071434 0.053481 
 -0.438286 0.078897 0.051862 
 -0.423837 0.085951 0.037136 
 -0.407015 0.093404 0.035519 
 -0.390192 0.100857 0.033903 
 -0.373370 0.108310 0.032286 
 -0.356548 0.115763 0.030670 
 -0.339726 0.123216 0.029053 
 -0.327972 0.129728 0.001250 
 -0.311196 0.137161 -0.000363 
 -0.297000 0.144103 -0.015064 
 -0.280247 0.151525 -0.016674 
 -0.268746 0.157925 -0.044453 
 -0.252039 0.165327 -0.046059 
 -0.235332 0.172729 -0.047664 
 -0.218625 0.180131 -0.049270 
 -0.201918 0.187533 -0.050875 
 -0.185211 0.194935 -0.052481 
 -0.168504 0.202337 -0.054086 
 -0.151797 0.209739 -0.055692 
 -0.135090 0.217141 -0.057297 
 -0.121216 0.223941 -0.071967 
 -0.104532 0.231332 -0.073571 
 -0.087849 0.238724 -0.075174 
 -0.076969 0.244849 -0.102893 
 -0.060331 0.252221 -0.104492 
 -0.043693 0.259592 -0.106091 
 -0.030026 0.266299 -0.120741 
 -0.010417 0.274335 -0.109289 
 0.006221 0.281706 -0.110888 
 0.022859 0.289078 -0.112486 
 0.039497 0.296449 -0.114085 
 0.065394 0.305965 -0.076563 
 0.088320 0.314818 -0.052092 
 0.108205 0.322975 -0.040665 
 0.131292 0.331899 -0.016210 
 0.151293 0.340108 -0.004794 
 0.180944 0.350635 0.045705 
 0.201105 0.358915 0.057104 
 0.224560 0.368002 0.081524 
 0.241566 0.375536 0.079890 
 0.258573 0.383071 0.078256 
 0.278895 0.391422 0.089640 
 0.305943 0.401449 0.127052 
 0.323041 0.409024 0.125409 
 -0.462617 0.088346 0.053555 
 -0.445772 0.095809 0.051936 
 -0.428926 0.103273 0.050317 
 -0.412081 0.110736 0.048698 
 -0.390373 0.119104 0.073284 
 -0.378391 0.125662 0.045461 
 -0.361546 0.133125 0.043842 
 -0.344701 0.140588 0.042223 
 -0.330380 0.147558 0.027510 
 -0.313558 0.155011 0.025894 
 -0.301875 0.161437 -0.001901 
 -0.285099 0.168869 -0.003513 
 -0.270939 0.175768 -0.018210 
 -0.254186 0.183190 -0.019820 
 -0.237433 0.190612 -0.021430 
 -0.226050 0.196905 -0.049196 
 -0.209343 0.204307 -0.050802 
 -0.187174 0.212880 -0.026259 
 -0.175929 0.219111 -0.054013 
 -0.159222 0.226513 -0.055618 
 -0.142515 0.233915 -0.057224 
 -0.125808 0.241317 -0.058829 
 -0.109101 0.248719 -0.060435 
 -0.095263 0.255475 -0.075101 
 -0.078579 0.262867 -0.076704 
 -0.061895 0.270259 -0.078307 
 -0.051087 0.276296 -0.106018 
 -0.034449 0.283668 -0.107617 
 -0.017811 0.291039 -0.109216 
 -0.001173 0.298411 -0.110814 
 0.021525 0.307217 -0.086324 
 0.041262 0.315337 -0.074884 
 0.064122 0.324215 -0.050408 
 0.080875 0.331638 -0.052018 
 0.106994 0.341336 -0.014520 
 0.126962 0.349557 -0.003102 
 0.150143 0.358578 0.021343 
 0.176608 0.368429 0.058809 
 0.199997 0.377541 0.083233 
 0.217003 0.385076 0.081599 
 0.234009 0.392611 0.079965 
 0.251015 0.400145 0.078330 
 0.271327 0.408520 0.089715 
 0.298345 0.418615 0.127127 
 0.315443 0.426191 0.125484 
 -0.465444 0.106129 0.079851 
 -0.448552 0.113612 0.078228 
 -0.436412 0.120185 0.050391 
 -0.419567 0.127648 0.048772 
 -0.402722 0.135111 0.047154 
 -0.385877 0.142575 0.045535 
 -0.369032 0.150038 0.043916 
 -0.347206 0.158514 0.068489 
 -0.337856 0.164448 0.027584 
 -0.321033 0.171901 0.025968 
 -0.309331 0.178280 -0.001827 
 -0.292555 0.185712 -0.003439 
 -0.278384 0.192588 -0.018136 
 -0.261631 0.200010 -0.019746 
 -0.244878 0.207432 -0.021356 
 -0.228125 0.214855 -0.022966 
 -0.211372 0.222277 -0.024576 
 -0.194619 0.229700 -0.026186 
 -0.177866 0.237122 -0.027796 
 -0.161113 0.244544 -0.029406 
 -0.149939 0.250689 -0.057150 
 -0.133232 0.258091 -0.058756 
 -0.116525 0.265493 -0.060361 
 -0.099818 0.272895 -0.061967 
 -0.083111 0.280297 -0.063572 
 -0.069309 0.287009 -0.078234 
 -0.052625 0.294401 -0.079837 
 -0.035941 0.301793 -0.081440 
 -0.019257 0.309185 -0.083044 
 -0.002573 0.316576 -0.084647 
 0.017131 0.324709 -0.073205 
 0.033838 0.332111 -0.074811 
 0.056677 0.341035 -0.050334 
 0.076519 0.349229 -0.038906 
 0.099519 0.358225 -0.014446 
 0.119476 0.366470 -0.003028 
 0.142637 0.375537 0.021417 
 0.169071 0.385457 0.058883 
 0.192439 0.394616 0.083308 
 0.209445 0.402150 0.081674 
 0.226451 0.409685 0.080039 
 0.243458 0.417219 0.078405 
 -0.456059 0.130571 0.078302 
 -0.439168 0.138054 0.076679 
 -0.422277 0.145538 0.075056 
 -0.405385 0.153022 0.073433 
 -0.388494 0.160505 0.071810 
 -0.371603 0.167989 0.070186 
 -0.354712 0.175472 0.068563 
 -0.342828 0.181877 0.040753 
 -0.325983 0.189340 0.039134 
 -0.311687 0.196243 0.024425 
 -0.294865 0.203696 0.022809 
 -0.283234 0.209988 -0.004978 
 -0.266458 0.217421 -0.006590 
 -0.249682 0.224853 -0.008202 
 -0.235570 0.231675 -0.022892 
 -0.218817 0.239097 -0.024502 
 -0.199353 0.247151 -0.013038 
 -0.185311 0.253942 -0.027722 
 -0.168558 0.261364 -0.029332 
 -0.151805 0.268787 -0.030942 
 -0.135052 0.276209 -0.032552 
 -0.118299 0.283632 -0.034162 
 -0.101546 0.291054 -0.035772 
 -0.090536 0.297071 -0.063499 
 -0.073829 0.304473 -0.065104 
 -0.057122 0.311875 -0.066710 
 -0.040415 0.319277 -0.068315 
 -0.023708 0.326679 -0.069921 
 -0.001027 0.335588 -0.045431 
 0.015726 0.343011 -0.047041 
 0.035511 0.351207 -0.035608 
 0.052287 0.358640 -0.037220 
 0.075221 0.367661 -0.012755 
 0.092043 0.375114 -0.014372 
 0.111990 0.383382 -0.002954 
 0.141426 0.394146 0.047556 
 0.167875 0.404155 0.085017 
 0.184882 0.411690 0.083382 
 0.201888 0.419224 0.081748 
 0.218894 0.426759 0.080114 
 0.235900 0.434294 0.078480 
 -0.441964 0.156016 0.102968 
 -0.425027 0.163520 0.101341 
 -0.412892 0.169980 0.073507 
 -0.396001 0.177464 0.071884 
 -0.379110 0.184947 0.070261 
 -0.362218 0.192431 0.068637 
 -0.350314 0.198789 0.040827 
 -0.333469 0.206252 0.039208 
 -0.316623 0.213715 0.037589 
 -0.299778 0.221179 0.035970 
 -0.285519 0.228038 0.021266 
 -0.268696 0.235491 0.019649 
 -0.251874 0.242944 0.018033 
 -0.240361 0.249129 -0.009740 
 -0.223585 0.256562 -0.011353 
 -0.206809 0.263994 -0.012965 
 -0.190033 0.271427 -0.014577 
 -0.173257 0.278859 -0.016189 
 -0.159250 0.285607 -0.030868 
 -0.139704 0.293725 -0.019413 
 -0.122928 0.301157 -0.021025 
 -0.108991 0.307874 -0.035698 
 -0.092238 0.315296 -0.037308 
 -0.075485 0.322719 -0.038918 
 -0.055824 0.330887 -0.027474 
 -0.041978 0.337564 -0.042138 
 -0.022272 0.345753 -0.030698 
 -0.005496 0.353185 -0.032310 
 0.011280 0.360618 -0.033922 
 0.034101 0.369645 -0.009448 
 0.050923 0.377098 -0.011065 
 0.067745 0.384551 -0.012681 
 0.087659 0.392831 -0.001261 
 0.110733 0.401971 0.023189 
 0.133899 0.411151 0.047630 
 0.163478 0.422088 0.098121 
 0.186875 0.431370 0.122540 
 0.207156 0.439814 0.133925 
 0.224255 0.447389 0.132282 
 -0.447146 0.173546 0.116150 
 -0.432553 0.180525 0.101415 
 -0.415616 0.188029 0.099787 
 -0.398679 0.195533 0.098160 
 -0.381742 0.203037 0.096532 
 -0.364805 0.210541 0.094905 
 -0.352834 0.216873 0.067088 
 -0.340954 0.223165 0.039282 
 -0.324109 0.230628 0.037663 
 -0.307264 0.238091 0.036044 
 -0.292994 0.244928 0.021340 
 -0.276172 0.252381 0.019723 
 -0.259350 0.259834 0.018107 
 -0.242528 0.267287 0.016490 
 -0.225706 0.274740 0.014874 
 -0.208884 0.282192 0.013257 
 -0.192062 0.289645 0.011641 
 -0.175240 0.297098 0.010024 
 -0.158418 0.304551 0.008407 
 -0.141595 0.312004 0.006791 
 -0.124773 0.319457 0.005174 
 -0.107951 0.326910 0.003558 
 -0.091129 0.334363 0.001941 
 -0.074307 0.341816 0.000325 
 -0.057485 0.349269 -0.001292 
 -0.046503 0.355163 -0.029012 
 -0.023841 0.364175 -0.004525 
 -0.007019 0.371628 -0.006141 
 0.009803 0.379081 -0.007758 
 0.029638 0.387354 0.003669 
 0.046483 0.394818 0.002051 
 0.063328 0.402281 0.000432 
 0.086335 0.411446 0.024886 
 0.103227 0.418929 0.023263 
 0.120118 0.426413 0.021640 
 0.137009 0.433896 0.020016 
 0.153900 0.441380 0.018393 
 0.199558 0.456980 0.134000 
 0.216656 0.464556 0.132357 
 -0.433007 0.199204 0.140805 
 -0.420762 0.205602 0.112965 
 -0.403802 0.213116 0.111335 
 -0.389269 0.220042 0.096607 
 -0.372332 0.227546 0.094979 
 -0.360340 0.233832 0.067163 
 -0.343449 0.241315 0.065539 
 -0.326558 0.248799 0.063916 
 -0.314750 0.255004 0.036118 
 -0.297905 0.262467 0.034500 
 -0.283648 0.269270 0.019797 
 -0.266826 0.276723 0.018181 
 -0.250004 0.284176 0.016564 
 -0.233182 0.291629 0.014948 
 -0.216360 0.299082 0.013331 
 -0.199537 0.306535 0.011714 
 -0.179989 0.314709 0.023168 
 -0.163144 0.322172 0.021550 
 -0.146299 0.329635 0.019931 
 -0.129454 0.337098 0.018312 
 -0.112609 0.344562 0.016693 
 -0.095764 0.352025 0.015075 
 -0.081783 0.358706 0.000399 
 -0.064961 0.366159 -0.001218 
 -0.048139 0.373612 -0.002834 
 -0.028384 0.381877 0.008600 
 -0.011538 0.389341 0.006981 
 0.005307 0.396804 0.005362 
 0.028156 0.405954 0.029830 
 0.045047 0.413437 0.028207 
 0.061938 0.420921 0.026583 
 0.084971 0.430152 0.051034 
 0.105002 0.438541 0.062441 
 0.121963 0.446055 0.060811 
 0.154623 0.458092 0.124331 
 0.171698 0.465657 0.122690 
 -0.423559 0.223812 0.139245 
 -0.411339 0.230144 0.111409 
 -0.394379 0.237658 0.109780 
 -0.377419 0.245172 0.108150 
 -0.362921 0.252055 0.093426 
 -0.345984 0.259559 0.091798 
 -0.334064 0.265758 0.063991 
 -0.317173 0.273241 0.062367 
 -0.305391 0.279379 0.034574 
 -0.288546 0.286842 0.032955 
 -0.266500 0.295692 0.057498 
 -0.254856 0.301769 0.029717 
 -0.238011 0.309232 0.028099 
 -0.221166 0.316695 0.026480 
 -0.198935 0.325626 0.051005 
 -0.182044 0.333110 0.049382 
 -0.165153 0.340593 0.047759 
 -0.148262 0.348077 0.046136 
 -0.131371 0.355560 0.044512 
 -0.114480 0.363044 0.042889 
 -0.097588 0.370528 0.041266 
 -0.086405 0.376400 0.013530 
 -0.063806 0.385495 0.038020 
 -0.046915 0.392978 0.036397 
 -0.035870 0.398790 0.008674 
 -0.013133 0.407945 0.033150 
 0.003758 0.415429 0.031527 
 0.020649 0.422912 0.029904 
 0.037541 0.430396 0.028281 
 0.060507 0.439653 0.052736 
 0.080505 0.448054 0.064145 
 0.103633 0.457383 0.088584 
 0.123746 0.465835 0.099982 
 0.140775 0.473380 0.098346 
 0.157804 0.480925 0.096709 
 -0.406960 0.250295 0.176989 
 -0.401916 0.254686 0.109854 
 -0.384956 0.262200 0.108224 
 -0.370448 0.269060 0.093500 
 -0.353511 0.276563 0.091873 
 -0.334076 0.284743 0.103335 
 -0.324679 0.290200 0.062442 
 -0.307788 0.297683 0.060818 
 -0.290897 0.305167 0.059195 
 -0.274006 0.312651 0.057572 
 -0.262342 0.318681 0.029791 
 -0.240224 0.327618 0.054326 
 -0.223333 0.335101 0.052703 
 -0.201077 0.344099 0.077224 
 -0.184140 0.351603 0.075597 
 -0.167202 0.359107 0.073969 
 -0.155768 0.365036 0.046210 
 -0.133328 0.374115 0.070714 
 -0.121986 0.380003 0.042963 
 -0.105095 0.387486 0.041340 
 -0.088204 0.394970 0.039717 
 -0.071313 0.402453 0.038094 
 -0.054421 0.409937 0.036471 
 -0.037530 0.417420 0.034848 
 -0.014768 0.426643 0.059321 
 0.005128 0.435026 0.070739 
 0.022088 0.442540 0.069109 
 0.039048 0.450054 0.067479 
 0.056008 0.457568 0.065849 
 0.072968 0.465082 0.064220 
 0.096076 0.474457 0.088659 
 0.116178 0.482933 0.100057 
 0.133208 0.490477 0.098420 
 0.150237 0.498022 0.096784 
 -0.414548 0.267438 0.177064 
 -0.336637 0.303168 0.129589 
 -0.324653 0.309285 0.101780 
 -0.307692 0.316799 0.100150 
 -0.298404 0.322126 0.059269 
 -0.269828 0.335594 0.029865 
 -0.247730 0.344576 0.054400 
 -0.230839 0.352060 0.052777 
 -0.208604 0.361104 0.077299 
 -0.191666 0.368608 0.075671 
 -0.174729 0.376112 0.074044 
 -0.157792 0.383616 0.072416 
 -0.140855 0.391120 0.070788 
 -0.129492 0.396961 0.043038 
 -0.112601 0.404445 0.041415 
 -0.095710 0.411929 0.039791 
 -0.078819 0.419412 0.038168 
 -0.061928 0.426896 0.036545 
 -0.039232 0.436143 0.061023 
 -0.022295 0.443647 0.059395 
 -0.002410 0.452054 0.070813 
 0.014551 0.459568 0.069183 
 0.031511 0.467082 0.067554 
 0.048471 0.474596 0.065924 
 0.071512 0.483997 0.090368 
 0.088518 0.491532 0.088733 
 0.108611 0.500030 0.100132 
 0.125640 0.507575 0.098495 
 0.142669 0.515119 0.096859 
 0.159698 0.522664 0.095222 
 -0.315229 0.333827 0.100224 
 -0.216130 0.378109 0.077373 
 -0.199193 0.385613 0.075746 
 -0.182256 0.393117 0.074118 
 -0.165319 0.400621 0.072490 
 -0.148382 0.408125 0.070863 
 -0.136999 0.413920 0.043112 
 -0.120108 0.421404 0.041489 
 -0.103216 0.428887 0.039866 
 -0.086325 0.436371 0.038242 
 -0.069434 0.443854 0.036619 
 -0.043867 0.454054 0.074147 
 -0.026907 0.461568 0.072518 
 -0.004070 0.470933 0.096979 
 0.007014 0.476596 0.069258 
 0.029942 0.486002 0.093711 
 0.046948 0.493537 0.092077 
 0.063954 0.501071 0.090442 
 0.080961 0.508606 0.088808 
 0.101043 0.517127 0.100206 
 0.118072 0.524672 0.098570 
 0.135101 0.532217 0.096934 
 0.152130 0.539761 0.095297 
 -0.189783 0.410122 0.074192 
 -0.172846 0.417626 0.072565 
 -0.155909 0.425130 0.070937 
 -0.144505 0.430879 0.043186 
 -0.127614 0.438362 0.041563 
 -0.110723 0.445846 0.039940 
 -0.093832 0.453329 0.038317 
 -0.076941 0.460813 0.036693 
 -0.045640 0.472938 0.100322 
 -0.028634 0.480473 0.098688 
 -0.011628 0.488007 0.097054 
 0.005378 0.495542 0.095420 
 0.022384 0.503076 0.093786 
 0.039391 0.510611 0.092151 
 0.056397 0.518146 0.090517 
 0.076446 0.526680 0.101918 
 0.093475 0.534225 0.100281 
 0.110504 0.541769 0.098645 
 0.127533 0.549314 0.097008 
 0.144563 0.556859 0.095372 
 -0.197310 0.427127 0.074267 
 -0.180373 0.434631 0.072639 
 -0.163435 0.442134 0.071012 
 -0.152011 0.447837 0.043260 
 -0.135120 0.455321 0.041637 
 -0.118229 0.462805 0.040014 
 -0.095687 0.472150 0.064501 
 -0.078750 0.479654 0.062874 
 -0.053198 0.490013 0.100397 
 -0.036192 0.497547 0.098763 
 -0.019185 0.505082 0.097129 
 -0.002179 0.512616 0.095494 
 0.014827 0.520151 0.093860 
 0.031833 0.527685 0.092226 
 0.048839 0.535220 0.090592 
 0.068878 0.543777 0.101992 
 0.085907 0.551322 0.100356 
 0.102937 0.558867 0.098720 
 0.119966 0.566411 0.097083 
 0.133870 0.572892 0.082421 
 0.150876 0.580427 0.080786 
 -0.170962 0.459139 0.071086 
 -0.159518 0.464796 0.043334 
 -0.142627 0.472280 0.041711 
 -0.125736 0.479763 0.040088 
 -0.103214 0.489155 0.064576 
 -0.086277 0.496659 0.062948 
 -0.060755 0.507087 0.100472 
 -0.043749 0.514621 0.098838 
 -0.023836 0.523151 0.110250 
 -0.009737 0.529690 0.095569 
 0.007269 0.537225 0.093935 
 0.027252 0.545785 0.105340 
 0.044281 0.553330 0.103704 
 0.061310 0.560874 0.102067 
 0.078340 0.568419 0.100431 
 0.095369 0.575964 0.098794 
 0.112398 0.583509 0.097158 
 0.126313 0.589967 0.082495 
 0.137044 0.595307 0.054813 
 0.154004 0.602822 0.053183 
 -0.167024 0.481755 0.043409 
 -0.150133 0.489238 0.041786 
 -0.048432 0.532703 0.111961 
 -0.031403 0.540248 0.110324 
 -0.014374 0.547793 0.108688 
 0.002655 0.555338 0.107051 
 0.019684 0.562882 0.105415 
 0.036714 0.570427 0.103779 
 0.053743 0.577972 0.102142 
 0.070772 0.585517 0.100506 
 0.087801 0.593061 0.098869 
 0.104830 0.600606 0.097233 
 0.118755 0.607041 0.082570 
 0.135761 0.614575 0.080936 
 0.152768 0.622110 0.079302 
 0.169774 0.629644 0.077667 
 -0.056000 0.549801 0.112036 
 -0.038971 0.557345 0.110399 
 -0.021942 0.564890 0.108763 
 -0.004913 0.572435 0.107126 
 0.012117 0.579980 0.105490 
 0.029146 0.587524 0.103853 
 0.046175 0.595069 0.102217 
 0.069254 0.604818 0.126647 
 0.080233 0.610159 0.098944 
 0.103405 0.619949 0.123366 
 0.114292 0.625248 0.095671 
 0.128204 0.631650 0.081011 
 0.148350 0.640337 0.092398 
 0.162216 0.646719 0.077742 
 0.179222 0.654253 0.076108 
 -0.046539 0.574443 0.110474 
 -0.029510 0.581987 0.108837 
 -0.003712 0.592786 0.146328 
 0.013386 0.600361 0.144685 
 0.027516 0.606832 0.130004 
 0.044591 0.614397 0.128363 
 0.061666 0.621962 0.126722 
 0.078741 0.629527 0.125081 
 0.095817 0.637092 0.123441 
 0.106724 0.642345 0.095746 
 0.120646 0.648724 0.081085 
 0.137653 0.656258 0.079451 
 0.154659 0.663793 0.077817 
 0.171665 0.671327 0.076183 
 0.201467 0.683690 0.126611 
 0.218565 0.691265 0.124968 
 0.235663 0.698841 0.123325 
 -0.005485 0.612168 0.172488 
 0.011659 0.619764 0.170840 
 0.022886 0.625103 0.143117 
 0.039984 0.632679 0.141474 
 0.057083 0.640254 0.139831 
 0.071153 0.646671 0.125156 
 0.091279 0.655405 0.136544 
 0.105304 0.661801 0.121875 
 0.122379 0.669366 0.120234 
 0.142574 0.678131 0.131615 
 0.156529 0.684496 0.116952 
 0.176770 0.693281 0.128329 
 0.200246 0.703317 0.152718 
 0.210967 0.708432 0.125043 
 0.228065 0.716007 0.123400 
 0.245163 0.723583 0.121757 
 -0.013104 0.629381 0.172563 
 0.004040 0.636977 0.170915 
 0.015288 0.642270 0.143192 
 0.029415 0.648684 0.128513 
 0.049484 0.657421 0.139906 
 0.063565 0.663814 0.125231 
 0.083681 0.672571 0.136619 
 0.097715 0.678944 0.121950 
 0.114791 0.686510 0.120309 
 0.134975 0.695297 0.131690 
 0.152074 0.702873 0.130047 
 0.169172 0.710448 0.128404 
 0.192627 0.720530 0.152793 
 0.203368 0.725599 0.125118 
 0.220466 0.733174 0.123475 
 0.237565 0.740749 0.121832 
 0.254663 0.748325 0.120189 
 0.007689 0.659437 0.143267 
 0.021826 0.665827 0.128588 
 0.041886 0.674587 0.139981 
 0.058984 0.682163 0.138338 
 0.076082 0.689738 0.136695 
 0.090127 0.696088 0.122025 
 0.107203 0.703653 0.120384 
 0.127377 0.712464 0.131765 
 0.144475 0.720039 0.130122 
 0.161573 0.727615 0.128479 
 0.178672 0.735190 0.126836 
 0.195770 0.742765 0.125193 
 0.212868 0.750341 0.123550 
 0.229966 0.757916 0.121907 
 0.247065 0.765491 0.120264 
 0.014238 0.682971 0.128663 
 0.031313 0.690536 0.127022 
 0.048389 0.698101 0.125381 
 0.068484 0.706905 0.136770 
 0.082539 0.713231 0.122100 
 0.099614 0.720797 0.120459 
 0.119778 0.729631 0.131840 
 0.136877 0.737206 0.130197 
 0.153975 0.744781 0.128554 
 0.171073 0.752357 0.126911 
 0.188172 0.759932 0.125268 
 0.205270 0.767507 0.123625 
 0.222368 0.775083 0.121982 
 0.239466 0.782658 0.120339 
 0.034827 0.712742 0.099393 
 0.060885 0.724071 0.136845 
 0.074951 0.730375 0.122175 
 0.092026 0.737940 0.120534 
 0.112180 0.746797 0.131916 
 0.129278 0.754373 0.130273 
 0.146377 0.761948 0.128629 
 0.163475 0.769523 0.126986 
 0.180573 0.777099 0.125343 
 0.197671 0.784674 0.123700 
 0.214769 0.792249 0.122057 
 0.231868 0.799824 0.120414 
 0.024283 0.728566 0.086436 
 0.053287 0.741238 0.136920 
 0.067363 0.747519 0.122250 
 0.087483 0.756389 0.133634 
 0.104582 0.763964 0.131991 
 0.121680 0.771539 0.130348 
 0.138778 0.779115 0.128705 
 0.155876 0.786690 0.127061 
 0.172975 0.794265 0.125418 
 0.190073 0.801840 0.123775 
 0.207171 0.809416 0.122132 
 0.221040 0.815605 0.107482 
 0.238115 0.823170 0.105841 
 0.255190 0.830735 0.104200 
 0.016725 0.745640 0.086511 
 0.045688 0.758404 0.136995 
 0.059775 0.764662 0.122325 
 0.076850 0.772227 0.120684 
 0.096983 0.781130 0.132066 
 0.114082 0.788706 0.130423 
 0.131180 0.796281 0.128780 
 0.148278 0.803856 0.127137 
 0.165376 0.811432 0.125493 
 0.182474 0.819007 0.123850 
 0.199573 0.826582 0.122207 
 0.213452 0.832748 0.107557 
 0.230527 0.840313 0.105916 
 0.247602 0.847878 0.104275 
 0.264677 0.855444 0.102634 
 0.052186 0.781806 0.122400 
 0.072287 0.790722 0.133784 
 0.089385 0.798297 0.132141 
 0.106483 0.805872 0.130498 
 0.123581 0.813448 0.128855 
 0.140680 0.821023 0.127212 
 0.157778 0.828598 0.125569 
 0.174876 0.836174 0.123926 
 0.191974 0.843749 0.122282 
 0.205863 0.849892 0.107632 
 0.222939 0.857457 0.105991 
 0.240014 0.865022 0.104350 
 0.257089 0.872587 0.102709 
 0.105006 0.825828 0.156615 
 0.122151 0.833424 0.154968 
 0.139295 0.841020 0.153320 
 0.156439 0.848615 0.151673 
 0.167278 0.853340 0.124001 
 0.184376 0.860916 0.122358 
 0.201474 0.868491 0.120714 
 0.215350 0.874600 0.106066 
 0.235671 0.883642 0.117428 
 0.249501 0.889731 0.102784 
 0.269867 0.898792 0.114142 
 0.286965 0.906368 0.112499 
 0.131676 0.858232 0.153396 
 0.148820 0.865828 0.151748 
 0.159679 0.870507 0.124076 
 0.176777 0.878082 0.122433 
 0.193876 0.885658 0.120790 
 0.210974 0.893233 0.119147 
 0.228072 0.900808 0.117503 
 0.245170 0.908384 0.115860 
 0.262269 0.915959 0.114217 
 0.279367 0.923534 0.112574 
 0.124057 0.875445 0.153471 
 0.141201 0.883041 0.151823 
 0.158346 0.890637 0.150176 
 0.175490 0.898232 0.148528 
 0.192634 0.905828 0.146881 
 0.209779 0.913424 0.145233 
 0.226923 0.921020 0.143586 
 0.237572 0.925550 0.115935 
 0.254670 0.933126 0.114292 
 0.271768 0.940701 0.112649 
 0.133583 0.900254 0.151899 
 0.150727 0.907850 0.150251 
 0.167871 0.915445 0.148604 
 0.185015 0.923041 0.146956 
 0.202160 0.930637 0.145309 
 0.219304 0.938232 0.143661 
 0.229974 0.942717 0.116011 
 0.247072 0.950292 0.114368 
 0.160252 0.932658 0.148679 
 0.177396 0.940254 0.147031 
 0.194541 0.947850 0.145384 
 0.211685 0.955445 0.143736 
 0.228829 0.963041 0.142089 
 