0.364143 0.821214 -0.086802 
 0.370878 0.799337 -0.123406 
 0.384438 0.782076 -0.129238 
 0.319652 0.841289 -0.072312 
 0.333246 0.823983 -0.078160 
 0.346840 0.806678 -0.084007 
 0.353620 0.784838 -0.120619 
 0.374029 0.772067 -0.095702 
 0.391065 0.756984 -0.086183 
 0.404677 0.739657 -0.092038 
 0.418289 0.722329 -0.097893 
 0.305682 0.829068 -0.054110 
 0.319294 0.811740 -0.059965 
 0.329538 0.792142 -0.081213 
 0.343132 0.774836 -0.087060 
 0.356727 0.757531 -0.092907 
 0.370321 0.740225 -0.098755 
 0.383915 0.722920 -0.104602 
 0.397510 0.705614 -0.110450 
 0.411104 0.688309 -0.116297 
 0.424698 0.671004 -0.122144 
 0.288357 0.814513 -0.051312 
 0.301969 0.797186 -0.057167 
 0.312236 0.777606 -0.078418 
 0.325830 0.760300 -0.084265 
 0.339424 0.742995 -0.090113 
 0.353019 0.725689 -0.095960 
 0.366613 0.708384 -0.101808 
 0.373342 0.686796 -0.138374 
 0.386902 0.669535 -0.144206 
 0.400461 0.652274 -0.150038 
 0.257421 0.817286 -0.042659 
 0.271033 0.799959 -0.048514 
 0.281339 0.780375 -0.069776 
 0.298256 0.765303 -0.060224 
 0.308528 0.745764 -0.081471 
 0.322122 0.728459 -0.087318 
 0.335716 0.711153 -0.093166 
 0.349311 0.693848 -0.099013 
 0.362905 0.676542 -0.104861 
 0.376499 0.659237 -0.110708 
 0.390093 0.641931 -0.116555 
 0.236848 0.800450 -0.055287 
 0.253708 0.785404 -0.045716 
 0.267320 0.768076 -0.051570 
 0.280932 0.750748 -0.057425 
 0.291225 0.731228 -0.078676 
 0.304820 0.713923 -0.084524 
 0.318414 0.696617 -0.090371 
 0.335379 0.681438 -0.080845 
 0.345603 0.662006 -0.102066 
 0.369413 0.650945 -0.061837 
 0.383060 0.633573 -0.067707 
 0.222772 0.788177 -0.037063 
 0.236384 0.770849 -0.042917 
 0.249995 0.753521 -0.048772 
 0.263607 0.736194 -0.054627 
 0.277219 0.718866 -0.060482 
 0.290831 0.701538 -0.066337 
 0.304442 0.684211 -0.072192 
 0.318054 0.666883 -0.078047 
 0.338397 0.653725 -0.053162 
 0.352044 0.636353 -0.059032 
 0.365691 0.618981 -0.064902 
 0.379337 0.601609 -0.070772 
 0.211855 0.778110 -0.003397 
 0.219059 0.756294 -0.040119 
 0.232671 0.738967 -0.045974 
 0.246283 0.721639 -0.051829 
 0.259894 0.704311 -0.057684 
 0.273506 0.686984 -0.063539 
 0.287118 0.669656 -0.069394 
 0.300730 0.652328 -0.075249 
 0.321028 0.639133 -0.050357 
 0.334675 0.621761 -0.056227 
 0.355079 0.608433 -0.031380 
 0.375552 0.595016 -0.006564 
 0.389268 0.577555 -0.012464 
 0.207213 0.772420 0.061155 
 0.214532 0.750552 0.024397 
 0.221780 0.728774 -0.012332 
 0.235427 0.711402 -0.018202 
 0.249073 0.694030 -0.024072 
 0.262720 0.676658 -0.029941 
 0.266507 0.653009 -0.081988 
 0.283405 0.637774 -0.072451 
 0.303660 0.624541 -0.047551 
 0.317306 0.607169 -0.053421 
 0.337665 0.593804 -0.028568 
 0.351347 0.576387 -0.034453 
 0.365028 0.558970 -0.040337 
 0.182323 0.779672 0.100772 
 0.189756 0.757753 0.063975 
 0.203472 0.740292 0.058075 
 0.210800 0.718506 0.021324 
 0.218058 0.696810 -0.015396 
 0.231704 0.679438 -0.021266 
 0.245351 0.662065 -0.027136 
 0.249205 0.638473 -0.079193 
 0.266081 0.623219 -0.069652 
 0.286291 0.609949 -0.044746 
 0.306570 0.596591 -0.019870 
 0.313584 0.575205 -0.056486 
 0.327231 0.557833 -0.062356 
 0.340877 0.540461 -0.068226 
 0.164821 0.764968 0.103599 
 0.166023 0.738710 0.035907 
 0.173395 0.716962 -0.000851 
 0.187042 0.699590 -0.006721 
 0.200689 0.682218 -0.012591 
 0.214335 0.664846 -0.018461 
 0.227982 0.647473 -0.024331 
 0.235144 0.625992 -0.060999 
 0.255275 0.612729 -0.036071 
 0.268922 0.595357 -0.041941 
 0.282569 0.577985 -0.047811 
 0.302839 0.564545 -0.022943 
 0.333166 0.556847 0.047980 
 0.346935 0.539319 0.042058 
 0.148610 0.724081 0.038719 
 0.162291 0.706664 0.032834 
 0.169673 0.684998 -0.003916 
 0.183320 0.667626 -0.009786 
 0.196966 0.650254 -0.015656 
 0.210613 0.632881 -0.021526 
 0.217820 0.611437 -0.058201 
 0.237906 0.598137 -0.033265 
 0.251553 0.580765 -0.039135 
 0.271744 0.567332 -0.014245 
 0.285425 0.549915 -0.020130 
 0.312335 0.540199 0.035446 
 0.326086 0.522694 0.029531 
 0.146661 0.720206 0.118788 
 0.144878 0.692035 0.035647 
 0.152304 0.670406 -0.001110 
 0.165951 0.653034 -0.006980 
 0.179597 0.635662 -0.012850 
 0.193244 0.618289 -0.018720 
 0.206891 0.600917 -0.024590 
 0.220537 0.583545 -0.030460 
 0.240649 0.570119 -0.005548 
 0.260830 0.556604 0.019334 
 0.274547 0.539143 0.013434 
 0.294833 0.525495 0.038273 
 0.308584 0.507990 0.032358 
 0.129136 0.705483 0.121619 
 0.133641 0.681626 0.069354 
 0.141146 0.659989 0.032574 
 0.148582 0.638442 -0.004175 
 0.162228 0.621070 -0.010045 
 0.175875 0.603697 -0.015915 
 0.189522 0.586325 -0.021785 
 0.209554 0.572907 0.003150 
 0.223235 0.555490 -0.002735 
 0.243372 0.541938 0.022154 
 0.257089 0.524477 0.016254 
 0.277331 0.510791 0.041099 
 0.291082 0.493286 0.035184 
 0.304833 0.475780 0.029270 
 0.111612 0.690760 0.124449 
 0.122315 0.671141 0.103076 
 0.123733 0.645360 0.035387 
 0.137414 0.627943 0.029502 
 0.151096 0.610527 0.023617 
 0.158506 0.589105 -0.013110 
 0.178459 0.575694 0.011847 
 0.192141 0.558277 0.005962 
 0.205822 0.540861 0.000077 
 0.225915 0.527271 0.024974 
 0.239631 0.509810 0.019074 
 0.253348 0.492349 0.013174 
 0.267064 0.474888 0.007274 
 0.280780 0.457427 0.001374 
 0.094088 0.676038 0.127280 
 0.104813 0.656437 0.105903 
 0.106320 0.630730 0.038199 
 0.120001 0.613314 0.032314 
 0.133683 0.595897 0.026430 
 0.147364 0.578481 0.020545 
 0.161046 0.561064 0.014660 
 0.174727 0.543648 0.008775 
 0.188409 0.526231 0.002890 
 0.202090 0.508815 -0.002995 
 0.215772 0.491398 -0.008880 
 0.229453 0.473982 -0.014765 
 0.243135 0.456565 -0.020650 
 0.263323 0.442760 0.004194 
 0.076563 0.661315 0.130110 
 0.090332 0.643787 0.124188 
 0.101062 0.624228 0.102815 
 0.108700 0.602704 0.066013 
 0.122417 0.585243 0.060113 
 0.136133 0.567782 0.054213 
 0.149850 0.550321 0.048313 
 0.163566 0.532860 0.042413 
 0.177283 0.515399 0.036513 
 0.190999 0.497938 0.030613 
 0.204715 0.480477 0.024713 
 0.218432 0.463016 0.018813 
 0.232148 0.445555 0.012913 
 0.245865 0.428094 0.007013 
 0.065002 0.650707 0.163879 
 0.078806 0.633135 0.157941 
 0.086576 0.611537 0.121095 
 0.100345 0.594009 0.115173 
 0.111062 0.574513 0.093812 
 0.124814 0.557008 0.087897 
 0.132392 0.535654 0.051133 
 0.146108 0.518193 0.045233 
 0.159825 0.500732 0.039333 
 0.179819 0.486986 0.064237 
 0.187258 0.465810 0.027533 
 0.207322 0.451975 0.052407 
 0.221073 0.434470 0.046492 
 0.019826 0.671091 0.178591 
 0.039514 0.657641 0.203615 
 0.047433 0.635947 0.166716 
 0.067191 0.622408 0.191710 
 0.075041 0.600803 0.154841 
 0.088844 0.583231 0.148904 
 0.102648 0.565659 0.142966 
 0.110358 0.544232 0.106159 
 0.121063 0.524799 0.084809 
 0.134814 0.507293 0.078894 
 0.148565 0.489788 0.072979 
 0.162317 0.472282 0.067064 
 0.176068 0.454777 0.061149 
 0.189819 0.437272 0.055234 
 0.203571 0.419766 0.049319 
 0.002257 0.656331 0.181429 
 0.016061 0.638760 0.175491 
 0.029865 0.621187 0.169554 
 0.043668 0.603615 0.163616 
 0.057472 0.586043 0.157679 
 0.071276 0.568471 0.151742 
 0.085079 0.550899 0.145804 
 0.092834 0.529509 0.108989 
 0.106603 0.511981 0.103066 
 0.117312 0.492589 0.081720 
 0.131063 0.475084 0.075805 
 0.147909 0.459398 0.085299 
 0.158566 0.440073 0.063976 
 0.172317 0.422568 0.058061 
 0.186069 0.405062 0.052146 
 -0.029115 0.659144 0.190204 
 -0.015312 0.641571 0.184266 
 -0.001508 0.624000 0.178329 
 0.012296 0.606427 0.172392 
 0.026099 0.588855 0.166454 
 0.039903 0.571283 0.160517 
 0.053707 0.553711 0.154579 
 0.067510 0.536139 0.148642 
 0.075309 0.514786 0.111819 
 0.089078 0.497259 0.105897 
 0.099810 0.477885 0.084547 
 0.113561 0.460380 0.078632 
 0.127312 0.442874 0.072717 
 0.134884 0.421810 0.035992 
 0.148601 0.404349 0.030092 
 -0.046684 0.644384 0.193042 
 -0.032881 0.626811 0.187104 
 -0.019077 0.609240 0.181167 
 -0.011059 0.587702 0.144262 
 0.002710 0.570174 0.138340 
 0.022334 0.556523 0.163354 
 0.030247 0.535119 0.126495 
 0.044016 0.517591 0.120572 
 0.057785 0.500064 0.114650 
 0.071554 0.482536 0.108727 
 0.082308 0.463181 0.087374 
 0.096059 0.445676 0.081459 
 0.109810 0.428170 0.075544 
 0.105157 0.400101 -0.022822 
 0.118803 0.382729 -0.028692 
 0.132450 0.365357 -0.034562 
 -0.064253 0.629624 0.195879 
 -0.050449 0.612052 0.189942 
 -0.036646 0.594480 0.184004 
 -0.022842 0.576907 0.178067 
 -0.014815 0.555452 0.141170 
 -0.001046 0.537924 0.135248 
 0.012723 0.520396 0.129325 
 0.026492 0.502869 0.123403 
 0.040261 0.485341 0.117480 
 0.054029 0.467813 0.111558 
 0.064805 0.448477 0.090201 
 0.066515 0.423826 0.022577 
 0.074141 0.402881 -0.014147 
 0.087788 0.385509 -0.020017 
 0.101434 0.368137 -0.025887 
 0.115081 0.350765 -0.031756 
 0.134923 0.336743 -0.006848 
 0.154834 0.322633 0.018031 
 0.168551 0.305172 0.012131 
 0.264566 0.182945 -0.029168 
 0.278282 0.165484 -0.035068 
 0.298578 0.150885 -0.010353 
 0.312329 0.133380 -0.016268 
 -0.128721 0.663422 0.185458 
 -0.114952 0.645895 0.179535 
 -0.101183 0.628367 0.173613 
 -0.087414 0.610839 0.167691 
 -0.073646 0.593312 0.161768 
 -0.059877 0.575784 0.155846 
 -0.046108 0.558257 0.149923 
 -0.032339 0.540729 0.144001 
 -0.021454 0.521300 0.122603 
 -0.007702 0.503795 0.116688 
 0.006049 0.486289 0.110773 
 0.019800 0.468784 0.104858 
 0.015832 0.440405 0.006268 
 0.029479 0.423033 0.000398 
 0.037149 0.402125 -0.036333 
 0.050761 0.384798 -0.042188 
 0.061350 0.365747 -0.063459 
 0.074944 0.348441 -0.069306 
 0.091596 0.332815 -0.059753 
 0.105208 0.315487 -0.065608 
 0.118820 0.298159 -0.071463 
 0.132431 0.280831 -0.077318 
 0.146043 0.263504 -0.083173 
 0.247108 0.168279 -0.026349 
 0.260825 0.150818 -0.032249 
 0.281076 0.136181 -0.007527 
 0.294827 0.118676 -0.013442 
 0.308579 0.101170 -0.019357 
 0.322330 0.083665 -0.025272 
 0.336081 0.066160 -0.031187 
 -0.146245 0.648700 0.188288 
 -0.132476 0.631172 0.182366 
 -0.118707 0.613644 0.176443 
 -0.104939 0.596117 0.170521 
 -0.093961 0.576618 0.149089 
 -0.077401 0.561061 0.158676 
 -0.066458 0.541607 0.137259 
 -0.052707 0.524102 0.131344 
 -0.038956 0.506596 0.125429 
 -0.025204 0.489091 0.119514 
 -0.028830 0.460557 0.020814 
 -0.015183 0.443185 0.014944 
 -0.001537 0.425813 0.009074 
 0.006213 0.404898 -0.027680 
 0.019825 0.387571 -0.033535 
 0.033436 0.370243 -0.039390 
 0.044047 0.351211 -0.060664 
 0.051605 0.330540 -0.097336 
 0.071236 0.316599 -0.072359 
 0.084830 0.299294 -0.078206 
 0.101495 0.283604 -0.068665 
 0.115107 0.266277 -0.074520 
 0.125613 0.247378 -0.095749 
 0.139207 0.230072 -0.101596 
 0.155942 0.214294 -0.092084 
 0.169554 0.196966 -0.097939 
 0.189516 0.182604 -0.073105 
 0.203163 0.165231 -0.078975 
 0.223230 0.150735 -0.054187 
 0.243367 0.136151 -0.029429 
 0.257083 0.118690 -0.035329 
 0.270800 0.101229 -0.041229 
 0.291076 0.086466 -0.016530 
 0.304828 0.068961 -0.022445 
 0.321894 0.052760 -0.013076 
 0.335663 0.035233 -0.018998 
 0.356131 0.020226 0.005617 
 0.376670 0.005130 0.030204 
 0.390508 -0.012486 0.024251 
 0.404347 -0.030103 0.018299 
 -0.163769 0.633977 0.191119 
 -0.150001 0.616449 0.185196 
 -0.136232 0.598922 0.179274 
 -0.122463 0.581394 0.173351 
 -0.111463 0.561914 0.151916 
 -0.097712 0.544408 0.146001 
 -0.083961 0.526903 0.140086 
 -0.075853 0.505626 0.103190 
 -0.062136 0.488164 0.097290 
 -0.059846 0.463337 0.029489 
 -0.046199 0.445965 0.023619 
 -0.038335 0.424999 -0.013172 
 -0.024723 0.407671 -0.019027 
 -0.014038 0.388591 -0.040327 
 -0.000443 0.371285 -0.046175 
 0.013151 0.353980 -0.052022 
 0.020788 0.333302 -0.088716 
 0.034347 0.316041 -0.094548 
 0.047906 0.298780 -0.100381 
 0.067528 0.284758 -0.075412 
 0.084171 0.269050 -0.065867 
 0.097782 0.251722 -0.071722 
 0.108311 0.232842 -0.092954 
 0.121905 0.215536 -0.098802 
 0.138618 0.199739 -0.089286 
 0.158501 0.185384 -0.064430 
 0.172147 0.168012 -0.070300 
 0.185794 0.150639 -0.076170 
 0.205817 0.136106 -0.051375 
 0.225909 0.121484 -0.026609 
 0.239625 0.104023 -0.032509 
 0.259823 0.089268 -0.007788 
 0.273574 0.071762 -0.013703 
 0.287326 0.054257 -0.019618 
 0.304370 0.038038 -0.010245 
 0.331379 0.025566 0.044953 
 0.345218 0.007950 0.039001 
 0.359056 -0.009667 0.033048 
 0.372895 -0.027284 0.027096 
 0.386734 -0.044900 0.021143 
 -0.175939 0.623300 0.225042 
 -0.167525 0.601727 0.188027 
 -0.153756 0.584199 0.182104 
 -0.139988 0.566671 0.176182 
 -0.126219 0.549144 0.170259 
 -0.115214 0.529704 0.148828 
 -0.107027 0.508420 0.111909 
 -0.093310 0.490959 0.106009 
 -0.085227 0.469808 0.069137 
 -0.077214 0.448745 0.032294 
 -0.063568 0.431373 0.026424 
 -0.055660 0.410444 -0.010374 
 -0.042048 0.393117 -0.016229 
 -0.031340 0.374055 -0.037533 
 -0.017746 0.356749 -0.043380 
 -0.010030 0.336065 -0.080096 
 -0.002383 0.315469 -0.116781 
 0.017089 0.301543 -0.091761 
 0.030649 0.284282 -0.097593 
 0.050226 0.270222 -0.072617 
 0.063820 0.252917 -0.078465 
 0.077414 0.235611 -0.084312 
 0.091008 0.218305 -0.090160 
 0.107681 0.202512 -0.080633 
 0.121293 0.185184 -0.086488 
 0.134905 0.167857 -0.092343 
 0.161040 0.156310 -0.036792 
 0.181018 0.141739 -0.011990 
 0.194735 0.124278 -0.017890 
 0.208451 0.106817 -0.023790 
 0.228569 0.092069 0.000954 
 0.242321 0.074564 -0.004961 
 0.256072 0.057058 -0.010876 
 0.269823 0.039553 -0.016791 
 0.286845 0.023315 -0.007415 
 0.313766 0.010769 0.047798 
 0.327604 -0.006848 0.041846 
 0.341443 -0.024464 0.035893 
 0.361962 -0.039723 0.060463 
 0.375836 -0.057384 0.054496 
 0.389709 -0.075045 0.048528 
 -0.207312 0.626112 0.233817 
 -0.198818 0.604532 0.196780 
 -0.185049 0.587004 0.190857 
 -0.171281 0.569476 0.184935 
 -0.157512 0.551949 0.179012 
 -0.146468 0.532506 0.157570 
 -0.132716 0.515000 0.151655 
 -0.124485 0.493753 0.114729 
 -0.116322 0.472595 0.077834 
 -0.108230 0.451525 0.040969 
 -0.094583 0.434153 0.035099 
 -0.086596 0.413217 -0.001721 
 -0.072984 0.395889 -0.007576 
 -0.059372 0.378562 -0.013431 
 -0.048642 0.359519 -0.034738 
 -0.035048 0.342213 -0.040586 
 -0.027287 0.321566 -0.077309 
 -0.019596 0.301007 -0.114001 
 -0.000169 0.287044 -0.088974 
 0.013391 0.269783 -0.094806 
 0.026950 0.252522 -0.100638 
 0.040509 0.235261 -0.106471 
 0.054069 0.218000 -0.112303 
 0.067628 0.200739 -0.118136 
 0.087301 0.186464 -0.093213 
 0.103968 0.170630 -0.083690 
 0.117580 0.153302 -0.089545 
 0.137409 0.138827 -0.064689 
 0.163561 0.127073 -0.009170 
 0.177277 0.109612 -0.015070 
 0.190993 0.092151 -0.020970 
 0.204710 0.074690 -0.026870 
 0.224818 0.059860 -0.002134 
 0.238570 0.042354 -0.008049 
 0.252321 0.024849 -0.013964 
 0.269321 0.008592 -0.004585 
 0.289621 -0.006482 0.020068 
 0.309991 -0.021645 0.044690 
 0.323830 -0.039261 0.038738 
 0.337669 -0.056878 0.032785 
 0.358178 -0.072219 0.057348 
 0.372052 -0.089880 0.051380 
 -0.230111 0.607337 0.205533 
 -0.216343 0.589809 0.199610 
 -0.202574 0.572281 0.193688 
 -0.191473 0.552813 0.172227 
 -0.177721 0.535307 0.166312 
 -0.169375 0.514009 0.129349 
 -0.155659 0.496548 0.123449 
 -0.147417 0.475382 0.086532 
 -0.133736 0.457965 0.080647 
 -0.125599 0.436933 0.043775 
 -0.117532 0.415990 0.006932 
 -0.103920 0.398663 0.001077 
 -0.093133 0.379594 -0.020249 
 -0.079539 0.362288 -0.026096 
 -0.071664 0.341589 -0.062857 
 -0.058105 0.324328 -0.068689 
 -0.050334 0.303763 -0.105403 
 -0.036810 0.286546 -0.111221 
 -0.023285 0.269329 -0.117038 
 -0.009761 0.252113 -0.122855 
 0.009692 0.238023 -0.097851 
 0.023251 0.220762 -0.103683 
 0.036811 0.203501 -0.109516 
 0.050370 0.186240 -0.115348 
 0.073032 0.173403 -0.075037 
 0.086644 0.156075 -0.080892 
 0.106394 0.141608 -0.056014 
 0.126213 0.127051 -0.031167 
 0.146103 0.112406 -0.006350 
 0.159819 0.094945 -0.012250 
 0.173536 0.077484 -0.018150 
 0.187252 0.060023 -0.024050 
 0.207316 0.045156 0.000693 
 0.221068 0.027650 -0.005222 
 0.238028 0.011397 0.004168 
 0.251796 -0.006130 -0.001754 
 0.272052 -0.021242 0.022905 
 0.292378 -0.036442 0.047535 
 0.306217 -0.054059 0.041583 
 0.320055 -0.071675 0.035630 
 0.333894 -0.089292 0.029678 
 0.354394 -0.104714 0.054232 
 0.374964 -0.120226 0.078757 
 0.388873 -0.137931 0.072774 
 -0.242450 0.596592 0.239492 
 -0.233867 0.575086 0.202440 
 -0.220098 0.557559 0.196518 
 -0.208975 0.538109 0.175053 
 -0.195224 0.520603 0.169138 
 -0.186833 0.499342 0.132168 
 -0.178512 0.478169 0.095229 
 -0.170261 0.457086 0.058320 
 -0.156614 0.439713 0.052450 
 -0.148468 0.418763 0.015585 
 -0.134857 0.401436 0.009730 
 -0.124030 0.382363 -0.011607 
 -0.110436 0.365058 -0.017454 
 -0.102481 0.344352 -0.054237 
 -0.088922 0.327090 -0.060069 
 -0.081072 0.306518 -0.096806 
 -0.067548 0.289301 -0.102623 
 -0.054023 0.272085 -0.108440 
 -0.040499 0.254868 -0.114258 
 -0.026974 0.237651 -0.120075 
 -0.007566 0.223524 -0.095064 
 0.005994 0.206263 -0.100896 
 0.019553 0.189002 -0.106728 
 0.033112 0.171741 -0.112561 
 0.055708 0.158848 -0.072239 
 0.069320 0.141520 -0.078094 
 0.089025 0.127015 -0.053209 
 0.102672 0.109643 -0.059079 
 0.122482 0.095005 -0.034240 
 0.136163 0.077589 -0.040125 
 0.149845 0.060172 -0.046009 
 0.169794 0.045356 -0.021231 
 0.189814 0.030452 0.003519 
 0.203565 0.012946 -0.002396 
 0.220503 -0.003325 0.006999 
 0.234272 -0.020853 0.001076 
 0.254483 -0.036002 0.025743 
 0.274765 -0.051240 0.050380 
 0.288603 -0.068856 0.044428 
 0.302442 -0.086473 0.038475 
 0.316281 -0.104089 0.032523 
 0.336736 -0.119549 0.057084 
 0.357262 -0.135098 0.081616 
 0.371170 -0.152803 0.075634 
 0.388440 -0.169497 0.084885 
 0.402366 -0.187225 0.078895 
 -0.268715 0.603389 0.279420 
 -0.254877 0.585773 0.273467 
 -0.251392 0.560364 0.205271 
 -0.237623 0.542836 0.199348 
 -0.226477 0.523405 0.177880 
 -0.212726 0.505899 0.171965 
 -0.209607 0.480956 0.103927 
 -0.201277 0.459866 0.066995 
 -0.187630 0.442494 0.061125 
 -0.179405 0.421536 0.024238 
 -0.165793 0.404208 0.018383 
 -0.152181 0.386881 0.012528 
 -0.146858 0.364375 -0.039785 
 -0.133299 0.347114 -0.045617 
 -0.125335 0.326490 -0.082391 
 -0.111810 0.309273 -0.088208 
 -0.098286 0.292056 -0.094026 
 -0.084761 0.274840 -0.099843 
 -0.071237 0.257623 -0.105660 
 -0.057712 0.240407 -0.111478 
 -0.044188 0.223190 -0.117295 
 -0.024824 0.209026 -0.092276 
 -0.011264 0.191765 -0.098109 
 0.002295 0.174503 -0.103941 
 0.015855 0.157242 -0.109773 
 0.038383 0.144293 -0.069441 
 0.051995 0.126965 -0.075296 
 0.071656 0.112423 -0.050403 
 0.085303 0.095051 -0.056273 
 0.098949 0.077679 -0.062143 
 0.118750 0.062959 -0.037312 
 0.132431 0.045543 -0.043197 
 0.146113 0.028126 -0.049082 
 0.166053 0.013229 -0.024311 
 0.179769 -0.004232 -0.030211 
 0.199815 -0.019263 -0.005484 
 0.213566 -0.036768 -0.011399 
 0.230516 -0.053103 -0.002016 
 0.250718 -0.068334 0.022643 
 0.264522 -0.085906 0.016705 
 0.278326 -0.103478 0.010768 
 0.298667 -0.118886 0.035367 
 0.319079 -0.134384 0.059936 
 0.339560 -0.149970 0.084475 
 0.353468 -0.167675 0.078493 
 0.370715 -0.184388 0.087748 
 0.384641 -0.202115 0.081758 
 0.398567 -0.219843 0.075768 
 -0.281266 0.592540 0.313423 
 -0.277587 0.567072 0.245168 
 -0.268916 0.545641 0.208101 
 -0.255147 0.528113 0.202179 
 -0.241378 0.510586 0.196256 
 -0.230228 0.491195 0.174792 
 -0.227020 0.466327 0.106739 
 -0.218646 0.445274 0.069800 
 -0.204999 0.427901 0.063931 
 -0.196729 0.406981 0.027036 
 -0.183117 0.389654 0.021181 
 -0.169506 0.372326 0.015326 
 -0.164116 0.349876 -0.036997 
 -0.156073 0.329245 -0.073793 
 -0.142548 0.312028 -0.079611 
 -0.129024 0.294812 -0.085428 
 -0.115499 0.277595 -0.091245 
 -0.101975 0.260378 -0.097063 
 -0.094141 0.240014 -0.133769 
 -0.080651 0.222841 -0.139571 
 -0.061401 0.208728 -0.114515 
 -0.047877 0.191512 -0.120332 
 -0.028522 0.177266 -0.095321 
 -0.014963 0.160005 -0.101154 
 -0.001403 0.142744 -0.106986 
 0.021059 0.129738 -0.066643 
 0.034670 0.112411 -0.072497 
 0.054287 0.097831 -0.047598 
 0.067934 0.080459 -0.053468 
 0.081580 0.063087 -0.059338 
 0.101337 0.048330 -0.034500 
 0.115018 0.030913 -0.040385 
 0.128700 0.013497 -0.046269 
 0.148595 -0.001438 -0.021491 
 0.162312 -0.018899 -0.027391 
 0.182312 -0.033967 -0.002657 
 0.196064 -0.051472 -0.008572 
 0.212992 -0.067826 0.000815 
 0.226761 -0.085353 -0.005108 
 0.246953 -0.100666 0.019543 
 0.260757 -0.118238 0.013606 
 0.274560 -0.135810 0.007668 
 0.301421 -0.149218 0.062788 
 0.321858 -0.164842 0.087334 
 0.335766 -0.182547 0.081352 
 0.352991 -0.199278 0.090611 
 0.373585 -0.215102 0.115089 
 -0.303942 0.573795 0.285109 
 -0.295156 0.552312 0.248005 
 -0.281352 0.534740 0.242068 
 -0.272672 0.513391 0.205009 
 -0.261481 0.493997 0.183534 
 -0.252923 0.472803 0.146527 
 -0.244434 0.451698 0.109552 
 -0.236015 0.430682 0.072606 
 -0.222368 0.413309 0.066736 
 -0.214054 0.392427 0.029834 
 -0.200442 0.375099 0.023979 
 -0.194933 0.352639 -0.028377 
 -0.186811 0.332000 -0.065196 
 -0.173286 0.314783 -0.071013 
 -0.159762 0.297567 -0.076830 
 -0.146237 0.280350 -0.082648 
 -0.132713 0.263134 -0.088465 
 -0.119188 0.245917 -0.094282 
 -0.111310 0.225589 -0.130996 
 -0.097820 0.208417 -0.136798 
 -0.084331 0.191245 -0.142600 
 -0.070841 0.174073 -0.148403 
 -0.051566 0.159834 -0.123369 
 -0.038041 0.142617 -0.129187 
 -0.024517 0.125401 -0.135004 
 -0.005102 0.110984 -0.110031 
 0.014383 0.096478 -0.085087 
 0.027977 0.079173 -0.090935 
 0.044569 0.063201 -0.081409 
 0.058181 0.045873 -0.087264 
 0.077858 0.031123 -0.062403 
 0.085405 0.011218 -0.098974 
 0.105151 -0.003621 -0.074142 
 0.124968 -0.018549 -0.049342 
 0.144854 -0.033565 -0.024571 
 0.158570 -0.051026 -0.030471 
 0.172287 -0.068487 -0.036371 
 0.192313 -0.083682 -0.011660 
 0.209236 -0.100076 -0.002277 
 0.223005 -0.117604 -0.008200 
 0.236774 -0.135131 -0.014122 
 0.256992 -0.150570 0.010506 
 0.270795 -0.168142 0.004568 
 0.297637 -0.181714 0.059672 
 0.311510 -0.199375 0.053705 
 0.335267 -0.214169 0.093474 
 0.349193 -0.231896 0.087484 
 0.369777 -0.247801 0.111954 
 0.383738 -0.265573 0.105949 
 0.397698 -0.283345 0.099944 
 -0.312725 0.537552 0.250843 
 -0.303965 0.516196 0.213762 
 -0.290196 0.498668 0.207840 
 -0.278984 0.479293 0.186361 
 -0.280677 0.450834 0.087151 
 -0.267030 0.433462 0.081281 
 -0.258602 0.412527 0.044342 
 -0.244990 0.395200 0.038487 
 -0.231378 0.377872 0.032632 
 -0.220428 0.358830 0.011266 
 -0.212191 0.338140 -0.025590 
 -0.204024 0.317539 -0.062415 
 -0.190499 0.300322 -0.068233 
 -0.176975 0.283105 -0.074050 
 -0.163451 0.265889 -0.079867 
 -0.155458 0.245510 -0.116618 
 -0.141969 0.228338 -0.122420 
 -0.128479 0.211165 -0.128223 
 -0.114989 0.193993 -0.134025 
 -0.101500 0.176821 -0.139827 
 -0.082304 0.162589 -0.114772 
 -0.074521 0.142477 -0.151432 
 -0.055255 0.128156 -0.126407 
 -0.041730 0.110939 -0.132224 
 -0.022360 0.096485 -0.107244 
 -0.008800 0.079224 -0.113076 
 0.010675 0.064637 -0.088140 
 0.024269 0.047331 -0.093987 
 0.040857 0.031318 -0.084466 
 0.054468 0.013991 -0.090321 
 0.068080 -0.003337 -0.096176 
 0.081692 -0.020665 -0.102031 
 0.113680 -0.030771 -0.015852 
 0.127396 -0.048232 -0.021752 
 0.141113 -0.065693 -0.027652 
 0.161059 -0.080880 -0.002918 
 0.174811 -0.098386 -0.008833 
 0.188562 -0.115891 -0.014748 
 0.205481 -0.132326 -0.005369 
 0.216065 -0.150902 -0.026578 
 0.233018 -0.167382 -0.017214 
 0.253227 -0.182902 0.007406 
 0.273505 -0.198511 0.031997 
 0.293853 -0.214209 0.056557 
 0.307726 -0.231870 0.050589 
 0.331468 -0.246787 0.090346 
 0.345394 -0.264514 0.084356 
 0.365969 -0.280501 0.108819 
 0.379930 -0.298273 0.102814 
 0.393890 -0.316045 0.096809 
 -0.321489 0.501473 0.216593 
 -0.307720 0.483945 0.210670 
 -0.296486 0.464589 0.189188 
 -0.292942 0.439856 0.121061 
 -0.279260 0.422439 0.115177 
 -0.270752 0.401497 0.078216 
 -0.262314 0.380645 0.041285 
 -0.248703 0.363317 0.035431 
 -0.237730 0.344294 0.014061 
 -0.229449 0.323641 -0.022803 
 -0.221237 0.303077 -0.059635 
 -0.207713 0.285860 -0.065453 
 -0.194189 0.268644 -0.071270 
 -0.180664 0.251427 -0.077087 
 -0.172627 0.231086 -0.113845 
 -0.159138 0.213913 -0.119647 
 -0.145648 0.196741 -0.125450 
 -0.132158 0.179569 -0.131252 
 -0.118669 0.162397 -0.137054 
 -0.105179 0.145225 -0.142857 
 -0.091690 0.128053 -0.148659 
 -0.078200 0.110880 -0.154461 
 -0.064711 0.093708 -0.160264 
 -0.045419 0.079261 -0.135261 
 -0.026058 0.064725 -0.110289 
 -0.012499 0.047464 -0.116121 
 0.001061 0.030203 -0.121954 
 0.020562 0.015490 -0.097040 
 0.034156 -0.001816 -0.102888 
 0.047750 -0.019121 -0.108735 
 0.061344 -0.036427 -0.114582 
 0.084060 -0.050178 -0.074402 
 0.103823 -0.065224 -0.049602 
 0.123655 -0.080360 -0.024832 
 0.137371 -0.097821 -0.030732 
 0.151088 -0.115282 -0.036632 
 0.171060 -0.130595 -0.011921 
 0.184811 -0.148101 -0.017836 
 0.198562 -0.165606 -0.023751 
 0.215494 -0.182104 -0.014384 
 0.229263 -0.199632 -0.020306 
 0.255891 -0.213309 0.034841 
 0.276195 -0.229044 0.059409 
 0.299818 -0.243950 0.099199 
 0.313744 -0.261677 0.093209 
 0.334239 -0.277657 0.117694 
 0.348200 -0.295429 0.111688 
 0.362161 -0.313201 0.105683 
 0.376122 -0.330973 0.099678 
 -0.327739 0.467390 0.197929 
 -0.329061 0.439022 0.098631 
 -0.310355 0.425226 0.123874 
 -0.301768 0.404278 0.086892 
 -0.293251 0.383418 0.049939 
 -0.279639 0.366090 0.044084 
 -0.268627 0.347063 0.022703 
 -0.255032 0.329758 0.016855 
 -0.246707 0.309142 -0.020015 
 -0.238451 0.288616 -0.056855 
 -0.224926 0.271399 -0.062672 
 -0.211402 0.254182 -0.068490 
 -0.197878 0.236966 -0.074307 
 -0.189796 0.216661 -0.111072 
 -0.176307 0.199489 -0.116874 
 -0.162817 0.182317 -0.122677 
 -0.149327 0.165145 -0.128479 
 -0.135838 0.147973 -0.134281 
 -0.122348 0.130801 -0.140084 
 -0.108859 0.113628 -0.145886 
 -0.095369 0.096456 -0.151688 
 -0.081880 0.079284 -0.157491 
 -0.062633 0.064800 -0.132481 
 -0.049108 0.047583 -0.138298 
 -0.029757 0.032966 -0.113334 
 -0.016197 0.015705 -0.119166 
 0.003259 0.000954 -0.094246 
 0.016853 -0.016352 -0.100093 
 0.030448 -0.033657 -0.105941 
 0.044042 -0.050963 -0.111788 
 0.060655 -0.067102 -0.102289 
 0.080338 -0.082142 -0.077466 
 0.106197 -0.095027 -0.022012 
 0.119913 -0.112487 -0.027912 
 0.133630 -0.129948 -0.033812 
 0.153558 -0.145299 -0.009094 
 0.167309 -0.162805 -0.015009 
 0.181060 -0.180310 -0.020924 
 0.197969 -0.196827 -0.011553 
 0.211738 -0.214355 -0.017476 
 0.238278 -0.228106 0.037686 
 0.252117 -0.245722 0.031734 
 0.278866 -0.259740 0.086806 
 0.292775 -0.277446 0.080823 
 0.309946 -0.294296 0.090082 
 0.323871 -0.312023 0.084092 
 0.344392 -0.328129 0.108553 
 0.358353 -0.345901 0.102548 
 -0.355132 0.445430 0.138456 
 -0.346430 0.424430 0.101437 
 -0.332783 0.407058 0.095567 
 -0.319137 0.389685 0.089697 
 -0.310575 0.368863 0.052737 
 -0.296963 0.351535 0.046882 
 -0.285929 0.332527 0.025497 
 -0.272335 0.315222 0.019650 
 -0.263965 0.294644 -0.017228 
 -0.255664 0.274154 -0.054075 
 -0.242140 0.256938 -0.059892 
 -0.228615 0.239721 -0.065710 
 -0.215091 0.222505 -0.071527 
 -0.206965 0.202237 -0.108299 
 -0.193476 0.185065 -0.114101 
 -0.179986 0.167893 -0.119903 
 -0.166496 0.150721 -0.125706 
 -0.153007 0.133549 -0.131508 
 -0.139517 0.116377 -0.137311 
 -0.126028 0.099204 -0.143113 
 -0.112538 0.082032 -0.148915 
 -0.099049 0.064860 -0.154718 
 -0.085559 0.047688 -0.160520 
 -0.072069 0.030516 -0.166322 
 -0.052797 0.015905 -0.141336 
 -0.033455 0.001206 -0.116379 
 -0.019896 -0.016055 -0.122211 
 -0.006336 -0.033316 -0.128044 
 0.007223 -0.050577 -0.133876 
 0.026740 -0.065499 -0.108993 
 0.043330 -0.081657 -0.099491 
 0.068996 -0.094483 -0.043977 
 0.088739 -0.109693 -0.019193 
 0.102456 -0.127154 -0.025093 
 0.116172 -0.144615 -0.030993 
 0.136055 -0.160003 -0.006268 
 0.149807 -0.177509 -0.012183 
 0.163558 -0.195014 -0.018097 
 0.180445 -0.211550 -0.008723 
 0.200520 -0.227182 0.015919 
 0.220665 -0.242903 0.040531 
 0.240879 -0.258713 0.065113 
 0.261164 -0.274612 0.089665 
 0.278295 -0.291459 0.098934 
 0.292221 -0.309186 0.092944 
 0.306147 -0.326914 0.086954 
 0.320073 -0.344641 0.080964 
 0.333999 -0.362369 0.074974 
 -0.363799 0.409838 0.104242 
 -0.350152 0.392466 0.098372 
 -0.336506 0.375093 0.092502 
 -0.327900 0.354308 0.055535 
 -0.314288 0.336981 0.049680 
 -0.303231 0.317991 0.028292 
 -0.289637 0.300685 0.022444 
 -0.281223 0.280145 -0.014441 
 -0.272878 0.259693 -0.051295 
 -0.259353 0.242476 -0.057112 
 -0.245829 0.225260 -0.062929 
 -0.232305 0.208043 -0.068747 
 -0.224134 0.187813 -0.105526 
 -0.210645 0.170641 -0.111328 
 -0.197155 0.153469 -0.117130 
 -0.183665 0.136297 -0.122933 
 -0.170176 0.119125 -0.128735 
 -0.156686 0.101952 -0.134538 
 -0.145979 0.083407 -0.155777 
 -0.132507 0.066257 -0.161571 
 -0.119035 0.049107 -0.167366 
 -0.102728 0.033264 -0.157747 
 -0.089238 0.016091 -0.163549 
 -0.070011 0.001444 -0.138555 
 -0.056486 -0.015773 -0.144373 
 -0.037154 -0.030554 -0.119424 
 -0.023594 -0.047815 -0.125256 
 -0.010035 -0.065076 -0.131089 
 0.009437 -0.080035 -0.106199 
 0.026006 -0.096211 -0.096693 
 0.051583 -0.109112 -0.041164 
 0.065264 -0.126529 -0.047049 
 0.084998 -0.141821 -0.022273 
 0.098714 -0.159282 -0.028173 
 0.118553 -0.174707 -0.003441 
 0.132305 -0.192213 -0.009356 
 0.146056 -0.209718 -0.015271 
 0.162921 -0.226272 -0.005893 
 0.182951 -0.241942 0.018756 
 0.203052 -0.257700 0.043376 
 0.223222 -0.273548 0.067965 
 0.243462 -0.289484 0.092524 
 0.257370 -0.307189 0.086541 
 0.274497 -0.324077 0.095807 
 0.288423 -0.341804 0.089817 
 0.302349 -0.359532 0.083827 
 0.316274 -0.377259 0.077837 
 -0.367521 0.377873 0.101177 
 -0.358836 0.357082 0.064188 
 -0.345224 0.339754 0.058333 
 -0.331612 0.322426 0.052478 
 -0.320533 0.303455 0.031086 
 -0.306939 0.286149 0.025239 
 -0.303616 0.262448 -0.042697 
 -0.290091 0.245231 -0.048514 
 -0.276567 0.228015 -0.054332 
 -0.263042 0.210798 -0.060149 
 -0.249518 0.193582 -0.065966 
 -0.235993 0.176365 -0.071784 
 -0.227814 0.156217 -0.108555 
 -0.214324 0.139045 -0.114357 
 -0.200834 0.121873 -0.120160 
 -0.187345 0.104700 -0.125962 
 -0.173855 0.087528 -0.131765 
 -0.163126 0.069002 -0.153007 
 -0.149654 0.051852 -0.158802 
 -0.136181 0.034702 -0.164597 
 -0.119897 0.018840 -0.154974 
 -0.106407 0.001667 -0.160776 
 -0.087224 -0.013018 -0.135775 
 -0.073700 -0.030234 -0.141593 
 -0.054412 -0.045053 -0.116636 
 -0.046651 -0.064667 -0.153227 
 -0.027293 -0.079575 -0.128301 
 -0.007865 -0.094571 -0.103404 
 0.008681 -0.110766 -0.093895 
 0.034169 -0.123742 -0.038352 
 0.047851 -0.141158 -0.044237 
 0.067540 -0.156487 -0.019453 
 0.081257 -0.173948 -0.025353 
 0.101051 -0.189411 -0.000614 
 0.114802 -0.206917 -0.006529 
 0.128554 -0.224422 -0.012444 
 0.145396 -0.240995 -0.003062 
 0.171600 -0.254881 0.052173 
 0.185438 -0.272498 0.046221 
 0.205564 -0.288382 0.070817 
 0.225760 -0.304356 0.095383 
 0.239668 -0.322061 0.089401 
 0.253577 -0.339767 0.083418 
 0.267485 -0.357472 0.077436 
 0.284624 -0.374423 0.086690 
 0.298550 -0.392150 0.080700 
 -0.376160 0.342527 0.066986 
 -0.362549 0.325199 0.061131 
 -0.351430 0.306224 0.039728 
 -0.337836 0.288919 0.033881 
 -0.329298 0.268408 -0.003033 
 -0.320829 0.247987 -0.039917 
 -0.307305 0.230770 -0.045734 
 -0.293780 0.213553 -0.051552 
 -0.280256 0.196337 -0.057369 
 -0.266731 0.179120 -0.063186 
 -0.258472 0.158965 -0.099980 
 -0.244983 0.141793 -0.105782 
 -0.234161 0.123196 -0.127058 
 -0.220689 0.106046 -0.132853 
 -0.207217 0.088896 -0.138648 
 -0.191024 0.073104 -0.128992 
 -0.180273 0.054596 -0.150238 
 -0.166800 0.037446 -0.156033 
 -0.153328 0.020296 -0.161827 
 -0.137066 0.004416 -0.152201 
 -0.123577 -0.012757 -0.158003 
 -0.104438 -0.027479 -0.132995 
 -0.090913 -0.044696 -0.138812 
 -0.071670 -0.059551 -0.113849 
 -0.058110 -0.076812 -0.119681 
 -0.038761 -0.091801 -0.094762 
 -0.025167 -0.109107 -0.100610 
 -0.008644 -0.125321 -0.091097 
 0.016756 -0.138371 -0.035539 
 0.030437 -0.155787 -0.041424 
 0.050082 -0.171154 -0.016634 
 0.063799 -0.188615 -0.022534 
 0.083549 -0.204115 0.002213 
 0.097300 -0.221621 -0.003702 
 0.111051 -0.239126 -0.009617 
 0.134010 -0.253890 0.030369 
 0.153987 -0.269678 0.055018 
 0.167825 -0.287295 0.049065 
 0.187906 -0.303217 0.073668 
 0.208058 -0.319228 0.098242 
 0.221966 -0.336933 0.092260 
 0.239048 -0.353858 0.101533 
 0.252974 -0.371586 0.095543 
 0.263691 -0.390049 0.074312 
 0.277600 -0.407755 0.068330 
 -0.382326 0.308994 0.048370 
 -0.368732 0.291688 0.042523 
 -0.360115 0.271171 0.005586 
 -0.346556 0.253910 -0.000246 
 -0.338043 0.233525 -0.037137 
 -0.324518 0.216309 -0.042954 
 -0.310994 0.199092 -0.048771 
 -0.297469 0.181875 -0.054589 
 -0.283945 0.164659 -0.060406 
 -0.270420 0.147442 -0.066223 
 -0.262152 0.127369 -0.103009 
 -0.248662 0.110197 -0.108811 
 -0.237836 0.091641 -0.130084 
 -0.224364 0.074491 -0.135879 
 -0.210891 0.057341 -0.141673 
 -0.197419 0.040191 -0.147468 
 -0.183947 0.023041 -0.153263 
 -0.170475 0.005891 -0.159058 
 -0.154235 -0.010009 -0.149428 
 -0.140746 -0.027181 -0.155230 
 -0.121651 -0.041941 -0.130215 
 -0.108127 -0.059157 -0.136032 
 -0.088927 -0.074050 -0.111062 
 -0.069658 -0.089032 -0.086120 
 -0.056064 -0.106338 -0.091968 
 -0.042470 -0.123643 -0.097815 
 -0.028875 -0.140948 -0.103663 
 -0.012356 -0.157203 -0.094154 
 0.007140 -0.172474 -0.069310 
 0.020786 -0.189846 -0.075180 
 0.046341 -0.203282 -0.019714 
 0.060057 -0.220743 -0.025614 
 0.079798 -0.236325 -0.000875 
 0.096579 -0.252913 0.008521 
 0.122535 -0.266859 0.063815 
 0.136373 -0.284476 0.057863 
 0.150212 -0.302092 0.051910 
 0.170249 -0.318052 0.076520 
 0.184122 -0.335713 0.070553 
 0.204264 -0.351805 0.095119 
 0.221324 -0.368749 0.104395 
 0.232081 -0.387216 0.083154 
 0.245989 -0.404921 0.077171 
 0.259898 -0.422627 0.071189 
 -0.383586 0.278762 0.060872 
 -0.377373 0.256672 0.008374 
 -0.363814 0.239411 0.002541 
 -0.355256 0.219064 -0.034356 
 -0.341732 0.201847 -0.040174 
 -0.323135 0.187628 -0.014956 
 -0.314683 0.167414 -0.051809 
 -0.301158 0.150198 -0.057626 
 -0.287634 0.132981 -0.063443 
 -0.274109 0.115764 -0.069261 
 -0.265831 0.095773 -0.106038 
 -0.252342 0.078600 -0.111841 
 -0.238852 0.061428 -0.117643 
 -0.225363 0.044256 -0.123445 
 -0.211873 0.027084 -0.129248 
 -0.198383 0.009912 -0.135050 
 -0.184894 -0.007261 -0.140853 
 -0.171404 -0.024433 -0.146655 
 -0.152389 -0.039185 -0.121617 
 -0.133304 -0.054027 -0.096609 
 -0.114149 -0.068957 -0.071631 
 -0.100555 -0.086263 -0.077478 
 -0.086960 -0.103568 -0.083326 
 -0.073366 -0.120874 -0.089173 
 -0.059772 -0.138179 -0.095021 
 -0.043292 -0.154430 -0.085500 
 -0.023876 -0.169694 -0.060635 
 -0.010229 -0.187066 -0.066504 
 0.015167 -0.200487 -0.010994 
 0.034793 -0.216018 0.013782 
 0.048544 -0.233523 0.007867 
 0.062296 -0.251029 0.001952 
 0.079054 -0.267635 0.011352 
 0.098872 -0.283410 0.036044 
 0.118760 -0.299273 0.060707 
 0.132599 -0.316890 0.054755 
 0.152591 -0.332886 0.079372 
 0.166465 -0.350547 0.073405 
 0.186562 -0.366677 0.097978 
 0.200470 -0.384383 0.091995 
 0.217526 -0.401367 0.101268 
 0.231451 -0.419094 0.095278 
 0.242196 -0.437498 0.074048 
 -0.389743 0.245311 0.042264 
 -0.381071 0.224912 0.005329 
 -0.372470 0.204602 -0.031576 
 -0.358945 0.187386 -0.037394 
 -0.345421 0.170169 -0.043211 
 -0.331896 0.152953 -0.049028 
 -0.318372 0.135736 -0.054846 
 -0.304847 0.118519 -0.060663 
 -0.291323 0.101303 -0.066480 
 -0.283000 0.081348 -0.103265 
 -0.269511 0.064176 -0.109068 
 -0.256021 0.047004 -0.114870 
 -0.242532 0.029832 -0.120672 
 -0.229042 0.012660 -0.126475 
 -0.215552 -0.004513 -0.132277 
 -0.202063 -0.021685 -0.138080 
 -0.188573 -0.038857 -0.143882 
 -0.169602 -0.053647 -0.118837 
 -0.150562 -0.068525 -0.093822 
 -0.131451 -0.083493 -0.068836 
 -0.115064 -0.099674 -0.059283 
 -0.104263 -0.118104 -0.080531 
 -0.090668 -0.135410 -0.086379 
 -0.074229 -0.151657 -0.076847 
 -0.060617 -0.168985 -0.082702 
 -0.041245 -0.184286 -0.057829 
 -0.021803 -0.199676 -0.032987 
 -0.002291 -0.215154 -0.008175 
 0.017291 -0.230722 0.016608 
 0.033992 -0.247303 0.026027 
 0.044794 -0.265733 0.004779 
 0.061530 -0.282358 0.014182 
 0.081303 -0.298170 0.038882 
 0.101147 -0.314070 0.063552 
 0.121060 -0.330060 0.088192 
 0.134933 -0.347721 0.082224 
 0.154952 -0.363844 0.106820 
 0.168860 -0.381549 0.100837 
 0.185875 -0.398530 0.110121 
 0.199801 -0.416257 0.104131 
 0.213727 -0.433985 0.098141 
 -0.393451 0.213469 0.039212 
 -0.384770 0.193152 0.002284 
 -0.371211 0.175891 -0.003549 
 -0.362634 0.155708 -0.040431 
 -0.349110 0.138491 -0.046248 
 -0.335585 0.121275 -0.052065 
 -0.322061 0.104058 -0.057883 
 -0.308536 0.086841 -0.063700 
 -0.300169 0.066924 -0.100492 
 -0.286680 0.049752 -0.106295 
 -0.273190 0.032580 -0.112097 
 -0.259701 0.015408 -0.117899 
 -0.246211 -0.001764 -0.123702 
 -0.232721 -0.018937 -0.129504 
 -0.219232 -0.036109 -0.135307 
 -0.200340 -0.050891 -0.110239 
 -0.186816 -0.068108 -0.116057 
 -0.167820 -0.083024 -0.091035 
 -0.148754 -0.098029 -0.066042 
 -0.132389 -0.114229 -0.056484 
 -0.121565 -0.132640 -0.077737 
 -0.105165 -0.148884 -0.068194 
 -0.091553 -0.166212 -0.074049 
 -0.077942 -0.183540 -0.079904 
 -0.058614 -0.198878 -0.055024 
 -0.039216 -0.214305 -0.030174 
 -0.019749 -0.229821 -0.005355 
 -0.006032 -0.247282 -0.011255 
 0.016468 -0.262025 0.028857 
 0.027291 -0.280437 0.007605 
 0.044005 -0.297081 0.017012 
 0.063734 -0.312930 0.041719 
 0.083533 -0.328868 0.066397 
 0.097372 -0.346484 0.060444 
 0.117276 -0.362555 0.085076 
 0.131149 -0.380216 0.079109 
 0.151158 -0.396421 0.103696 
 0.168151 -0.413421 0.112983 
 0.182077 -0.431148 0.106993 
 0.196003 -0.448876 0.101003 
 -0.402028 0.178654 0.005071 
 -0.388468 0.161393 -0.000761 
 -0.374909 0.144132 -0.006594 
 -0.366323 0.124030 -0.043468 
 -0.352799 0.106813 -0.049285 
 -0.339274 0.089597 -0.055103 
 -0.325750 0.072380 -0.060920 
 -0.317338 0.052500 -0.097719 
 -0.303849 0.035328 -0.103522 
 -0.290359 0.018156 -0.109324 
 -0.276870 0.000984 -0.115126 
 -0.258127 -0.013703 -0.090007 
 -0.244603 -0.030920 -0.095824 
 -0.231078 -0.048136 -0.101642 
 -0.212196 -0.063001 -0.076583 
 -0.198637 -0.080262 -0.082415 
 -0.179650 -0.095260 -0.057400 
 -0.163325 -0.111456 -0.047831 
 -0.149713 -0.128784 -0.053686 
 -0.136101 -0.146111 -0.059541 
 -0.122490 -0.163439 -0.065396 
 -0.108878 -0.180767 -0.071251 
 -0.095266 -0.198094 -0.077106 
 -0.075982 -0.213470 -0.052219 
 -0.050923 -0.227027 0.003365 
 -0.037207 -0.244487 -0.002535 
 -0.017714 -0.260130 0.022262 
 -0.001057 -0.276748 0.031688 
 0.012712 -0.294276 0.025765 
 0.032362 -0.310118 0.050494 
 0.046166 -0.327690 0.044557 
 0.065920 -0.343665 0.069242 
 0.079759 -0.361282 0.063289 
 0.099618 -0.377390 0.087928 
 0.113492 -0.395051 0.081961 
 0.133456 -0.411293 0.106555 
 0.150427 -0.428311 0.115846 
 0.164353 -0.446039 0.109856 
 0.178279 -0.463766 0.103866 
 -0.392167 0.129633 -0.003806 
 -0.383537 0.109568 -0.040688 
 -0.370012 0.092352 -0.046505 
 -0.356488 0.075135 -0.052322 
 -0.342963 0.057919 -0.058140 
 -0.329439 0.040702 -0.063957 
 -0.315914 0.023485 -0.069775 
 -0.302390 0.006269 -0.075592 
 -0.288865 -0.010948 -0.081409 
 -0.275341 -0.028165 -0.087227 
 -0.261816 -0.045381 -0.093044 
 -0.248292 -0.062598 -0.098862 
 -0.229454 -0.077500 -0.073795 
 -0.215895 -0.094761 -0.079628 
 -0.196952 -0.109796 -0.054605 
 -0.180649 -0.126011 -0.045033 
 -0.167038 -0.143338 -0.050888 
 -0.153426 -0.160666 -0.056743 
 -0.139814 -0.177994 -0.062598 
 -0.126202 -0.195321 -0.068453 
 -0.112591 -0.212649 -0.074308 
 -0.093351 -0.228062 -0.049413 
 -0.074043 -0.243564 -0.024549 
 -0.054664 -0.259154 0.000284 
 -0.040948 -0.276615 -0.005616 
 -0.021464 -0.292339 0.019174 
 -0.004812 -0.308998 0.028596 
 0.008957 -0.326526 0.022673 
 0.028597 -0.342450 0.047395 
 0.048307 -0.358462 0.072086 
 0.062146 -0.376079 0.066134 
 0.081960 -0.392225 0.090780 
 0.095834 -0.409886 0.084813 
 0.115754 -0.426165 0.109414 
 0.132703 -0.443202 0.118709 
 0.146628 -0.460929 0.112719 
 0.160554 -0.478657 0.106729 
 0.325079 -0.710792 -0.046964 
 0.338918 -0.728408 -0.052916 
 0.359431 -0.745443 -0.028570 
 0.373304 -0.763104 -0.034538 
 -0.409425 0.115134 -0.001019 
 -0.395865 0.097873 -0.006851 
 -0.382306 0.080612 -0.012684 
 -0.373701 0.060674 -0.049542 
 -0.360177 0.043457 -0.055360 
 -0.346652 0.026241 -0.061177 
 -0.333128 0.009024 -0.066994 
 -0.319603 -0.008193 -0.072812 
 -0.306079 -0.025409 -0.078629 
 -0.292554 -0.042626 -0.084447 
 -0.279030 -0.059843 -0.090264 
 -0.265505 -0.077059 -0.096081 
 -0.251981 -0.094276 -0.101899 
 -0.233153 -0.109259 -0.076840 
 -0.214255 -0.124332 -0.051811 
 -0.197974 -0.140565 -0.042235 
 -0.184362 -0.157893 -0.048090 
 -0.170750 -0.175221 -0.053945 
 -0.157139 -0.192548 -0.059800 
 -0.143527 -0.209876 -0.065655 
 -0.129915 -0.227204 -0.071510 
 -0.110720 -0.242654 -0.046608 
 -0.097074 -0.260026 -0.052478 
 -0.077775 -0.275610 -0.027622 
 -0.058406 -0.291282 -0.002796 
 -0.038967 -0.307043 0.022001 
 -0.025215 -0.324549 0.016086 
 -0.008568 -0.341248 0.025504 
 0.011028 -0.357210 0.050232 
 0.024832 -0.374782 0.044295 
 0.044532 -0.390876 0.068979 
 0.064303 -0.407059 0.093632 
 0.078176 -0.424720 0.087665 
 0.092050 -0.442381 0.081697 
 0.111960 -0.458742 0.106291 
 0.119797 -0.477703 0.069762 
 0.133670 -0.495364 0.063795 
 0.265950 -0.672740 -0.026261 
 0.279789 -0.690356 -0.032214 
 0.293627 -0.707973 -0.038166 
 0.307466 -0.725589 -0.044119 
 0.321304 -0.743206 -0.050071 
 0.335143 -0.760822 -0.056024 
 0.348982 -0.778439 -0.061976 
 0.362820 -0.796055 -0.067929 
 -0.413123 0.083374 -0.004064 
 -0.399564 0.066113 -0.009896 
 -0.386004 0.048852 -0.015729 
 -0.372445 0.031591 -0.021561 
 -0.358886 0.014330 -0.027394 
 -0.350341 -0.005438 -0.064214 
 -0.336817 -0.022654 -0.070032 
 -0.323292 -0.039871 -0.075849 
 -0.309768 -0.057087 -0.081666 
 -0.296243 -0.074304 -0.087484 
 -0.282719 -0.091521 -0.093301 
 -0.269194 -0.108737 -0.099119 
 -0.250411 -0.123758 -0.074053 
 -0.231557 -0.138868 -0.049016 
 -0.215298 -0.155120 -0.039437 
 -0.201687 -0.172448 -0.045292 
 -0.190774 -0.190784 -0.066558 
 -0.174463 -0.207103 -0.057002 
 -0.160851 -0.224431 -0.062857 
 -0.141736 -0.239874 -0.037933 
 -0.128089 -0.257246 -0.043803 
 -0.108870 -0.272822 -0.018924 
 -0.089580 -0.288487 0.005924 
 -0.075863 -0.305949 0.000024 
 -0.056469 -0.321747 0.024828 
 -0.042717 -0.339253 0.018913 
 -0.026092 -0.355971 0.028334 
 -0.006541 -0.371970 0.053070 
 0.013081 -0.388057 0.077776 
 0.026919 -0.405673 0.071824 
 0.040758 -0.423290 0.065871 
 0.060519 -0.439555 0.090517 
 0.074392 -0.457216 0.084549 
 0.094258 -0.473614 0.109150 
 0.102139 -0.492538 0.072614 
 0.116013 -0.510198 0.066647 
 0.179144 -0.599455 0.006346 
 0.192982 -0.617071 0.000394 
 0.206821 -0.634688 -0.005559 
 0.220660 -0.652304 -0.011511 
 0.234498 -0.669921 -0.017464 
 0.248337 -0.687537 -0.023416 
 0.262175 -0.705154 -0.029369 
 0.276014 -0.722770 -0.035321 
 0.289853 -0.740386 -0.041274 
 0.303691 -0.758003 -0.047226 
 0.317530 -0.775619 -0.053179 
 0.331368 -0.793236 -0.059131 
 0.345207 -0.810852 -0.065084 
 0.359045 -0.828469 -0.071036 
 0.372884 -0.846085 -0.076989 
 -0.398396 0.036956 0.018100 
 -0.389703 0.017092 -0.018774 
 -0.376144 -0.000169 -0.024606 
 -0.362584 -0.017430 -0.030439 
 -0.354030 -0.037116 -0.067251 
 -0.340506 -0.054332 -0.073069 
 -0.326981 -0.071549 -0.078886 
 -0.313457 -0.088765 -0.084704 
 -0.299932 -0.105982 -0.090521 
 -0.281228 -0.120996 -0.065433 
 -0.267669 -0.138257 -0.071265 
 -0.248859 -0.153404 -0.046222 
 -0.235265 -0.170710 -0.052069 
 -0.219011 -0.187002 -0.042494 
 -0.208077 -0.205320 -0.063764 
 -0.194482 -0.222626 -0.069611 
 -0.178176 -0.238986 -0.060059 
 -0.164564 -0.256313 -0.065913 
 -0.145458 -0.271838 -0.040997 
 -0.126283 -0.287452 -0.016112 
 -0.112601 -0.304868 -0.021997 
 -0.093321 -0.320615 0.002843 
 -0.073971 -0.336451 0.027654 
 -0.060220 -0.353957 0.021740 
 -0.043617 -0.370694 0.031165 
 -0.024110 -0.386730 0.055907 
 -0.010306 -0.404302 0.049970 
 0.009306 -0.420471 0.074668 
 0.023145 -0.438087 0.068716 
 0.036983 -0.455704 0.062763 
 0.056734 -0.472050 0.087401 
 0.070608 -0.489711 0.081433 
 0.084481 -0.507372 0.075466 
 0.098355 -0.525033 0.069498 
 0.112228 -0.542694 0.063531 
 0.120015 -0.561403 0.027048 
 0.133853 -0.579019 0.021096 
 0.161530 -0.614252 0.009191 
 0.181596 -0.630999 0.033693 
 0.195469 -0.648659 0.027726 
 0.209343 -0.666320 0.021758 
 0.223216 -0.683981 0.015791 
 0.230723 -0.702334 -0.020572 
 0.244562 -0.719951 -0.026524 
 0.258401 -0.737567 -0.032477 
 0.272239 -0.755184 -0.038429 
 0.286078 -0.772800 -0.044382 
 0.299916 -0.790417 -0.050334 
 0.313755 -0.808033 -0.056287 
 0.327594 -0.825650 -0.062239 
 0.341432 -0.843266 -0.068192 
 0.355271 -0.860883 -0.074144 
 -0.402105 0.005115 0.015047 
 -0.388510 -0.012191 0.009200 
 -0.374916 -0.029496 0.003352 
 -0.366283 -0.049189 -0.033484 
 -0.347727 -0.064107 -0.008343 
 -0.339164 -0.083711 -0.045148 
 -0.320539 -0.098718 -0.020037 
 -0.306944 -0.116024 -0.025885 
 -0.293350 -0.133329 -0.031732 
 -0.279756 -0.150635 -0.037580 
 -0.266162 -0.167940 -0.043427 
 -0.249947 -0.184230 -0.033841 
 -0.236336 -0.201557 -0.039696 
 -0.225379 -0.219856 -0.060969 
 -0.209112 -0.236213 -0.051406 
 -0.195500 -0.253540 -0.057260 
 -0.176474 -0.269058 -0.032322 
 -0.157378 -0.284665 -0.007415 
 -0.143696 -0.302081 -0.013299 
 -0.130015 -0.319498 -0.019184 
 -0.110779 -0.335282 0.005663 
 -0.091473 -0.351155 0.030481 
 -0.077722 -0.368661 0.024566 
 -0.061141 -0.385416 0.033995 
 -0.047372 -0.402944 0.028073 
 -0.033603 -0.420472 0.022150 
 -0.014071 -0.436634 0.046870 
 -0.000267 -0.454206 0.040932 
 0.013536 -0.471778 0.034995 
 0.033208 -0.488117 0.059656 
 0.047047 -0.505734 0.053703 
 0.060886 -0.523350 0.047751 
 0.074724 -0.540967 0.041798 
 0.082555 -0.559638 0.005308 
 0.096358 -0.577210 -0.000630 
 0.116240 -0.593816 0.023941 
 0.130079 -0.611433 0.017988 
 0.143917 -0.629049 0.012036 
 0.157756 -0.646666 0.006083 
 0.177812 -0.663494 0.030578 
 0.185433 -0.681899 -0.005822 
 0.199272 -0.699515 -0.011774 
 0.213110 -0.717132 -0.017727 
 0.226949 -0.734748 -0.023679 
 0.240787 -0.752365 -0.029632 
 0.254626 -0.769981 -0.035584 
 0.268465 -0.787597 -0.041537 
 0.282303 -0.805214 -0.047489 
 0.296142 -0.822831 -0.053442 
 0.309980 -0.840447 -0.059394 
 0.323819 -0.858064 -0.065347 
 0.337658 -0.875680 -0.071299 
 0.351496 -0.893296 -0.077252 
 -0.403389 -0.025508 0.027507 
 -0.392218 -0.044033 0.006147 
 -0.383541 -0.063688 -0.030696 
 -0.365030 -0.078643 -0.005548 
 -0.351435 -0.095949 -0.011396 
 -0.337841 -0.113254 -0.017243 
 -0.324247 -0.130560 -0.023090 
 -0.310652 -0.147865 -0.028938 
 -0.297058 -0.165171 -0.034785 
 -0.280884 -0.181457 -0.025188 
 -0.267272 -0.198784 -0.031043 
 -0.253660 -0.216112 -0.036897 
 -0.240048 -0.233440 -0.042752 
 -0.226437 -0.250767 -0.048607 
 -0.207489 -0.266278 -0.023647 
 -0.193843 -0.283650 -0.029517 
 -0.174791 -0.299294 -0.004602 
 -0.161110 -0.316710 -0.010487 
 -0.147428 -0.334127 -0.016372 
 -0.128237 -0.349949 0.008483 
 -0.108975 -0.365859 0.033308 
 -0.095224 -0.383365 0.027393 
 -0.081473 -0.400870 0.021478 
 -0.064897 -0.417667 0.030903 
 -0.045444 -0.433822 0.055645 
 -0.031640 -0.451394 0.049708 
 -0.017836 -0.468966 0.043770 
 -0.004033 -0.486538 0.037833 
 0.015595 -0.502915 0.062500 
 0.029434 -0.520531 0.056548 
 0.043272 -0.538148 0.050595 
 0.057111 -0.555764 0.044643 
 0.070950 -0.573381 0.038690 
 0.084788 -0.590997 0.032738 
 0.098627 -0.608614 0.026785 
 0.112465 -0.626230 0.020833 
 0.126304 -0.643847 0.014880 
 0.140143 -0.661463 0.008928 
 0.160154 -0.678329 0.033430 
 0.174028 -0.695990 0.027462 
 0.187901 -0.713650 0.021495 
 0.201775 -0.731311 0.015527 
 0.215648 -0.748972 0.009560 
 0.229522 -0.766633 0.003592 
 0.243395 -0.784294 -0.002375 
 0.257269 -0.801955 -0.008343 
 0.271142 -0.819616 -0.014310 
 0.278529 -0.837628 -0.050597 
 0.292367 -0.855244 -0.056550 
 0.306206 -0.872861 -0.062502 
 0.320044 -0.890477 -0.068455 
 0.333883 -0.908094 -0.074407 
 0.354383 -0.925581 -0.050115 
 -0.409520 -0.058569 0.008941 
 -0.395926 -0.075874 0.003094 
 -0.379878 -0.092045 0.012740 
 -0.366267 -0.109373 0.006885 
 -0.355143 -0.127790 -0.014448 
 -0.339043 -0.144028 -0.004825 
 -0.325432 -0.161356 -0.010680 
 -0.311820 -0.178684 -0.016535 
 -0.298208 -0.196011 -0.022390 
 -0.284596 -0.213339 -0.028244 
 -0.265798 -0.228754 -0.003232 
 -0.257373 -0.247994 -0.039954 
 -0.243761 -0.265322 -0.045809 
 -0.224858 -0.280870 -0.020842 
 -0.211212 -0.298242 -0.026711 
 -0.192204 -0.313923 -0.001790 
 -0.178523 -0.331340 -0.007674 
 -0.164841 -0.348756 -0.013559 
 -0.145695 -0.364615 0.011302 
 -0.126478 -0.380563 0.036135 
 -0.112726 -0.398069 0.030220 
 -0.098975 -0.415574 0.024305 
 -0.082421 -0.432389 0.033733 
 -0.068652 -0.449917 0.027811 
 -0.049209 -0.466154 0.052545 
 -0.035405 -0.483726 0.046608 
 -0.027346 -0.502500 0.010043 
 -0.007798 -0.518870 0.034733 
 0.006006 -0.536442 0.028795 
 0.019810 -0.554014 0.022858 
 0.033613 -0.571586 0.016920 
 0.053336 -0.588178 0.041535 
 0.067175 -0.605795 0.035583 
 0.081014 -0.623411 0.029630 
 0.094852 -0.641027 0.023678 
 0.114749 -0.657841 0.048217 
 0.128623 -0.675502 0.042249 
 0.142496 -0.693163 0.036282 
 0.150206 -0.711493 -0.000132 
 0.170243 -0.728485 0.024347 
 0.184117 -0.746146 0.018379 
 0.197990 -0.763807 0.012412 
 0.211864 -0.781468 0.006444 
 0.225737 -0.799129 0.000477 
 0.239611 -0.816790 -0.005491 
 0.253484 -0.834451 -0.011458 
 0.267358 -0.852112 -0.017426 
 0.281231 -0.869772 -0.023393 
 0.288592 -0.887658 -0.059657 
 0.302431 -0.905275 -0.065610 
 0.316270 -0.922891 -0.071562 
 0.336725 -0.940416 -0.047263 
 -0.413228 -0.090410 0.005888 
 -0.397203 -0.106600 0.015538 
 -0.383591 -0.123928 0.009683 
 -0.369979 -0.141255 0.003828 
 -0.356368 -0.158583 -0.002027 
 -0.342756 -0.175911 -0.007882 
 -0.329144 -0.193238 -0.013737 
 -0.315533 -0.210566 -0.019591 
 -0.301921 -0.227894 -0.025446 
 -0.283167 -0.243346 -0.000426 
 -0.274697 -0.262549 -0.037156 
 -0.255874 -0.278090 -0.012166 
 -0.242227 -0.295462 -0.018036 
 -0.223299 -0.311136 0.006908 
 -0.209618 -0.328553 0.001023 
 -0.195936 -0.345969 -0.004862 
 -0.176869 -0.361821 0.020022 
 -0.157731 -0.377762 0.044877 
 -0.143980 -0.395267 0.038962 
 -0.130228 -0.412773 0.033047 
 -0.116477 -0.430278 0.027132 
 -0.099946 -0.447112 0.036564 
 -0.086177 -0.464640 0.030641 
 -0.066778 -0.480914 0.055383 
 -0.052974 -0.498486 0.049445 
 -0.044870 -0.517223 0.012874 
 -0.025367 -0.533630 0.037570 
 -0.017333 -0.552278 0.001029 
 0.002241 -0.568774 0.025695 
 0.016044 -0.586346 0.019758 
 0.035723 -0.602975 0.044380 
 0.049562 -0.620592 0.038427 
 0.063400 -0.638208 0.032475 
 0.077239 -0.655825 0.026522 
 0.097092 -0.672676 0.051069 
 0.110965 -0.690337 0.045101 
 0.124839 -0.707998 0.039134 
 0.138712 -0.725659 0.033166 
 0.152586 -0.743320 0.027199 
 0.166459 -0.760981 0.021231 
 0.180333 -0.778642 0.015264 
 0.194206 -0.796302 0.009296 
 0.208080 -0.813963 0.003329 
 0.221953 -0.831624 -0.002639 
 0.235827 -0.849285 -0.008606 
 0.249700 -0.866946 -0.014574 
 0.263574 -0.884607 -0.020541 
 -0.400916 -0.138482 0.012481 
 -0.387304 -0.155810 0.006626 
 -0.373692 -0.173138 0.000772 
 -0.360081 -0.190465 -0.005083 
 -0.346469 -0.207793 -0.010938 
 -0.327829 -0.223193 0.014119 
 -0.314183 -0.240565 0.008249 
 -0.300536 -0.257938 0.002379 
 -0.292022 -0.277104 -0.034358 
 -0.273243 -0.292682 -0.009361 
 -0.254394 -0.308349 0.015605 
 -0.240713 -0.325766 0.009720 
 -0.221759 -0.341566 0.034642 
 -0.208043 -0.359027 0.028742 
 -0.194327 -0.376488 0.022842 
 -0.175233 -0.392466 0.047704 
 -0.161482 -0.409971 0.041789 
 -0.147731 -0.427477 0.035874 
 -0.133979 -0.444982 0.029959 
 -0.117470 -0.461835 0.039394 
 -0.103701 -0.479362 0.033472 
 -0.084346 -0.495673 0.058220 
 -0.070543 -0.513246 0.052283 
 -0.062395 -0.531945 0.015704 
 -0.048626 -0.549473 0.009782 
 -0.034857 -0.567000 0.003859 
 -0.015328 -0.583534 0.028533 
 -0.001524 -0.601106 0.022595 
 0.018110 -0.617772 0.047225 
 0.031949 -0.635389 0.041272 
 0.045787 -0.653005 0.035320 
 0.059626 -0.670622 0.029367 
 0.079434 -0.687511 0.053921 
 0.093308 -0.705172 0.047953 
 0.107181 -0.722832 0.041986 
 0.121055 -0.740493 0.036018 
 0.134928 -0.758154 0.030051 
 0.154946 -0.775310 0.054515 
 0.168854 -0.793015 0.048532 
 0.182763 -0.810721 0.042550 
 0.196671 -0.828426 0.036567 
 0.204295 -0.846459 0.000213 
 0.218169 -0.864120 -0.005754 
 0.232043 -0.881781 -0.011722 
 -0.394941 -0.166229 0.071382 
 -0.386138 -0.185669 0.034534 
 -0.372492 -0.203041 0.028664 
 -0.358845 -0.220413 0.022794 
 -0.345198 -0.237785 0.016924 
 -0.326534 -0.253312 0.041958 
 -0.317905 -0.272530 0.005184 
 -0.304258 -0.289902 -0.000686 
 -0.290612 -0.307274 -0.006556 
 -0.271808 -0.322978 0.018418 
 -0.252934 -0.338772 0.043361 
 -0.239217 -0.356232 0.037461 
 -0.225501 -0.373693 0.031561 
 -0.206487 -0.389664 0.056445 
 -0.192736 -0.407170 0.050531 
 -0.178984 -0.424675 0.044616 
 -0.165233 -0.442181 0.038701 
 -0.148763 -0.459030 0.048147 
 -0.134994 -0.476557 0.042225 
 -0.121226 -0.494085 0.036302 
 -0.101915 -0.510433 0.061058 
 -0.088112 -0.528006 0.055120 
 -0.079919 -0.546668 0.018535 
 -0.066150 -0.564195 0.012612 
 -0.052382 -0.581723 0.006690 
 -0.032897 -0.598294 0.031371 
 -0.019093 -0.615866 0.025433 
 -0.005289 -0.633438 0.019496 
 0.014335 -0.650186 0.044117 
 0.028174 -0.667803 0.038164 
 0.042012 -0.685419 0.032212 
 0.061776 -0.702345 0.056773 
 0.075650 -0.720006 0.050805 
 0.089523 -0.737667 0.044838 
 0.103397 -0.755328 0.038870 
 0.123336 -0.772476 0.063356 
 0.137244 -0.790182 0.057374 
 0.151152 -0.807887 0.051391 
 0.165061 -0.825592 0.045409 
 0.178969 -0.843298 0.039426 
 0.186638 -0.861293 0.003065 
 -0.384992 -0.215692 0.062425 
 -0.376214 -0.235005 0.025599 
 -0.362567 -0.252377 0.019729 
 -0.343947 -0.267941 0.044770 
 -0.330266 -0.285358 0.038885 
 -0.321627 -0.304494 0.002120 
 -0.302902 -0.320191 0.027115 
 -0.284108 -0.335977 0.052081 
 -0.270391 -0.353438 0.046181 
 -0.256675 -0.370899 0.040281 
 -0.237740 -0.386863 0.065187 
 -0.223989 -0.404368 0.059272 
 -0.210238 -0.421874 0.053357 
 -0.196486 -0.439379 0.047442 
 -0.180056 -0.456225 0.056900 
 -0.166288 -0.473752 0.050978 
 -0.152519 -0.491280 0.045055 
 -0.138750 -0.508808 0.039133 
 -0.119484 -0.525193 0.063896 
 -0.105680 -0.542766 0.057958 
 -0.097444 -0.561391 0.021365 
 -0.083675 -0.578918 0.015443 
 -0.069906 -0.596446 0.009520 
 -0.056137 -0.613973 0.003598 
 -0.042369 -0.631501 -0.002325 
 -0.022858 -0.648198 0.022333 
 -0.009055 -0.665770 0.016396 
 0.010561 -0.682600 0.041009 
 0.024399 -0.700217 0.035057 
 0.044119 -0.717180 0.059625 
 0.057992 -0.734841 0.053657 
 0.071866 -0.752502 0.047690 
 0.085739 -0.770163 0.041722 
 0.105633 -0.787348 0.066215 
 0.119542 -0.805054 0.060233 
 0.133450 -0.822759 0.054250 
 -0.393583 -0.249597 0.028405 
 -0.375042 -0.265154 0.053468 
 -0.361360 -0.282571 0.047583 
 -0.347679 -0.299987 0.041698 
 -0.333997 -0.317404 0.035813 
 -0.320316 -0.334820 0.029928 
 -0.301566 -0.350644 0.054900 
 -0.282745 -0.366556 0.079844 
 -0.274133 -0.385566 0.043100 
 -0.260416 -0.403027 0.037201 
 -0.241491 -0.419072 0.062099 
 -0.225118 -0.435892 0.071575 
 -0.211350 -0.453420 0.065653 
 -0.197581 -0.470947 0.059730 
 -0.183812 -0.488475 0.053808 
 -0.170043 -0.506003 0.047885 
 -0.156274 -0.523530 0.041963 
 -0.131600 -0.538849 0.097427 
 -0.117761 -0.556466 0.091474 
 -0.114968 -0.576113 0.024196 
 -0.101199 -0.593641 0.018273 
 -0.087430 -0.611168 0.012351 
 -0.073662 -0.628696 0.006428 
 -0.059893 -0.646224 0.000506 
 -0.040427 -0.662958 0.025171 
 -0.026623 -0.680530 0.019233 
 -0.007053 -0.697397 0.043854 
 0.006786 -0.715014 0.037902 
 0.026461 -0.732015 0.062476 
 0.040335 -0.749675 0.056509 
 0.054208 -0.767336 0.050541 
 0.068082 -0.784997 0.044574 
 -0.387606 -0.278006 0.087220 
 -0.373889 -0.295467 0.081320 
 -0.360173 -0.312927 0.075420 
 -0.346456 -0.330389 0.069520 
 -0.332740 -0.347849 0.063620 
 -0.319023 -0.365311 0.057720 
 -0.300248 -0.381260 0.082671 
 -0.286496 -0.398766 0.076756 
 -0.272745 -0.416271 0.070841 
 -0.256411 -0.433087 0.080328 
 -0.242643 -0.450615 0.074406 
 -0.231491 -0.468787 0.053096 
 -0.217739 -0.486293 0.047181 
 -0.203988 -0.503798 0.041266 
 -0.190237 -0.521303 0.035351 
 -0.176485 -0.538809 0.029436 
 -0.149213 -0.553646 0.100271 
 -0.135375 -0.571263 0.094319 
 -0.127014 -0.589858 0.057696 
 -0.113211 -0.607430 0.051758 
 -0.104955 -0.625891 0.015181 
 -0.091186 -0.643419 0.009259 
 -0.077417 -0.660946 0.003336 
 -0.057996 -0.677718 0.028008 
 -0.044192 -0.695290 0.022071 
 -0.377631 -0.327594 0.078240 
 -0.359004 -0.343448 0.103243 
 -0.345252 -0.360953 0.097328 
 -0.331501 -0.378459 0.091413 
 -0.315242 -0.395227 0.100926 
 -0.301474 -0.412755 0.095004 
 -0.287705 -0.430282 0.089081 
 -0.273936 -0.447810 0.083159 
 -0.260167 -0.465338 0.077236 
 -0.248993 -0.483491 0.055923 
 -0.235242 -0.500997 0.050008 
 -0.221490 -0.518502 0.044093 
 -0.207739 -0.536007 0.038178 
 -0.193988 -0.553513 0.032263 
 -0.166827 -0.568444 0.103116 
 -0.152988 -0.586060 0.097164 
 -0.144583 -0.604618 0.060533 
 -0.376506 -0.358152 0.106069 
 -0.362755 -0.375657 0.100155 
 -0.349003 -0.393163 0.094240 
 -0.332767 -0.409950 0.103757 
 -0.318998 -0.427477 0.097834 
 -0.305229 -0.445005 0.091912 
 -0.291460 -0.462533 0.085989 
 -0.277692 -0.480060 0.080067 
 -0.266495 -0.498195 0.058750 
 -0.252744 -0.515701 0.052835 
 -0.380257 -0.390361 0.102981 
 -0.366505 -0.407867 0.097066 
 -0.352754 -0.425372 0.091151 
 -0.339003 -0.442878 0.085236 
 -0.322754 -0.459728 0.094742 
 -0.384008 -0.422571 0.099893 
 -0.370256 -0.440076 0.093978 
 -0.356505 -0.457582 0.088063 
 -0.387759 -0.454780 0.096805 
 