0.151386 0.988474 -0.001451 
 0.163364 0.974412 -0.030745 
 0.177722 0.964064 -0.047460 
 0.194525 0.957404 -0.051614 
 0.211328 0.950745 -0.055767 
 0.228131 0.944085 -0.059920 
 0.123127 0.970424 -0.021295 
 0.139952 0.963755 -0.025454 
 0.154341 0.953421 -0.042176 
 0.171143 0.946761 -0.046330 
 0.187946 0.940102 -0.050483 
 0.204749 0.933442 -0.054636 
 0.224076 0.930413 -0.046248 
 0.240901 0.923744 -0.050407 
 0.116540 0.953098 -0.020163 
 0.133365 0.946430 -0.024322 
 0.147762 0.936118 -0.041046 
 0.164565 0.929459 -0.045199 
 0.181368 0.922799 -0.049352 
 0.200665 0.919756 -0.040957 
 0.217489 0.913087 -0.045116 
 0.231777 0.902819 -0.061812 
 0.243461 0.888978 -0.091030 
 0.260220 0.882336 -0.095173 
 0.107578 0.932135 -0.031608 
 0.124381 0.925475 -0.035762 
 0.141184 0.918816 -0.039915 
 0.157987 0.912156 -0.044068 
 0.174789 0.905496 -0.048222 
 0.194078 0.902430 -0.039825 
 0.210902 0.895762 -0.043984 
 0.225198 0.885517 -0.060682 
 0.242001 0.878857 -0.064835 
 0.253659 0.865078 -0.094045 
 0.270418 0.858436 -0.098188 
 0.079506 0.914244 -0.051492 
 0.096265 0.907602 -0.055635 
 0.113024 0.900960 -0.059777 
 0.134605 0.901513 -0.038784 
 0.151408 0.894853 -0.042938 
 0.168211 0.888193 -0.047091 
 0.187491 0.885105 -0.038693 
 0.209312 0.885563 -0.017758 
 0.221140 0.871768 -0.047010 
 0.237965 0.865100 -0.051169 
 0.252226 0.854894 -0.067858 
 0.269028 0.848234 -0.072011 
 0.089704 0.890344 -0.054507 
 0.106463 0.883702 -0.058650 
 0.128027 0.884210 -0.037654 
 0.144830 0.877550 -0.041807 
 0.161633 0.870890 -0.045960 
 0.178436 0.864231 -0.050114 
 0.197728 0.861111 -0.041719 
 0.214553 0.854443 -0.045878 
 0.228844 0.844251 -0.062574 
 0.245647 0.837591 -0.066727 
 0.262450 0.830932 -0.070880 
 0.279253 0.824272 -0.075034 
 0.071040 0.886887 -0.024063 
 0.083143 0.873087 -0.053379 
 0.104646 0.873567 -0.032370 
 0.121448 0.866907 -0.036523 
 0.138251 0.860247 -0.040676 
 0.155054 0.853588 -0.044829 
 0.171857 0.846928 -0.048983 
 0.191141 0.843786 -0.040587 
 0.207966 0.837118 -0.044746 
 0.224791 0.830449 -0.048905 
 0.239069 0.820289 -0.065596 
 0.258441 0.817112 -0.057222 
 0.275266 0.810444 -0.061381 
 0.081264 0.862924 -0.027085 
 0.098067 0.856264 -0.031239 
 0.114870 0.849604 -0.035392 
 0.131673 0.842945 -0.039545 
 0.148476 0.836285 -0.043699 
 0.165279 0.829625 -0.047852 
 0.184554 0.826461 -0.039455 
 0.201379 0.819792 -0.043614 
 0.218204 0.813124 -0.047772 
 0.235029 0.806455 -0.051931 
 0.251854 0.799787 -0.056090 
 0.273843 0.800022 -0.035201 
 0.290712 0.793336 -0.039370 
 0.077018 0.849146 -0.013370 
 0.093843 0.842478 -0.017529 
 0.110668 0.835809 -0.021688 
 0.127493 0.829141 -0.025846 
 0.141897 0.818982 -0.042568 
 0.161143 0.815804 -0.034164 
 0.177967 0.809135 -0.038323 
 0.199765 0.809395 -0.017387 
 0.216633 0.802709 -0.021557 
 0.233502 0.796023 -0.025727 
 0.250371 0.789338 -0.029896 
 0.272386 0.789511 -0.009016 
 0.291895 0.786228 -0.000676 
 0.308829 0.779516 -0.004862 
 0.075080 0.838825 0.012935 
 0.091949 0.832139 0.008765 
 0.108817 0.825454 0.004596 
 0.125686 0.818768 0.000426 
 0.137731 0.805147 -0.028873 
 0.154556 0.798478 -0.033032 
 0.176292 0.798710 -0.012083 
 0.193160 0.792024 -0.016252 
 0.215028 0.792204 0.004663 
 0.231940 0.785501 0.000483 
 0.248853 0.778798 -0.003697 
 0.268331 0.775502 0.004649 
 0.290439 0.775586 0.025506 
 0.307417 0.768857 0.021309 
 0.068476 0.821455 0.014070 
 0.085344 0.814769 0.009900 
 0.102213 0.808083 0.005731 
 0.119082 0.801397 0.001561 
 0.135950 0.794711 -0.002608 
 0.152819 0.788026 -0.006778 
 0.169688 0.781340 -0.010948 
 0.191494 0.781492 0.009982 
 0.208407 0.774789 0.005802 
 0.225319 0.768086 0.001621 
 0.242231 0.761383 -0.002559 
 0.261701 0.758063 0.005789 
 0.283792 0.758103 0.026648 
 0.300770 0.751374 0.022452 
 0.317748 0.744644 0.018255 
 0.066486 0.810999 0.040383 
 0.078740 0.797399 0.011035 
 0.095609 0.790713 0.006866 
 0.112478 0.784027 0.002696 
 0.129346 0.777341 -0.001473 
 0.146215 0.770655 -0.005643 
 0.163083 0.763969 -0.009812 
 0.184873 0.764077 0.011120 
 0.201785 0.757373 0.006940 
 0.218698 0.750670 0.002759 
 0.235610 0.743967 -0.001421 
 0.255071 0.740625 0.006929 
 0.277145 0.740620 0.027791 
 0.299307 0.740579 0.048631 
 0.316329 0.733832 0.044424 
 0.045228 0.803730 0.058298 
 0.059864 0.793583 0.041521 
 0.072136 0.780028 0.012171 
 0.089005 0.773342 0.008001 
 0.110602 0.773474 0.028980 
 0.122742 0.759970 -0.000338 
 0.139611 0.753285 -0.004508 
 0.156479 0.746599 -0.008677 
 0.178251 0.746661 0.012258 
 0.195164 0.739958 0.008078 
 0.212076 0.733255 0.003897 
 0.228989 0.726551 -0.000283 
 0.248441 0.723187 0.008068 
 0.270498 0.723136 0.028933 
 0.292642 0.723051 0.049777 
 0.309664 0.716304 0.045569 
 0.043134 0.793133 0.084632 
 0.053243 0.776168 0.042659 
 0.070155 0.769464 0.038479 
 0.087068 0.762761 0.034298 
 0.103980 0.756058 0.030118 
 0.120893 0.749355 0.025937 
 0.137805 0.742652 0.021757 
 0.154718 0.735949 0.017577 
 0.174074 0.732597 0.025951 
 0.191008 0.725885 0.021765 
 0.205455 0.715839 0.005035 
 0.222367 0.709136 0.000855 
 0.241811 0.705749 0.009208 
 0.268956 0.712269 0.055130 
 0.285978 0.705522 0.050922 
 0.303000 0.698776 0.046715 
 0.031969 0.768853 0.060577 
 0.046622 0.758752 0.043797 
 0.063534 0.752049 0.039617 
 0.080447 0.745346 0.035436 
 0.097359 0.738642 0.031256 
 0.114272 0.731939 0.027076 
 0.131184 0.725236 0.022895 
 0.148096 0.718533 0.018715 
 0.167444 0.715158 0.027091 
 0.184378 0.708447 0.022905 
 0.198834 0.698423 0.006174 
 0.215746 0.691720 0.001993 
 0.235181 0.688311 0.010347 
 0.262292 0.694741 0.056275 
 0.279314 0.687994 0.052068 
 0.296336 0.681247 0.047860 
 0.025339 0.751415 0.061717 
 0.040000 0.741337 0.044935 
 0.056913 0.734633 0.040755 
 0.073825 0.727930 0.036574 
 0.090738 0.721227 0.032394 
 0.107650 0.714524 0.028214 
 0.124563 0.707821 0.024033 
 0.143879 0.704432 0.032416 
 0.165666 0.704333 0.053344 
 0.177748 0.691008 0.024044 
 0.194683 0.684296 0.019858 
 0.209125 0.674305 0.003131 
 0.228551 0.670873 0.011487 
 0.245486 0.664161 0.007301 
 0.272650 0.670466 0.053213 
 0.023193 0.740683 0.088060 
 0.033379 0.723921 0.046073 
 0.050292 0.717218 0.041893 
 0.067204 0.710514 0.037713 
 0.084116 0.703811 0.033532 
 0.101029 0.697108 0.029352 
 0.117941 0.690405 0.025171 
 0.137250 0.686994 0.033556 
 0.154184 0.680282 0.029370 
 0.171118 0.673570 0.025184 
 0.188053 0.666858 0.020998 
 0.202504 0.656889 0.004269 
 0.219416 0.650186 0.000089 
 0.236328 0.643483 -0.004092 
 0.016546 0.723200 0.089202 
 0.029013 0.709827 0.059810 
 0.045948 0.703115 0.055624 
 0.062882 0.696403 0.051438 
 0.079817 0.689691 0.047253 
 0.094408 0.679692 0.030490 
 0.113685 0.676268 0.038881 
 0.130620 0.669556 0.034695 
 0.152372 0.669366 0.055629 
 0.164488 0.656132 0.026323 
 0.181423 0.649420 0.022138 
 0.198357 0.642708 0.017952 
 0.220284 0.642449 0.038843 
 0.237263 0.635720 0.034646 
 -0.002673 0.719079 0.119762 
 0.005449 0.699101 0.065135 
 0.022383 0.692389 0.060950 
 0.043856 0.692258 0.081952 
 0.056252 0.678965 0.052578 
 0.073187 0.672253 0.048392 
 0.090121 0.665541 0.044206 
 0.107055 0.658829 0.040020 
 0.128747 0.658612 0.060968 
 0.145725 0.651883 0.056772 
 0.162703 0.645154 0.052575 
 0.179681 0.638424 0.048378 
 0.201591 0.638120 0.069272 
 0.218613 0.631373 0.065064 
 0.240655 0.631017 0.085926 
 0.257721 0.624253 0.081708 
 -0.009337 0.701551 0.120907 
 0.007685 0.694804 0.116700 
 0.020230 0.681504 0.087291 
 0.037208 0.674775 0.083094 
 0.054187 0.668046 0.078897 
 0.066557 0.654815 0.049532 
 0.083491 0.648103 0.045346 
 0.105121 0.647858 0.066307 
 0.122099 0.641129 0.062111 
 0.143861 0.640832 0.083040 
 0.160883 0.634085 0.078832 
 0.177905 0.627338 0.074625 
 0.194927 0.620592 0.070417 
 0.211949 0.613845 0.066210 
 0.228971 0.607098 0.062002 
 0.245993 0.600352 0.057795 
 -0.022202 0.707170 0.189354 
 -0.005071 0.700380 0.185119 
 0.005437 0.683802 0.143061 
 0.018043 0.670529 0.113638 
 0.035065 0.663783 0.109430 
 0.047540 0.650563 0.080040 
 0.064518 0.643833 0.075843 
 0.081496 0.637104 0.071647 
 0.098474 0.630375 0.067450 
 0.120175 0.630050 0.088393 
 0.137197 0.623303 0.084185 
 0.154219 0.616556 0.079978 
 0.171241 0.609810 0.075770 
 0.188263 0.603063 0.071563 
 0.205285 0.596317 0.067355 
 0.222307 0.589570 0.063148 
 0.239329 0.582823 0.058940 
 -0.028909 0.689529 0.190507 
 -0.016133 0.676241 0.161042 
 0.000955 0.669469 0.156819 
 0.011379 0.653001 0.114783 
 0.028401 0.646254 0.110576 
 0.045423 0.639508 0.106368 
 0.057871 0.626350 0.076986 
 0.074849 0.619621 0.072789 
 0.091827 0.612891 0.068593 
 0.113511 0.612521 0.089538 
 0.130533 0.605775 0.085331 
 0.147555 0.599028 0.081123 
 0.164577 0.592281 0.076916 
 0.181599 0.585535 0.072708 
 0.198621 0.578788 0.068501 
 0.215643 0.572042 0.064293 
 0.232665 0.565295 0.060086 
 -0.031323 0.678358 0.216903 
 -0.018485 0.665098 0.187425 
 -0.005735 0.651872 0.157969 
 0.009140 0.641891 0.141140 
 0.021737 0.628726 0.111721 
 0.038759 0.621979 0.107514 
 0.051224 0.608867 0.078128 
 0.072803 0.608486 0.099099 
 0.085180 0.595408 0.069735 
 0.106847 0.594993 0.090684 
 0.123869 0.588246 0.086476 
 0.140891 0.581500 0.082269 
 0.157913 0.574753 0.078061 
 0.174935 0.568007 0.073854 
 0.191957 0.561260 0.069646 
 0.208979 0.554513 0.065439 
 -0.050989 0.673922 0.247560 
 -0.033770 0.667097 0.243304 
 -0.025192 0.647457 0.188578 
 -0.012425 0.634276 0.159118 
 0.002459 0.624317 0.142288 
 0.019524 0.617553 0.138070 
 0.032094 0.604451 0.108659 
 0.049116 0.597704 0.104452 
 0.066138 0.590958 0.100244 
 0.083160 0.584211 0.096037 
 0.100182 0.577465 0.091829 
 0.117204 0.570718 0.087622 
 0.134226 0.563971 0.083414 
 0.151248 0.557225 0.079207 
 0.168270 0.550478 0.074999 
 0.185292 0.543732 0.070792 
 0.202314 0.536985 0.066584 
 -0.061946 0.649793 0.223459 
 -0.044771 0.642986 0.219214 
 -0.031899 0.629816 0.189731 
 -0.014768 0.623026 0.185496 
 -0.004223 0.606744 0.143436 
 0.012843 0.599980 0.139218 
 0.029909 0.593216 0.135000 
 0.042452 0.580176 0.105597 
 0.059474 0.573429 0.101390 
 0.076496 0.566683 0.097182 
 0.093518 0.559936 0.092975 
 0.110540 0.553189 0.088767 
 0.127562 0.546443 0.084560 
 0.149370 0.545868 0.105472 
 0.161606 0.532950 0.076145 
 0.178628 0.526203 0.071937 
 0.195650 0.519456 0.067730 
 -0.081691 0.645284 0.254134 
 -0.064472 0.638459 0.249878 
 -0.051495 0.625299 0.220370 
 -0.038606 0.612174 0.190884 
 -0.021475 0.605384 0.186649 
 -0.010904 0.589170 0.144585 
 0.006162 0.582406 0.140367 
 0.023228 0.575642 0.136148 
 0.040293 0.568878 0.131930 
 0.057359 0.562114 0.127712 
 0.074425 0.555350 0.123493 
 0.091491 0.548586 0.119275 
 0.110897 0.544903 0.127628 
 0.125622 0.535058 0.110838 
 0.142688 0.528294 0.106620 
 0.154942 0.515421 0.077290 
 0.171964 0.508675 0.073083 
 -0.105652 0.634377 0.259549 
 -0.088433 0.627552 0.255293 
 -0.071213 0.620728 0.251036 
 -0.058219 0.607613 0.221526 
 -0.045313 0.594533 0.192036 
 -0.028182 0.587743 0.187802 
 -0.017585 0.571597 0.145733 
 -0.000520 0.564833 0.141515 
 0.016546 0.558069 0.137297 
 0.033612 0.551305 0.133078 
 0.050678 0.544541 0.128860 
 0.067744 0.537777 0.124642 
 0.087119 0.534080 0.133002 
 0.108871 0.533423 0.153925 
 0.126002 0.526633 0.149691 
 0.136007 0.510721 0.107768 
 -0.125579 0.629784 0.290266 
 -0.112393 0.616646 0.260708 
 -0.095174 0.609821 0.256451 
 -0.077955 0.602996 0.252195 
 -0.064944 0.589927 0.222681 
 -0.052020 0.576892 0.193189 
 -0.034889 0.570102 0.188955 
 -0.024267 0.554023 0.146882 
 -0.007201 0.547259 0.142663 
 0.009865 0.540495 0.138445 
 0.026931 0.533731 0.134227 
 0.043997 0.526967 0.130008 
 0.061062 0.520203 0.125790 
 0.080429 0.516484 0.134152 
 0.097517 0.509711 0.129928 
 0.119295 0.508992 0.150844 
 -0.132338 0.612008 0.291427 
 -0.119135 0.598914 0.261866 
 -0.101915 0.592089 0.257610 
 -0.084696 0.585265 0.253354 
 -0.075859 0.566041 0.198577 
 -0.058727 0.559251 0.194342 
 -0.045875 0.546296 0.164868 
 -0.030948 0.536450 0.148030 
 -0.018249 0.523556 0.118594 
 0.003184 0.522922 0.139593 
 0.020249 0.516158 0.135375 
 0.037315 0.509394 0.131157 
 0.054381 0.502630 0.126939 
 0.073739 0.498887 0.135302 
 0.090827 0.492115 0.131078 
 -0.156359 0.601074 0.296856 
 -0.143095 0.588007 0.267281 
 -0.125876 0.581183 0.263025 
 -0.112743 0.568169 0.233484 
 -0.095568 0.561362 0.229238 
 -0.082566 0.548400 0.199729 
 -0.069652 0.535473 0.170241 
 -0.054695 0.525640 0.153397 
 -0.041935 0.512774 0.123947 
 -0.024913 0.506027 0.119739 
 -0.007891 0.499281 0.115532 
 0.009131 0.492534 0.111324 
 0.026153 0.485787 0.107117 
 0.047700 0.485056 0.128087 
 0.064766 0.478292 0.123869 
 0.081831 0.471528 0.119650 
 -0.167056 0.577101 0.272696 
 -0.149836 0.570276 0.268440 
 -0.140668 0.551129 0.213586 
 -0.123536 0.544339 0.209351 
 -0.110517 0.531422 0.179839 
 -0.093430 0.524649 0.175615 
 -0.078442 0.514831 0.158764 
 -0.065621 0.501992 0.129300 
 -0.052887 0.489188 0.099858 
 -0.035909 0.482459 0.095662 
 -0.018931 0.475730 0.091465 
 -0.001952 0.469000 0.087268 
 0.019489 0.468259 0.108262 
 0.041018 0.467483 0.129235 
 0.058084 0.460719 0.125017 
 0.075150 0.453955 0.120799 
 -0.191016 0.566194 0.278111 
 -0.173797 0.559369 0.273855 
 -0.164506 0.540277 0.218973 
 -0.151383 0.527371 0.189436 
 -0.134295 0.520598 0.185212 
 -0.119255 0.510785 0.168349 
 -0.102189 0.504021 0.164130 
 -0.089307 0.491210 0.134653 
 -0.076512 0.478434 0.105198 
 -0.065940 0.462687 0.063145 
 -0.049028 0.455984 0.058964 
 -0.032115 0.449280 0.054784 
 -0.015203 0.442577 0.050603 
 0.008379 0.444788 0.084214 
 0.029847 0.443984 0.105200 
 0.046869 0.437238 0.100993 
 0.063891 0.430491 0.096785 
 -0.232196 0.562112 0.287782 
 -0.214977 0.555288 0.283526 
 -0.197758 0.548463 0.279270 
 -0.192248 0.523320 0.199034 
 -0.175160 0.516548 0.194810 
 -0.160068 0.506740 0.177934 
 -0.147037 0.493922 0.148421 
 -0.134094 0.481139 0.118930 
 -0.117115 0.474409 0.114733 
 -0.100137 0.467680 0.110537 
 -0.087369 0.454967 0.081089 
 -0.076815 0.439304 0.039043 
 -0.059947 0.432618 0.034873 
 -0.047420 0.420000 0.005485 
 -0.030595 0.413332 0.001326 
 -0.020414 0.397817 -0.040627 
 -0.023782 0.364714 -0.158107 
 -0.007221 0.358150 -0.162201 
 0.009341 0.351586 -0.166295 
 -0.242692 0.538268 0.263579 
 -0.229315 0.525365 0.233983 
 -0.212183 0.518575 0.229748 
 -0.198938 0.505724 0.200183 
 -0.183815 0.495930 0.183300 
 -0.166750 0.489166 0.179082 
 -0.157719 0.470385 0.124269 
 -0.144802 0.457664 0.094786 
 -0.127868 0.450952 0.090601 
 -0.113008 0.441262 0.073782 
 -0.096095 0.434559 0.069601 
 -0.087656 0.416012 0.014935 
 -0.070832 0.409344 0.010776 
 -0.056169 0.399731 -0.005993 
 -0.043734 0.387202 -0.035357 
 -0.026975 0.380560 -0.039500 
 -0.030267 0.347660 -0.156993 
 -0.013705 0.341095 -0.161086 
 0.002857 0.334531 -0.165180 
 0.019419 0.327967 -0.169274 
 0.035981 0.321402 -0.173368 
 0.052543 0.314838 -0.177461 
 0.073824 0.314005 -0.156431 
 0.090429 0.307423 -0.160536 
 0.107035 0.300842 -0.164641 
 -0.249416 0.520582 0.264735 
 -0.236022 0.507724 0.235135 
 -0.222716 0.494901 0.205557 
 -0.207563 0.485120 0.188667 
 -0.194409 0.472358 0.159126 
 -0.185301 0.453650 0.104298 
 -0.168366 0.446938 0.100112 
 -0.151432 0.440226 0.095926 
 -0.136542 0.430550 0.079100 
 -0.119629 0.423846 0.074920 
 -0.106892 0.411249 0.045483 
 -0.096353 0.395748 0.003444 
 -0.079550 0.389088 -0.000709 
 -0.067054 0.376587 -0.030087 
 -0.058997 0.358295 -0.084657 
 -0.044523 0.348784 -0.101379 
 -0.032312 0.336395 -0.130686 
 -0.015706 0.329813 -0.134791 
 -0.003627 0.317476 -0.164066 
 0.012935 0.310912 -0.168159 
 0.029497 0.304348 -0.172253 
 0.046059 0.297784 -0.176347 
 0.067322 0.296905 -0.155314 
 0.083928 0.290323 -0.159419 
 0.100534 0.283742 -0.163523 
 0.117140 0.277160 -0.167628 
 0.133745 0.270578 -0.171732 
 0.162653 0.277994 -0.113155 
 0.179368 0.271369 -0.117287 
 0.196083 0.264744 -0.121418 
 0.212799 0.258119 -0.125550 
 -0.269639 0.515743 0.295515 
 -0.259861 0.496873 0.240523 
 -0.246493 0.484077 0.210931 
 -0.231310 0.474311 0.194034 
 -0.218096 0.461576 0.164479 
 -0.208865 0.442923 0.109623 
 -0.191931 0.436212 0.105437 
 -0.174996 0.429500 0.101251 
 -0.160075 0.419837 0.084419 
 -0.143163 0.413134 0.080238 
 -0.130365 0.400565 0.050788 
 -0.117655 0.388030 0.021358 
 -0.107134 0.372614 -0.020674 
 -0.094621 0.360157 -0.050055 
 -0.084341 0.344837 -0.092027 
 -0.072025 0.332458 -0.121360 
 -0.055419 0.325877 -0.125464 
 -0.043235 0.313550 -0.154764 
 -0.026673 0.306986 -0.158857 
 -0.010111 0.300422 -0.162951 
 0.006451 0.293858 -0.167045 
 0.023013 0.287293 -0.171139 
 0.039575 0.280729 -0.175232 
 0.060821 0.279805 -0.154197 
 0.072699 0.267600 -0.183420 
 0.094033 0.266642 -0.162406 
 0.110638 0.260060 -0.166510 
 0.132104 0.259050 -0.145528 
 0.148753 0.252451 -0.149643 
 0.172824 0.254156 -0.116162 
 0.194530 0.253050 -0.095239 
 0.211289 0.246408 -0.099382 
 0.228048 0.239765 -0.103524 
 0.249930 0.238590 -0.082645 
 0.269316 0.234655 -0.074293 
 0.286141 0.227987 -0.078452 
 -0.287359 0.480027 0.220528 
 -0.270271 0.473254 0.216304 
 -0.255057 0.463501 0.199400 
 -0.237991 0.456737 0.195182 
 -0.224760 0.444048 0.165625 
 -0.211616 0.431393 0.136090 
 -0.198560 0.418773 0.106577 
 -0.183609 0.409125 0.089737 
 -0.166697 0.402422 0.085557 
 -0.153838 0.389880 0.056092 
 -0.141067 0.377373 0.026649 
 -0.126313 0.367802 0.009859 
 -0.122065 0.343783 -0.070050 
 -0.107508 0.334291 -0.086792 
 -0.095132 0.321940 -0.116138 
 -0.078526 0.315358 -0.120242 
 -0.066281 0.303060 -0.149555 
 -0.049719 0.296496 -0.153649 
 -0.033157 0.289931 -0.157743 
 -0.016595 0.283367 -0.161837 
 -0.002301 0.273979 -0.178513 
 0.016529 0.270238 -0.170024 
 0.033091 0.263674 -0.174118 
 0.049653 0.257110 -0.178212 
 0.066215 0.250546 -0.182305 
 0.082777 0.243981 -0.186399 
 0.104137 0.242961 -0.165393 
 0.120743 0.236379 -0.169497 
 0.142235 0.235306 -0.148523 
 0.166280 0.236944 -0.115037 
 0.187969 0.235793 -0.094111 
 0.204728 0.229150 -0.098254 
 0.221487 0.222508 -0.102396 
 0.243351 0.221287 -0.081515 
 0.260154 0.214627 -0.085668 
 0.279554 0.210661 -0.077320 
 0.301615 0.209362 -0.056486 
 0.318484 0.202676 -0.060656 
 0.359312 0.219998 0.047541 
 0.376378 0.213234 0.043323 
 0.393444 0.206470 0.039105 
 0.410510 0.199706 0.034886 
 -0.290406 0.468380 0.247063 
 -0.276961 0.455658 0.217454 
 -0.261738 0.445928 0.200549 
 -0.248446 0.433266 0.170978 
 -0.235242 0.420639 0.141429 
 -0.222125 0.408047 0.111902 
 -0.207143 0.398412 0.095056 
 -0.190231 0.391709 0.090875 
 -0.177311 0.379195 0.061397 
 -0.164479 0.366716 0.031940 
 -0.149694 0.357159 0.015143 
 -0.132891 0.350500 0.010989 
 -0.130676 0.323745 -0.081556 
 -0.118239 0.311422 -0.110916 
 -0.101633 0.304840 -0.115020 
 -0.089327 0.292569 -0.144347 
 -0.072765 0.286005 -0.148441 
 -0.056203 0.279441 -0.152535 
 -0.039641 0.272877 -0.156628 
 -0.023079 0.266312 -0.160722 
 -0.006517 0.259748 -0.164816 
 0.010045 0.253184 -0.168910 
 0.026607 0.246620 -0.173003 
 0.043169 0.240055 -0.177097 
 0.059731 0.233491 -0.181191 
 0.076293 0.226927 -0.185285 
 0.097636 0.225861 -0.164275 
 0.114242 0.219279 -0.168380 
 0.135717 0.218161 -0.147403 
 0.159736 0.219731 -0.113912 
 0.181408 0.218535 -0.092984 
 0.198167 0.211893 -0.097126 
 0.214926 0.205250 -0.101269 
 0.236773 0.203984 -0.080384 
 0.256142 0.200004 -0.072029 
 0.278143 0.198678 -0.051182 
 0.295011 0.191992 -0.055351 
 0.317143 0.190613 -0.034537 
 0.334056 0.183910 -0.038717 
 0.364346 0.190388 0.019508 
 0.386763 0.188897 0.040253 
 0.403828 0.182133 0.036035 
 -0.297113 0.450739 0.248216 
 -0.283651 0.438062 0.218604 
 -0.268419 0.428354 0.201697 
 -0.255110 0.415738 0.172123 
 -0.241889 0.403156 0.142572 
 -0.228755 0.390609 0.113042 
 -0.213764 0.380997 0.096194 
 -0.200783 0.368511 0.066702 
 -0.183915 0.361825 0.062532 
 -0.171066 0.349391 0.033072 
 -0.156273 0.339857 0.016273 
 -0.143577 0.327483 -0.013148 
 -0.141346 0.300904 -0.105694 
 -0.124740 0.294322 -0.109798 
 -0.112373 0.282079 -0.139139 
 -0.095811 0.275515 -0.143233 
 -0.079249 0.268951 -0.147326 
 -0.062687 0.262386 -0.151420 
 -0.046125 0.255822 -0.155514 
 -0.029563 0.249258 -0.159608 
 -0.013001 0.242693 -0.163701 
 0.003561 0.236129 -0.167795 
 0.020123 0.229565 -0.171889 
 0.036685 0.223001 -0.175983 
 0.053247 0.216436 -0.180076 
 0.069809 0.209872 -0.184170 
 0.086371 0.203308 -0.188264 
 0.107741 0.202179 -0.167263 
 0.131624 0.203725 -0.133740 
 0.153191 0.202519 -0.112788 
 0.174846 0.201277 -0.091856 
 0.191605 0.194635 -0.095998 
 0.208365 0.187992 -0.100141 
 0.230195 0.186682 -0.079253 
 0.249555 0.182679 -0.070897 
 0.271539 0.181307 -0.050047 
 0.288407 0.174621 -0.054216 
 0.310522 0.173198 -0.033399 
 0.330079 0.169117 -0.025091 
 0.352348 0.167632 -0.004311 
 0.369326 0.160903 -0.008508 
 0.386304 0.154174 -0.012705 
 -0.313824 0.451642 0.304406 
 -0.303820 0.433098 0.249369 
 -0.290341 0.420466 0.219754 
 -0.275101 0.410781 0.202846 
 -0.261775 0.398210 0.173269 
 -0.248536 0.385673 0.143714 
 -0.235385 0.373171 0.114181 
 -0.220386 0.363581 0.097332 
 -0.207388 0.351140 0.067837 
 -0.190519 0.344454 0.063667 
 -0.177653 0.332065 0.034204 
 -0.162851 0.322554 0.017404 
 -0.160363 0.296054 -0.075200 
 -0.147847 0.283804 -0.104576 
 -0.131241 0.277222 -0.108681 
 -0.118857 0.265025 -0.138024 
 -0.102295 0.258460 -0.142118 
 -0.085733 0.251896 -0.146212 
 -0.069171 0.245332 -0.150306 
 -0.052609 0.238767 -0.154399 
 -0.036047 0.232203 -0.158493 
 -0.019485 0.225639 -0.162587 
 -0.002923 0.219075 -0.166681 
 0.013639 0.212510 -0.170774 
 0.030201 0.205946 -0.174868 
 0.046763 0.199382 -0.178962 
 0.063325 0.192818 -0.183056 
 0.079887 0.186253 -0.187149 
 0.101239 0.185080 -0.166145 
 0.125097 0.186558 -0.132618 
 0.146647 0.185306 -0.111663 
 0.168285 0.184020 -0.090728 
 0.185044 0.177377 -0.094871 
 0.201803 0.170735 -0.099013 
 0.223616 0.169379 -0.078123 
 0.242968 0.165354 -0.069765 
 0.264934 0.163937 -0.048911 
 0.281803 0.157251 -0.053081 
 0.303901 0.155782 -0.032261 
 0.320813 0.149079 -0.036441 
 0.345701 0.150149 -0.003169 
 0.362679 0.143420 -0.007365 
 0.385061 0.141838 0.013384 
 0.402083 0.135092 0.009177 
 -0.314118 0.409642 0.225127 
 -0.297031 0.402870 0.220904 
 -0.281782 0.393207 0.203994 
 -0.272161 0.374919 0.149053 
 -0.258949 0.362444 0.119507 
 -0.242014 0.355732 0.115321 
 -0.230861 0.340455 0.073142 
 -0.217889 0.328077 0.043654 
 -0.201065 0.321408 0.039495 
 -0.186232 0.311911 0.022688 
 -0.173458 0.299610 -0.006750 
 -0.166881 0.278909 -0.074079 
 -0.154348 0.266704 -0.103459 
 -0.137742 0.260123 -0.107563 
 -0.125341 0.247970 -0.136910 
 -0.108779 0.241405 -0.141004 
 -0.094363 0.232073 -0.157707 
 -0.077823 0.225517 -0.161796 
 -0.061283 0.218962 -0.165884 
 -0.044743 0.212406 -0.169972 
 -0.028203 0.205851 -0.174061 
 -0.011663 0.199295 -0.178149 
 0.004877 0.192739 -0.182237 
 0.023717 0.188891 -0.173754 
 0.040279 0.182327 -0.177847 
 0.056841 0.175763 -0.181941 
 0.073402 0.169199 -0.186035 
 0.094738 0.167980 -0.165028 
 0.123388 0.174719 -0.106406 
 0.140103 0.168094 -0.110538 
 0.161724 0.166762 -0.089600 
 0.178483 0.160119 -0.093743 
 0.195242 0.153477 -0.097885 
 0.217038 0.152076 -0.076992 
 0.236381 0.148028 -0.068633 
 0.253206 0.141360 -0.072791 
 0.275199 0.139880 -0.051946 
 0.297279 0.138366 -0.031123 
 0.314192 0.131663 -0.035303 
 0.339054 0.132666 -0.002026 
 0.356032 0.125937 -0.006223 
 0.378397 0.124310 0.014530 
 0.400850 0.122648 0.035262 
 0.412441 0.110817 0.006115 
 0.429463 0.104070 0.001907 
 -0.334366 0.404606 0.255909 
 -0.320808 0.392046 0.226277 
 -0.303721 0.385274 0.222054 
 -0.288463 0.375634 0.205143 
 -0.278808 0.357435 0.150196 
 -0.265579 0.345006 0.120646 
 -0.254333 0.329771 0.078446 
 -0.241301 0.317420 0.048945 
 -0.224476 0.310751 0.044786 
 -0.209614 0.301268 0.027972 
 -0.192811 0.294608 0.023819 
 -0.180020 0.282353 -0.005622 
 -0.177455 0.256186 -0.098237 
 -0.160850 0.249605 -0.102341 
 -0.148387 0.237479 -0.131701 
 -0.131825 0.230915 -0.135795 
 -0.115263 0.224351 -0.139889 
 -0.100838 0.215041 -0.156594 
 -0.084298 0.208485 -0.160683 
 -0.067758 0.201930 -0.164771 
 -0.051218 0.195374 -0.168859 
 -0.034678 0.188818 -0.172948 
 -0.018138 0.182263 -0.177036 
 -0.001598 0.175707 -0.181124 
 0.017233 0.171837 -0.172639 
 0.033794 0.165272 -0.176733 
 0.050356 0.158708 -0.180827 
 0.066918 0.152144 -0.184920 
 0.088237 0.150880 -0.163910 
 0.112043 0.152223 -0.130374 
 0.133559 0.150881 -0.109413 
 0.150274 0.144256 -0.113545 
 0.171922 0.142862 -0.092615 
 0.188681 0.136219 -0.096758 
 0.210459 0.134773 -0.075861 
 0.229794 0.130703 -0.067500 
 0.246619 0.124034 -0.071659 
 0.268595 0.122510 -0.050811 
 0.285463 0.115824 -0.054980 
 0.307570 0.114248 -0.034165 
 0.327124 0.110090 -0.025858 
 0.349385 0.108453 -0.005080 
 0.371733 0.106781 0.015675 
 0.388755 0.100035 0.011468 
 0.411235 0.098311 0.032192 
 0.428300 0.091547 0.027973 
 0.445366 0.084783 0.023755 
 0.462432 0.078019 0.019537 
 -0.327498 0.374450 0.227427 
 -0.310411 0.367678 0.223204 
 -0.298789 0.352371 0.180913 
 -0.285455 0.339952 0.151338 
 -0.274074 0.324741 0.109107 
 -0.264713 0.306763 0.054236 
 -0.247888 0.300095 0.050077 
 -0.232995 0.290625 0.033256 
 -0.216192 0.283965 0.029103 
 -0.203340 0.271737 -0.000352 
 -0.190576 0.259544 -0.029786 
 -0.183956 0.239086 -0.097119 
 -0.167351 0.232505 -0.101224 
 -0.154871 0.220425 -0.130587 
 -0.138309 0.213860 -0.134681 
 -0.123854 0.204564 -0.151393 
 -0.107314 0.198009 -0.155481 
 -0.090774 0.191453 -0.159570 
 -0.074234 0.184898 -0.163658 
 -0.057694 0.178342 -0.167746 
 -0.041154 0.171786 -0.171835 
 -0.024614 0.165231 -0.175923 
 -0.008074 0.158675 -0.180011 
 0.008466 0.152120 -0.184100 
 0.027310 0.148218 -0.175618 
 0.043872 0.141653 -0.179712 
 0.065130 0.140362 -0.158688 
 0.081736 0.133780 -0.162793 
 0.105517 0.135056 -0.129253 
 0.127015 0.133668 -0.108288 
 0.148601 0.132247 -0.087345 
 0.165360 0.125604 -0.091487 
 0.187078 0.124130 -0.070577 
 0.203881 0.117471 -0.074730 
 0.223207 0.113378 -0.066368 
 0.245122 0.111825 -0.045506 
 0.261990 0.105139 -0.049676 
 0.284037 0.103535 -0.028847 
 0.300949 0.096832 -0.033027 
 0.320494 0.092652 -0.024718 
 0.342738 0.090970 -0.003938 
 0.365069 0.089253 0.016821 
 0.382091 0.082506 0.012613 
 0.399113 0.075760 0.008406 
 0.421619 0.073973 0.029122 
 0.438685 0.067209 0.024903 
 0.455751 0.060445 0.020685 
 0.472817 0.053681 0.016467 
 -0.334188 0.356854 0.228577 
 -0.318892 0.347251 0.211658 
 -0.305453 0.334842 0.182058 
 -0.295773 0.316842 0.127111 
 -0.288125 0.296106 0.059527 
 -0.273179 0.286641 0.042694 
 -0.256376 0.279982 0.038540 
 -0.239573 0.273322 0.034387 
 -0.226660 0.261122 0.004918 
 -0.209901 0.254480 0.000776 
 -0.197120 0.242332 -0.028662 
 -0.190458 0.221987 -0.096002 
 -0.173852 0.215405 -0.100106 
 -0.161355 0.203370 -0.129472 
 -0.144793 0.196806 -0.133566 
 -0.130329 0.187532 -0.150280 
 -0.113789 0.180977 -0.154368 
 -0.103676 0.166345 -0.196285 
 -0.085037 0.162499 -0.187753 
 -0.068541 0.155961 -0.191831 
 -0.052045 0.149423 -0.195908 
 -0.035549 0.142884 -0.199986 
 -0.014549 0.141643 -0.178898 
 0.001991 0.135088 -0.182987 
 0.020826 0.131163 -0.174504 
 0.037388 0.124599 -0.178598 
 0.058629 0.123262 -0.157571 
 0.075235 0.116681 -0.161675 
 0.098990 0.117888 -0.128131 
 0.120471 0.116456 -0.107163 
 0.142040 0.114989 -0.086217 
 0.158799 0.108347 -0.090359 
 0.180500 0.106827 -0.069446 
 0.199795 0.102721 -0.061077 
 0.221649 0.101141 -0.040201 
 0.238518 0.094455 -0.044371 
 0.255386 0.087769 -0.048540 
 0.277415 0.086120 -0.027708 
 0.294328 0.079416 -0.031889 
 0.313864 0.075214 -0.023579 
 0.336091 0.073487 -0.002795 
 0.358405 0.071724 0.017966 
 0.380806 0.069928 0.038707 
 0.392449 0.058231 0.009551 
 0.414938 0.056400 0.030270 
 0.432004 0.049636 0.026052 
 0.449069 0.042872 0.021834 
 0.466135 0.036108 0.017615 
 0.483201 0.029344 0.013397 
 -0.340878 0.339258 0.229727 
 -0.325573 0.329677 0.212806 
 -0.312117 0.317314 0.183204 
 -0.302403 0.299404 0.128251 
 -0.294712 0.278781 0.060659 
 -0.279758 0.269339 0.043824 
 -0.262955 0.262679 0.039671 
 -0.249981 0.250507 0.010188 
 -0.233221 0.243864 0.006046 
 -0.220379 0.231744 -0.023405 
 -0.207624 0.219659 -0.052834 
 -0.196959 0.204887 -0.094884 
 -0.184401 0.192880 -0.124264 
 -0.167839 0.186315 -0.128358 
 -0.153345 0.177056 -0.145079 
 -0.136805 0.170500 -0.149167 
 -0.126600 0.155911 -0.191104 
 -0.110125 0.149381 -0.195176 
 -0.093651 0.142851 -0.199248 
 -0.077177 0.136322 -0.203320 
 -0.060702 0.129792 -0.207392 
 -0.042007 0.125897 -0.198875 
 -0.025511 0.119359 -0.202953 
 -0.004485 0.118055 -0.181874 
 0.012055 0.111500 -0.185962 
 0.030904 0.107544 -0.177483 
 0.047466 0.100980 -0.181577 
 0.068733 0.099581 -0.160558 
 0.097211 0.105868 -0.101907 
 0.113927 0.099243 -0.106039 
 0.130642 0.092618 -0.110170 
 0.152238 0.091089 -0.089232 
 0.173921 0.089525 -0.068316 
 0.193208 0.085395 -0.059945 
 0.210033 0.078727 -0.064104 
 0.231914 0.077085 -0.043236 
 0.248782 0.070398 -0.047405 
 0.270794 0.068704 -0.026570 
 0.287706 0.062001 -0.030751 
 0.307235 0.057776 -0.022439 
 0.329444 0.056003 -0.001653 
 0.351740 0.054196 0.019112 
 0.368762 0.047449 0.014904 
 0.385784 0.040703 0.010697 
 0.408256 0.038826 0.031419 
 0.425322 0.032062 0.027200 
 0.442388 0.025298 0.022982 
 0.459454 0.018534 0.018764 
 0.476520 0.011770 0.014545 
 -0.349320 0.318868 0.218173 
 -0.335804 0.306532 0.188556 
 -0.322374 0.294231 0.158963 
 -0.318124 0.268124 0.065950 
 -0.303139 0.258696 0.049108 
 -0.286336 0.252036 0.044955 
 -0.269533 0.245376 0.040802 
 -0.256542 0.233249 0.011316 
 -0.239783 0.226607 0.007174 
 -0.226923 0.214532 -0.022280 
 -0.214151 0.202492 -0.051712 
 -0.203460 0.187787 -0.093767 
 -0.190885 0.175825 -0.123150 
 -0.174323 0.169261 -0.127243 
 -0.159820 0.160024 -0.143966 
 -0.147443 0.148140 -0.173300 
 -0.133050 0.138946 -0.189995 
 -0.116575 0.132416 -0.194067 
 -0.100101 0.125887 -0.198139 
 -0.083627 0.119357 -0.202212 
 -0.064962 0.115449 -0.193688 
 -0.050678 0.106298 -0.210356 
 -0.031969 0.102372 -0.201843 
 -0.015473 0.095834 -0.205920 
 0.005580 0.094468 -0.184849 
 0.024420 0.090490 -0.176369 
 0.045626 0.089063 -0.155336 
 0.066920 0.087601 -0.134324 
 0.090667 0.088656 -0.100782 
 0.107383 0.082031 -0.104914 
 0.128918 0.080473 -0.083961 
 0.145677 0.073831 -0.088104 
 0.167343 0.072222 -0.067185 
 0.186621 0.068070 -0.058813 
 0.208441 0.066400 -0.037931 
 0.225309 0.059714 -0.042101 
 0.242178 0.053028 -0.046270 
 0.264173 0.051288 -0.025432 
 0.281085 0.044585 -0.029613 
 0.300605 0.040338 -0.021299 
 0.322797 0.038520 -0.000510 
 0.345076 0.036668 0.020257 
 0.362098 0.029921 0.016050 
 0.384509 0.028017 0.036785 
 0.401575 0.021253 0.032567 
 0.418641 0.014489 0.028349 
 0.435707 0.007725 0.024130 
 0.452773 0.000961 0.019912 
 0.469838 -0.005803 0.015694 
 -0.359490 0.295750 0.193909 
 -0.349531 0.277951 0.138901 
 -0.343323 0.254712 0.058546 
 -0.326521 0.248053 0.054393 
 -0.313381 0.235919 0.024871 
 -0.292915 0.234733 0.046086 
 -0.276112 0.228073 0.041933 
 -0.263103 0.215991 0.012444 
 -0.250183 0.203944 -0.017024 
 -0.233467 0.197319 -0.021156 
 -0.222641 0.182639 -0.063241 
 -0.209961 0.170687 -0.092649 
 -0.197369 0.158770 -0.122035 
 -0.180807 0.152206 -0.126129 
 -0.166296 0.142992 -0.142853 
 -0.153901 0.131153 -0.172190 
 -0.137405 0.124614 -0.176268 
 -0.123025 0.115452 -0.192959 
 -0.106551 0.108923 -0.197031 
 -0.090076 0.102393 -0.201103 
 -0.073602 0.095864 -0.205175 
 -0.057128 0.089334 -0.209247 
 -0.040653 0.082804 -0.213319 
 -0.021931 0.078847 -0.204810 
 -0.000895 0.077436 -0.183736 
 0.017936 0.073435 -0.175254 
 0.034498 0.066871 -0.179348 
 0.055731 0.065381 -0.158323 
 0.084123 0.071443 -0.099657 
 0.100839 0.064818 -0.103789 
 0.122356 0.063216 -0.082834 
 0.139115 0.056573 -0.086976 
 0.160764 0.054919 -0.066054 
 0.180034 0.050745 -0.057681 
 0.201837 0.049029 -0.036796 
 0.218705 0.042343 -0.040965 
 0.240639 0.040576 -0.020114 
 0.257551 0.033873 -0.024294 
 0.274464 0.027170 -0.028475 
 0.293975 0.022900 -0.020160 
 0.316150 0.021037 0.000632 
 0.338412 0.019139 0.021403 
 0.360762 0.017207 0.042152 
 0.377828 0.010443 0.037934 
 0.394894 0.003679 0.033715 
 0.414689 -0.000704 0.041959 
 0.431777 -0.007477 0.037735 
 0.448865 -0.014249 0.033511 
 0.471544 -0.016312 0.054180 
 0.488675 -0.023102 0.049945 
 -0.366154 0.278222 0.195055 
 -0.357918 0.257772 0.127339 
 -0.349902 0.237410 0.059677 
 -0.333099 0.230750 0.055523 
 -0.319942 0.218661 0.025999 
 -0.299493 0.217430 0.047217 
 -0.282690 0.210770 0.043063 
 -0.269664 0.198734 0.013572 
 -0.256727 0.186732 -0.015899 
 -0.243876 0.174764 -0.045347 
 -0.229159 0.165494 -0.062121 
 -0.216462 0.153588 -0.091532 
 -0.203853 0.141716 -0.120921 
 -0.187291 0.135151 -0.125014 
 -0.172771 0.125959 -0.141739 
 -0.156231 0.119404 -0.145828 
 -0.145949 0.105017 -0.187778 
 -0.129475 0.098488 -0.191850 
 -0.113000 0.091958 -0.195922 
 -0.096526 0.085429 -0.199994 
 -0.080052 0.078899 -0.204066 
 -0.063577 0.072369 -0.208139 
 -0.047103 0.065840 -0.212211 
 -0.030629 0.059310 -0.216283 
 -0.011893 0.055322 -0.207778 
 0.009169 0.053848 -0.186711 
 0.028014 0.049816 -0.178233 
 0.049230 0.048281 -0.157206 
 0.072882 0.049218 -0.123643 
 0.089553 0.042611 -0.127764 
 0.111010 0.040980 -0.106796 
 0.132554 0.039316 -0.085848 
 0.149313 0.032673 -0.089991 
 0.173447 0.033419 -0.056548 
 0.195233 0.031659 -0.035661 
 0.212101 0.024973 -0.039830 
 0.234018 0.023160 -0.018976 
 0.253476 0.018885 -0.010649 
 0.270411 0.012173 -0.014835 
 0.292524 0.010283 0.005971 
 0.309503 0.003553 0.001775 
 0.331748 0.001611 0.022548 
 0.354081 -0.000366 0.043300 
 0.371147 -0.007130 0.039082 
 0.388212 -0.013894 0.034864 
 0.408000 -0.018300 0.043109 
 0.425087 -0.025072 0.038885 
 0.442175 -0.031845 0.034661 
 0.464837 -0.033953 0.055333 
 0.481968 -0.040743 0.051098 
 -0.381452 0.247060 0.132657 
 -0.364540 0.240357 0.128477 
 -0.354710 0.222816 0.073505 
 -0.339677 0.213447 0.056654 
 -0.322874 0.206787 0.052501 
 -0.309744 0.194761 0.022985 
 -0.292985 0.188118 0.018842 
 -0.276226 0.181476 0.014699 
 -0.263271 0.169519 -0.014774 
 -0.246555 0.162894 -0.018906 
 -0.235678 0.148349 -0.061001 
 -0.226899 0.131225 -0.115712 
 -0.210337 0.124661 -0.119806 
 -0.193775 0.118097 -0.123900 
 -0.179247 0.108927 -0.140626 
 -0.162707 0.102372 -0.144715 
 -0.152399 0.088053 -0.186669 
 -0.135924 0.081523 -0.190742 
 -0.119450 0.074994 -0.194814 
 -0.107262 0.063341 -0.224097 
 -0.090831 0.056828 -0.228158 
 -0.074401 0.050316 -0.232220 
 -0.057970 0.043804 -0.236281 
 -0.037079 0.042346 -0.215174 
 -0.018352 0.038335 -0.206668 
 0.002694 0.036816 -0.185598 
 0.021530 0.032761 -0.177119 
 0.042728 0.031182 -0.156088 
 0.066355 0.032051 -0.122521 
 0.083026 0.025443 -0.126642 
 0.099698 0.018835 -0.130763 
 0.121181 0.017143 -0.109803 
 0.142752 0.015416 -0.088863 
 0.164411 0.013654 -0.067946 
 0.183685 0.009425 -0.059575 
 0.205497 0.007602 -0.038695 
 0.227396 0.005745 -0.017838 
 0.246846 0.001447 -0.009509 
 0.263781 -0.005265 -0.013695 
 0.285877 -0.007200 0.007114 
 0.308062 -0.009171 0.027901 
 0.325084 -0.015917 0.023693 
 0.347399 -0.017940 0.044449 
 0.364465 -0.024704 0.040230 
 0.381531 -0.031468 0.036012 
 0.401310 -0.035896 0.044259 
 0.418397 -0.042669 0.040035 
 0.435485 -0.049441 0.035811 
 0.458129 -0.051594 0.056485 
 0.475261 -0.058384 0.052251 
 -0.388073 0.229644 0.133795 
 -0.374641 0.217550 0.104206 
 -0.361297 0.205491 0.074637 
 -0.346256 0.196144 0.057785 
 -0.333064 0.184146 0.028255 
 -0.316305 0.177503 0.024112 
 -0.299546 0.170861 0.019970 
 -0.286530 0.158931 -0.009518 
 -0.273602 0.147037 -0.038983 
 -0.256930 0.140429 -0.043103 
 -0.242196 0.131204 -0.059880 
 -0.233383 0.114171 -0.114598 
 -0.216821 0.107606 -0.118692 
 -0.202262 0.098451 -0.135425 
 -0.185722 0.091895 -0.139513 
 -0.173276 0.080192 -0.168860 
 -0.158849 0.071088 -0.185561 
 -0.142374 0.064559 -0.189633 
 -0.125900 0.058029 -0.193705 
 -0.113694 0.046421 -0.222991 
 -0.097264 0.039909 -0.227053 
 -0.080833 0.033397 -0.231114 
 -0.064403 0.026885 -0.235175 
 -0.047972 0.020373 -0.239236 
 -0.027054 0.018852 -0.218138 
 -0.008314 0.014810 -0.209635 
 0.015046 0.015707 -0.176004 
 0.031608 0.009142 -0.180098 
 0.052833 0.007500 -0.159075 
 0.069439 0.000919 -0.163180 
 0.093171 0.001668 -0.129641 
 0.114637 -0.000070 -0.108678 
 0.136191 -0.001842 -0.087735 
 0.152950 -0.008484 -0.091878 
 0.177098 -0.007900 -0.058443 
 0.198893 -0.009768 -0.037560 
 0.220775 -0.011671 -0.016700 
 0.237688 -0.018374 -0.020880 
 0.257151 -0.022703 -0.012555 
 0.279230 -0.024684 0.008256 
 0.301397 -0.026699 0.029046 
 0.318419 -0.033446 0.024839 
 0.340718 -0.035513 0.045597 
 0.357784 -0.042277 0.041379 
 0.382896 -0.042075 0.074576 
 0.400028 -0.048865 0.070342 
 0.417159 -0.055655 0.066107 
 0.434291 -0.062445 0.061873 
 0.451422 -0.069235 0.057638 
 0.468554 -0.076025 0.053404 
 -0.394695 0.212229 0.134933 
 -0.381245 0.200180 0.105341 
 -0.369637 0.185501 0.063069 
 -0.352834 0.178841 0.058915 
 -0.339626 0.166888 0.029383 
 -0.322867 0.160245 0.025240 
 -0.306107 0.153603 0.021098 
 -0.293074 0.141719 -0.008393 
 -0.276359 0.135094 -0.012525 
 -0.263457 0.123262 -0.041982 
 -0.248714 0.114059 -0.058760 
 -0.239867 0.097116 -0.113483 
 -0.223305 0.090552 -0.117577 
 -0.208738 0.081419 -0.134312 
 -0.196231 0.069743 -0.163672 
 -0.179734 0.063205 -0.167750 
 -0.165298 0.054124 -0.184452 
 -0.148824 0.047594 -0.188524 
 -0.132350 0.041065 -0.192596 
 -0.120127 0.029502 -0.221886 
 -0.103696 0.022990 -0.225947 
 -0.082927 0.021476 -0.204813 
 -0.070836 0.009966 -0.234069 
 -0.049978 0.008417 -0.212957 
 -0.031268 0.004361 -0.204448 
 -0.014772 -0.002177 -0.208525 
 0.008562 -0.001348 -0.174890 
 0.029726 -0.003018 -0.153853 
 0.046332 -0.009599 -0.157958 
 0.062938 -0.016181 -0.162062 
 0.084277 -0.017921 -0.141068 
 0.108093 -0.017282 -0.107553 
 0.129629 -0.019100 -0.086608 
 0.146389 -0.025742 -0.090750 
 0.170511 -0.025225 -0.057311 
 0.192289 -0.027138 -0.036425 
 0.214154 -0.029086 -0.015561 
 0.233587 -0.033429 -0.007230 
 0.250521 -0.040141 -0.011416 
 0.272583 -0.042167 0.009399 
 0.294733 -0.044228 0.030192 
 0.316971 -0.046323 0.050964 
 0.341926 -0.046136 0.084198 
 0.359058 -0.052926 0.079964 
 0.376189 -0.059716 0.075729 
 0.398712 -0.061925 0.096430 
 0.415887 -0.068732 0.092185 
 0.433062 -0.075539 0.087939 
 0.444715 -0.086876 0.058791 
 -0.404718 0.189495 0.110646 
 -0.391295 0.177508 0.081060 
 -0.376215 0.168198 0.064199 
 -0.359413 0.161539 0.060046 
 -0.342610 0.154879 0.055893 
 -0.329428 0.142988 0.026368 
 -0.312669 0.136345 0.022225 
 -0.299618 0.124506 -0.007268 
 -0.282903 0.117881 -0.011400 
 -0.269984 0.106094 -0.040860 
 -0.259073 0.091770 -0.082958 
 -0.246351 0.080061 -0.112369 
 -0.229790 0.073497 -0.116463 
 -0.215213 0.064387 -0.133199 
 -0.202689 0.052756 -0.162562 
 -0.186193 0.046218 -0.166640 
 -0.171748 0.037160 -0.183344 
 -0.155274 0.030630 -0.187416 
 -0.138799 0.024101 -0.191488 
 -0.126560 0.012583 -0.220780 
 -0.110129 0.006071 -0.224841 
 -0.089376 0.004512 -0.203704 
 -0.077268 -0.006954 -0.232964 
 -0.056428 -0.008547 -0.211848 
 -0.037727 -0.012626 -0.203338 
 -0.016733 -0.014280 -0.182259 
 0.002078 -0.018403 -0.173775 
 0.023225 -0.020118 -0.152736 
 0.039830 -0.026699 -0.156840 
 0.061109 -0.028466 -0.135833 
 0.077759 -0.035065 -0.139948 
 0.101549 -0.034495 -0.106428 
 0.123068 -0.036357 -0.085480 
 0.139827 -0.043000 -0.089622 
 0.161478 -0.044915 -0.068707 
 0.185685 -0.044509 -0.035290 
 0.202553 -0.051195 -0.039459 
 0.224445 -0.053205 -0.018604 
 0.248958 -0.052921 0.014738 
 0.271047 -0.055010 0.035545 
 0.288069 -0.061756 0.031337 
 0.310290 -0.063897 0.052112 
 0.340461 -0.059189 0.110322 
 0.357637 -0.065996 0.106077 
 0.374812 -0.072803 0.101831 
 0.397361 -0.075074 0.122524 
 0.414580 -0.081899 0.118268 
 0.426338 -0.093226 0.089095 
 -0.411322 0.172125 0.111781 
 -0.397882 0.160183 0.082192 
 -0.382794 0.150896 0.065330 
 -0.365991 0.144236 0.061177 
 -0.352748 0.132372 0.031638 
 -0.335989 0.125730 0.027496 
 -0.319230 0.119088 0.023353 
 -0.306163 0.107294 -0.006143 
 -0.289447 0.100669 -0.010275 
 -0.276511 0.088927 -0.039738 
 -0.265574 0.074670 -0.081840 
 -0.252835 0.063007 -0.111254 
 -0.236274 0.056443 -0.115348 
 -0.219712 0.049878 -0.119442 
 -0.205149 0.040799 -0.136174 
 -0.192651 0.029231 -0.165530 
 -0.178198 0.020195 -0.182235 
 -0.161723 0.013666 -0.186307 
 -0.145249 0.007136 -0.190379 
 -0.132992 -0.004337 -0.219674 
 -0.116562 -0.010849 -0.223736 
 -0.095826 -0.012453 -0.202596 
 -0.083701 -0.023873 -0.231858 
 -0.062878 -0.025512 -0.210740 
 -0.044185 -0.029613 -0.202227 
 -0.023208 -0.031312 -0.181146 
 -0.004406 -0.035457 -0.172661 
 0.016723 -0.037217 -0.151618 
 0.033329 -0.043799 -0.155723 
 0.049935 -0.050381 -0.159828 
 0.066541 -0.056962 -0.163932 
 0.090261 -0.056442 -0.130396 
 0.116507 -0.053615 -0.084352 
 0.133266 -0.060258 -0.088495 
 0.154900 -0.062217 -0.067577 
 0.179080 -0.061879 -0.034155 
 0.195949 -0.068565 -0.038324 
 0.217824 -0.070621 -0.017466 
 0.242311 -0.070404 0.015881 
 0.264383 -0.072538 0.036690 
 0.286543 -0.074706 0.057479 
 0.306199 -0.079190 0.065753 
 0.333737 -0.076875 0.111478 
 0.350912 -0.083682 0.107233 
 0.373401 -0.085981 0.127939 
 0.390620 -0.092806 0.123683 
 0.407839 -0.099630 0.119427 
 -0.417926 0.154754 0.112916 
 -0.401058 0.148068 0.108746 
 -0.387645 0.136189 0.079166 
 -0.372569 0.126933 0.062308 
 -0.355766 0.120273 0.058154 
 -0.342550 0.108472 0.028623 
 -0.325791 0.101830 0.024481 
 -0.312707 0.090081 -0.005018 
 -0.295991 0.083456 -0.009150 
 -0.283038 0.071760 -0.038616 
 -0.268270 0.062625 -0.055399 
 -0.259320 0.045952 -0.110140 
 -0.242758 0.039388 -0.114234 
 -0.228164 0.030322 -0.130973 
 -0.211624 0.023767 -0.135061 
 -0.199109 0.012244 -0.164420 
 -0.184648 0.003231 -0.181126 
 -0.168173 -0.003299 -0.185199 
 -0.151699 -0.009828 -0.189271 
 -0.135225 -0.016358 -0.193343 
 -0.122994 -0.027768 -0.222630 
 -0.102276 -0.029417 -0.201487 
 -0.083636 -0.033524 -0.192962 
 -0.067140 -0.040062 -0.197040 
 -0.046224 -0.041789 -0.175945 
 -0.029684 -0.048345 -0.180033 
 -0.010890 -0.052512 -0.171546 
 0.010222 -0.054317 -0.150501 
 0.026828 -0.060899 -0.154605 
 0.048072 -0.062756 -0.133592 
 0.064722 -0.069355 -0.137707 
 0.083734 -0.073609 -0.129275 
 0.109946 -0.070873 -0.083224 
 0.126705 -0.077515 -0.087367 
 0.148321 -0.079520 -0.066446 
 0.172476 -0.079250 -0.033019 
 0.189345 -0.085936 -0.037189 
 0.211202 -0.088036 -0.016328 
 0.230631 -0.092455 -0.007997 
 0.257719 -0.090066 0.037836 
 0.279861 -0.092280 0.058627 
 0.304673 -0.092270 0.091891 
 0.327013 -0.094561 0.112634 
 0.344188 -0.101369 0.108388 
 0.366659 -0.103712 0.129098 
 0.383878 -0.110537 0.124842 
 0.401097 -0.117362 0.120586 
 -0.411056 0.125532 0.084457 
 -0.394232 0.118864 0.080298 
 -0.379148 0.109630 0.063438 
 -0.365871 0.097857 0.033894 
 -0.349112 0.091215 0.029751 
 -0.332352 0.084572 0.025609 
 -0.319251 0.072869 -0.003894 
 -0.306237 0.061200 -0.033373 
 -0.289565 0.054592 -0.037494 
 -0.274788 0.045480 -0.054278 
 -0.265804 0.028897 -0.109025 
 -0.249242 0.022333 -0.113119 
 -0.234640 0.013290 -0.129860 
 -0.222064 0.001795 -0.159232 
 -0.207572 -0.007204 -0.175946 
 -0.191097 -0.013734 -0.180018 
 -0.174623 -0.020263 -0.184090 
 -0.158149 -0.026793 -0.188162 
 -0.141674 -0.033322 -0.192234 
 -0.129427 -0.044687 -0.221524 
 -0.106590 -0.043972 -0.187775 
 -0.085780 -0.045710 -0.166655 
 -0.069240 -0.052265 -0.170743 
 -0.052699 -0.058821 -0.174832 
 -0.033936 -0.063002 -0.166338 
 -0.017375 -0.069567 -0.170432 
 0.003721 -0.071417 -0.149383 
 0.020327 -0.077999 -0.153488 
 0.041554 -0.079901 -0.132471 
 0.060536 -0.084169 -0.124032 
 0.081916 -0.086132 -0.103054 
 0.103384 -0.088130 -0.082097 
 0.120144 -0.094773 -0.086239 
 0.144163 -0.094527 -0.052782 
 0.165872 -0.096620 -0.031884 
 0.182741 -0.103306 -0.036054 
 0.204581 -0.105452 -0.015190 
 0.224001 -0.109894 -0.006858 
 0.245995 -0.112100 0.013969 
 0.273180 -0.109853 0.059776 
 0.292819 -0.114382 0.068053 
 0.320289 -0.112248 0.113790 
 0.337464 -0.119055 0.109544 
 0.359918 -0.121444 0.130257 
 0.377137 -0.128269 0.126001 
 0.394356 -0.135093 0.121744 
 -0.417643 0.108207 0.085589 
 -0.400819 0.101539 0.081430 
 -0.385726 0.092327 0.064569 
 -0.372432 0.080599 0.035021 
 -0.355673 0.073957 0.030879 
 -0.338914 0.067315 0.026736 
 -0.325795 0.055656 -0.002769 
 -0.309080 0.049031 -0.006900 
 -0.296092 0.037425 -0.036372 
 -0.281306 0.028335 -0.053158 
 -0.272288 0.011843 -0.107911 
 -0.255726 0.005278 -0.112005 
 -0.239164 -0.001286 -0.116098 
 -0.224575 -0.010297 -0.132835 
 -0.214021 -0.024169 -0.174837 
 -0.197547 -0.030698 -0.178909 
 -0.181073 -0.037228 -0.182981 
 -0.164598 -0.043757 -0.187053 
 -0.148124 -0.050287 -0.191126 
 -0.131650 -0.056816 -0.195198 
 -0.113049 -0.060959 -0.186665 
 -0.092255 -0.062742 -0.165542 
 -0.075715 -0.069298 -0.169630 
 -0.056982 -0.073493 -0.161130 
 -0.040421 -0.080057 -0.165224 
 -0.019386 -0.081935 -0.144161 
 -0.002780 -0.088517 -0.148266 
 0.018386 -0.090447 -0.127235 
 0.035036 -0.097046 -0.131351 
 0.054009 -0.101337 -0.122910 
 0.075372 -0.103345 -0.101929 
 0.096823 -0.105388 -0.080969 
 0.113582 -0.112031 -0.085111 
 0.142399 -0.107305 -0.026580 
 0.159268 -0.113991 -0.030749 
 0.176137 -0.120677 -0.034919 
 0.197960 -0.122868 -0.014051 
 0.217372 -0.127332 -0.005718 
 0.244390 -0.125123 0.040127 
 0.266499 -0.127427 0.060924 
 0.286129 -0.131978 0.069203 
 0.308391 -0.134342 0.089963 
 0.330740 -0.136741 0.110700 
 0.353176 -0.139175 0.131416 
 0.370396 -0.146000 0.127159 
 0.387615 -0.152825 0.122903 
 -0.424230 0.090882 0.086721 
 -0.407406 0.084213 0.082563 
 -0.392305 0.075025 0.065700 
 -0.375502 0.068365 0.061546 
 -0.362234 0.056699 0.032007 
 -0.345475 0.050057 0.027864 
 -0.332339 0.038444 -0.001644 
 -0.315624 0.031819 -0.005776 
 -0.302619 0.020257 -0.035250 
 -0.287825 0.011190 -0.052037 
 -0.274973 -0.000310 -0.081475 
 -0.262210 -0.011776 -0.110890 
 -0.245648 -0.018341 -0.114984 
 -0.231051 -0.027329 -0.131722 
 -0.218484 -0.038717 -0.161089 
 -0.203997 -0.047663 -0.177801 
 -0.187523 -0.054192 -0.181873 
 -0.171048 -0.060722 -0.185945 
 -0.154574 -0.067251 -0.190017 
 -0.138100 -0.073781 -0.194089 
 -0.115271 -0.073218 -0.160341 
 -0.098731 -0.079774 -0.164429 
 -0.080029 -0.083983 -0.155922 
 -0.063467 -0.090547 -0.160015 
 -0.046905 -0.097112 -0.164109 
 -0.025887 -0.099035 -0.143044 
 -0.004782 -0.100993 -0.122000 
 0.011868 -0.107592 -0.126115 
 0.030811 -0.111896 -0.117667 
 0.052113 -0.113933 -0.096672 
 0.068828 -0.120558 -0.100804 
 0.090262 -0.122646 -0.079841 
 0.111783 -0.124769 -0.058900 
 0.135795 -0.124675 -0.025444 
 0.152664 -0.131361 -0.029614 
 0.169532 -0.138047 -0.033784 
 0.191338 -0.140283 -0.012913 
 0.215723 -0.140337 0.020451 
 0.237726 -0.142651 0.041272 
 0.259817 -0.145000 0.062073 
 0.276883 -0.151764 0.057854 
 0.296527 -0.156347 0.066129 
 0.324016 -0.154427 0.111856 
 0.341191 -0.161235 0.107610 
 0.363654 -0.163731 0.128318 
 0.380873 -0.170556 0.124062 
 -0.430817 0.073556 0.087853 
 -0.413993 0.066888 0.083695 
 -0.398883 0.057722 0.066830 
 -0.382080 0.051062 0.062677 
 -0.368795 0.039442 0.033134 
 -0.352036 0.032799 0.028992 
 -0.338883 0.021231 -0.000519 
 -0.325817 0.009697 -0.030008 
 -0.310993 0.000644 -0.046802 
 -0.294343 -0.005955 -0.050917 
 -0.281475 -0.017410 -0.080357 
 -0.264869 -0.023992 -0.084462 
 -0.252132 -0.035395 -0.113869 
 -0.235570 -0.041959 -0.117963 
 -0.219008 -0.048524 -0.122057 
 -0.204446 -0.057473 -0.138786 
 -0.187906 -0.064028 -0.142874 
 -0.175454 -0.075319 -0.172212 
 -0.158958 -0.081857 -0.176289 
 -0.142462 -0.088395 -0.180367 
 -0.121746 -0.090251 -0.159228 
 -0.105206 -0.096806 -0.163316 
 -0.086513 -0.101038 -0.154807 
 -0.069951 -0.107602 -0.158901 
 -0.053389 -0.114166 -0.162995 
 -0.032388 -0.116135 -0.141926 
 -0.015783 -0.122716 -0.146031 
 0.005349 -0.124737 -0.124995 
 0.024284 -0.129064 -0.116545 
 0.040955 -0.135672 -0.120666 
 0.066942 -0.133261 -0.074571 
 0.088402 -0.135412 -0.053616 
 0.105205 -0.142072 -0.057770 
 0.129191 -0.142046 -0.024309 
 0.146060 -0.148732 -0.028479 
 0.162928 -0.155418 -0.032648 
 0.184717 -0.157699 -0.011775 
 0.209076 -0.157821 0.021593 
 0.231062 -0.160180 0.042418 
 0.253136 -0.162574 0.063221 
 0.270202 -0.169338 0.059003 
 0.294977 -0.169625 0.092268 
 0.317291 -0.172114 0.113012 
 0.334467 -0.178921 0.108766 
 0.356913 -0.181463 0.129477 
 0.374132 -0.188287 0.125221 
 -0.420579 0.049563 0.084827 
 -0.405461 0.040419 0.067961 
 -0.388658 0.033759 0.063808 
 -0.375357 0.022184 0.034262 
 -0.358597 0.015542 0.030120 
 -0.341838 0.008899 0.025977 
 -0.328712 -0.002607 -0.003526 
 -0.315673 -0.014078 -0.033007 
 -0.299001 -0.020685 -0.037127 
 -0.287976 -0.034510 -0.079240 
 -0.271370 -0.041092 -0.083345 
 -0.258616 -0.052450 -0.112755 
 -0.242054 -0.059014 -0.116849 
 -0.225492 -0.065578 -0.120942 
 -0.210922 -0.074505 -0.137673 
 -0.194382 -0.081060 -0.141761 
 -0.177842 -0.087616 -0.145850 
 -0.161302 -0.094172 -0.149938 
 -0.144762 -0.100727 -0.154026 
 -0.128222 -0.107283 -0.158115 
 -0.111682 -0.113838 -0.162203 
 -0.095142 -0.120394 -0.166291 
 -0.076435 -0.124657 -0.157786 
 -0.059873 -0.131221 -0.161880 
 -0.038890 -0.133234 -0.140809 
 -0.017819 -0.135283 -0.119759 
 0.001085 -0.139624 -0.111303 
 0.022309 -0.141733 -0.090291 
 0.043621 -0.143876 -0.069300 
 0.060380 -0.150519 -0.073443 
 0.081823 -0.152715 -0.052486 
 0.105718 -0.152731 -0.019005 
 0.122587 -0.159416 -0.023174 
 0.144271 -0.161708 -0.002276 
 0.161183 -0.168411 -0.006457 
 0.178096 -0.175114 -0.010637 
 0.202429 -0.175304 0.022736 
 0.224398 -0.177708 0.043563 
 0.246455 -0.180147 0.064369 
 0.266060 -0.184766 0.072652 
 0.283147 -0.191539 0.068429 
 0.310567 -0.189800 0.114167 
 0.327742 -0.196608 0.109922 
 0.350171 -0.199194 0.130636 
 0.367391 -0.206019 0.126379 
 0.389951 -0.208658 0.147061 
 -0.427167 0.032237 0.085959 
 -0.412040 0.023116 0.069092 
 -0.395237 0.016456 0.064938 
 -0.378434 0.009797 0.060785 
 -0.365159 -0.001716 0.031247 
 -0.348400 -0.008359 0.027105 
 -0.335256 -0.019819 -0.002401 
 -0.318541 -0.026444 -0.006533 
 -0.305528 -0.037853 -0.036006 
 -0.294477 -0.051610 -0.078123 
 -0.277872 -0.058191 -0.082227 
 -0.261266 -0.064773 -0.086332 
 -0.248538 -0.076069 -0.115734 
 -0.231976 -0.082633 -0.119828 
 -0.215414 -0.089197 -0.123922 
 -0.198852 -0.095761 -0.128016 
 -0.184317 -0.104648 -0.144737 
 -0.167777 -0.111204 -0.148825 
 -0.151237 -0.117759 -0.152913 
 -0.132605 -0.122019 -0.144391 
 -0.116043 -0.128583 -0.148484 
 -0.099481 -0.135147 -0.152578 
 -0.082919 -0.141711 -0.156672 
 -0.061997 -0.143752 -0.135587 
 -0.045391 -0.150334 -0.139692 
 -0.022113 -0.150183 -0.106060 
 -0.005442 -0.156791 -0.110181 
 0.015765 -0.158945 -0.089166 
 0.037060 -0.161134 -0.068173 
 0.058442 -0.163358 -0.047202 
 0.077578 -0.167817 -0.038803 
 0.099114 -0.170101 -0.017869 
 0.120737 -0.172420 0.003042 
 0.137650 -0.179123 -0.001138 
 0.156983 -0.183661 0.007212 
 0.173918 -0.190373 0.003026 
 0.195782 -0.192787 0.023878 
 0.217734 -0.195237 0.044708 
 0.239773 -0.197721 0.065518 
 0.264431 -0.198117 0.098808 
 0.286668 -0.200679 0.119568 
 0.308992 -0.203276 0.140307 
 0.326211 -0.210101 0.136050 
 0.343430 -0.216926 0.131794 
 0.365930 -0.219592 0.152490 
 0.383193 -0.226434 0.148223 
 -0.433754 0.014912 0.087091 
 -0.418618 0.005813 0.070223 
 -0.401815 -0.000846 0.066069 
 -0.385012 -0.007506 0.061916 
 -0.371720 -0.018974 0.032375 
 -0.354961 -0.025616 0.028233 
 -0.341800 -0.037032 -0.001276 
 -0.325085 -0.043657 -0.005408 
 -0.312055 -0.055020 -0.034884 
 -0.300979 -0.068710 -0.077005 
 -0.284373 -0.075291 -0.081110 
 -0.267767 -0.081873 -0.085214 
 -0.255022 -0.093123 -0.114620 
 -0.238460 -0.099688 -0.118713 
 -0.221899 -0.106252 -0.122807 
 -0.205336 -0.112816 -0.126901 
 -0.188775 -0.119380 -0.130995 
 -0.172213 -0.125945 -0.135089 
 -0.155651 -0.132509 -0.139182 
 -0.139089 -0.139073 -0.143276 
 -0.122527 -0.145638 -0.147370 
 -0.105965 -0.152202 -0.151464 
 -0.089403 -0.158766 -0.155557 
 -0.068498 -0.160852 -0.134469 
 -0.051892 -0.167434 -0.138574 
 -0.030856 -0.169572 -0.117518 
 -0.011969 -0.173959 -0.109059 
 0.013739 -0.171749 -0.062902 
 0.030499 -0.178392 -0.067045 
 0.054166 -0.178474 -0.033512 
 0.070991 -0.185142 -0.037671 
 0.092510 -0.187472 -0.016734 
 0.114116 -0.189836 0.004180 
 0.131028 -0.196539 -0.000000 
 0.150353 -0.201099 0.008351 
 0.167288 -0.207811 0.004166 
 0.194047 -0.206018 0.050061 
 0.211069 -0.212765 0.045854 
 0.233092 -0.215294 0.066666 
 0.262768 -0.211558 0.124970 
 0.279943 -0.218365 0.120724 
 0.302250 -0.221007 0.141465 
 0.319470 -0.227832 0.137209 
 0.336689 -0.234657 0.132953 
 0.353908 -0.241482 0.128697 
 0.371127 -0.248307 0.124441 
 -0.425197 -0.011489 0.071353 
 -0.408394 -0.018149 0.067200 
 -0.391591 -0.024809 0.063047 
 -0.378281 -0.036232 0.033503 
 -0.361522 -0.042874 0.029360 
 -0.348344 -0.054244 -0.000152 
 -0.331629 -0.060869 -0.004283 
 -0.318582 -0.072188 -0.033762 
 -0.307480 -0.085809 -0.075888 
 -0.290874 -0.092391 -0.079992 
 -0.274268 -0.098973 -0.084097 
 -0.257662 -0.105554 -0.088201 
 -0.244945 -0.116742 -0.117599 
 -0.228383 -0.123307 -0.121693 
 -0.211821 -0.129871 -0.125787 
 -0.195259 -0.136435 -0.129880 
 -0.180728 -0.145268 -0.146599 
 -0.164188 -0.151823 -0.150687 
 -0.145573 -0.156128 -0.142162 
 -0.129011 -0.162692 -0.146255 
 -0.112449 -0.169256 -0.150349 
 -0.095887 -0.175821 -0.154443 
 -0.074999 -0.177952 -0.133352 
 -0.054024 -0.180118 -0.112282 
 -0.037374 -0.186717 -0.116398 
 -0.018496 -0.191126 -0.107937 
 0.007178 -0.189007 -0.061775 
 0.028482 -0.191304 -0.040787 
 0.047580 -0.195799 -0.032380 
 0.069037 -0.198156 -0.011430 
 0.085906 -0.204842 -0.015599 
 0.107495 -0.207251 0.005318 
 0.124407 -0.213955 0.001138 
 0.143723 -0.218537 0.009491 
 0.160658 -0.225249 0.005305 
 0.187383 -0.223547 0.051207 
 0.209345 -0.226104 0.072033 
 0.228902 -0.230782 0.080326 
 0.256044 -0.229244 0.126125 
 0.278290 -0.231914 0.146880 
 0.300624 -0.234619 0.167615 
 0.317887 -0.241461 0.163348 
 0.335150 -0.248303 0.159081 
 0.355036 -0.253111 0.167292 
 0.372320 -0.259962 0.163019 
 -0.431775 -0.028792 0.072484 
 -0.414972 -0.035452 0.068331 
 -0.398169 -0.042112 0.064177 
 -0.381366 -0.048772 0.060024 
 -0.368083 -0.060132 0.030488 
 -0.351324 -0.066774 0.026346 
 -0.338173 -0.078082 -0.003158 
 -0.325109 -0.089355 -0.032640 
 -0.313981 -0.102909 -0.074770 
 -0.297375 -0.109491 -0.078875 
 -0.280770 -0.116072 -0.082979 
 -0.264164 -0.122654 -0.087084 
 -0.251429 -0.133797 -0.116484 
 -0.234867 -0.140361 -0.120578 
 -0.218305 -0.146926 -0.124672 
 -0.201743 -0.153490 -0.128766 
 -0.187204 -0.162300 -0.145486 
 -0.170664 -0.168856 -0.149574 
 -0.152057 -0.173183 -0.141047 
 -0.137584 -0.181967 -0.157751 
 -0.121044 -0.188522 -0.161839 
 -0.102371 -0.192875 -0.153328 
 -0.081500 -0.195052 -0.132235 
 -0.060542 -0.197263 -0.111162 
 -0.041694 -0.201686 -0.102694 
 -0.025023 -0.208294 -0.106815 
 0.000617 -0.206265 -0.060647 
 0.017376 -0.212907 -0.064789 
 0.040992 -0.213124 -0.031248 
 0.062433 -0.215527 -0.010294 
 0.079302 -0.222213 -0.014464 
 0.100873 -0.224667 0.006456 
 0.117786 -0.231370 0.002276 
 0.134698 -0.238073 -0.001904 
 0.158863 -0.238508 0.031502 
 0.180719 -0.241075 0.052352 
 0.202663 -0.243677 0.073181 
 0.232144 -0.240123 0.131527 
 0.254329 -0.242821 0.152295 
 0.276602 -0.245553 0.173043 
 0.293865 -0.252395 0.168776 
 0.311128 -0.259237 0.164509 
 0.328391 -0.266080 0.160242 
 0.348268 -0.270910 0.168455 
 0.365553 -0.277761 0.164183 
 0.382838 -0.284612 0.159910 
 -0.436690 -0.043733 0.086329 
 -0.419865 -0.050401 0.082170 
 -0.403040 -0.057070 0.078012 
 -0.387945 -0.066075 0.061155 
 -0.371142 -0.072734 0.057001 
 -0.357886 -0.084032 0.027474 
 -0.344717 -0.095295 -0.002034 
 -0.331636 -0.106523 -0.031518 
 -0.316804 -0.115423 -0.048310 
 -0.303877 -0.126590 -0.077757 
 -0.287271 -0.133172 -0.081862 
 -0.270665 -0.139754 -0.085967 
 -0.254059 -0.146335 -0.090071 
 -0.241351 -0.157416 -0.119464 
 -0.224789 -0.163980 -0.123558 
 -0.208227 -0.170544 -0.127651 
 -0.191665 -0.177109 -0.131745 
 -0.175103 -0.183673 -0.135839 
 -0.158541 -0.190237 -0.139933 
 -0.141979 -0.196801 -0.144026 
 -0.125417 -0.203366 -0.148120 
 -0.108855 -0.209930 -0.152214 
 -0.088002 -0.212152 -0.131117 
 -0.067060 -0.214408 -0.110041 
 -0.050411 -0.221007 -0.114157 
 -0.027127 -0.221171 -0.080535 
 -0.005944 -0.223522 -0.059519 
 0.010815 -0.230165 -0.063662 
 0.038960 -0.226211 -0.004990 
 0.055829 -0.232897 -0.009159 
 0.077339 -0.235379 0.011775 
 0.094252 -0.242083 0.007594 
 0.111164 -0.248786 0.003414 
 0.130464 -0.253413 0.011770 
 0.152216 -0.255991 0.032645 
 0.174055 -0.258603 0.053498 
 0.195982 -0.261251 0.074330 
 0.230369 -0.253728 0.157710 
 0.247588 -0.260552 0.153454 
 0.269844 -0.263330 0.174205 
 0.287107 -0.270172 0.169938 
 0.304370 -0.277014 0.165671 
 0.321632 -0.283856 0.161404 
 0.338895 -0.290698 0.157137 
 0.356158 -0.297540 0.152870 
 0.376071 -0.302411 0.161073 
 -0.443277 -0.061058 0.087461 
 -0.426452 -0.067727 0.083303 
 -0.409627 -0.074395 0.079144 
 -0.394523 -0.083377 0.062285 
 -0.377720 -0.090037 0.058132 
 -0.364447 -0.101289 0.028601 
 -0.351261 -0.112507 -0.000909 
 -0.334546 -0.119132 -0.005040 
 -0.323322 -0.132568 -0.047190 
 -0.310378 -0.143690 -0.076640 
 -0.293772 -0.150272 -0.080744 
 -0.277166 -0.156854 -0.084849 
 -0.260560 -0.163435 -0.088954 
 -0.247835 -0.174471 -0.118349 
 -0.231273 -0.181035 -0.122443 
 -0.214711 -0.187599 -0.126537 
 -0.198149 -0.194163 -0.130631 
 -0.181587 -0.200728 -0.134724 
 -0.165025 -0.207292 -0.138818 
 -0.148463 -0.213856 -0.142912 
 -0.131901 -0.220420 -0.147006 
 -0.115339 -0.226985 -0.151099 
 -0.094503 -0.229252 -0.130000 
 -0.073579 -0.231553 -0.108921 
 -0.054748 -0.236021 -0.100451 
 -0.033671 -0.238383 -0.079411 
 -0.012506 -0.240780 -0.058391 
 0.008747 -0.243212 -0.037395 
 0.032356 -0.243582 -0.003855 
 0.049225 -0.250268 -0.008024 
 0.070718 -0.252795 0.012913 
 0.087631 -0.259498 0.008733 
 0.104543 -0.266202 0.004552 
 0.123834 -0.270851 0.012910 
 0.145568 -0.273474 0.033787 
 0.167391 -0.276132 0.054643 
 0.189301 -0.278824 0.075478 
 0.218696 -0.275496 0.133838 
 0.240846 -0.278284 0.154613 
 0.258066 -0.285108 0.150357 
 0.275285 -0.291933 0.146100 
 0.297611 -0.294790 0.166833 
 0.314874 -0.301633 0.162566 
 0.332137 -0.308475 0.158298 
 0.349400 -0.315317 0.154031 
 -0.433039 -0.085052 0.084435 
 -0.416214 -0.091720 0.080276 
 -0.399389 -0.098389 0.076117 
 -0.384299 -0.107340 0.059263 
 -0.367496 -0.114000 0.055109 
 -0.350693 -0.120659 0.050956 
 -0.341090 -0.136345 -0.003916 
 -0.328019 -0.147465 -0.033395 
 -0.313191 -0.156312 -0.050185 
 -0.296542 -0.162911 -0.054300 
 -0.279892 -0.169510 -0.058415 
 -0.267062 -0.180535 -0.087836 
 -0.250456 -0.187117 -0.091941 
 -0.237757 -0.198089 -0.121329 
 -0.221195 -0.204654 -0.125422 
 -0.204633 -0.211218 -0.129516 
 -0.188071 -0.217782 -0.133610 
 -0.171509 -0.224347 -0.137704 
 -0.154947 -0.230911 -0.141797 
 -0.138385 -0.237475 -0.145891 
 -0.117610 -0.239770 -0.124778 
 -0.101004 -0.246351 -0.128882 
 -0.084398 -0.252933 -0.132987 
 -0.061275 -0.253188 -0.099329 
 -0.040215 -0.255596 -0.078286 
 -0.019067 -0.258038 -0.057264 
 0.002169 -0.260515 -0.036264 
 0.018971 -0.267175 -0.040417 
 0.042620 -0.267638 -0.006889 
 0.059489 -0.274324 -0.011059 
 0.081009 -0.276914 0.009871 
 0.097922 -0.283617 0.005690 
 0.117204 -0.288290 0.014049 
 0.134138 -0.295001 0.009863 
 0.160726 -0.293660 0.055789 
 0.182619 -0.296398 0.076627 
 0.211972 -0.293182 0.134994 
 0.234105 -0.296015 0.155772 
 0.251324 -0.302840 0.151515 
 0.268543 -0.309665 0.147259 
 0.290853 -0.312567 0.167994 
 0.310682 -0.317457 0.176217 
 0.327967 -0.324307 0.171945 
 -0.436306 -0.097806 0.110994 
 -0.422801 -0.109046 0.081408 
 -0.405976 -0.115714 0.077249 
 -0.390877 -0.124643 0.060394 
 -0.374074 -0.131302 0.056240 
 -0.357271 -0.137962 0.052087 
 -0.347634 -0.153557 -0.002791 
 -0.334546 -0.164633 -0.032273 
 -0.317874 -0.171240 -0.036394 
 -0.303060 -0.180056 -0.053180 
 -0.286410 -0.186655 -0.057295 
 -0.269761 -0.193254 -0.061410 
 -0.253111 -0.199853 -0.065526 
 -0.236462 -0.206452 -0.069641 
 -0.219812 -0.213051 -0.073757 
 -0.207140 -0.223961 -0.103137 
 -0.190534 -0.230543 -0.107242 
 -0.173928 -0.237124 -0.111346 
 -0.157323 -0.243706 -0.115451 
 -0.140717 -0.250288 -0.119556 
 -0.124111 -0.256869 -0.123660 
 -0.103265 -0.259244 -0.102565 
 -0.080190 -0.259558 -0.068898 
 -0.063474 -0.266183 -0.073029 
 -0.046759 -0.272808 -0.077161 
 -0.025628 -0.275296 -0.056136 
 -0.004410 -0.277818 -0.035133 
 0.014644 -0.282426 -0.026719 
 0.036016 -0.285009 -0.005754 
 0.057476 -0.287626 0.015189 
 0.076705 -0.292304 0.023560 
 0.093640 -0.299016 0.019375 
 0.110574 -0.305728 0.015189 
 0.132274 -0.308441 0.036072 
 0.149253 -0.315170 0.031876 
 0.175938 -0.313971 0.077775 
 0.200350 -0.314815 0.111113 
 0.222423 -0.317676 0.131904 
 0.239598 -0.324483 0.127659 
 0.256773 -0.331291 0.123414 
 0.284094 -0.330343 0.169156 
 0.301357 -0.337186 0.164889 
 0.321200 -0.342106 0.173108 
 -0.426041 -0.121862 0.107960 
 -0.412563 -0.133040 0.078382 
 -0.395738 -0.139708 0.074223 
 -0.380653 -0.148605 0.057371 
 -0.363850 -0.155265 0.053218 
 -0.350612 -0.166347 0.023700 
 -0.341073 -0.181800 -0.031151 
 -0.324401 -0.188408 -0.035272 
 -0.307730 -0.195016 -0.039393 
 -0.291058 -0.201623 -0.043514 
 -0.274387 -0.208231 -0.047635 
 -0.257715 -0.214839 -0.051756 
 -0.242980 -0.223597 -0.068521 
 -0.224372 -0.228054 -0.059997 
 -0.209681 -0.236795 -0.076752 
 -0.193031 -0.243394 -0.080867 
 -0.176382 -0.249993 -0.084983 
 -0.159732 -0.256592 -0.089098 
 -0.143083 -0.263191 -0.093214 
 -0.126433 -0.269790 -0.097329 
 -0.107672 -0.274308 -0.088843 
 -0.086734 -0.276771 -0.067773 
 -0.070018 -0.283396 -0.071904 
 -0.048949 -0.285911 -0.050865 
 -0.032189 -0.292553 -0.055008 
 -0.008767 -0.293083 -0.021428 
 0.012544 -0.295693 -0.000449 
 0.029412 -0.302379 -0.004619 
 0.050854 -0.305042 0.016327 
 0.070076 -0.309742 0.024700 
 0.087010 -0.316454 0.020514 
 0.103944 -0.323166 0.016328 
 0.125627 -0.325924 0.037215 
 0.152191 -0.324781 0.083142 
 0.171675 -0.329585 0.091449 
 0.193643 -0.332456 0.112266 
 0.215698 -0.335362 0.133060 
 0.227906 -0.346036 0.103796 
 0.250049 -0.348977 0.124569 
 0.267224 -0.355784 0.120324 
 0.297148 -0.353055 0.178543 
 0.314433 -0.359906 0.174271 
 -0.432645 -0.139232 0.109095 
 -0.419150 -0.150365 0.079514 
 -0.402325 -0.157034 0.075355 
 -0.385501 -0.163702 0.071196 
 -0.370428 -0.172568 0.054348 
 -0.357174 -0.183605 0.024827 
 -0.344007 -0.194607 -0.004673 
 -0.327292 -0.201233 -0.008804 
 -0.310577 -0.207858 -0.012936 
 -0.293861 -0.214483 -0.017068 
 -0.280914 -0.225398 -0.046513 
 -0.264242 -0.232006 -0.050634 
 -0.247571 -0.238614 -0.054755 
 -0.230899 -0.245221 -0.058875 
 -0.216199 -0.253940 -0.075631 
 -0.199550 -0.260539 -0.079747 
 -0.182900 -0.267138 -0.083862 
 -0.166250 -0.273737 -0.087978 
 -0.149601 -0.280336 -0.092093 
 -0.130870 -0.284867 -0.083601 
 -0.109993 -0.287358 -0.062516 
 -0.089028 -0.289884 -0.041453 
 -0.072269 -0.296526 -0.045595 
 -0.055510 -0.303169 -0.049738 
 -0.038751 -0.309811 -0.053880 
 -0.017567 -0.312423 -0.032872 
 0.005939 -0.313064 0.000686 
 0.022808 -0.319750 -0.003484 
 0.044233 -0.322457 0.017465 
 0.063446 -0.327180 0.025840 
 0.080380 -0.333892 0.021654 
 0.102002 -0.336678 0.042554 
 0.123712 -0.339499 0.063433 
 0.145509 -0.342354 0.084290 
 0.164985 -0.347181 0.092599 
 0.186936 -0.350097 0.113418 
 0.208974 -0.353048 0.134216 
 0.221199 -0.363678 0.104949 
 0.238330 -0.370468 0.100715 
 0.260500 -0.373471 0.121480 
 0.277676 -0.380278 0.117234 
 0.307666 -0.377705 0.175434 
 -0.439249 -0.156603 0.110230 
 -0.425737 -0.167690 0.080646 
 -0.408912 -0.174359 0.076487 
 -0.388643 -0.176660 0.097721 
 -0.375263 -0.187696 0.068170 
 -0.360204 -0.196530 0.051326 
 -0.346976 -0.207505 0.021813 
 -0.333836 -0.218445 -0.007680 
 -0.317121 -0.225070 -0.011811 
 -0.300405 -0.231695 -0.015943 
 -0.283690 -0.238320 -0.020075 
 -0.270769 -0.249174 -0.049512 
 -0.254098 -0.255781 -0.053633 
 -0.239367 -0.264486 -0.070396 
 -0.222718 -0.271084 -0.074511 
 -0.206068 -0.277683 -0.078626 
 -0.189418 -0.284282 -0.082742 
 -0.172769 -0.290882 -0.086857 
 -0.154069 -0.295427 -0.078358 
 -0.133252 -0.297946 -0.057260 
 -0.116537 -0.304571 -0.061391 
 -0.095589 -0.307141 -0.040325 
 -0.078830 -0.313784 -0.044467 
 -0.062071 -0.320426 -0.048610 
 -0.045312 -0.327069 -0.052752 
 -0.021941 -0.327733 -0.019164 
 -0.000665 -0.330434 0.001821 
 0.020699 -0.333170 0.022784 
 0.039881 -0.337907 0.031165 
 0.056816 -0.344618 0.026979 
 0.078377 -0.347432 0.047893 
 0.100026 -0.350281 0.068786 
 0.117048 -0.357027 0.064578 
 0.138828 -0.359928 0.085439 
 0.158295 -0.364777 0.093749 
 0.180229 -0.367739 0.114571 
 0.202250 -0.370735 0.135372 
 0.214492 -0.381319 0.106102 
 0.231623 -0.388109 0.101868 
 0.248755 -0.394899 0.097633 
 0.265886 -0.401689 0.093398 
 -0.432324 -0.185016 0.081778 
 -0.412116 -0.187345 0.103026 
 -0.395248 -0.194031 0.098857 
 -0.381850 -0.205021 0.069302 
 -0.366782 -0.213833 0.052456 
 -0.353537 -0.224763 0.022940 
 -0.336778 -0.231405 0.018798 
 -0.323665 -0.242283 -0.010686 
 -0.306950 -0.248908 -0.014818 
 -0.290234 -0.255533 -0.018950 
 -0.273519 -0.262158 -0.023082 
 -0.260625 -0.272949 -0.052511 
 -0.243953 -0.279556 -0.056632 
 -0.229236 -0.288229 -0.073391 
 -0.210610 -0.292772 -0.064873 
 -0.193939 -0.299379 -0.068994 
 -0.177267 -0.305987 -0.073115 
 -0.160596 -0.312595 -0.077236 
 -0.143924 -0.319202 -0.081357 
 -0.123081 -0.321783 -0.060267 
 -0.106366 -0.328408 -0.064398 
 -0.085391 -0.331041 -0.043340 
 -0.068632 -0.337684 -0.047482 
 -0.051873 -0.344326 -0.051625 
 -0.028528 -0.345059 -0.018032 
 -0.007269 -0.347805 0.002956 
 0.009600 -0.354491 -0.001213 
 0.030990 -0.357289 0.019742 
 0.050186 -0.362057 0.028119 
 0.071730 -0.364915 0.049036 
 0.093362 -0.367809 0.069931 
 0.115081 -0.370737 0.090805 
 0.132147 -0.377501 0.086587 
 0.156390 -0.378590 0.119959 
 0.173522 -0.385380 0.115724 
 0.195526 -0.388421 0.136527 
 0.207785 -0.398960 0.107255 
 0.229876 -0.402036 0.128037 
 0.242048 -0.412540 0.098786 
 0.259179 -0.419330 0.094551 
 -0.432267 -0.193718 0.133751 
 -0.415355 -0.200421 0.129570 
 -0.401852 -0.211401 0.099992 
 -0.384983 -0.218087 0.095822 
 -0.371612 -0.229015 0.066275 
 -0.356558 -0.237796 0.049434 
 -0.339755 -0.244455 0.045280 
 -0.326580 -0.255305 0.015783 
 -0.309821 -0.261948 0.011641 
 -0.296778 -0.272745 -0.017825 
 -0.280063 -0.279371 -0.021957 
 -0.267152 -0.290116 -0.051389 
 -0.250480 -0.296724 -0.055510 
 -0.233809 -0.303331 -0.059631 
 -0.217137 -0.309939 -0.063752 
 -0.200466 -0.316547 -0.067872 
 -0.179771 -0.319121 -0.046747 
 -0.163056 -0.325746 -0.050878 
 -0.146341 -0.332371 -0.055010 
 -0.129625 -0.338996 -0.059142 
 -0.108712 -0.341657 -0.038069 
 -0.091953 -0.348299 -0.042212 
 -0.075194 -0.354942 -0.046354 
 -0.058434 -0.361584 -0.050497 
 -0.037302 -0.364332 -0.029480 
 -0.013873 -0.365175 0.004091 
 0.002996 -0.371861 -0.000078 
 0.026622 -0.372783 0.033444 
 0.048105 -0.375669 0.054375 
 0.065083 -0.382399 0.050178 
 0.086697 -0.385337 0.071076 
 0.108400 -0.388311 0.091954 
 0.127827 -0.393197 0.100272 
 0.149683 -0.396231 0.121111 
 0.166815 -0.403021 0.116877 
 0.188802 -0.406107 0.137683 
 0.205977 -0.412915 0.133438 
 0.223152 -0.419722 0.129192 
 0.240328 -0.426529 0.124947 
 0.257503 -0.433337 0.120702 
 -0.421976 -0.217837 0.130708 
 -0.405064 -0.224540 0.126528 
 -0.388151 -0.231243 0.122347 
 -0.374719 -0.242143 0.092788 
 -0.361374 -0.253009 0.063249 
 -0.344549 -0.259677 0.059090 
 -0.329530 -0.268418 0.042258 
 -0.316382 -0.279205 0.012768 
 -0.299623 -0.285848 0.008626 
 -0.286607 -0.296583 -0.020832 
 -0.269892 -0.303208 -0.024964 
 -0.257007 -0.313891 -0.054388 
 -0.240336 -0.320499 -0.058509 
 -0.223664 -0.327107 -0.062630 
 -0.206993 -0.333714 -0.066751 
 -0.186315 -0.336333 -0.045622 
 -0.169600 -0.342958 -0.049754 
 -0.152885 -0.349583 -0.053885 
 -0.136170 -0.356209 -0.058017 
 -0.115273 -0.358914 -0.036942 
 -0.098514 -0.365557 -0.041084 
 -0.081755 -0.372199 -0.045227 
 -0.064996 -0.378842 -0.049369 
 -0.043880 -0.381634 -0.028349 
 -0.027077 -0.388294 -0.032502 
 -0.003609 -0.389232 0.001057 
 0.017748 -0.392120 0.022018 
 0.034660 -0.398823 0.017837 
 0.058436 -0.399882 0.051321 
 0.080033 -0.402866 0.072222 
 0.101718 -0.405884 0.093102 
 0.121138 -0.410793 0.101422 
 0.138225 -0.417565 0.097198 
 0.160108 -0.420662 0.118030 
 0.177239 -0.427452 0.113795 
 0.194371 -0.434242 0.109561 
 0.211502 -0.441032 0.105326 
 0.228634 -0.447822 0.101091 
 0.245765 -0.454612 0.096857 
 -0.426931 -0.233150 0.144555 
 -0.411685 -0.241956 0.127666 
 -0.394772 -0.248659 0.123486 
 -0.377860 -0.255362 0.119305 
 -0.364454 -0.266200 0.089753 
 -0.347586 -0.272886 0.085584 
 -0.334311 -0.283671 0.056064 
 -0.319306 -0.292381 0.039235 
 -0.306185 -0.303106 0.009754 
 -0.289425 -0.309748 0.005611 
 -0.276436 -0.320421 -0.023839 
 -0.259721 -0.327046 -0.027970 
 -0.243005 -0.333671 -0.032102 
 -0.226290 -0.340296 -0.036234 
 -0.209575 -0.346921 -0.040365 
 -0.192860 -0.353546 -0.044497 
 -0.176144 -0.360171 -0.048629 
 -0.159429 -0.366796 -0.052760 
 -0.142714 -0.373421 -0.056892 
 -0.125998 -0.380046 -0.061024 
 -0.105075 -0.382815 -0.039956 
 -0.088316 -0.389457 -0.044099 
 -0.071557 -0.396099 -0.048241 
 -0.050459 -0.398937 -0.027218 
 -0.033656 -0.405597 -0.031371 
 -0.014640 -0.410372 -0.022953 
 0.002185 -0.417040 -0.027111 
 0.028039 -0.416239 0.018975 
 0.047231 -0.421083 0.027352 
 0.073369 -0.420394 0.073367 
 0.095037 -0.423458 0.094251 
 0.112103 -0.430222 0.090032 
 0.131535 -0.435162 0.098348 
 0.148623 -0.441934 0.094124 
 0.165711 -0.448707 0.089901 
 0.182798 -0.455480 0.085677 
 0.199886 -0.462252 0.081453 
 0.216974 -0.469025 0.077229 
 0.234062 -0.475798 0.073006 
 -0.416627 -0.257301 0.141508 
 -0.399693 -0.264012 0.137323 
 -0.384481 -0.272778 0.120443 
 -0.371058 -0.283570 0.090888 
 -0.354190 -0.290256 0.086719 
 -0.340898 -0.300996 0.057196 
 -0.324074 -0.307665 0.053037 
 -0.309081 -0.316343 0.036213 
 -0.295987 -0.327006 0.006739 
 -0.282980 -0.337633 -0.022714 
 -0.266265 -0.344258 -0.026846 
 -0.249550 -0.350883 -0.030977 
 -0.232834 -0.357508 -0.035109 
 -0.216119 -0.364133 -0.039241 
 -0.195432 -0.366860 -0.018116 
 -0.178673 -0.373503 -0.022259 
 -0.161914 -0.380145 -0.026401 
 -0.145155 -0.386787 -0.030544 
 -0.124249 -0.389601 -0.009474 
 -0.107446 -0.396261 -0.013627 
 -0.090643 -0.402920 -0.017781 
 -0.071701 -0.407692 -0.009344 
 -0.054876 -0.414360 -0.013503 
 -0.038051 -0.421029 -0.017662 
 -0.021227 -0.427697 -0.021821 
 0.000052 -0.430658 -0.000842 
 0.016920 -0.437344 -0.005012 
 0.038330 -0.440357 0.015933 
 0.057535 -0.445233 0.024305 
 0.074470 -0.451945 0.020119 
 0.091404 -0.458657 0.015934 
 0.113055 -0.461766 0.036819 
 0.134793 -0.464909 0.057683 
 0.151815 -0.471656 0.053475 
 0.168837 -0.478402 0.049268 
 0.185859 -0.485149 0.045060 
 0.202881 -0.491895 0.040853 
 0.219903 -0.498642 0.036645 
 0.236925 -0.505389 0.032438 
 -0.423257 -0.274739 0.142648 
 -0.406323 -0.281450 0.138462 
 -0.389388 -0.288162 0.134276 
 -0.377663 -0.300941 0.092024 
 -0.360794 -0.307626 0.087854 
 -0.343925 -0.314312 0.083684 
 -0.330661 -0.324990 0.054169 
 -0.315659 -0.333646 0.037343 
 -0.298857 -0.340306 0.033190 
 -0.289524 -0.354846 -0.021589 
 -0.272809 -0.361471 -0.025721 
 -0.252271 -0.364191 -0.004561 
 -0.235512 -0.370833 -0.008703 
 -0.218752 -0.377475 -0.012846 
 -0.201993 -0.384118 -0.016988 
 -0.181236 -0.386924 0.004117 
 -0.168475 -0.397403 -0.025273 
 -0.151716 -0.404045 -0.029416 
 -0.130827 -0.406904 -0.008343 
 -0.111938 -0.411680 0.000105 
 -0.095113 -0.418349 -0.004053 
 -0.078288 -0.425017 -0.008212 
 -0.061463 -0.431686 -0.012371 
 -0.040290 -0.434657 0.008632 
 -0.023421 -0.441343 0.004462 
 -0.006552 -0.448029 0.000293 
 0.010316 -0.454715 -0.003877 
 0.031709 -0.457773 0.017071 
 0.048621 -0.464476 0.012891 
 0.065534 -0.471179 0.008710 
 0.084774 -0.476095 0.017073 
 0.101708 -0.482807 0.012887 
 0.123386 -0.485978 0.033765 
 0.140364 -0.492707 0.029568 
 0.157342 -0.499437 0.025372 
 0.179195 -0.502677 0.046206 
 0.196217 -0.509424 0.041998 
 0.213239 -0.516170 0.037791 
 0.230261 -0.522917 0.033583 
 0.247283 -0.529664 0.029376 
 -0.412953 -0.298889 0.139602 
 -0.396018 -0.305601 0.135416 
 -0.384267 -0.318311 0.093159 
 -0.367398 -0.324997 0.088989 
 -0.350529 -0.331683 0.084820 
 -0.333661 -0.338369 0.080650 
 -0.320423 -0.348984 0.051143 
 -0.303598 -0.355653 0.046984 
 -0.288632 -0.364269 0.030167 
 -0.271829 -0.370928 0.026014 
 -0.255026 -0.377588 0.021861 
 -0.238223 -0.384248 0.017707 
 -0.221420 -0.390908 0.013554 
 -0.202649 -0.395663 0.022031 
 -0.185824 -0.402332 0.017873 
 -0.168999 -0.409000 0.013714 
 -0.152174 -0.415669 0.009555 
 -0.135349 -0.422337 0.005396 
 -0.114368 -0.425284 0.026445 
 -0.097500 -0.431970 0.022276 
 -0.080631 -0.438656 0.018106 
 -0.063762 -0.445342 0.013937 
 -0.046894 -0.452028 0.009767 
 -0.030025 -0.458713 0.005598 
 -0.013156 -0.465399 0.001428 
 0.003712 -0.472085 -0.002742 
 0.020581 -0.478771 -0.006911 
 0.042000 -0.481892 0.014029 
 0.058912 -0.488595 0.009848 
 0.075825 -0.495298 0.005668 
 0.092737 -0.502001 0.001488 
 0.112013 -0.506957 0.009841 
 0.138486 -0.506712 0.055766 
 0.150695 -0.516920 0.026514 
 0.167673 -0.523649 0.022318 
 0.189552 -0.526952 0.043144 
 0.206574 -0.533699 0.038936 
 0.218608 -0.543837 0.009728 
 0.235586 -0.550566 0.005531 
 -0.416232 -0.312338 0.166146 
 -0.402648 -0.323039 0.136555 
 -0.387433 -0.331728 0.119677 
 -0.370520 -0.338431 0.115497 
 -0.357133 -0.349053 0.085955 
 -0.340265 -0.355739 0.081785 
 -0.323396 -0.362425 0.077616 
 -0.310185 -0.372978 0.048116 
 -0.293360 -0.379646 0.043957 
 -0.276535 -0.386315 0.039799 
 -0.261605 -0.394891 0.022991 
 -0.244802 -0.401551 0.018838 
 -0.226061 -0.406320 0.027322 
 -0.209236 -0.412989 0.023164 
 -0.192411 -0.419657 0.019005 
 -0.175586 -0.426326 0.014846 
 -0.154710 -0.429283 0.035920 
 -0.137841 -0.435969 0.031750 
 -0.120972 -0.442655 0.027581 
 -0.104104 -0.449341 0.023411 
 -0.083009 -0.452385 0.044430 
 -0.070367 -0.462712 0.015072 
 -0.053498 -0.469398 0.010902 
 -0.036629 -0.476084 0.006733 
 -0.019761 -0.482770 0.002563 
 -0.002892 -0.489456 -0.001607 
 0.013977 -0.496141 -0.005776 
 0.030845 -0.502827 -0.009946 
 0.052291 -0.506011 0.010986 
 0.069204 -0.512714 0.006806 
 0.086116 -0.519417 0.002626 
 0.105383 -0.524395 0.010981 
 0.122317 -0.531107 0.006795 
 0.139252 -0.537819 0.002609 
 0.161026 -0.541132 0.023460 
 0.178004 -0.547862 0.019263 
 0.194983 -0.554591 0.015067 
 0.211961 -0.561320 0.010870 
 0.228939 -0.568049 0.006673 
 0.245917 -0.574778 0.002477 
 0.267998 -0.578214 0.023252 
 0.285020 -0.584960 0.019044 
 -0.422879 -0.329821 0.167289 
 -0.409278 -0.340477 0.137695 
 -0.394054 -0.349143 0.120815 
 -0.377142 -0.355846 0.116635 
 -0.360229 -0.362550 0.112454 
 -0.346869 -0.373110 0.082920 
 -0.330000 -0.379795 0.078751 
 -0.313132 -0.386481 0.074581 
 -0.296263 -0.393167 0.070411 
 -0.283122 -0.403640 0.040931 
 -0.266297 -0.410309 0.036772 
 -0.249473 -0.416977 0.032613 
 -0.228789 -0.419910 0.053733 
 -0.211920 -0.426596 0.049564 
 -0.195051 -0.433282 0.045394 
 -0.178183 -0.439968 0.041224 
 -0.161314 -0.446654 0.037055 
 -0.144445 -0.453339 0.032885 
 -0.123455 -0.456394 0.053929 
 -0.106542 -0.463097 0.049748 
 -0.089630 -0.469801 0.045568 
 -0.072717 -0.476504 0.041387 
 -0.060102 -0.486769 0.012037 
 -0.043233 -0.493454 0.007868 
 -0.026365 -0.500140 0.003698 
 -0.009496 -0.506826 -0.000471 
 0.007373 -0.513512 -0.004641 
 0.024241 -0.520198 -0.008811 
 0.041110 -0.526884 -0.012980 
 0.062582 -0.530129 0.007944 
 0.079495 -0.536833 0.003764 
 0.096407 -0.543536 -0.000417 
 0.115688 -0.548545 0.007934 
 0.132622 -0.555257 0.003749 
 0.149556 -0.561969 -0.000437 
 0.171357 -0.565345 0.020406 
 0.188336 -0.572074 0.016209 
 0.205314 -0.578803 0.012013 
 0.222292 -0.585533 0.007816 
 0.239270 -0.592262 0.003619 
 0.261334 -0.595742 0.024397 
 0.273226 -0.605720 -0.004774 
 0.290205 -0.612450 -0.008971 
 -0.409188 -0.350153 0.189635 
 -0.398973 -0.364627 0.134649 
 -0.383763 -0.373262 0.117773 
 -0.366850 -0.379965 0.113592 
 -0.349938 -0.386668 0.109412 
 -0.333025 -0.393372 0.105232 
 -0.316113 -0.400075 0.101051 
 -0.302867 -0.410537 0.071547 
 -0.285999 -0.417223 0.067377 
 -0.269130 -0.423909 0.063207 
 -0.252261 -0.430595 0.059038 
 -0.235393 -0.437281 0.054868 
 -0.218524 -0.443967 0.050699 
 -0.201655 -0.450652 0.046529 
 -0.180813 -0.453700 0.067608 
 -0.163901 -0.460403 0.063428 
 -0.146989 -0.467107 0.059247 
 -0.130076 -0.473810 0.055067 
 -0.113164 -0.480513 0.050886 
 -0.096251 -0.487216 0.046706 
 -0.079339 -0.493919 0.042526 
 -0.062426 -0.500623 0.038345 
 -0.045514 -0.507326 0.034165 
 -0.032969 -0.517511 0.004833 
 -0.016100 -0.524197 0.000664 
 0.000768 -0.530882 -0.003506 
 0.017637 -0.537568 -0.007675 
 0.034506 -0.544254 -0.011845 
 0.055961 -0.547545 0.009082 
 0.072873 -0.554248 0.004902 
 0.089786 -0.560951 0.000721 
 0.106698 -0.567655 -0.003459 
 0.125992 -0.572695 0.004888 
 0.142926 -0.579407 0.000702 
 0.169560 -0.579537 0.046580 
 0.186582 -0.586284 0.042373 
 0.198667 -0.596287 0.013155 
 0.215645 -0.603016 0.008958 
 0.232623 -0.609745 0.004762 
 0.254670 -0.613270 0.025543 
 0.266579 -0.623204 -0.003631 
 0.283558 -0.629933 -0.007828 
 0.449671 -0.667100 0.095382 
 0.461339 -0.676938 0.066267 
 0.478515 -0.683746 0.062022 
 0.495690 -0.690553 0.057776 
 -0.402217 -0.378246 0.161181 
 -0.385239 -0.384976 0.156984 
 -0.371734 -0.395489 0.127417 
 -0.354800 -0.402201 0.123231 
 -0.339647 -0.410787 0.106370 
 -0.322734 -0.417490 0.102189 
 -0.305822 -0.424193 0.098009 
 -0.288910 -0.430897 0.093829 
 -0.275734 -0.441280 0.064343 
 -0.255085 -0.444303 0.085468 
 -0.238172 -0.451006 0.081287 
 -0.221260 -0.457709 0.077107 
 -0.204347 -0.464413 0.072926 
 -0.187435 -0.471116 0.068746 
 -0.170522 -0.477819 0.064566 
 -0.153610 -0.484522 0.060385 
 -0.134653 -0.489455 0.068815 
 -0.117719 -0.496167 0.064629 
 -0.100785 -0.502879 0.060443 
 -0.085960 -0.511335 0.043664 
 -0.069048 -0.518038 0.039483 
 -0.052135 -0.524741 0.035303 
 -0.035223 -0.531445 0.031122 
 -0.022704 -0.541567 0.001799 
 -0.005836 -0.548253 -0.002371 
 0.011033 -0.554939 -0.006540 
 0.032427 -0.558257 0.014401 
 0.049340 -0.564961 0.010220 
 0.066252 -0.571664 0.006040 
 0.083165 -0.578367 0.001860 
 0.102428 -0.583421 0.010214 
 0.119362 -0.590133 0.006028 
 0.136297 -0.596845 0.001842 
 0.158063 -0.600311 0.022691 
 0.179918 -0.603812 0.043518 
 0.192020 -0.613770 0.014298 
 0.213962 -0.617306 0.035103 
 0.230984 -0.624052 0.030896 
 0.248006 -0.630799 0.026688 
 0.265028 -0.637545 0.022481 
 0.282050 -0.644292 0.018273 
 0.299072 -0.651039 0.014066 
 0.316094 -0.657785 0.009858 
 0.333116 -0.664532 0.005651 
 0.350138 -0.671278 0.001443 
 0.372518 -0.674988 0.022141 
 0.389584 -0.681752 0.017923 
 0.414819 -0.684012 0.051030 
 0.431950 -0.690802 0.046796 
 0.449082 -0.697592 0.042561 
 0.460636 -0.707333 0.013475 
 0.474913 -0.715572 -0.003168 
 0.491979 -0.722336 -0.007387 
 -0.402125 -0.388183 0.213114 
 -0.385059 -0.394947 0.208896 
 -0.371450 -0.405449 0.179303 
 -0.354428 -0.412196 0.175096 
 -0.340951 -0.422647 0.145536 
 -0.327561 -0.433063 0.115999 
 -0.310627 -0.439774 0.111813 
 -0.295531 -0.448312 0.094967 
 -0.282338 -0.458650 0.065478 
 -0.261706 -0.461719 0.086606 
 -0.244793 -0.468422 0.082425 
 -0.227881 -0.475125 0.078245 
 -0.210969 -0.481828 0.074065 
 -0.192086 -0.486758 0.082512 
 -0.175152 -0.493469 0.078326 
 -0.158218 -0.500181 0.074140 
 -0.141283 -0.506893 0.069955 
 -0.124349 -0.513605 0.065769 
 -0.107415 -0.520317 0.061583 
 -0.092581 -0.528751 0.044802 
 -0.075669 -0.535454 0.040621 
 -0.058756 -0.542157 0.036441 
 -0.041844 -0.548860 0.032260 
 -0.029309 -0.558938 0.002934 
 -0.012440 -0.565623 -0.001236 
 0.004429 -0.572309 -0.005405 
 0.021297 -0.578995 -0.009575 
 0.042718 -0.582376 0.011358 
 0.059631 -0.589079 0.007178 
 0.076543 -0.595783 0.002998 
 0.095798 -0.600859 0.011353 
 0.112732 -0.607571 0.007167 
 0.134438 -0.611065 0.028030 
 0.151416 -0.617795 0.023833 
 0.173254 -0.621341 0.044664 
 0.190275 -0.628087 0.040456 
 0.207298 -0.634834 0.036249 
 0.224320 -0.641581 0.032041 
 0.241342 -0.648327 0.027834 
 0.258363 -0.655074 0.023626 
 0.275386 -0.661820 0.019419 
 0.292408 -0.668567 0.015211 
 0.309429 -0.675314 0.011004 
 0.326452 -0.682060 0.006796 
 0.343473 -0.688807 0.002589 
 0.365837 -0.692561 0.023290 
 0.377517 -0.702300 -0.005826 
 0.402683 -0.704611 0.027296 
 0.425243 -0.708443 0.047949 
 0.436858 -0.718156 0.018849 
 0.453946 -0.724929 0.014625 
 0.468232 -0.733145 -0.002020 
 0.485297 -0.739909 -0.006238 
 0.502363 -0.746673 -0.010457 
 -0.408806 -0.405756 0.214262 
 -0.391740 -0.412520 0.210044 
 -0.374675 -0.419284 0.205826 
 -0.357609 -0.426048 0.201607 
 -0.340543 -0.432812 0.197389 
 -0.327049 -0.443218 0.167826 
 -0.310027 -0.449964 0.163619 
 -0.300322 -0.463925 0.108767 
 -0.283388 -0.470636 0.104581 
 -0.262707 -0.473776 0.125696 
 -0.249519 -0.484060 0.096209 
 -0.232585 -0.490772 0.092023 
 -0.211773 -0.493964 0.113106 
 -0.194794 -0.500693 0.108909 
 -0.177816 -0.507422 0.104712 
 -0.160838 -0.514152 0.100516 
 -0.143860 -0.520881 0.096319 
 -0.130979 -0.531043 0.066908 
 -0.114044 -0.537755 0.062723 
 -0.097110 -0.544467 0.058537 
 -0.082290 -0.552869 0.041759 
 -0.065378 -0.559573 0.037579 
 -0.048465 -0.566276 0.033399 
 -0.035913 -0.576308 0.004069 
 -0.014640 -0.579682 0.025038 
 0.002272 -0.586385 0.020857 
 0.019185 -0.593089 0.016677 
 0.038365 -0.598162 0.025050 
 0.055299 -0.604874 0.020864 
 0.072234 -0.611586 0.016678 
 0.093835 -0.615090 0.037566 
 0.110813 -0.621819 0.033369 
 0.127791 -0.628549 0.029173 
 0.144769 -0.635278 0.024976 
 0.161747 -0.642007 0.020779 
 0.183611 -0.645616 0.041602 
 0.200633 -0.652362 0.037394 
 0.217655 -0.659109 0.033187 
 0.234677 -0.665856 0.028979 
 0.251699 -0.672602 0.024772 
 0.268721 -0.679349 0.020564 
 0.285743 -0.686095 0.016357 
 0.302765 -0.692842 0.012149 
 0.319787 -0.699589 0.007942 
 0.344730 -0.701889 0.041117 
 0.359155 -0.710135 0.024438 
 0.370853 -0.719828 -0.004681 
 0.395993 -0.722207 0.028446 
 0.418536 -0.726085 0.049101 
 0.430168 -0.735752 0.019999 
 0.447256 -0.742525 0.015775 
 0.461550 -0.750719 -0.000872 
 0.478616 -0.757483 -0.005090 
 0.495682 -0.764247 -0.009308 
 0.512748 -0.771011 -0.013527 
 -0.398422 -0.430094 0.211192 
 -0.381356 -0.436858 0.206974 
 -0.364290 -0.443622 0.202756 
 -0.350735 -0.453999 0.173179 
 -0.333713 -0.460746 0.168972 
 -0.320289 -0.471072 0.139428 
 -0.303311 -0.477801 0.135231 
 -0.286332 -0.484530 0.131035 
 -0.265625 -0.487732 0.152142 
 -0.252376 -0.497989 0.122642 
 -0.235398 -0.504718 0.118445 
 -0.214559 -0.507972 0.139519 
 -0.197537 -0.514719 0.135312 
 -0.180515 -0.521465 0.131104 
 -0.163493 -0.528212 0.126897 
 -0.146471 -0.534959 0.122689 
 -0.129449 -0.541705 0.118482 
 -0.120674 -0.555193 0.063862 
 -0.103740 -0.561905 0.059676 
 -0.088911 -0.570285 0.042897 
 -0.071999 -0.576988 0.038717 
 -0.021262 -0.597098 0.026176 
 -0.004349 -0.603801 0.021995 
 0.012563 -0.610504 0.017815 
 0.031735 -0.615600 0.026190 
 0.048669 -0.622312 0.022004 
 0.065604 -0.629024 0.017818 
 0.087188 -0.632573 0.038708 
 0.108859 -0.636158 0.059577 
 0.121144 -0.646032 0.030315 
 0.142903 -0.649651 0.051162 
 0.159925 -0.656398 0.046955 
 0.176947 -0.663144 0.042747 
 0.193969 -0.669891 0.038540 
 0.210991 -0.676637 0.034332 
 0.228013 -0.683384 0.030125 
 0.245035 -0.690131 0.025917 
 0.262057 -0.696877 0.021710 
 0.279079 -0.703624 0.017502 
 0.301277 -0.707417 0.038242 
 0.318342 -0.714181 0.034023 
 0.338040 -0.719485 0.042267 
 0.352474 -0.727708 0.025587 
 0.364189 -0.737357 -0.003535 
 0.389303 -0.739803 0.029596 
 0.406391 -0.746576 0.025372 
 0.423478 -0.753348 0.021149 
 0.437803 -0.761528 0.004495 
 0.454869 -0.768292 0.000277 
 0.471935 -0.775056 -0.003942 
 0.489001 -0.781820 -0.008160 
 0.506066 -0.788584 -0.012378 
 -0.408465 -0.451288 0.186947 
 -0.388037 -0.454431 0.208123 
 -0.370971 -0.461195 0.203904 
 -0.357399 -0.471528 0.174325 
 -0.340377 -0.478274 0.170117 
 -0.326936 -0.488555 0.140571 
 -0.309958 -0.495284 0.136374 
 -0.292979 -0.502013 0.132177 
 -0.272289 -0.505261 0.153287 
 -0.259023 -0.515472 0.123784 
 -0.242045 -0.522201 0.119587 
 -0.221223 -0.525501 0.140665 
 -0.204201 -0.532247 0.136457 
 -0.187179 -0.538994 0.132250 
 -0.170157 -0.545740 0.128042 
 -0.153135 -0.552487 0.123835 
 -0.136113 -0.559234 0.119627 
 0.102195 -0.653686 0.060723 
 0.119217 -0.660433 0.056515 
 0.136239 -0.667179 0.052308 
 0.153261 -0.673926 0.048100 
 0.170283 -0.680673 0.043893 
 0.187305 -0.687419 0.039685 
 0.204327 -0.694166 0.035478 
 0.221349 -0.700912 0.031270 
 0.238371 -0.707659 0.027063 
 0.260464 -0.711462 0.047827 
 0.277529 -0.718226 0.043608 
 0.294595 -0.724990 0.039390 
 0.314262 -0.730308 0.047641 
 0.331350 -0.737081 0.043417 
 0.348438 -0.743854 0.039193 
 0.365525 -0.750626 0.034970 
 0.382613 -0.757399 0.030746 
 0.399701 -0.764172 0.026522 
 0.416788 -0.770944 0.022298 
 0.433876 -0.777717 0.018075 
 0.450964 -0.784490 0.013851 
 0.468052 -0.791262 0.009627 
 0.485139 -0.798035 0.005404 
 0.502227 -0.804808 0.001180 
 -0.415129 -0.468816 0.188093 
 -0.394719 -0.472005 0.209271 
 -0.377653 -0.478769 0.205053 
 -0.360587 -0.485533 0.200834 
 -0.316605 -0.512767 0.137517 
 -0.299626 -0.519497 0.133320 
 -0.278953 -0.522789 0.154433 
 -0.261931 -0.529536 0.150225 
 -0.244909 -0.536282 0.146018 
 -0.227887 -0.543029 0.141810 
 0.095531 -0.671215 0.061868 
 0.112553 -0.677961 0.057660 
 0.129575 -0.684708 0.053453 
 0.146597 -0.691454 0.049246 
 0.163619 -0.698201 0.045038 
 0.180641 -0.704948 0.040831 
 0.197663 -0.711694 0.036623 
 0.214685 -0.718441 0.032416 
 0.231707 -0.725187 0.028208 
 0.256309 -0.727586 0.061462 
 0.273397 -0.734359 0.057238 
 0.290484 -0.741132 0.053014 
 0.307572 -0.747904 0.048791 
 0.324660 -0.754677 0.044567 
 0.341748 -0.761450 0.040343 
 0.358835 -0.768222 0.036120 
 0.375923 -0.774995 0.031896 
 0.393011 -0.781768 0.027672 
 0.410098 -0.788540 0.023448 
 0.427186 -0.795313 0.019225 
 0.444274 -0.802086 0.015001 
 0.461362 -0.808858 0.010777 
 0.478449 -0.815631 0.006553 
 0.495537 -0.822404 0.002330 
 0.105889 -0.695490 0.058806 
 0.122911 -0.702236 0.054598 
 0.139933 -0.708983 0.050391 
 0.156955 -0.715729 0.046183 
 0.173977 -0.722476 0.041976 
 0.190999 -0.729223 0.037768 
 0.283795 -0.758728 0.054164 
 0.300882 -0.765500 0.049941 
 0.317970 -0.772273 0.045717 
 0.335058 -0.779046 0.041493 
 0.352145 -0.785818 0.037269 
 0.374576 -0.789859 0.057947 
 0.391708 -0.796649 0.053713 
 0.408839 -0.803439 0.049478 
 0.425971 -0.810229 0.045244 
 0.443102 -0.817019 0.041009 
 0.460234 -0.823809 0.036774 
 0.471759 -0.833227 0.007703 
 0.373195 -0.804814 0.084004 
 0.385001 -0.814291 0.054866 
 0.402132 -0.821081 0.050631 
 0.419264 -0.827871 0.046396 
 