-0.176365 0.937634 0.185813 
 -0.209357 0.935576 0.183469 
 -0.074701 0.912429 0.182524 
 -0.111550 0.916418 0.158095 
 -0.140684 0.908315 0.177836 
 -0.173676 0.906258 0.175492 
 -0.206667 0.904201 0.173148 
 -0.239659 0.902144 0.170804 
 -0.017997 0.903402 0.110650 
 -0.050859 0.901353 0.108316 
 -0.083722 0.899304 0.105981 
 -0.108864 0.885083 0.147788 
 -0.141812 0.883029 0.145447 
 -0.174761 0.880974 0.143106 
 -0.207710 0.878920 0.140766 
 -0.240658 0.876865 0.138425 
 -0.273607 0.874811 0.136084 
 0.050408 0.876248 0.105039 
 0.017545 0.874199 0.102704 
 -0.023304 0.884388 0.056235 
 -0.056081 0.882344 0.053906 
 -0.088858 0.880301 0.051578 
 -0.121635 0.878257 0.049249 
 -0.154412 0.876213 0.046921 
 -0.187188 0.874170 0.044592 
 -0.227436 0.884396 -0.001833 
 -0.260127 0.882358 -0.004155 
 -0.292818 0.880319 -0.006478 
 0.164310 0.832703 0.167967 
 0.127149 0.836795 0.143558 
 0.085950 0.847044 0.097093 
 0.053087 0.844995 0.094758 
 0.012145 0.855261 0.048310 
 -0.020632 0.853217 0.045981 
 -0.053409 0.851173 0.043653 
 -0.086186 0.849130 0.041324 
 -0.118963 0.847086 0.038995 
 -0.151740 0.845042 0.036667 
 -0.192080 0.855345 -0.009737 
 -0.224771 0.853307 -0.012060 
 -0.257462 0.851268 -0.014382 
 -0.293806 0.855411 -0.038734 
 -0.326454 0.853375 -0.041053 
 0.283349 0.782781 0.252936 
 0.250186 0.780713 0.250580 
 0.208506 0.791015 0.204108 
 0.166999 0.801327 0.157646 
 0.129836 0.805460 0.133251 
 0.088629 0.815791 0.086812 
 0.047594 0.826133 0.040384 
 0.014817 0.824089 0.038056 
 -0.017960 0.822046 0.035727 
 -0.058651 0.832409 -0.010674 
 -0.083514 0.817958 0.031070 
 -0.116291 0.815915 0.028742 
 -0.149068 0.813871 0.026413 
 -0.193201 0.830470 -0.041989 
 -0.222106 0.822217 -0.022287 
 -0.258496 0.826398 -0.046628 
 -0.291144 0.824363 -0.048947 
 -0.305725 0.791202 0.058796 
 -0.338587 0.789153 0.056461 
 0.323606 0.747092 0.266972 
 0.277358 0.763683 0.198460 
 0.244281 0.761620 0.196110 
 0.211203 0.759558 0.193760 
 0.165470 0.776180 0.125284 
 0.132522 0.774126 0.122943 
 0.083043 0.797006 0.032459 
 0.050266 0.794962 0.030131 
 0.017489 0.792918 0.027802 
 -0.027299 0.809599 -0.040605 
 -0.059947 0.807564 -0.042925 
 -0.088677 0.799281 -0.023224 
 -0.125243 0.803492 -0.047563 
 -0.157891 0.801457 -0.049883 
 -0.190539 0.799421 -0.052202 
 -0.223187 0.797385 -0.054522 
 -0.255835 0.795350 -0.056841 
 -0.284823 0.787051 -0.037159 
 -0.303046 0.759950 0.048515 
 -0.328760 0.745364 0.090172 
 -0.358178 0.737038 0.109824 
 -0.394658 0.741255 0.085491 
 -0.427606 0.739201 0.083150 
 -0.460555 0.737146 0.080809 
 0.359520 0.717583 0.258943 
 0.313132 0.734288 0.190462 
 0.271353 0.744748 0.144036 
 0.238362 0.742691 0.141692 
 0.201105 0.746900 0.117317 
 0.159712 0.757383 0.070920 
 0.126849 0.755334 0.068586 
 0.085715 0.765835 0.022205 
 0.044752 0.776345 -0.024161 
 0.012061 0.774307 -0.026483 
 -0.020630 0.772268 -0.028806 
 -0.057285 0.776515 -0.053138 
 -0.089933 0.774479 -0.055458 
 -0.122581 0.772444 -0.057777 
 -0.155230 0.770408 -0.060096 
 -0.195462 0.780964 -0.106412 
 -0.220526 0.766337 -0.064735 
 -0.260586 0.776904 -0.111039 
 -0.285821 0.762265 -0.069374 
 -0.307607 0.741310 -0.005737 
 -0.333229 0.726648 0.035900 
 -0.359023 0.711975 0.077524 
 -0.391972 0.709920 0.075183 
 -0.424920 0.707866 0.072842 
 -0.457869 0.705812 0.070502 
 -0.490818 0.703757 0.068161 
 -0.523766 0.701703 0.065820 
 0.381984 0.706956 0.184814 
 0.348906 0.704893 0.182464 
 0.307034 0.715429 0.136059 
 0.269688 0.719674 0.111691 
 0.236740 0.717620 0.109350 
 0.203791 0.715565 0.107010 
 0.162391 0.726131 0.060640 
 0.121164 0.736707 0.014280 
 0.080108 0.747294 -0.032065 
 0.047417 0.745255 -0.034388 
 0.014726 0.743217 -0.036710 
 -0.021976 0.747502 -0.061032 
 -0.054624 0.745466 -0.063352 
 -0.087272 0.743431 -0.065671 
 -0.127683 0.754058 -0.111972 
 -0.160245 0.752028 -0.114285 
 -0.192808 0.749997 -0.116599 
 -0.225370 0.747967 -0.118912 
 -0.257932 0.745937 -0.121225 
 -0.283160 0.731217 -0.079588 
 -0.304935 0.710139 -0.015991 
 -0.330550 0.695395 0.025619 
 -0.356337 0.680640 0.067216 
 -0.389286 0.678586 0.064876 
 -0.422234 0.676531 0.062535 
 -0.455183 0.674477 0.060194 
 -0.488132 0.672423 0.057853 
 -0.521080 0.670368 0.055512 
 0.344300 0.732511 -0.023713 
 0.320497 0.717798 0.017998 
 0.287720 0.715754 0.015669 
 0.246227 0.726396 -0.030680 
 0.209221 0.730703 -0.055010 
 0.176573 0.728667 -0.057329 
 0.143926 0.726632 -0.059649 
 0.123836 0.705536 0.004026 
 0.082773 0.716204 -0.042292 
 0.050082 0.714166 -0.044615 
 0.017391 0.712128 -0.046937 
 -0.019314 0.716453 -0.071246 
 -0.051962 0.714418 -0.073565 
 -0.084610 0.712382 -0.075885 
 -0.125029 0.723091 -0.122159 
 -0.157591 0.721061 -0.124472 
 -0.190153 0.719031 -0.126785 
 -0.222715 0.717000 -0.129099 
 -0.255277 0.714970 -0.131412 
 -0.280498 0.700168 -0.089801 
 -0.302263 0.678968 -0.026245 
 -0.327871 0.664142 0.015339 
 -0.353651 0.649306 0.056909 
 -0.386600 0.647251 0.054568 
 -0.419548 0.645197 0.052227 
 -0.452497 0.643142 0.049886 
 -0.485445 0.641088 0.047546 
 -0.518394 0.639034 0.045205 
 0.346965 0.701422 -0.033939 
 0.314274 0.699383 -0.036262 
 0.281583 0.697345 -0.038584 
 0.244531 0.701690 -0.062904 
 0.211883 0.699654 -0.065223 
 0.179235 0.697619 -0.067543 
 0.146587 0.695583 -0.069862 
 0.113939 0.693547 -0.072182 
 0.081291 0.691512 -0.074501 
 0.048643 0.689476 -0.076820 
 0.015995 0.687440 -0.079140 
 -0.016653 0.685405 -0.081459 
 -0.057250 0.696185 -0.127719 
 -0.089813 0.694155 -0.130032 
 -0.122374 0.692124 -0.132345 
 -0.154936 0.690094 -0.134659 
 -0.187499 0.688064 -0.136972 
 -0.212541 0.673191 -0.095376 
 -0.245189 0.671155 -0.097695 
 -0.274163 0.662693 -0.078066 
 -0.299591 0.647797 -0.036499 
 -0.332368 0.645753 -0.038827 
 -0.358055 0.630840 0.002723 
 -0.390918 0.628791 0.000389 
 -0.416862 0.613862 0.041920 
 -0.449811 0.611808 0.039579 
 -0.482759 0.609753 0.037238 
 -0.515708 0.607699 0.034897 
 0.400468 0.646715 0.046140 
 0.349630 0.670332 -0.044166 
 0.316939 0.668294 -0.046489 
 0.284248 0.666255 -0.048811 
 0.247192 0.670642 -0.073117 
 0.214544 0.668606 -0.075437 
 0.181896 0.666570 -0.077756 
 0.149249 0.664535 -0.080076 
 0.116601 0.662499 -0.082395 
 0.083953 0.660463 -0.084714 
 0.051305 0.658428 -0.087034 
 0.018657 0.656392 -0.089353 
 -0.013991 0.654356 -0.091673 
 -0.046639 0.652321 -0.093992 
 -0.079287 0.650285 -0.096311 
 -0.111935 0.648249 -0.098631 
 -0.144583 0.646214 -0.100950 
 -0.177231 0.644178 -0.103270 
 -0.209879 0.642142 -0.105589 
 -0.238807 0.633642 -0.085971 
 -0.264143 0.618669 -0.044424 
 -0.296919 0.616626 -0.046753 
 -0.322513 0.601636 -0.005223 
 -0.355376 0.599587 -0.007557 
 -0.388239 0.597538 -0.009892 
 -0.421102 0.595489 -0.012227 
 -0.447124 0.580473 0.029271 
 -0.480073 0.578419 0.026931 
 -0.513022 0.576364 0.024590 
 -0.545971 0.574310 0.022249 
 0.450368 0.645358 -0.047426 
 0.413094 0.649771 -0.071734 
 0.384986 0.641281 -0.052071 
 0.352295 0.639243 -0.054393 
 0.319604 0.637204 -0.056716 
 0.282502 0.641629 -0.081011 
 0.249854 0.639593 -0.083331 
 0.217206 0.637557 -0.085650 
 0.184558 0.635522 -0.087970 
 0.151910 0.633486 -0.090289 
 0.119262 0.631450 -0.092609 
 0.086614 0.629415 -0.094928 
 0.053966 0.627379 -0.097247 
 0.021318 0.625343 -0.099567 
 -0.011330 0.623308 -0.101886 
 -0.043978 0.621272 -0.104206 
 -0.076626 0.619236 -0.106525 
 -0.109274 0.617201 -0.108844 
 -0.141922 0.615165 -0.111164 
 -0.174570 0.613129 -0.113483 
 -0.203451 0.604591 -0.093875 
 -0.228694 0.589542 -0.052349 
 -0.254109 0.574481 -0.010834 
 -0.294247 0.585454 -0.057006 
 -0.319834 0.570383 -0.015503 
 -0.352697 0.568334 -0.017838 
 -0.385560 0.566285 -0.020173 
 -0.411490 0.551193 0.021305 
 -0.444438 0.549139 0.018964 
 -0.474007 0.540557 0.038523 
 -0.500324 0.525441 0.079974 
 -0.533401 0.523378 0.077624 
 -0.566479 0.521316 0.075274 
 0.448403 0.620758 -0.079628 
 0.415756 0.618723 -0.081947 
 0.383108 0.616687 -0.084267 
 0.350460 0.614651 -0.086586 
 0.317812 0.612616 -0.088906 
 0.285163 0.610580 -0.091225 
 0.252515 0.608544 -0.093544 
 0.219867 0.606509 -0.095864 
 0.187219 0.604473 -0.098183 
 0.154572 0.602437 -0.100503 
 0.121924 0.600402 -0.102822 
 0.089276 0.598366 -0.105141 
 0.060742 0.589808 -0.085522 
 0.028051 0.587770 -0.087845 
 -0.008668 0.592259 -0.112100 
 -0.041316 0.590223 -0.114419 
 -0.073964 0.588188 -0.116738 
 -0.102713 0.579616 -0.097135 
 -0.139260 0.584116 -0.121377 
 -0.171908 0.582081 -0.123697 
 -0.200786 0.573501 -0.104102 
 -0.226022 0.558371 -0.062603 
 -0.251430 0.543229 -0.021115 
 -0.284292 0.541179 -0.023449 
 -0.317155 0.539130 -0.025784 
 -0.342906 0.523967 0.015679 
 -0.375855 0.521913 0.013338 
 -0.408804 0.519859 0.010997 
 -0.441752 0.517804 0.008656 
 -0.471317 0.509182 0.028202 
 -0.497627 0.493984 0.069626 
 -0.537301 0.505068 0.023514 
 -0.570292 0.503011 0.021170 
 0.483713 0.591745 -0.087522 
 0.451065 0.589710 -0.089841 
 0.418417 0.587674 -0.092161 
 0.385769 0.585638 -0.094480 
 0.353121 0.583603 -0.096800 
 0.324934 0.575026 -0.077170 
 0.287825 0.579531 -0.101438 
 0.255177 0.577496 -0.103758 
 0.222529 0.575460 -0.106077 
 0.189881 0.573424 -0.108397 
 0.157233 0.571389 -0.110716 
 0.124585 0.569353 -0.113035 
 0.091937 0.567317 -0.115355 
 0.059289 0.565282 -0.117674 
 0.026641 0.563246 -0.119994 
 -0.006007 0.561210 -0.122313 
 -0.038655 0.559175 -0.124633 
 -0.059465 0.537418 -0.061214 
 -0.084437 0.522221 -0.019722 
 -0.117300 0.520172 -0.022057 
 -0.165430 0.544450 -0.112007 
 -0.190573 0.529243 -0.070528 
 -0.215888 0.514025 -0.029061 
 -0.248751 0.511976 -0.031395 
 -0.281613 0.509927 -0.033730 
 -0.307272 0.494687 0.007712 
 -0.340220 0.492633 0.005371 
 -0.373169 0.490578 0.003030 
 -0.406118 0.488524 0.000689 
 -0.439066 0.486470 -0.001651 
 -0.468628 0.477807 0.017881 
 -0.501620 0.475750 0.015537 
 -0.534611 0.473692 0.013193 
 -0.567603 0.471635 0.010849 
 0.523745 0.556166 -0.073462 
 0.486375 0.560697 -0.097735 
 0.453727 0.558661 -0.100055 
 0.411891 0.569775 -0.146265 
 0.388431 0.554590 -0.104694 
 0.355783 0.552554 -0.107013 
 0.323135 0.550519 -0.109332 
 0.290487 0.548483 -0.111652 
 0.257839 0.546447 -0.113971 
 0.225191 0.544411 -0.116291 
 0.196836 0.535783 -0.096686 
 0.159895 0.540340 -0.120930 
 0.127247 0.538305 -0.123249 
 0.094599 0.536269 -0.125568 
 0.061951 0.534233 -0.127888 
 0.029303 0.532197 -0.130207 
 0.000690 0.523553 -0.110621 
 -0.032001 0.521514 -0.112944 
 -0.048895 0.493017 -0.027668 
 -0.081758 0.490968 -0.030003 
 -0.122347 0.502159 -0.076125 
 -0.162765 0.513361 -0.122234 
 -0.180346 0.484821 -0.037007 
 -0.213209 0.482772 -0.039341 
 -0.246072 0.480723 -0.041676 
 -0.278934 0.478674 -0.044011 
 -0.304586 0.463353 -0.002596 
 -0.337534 0.461298 -0.004937 
 -0.370483 0.459244 -0.007277 
 -0.399955 0.450545 0.012248 
 -0.432947 0.448488 0.009904 
 -0.459157 0.433132 0.051280 
 -0.492234 0.431070 0.048930 
 -0.525312 0.429007 0.046580 
 0.526410 0.525077 -0.083689 
 0.489036 0.529648 -0.107949 
 0.456388 0.527613 -0.110268 
 0.414546 0.538808 -0.156452 
 0.391092 0.523541 -0.114907 
 0.349422 0.534747 -0.161079 
 0.325796 0.519470 -0.119546 
 0.284298 0.530687 -0.165705 
 0.260500 0.515399 -0.124185 
 0.227852 0.513363 -0.126504 
 0.195204 0.511327 -0.128824 
 0.162556 0.509292 -0.131143 
 0.129908 0.507256 -0.133462 
 0.097260 0.505220 -0.135782 
 0.064612 0.503185 -0.138101 
 0.044209 0.481207 -0.074736 
 0.011433 0.479163 -0.077064 
 -0.013353 0.463813 -0.035614 
 -0.034358 0.441798 0.027709 
 -0.067349 0.439741 0.025365 
 -0.104208 0.444345 0.001141 
 -0.152452 0.468945 -0.088707 
 -0.177667 0.453568 -0.047287 
 -0.210530 0.451519 -0.049622 
 -0.243393 0.449470 -0.051957 
 -0.268951 0.434073 -0.010563 
 -0.301900 0.432018 -0.012903 
 -0.331282 0.423284 0.006614 
 -0.364274 0.421227 0.004270 
 -0.390305 0.405800 0.045632 
 -0.423383 0.403737 0.043282 
 -0.449671 0.388294 0.084625 
 -0.489538 0.399612 0.038582 
 -0.522615 0.397550 0.036233 
 0.529075 0.493987 -0.093916 
 0.491698 0.498600 -0.118162 
 0.459050 0.496564 -0.120482 
 0.417200 0.507841 -0.166639 
 0.384638 0.505811 -0.168952 
 0.352076 0.503780 -0.171265 
 0.319514 0.501750 -0.173579 
 0.286952 0.499720 -0.175892 
 0.254390 0.497689 -0.178205 
 0.230514 0.482314 -0.136718 
 0.202166 0.473604 -0.117140 
 0.169475 0.471565 -0.119463 
 0.132570 0.476207 -0.143676 
 0.104093 0.467489 -0.124108 
 0.079658 0.452079 -0.082661 
 0.055052 0.436659 -0.041225 
 0.022189 0.434610 -0.043560 
 -0.002675 0.419173 -0.002144 
 -0.031668 0.410423 0.017388 
 -0.064659 0.408365 0.015044 
 -0.097651 0.406308 0.012700 
 -0.142125 0.424364 -0.055233 
 -0.167419 0.408901 -0.013848 
 -0.200367 0.406847 -0.016189 
 -0.233316 0.404792 -0.018529 
 -0.266265 0.402738 -0.020870 
 -0.295601 0.393966 -0.001363 
 -0.321453 0.378468 0.039984 
 -0.354531 0.376405 0.037634 
 -0.380641 0.360891 0.078962 
 -0.413805 0.358823 0.076606 
 -0.446968 0.356756 0.074250 
 -0.480131 0.354688 0.071894 
 -0.513295 0.352620 0.069538 
 0.527007 0.469587 -0.126056 
 0.494359 0.467551 -0.128376 
 0.452417 0.478904 -0.174512 
 0.419855 0.476874 -0.176825 
 0.387293 0.474844 -0.179139 
 0.354731 0.472813 -0.181452 
 0.322168 0.470783 -0.183765 
 0.289607 0.468753 -0.186078 
 0.257045 0.466722 -0.188392 
 0.233175 0.451266 -0.146931 
 0.200527 0.449230 -0.149251 
 0.172140 0.440476 -0.129690 
 0.139449 0.438438 -0.132012 
 0.115107 0.422952 -0.090586 
 0.082330 0.420908 -0.092915 
 0.057731 0.405406 -0.051506 
 0.032959 0.389893 -0.010111 
 0.004013 0.381104 0.009411 
 -0.028979 0.379047 0.007067 
 -0.054136 0.363510 0.048436 
 -0.087214 0.361448 0.046086 
 -0.120291 0.359385 0.043736 
 -0.160945 0.370819 -0.002309 
 -0.193937 0.368762 -0.004652 
 -0.226928 0.366705 -0.006996 
 -0.252602 0.351135 0.034336 
 -0.278447 0.335556 0.075655 
 -0.318757 0.347010 0.029636 
 -0.351834 0.344948 0.027286 
 -0.377937 0.329352 0.068587 
 -0.411101 0.327284 0.066231 
 -0.440863 0.318444 0.085696 
 -0.474070 0.316374 0.083337 
 -0.507276 0.314303 0.080977 
 0.529669 0.438538 -0.136270 
 0.497021 0.436502 -0.138589 
 0.455072 0.447937 -0.184699 
 0.422509 0.445907 -0.187012 
 0.389947 0.443877 -0.189325 
 0.357385 0.441847 -0.191638 
 0.324823 0.439816 -0.193952 
 0.292261 0.437786 -0.196265 
 0.268485 0.422253 -0.154825 
 0.235837 0.420217 -0.157145 
 0.207496 0.411425 -0.137594 
 0.174805 0.409387 -0.139917 
 0.150556 0.393824 -0.098512 
 0.117779 0.391781 -0.100840 
 0.093272 0.376202 -0.059452 
 0.068594 0.360613 -0.018077 
 0.039695 0.351786 0.001433 
 0.014715 0.336178 0.042788 
 -0.018362 0.334115 0.040438 
 -0.051440 0.332053 0.038088 
 -0.076762 0.316424 0.079417 
 -0.109926 0.314356 0.077061 
 -0.143089 0.312288 0.074705 
 -0.176253 0.310220 0.072349 
 -0.209416 0.308152 0.069993 
 -0.242580 0.306085 0.067636 
 -0.275743 0.304017 0.065280 
 -0.308907 0.301949 0.062924 
 -0.342070 0.299881 0.060568 
 -0.371743 0.291006 0.080026 
 -0.404949 0.288935 0.077667 
 -0.438156 0.286865 0.075307 
 -0.464639 0.271163 0.116554 
 -0.491293 0.255451 0.157788 
 -0.524671 0.253370 0.155417 
 0.537070 0.400719 -0.124596 
 0.499682 0.405454 -0.148803 
 0.467034 0.403418 -0.151122 
 0.425164 0.414940 -0.197198 
 0.392602 0.412910 -0.199512 
 0.360040 0.410880 -0.201825 
 0.327478 0.408849 -0.204138 
 0.294916 0.406819 -0.206452 
 0.271146 0.391204 -0.165039 
 0.238498 0.389168 -0.167358 
 0.210161 0.380335 -0.147821 
 0.186005 0.364697 -0.106437 
 0.153228 0.362653 -0.108765 
 0.120451 0.360609 -0.111094 
 0.104229 0.331333 -0.026044 
 0.071280 0.329278 -0.028385 
 0.042384 0.320410 -0.008888 
 0.017412 0.304721 0.032440 
 -0.015666 0.302658 0.030090 
 -0.048743 0.300596 0.027740 
 -0.074059 0.284885 0.069042 
 -0.107222 0.282817 0.066686 
 -0.140386 0.280749 0.064330 
 -0.173549 0.278681 0.061974 
 -0.203004 0.269778 0.081433 
 -0.236210 0.267708 0.079074 
 -0.269417 0.265637 0.076715 
 -0.295463 0.249881 0.117965 
 -0.328755 0.247805 0.115600 
 -0.355059 0.232033 0.156831 
 -0.388437 0.229951 0.154460 
 -0.421816 0.227870 0.152089 
 -0.448463 0.212076 0.193297 
 -0.478605 0.203130 0.212706 
 -0.512112 0.201041 0.210326 
 -0.545619 0.198952 0.207945 
 0.539735 0.369629 -0.134823 
 0.507045 0.367591 -0.137146 
 0.469696 0.372370 -0.161336 
 0.437048 0.370334 -0.163655 
 0.395256 0.381943 -0.209698 
 0.362694 0.379913 -0.212012 
 0.330132 0.377882 -0.214325 
 0.306456 0.362191 -0.172933 
 0.273808 0.360156 -0.175252 
 0.241160 0.358120 -0.177572 
 0.212826 0.349246 -0.158048 
 0.188677 0.333526 -0.116691 
 0.164356 0.317794 -0.075344 
 0.131493 0.315745 -0.077679 
 0.106915 0.299998 -0.036352 
 0.078066 0.291092 -0.016865 
 0.045074 0.289035 -0.019209 
 0.020109 0.273263 0.022092 
 -0.012969 0.271201 0.019742 
 -0.038192 0.255414 0.061023 
 -0.067471 0.246481 0.080481 
 -0.100677 0.244410 0.078122 
 -0.133884 0.242340 0.075763 
 -0.159579 0.226523 0.117011 
 -0.185447 0.210695 0.158246 
 -0.226164 0.222371 0.112280 
 -0.259456 0.220295 0.109915 
 -0.285581 0.204452 0.151132 
 -0.318960 0.202371 0.148761 
 -0.352338 0.200289 0.146389 
 -0.378807 0.184424 0.187583 
 -0.412271 0.182338 0.185206 
 -0.442366 0.173354 0.204604 
 -0.475873 0.171265 0.202224 
 -0.502815 0.155370 0.243384 
 -0.536408 0.153275 0.240998 
 -0.570001 0.151181 0.238611 
 0.603831 0.299480 -0.011548 
 0.561388 0.311130 -0.057609 
 0.519118 0.322792 -0.103659 
 0.477019 0.334463 -0.149695 
 0.439710 0.339285 -0.173869 
 0.407062 0.337250 -0.176188 
 0.365349 0.348946 -0.222198 
 0.341766 0.333178 -0.180827 
 0.309117 0.331143 -0.183146 
 0.276469 0.329107 -0.185466 
 0.243821 0.327071 -0.187785 
 0.224126 0.304398 -0.124616 
 0.199898 0.288590 -0.083290 
 0.175498 0.272772 -0.041978 
 0.134172 0.284492 -0.087959 
 0.113747 0.261774 -0.024842 
 0.080755 0.259717 -0.027186 
 0.055883 0.243869 0.014094 
 0.022805 0.241806 0.011744 
 -0.002325 0.225943 0.053004 
 -0.031558 0.216971 0.072452 
 -0.064764 0.214901 0.070093 
 -0.097970 0.212830 0.067734 
 -0.123573 0.196937 0.108961 
 -0.156865 0.194861 0.106595 
 -0.182726 0.178952 0.147804 
 -0.216104 0.176871 0.145433 
 -0.256742 0.188634 0.099500 
 -0.282860 0.172709 0.140690 
 -0.316238 0.170628 0.138319 
 -0.342614 0.154686 0.179492 
 -0.376079 0.152599 0.177114 
 -0.409543 0.150513 0.174737 
 -0.439635 0.141488 0.194122 
 -0.466483 0.125517 0.235262 
 -0.500076 0.123422 0.232875 
 -0.533669 0.121328 0.230488 
 -0.567262 0.119233 0.228102 
 0.653975 0.249536 0.046045 
 0.606517 0.268145 -0.021855 
 0.573568 0.266091 -0.024196 
 0.531205 0.277828 -0.070224 
 0.489013 0.289577 -0.116241 
 0.446993 0.301335 -0.162245 
 0.409723 0.306201 -0.186401 
 0.377075 0.304165 -0.188721 
 0.344427 0.302130 -0.191040 
 0.311779 0.300094 -0.193360 
 0.283538 0.291144 -0.173857 
 0.250847 0.289105 -0.176179 
 0.244082 0.245547 -0.047604 
 0.215411 0.236570 -0.028131 
 0.190889 0.220661 0.013146 
 0.149428 0.232455 -0.032819 
 0.124734 0.216537 0.008446 
 0.091657 0.214474 0.006096 
 0.058579 0.212412 0.003746 
 0.033542 0.196472 0.044986 
 0.004356 0.187462 0.064423 
 -0.028850 0.185392 0.062064 
 -0.054274 0.169428 0.103276 
 -0.087567 0.167352 0.100911 
 -0.120859 0.165276 0.098546 
 -0.146626 0.149290 0.139733 
 -0.172566 0.133294 0.180910 
 -0.213383 0.145128 0.134991 
 -0.246761 0.143047 0.132619 
 -0.272958 0.127034 0.173778 
 -0.306422 0.124948 0.171400 
 -0.339886 0.122861 0.169023 
 -0.373350 0.120775 0.166646 
 -0.403396 0.111712 0.186020 
 -0.436903 0.109623 0.183640 
 -0.463744 0.093570 0.224752 
 -0.497337 0.091475 0.222366 
 -0.530930 0.089381 0.219979 
 -0.564524 0.087286 0.217593 
 0.656672 0.218079 0.035697 
 0.614000 0.229879 -0.010327 
 0.581009 0.227822 -0.012670 
 0.543306 0.232702 -0.036844 
 0.501021 0.244526 -0.082839 
 0.458908 0.256362 -0.128823 
 0.416967 0.268208 -0.174794 
 0.379737 0.273117 -0.198934 
 0.351585 0.264131 -0.179439 
 0.318894 0.262093 -0.181761 
 0.295024 0.246143 -0.140466 
 0.279717 0.216267 -0.055571 
 0.259741 0.193329 0.007498 
 0.226664 0.191267 0.005148 
 0.193586 0.189204 0.002798 
 0.160508 0.187142 0.000448 
 0.127431 0.185079 -0.001902 
 0.102573 0.169069 0.039323 
 0.069409 0.167001 0.036967 
 0.040269 0.157953 0.056394 
 0.007063 0.155882 0.054035 
 -0.018268 0.139842 0.095226 
 -0.043770 0.123791 0.136405 
 -0.084853 0.135690 0.090496 
 -0.110527 0.119629 0.131663 
 -0.143905 0.117547 0.129291 
 -0.169837 0.101469 0.170441 
 -0.203301 0.099383 0.168064 
 -0.244040 0.111304 0.122177 
 -0.270230 0.095209 0.163309 
 -0.303694 0.093123 0.160931 
 -0.337158 0.091036 0.158554 
 -0.367157 0.081935 0.177918 
 -0.400664 0.079846 0.175538 
 -0.427413 0.063717 0.216630 
 -0.454333 0.047577 0.257708 
 -0.488012 0.045477 0.255316 
 -0.521691 0.043378 0.252923 
 -0.555370 0.041278 0.250530 
 0.659368 0.186622 0.025349 
 0.626291 0.184559 0.022999 
 0.583698 0.196447 -0.022991 
 0.545992 0.201367 -0.047152 
 0.503700 0.213273 -0.093120 
 0.461580 0.225191 -0.139077 
 0.419632 0.237118 -0.185021 
 0.386941 0.235080 -0.187343 
 0.354250 0.233042 -0.189666 
 0.330473 0.217016 -0.148392 
 0.306524 0.200979 -0.107128 
 0.286774 0.177933 -0.044086 
 0.262438 0.161872 -0.002850 
 0.237930 0.145801 0.038372 
 0.204767 0.143733 0.036016 
 0.163205 0.155685 -0.009900 
 0.138440 0.139598 0.031304 
 0.109389 0.130514 0.050724 
 0.076183 0.128444 0.048365 
 0.042976 0.126373 0.046006 
 0.017739 0.110256 0.087176 
 -0.015554 0.108181 0.084811 
 -0.041049 0.092048 0.125963 
 -0.074427 0.089967 0.123592 
 -0.107806 0.087885 0.121221 
 -0.141184 0.085804 0.118849 
 -0.167109 0.069644 0.159972 
 -0.200573 0.067558 0.157595 
 -0.234038 0.065471 0.155217 
 -0.267502 0.063385 0.152840 
 -0.300966 0.061298 0.150463 
 -0.334430 0.059212 0.148085 
 -0.364426 0.050070 0.167436 
 -0.397933 0.047980 0.165056 
 -0.424674 0.031770 0.206121 
 -0.458267 0.029675 0.203734 
 -0.485266 0.013448 0.244780 
 -0.518945 0.011348 0.242387 
 -0.552624 0.009248 0.239994 
 -0.586303 0.007149 0.237602 
 0.695143 0.157227 0.017351 
 0.662065 0.155164 0.015001 
 0.628987 0.153102 0.012651 
 0.586388 0.165071 -0.033312 
 0.553396 0.163014 -0.035656 
 0.515730 0.167978 -0.059800 
 0.473516 0.179971 -0.105735 
 0.440654 0.177922 -0.108070 
 0.398698 0.189932 -0.153988 
 0.365921 0.187888 -0.156317 
 0.350986 0.157706 -0.071504 
 0.322455 0.148615 -0.052063 
 0.298212 0.132477 -0.010848 
 0.265134 0.130415 -0.013198 
 0.240634 0.114262 0.027998 
 0.207470 0.112194 0.025642 
 0.174307 0.110127 0.023286 
 0.141143 0.108059 0.020930 
 0.112096 0.098935 0.040336 
 0.078890 0.096864 0.037976 
 0.053745 0.080671 0.079126 
 0.028428 0.064467 0.120264 
 0.002940 0.048252 0.161390 
 -0.030524 0.046166 0.159013 
 -0.071706 0.058224 0.113150 
 -0.105085 0.056142 0.110779 
 -0.130917 0.039906 0.151881 
 -0.164381 0.037819 0.149503 
 -0.197845 0.035733 0.147126 
 -0.231310 0.033646 0.144749 
 -0.264774 0.031560 0.142371 
 -0.298238 0.029473 0.139994 
 -0.331702 0.027387 0.137616 
 -0.361694 0.018204 0.156954 
 -0.395201 0.016115 0.154573 
 -0.421936 -0.000178 0.195612 
 -0.448842 -0.016481 0.236636 
 -0.482520 -0.018581 0.234244 
 -0.516199 -0.020681 0.231851 
 -0.543449 -0.037005 0.272851 
 -0.577214 -0.039110 0.270452 
 -0.610979 -0.041216 0.268054 
 0.707626 0.111673 0.050607 
 0.664761 0.123707 0.004654 
 0.631684 0.121645 0.002304 
 0.589077 0.133696 -0.043633 
 0.556086 0.131639 -0.045977 
 0.518416 0.136644 -0.070108 
 0.485467 0.134589 -0.072449 
 0.452518 0.132535 -0.074789 
 0.419569 0.130481 -0.077130 
 0.391128 0.121353 -0.057696 
 0.367063 0.105145 -0.016496 
 0.333986 0.103083 -0.018846 
 0.309664 0.086859 0.022335 
 0.276501 0.084791 0.019979 
 0.247629 0.075637 0.039384 
 0.214423 0.073566 0.037025 
 0.181216 0.071496 0.034666 
 0.148010 0.069425 0.032306 
 0.123044 0.053161 0.073442 
 0.097906 0.036886 0.114564 
 0.064528 0.034805 0.112193 
 0.039132 0.018514 0.153299 
 0.009616 0.009320 0.172657 
 -0.023891 0.007231 0.170276 
 -0.057398 0.005141 0.167896 
 -0.090905 0.003052 0.165515 
 -0.128189 0.008081 0.141412 
 -0.161653 0.005995 0.139035 
 -0.195117 0.003908 0.136657 
 -0.228581 0.001822 0.134280 
 -0.262046 -0.000265 0.131902 
 -0.295510 -0.002352 0.129525 
 -0.328974 -0.004438 0.127148 
 -0.362438 -0.006525 0.124770 
 -0.392469 -0.015751 0.144091 
 -0.419197 -0.032125 0.185102 
 -0.446096 -0.048510 0.226100 
 -0.479775 -0.050610 0.223708 
 -0.513454 -0.052710 0.221315 
 -0.547133 -0.054810 0.218922 
 -0.574462 -0.071221 0.259890 
 -0.608227 -0.073326 0.257491 
 0.700536 0.094313 -0.003344 
 0.667458 0.092250 -0.005694 
 0.634381 0.090188 -0.008044 
 0.591767 0.102321 -0.053954 
 0.558775 0.100263 -0.056298 
 0.525783 0.098206 -0.058642 
 0.488153 0.103255 -0.082756 
 0.455204 0.101200 -0.085097 
 0.422255 0.099146 -0.087438 
 0.402838 0.075751 -0.024494 
 0.369760 0.073688 -0.026844 
 0.345531 0.057388 0.014316 
 0.312368 0.055320 0.011960 
 0.279204 0.053252 0.009604 
 0.250336 0.044057 0.028995 
 0.217130 0.041987 0.026636 
 0.183924 0.039916 0.024277 
 0.159051 0.023576 0.065392 
 0.125758 0.021500 0.063027 
 0.100627 0.005143 0.104123 
 0.075324 -0.011224 0.145208 
 0.045855 -0.020456 0.164555 
 0.012348 -0.022546 0.162174 
 -0.021160 -0.024635 0.159794 
 -0.054667 -0.026724 0.157413 
 -0.088174 -0.028813 0.155033 
 -0.121681 -0.030903 0.152653 
 -0.155188 -0.032992 0.150272 
 -0.192389 -0.027917 0.126188 
 -0.225853 -0.030003 0.123811 
 -0.259318 -0.032090 0.121434 
 -0.292782 -0.034176 0.119056 
 -0.326246 -0.036263 0.116679 
 -0.356231 -0.045527 0.135989 
 -0.389738 -0.047617 0.133609 
 -0.416459 -0.064073 0.174593 
 -0.443351 -0.080539 0.215564 
 -0.470415 -0.097016 0.256523 
 -0.504179 -0.099121 0.254124 
 -0.537944 -0.101227 0.251725 
 -0.571709 -0.103332 0.249327 
 -0.605474 -0.105437 0.246928 
 0.703232 0.062855 -0.013692 
 0.679870 0.046527 0.027502 
 0.646706 0.044459 0.025146 
 0.604000 0.056668 -0.020742 
 0.570922 0.054606 -0.023092 
 0.537844 0.052543 -0.025442 
 0.504767 0.050481 -0.027792 
 0.462490 0.062717 -0.073651 
 0.429498 0.060660 -0.075994 
 0.414562 0.029985 0.008654 
 0.381398 0.027917 0.006298 
 0.348235 0.025849 0.003942 
 0.315071 0.023781 0.001586 
 0.286250 0.014548 0.020966 
 0.253043 0.012477 0.018607 
 0.219837 0.010407 0.016248 
 0.186631 0.008336 0.013889 
 0.161765 -0.008086 0.054977 
 0.136726 -0.024519 0.096052 
 0.111517 -0.040962 0.137116 
 0.082093 -0.050233 0.156453 
 0.056583 -0.066696 0.197496 
 0.022990 -0.068790 0.195109 
 -0.010603 -0.070885 0.192723 
 -0.044196 -0.072979 0.190336 
 -0.077789 -0.075074 0.187950 
 -0.118949 -0.062768 0.142170 
 -0.152456 -0.064858 0.139790 
 -0.185964 -0.066947 0.137409 
 -0.219471 -0.069036 0.135029 
 -0.256589 -0.063915 0.110965 
 -0.290054 -0.066001 0.108587 
 -0.319992 -0.075304 0.127888 
 -0.353499 -0.077393 0.125507 
 -0.387006 -0.079482 0.123127 
 -0.413720 -0.096020 0.164084 
 -0.440605 -0.112568 0.205028 
 -0.467662 -0.129127 0.245960 
 -0.501427 -0.131232 0.243561 
 -0.535192 -0.133337 0.241163 
 -0.568956 -0.135443 0.238764 
 -0.602722 -0.137548 0.236365 
 0.705929 0.031398 -0.024040 
 0.682573 0.014988 0.017127 
 0.649410 0.012920 0.014771 
 0.616246 0.010853 0.012415 
 0.583083 0.008785 0.010059 
 0.540541 0.021086 -0.035790 
 0.507463 0.019024 -0.038140 
 0.474386 0.016961 -0.040490 
 0.441308 0.014899 -0.042840 
 0.417265 -0.001554 -0.001721 
 0.384102 -0.003622 -0.004077 
 0.350938 -0.005690 -0.006433 
 0.317775 -0.007758 -0.008789 
 0.288957 -0.017032 0.010578 
 0.255750 -0.019102 0.008219 
 0.222544 -0.021173 0.005860 
 0.197771 -0.037671 0.046927 
 0.172826 -0.054180 0.087981 
 0.147709 -0.070701 0.129025 
 0.114245 -0.072787 0.126647 
 0.092915 -0.096548 0.189373 
 0.059322 -0.098643 0.186987 
 0.033646 -0.115198 0.227990 
 -0.000033 -0.117298 0.225597 
 -0.033712 -0.119398 0.223204 
 -0.075051 -0.107021 0.177441 
 -0.108644 -0.109116 0.175054 
 -0.149725 -0.096723 0.129308 
 -0.183232 -0.098813 0.126927 
 -0.216739 -0.100902 0.124547 
 -0.250246 -0.102991 0.122166 
 -0.283753 -0.105080 0.119786 
 -0.317260 -0.107169 0.117405 
 -0.350768 -0.109259 0.115025 
 -0.384275 -0.111348 0.112644 
 -0.410981 -0.127967 0.153575 
 -0.437860 -0.144597 0.194492 
 -0.464909 -0.161237 0.235397 
 -0.498674 -0.163343 0.232998 
 -0.525982 -0.180000 0.273886 
 -0.559833 -0.182110 0.271482 
 -0.599969 -0.169659 0.225802 
 -0.633734 -0.171764 0.223403 
 0.708625 -0.000059 -0.034388 
 0.685277 -0.016551 0.006752 
 0.652113 -0.018618 0.004396 
 0.618950 -0.020686 0.002040 
 0.585786 -0.022754 -0.000316 
 0.552623 -0.024822 -0.002672 
 0.519460 -0.026890 -0.005028 
 0.486296 -0.028957 -0.007384 
 0.453132 -0.031025 -0.009740 
 0.419969 -0.033093 -0.012096 
 0.391283 -0.042400 0.007267 
 0.358077 -0.044471 0.004908 
 0.324870 -0.046541 0.002549 
 0.291664 -0.048612 0.000190 
 0.267069 -0.065181 0.041242 
 0.233777 -0.067257 0.038877 
 0.200485 -0.069333 0.036512 
 0.175547 -0.085924 0.077539 
 0.150437 -0.102526 0.118556 
 0.121064 -0.111875 0.137869 
 0.095653 -0.128496 0.178864 
 0.062060 -0.130590 0.176478 
 0.036392 -0.147227 0.217454 
 0.002713 -0.149327 0.215061 
 -0.030966 -0.151427 0.212668 
 -0.064645 -0.153527 0.210276 
 -0.105905 -0.141063 0.164545 
 -0.146993 -0.128589 0.118825 
 -0.180500 -0.130678 0.116445 
 -0.214008 -0.132767 0.114064 
 -0.247515 -0.134857 0.111684 
 -0.281022 -0.136946 0.109304 
 -0.314529 -0.139035 0.106923 
 -0.348036 -0.141124 0.104543 
 -0.381543 -0.143214 0.102162 
 -0.408243 -0.159915 0.143066 
 -0.435114 -0.176626 0.183956 
 -0.462157 -0.193348 0.224834 
 -0.495921 -0.195454 0.222436 
 -0.523222 -0.212192 0.263297 
 -0.557073 -0.214303 0.260892 
 -0.597216 -0.201769 0.215239 
 -0.630981 -0.203875 0.212841 
 0.687980 -0.048089 -0.003622 
 0.654817 -0.050157 -0.005978 
 0.621654 -0.052225 -0.008334 
 0.588490 -0.054293 -0.010690 
 0.555326 -0.056361 -0.013046 
 0.522163 -0.058428 -0.015402 
 0.488999 -0.060496 -0.017758 
 0.455836 -0.062564 -0.020115 
 0.422673 -0.064632 -0.022471 
 0.393990 -0.073980 -0.003121 
 0.360784 -0.076050 -0.005480 
 0.327577 -0.078121 -0.007839 
 0.303076 -0.094767 0.033192 
 0.269784 -0.096842 0.030827 
 0.245024 -0.113504 0.071840 
 0.211646 -0.115585 0.069469 
 0.186629 -0.132264 0.110465 
 0.153165 -0.134350 0.108087 
 0.123796 -0.143741 0.127387 
 0.098392 -0.160443 0.168355 
 0.072816 -0.177156 0.209310 
 0.039137 -0.179256 0.206917 
 0.005458 -0.181356 0.204525 
 -0.028221 -0.183456 0.202132 
 -0.061900 -0.185556 0.199740 
 -0.103166 -0.173011 0.154036 
 -0.144262 -0.160455 0.108343 
 -0.177769 -0.162544 0.105963 
 -0.211276 -0.164633 0.103582 
 -0.244783 -0.166722 0.101202 
 -0.281870 -0.161476 0.077181 
 -0.315333 -0.163562 0.074804 
 -0.345305 -0.172990 0.094060 
 -0.378812 -0.175079 0.091680 
 -0.398689 -0.206555 0.175813 
 -0.425639 -0.223354 0.216670 
 -0.459404 -0.225459 0.214271 
 -0.493169 -0.227564 0.211873 
 -0.520463 -0.244385 0.252707 
 -0.554314 -0.246495 0.250302 
 -0.588164 -0.248606 0.247897 
 -0.628228 -0.235986 0.202278 
 0.690684 -0.079628 -0.013997 
 0.662349 -0.088996 0.005364 
 0.624357 -0.083764 -0.018709 
 0.591194 -0.085832 -0.021065 
 0.558030 -0.087899 -0.023421 
 0.524867 -0.089967 -0.025777 
 0.491703 -0.092035 -0.028133 
 0.458539 -0.094103 -0.030489 
 0.425376 -0.096171 -0.032845 
 0.396697 -0.105559 -0.013509 
 0.363491 -0.107630 -0.015868 
 0.339082 -0.124352 0.025142 
 0.305790 -0.126428 0.022777 
 0.281124 -0.143166 0.063769 
 0.247746 -0.145247 0.061398 
 0.222821 -0.162002 0.102373 
 0.189357 -0.164089 0.099996 
 0.155893 -0.166175 0.097618 
 0.126527 -0.175606 0.116904 
 0.101130 -0.192391 0.157846 
 0.067538 -0.194485 0.155459 
 0.041883 -0.211285 0.196381 
 0.008204 -0.213385 0.193989 
 -0.025475 -0.215485 0.191596 
 -0.059154 -0.217585 0.189203 
 -0.100428 -0.204958 0.143527 
 -0.141530 -0.192320 0.097861 
 -0.175037 -0.194409 0.095480 
 -0.208544 -0.196499 0.093100 
 -0.245677 -0.191214 0.069090 
 -0.279142 -0.193301 0.066712 
 -0.312605 -0.195387 0.064335 
 -0.346070 -0.197474 0.061957 
 -0.376080 -0.206945 0.081198 
 -0.395944 -0.238584 0.165277 
 -0.429623 -0.240684 0.162884 
 -0.456652 -0.257570 0.203709 
 -0.490416 -0.259675 0.201310 
 -0.524181 -0.261780 0.198911 
 -0.557946 -0.263886 0.196512 
 -0.585405 -0.280799 0.237307 
 0.698262 -0.118505 -0.002666 
 0.665056 -0.120575 -0.005025 
 0.631849 -0.122646 -0.007384 
 0.593897 -0.117371 -0.031440 
 0.565437 -0.126787 -0.012102 
 0.532230 -0.128857 -0.014461 
 0.499024 -0.130928 -0.016820 
 0.461243 -0.125642 -0.040864 
 0.432611 -0.135069 -0.021538 
 0.399404 -0.137139 -0.023897 
 0.375089 -0.153938 0.017093 
 0.350601 -0.170747 0.058070 
 0.325942 -0.187567 0.099036 
 0.292478 -0.189654 0.096659 
 0.259014 -0.191740 0.094282 
 0.229780 -0.201204 0.113564 
 0.196273 -0.203294 0.111183 
 0.162766 -0.205383 0.108803 
 0.129259 -0.207472 0.106422 
 0.095751 -0.209561 0.104042 
 0.062244 -0.211651 0.101661 
 0.024764 -0.206346 0.077640 
 -0.008700 -0.208433 0.075263 
 -0.022729 -0.247514 0.181060 
 -0.064096 -0.234811 0.135404 
 -0.105291 -0.222097 0.089759 
 -0.138798 -0.224186 0.087379 
 -0.183451 -0.204046 0.020129 
 -0.209485 -0.220952 0.060998 
 -0.250207 -0.208208 0.015387 
 -0.283586 -0.210290 0.013015 
 -0.316964 -0.212371 0.010644 
 -0.343342 -0.229298 0.051489 
 -0.376806 -0.231385 0.049111 
 -0.400027 -0.255757 0.111538 
 -0.433620 -0.257851 0.109152 
 -0.460556 -0.274813 0.149956 
 -0.494235 -0.276913 0.147563 
 -0.527914 -0.279013 0.145170 
 -0.561593 -0.281113 0.142778 
 -0.595272 -0.283213 0.140385 
 0.710726 -0.164841 0.030329 
 0.677434 -0.166917 0.027964 
 0.634556 -0.154225 -0.017772 
 0.601350 -0.156296 -0.020131 
 0.568144 -0.158366 -0.022490 
 0.534937 -0.160437 -0.024849 
 0.501731 -0.162507 -0.027208 
 0.468524 -0.164578 -0.029567 
 0.435318 -0.166648 -0.031926 
 0.411095 -0.183523 0.009043 
 0.395598 -0.215219 0.093322 
 0.362134 -0.217305 0.090945 
 0.333033 -0.226802 0.110223 
 0.299526 -0.228892 0.107842 
 0.266019 -0.230981 0.105462 
 0.232512 -0.233070 0.103081 
 0.199004 -0.235159 0.100701 
 0.165497 -0.237249 0.098320 
 0.131990 -0.239338 0.095940 
 0.086296 -0.219140 0.028658 
 0.044879 -0.206358 -0.016974 
 -0.016247 -0.156392 -0.170734 
 -0.053173 -0.151012 -0.194702 
 -0.082231 -0.160506 -0.175422 
 -0.107528 -0.177449 -0.134528 
 -0.148214 -0.164621 -0.180109 
 -0.181206 -0.166678 -0.182453 
 -0.214197 -0.168735 -0.184797 
 -0.247189 -0.170792 -0.187141 
 -0.280181 -0.172849 -0.189485 
 -0.313172 -0.174906 -0.191828 
 -0.346164 -0.176963 -0.194172 
 -0.365140 -0.208876 -0.110140 
 -0.381000 -0.248276 -0.004540 
 -0.404124 -0.272766 0.057853 
 -0.437631 -0.274855 0.055472 
 -0.471138 -0.276944 0.053092 
 -0.504646 -0.279033 0.050711 
 -0.525168 -0.311042 0.134634 
 -0.558847 -0.313142 0.132242 
 -0.592526 -0.315242 0.129849 
 0.713440 -0.196502 0.019914 
 0.689826 -0.213421 0.060899 
 0.646856 -0.200654 0.015184 
 0.604057 -0.187876 -0.030519 
 0.570851 -0.189946 -0.032878 
 0.537644 -0.192017 -0.035237 
 0.504438 -0.194087 -0.037596 
 0.471231 -0.196158 -0.039955 
 0.447102 -0.213109 0.000993 
 0.422800 -0.230071 0.041929 
 0.398326 -0.247044 0.082854 
 0.369272 -0.256579 0.102121 
 0.335765 -0.258668 0.099740 
 0.310905 -0.275665 0.140638 
 0.268750 -0.262846 0.094979 
 0.243718 -0.279854 0.135865 
 0.201736 -0.267025 0.090219 
 0.168229 -0.269114 0.087838 
 0.130613 -0.263736 0.063834 
 0.068689 -0.213533 -0.089886 
 0.015411 -0.178238 -0.200328 
 -0.017538 -0.180292 -0.202669 
 -0.050487 -0.182347 -0.205010 
 -0.083435 -0.184401 -0.207351 
 -0.116384 -0.186456 -0.209691 
 -0.149332 -0.188510 -0.212032 
 -0.182281 -0.190564 -0.214373 
 -0.215230 -0.192619 -0.216714 
 -0.248179 -0.194673 -0.219054 
 -0.281127 -0.196728 -0.221395 
 -0.314076 -0.198782 -0.223736 
 -0.343474 -0.208339 -0.204493 
 -0.369451 -0.225405 -0.163675 
 -0.395600 -0.242482 -0.122870 
 -0.404814 -0.297121 0.025796 
 -0.438278 -0.299208 0.023419 
 -0.471742 -0.301294 0.021041 
 -0.505207 -0.303381 0.018664 
 -0.535421 -0.312988 0.037849 
 -0.568928 -0.315077 0.035468 
 -0.602435 -0.317167 0.033088 
 0.725925 -0.243083 0.052828 
 0.702232 -0.260090 0.093781 
 0.659169 -0.247245 0.048086 
 0.606764 -0.219455 -0.040907 
 0.582985 -0.236467 0.000038 
 0.549693 -0.238543 -0.002327 
 0.516400 -0.240619 -0.004692 
 0.473938 -0.227737 -0.050344 
 0.449816 -0.244770 -0.009422 
 0.434519 -0.276782 0.074762 
 0.401055 -0.278869 0.072385 
 0.372003 -0.288444 0.091639 
 0.338496 -0.290534 0.089258 
 0.313643 -0.307612 0.130129 
 0.280050 -0.309707 0.127742 
 0.246457 -0.311802 0.125356 
 0.204468 -0.298891 0.079736 
 0.166805 -0.293474 0.055743 
 0.133341 -0.295561 0.053366 
 0.071392 -0.245072 -0.100261 
 0.018097 -0.209573 -0.210636 
 -0.014852 -0.211627 -0.212977 
 -0.047801 -0.213681 -0.215317 
 -0.080749 -0.215736 -0.217658 
 -0.113698 -0.217790 -0.219999 
 -0.146646 -0.219845 -0.222340 
 -0.179595 -0.221899 -0.224680 
 -0.212544 -0.223953 -0.227021 
 -0.245493 -0.226008 -0.229362 
 -0.278441 -0.228062 -0.231703 
 -0.311390 -0.230117 -0.234044 
 -0.340785 -0.239714 -0.214814 
 -0.373777 -0.241771 -0.217158 
 -0.399833 -0.258925 -0.176373 
 -0.422635 -0.283640 -0.114039 
 -0.455842 -0.285711 -0.116398 
 -0.482370 -0.302894 -0.075648 
 -0.515663 -0.304970 -0.078013 
 -0.548955 -0.307046 -0.080378 
 -0.582247 -0.309121 -0.082743 
 -0.615540 -0.311197 -0.085108 
 0.738425 -0.289828 0.085690 
 0.704960 -0.291914 0.083313 
 0.671496 -0.294001 0.080935 
 0.618992 -0.266052 -0.008011 
 0.585699 -0.268128 -0.010377 
 0.552407 -0.270204 -0.012742 
 0.519114 -0.272280 -0.015107 
 0.485822 -0.274356 -0.017472 
 0.452530 -0.276432 -0.019837 
 0.437247 -0.308607 0.064293 
 0.408242 -0.318221 0.083537 
 0.374735 -0.320310 0.081156 
 0.349975 -0.337465 0.122006 
 0.316382 -0.339560 0.119620 
 0.282788 -0.341654 0.117233 
 0.249195 -0.343749 0.114846 
 0.207199 -0.330756 0.069254 
 0.169533 -0.325299 0.045274 
 0.127838 -0.312288 -0.000297 
 0.074096 -0.276611 -0.110635 
 0.024813 -0.248461 -0.199353 
 -0.012166 -0.242962 -0.223284 
 -0.045115 -0.245016 -0.225625 
 -0.078063 -0.247070 -0.227966 
 -0.111012 -0.249125 -0.230306 
 -0.143960 -0.251179 -0.232647 
 -0.176909 -0.253234 -0.234988 
 -0.209858 -0.255288 -0.237329 
 -0.242807 -0.257342 -0.239669 
 -0.275755 -0.259397 -0.242010 
 -0.308704 -0.261451 -0.244351 
 -0.341653 -0.263506 -0.246692 
 -0.371087 -0.273147 -0.227479 
 -0.404079 -0.275204 -0.229823 
 -0.423357 -0.307628 -0.145976 
 -0.456520 -0.309696 -0.148332 
 -0.486341 -0.319361 -0.129145 
 -0.519547 -0.321432 -0.131504 
 -0.552754 -0.323502 -0.133864 
 -0.585960 -0.325572 -0.136223 
 -0.619167 -0.327643 -0.138582 
 0.741153 -0.321653 0.075221 
 0.712538 -0.331283 0.094479 
 0.674224 -0.325826 0.070466 
 0.640760 -0.327912 0.068089 
 0.597855 -0.314894 0.022459 
 0.573832 -0.332085 0.063334 
 0.531098 -0.319056 0.017717 
 0.497720 -0.321138 0.015345 
 0.473439 -0.338345 0.056202 
 0.444481 -0.347997 0.075435 
 0.410974 -0.350086 0.073054 
 0.386306 -0.367318 0.113884 
 0.352713 -0.369413 0.111497 
 0.319120 -0.371507 0.109110 
 0.294110 -0.388760 0.149914 
 0.260431 -0.390860 0.147521 
 0.218341 -0.377791 0.101951 
 0.176423 -0.364711 0.056391 
 0.138797 -0.359211 0.032428 
 0.097181 -0.346112 -0.013110 
 0.035569 -0.295027 -0.166520 
 -0.005489 -0.281894 -0.212018 
 -0.042429 -0.276351 -0.235932 
 -0.075377 -0.278405 -0.238273 
 -0.108326 -0.280459 -0.240614 
 -0.141274 -0.282514 -0.242955 
 -0.174223 -0.284568 -0.245295 
 -0.214637 -0.271395 -0.290747 
 -0.247500 -0.273444 -0.293082 
 -0.280363 -0.275493 -0.295416 
 -0.313225 -0.277542 -0.297751 
 -0.338967 -0.294840 -0.256999 
 -0.368398 -0.304522 -0.237800 
 -0.394439 -0.321839 -0.197069 
 -0.420653 -0.339167 -0.156351 
 -0.453817 -0.341235 -0.158707 
 -0.483634 -0.350941 -0.139534 
 -0.516840 -0.353011 -0.141893 
 -0.550047 -0.355082 -0.144252 
 -0.583253 -0.357152 -0.146611 
 -0.616460 -0.359223 -0.148970 
 0.743881 -0.353477 0.064752 
 0.715270 -0.363149 0.083996 
 0.676952 -0.357651 0.059998 
 0.643488 -0.359737 0.057620 
 0.610024 -0.361824 0.055243 
 0.576560 -0.363910 0.052865 
 0.543096 -0.365997 0.050488 
 0.500441 -0.352881 0.004904 
 0.476167 -0.370170 0.045733 
 0.447212 -0.379863 0.064953 
 0.413705 -0.381952 0.062572 
 0.389045 -0.399265 0.103374 
 0.355452 -0.401360 0.100988 
 0.330534 -0.418689 0.141771 
 0.296855 -0.420789 0.139378 
 0.263176 -0.422889 0.136985 
 0.229497 -0.424989 0.134593 
 0.187487 -0.411833 0.089055 
 0.145648 -0.398666 0.043529 
 0.099902 -0.377855 -0.023552 
 0.050376 -0.349393 -0.112176 
 -0.002800 -0.313269 -0.222339 
 -0.035791 -0.315326 -0.224683 
 -0.072691 -0.309740 -0.248581 
 -0.105640 -0.311794 -0.250922 
 -0.138588 -0.313848 -0.253262 
 -0.171537 -0.315903 -0.255603 
 -0.204486 -0.317957 -0.257944 
 -0.237435 -0.320012 -0.260285 
 -0.270383 -0.322066 -0.262625 
 -0.310546 -0.308795 -0.308032 
 -0.336281 -0.326175 -0.267307 
 -0.358665 -0.351234 -0.205067 
 -0.391743 -0.353296 -0.207416 
 -0.417950 -0.370706 -0.166725 
 -0.451113 -0.372773 -0.169081 
 -0.480927 -0.382520 -0.149922 
 -0.514133 -0.384591 -0.152281 
 -0.547340 -0.386661 -0.154640 
 -0.574105 -0.404106 -0.113988 
 -0.607398 -0.406181 -0.116354 
 -0.640690 -0.408257 -0.118719 
 0.718001 -0.395015 0.073514 
 0.684494 -0.397104 0.071134 
 0.646216 -0.391562 0.047151 
 0.612752 -0.393648 0.044774 
 0.579288 -0.395735 0.042397 
 0.545824 -0.397822 0.040019 
 0.512359 -0.399908 0.037642 
 0.478895 -0.401995 0.035264 
 0.449944 -0.411729 0.054470 
 0.416437 -0.413818 0.052090 
 0.391784 -0.431213 0.092865 
 0.366958 -0.448618 0.133627 
 0.333279 -0.450718 0.131235 
 0.308197 -0.468139 0.171978 
 0.274432 -0.470245 0.169579 
 0.232243 -0.457018 0.124057 
 0.198564 -0.459118 0.121664 
 0.156632 -0.445875 0.076159 
 0.110789 -0.424947 0.009113 
 0.069244 -0.411679 -0.036365 
 0.019877 -0.383043 -0.124924 
 -0.033102 -0.346702 -0.235004 
 -0.066094 -0.348759 -0.237348 
 -0.099085 -0.350816 -0.239691 
 -0.135902 -0.345183 -0.263570 
 -0.168851 -0.347237 -0.265911 
 -0.201800 -0.349292 -0.268251 
 -0.234748 -0.351346 -0.270592 
 -0.275004 -0.337999 -0.315978 
 -0.300646 -0.355455 -0.275274 
 -0.333595 -0.357509 -0.277614 
 -0.363018 -0.367273 -0.258442 
 -0.389046 -0.384753 -0.217764 
 -0.415246 -0.402244 -0.177100 
 -0.448410 -0.404312 -0.179456 
 -0.478220 -0.414100 -0.160310 
 -0.511426 -0.416171 -0.162669 
 -0.544633 -0.418241 -0.165028 
 -0.571391 -0.435767 -0.124403 
 -0.604683 -0.437843 -0.126769 
 -0.637976 -0.439919 -0.129134 
 0.720733 -0.426880 0.063032 
 0.687226 -0.428970 0.060651 
 0.653718 -0.431059 0.058271 
 0.615480 -0.425473 0.034305 
 0.582016 -0.427560 0.031928 
 0.548552 -0.429646 0.029550 
 0.515088 -0.431733 0.027173 
 0.486183 -0.441505 0.046369 
 0.452675 -0.443594 0.043988 
 0.428115 -0.461066 0.084743 
 0.394522 -0.463160 0.082356 
 0.369704 -0.480647 0.123091 
 0.336025 -0.482747 0.120699 
 0.310949 -0.500250 0.161415 
 0.277185 -0.502355 0.159016 
 0.243420 -0.504461 0.156618 
 0.201309 -0.491147 0.111128 
 0.167630 -0.493247 0.108735 
 0.125778 -0.479917 0.063264 
 0.084097 -0.466576 0.017803 
 0.038587 -0.445504 -0.049178 
 -0.022496 -0.393524 -0.202263 
 -0.063404 -0.380134 -0.247669 
 -0.096395 -0.382191 -0.250012 
 -0.133216 -0.376518 -0.273877 
 -0.166165 -0.378572 -0.276218 
 -0.199114 -0.380626 -0.278559 
 -0.232062 -0.382681 -0.280900 
 -0.265011 -0.384735 -0.283240 
 -0.297960 -0.386790 -0.285581 
 -0.330909 -0.388844 -0.287922 
 -0.360329 -0.398648 -0.268763 
 -0.386350 -0.416211 -0.228112 
 -0.419427 -0.418273 -0.230462 
 -0.445706 -0.435851 -0.189831 
 -0.475513 -0.445680 -0.170698 
 -0.508719 -0.447750 -0.173057 
 -0.541926 -0.449821 -0.175416 
 -0.575132 -0.451891 -0.177775 
 -0.589230 -0.500589 -0.051281 
 -0.622695 -0.502676 -0.053659 
 0.723464 -0.458746 0.052549 
 0.689957 -0.460835 0.050169 
 0.656450 -0.462924 0.047789 
 0.622943 -0.465014 0.045408 
 0.589436 -0.467103 0.043028 
 0.555928 -0.469192 0.040647 
 0.522422 -0.471281 0.038267 
 0.488914 -0.473371 0.035886 
 0.464447 -0.490918 0.076620 
 0.430854 -0.493013 0.074234 
 0.406129 -0.510576 0.114948 
 0.372449 -0.512676 0.112555 
 0.347467 -0.530256 0.153251 
 0.313702 -0.532361 0.150852 
 0.279937 -0.534466 0.148454 
 0.246172 -0.536572 0.146055 
 0.212407 -0.538677 0.143656 
 0.178642 -0.540782 0.141257 
 0.136697 -0.527376 0.095807 
 0.094923 -0.513959 0.050368 
 0.049317 -0.492770 -0.016579 
 0.007930 -0.479328 -0.061992 
 -0.045041 -0.442576 -0.171933 
 -0.085955 -0.429106 -0.217311 
 -0.126698 -0.415624 -0.262677 
 -0.159690 -0.417681 -0.265021 
 -0.196428 -0.411961 -0.288866 
 -0.229376 -0.414015 -0.291207 
 -0.262325 -0.416070 -0.293548 
 -0.295274 -0.418124 -0.295889 
 -0.328223 -0.420179 -0.298230 
 -0.350576 -0.445605 -0.236110 
 -0.383653 -0.447668 -0.238460 
 -0.409839 -0.465322 -0.197850 
 -0.443002 -0.467390 -0.200206 
 -0.472806 -0.477260 -0.181086 
 -0.506012 -0.479330 -0.183445 
 -0.532671 -0.497014 -0.142868 
 -0.565963 -0.499090 -0.145234 
 -0.586502 -0.532414 -0.061750 
 -0.616822 -0.542316 -0.042669 
 -0.650329 -0.544405 -0.045049 
 0.726196 -0.490612 0.042067 
 0.692689 -0.492701 0.039687 
 0.659182 -0.494790 0.037306 
 0.625674 -0.496879 0.034926 
 0.592167 -0.498969 0.032545 
 0.558660 -0.501058 0.030165 
 0.534371 -0.518677 0.070884 
 0.500778 -0.520771 0.068498 
 0.467185 -0.522866 0.066111 
 0.442553 -0.540505 0.106805 
 0.408874 -0.542605 0.104412 
 0.375195 -0.544705 0.102019 
 0.350219 -0.562367 0.142688 
 0.316455 -0.564472 0.140289 
 0.282690 -0.566577 0.137891 
 0.248925 -0.568682 0.135492 
 0.215160 -0.570788 0.133093 
 0.181395 -0.572893 0.130694 
 0.139443 -0.559405 0.085271 
 0.105763 -0.561505 0.082878 
 0.056053 -0.532396 -0.005542 
 0.022546 -0.534486 -0.007922 
 -0.022727 -0.513152 -0.074805 
 -0.056106 -0.515234 -0.077176 
 -0.104828 -0.486064 -0.165525 
 -0.141827 -0.480318 -0.189376 
 -0.182491 -0.466750 -0.234708 
 -0.215569 -0.468813 -0.237058 
 -0.255975 -0.455228 -0.282373 
 -0.288966 -0.457285 -0.284717 
 -0.314801 -0.475000 -0.244108 
 -0.340808 -0.492725 -0.203512 
 -0.373972 -0.494793 -0.205868 
 -0.407135 -0.496861 -0.208224 
 -0.440299 -0.498929 -0.210580 
 -0.470099 -0.508839 -0.191474 
 -0.503305 -0.510910 -0.193834 
 -0.529957 -0.528675 -0.153283 
 -0.563249 -0.530751 -0.155649 
 -0.583774 -0.564239 -0.072219 
 -0.617238 -0.566326 -0.074596 
 -0.650703 -0.568412 -0.076974 
 -0.684167 -0.570499 -0.079351 
 0.695420 -0.524567 0.029205 
 0.661913 -0.526656 0.026824 
 0.637889 -0.544340 0.067535 
 0.604296 -0.546435 0.065148 
 0.570703 -0.548529 0.062761 
 0.546336 -0.566235 0.103447 
 0.512657 -0.568335 0.101054 
 0.478978 -0.570435 0.098661 
 0.445299 -0.572535 0.096269 
 0.411620 -0.574635 0.093876 
 0.386737 -0.592372 0.134524 
 0.352972 -0.594477 0.132125 
 0.319207 -0.596583 0.129727 
 0.285442 -0.598688 0.127328 
 0.251677 -0.600793 0.124929 
 0.217912 -0.602898 0.122530 
 0.184147 -0.605004 0.120132 
 0.150383 -0.607109 0.117733 
 0.108509 -0.593534 0.072342 
 0.066807 -0.579948 0.026963 
 0.025277 -0.566351 -0.018404 
 -0.008230 -0.568441 -0.020785 
 -0.045619 -0.562679 -0.044649 
 -0.086763 -0.549058 -0.089989 
 -0.135327 -0.519714 -0.178272 
 -0.168534 -0.521785 -0.180631 
 -0.205451 -0.515993 -0.204463 
 -0.245950 -0.502332 -0.249756 
 -0.271778 -0.520129 -0.209175 
 -0.304941 -0.522196 -0.211531 
 -0.338105 -0.524264 -0.213887 
 -0.371268 -0.526332 -0.216243 
 -0.400979 -0.536278 -0.197145 
 -0.434185 -0.538348 -0.199504 
 -0.460658 -0.556185 -0.158968 
 -0.487302 -0.574032 -0.118445 
 -0.520680 -0.576114 -0.120816 
 -0.554058 -0.578195 -0.123188 
 -0.577851 -0.603958 -0.061253 
 -0.611358 -0.606047 -0.063633 
 -0.644866 -0.608136 -0.066013 
 -0.678372 -0.610225 -0.068394 
 0.707814 -0.572098 0.061799 
 0.674221 -0.574193 0.059412 
 0.650118 -0.591964 0.100088 
 0.616439 -0.594064 0.097696 
 0.582760 -0.596164 0.095303 
 0.549081 -0.598264 0.092911 
 0.515402 -0.600364 0.090518 
 0.481723 -0.602464 0.088125 
 0.457019 -0.620272 0.128759 
 0.423254 -0.622377 0.126360 
 0.389490 -0.624483 0.123961 
 0.355725 -0.626588 0.121562 
 0.321960 -0.628693 0.119164 
 0.288195 -0.630799 0.116765 
 0.254430 -0.632904 0.114366 
 0.220665 -0.635009 0.111967 
 0.186900 -0.637115 0.109569 
 0.153135 -0.639220 0.107170 
 0.119370 -0.641325 0.104771 
 0.077576 -0.627663 0.059413 
 0.035953 -0.613990 0.014067 
 -0.005498 -0.600306 -0.031267 
 -0.042891 -0.594504 -0.055118 
 -0.084042 -0.580801 -0.100431 
 -0.125020 -0.567088 -0.145731 
 -0.158313 -0.569164 -0.148096 
 -0.199033 -0.555435 -0.193378 
 -0.232240 -0.557505 -0.195737 
 -0.269074 -0.551667 -0.219550 
 -0.302238 -0.553735 -0.221906 
 -0.335401 -0.555803 -0.224262 
 -0.365065 -0.565787 -0.205174 
 -0.398272 -0.567858 -0.207533 
 -0.424651 -0.585771 -0.167018 
 -0.451202 -0.603694 -0.126516 
 -0.477926 -0.621629 -0.086024 
 -0.508105 -0.631645 -0.066974 
 -0.541612 -0.633734 -0.069354 
 -0.568722 -0.651693 -0.028890 
 -0.602315 -0.653787 -0.031277 
 -0.635909 -0.655882 -0.033664 
 -0.669502 -0.657977 -0.036050 
 0.705709 -0.653399 0.178031 
 0.662361 -0.639751 0.132588 
 0.628596 -0.641856 0.130190 
 0.594831 -0.643962 0.127791 
 0.561067 -0.646067 0.125392 
 0.527302 -0.648172 0.122993 
 0.493537 -0.650278 0.120595 
 0.459772 -0.652383 0.118196 
 0.426007 -0.654488 0.115797 
 0.392242 -0.656593 0.113398 
 0.358477 -0.658699 0.111000 
 0.324712 -0.660804 0.108601 
 0.290947 -0.662909 0.106202 
 0.257183 -0.665015 0.103803 
 0.223418 -0.667120 0.101405 
 0.189653 -0.669225 0.099006 
 0.155888 -0.671331 0.096607 
 0.122123 -0.673436 0.094208 
 0.080321 -0.659692 0.048877 
 0.038691 -0.645938 0.003558 
 -0.002767 -0.632172 -0.041749 
 -0.036274 -0.634261 -0.044130 
 -0.073628 -0.628415 -0.067964 
 -0.114699 -0.614625 -0.113245 
 -0.148077 -0.616706 -0.115616 
 -0.181455 -0.618788 -0.117987 
 -0.222183 -0.604977 -0.163242 
 -0.262739 -0.591155 -0.208485 
 -0.295946 -0.593226 -0.210844 
 -0.329152 -0.595296 -0.213203 
 -0.362358 -0.597367 -0.215562 
 -0.395565 -0.599437 -0.217921 
 -0.415103 -0.633356 -0.134586 
 -0.441733 -0.651367 -0.094116 
 -0.471867 -0.661421 -0.075076 
 -0.498798 -0.679451 -0.034627 
 -0.525900 -0.697491 0.005809 
 -0.559579 -0.699591 0.003417 
 -0.593258 -0.701691 0.001024 
 -0.614472 -0.735715 0.084241 
 -0.648323 -0.737826 0.081836 
 0.708469 -0.685591 0.167441 
 0.674618 -0.687702 0.165036 
 0.631349 -0.673967 0.119627 
 0.597584 -0.676072 0.117228 
 0.563819 -0.678178 0.114829 
 0.530054 -0.680283 0.112430 
 0.496289 -0.682388 0.110032 
 0.462524 -0.684494 0.107633 
 0.428759 -0.686599 0.105234 
 0.394995 -0.688704 0.102835 
 0.361230 -0.690810 0.100437 
 0.327465 -0.692915 0.098038 
 0.302259 -0.710919 0.138583 
 0.268408 -0.713030 0.136178 
 0.234558 -0.715141 0.133773 
 0.200707 -0.717251 0.131368 
 0.158641 -0.703441 0.086044 
 0.124875 -0.705547 0.083645 
 0.083067 -0.691721 0.038341 
 0.041430 -0.677885 -0.006951 
 0.007837 -0.679980 -0.009337 
 -0.033542 -0.666127 -0.054612 
 -0.070900 -0.660240 -0.078433 
 -0.104364 -0.662326 -0.080811 
 -0.137828 -0.664413 -0.083188 
 -0.171292 -0.666500 -0.085565 
 -0.212112 -0.652612 -0.130800 
 -0.245491 -0.654693 -0.133172 
 -0.286054 -0.640790 -0.178387 
 -0.326445 -0.626876 -0.223591 
 -0.352638 -0.644942 -0.183118 
 -0.379004 -0.663018 -0.142657 
 -0.405541 -0.681105 -0.102207 
 -0.435628 -0.691198 -0.083178 
 -0.462466 -0.709304 -0.042749 
 -0.496059 -0.711398 -0.045136 
 -0.529652 -0.713493 -0.047522 
 -0.556834 -0.731620 -0.007119 
 -0.590513 -0.733720 -0.009512 
 -0.611712 -0.767907 0.073651 
 0.508124 -0.730448 0.142422 
 0.474273 -0.732559 0.140017 
 0.431512 -0.718710 0.094671 
 0.406571 -0.736780 0.135207 
 0.372720 -0.738891 0.132803 
 0.338870 -0.741001 0.130398 
 0.305019 -0.743112 0.127993 
 0.271168 -0.745223 0.125588 
 0.237317 -0.747333 0.123183 
 0.203466 -0.749444 0.120778 
 0.169616 -0.751555 0.118373 
 0.127628 -0.737658 0.073082 
 0.093863 -0.739763 0.070684 
 0.052133 -0.725850 0.025413 
 0.010575 -0.711927 -0.019846 
 -0.030811 -0.697993 -0.065094 
 -0.064318 -0.700082 -0.067475 
 -0.101636 -0.694151 -0.091279 
 -0.135100 -0.696238 -0.093657 
 -0.168564 -0.698324 -0.096034 
 -0.202028 -0.700411 -0.098412 
 -0.235492 -0.702497 -0.100789 
 -0.276148 -0.688517 -0.145985 
 -0.316632 -0.674527 -0.191168 
 -0.342905 -0.692680 -0.150728 
 -0.369349 -0.710844 -0.110299 
 -0.402813 -0.712930 -0.112676 
 -0.432896 -0.723063 -0.093660 
 -0.466404 -0.725153 -0.096040 
 -0.499910 -0.727242 -0.098421 
 -0.533418 -0.729331 -0.100801 
 0.434265 -0.750821 0.084108 
 0.307779 -0.775304 0.117403 
 0.273928 -0.777415 0.114998 
 0.240077 -0.779526 0.112593 
 0.206226 -0.781636 0.110188 
 0.164146 -0.767663 0.064918 
 0.130381 -0.769768 0.062520 
 0.096616 -0.771874 0.060121 
 0.054879 -0.757879 0.014877 
 0.021200 -0.759979 0.012484 
 -0.028079 -0.729858 -0.075577 
 -0.053872 -0.748063 -0.035129 
 -0.095093 -0.734037 -0.080338 
 -0.128601 -0.736126 -0.082718 
 -0.162108 -0.738215 -0.085098 
 -0.199300 -0.732236 -0.108880 
 -0.232764 -0.734322 -0.111258 
 -0.266228 -0.736409 -0.113635 
 -0.306805 -0.722342 -0.158798 
 -0.347210 -0.708264 -0.203948 
 -0.366621 -0.742668 -0.120767 
 -0.400085 -0.744755 -0.123145 
 -0.430165 -0.754929 -0.104142 
 -0.463672 -0.757018 -0.106523 
 -0.497179 -0.759107 -0.108903 
 -0.530686 -0.761197 -0.111283 
 0.166898 -0.799774 0.054355 
 0.133133 -0.801879 0.051957 
 0.099368 -0.803984 0.049558 
 0.065603 -0.806090 0.047159 
 0.031839 -0.808195 0.044760 
 -0.009734 -0.794108 -0.000445 
 -0.043412 -0.796208 -0.002837 
 -0.084727 -0.782105 -0.048024 
 -0.118320 -0.784200 -0.050411 
 -0.163108 -0.761974 -0.116972 
 -0.196572 -0.764061 -0.119349 
 -0.230036 -0.766147 -0.121727 
 -0.263500 -0.768234 -0.124104 
 -0.304084 -0.754085 -0.169240 
 -0.351530 -0.723686 -0.257115 
 -0.363893 -0.774493 -0.131236 
 -0.393926 -0.784705 -0.112244 
 -0.427433 -0.786795 -0.114624 
 -0.460941 -0.788884 -0.117005 
 -0.494447 -0.790973 -0.119385 
 0.034591 -0.840306 0.034197 
 0.000826 -0.842411 0.031799 
 -0.032939 -0.844516 0.029400 
 -0.081988 -0.814053 -0.058534 
 -0.123137 -0.799857 -0.103683 
 -0.156644 -0.801946 -0.106063 
 -0.190152 -0.804036 -0.108443 
 -0.201763 -0.855043 0.017406 
 -0.235528 -0.857148 0.015007 
 -0.294236 -0.802145 -0.136950 
 -0.327701 -0.804232 -0.139328 
 -0.361165 -0.806318 -0.141705 
 -0.391194 -0.816571 -0.122726 
 -0.424702 -0.818660 -0.125107 
 -0.079249 -0.846000 -0.069043 
 -0.120406 -0.831723 -0.114165 
 -0.153913 -0.833812 -0.116545 
 -0.187420 -0.835901 -0.118926 
 -0.199010 -0.887154 0.006843 
 -0.232775 -0.889259 0.004445 
 -0.291508 -0.833970 -0.147419 
 -0.184689 -0.867767 -0.129408 
 