0.078284 0.963544 -0.010190 
 0.066455 0.990980 -0.044111 
 0.050574 0.997650 -0.046231 
 0.069996 0.934393 0.004709 
 0.058147 0.961908 -0.029194 
 0.040823 0.961670 -0.020733 
 0.024878 0.968366 -0.022861 
 0.008933 0.975062 -0.024990 
 0.079052 0.905401 0.011127 
 0.064409 0.919087 -0.001594 
 0.051196 0.939709 -0.024890 
 0.032435 0.932514 -0.005862 
 0.016448 0.939228 -0.007996 
 0.000461 0.945941 -0.010130 
 -0.015526 0.952655 -0.012264 
 0.192738 0.885343 -0.043814 
 0.176857 0.892012 -0.045934 
 0.126636 0.897982 -0.031121 
 0.110713 0.904669 -0.033246 
 0.077514 0.911051 -0.026919 
 0.061569 0.917747 -0.029048 
 0.047018 0.931417 -0.041749 
 0.029679 0.931139 -0.033305 
 0.013735 0.937835 -0.035433 
 -0.002210 0.944530 -0.037562 
 -0.018155 0.951226 -0.039690 
 0.187188 0.870138 -0.050075 
 0.171307 0.876807 -0.052195 
 0.155426 0.883476 -0.054315 
 0.135721 0.869002 -0.024691 
 0.121072 0.882737 -0.037398 
 0.105148 0.889424 -0.039524 
 0.087887 0.889089 -0.031077 
 0.071942 0.895785 -0.033205 
 0.057378 0.909484 -0.045901 
 0.041454 0.916172 -0.048026 
 0.024108 0.915873 -0.039590 
 0.008163 0.922569 -0.041719 
 -0.007782 0.929265 -0.043847 
 -0.023726 0.935961 -0.045976 
 0.199915 0.862471 -0.075385 
 0.184076 0.869122 -0.077499 
 0.165758 0.861602 -0.058456 
 0.147355 0.854117 -0.039424 
 0.131431 0.860804 -0.041550 
 0.115508 0.867491 -0.043676 
 0.099584 0.874178 -0.045801 
 0.083661 0.880865 -0.047927 
 0.066370 0.880519 -0.039491 
 0.051814 0.894239 -0.052178 
 0.038708 0.914956 -0.075415 
 0.019966 0.907613 -0.056429 
 0.004043 0.914300 -0.058555 
 -0.011881 0.920987 -0.060681 
 -0.027804 0.927674 -0.062806 
 -0.043728 0.934361 -0.064932 
 0.207852 0.826389 -0.058356 
 0.191971 0.833059 -0.060476 
 0.176089 0.839728 -0.062596 
 0.160208 0.846397 -0.064716 
 0.141791 0.838871 -0.045702 
 0.125867 0.845559 -0.047827 
 0.109944 0.852246 -0.049953 
 0.094020 0.858933 -0.052079 
 0.076743 0.858558 -0.043648 
 0.062173 0.872307 -0.056330 
 0.046249 0.878993 -0.058456 
 0.030326 0.885680 -0.060581 
 0.014402 0.892367 -0.062707 
 -0.001522 0.899055 -0.064833 
 -0.018925 0.898733 -0.056419 
 -0.034870 0.905429 -0.058548 
 -0.049292 0.919115 -0.071209 
 0.220523 0.818839 -0.083644 
 0.202302 0.811184 -0.064617 
 0.186421 0.817853 -0.066737 
 0.170540 0.824523 -0.068857 
 0.154659 0.831192 -0.070977 
 0.138777 0.837861 -0.073097 
 0.122896 0.844530 -0.075217 
 0.104379 0.837000 -0.056231 
 0.088456 0.843687 -0.058356 
 0.071172 0.843292 -0.049934 
 0.056608 0.857061 -0.062607 
 0.039282 0.856684 -0.054191 
 0.024761 0.870435 -0.066859 
 0.008838 0.877122 -0.068984 
 -0.007086 0.883809 -0.071110 
 -0.023009 0.890496 -0.073236 
 -0.040441 0.890163 -0.064833 
 0.214989 0.803675 -0.089888 
 0.199150 0.810326 -0.092003 
 0.183311 0.816978 -0.094117 
 0.164990 0.809318 -0.075118 
 0.149109 0.815987 -0.077238 
 0.133228 0.822656 -0.079358 
 0.114739 0.815067 -0.060382 
 0.098815 0.821754 -0.062508 
 0.082891 0.828441 -0.064634 
 0.065600 0.828026 -0.056220 
 0.051044 0.841815 -0.068885 
 0.035121 0.848502 -0.071011 
 0.019197 0.855189 -0.073136 
 0.003273 0.861876 -0.075262 
 -0.012650 0.868563 -0.077388 
 -0.028574 0.875250 -0.079513 
 0.209454 0.788511 -0.096132 
 0.191204 0.780774 -0.077139 
 0.175322 0.787444 -0.079259 
 0.159441 0.794113 -0.081379 
 0.146098 0.815116 -0.104590 
 0.127679 0.807451 -0.085619 
 0.109174 0.799822 -0.066660 
 0.093251 0.806509 -0.068786 
 0.077327 0.813196 -0.070911 
 0.060028 0.812760 -0.062506 
 0.044084 0.819456 -0.064634 
 0.028139 0.826152 -0.066763 
 0.012194 0.832848 -0.068891 
 -0.003751 0.839544 -0.071020 
 -0.022657 0.832083 -0.052114 
 -0.038644 0.838797 -0.054248 
 0.229849 0.723840 -0.045379 
 0.215075 0.737768 -0.058058 
 0.201535 0.758900 -0.081280 
 0.183228 0.751142 -0.062309 
 0.169773 0.772239 -0.085520 
 0.153892 0.778908 -0.087640 
 0.138010 0.785577 -0.089760 
 0.122129 0.792246 -0.091880 
 0.103610 0.784577 -0.072937 
 0.087687 0.791264 -0.075063 
 0.070402 0.790799 -0.066663 
 0.054457 0.797495 -0.068792 
 0.038512 0.804190 -0.070920 
 0.022567 0.810886 -0.073049 
 0.006623 0.817582 -0.075177 
 -0.012257 0.810063 -0.056282 
 -0.029732 0.809679 -0.047908 
 -0.048760 0.802222 -0.029033 
 -0.064810 0.808963 -0.031176 
 0.312736 0.617199 0.035044 
 0.296643 0.623957 0.032896 
 0.279478 0.623418 0.041304 
 0.263364 0.630185 0.039153 
 0.237950 0.687338 -0.028439 
 0.224277 0.708574 -0.051664 
 0.209511 0.722522 -0.064335 
 0.193587 0.729209 -0.066461 
 0.177664 0.735896 -0.068587 
 0.164223 0.757034 -0.091780 
 0.148342 0.763703 -0.093900 
 0.132461 0.770372 -0.096020 
 0.113969 0.762644 -0.077089 
 0.096719 0.762141 -0.068692 
 0.080775 0.768837 -0.070821 
 0.064830 0.775533 -0.072949 
 0.046105 0.767902 -0.054048 
 0.030118 0.774616 -0.056182 
 0.014131 0.781330 -0.058317 
 -0.001856 0.788043 -0.060451 
 -0.019318 0.787630 -0.052082 
 -0.038318 0.780115 -0.033218 
 -0.057402 0.772636 -0.014366 
 -0.073495 0.779394 -0.016514 
 0.307112 0.601791 0.028700 
 0.289961 0.601223 0.037103 
 0.273847 0.607990 0.034952 
 0.258834 0.622065 0.022255 
 0.242741 0.628823 0.020107 
 0.231221 0.664742 -0.024202 
 0.218706 0.693308 -0.057950 
 0.203946 0.707277 -0.070613 
 0.188023 0.713963 -0.072739 
 0.172099 0.720650 -0.074864 
 0.156176 0.727337 -0.076990 
 0.140252 0.734025 -0.079116 
 0.124329 0.740711 -0.081241 
 0.108405 0.747398 -0.083367 
 0.091148 0.746875 -0.074978 
 0.075203 0.753571 -0.077106 
 0.059258 0.760267 -0.079235 
 0.040519 0.752596 -0.060351 
 0.024532 0.759310 -0.062485 
 0.008545 0.766023 -0.064619 
 -0.007443 0.772737 -0.066753 
 -0.024912 0.772303 -0.058393 
 -0.043926 0.764748 -0.039546 
 -0.063026 0.757228 -0.020710 
 -0.079119 0.763986 -0.022858 
 0.317582 0.579625 0.024504 
 0.301489 0.586383 0.022355 
 0.285396 0.593141 0.020207 
 0.271477 0.614574 -0.003022 
 0.255427 0.621314 -0.005164 
 0.241635 0.642693 -0.028376 
 0.226777 0.656726 -0.041044 
 0.213134 0.678042 -0.064236 
 0.197189 0.684738 -0.066365 
 0.181245 0.691434 -0.068493 
 0.165300 0.698130 -0.070622 
 0.150611 0.712092 -0.083267 
 0.134688 0.718779 -0.085393 
 0.118764 0.725466 -0.087519 
 0.102841 0.732153 -0.089644 
 0.085576 0.731610 -0.081264 
 0.066906 0.723862 -0.062385 
 0.050919 0.730576 -0.064519 
 0.034932 0.737290 -0.066653 
 0.018945 0.744003 -0.068788 
 0.002958 0.750717 -0.070922 
 -0.014497 0.750254 -0.062567 
 -0.033484 0.742640 -0.043731 
 -0.049535 0.749380 -0.045874 
 -0.068649 0.741820 -0.027054 
 -0.084742 0.748578 -0.029203 
 0.311958 0.564217 0.018159 
 0.295865 0.570975 0.016011 
 0.279772 0.577733 0.013863 
 0.265869 0.599206 -0.009349 
 0.252049 0.620644 -0.032550 
 0.236041 0.627366 -0.034686 
 0.221191 0.641419 -0.047347 
 0.205204 0.648133 -0.049481 
 0.191618 0.669473 -0.072650 
 0.175673 0.676168 -0.074779 
 0.159728 0.682864 -0.076907 
 0.143783 0.689560 -0.079036 
 0.127839 0.696256 -0.081164 
 0.111894 0.702952 -0.083293 
 0.095949 0.709648 -0.085421 
 0.077307 0.701842 -0.066554 
 0.061320 0.708556 -0.068688 
 0.043942 0.708037 -0.060330 
 0.025109 0.700312 -0.041488 
 0.011925 0.721482 -0.064604 
 -0.006992 0.713792 -0.045773 
 -0.025994 0.706138 -0.026954 
 -0.042087 0.712896 -0.029102 
 -0.058180 0.719654 -0.031250 
 -0.074273 0.726412 -0.033399 
 -0.090366 0.733170 -0.035547 
 0.306335 0.548810 0.011815 
 0.290242 0.555568 0.009667 
 0.274149 0.562326 0.007519 
 0.260260 0.583839 -0.015677 
 0.246455 0.605317 -0.038860 
 0.230447 0.612040 -0.040997 
 0.215604 0.626113 -0.053649 
 0.199617 0.632827 -0.055783 
 0.183630 0.639540 -0.057917 
 0.167643 0.646254 -0.060052 
 0.151656 0.652968 -0.062186 
 0.135669 0.659681 -0.064320 
 0.119682 0.666395 -0.066454 
 0.103695 0.673109 -0.068588 
 0.087708 0.679822 -0.070722 
 0.070365 0.679265 -0.062367 
 0.054356 0.685988 -0.064504 
 0.035551 0.678204 -0.045673 
 0.016662 0.670456 -0.026853 
 0.000569 0.677214 -0.029002 
 -0.015524 0.683972 -0.031150 
 -0.033100 0.683513 -0.022826 
 -0.049215 0.690280 -0.024977 
 -0.065329 0.697047 -0.027128 
 -0.079896 0.711005 -0.039743 
 0.302803 0.548251 -0.015577 
 0.284619 0.540160 0.003323 
 0.268526 0.546918 0.001174 
 0.254651 0.568472 -0.022004 
 0.240862 0.589990 -0.045171 
 0.224854 0.596713 -0.047308 
 0.210018 0.610807 -0.059952 
 0.194031 0.617520 -0.062086 
 0.178044 0.624234 -0.064220 
 0.162057 0.630948 -0.066354 
 0.146069 0.637661 -0.068488 
 0.130082 0.644375 -0.070622 
 0.114095 0.651089 -0.072756 
 0.098108 0.657802 -0.074891 
 0.080779 0.657216 -0.066541 
 0.062044 0.649356 -0.047716 
 0.045993 0.656097 -0.049858 
 0.025725 0.641017 -0.020574 
 0.009611 0.647784 -0.022725 
 -0.006503 0.654551 -0.024876 
 -0.025556 0.646825 -0.006094 
 -0.041712 0.653609 -0.008250 
 -0.057868 0.660394 -0.010407 
 -0.074025 0.667179 -0.012564 
 0.313245 0.526144 -0.019762 
 0.297195 0.532884 -0.021904 
 0.281144 0.539624 -0.024047 
 0.262902 0.531510 -0.005170 
 0.249043 0.553105 -0.028332 
 0.235268 0.574664 -0.051482 
 0.219260 0.581386 -0.053619 
 0.203251 0.588109 -0.055756 
 0.188444 0.602214 -0.068388 
 0.172457 0.608928 -0.070523 
 0.156470 0.615641 -0.072657 
 0.140483 0.622355 -0.074791 
 0.124496 0.629069 -0.076925 
 0.107202 0.628444 -0.068578 
 0.091193 0.635167 -0.070715 
 0.072486 0.627249 -0.051901 
 0.053694 0.619366 -0.033097 
 0.036209 0.618822 -0.024776 
 0.017268 0.611001 -0.005993 
 0.001112 0.617786 -0.008149 
 -0.017956 0.610019 0.010617 
 -0.034155 0.616822 0.008455 
 -0.050354 0.623624 0.006293 
 -0.066552 0.630427 0.004130 
 -0.082751 0.637230 0.001968 
 -0.098950 0.644032 -0.000195 
 0.307637 0.510776 -0.026089 
 0.291586 0.517517 -0.028232 
 0.275535 0.524257 -0.030374 
 0.259485 0.530997 -0.032517 
 0.243434 0.537738 -0.034660 
 0.229674 0.559337 -0.057793 
 0.213666 0.566060 -0.059930 
 0.197657 0.572782 -0.062067 
 0.181649 0.579505 -0.064204 
 0.166871 0.593621 -0.076825 
 0.149633 0.592950 -0.068478 
 0.133624 0.599673 -0.070615 
 0.117616 0.606395 -0.072752 
 0.101608 0.613118 -0.074889 
 0.082928 0.605141 -0.056086 
 0.066877 0.611882 -0.058228 
 0.046692 0.596627 -0.028977 
 0.027779 0.588748 -0.010205 
 0.008781 0.580905 0.008556 
 -0.007417 0.587708 0.006394 
 -0.026542 0.579918 0.025137 
 -0.042783 0.586738 0.022969 
 -0.059024 0.593559 0.020801 
 -0.076792 0.593110 0.029078 
 -0.093054 0.599939 0.026907 
 -0.109317 0.606768 0.024736 
 0.336138 0.496953 -0.049145 
 0.320130 0.503675 -0.051282 
 0.302028 0.495409 -0.032417 
 0.285977 0.502150 -0.034559 
 0.269927 0.508890 -0.036702 
 0.253876 0.515630 -0.038845 
 0.237825 0.522371 -0.040987 
 0.221775 0.529111 -0.043130 
 0.205724 0.535851 -0.045272 
 0.189673 0.542592 -0.047415 
 0.173623 0.549332 -0.049558 
 0.157572 0.556072 -0.051700 
 0.141522 0.562813 -0.053843 
 0.128030 0.584346 -0.076926 
 0.109420 0.576293 -0.058128 
 0.090726 0.568276 -0.039341 
 0.074633 0.575034 -0.041489 
 0.058540 0.581792 -0.043638 
 0.035519 0.551791 0.006495 
 0.019320 0.558593 0.004332 
 0.000265 0.550728 0.023071 
 -0.015976 0.557548 0.020903 
 -0.032217 0.564368 0.018735 
 -0.048458 0.571189 0.016567 
 -0.064700 0.578009 0.014399 
 -0.082475 0.577540 0.022667 
 -0.098737 0.584369 0.020496 
 -0.114999 0.591198 0.018325 
 0.330544 0.481626 -0.055456 
 0.312470 0.473302 -0.036602 
 0.296419 0.480042 -0.038744 
 0.280369 0.486782 -0.040887 
 0.264318 0.493523 -0.043030 
 0.248267 0.500263 -0.045172 
 0.232217 0.507003 -0.047315 
 0.216166 0.513744 -0.049457 
 0.200116 0.520484 -0.051600 
 0.184065 0.527225 -0.053743 
 0.168014 0.533965 -0.055885 
 0.151964 0.540705 -0.058028 
 0.133381 0.532594 -0.039241 
 0.119862 0.554186 -0.062313 
 0.101195 0.546110 -0.043537 
 0.083773 0.545470 -0.035229 
 0.067659 0.552237 -0.037380 
 0.048801 0.544242 -0.018630 
 0.029858 0.536282 0.000109 
 0.010831 0.528358 0.018836 
 -0.005410 0.535178 0.016668 
 -0.023108 0.534653 0.024939 
 -0.039370 0.541482 0.022768 
 -0.055633 0.548311 0.020597 
 -0.070375 0.562459 0.007996 
 -0.088157 0.561970 0.016256 
 -0.104420 0.568799 0.014085 
 0.324950 0.466299 -0.061767 
 0.306861 0.457935 -0.042929 
 0.290811 0.464675 -0.045072 
 0.274760 0.471415 -0.047215 
 0.258709 0.478156 -0.049357 
 0.242659 0.484896 -0.051500 
 0.224315 0.476638 -0.032695 
 0.208222 0.483396 -0.034844 
 0.190941 0.482673 -0.026524 
 0.176037 0.496912 -0.039140 
 0.158713 0.496207 -0.030826 
 0.142598 0.502974 -0.032978 
 0.126484 0.509741 -0.035129 
 0.110370 0.516508 -0.037280 
 0.094256 0.523275 -0.039431 
 0.078142 0.530042 -0.041582 
 0.059312 0.521988 -0.022843 
 0.037638 0.499167 0.016769 
 0.021397 0.505988 0.014601 
 0.003734 0.505424 0.022870 
 -0.012528 0.512254 0.020699 
 -0.028790 0.519083 0.018528 
 -0.045053 0.525912 0.016357 
 -0.061315 0.532741 0.014186 
 -0.077578 0.539571 0.012015 
 -0.093840 0.546400 0.009845 
 -0.110102 0.553229 0.007674 
 0.319356 0.450973 -0.068078 
 0.301253 0.442567 -0.049257 
 0.285202 0.449308 -0.051400 
 0.269151 0.456048 -0.053542 
 0.250878 0.447714 -0.034743 
 0.237050 0.469529 -0.057827 
 0.218692 0.461230 -0.039040 
 0.202599 0.467988 -0.041188 
 0.185310 0.467245 -0.032877 
 0.169196 0.474012 -0.035028 
 0.153082 0.480779 -0.037179 
 0.134448 0.472596 -0.018429 
 0.118292 0.479380 -0.020585 
 0.099531 0.471250 -0.001851 
 0.080687 0.463156 0.016871 
 0.063101 0.462537 0.025142 
 0.044108 0.454505 0.043845 
 0.025030 0.446509 0.062536 
 0.008683 0.453374 0.060354 
 -0.007664 0.460239 0.058172 
 -0.024011 0.467103 0.055989 
 -0.040358 0.473968 0.053807 
 -0.056706 0.480833 0.051625 
 -0.070025 0.502435 0.028609 
 -0.086330 0.509282 0.026433 
 -0.099523 0.530830 0.003434 
 0.311694 0.420460 -0.053442 
 0.295644 0.427200 -0.055585 
 0.279593 0.433941 -0.057727 
 0.261347 0.425548 -0.038939 
 0.245254 0.432306 -0.041087 
 0.229161 0.439064 -0.043236 
 0.213069 0.445822 -0.045384 
 0.196976 0.452580 -0.047532 
 0.179679 0.451817 -0.039230 
 0.163565 0.458584 -0.041381 
 0.144959 0.450342 -0.022641 
 0.126269 0.442136 -0.003913 
 0.110070 0.448939 -0.006075 
 0.091252 0.440786 0.012636 
 0.071020 0.425201 0.041770 
 0.052012 0.417128 0.060456 
 0.035665 0.423993 0.058274 
 0.017923 0.423416 0.066518 
 0.002971 0.437723 0.053909 
 -0.014813 0.437163 0.062148 
 -0.031181 0.444037 0.059963 
 -0.046071 0.458317 0.047363 
 -0.063918 0.457784 0.055593 
 -0.080286 0.464658 0.053408 
 -0.092028 0.493671 0.020005 
 0.320096 0.383108 -0.036690 
 0.304003 0.389866 -0.038839 
 0.290035 0.411833 -0.061912 
 0.271817 0.403382 -0.043135 
 0.255724 0.410140 -0.045283 
 0.239631 0.416898 -0.047432 
 0.223538 0.423656 -0.049580 
 0.207445 0.430415 -0.051728 
 0.190162 0.429622 -0.043431 
 0.174048 0.436389 -0.045582 
 0.157934 0.443156 -0.047733 
 0.136807 0.419825 -0.008136 
 0.118060 0.411596 0.010569 
 0.101818 0.418416 0.008401 
 0.081627 0.402743 0.037519 
 0.062646 0.394612 0.056194 
 0.044940 0.393997 0.064435 
 0.028572 0.400871 0.062250 
 0.012204 0.407745 0.060065 
 -0.004164 0.414618 0.057880 
 -0.020533 0.421492 0.055695 
 -0.036901 0.428366 0.053510 
 -0.053269 0.435240 0.051325 
 -0.069638 0.442113 0.049140 
 -0.086006 0.448987 0.046955 
 0.314472 0.367700 -0.043035 
 0.298379 0.374458 -0.045183 
 0.282286 0.381216 -0.047331 
 0.266193 0.387974 -0.049479 
 0.250100 0.394733 -0.051628 
 0.234007 0.401491 -0.053776 
 0.217914 0.408249 -0.055924 
 0.200646 0.407426 -0.047633 
 0.184532 0.414193 -0.049784 
 0.165981 0.405836 -0.031067 
 0.149824 0.412620 -0.033223 
 0.131147 0.404316 -0.014522 
 0.111103 0.388510 0.014592 
 0.092234 0.380286 0.033268 
 0.073281 0.372097 0.051931 
 0.055589 0.371452 0.060167 
 0.039221 0.378326 0.057982 
 0.020077 0.370217 0.076620 
 0.003666 0.377108 0.074430 
 -0.009884 0.398947 0.051427 
 -0.029155 0.390891 0.070048 
 -0.045565 0.397783 0.067858 
 -0.061976 0.404674 0.065667 
 -0.078386 0.411566 0.063476 
 -0.091725 0.433316 0.040502 
 -0.108094 0.440189 0.038317 
 -0.383612 0.426705 0.171089 
 -0.400319 0.433721 0.168858 
 0.308849 0.352292 -0.049379 
 0.292756 0.359050 -0.051527 
 0.276663 0.365809 -0.053676 
 0.260570 0.372567 -0.055824 
 0.243357 0.371698 -0.047532 
 0.227243 0.378465 -0.049683 
 0.211129 0.385232 -0.051834 
 0.195015 0.391999 -0.053985 
 0.176492 0.383582 -0.035279 
 0.157884 0.375201 -0.016584 
 0.139191 0.366856 0.002100 
 0.121682 0.366111 0.010352 
 0.102842 0.357828 0.029017 
 0.083916 0.349581 0.047669 
 0.066237 0.348907 0.055899 
 0.049869 0.355781 0.053714 
 0.030753 0.347613 0.072341 
 0.014343 0.354505 0.070151 
 -0.002068 0.361396 0.067960 
 -0.018479 0.368288 0.065769 
 -0.034889 0.375179 0.063579 
 -0.051300 0.382071 0.061388 
 -0.067710 0.388962 0.059197 
 -0.084121 0.395854 0.057007 
 -0.097445 0.417644 0.034049 
 -0.113813 0.424518 0.031864 
 -0.372743 0.403693 0.166732 
 -0.389450 0.410709 0.164502 
 -0.406157 0.417725 0.162272 
 0.332411 0.300266 -0.020081 
 0.316255 0.307050 -0.022238 
 0.302183 0.329201 -0.045280 
 0.286069 0.335968 -0.047431 
 0.269955 0.342735 -0.049583 
 0.253840 0.349502 -0.051734 
 0.237726 0.356269 -0.053885 
 0.219316 0.347759 -0.035178 
 0.203159 0.354544 -0.037335 
 0.187003 0.361329 -0.039492 
 0.168422 0.352890 -0.020807 
 0.149757 0.344486 -0.002135 
 0.132262 0.343712 0.006112 
 0.113449 0.335371 0.024765 
 0.094551 0.327065 0.043407 
 0.076886 0.326362 0.051631 
 0.057840 0.318119 0.070253 
 0.041429 0.325010 0.068063 
 0.025019 0.331902 0.065872 
 0.008608 0.338793 0.063681 
 -0.007802 0.345685 0.061491 
 -0.024213 0.352576 0.059300 
 -0.043555 0.344457 0.077882 
 -0.057034 0.366359 0.054919 
 -0.073445 0.373251 0.052728 
 -0.089855 0.380142 0.050537 
 -0.106266 0.387034 0.048347 
 -0.122677 0.393925 0.046156 
 -0.360027 0.388027 0.152041 
 -0.376713 0.395034 0.149813 
 -0.395288 0.394714 0.157916 
 -0.411995 0.401730 0.155686 
 -0.428702 0.408746 0.153455 
 -0.449315 0.401160 0.171868 
 -0.466065 0.408194 0.169632 
 0.340949 0.262552 -0.003407 
 0.326765 0.284797 -0.026451 
 0.310609 0.291582 -0.028607 
 0.294452 0.298367 -0.030764 
 0.278296 0.305151 -0.032921 
 0.262139 0.311936 -0.035077 
 0.245983 0.318721 -0.037234 
 0.227557 0.310170 -0.018544 
 0.209047 0.301655 0.000135 
 0.192806 0.308475 -0.002033 
 0.176564 0.315296 -0.004201 
 0.160323 0.322116 -0.006369 
 0.142842 0.321313 0.001872 
 0.124056 0.312913 0.020514 
 0.107751 0.319760 0.018338 
 0.087535 0.303817 0.047364 
 0.068516 0.295515 0.065974 
 0.052105 0.302407 0.063784 
 0.032960 0.294158 0.082377 
 0.016507 0.301068 0.080181 
 0.000054 0.307977 0.077985 
 -0.016399 0.314886 0.075788 
 -0.032852 0.321796 0.073592 
 -0.049305 0.328705 0.071396 
 -0.065758 0.335614 0.069199 
 -0.082211 0.342523 0.067003 
 -0.098664 0.349433 0.064807 
 -0.115116 0.356342 0.062611 
 -0.131569 0.363251 0.060414 
 -0.159225 0.317855 0.130747 
 -0.175827 0.324827 0.128531 
 -0.299114 0.344023 0.154372 
 -0.315800 0.351030 0.152145 
 -0.328861 0.372804 0.129251 
 -0.349172 0.365044 0.147690 
 -0.365857 0.372051 0.145463 
 -0.382544 0.379059 0.143235 
 -0.399229 0.386066 0.141008 
 -0.417833 0.385734 0.149099 
 -0.434540 0.392750 0.146869 
 -0.451247 0.399766 0.144639 
 -0.467954 0.406782 0.142409 
 0.351487 0.240240 -0.007631 
 0.335289 0.247043 -0.009793 
 0.319090 0.253846 -0.011955 
 0.302891 0.260648 -0.014118 
 0.286692 0.267451 -0.016280 
 0.272650 0.289683 -0.039290 
 0.256494 0.296468 -0.041447 
 0.235854 0.272464 -0.001932 
 0.218471 0.271597 0.006315 
 0.199882 0.263067 0.024969 
 0.183577 0.269914 0.022792 
 0.167273 0.276762 0.020616 
 0.148515 0.268304 0.039246 
 0.132168 0.275168 0.037064 
 0.114551 0.274398 0.045281 
 0.095603 0.266021 0.063886 
 0.079192 0.272912 0.061695 
 0.062782 0.279804 0.059505 
 0.043664 0.271497 0.078087 
 0.024461 0.263225 0.096659 
 0.006570 0.262571 0.104838 
 -0.009947 0.269507 0.102634 
 -0.026463 0.276443 0.100429 
 -0.048818 0.253160 0.139715 
 -0.062458 0.275223 0.116759 
 -0.079017 0.282177 0.114549 
 -0.101668 0.259019 0.153794 
 -0.118311 0.266008 0.151573 
 -0.134955 0.272997 0.149351 
 -0.145252 0.309992 0.105707 
 -0.161811 0.316946 0.103497 
 -0.181628 0.308932 0.121986 
 -0.276778 0.291716 0.183256 
 -0.290015 0.313610 0.160355 
 -0.306722 0.320626 0.158124 
 -0.321631 0.335055 0.145567 
 -0.338316 0.342062 0.143340 
 -0.355002 0.349069 0.141112 
 -0.371688 0.356076 0.138885 
 -0.388374 0.363083 0.136657 
 -0.405060 0.370090 0.134430 
 -0.423671 0.369738 0.142513 
 -0.440378 0.376754 0.140283 
 -0.457085 0.383771 0.138052 
 -0.473792 0.390786 0.135822 
 0.343867 0.209172 0.006842 
 0.327626 0.215993 0.004674 
 0.311385 0.222813 0.002506 
 0.297230 0.245139 -0.020504 
 0.281032 0.251942 -0.022666 
 0.264833 0.258744 -0.024829 
 0.248634 0.265547 -0.026991 
 0.230179 0.256915 -0.008335 
 0.212788 0.256027 -0.000096 
 0.194185 0.247457 0.018541 
 0.175497 0.238923 0.037166 
 0.159150 0.245788 0.034984 
 0.141568 0.244980 0.043198 
 0.125200 0.251853 0.041013 
 0.106279 0.243417 0.059607 
 0.087273 0.235017 0.078190 
 0.070820 0.241926 0.075994 
 0.054367 0.248835 0.073797 
 0.031109 0.217647 0.123494 
 0.006256 0.178937 0.183537 
 -0.010430 0.185944 0.181310 
 -0.028540 0.185359 0.189452 
 -0.045247 0.192375 0.187222 
 -0.064888 0.184241 0.205720 
 -0.078661 0.206407 0.182761 
 -0.093859 0.220980 0.170173 
 -0.110545 0.227987 0.167945 
 -0.127231 0.234994 0.165718 
 -0.140771 0.257062 0.142790 
 -0.151038 0.294138 0.099179 
 -0.167597 0.301092 0.096969 
 -0.184156 0.308046 0.094758 
 -0.204030 0.300010 0.113225 
 -0.220631 0.306981 0.111009 
 -0.265881 0.268646 0.178889 
 -0.282630 0.275680 0.176653 
 -0.299380 0.282714 0.174418 
 -0.312560 0.304631 0.151538 
 -0.327461 0.319079 0.138989 
 -0.344147 0.326087 0.136762 
 -0.360833 0.333094 0.134534 
 -0.373780 0.354913 0.111685 
 -0.394205 0.347108 0.130079 
 -0.410891 0.354115 0.127852 
 -0.429509 0.353743 0.135927 
 -0.446216 0.360759 0.133696 
 -0.462923 0.367775 0.131466 
 0.356365 0.202419 -0.018240 
 0.340166 0.209222 -0.020403 
 0.321951 0.200443 -0.001729 
 0.307769 0.222827 -0.024727 
 0.291570 0.229630 -0.026890 
 0.275371 0.236432 -0.029052 
 0.259172 0.243235 -0.031215 
 0.240745 0.234545 -0.012569 
 0.223368 0.233628 -0.004336 
 0.204792 0.225000 0.014290 
 0.186131 0.216407 0.032904 
 0.168585 0.215561 0.041115 
 0.152217 0.222435 0.038930 
 0.135849 0.229308 0.036745 
 0.116955 0.220814 0.055328 
 0.097977 0.212355 0.073900 
 0.078914 0.203931 0.092461 
 0.061092 0.203201 0.100635 
 0.044576 0.210137 0.098430 
 0.019848 0.171234 0.158446 
 0.000425 0.162962 0.176959 
 -0.017671 0.162347 0.185096 
 -0.037242 0.154137 0.203588 
 -0.051085 0.176379 0.180635 
 -0.067792 0.183395 0.178405 
 -0.084499 0.190411 0.176175 
 -0.099690 0.205004 0.163595 
 -0.116376 0.212012 0.161367 
 -0.129943 0.234138 0.138450 
 -0.140266 0.271331 0.094862 
 -0.156825 0.278284 0.092651 
 -0.173383 0.285238 0.090441 
 -0.186654 0.307240 0.067563 
 -0.206501 0.299146 0.086020 
 -0.226432 0.291087 0.104465 
 -0.243033 0.298058 0.102248 
 -0.271734 0.252610 0.172286 
 -0.284984 0.274603 0.149412 
 -0.301691 0.281619 0.147182 
 -0.316606 0.296097 0.134638 
 -0.333292 0.303104 0.132411 
 -0.346309 0.324999 0.109567 
 -0.362952 0.331989 0.107346 
 -0.379596 0.338978 0.105124 
 -0.396240 0.345967 0.102902 
 -0.412883 0.352957 0.100680 
 -0.429526 0.359946 0.098459 
 -0.446170 0.366935 0.096237 
 -0.468761 0.351779 0.124880 
 0.350705 0.186910 -0.024626 
 0.334506 0.193713 -0.026789 
 0.316275 0.184893 -0.008132 
 0.302108 0.207318 -0.031113 
 0.285910 0.214121 -0.033276 
 0.269711 0.220923 -0.035438 
 0.253512 0.227726 -0.037601 
 0.235069 0.218995 -0.018972 
 0.217685 0.218058 -0.010747 
 0.196766 0.193891 0.028642 
 0.176863 0.177536 0.057621 
 0.160452 0.184427 0.055431 
 0.144042 0.191319 0.053240 
 0.127631 0.198210 0.051050 
 0.108681 0.189693 0.069610 
 0.089645 0.181211 0.088160 
 0.071838 0.180452 0.096329 
 0.049987 0.156676 0.135593 
 0.027967 0.132972 0.174836 
 0.011281 0.139979 0.172608 
 -0.006802 0.139335 0.180740 
 -0.023509 0.146351 0.178509 
 -0.043095 0.138101 0.196985 
 -0.059845 0.145135 0.194749 
 -0.073630 0.167399 0.171819 
 -0.090337 0.174415 0.169588 
 -0.105520 0.189029 0.157017 
 -0.119116 0.211214 0.134110 
 -0.135759 0.218204 0.131889 
 -0.146052 0.255477 0.088334 
 -0.162611 0.262431 0.086123 
 -0.179170 0.269384 0.083913 
 -0.192426 0.291427 0.061052 
 -0.212287 0.283292 0.079492 
 -0.228846 0.290246 0.077281 
 -0.248834 0.282164 0.095704 
 -0.272379 0.259100 0.134743 
 -0.290822 0.258607 0.142826 
 -0.307529 0.265624 0.140596 
 -0.322437 0.280122 0.128060 
 -0.339123 0.287129 0.125833 
 -0.352125 0.309065 0.103006 
 -0.368768 0.316054 0.100784 
 -0.381644 0.337937 0.077975 
 -0.398245 0.344908 0.075759 
 -0.414846 0.351880 0.073543 
 -0.431447 0.358851 0.071327 
 -0.451986 0.351001 0.089676 
 -0.474600 0.335784 0.118293 
 0.343083 0.155703 -0.010198 
 0.326841 0.162523 -0.012366 
 0.310600 0.169344 -0.014535 
 0.296448 0.191809 -0.037500 
 0.280249 0.198612 -0.039662 
 0.264050 0.205414 -0.041824 
 0.245636 0.196625 -0.023207 
 0.229394 0.203446 -0.025375 
 0.212003 0.202488 -0.017158 
 0.193397 0.193779 0.001434 
 0.171129 0.161824 0.051152 
 0.152290 0.153213 0.069713 
 0.133367 0.144637 0.088263 
 0.116872 0.151564 0.086061 
 0.099099 0.150766 0.094227 
 0.082583 0.157702 0.092022 
 0.063426 0.149224 0.110541 
 0.041504 0.125386 0.149766 
 0.020774 0.109308 0.178614 
 0.004067 0.116324 0.176383 
 -0.012640 0.123340 0.174153 
 -0.032199 0.115031 0.192618 
 -0.051842 0.106757 0.211073 
 -0.065697 0.129098 0.188146 
 -0.082447 0.136132 0.185911 
 -0.096176 0.158420 0.163002 
 -0.111351 0.173054 0.150438 
 -0.124931 0.195279 0.127549 
 -0.138427 0.217469 0.104672 
 -0.151838 0.239623 0.081806 
 -0.165165 0.261742 0.058950 
 -0.184956 0.253531 0.077385 
 -0.198197 0.275614 0.054541 
 -0.214714 0.282550 0.052336 
 -0.234632 0.274392 0.070754 
 -0.254635 0.266270 0.089159 
 -0.278210 0.243125 0.128165 
 -0.296660 0.242612 0.136239 
 -0.313367 0.249628 0.134009 
 -0.328267 0.264146 0.121482 
 -0.344953 0.271153 0.119255 
 -0.361639 0.278160 0.117028 
 -0.374584 0.300119 0.094223 
 -0.387445 0.322042 0.071430 
 -0.404046 0.329014 0.069214 
 -0.420647 0.335985 0.066998 
 -0.437248 0.342957 0.064782 
 0.337407 0.140153 -0.016601 
 0.321166 0.146974 -0.018769 
 0.304925 0.153794 -0.020937 
 0.288684 0.160615 -0.023105 
 0.272442 0.167435 -0.025273 
 0.258390 0.189905 -0.048210 
 0.239960 0.181076 -0.029609 
 0.223719 0.187896 -0.031777 
 0.206320 0.186918 -0.023569 
 0.184163 0.154800 0.026127 
 0.162994 0.130551 0.065423 
 0.144098 0.121917 0.083962 
 0.127603 0.128844 0.081760 
 0.109844 0.128017 0.089920 
 0.093328 0.134953 0.087716 
 0.074199 0.126417 0.106224 
 0.054986 0.117916 0.124720 
 0.032991 0.094014 0.163907 
 0.014936 0.093312 0.172027 
 -0.004553 0.084927 0.190487 
 -0.024126 0.076577 0.208936 
 -0.040918 0.083629 0.206694 
 -0.057709 0.090680 0.204453 
 -0.071550 0.113062 0.181543 
 -0.088300 0.120096 0.179308 
 -0.102014 0.142424 0.156416 
 -0.117182 0.157078 0.143860 
 -0.127627 0.194603 0.100343 
 -0.141066 0.216816 0.077488 
 -0.157624 0.223770 0.075278 
 -0.170936 0.245929 0.052439 
 -0.190742 0.237677 0.070857 
 -0.203969 0.259801 0.048030 
 -0.220485 0.266737 0.045825 
 -0.240418 0.258538 0.064226 
 -0.260436 0.250376 0.082615 
 -0.277037 0.257347 0.080399 
 -0.300726 0.234157 0.119359 
 -0.317412 0.241164 0.117132 
 -0.334098 0.248171 0.114904 
 -0.350784 0.255178 0.112677 
 -0.367470 0.262185 0.110450 
 -0.380400 0.284184 0.087662 
 -0.393246 0.306148 0.064886 
 -0.409847 0.313120 0.062670 
 -0.426448 0.320091 0.060454 
 -0.443049 0.327063 0.058238 
 0.345049 0.094087 0.010344 
 0.330736 0.116714 -0.012614 
 0.314474 0.123543 -0.014785 
 0.298212 0.130373 -0.016955 
 0.283008 0.145065 -0.029508 
 0.266767 0.151885 -0.031676 
 0.250526 0.158706 -0.033844 
 0.233162 0.157690 -0.025639 
 0.214612 0.148864 -0.007068 
 0.198307 0.155711 -0.009245 
 0.176070 0.123509 0.040404 
 0.154830 0.099197 0.079661 
 0.137106 0.098332 0.087819 
 0.120589 0.105268 0.085614 
 0.104072 0.112204 0.083409 
 0.084972 0.103609 0.101906 
 0.068413 0.110563 0.099696 
 0.049185 0.102022 0.118176 
 0.027160 0.078039 0.157329 
 0.009098 0.077316 0.165441 
 -0.007609 0.084333 0.163211 
 -0.027155 0.075925 0.181648 
 -0.046785 0.067552 0.200074 
 -0.063577 0.074604 0.197833 
 -0.077403 0.097026 0.174940 
 -0.094152 0.104060 0.172704 
 -0.107852 0.126429 0.149829 
 -0.123012 0.141103 0.137282 
 -0.130293 0.194008 0.073171 
 -0.143675 0.216244 0.050337 
 -0.160191 0.223180 0.048133 
 -0.175076 0.237739 0.035622 
 -0.193224 0.237052 0.043723 
 -0.209740 0.243988 0.041518 
 -0.226257 0.250924 0.039314 
 -0.242773 0.257860 0.037109 
 -0.262764 0.249638 0.055487 
 -0.282839 0.241453 0.073854 
 -0.302998 0.233303 0.092209 
 -0.323243 0.225188 0.110554 
 -0.336285 0.247282 0.087766 
 -0.352929 0.254271 0.085544 
 -0.369572 0.261260 0.083322 
 -0.386216 0.268250 0.081100 
 -0.399047 0.290254 0.058341 
 -0.415648 0.297225 0.056125 
 -0.432249 0.304197 0.053909 
 -0.448850 0.311168 0.051693 
 0.336406 0.054720 0.035071 
 0.321041 0.069504 0.022503 
 0.306742 0.092171 -0.000437 
 0.290438 0.099018 -0.002613 
 0.274133 0.105865 -0.004790 
 0.257828 0.112712 -0.006966 
 0.241524 0.119559 -0.009143 
 0.225219 0.126406 -0.011319 
 0.205460 0.109710 0.017591 
 0.189092 0.116583 0.015406 
 0.165561 0.076477 0.075361 
 0.149066 0.083404 0.073159 
 0.131334 0.082519 0.081307 
 0.114818 0.089455 0.079103 
 0.098301 0.096391 0.076898 
 0.081785 0.103327 0.074693 
 0.062626 0.094709 0.093168 
 0.040700 0.070592 0.132304 
 0.024056 0.077582 0.130083 
 0.003260 0.061321 0.158855 
 -0.013447 0.068337 0.156624 
 -0.033008 0.059888 0.175045 
 -0.052653 0.051476 0.193455 
 -0.069445 0.058527 0.191213 
 -0.083256 0.080990 0.168337 
 -0.096983 0.103417 0.145473 
 -0.113690 0.110433 0.143243 
 -0.125735 0.140486 0.110087 
 -0.136079 0.178154 0.066643 
 -0.147850 0.208092 0.033523 
 -0.164345 0.215019 0.031321 
 -0.180840 0.221946 0.029120 
 -0.198995 0.221239 0.037212 
 -0.213831 0.235800 0.024716 
 -0.230326 0.242727 0.022514 
 -0.248545 0.242046 0.030598 
 -0.268550 0.233785 0.048959 
 -0.285109 0.240738 0.046749 
 -0.305241 0.232530 0.065093 
 -0.325458 0.224358 0.083426 
 -0.338443 0.246473 0.060661 
 -0.358745 0.238336 0.078983 
 -0.375388 0.245325 0.076761 
 -0.392032 0.252315 0.074539 
 -0.404848 0.274359 0.051797 
 -0.421449 0.281331 0.049581 
 -0.438050 0.288302 0.047364 
 -0.454651 0.295274 0.045148 
 0.347054 0.032175 0.030803 
 0.330686 0.039049 0.028618 
 0.314318 0.045922 0.026433 
 0.298981 0.060718 0.013877 
 0.282634 0.067582 0.011695 
 0.266287 0.074447 0.009512 
 0.249940 0.081312 0.007330 
 0.233593 0.088177 0.005148 
 0.217246 0.095042 0.002966 
 0.197422 0.078302 0.031846 
 0.178652 0.069476 0.050357 
 0.158596 0.052834 0.079206 
 0.142079 0.059770 0.077001 
 0.123075 0.051041 0.095482 
 0.106517 0.057994 0.093271 
 0.089958 0.064948 0.091061 
 0.073399 0.071902 0.088850 
 0.048871 0.032074 0.148628 
 0.030836 0.031293 0.156729 
 0.014129 0.038309 0.154498 
 -0.005362 0.029785 0.172914 
 -0.022111 0.036818 0.170678 
 -0.041729 0.028347 0.189076 
 -0.058521 0.035399 0.186835 
 -0.075312 0.042450 0.184593 
 -0.089109 0.064954 0.161734 
 -0.102821 0.087421 0.138887 
 -0.117988 0.102145 0.126354 
 -0.131551 0.124551 0.103526 
 -0.138701 0.177681 0.039520 
 -0.153614 0.192299 0.027021 
 -0.166860 0.214571 0.004235 
 -0.183313 0.221480 0.002038 
 -0.203100 0.213080 0.020415 
 -0.219595 0.220007 0.018213 
 -0.236090 0.226934 0.016011 
 -0.252586 0.233861 0.013809 
 -0.274336 0.217931 0.042431 
 -0.290895 0.224885 0.040221 
 -0.311042 0.216636 0.058548 
 -0.327643 0.223607 0.056332 
 -0.344244 0.230579 0.054116 
 -0.360845 0.237550 0.051900 
 -0.381204 0.229391 0.070199 
 -0.397847 0.236380 0.067978 
 -0.414491 0.243369 0.065756 
 -0.431135 0.250359 0.063534 
 -0.443851 0.272408 0.040820 
 0.341335 0.016504 0.024350 
 0.324966 0.023377 0.022165 
 0.308598 0.030251 0.019980 
 0.293269 0.045067 0.007432 
 0.276922 0.051931 0.005250 
 0.260575 0.058796 0.003068 
 0.244228 0.065661 0.000886 
 0.226757 0.064620 0.009055 
 0.211534 0.079391 -0.003479 
 0.191688 0.062590 0.025376 
 0.169341 0.030085 0.074899 
 0.152824 0.037021 0.072695 
 0.136308 0.043957 0.070490 
 0.117289 0.035187 0.088954 
 0.098186 0.026453 0.107406 
 0.084172 0.049094 0.084533 
 0.064984 0.040396 0.102974 
 0.041705 0.008281 0.152372 
 0.024998 0.015297 0.150142 
 0.002779 -0.008884 0.189181 
 -0.014013 -0.001833 0.186940 
 -0.033645 -0.010344 0.205321 
 -0.053362 -0.018821 0.223692 
 -0.067314 0.003794 0.200827 
 -0.081180 0.026374 0.177974 
 -0.094962 0.048918 0.155131 
 -0.108659 0.071426 0.132300 
 -0.123818 0.086170 0.119776 
 -0.140504 0.093177 0.117548 
 -0.144472 0.161868 0.033009 
 -0.156156 0.191909 -0.000055 
 -0.172609 0.198818 -0.002251 
 -0.189062 0.205728 -0.004448 
 -0.205515 0.212637 -0.006644 
 -0.225359 0.204214 0.011710 
 -0.241854 0.211141 0.009508 
 -0.258350 0.218068 0.007306 
 -0.276604 0.217356 0.015370 
 -0.293121 0.224292 0.013165 
 -0.313240 0.215985 0.031483 
 -0.333444 0.207713 0.049788 
 -0.350045 0.214685 0.047572 
 -0.366646 0.221656 0.045356 
 -0.387020 0.213456 0.063638 
 -0.403663 0.220445 0.061416 
 -0.420307 0.227435 0.059195 
 -0.436950 0.234424 0.056973 
 0.351983 -0.006042 0.020083 
 0.335615 0.000832 0.017898 
 0.319247 0.007706 0.015713 
 0.302878 0.014580 0.013528 
 0.287557 0.029416 0.000988 
 0.270142 0.028327 0.009158 
 0.251596 0.019313 0.027670 
 0.235185 0.026204 0.025479 
 0.221037 0.048948 0.002603 
 0.202364 0.039987 0.021098 
 0.183607 0.031062 0.039581 
 0.164764 0.022171 0.058054 
 0.147053 0.021208 0.066183 
 0.130536 0.028144 0.063979 
 0.111503 0.019333 0.082426 
 0.092385 0.010559 0.100861 
 0.075784 0.017530 0.098645 
 0.059183 0.024502 0.096429 
 0.037210 0.000123 0.135472 
 0.013703 -0.032012 0.184803 
 -0.005860 -0.040600 0.203179 
 -0.022694 -0.033531 0.200932 
 -0.042383 -0.042066 0.219292 
 -0.059260 -0.034978 0.217039 
 -0.076136 -0.027891 0.214786 
 -0.090030 -0.005254 0.191943 
 -0.103839 0.017348 0.169112 
 -0.114497 0.055430 0.125714 
 -0.129649 0.070195 0.113198 
 -0.146335 0.077202 0.110970 
 -0.148647 0.153786 0.016217 
 -0.161905 0.176157 -0.006541 
 -0.178358 0.183066 -0.008738 
 -0.194811 0.189975 -0.010934 
 -0.214628 0.181494 0.007409 
 -0.231123 0.188421 0.005207 
 -0.247618 0.195348 0.003005 
 -0.264114 0.202275 0.000803 
 -0.285909 0.186224 0.029376 
 -0.302467 0.193177 0.027165 
 -0.319026 0.200131 0.024955 
 -0.335585 0.207085 0.022744 
 -0.355846 0.198790 0.041027 
 -0.372447 0.205762 0.038811 
 -0.392836 0.197521 0.057077 
 -0.409479 0.204510 0.054855 
 -0.426123 0.211500 0.052633 
 -0.442766 0.218489 0.050412 
 0.362632 -0.028586 0.015815 
 0.346264 -0.021713 0.013630 
 0.329895 -0.014839 0.011445 
 0.311504 -0.023965 0.029963 
 0.297159 -0.001092 0.007075 
 0.280791 0.005782 0.004890 
 0.264422 0.012656 0.002705 
 0.245862 0.003601 0.021200 
 0.229451 0.010492 0.019009 
 0.213040 0.017384 0.016819 
 0.196630 0.024275 0.014628 
 0.177857 0.015309 0.033095 
 0.159000 0.006378 0.051551 
 0.142505 0.013305 0.049349 
 0.124765 0.012330 0.057467 
 0.100654 -0.028094 0.117168 
 0.084011 -0.021104 0.114946 
 0.067367 -0.014115 0.112724 
 0.048065 -0.022859 0.131121 
 0.027328 -0.039425 0.159812 
 0.005092 -0.063787 0.198790 
 -0.014528 -0.072398 0.217144 
 -0.031404 -0.065311 0.214891 
 -0.049716 -0.066046 0.222933 
 -0.066613 -0.058950 0.220678 
 -0.082033 -0.044049 0.208133 
 -0.095912 -0.021371 0.185307 
 -0.112747 -0.014302 0.183060 
 -0.123417 0.023879 0.139689 
 -0.140166 0.030913 0.137453 
 -0.145832 0.092266 0.063292 
 -0.151202 0.153495 -0.010831 
 -0.167655 0.160404 -0.013028 
 -0.184108 0.167314 -0.015224 
 -0.200560 0.174223 -0.017420 
 -0.220392 0.165701 0.000906 
 -0.236887 0.172628 -0.001296 
 -0.253383 0.179555 -0.003498 
 -0.269878 0.186482 -0.005700 
 -0.291695 0.170370 0.022848 
 -0.308254 0.177323 0.020637 
 -0.328445 0.168953 0.038915 
 -0.345046 0.175925 0.036699 
 -0.361647 0.182896 0.034482 
 -0.382008 0.174597 0.052737 
 -0.398651 0.181586 0.050515 
 -0.415295 0.188575 0.048294 
 -0.431939 0.195565 0.046072 
 -0.448582 0.202554 0.043850 
 0.355001 -0.060352 0.030065 
 0.338591 -0.053460 0.027874 
 0.322180 -0.046569 0.025684 
 0.305769 -0.039677 0.023493 
 0.291439 -0.016763 0.000622 
 0.275071 -0.009889 -0.001563 
 0.256538 -0.019002 0.016921 
 0.240127 -0.012111 0.014731 
 0.223716 -0.005219 0.012540 
 0.207306 0.001672 0.010349 
 0.190895 0.008564 0.008159 
 0.172108 -0.000443 0.026609 
 0.153236 -0.009415 0.045048 
 0.135510 -0.010419 0.053161 
 0.116489 -0.019328 0.071580 
 0.097384 -0.028201 0.089988 
 0.075606 -0.052849 0.128998 
 0.057605 -0.053737 0.137074 
 0.038224 -0.062495 0.155445 
 0.016044 -0.086974 0.194401 
 -0.000790 -0.079904 0.192153 
 -0.020425 -0.088555 0.210491 
 -0.037301 -0.081468 0.208238 
 -0.055620 -0.082224 0.216272 
 -0.075445 -0.090795 0.234584 
 -0.089415 -0.068032 0.211761 
 -0.104807 -0.053120 0.199227 
 -0.118629 -0.030419 0.176423 
 -0.135463 -0.023349 0.174176 
 -0.152297 -0.016280 0.171929 
 -0.145270 0.107493 0.015680 
 -0.156951 0.137743 -0.017317 
 -0.170138 0.160177 -0.040036 
 -0.186548 0.167068 -0.042226 
 -0.202959 0.173960 -0.044417 
 -0.222763 0.165380 -0.026103 
 -0.239216 0.172289 -0.028299 
 -0.259147 0.163763 -0.010001 
 -0.275642 0.170690 -0.012203 
 -0.297481 0.154516 0.016320 
 -0.314040 0.161470 0.014109 
 -0.330599 0.168424 0.011899 
 -0.350847 0.160030 0.030154 
 -0.367448 0.167002 0.027938 
 -0.387824 0.158662 0.046176 
 -0.404467 0.165651 0.043954 
 -0.421111 0.172641 0.041732 
 -0.437754 0.179630 0.039511 
 0.380247 -0.106016 0.048674 
 0.365678 -0.082955 0.025786 
 0.349267 -0.076063 0.023596 
 0.332856 -0.069172 0.021405 
 0.316446 -0.062280 0.019214 
 0.300035 -0.055389 0.017024 
 0.283624 -0.048497 0.014833 
 0.267214 -0.041606 0.012642 
 0.250803 -0.034714 0.010452 
 0.232170 -0.043833 0.028908 
 0.215718 -0.036923 0.026711 
 0.199265 -0.030014 0.024515 
 0.182812 -0.023105 0.022319 
 0.163967 -0.032135 0.040747 
 0.146255 -0.033168 0.048854 
 0.129738 -0.026232 0.046650 
 0.110703 -0.035182 0.065053 
 0.086461 -0.075831 0.124647 
 0.068474 -0.076749 0.132718 
 0.046475 -0.101397 0.171668 
 0.029683 -0.094346 0.169427 
 0.007431 -0.118888 0.208344 
 -0.009446 -0.111800 0.206091 
 -0.030545 -0.128355 0.234689 
 -0.047485 -0.121241 0.232428 
 -0.064425 -0.114127 0.230167 
 -0.081365 -0.107013 0.227905 
 -0.098305 -0.099899 0.225644 
 -0.110704 -0.069278 0.192574 
 -0.124511 -0.046536 0.169787 
 -0.141345 -0.039467 0.167540 
 -0.148718 0.014459 0.103725 
 -0.149444 0.099480 -0.001090 
 -0.162700 0.121990 -0.023804 
 -0.175872 0.144465 -0.046505 
 -0.192283 0.151357 -0.048696 
 -0.208693 0.158248 -0.050886 
 -0.228512 0.149628 -0.032589 
 -0.244965 0.156537 -0.034785 
 -0.261418 0.163446 -0.036981 
 -0.281406 0.154897 -0.018706 
 -0.299690 0.154103 -0.010675 
 -0.319826 0.145616 0.007581 
 -0.336385 0.152570 0.005371 
 -0.356648 0.144136 0.023609 
 -0.373249 0.151108 0.021393 
 -0.393640 0.142727 0.039615 
 -0.410283 0.149716 0.037393 
 -0.426927 0.156706 0.035171 
 0.374498 -0.121769 0.042188 
 0.359943 -0.098667 0.019317 
 0.343532 -0.091775 0.017126 
 0.329105 -0.068727 -0.005729 
 0.312736 -0.061853 -0.007914 
 0.294301 -0.071101 0.010554 
 0.280000 -0.048105 -0.012284 
 0.263632 -0.041232 -0.014469 
 0.245069 -0.050426 0.003982 
 0.226421 -0.059585 0.022421 
 0.209968 -0.052676 0.020225 
 0.193515 -0.045767 0.018029 
 0.177062 -0.038857 0.015833 
 0.158203 -0.047928 0.034244 
 0.140483 -0.048981 0.042343 
 0.121476 -0.057989 0.060735 
 0.102383 -0.066961 0.079115 
 0.079343 -0.099761 0.128361 
 0.060018 -0.108635 0.146710 
 0.040607 -0.117474 0.165049 
 0.023816 -0.110423 0.162807 
 0.001534 -0.135045 0.201691 
 -0.015343 -0.127958 0.199438 
 -0.036464 -0.144573 0.228011 
 -0.053404 -0.137460 0.225750 
 -0.070344 -0.130346 0.223488 
 -0.087284 -0.123232 0.221227 
 -0.104224 -0.116118 0.218966 
 -0.116601 -0.085435 0.185921 
 -0.130394 -0.062653 0.163150 
 -0.144102 -0.039907 0.140392 
 -0.154556 -0.001537 0.097138 
 -0.155208 0.083687 -0.007593 
 -0.168449 0.106238 -0.030290 
 -0.181607 0.128753 -0.052975 
 -0.198017 0.135645 -0.055165 
 -0.214428 0.142536 -0.057356 
 -0.234261 0.133875 -0.039075 
 -0.250714 0.140784 -0.041271 
 -0.267167 0.147694 -0.043468 
 -0.287170 0.139104 -0.025209 
 -0.305461 0.138290 -0.017186 
 -0.321978 0.145226 -0.019391 
 -0.342171 0.136716 -0.001157 
 -0.362449 0.128242 0.017065 
 -0.379050 0.135213 0.014849 
 -0.399456 0.126792 0.033053 
 -0.416099 0.133782 0.030832 
 -0.432743 0.140771 0.028610 
 0.370619 -0.121270 0.015038 
 0.354209 -0.114379 0.012847 
 0.337798 -0.107487 0.010657 
 0.323385 -0.084398 -0.012181 
 0.304977 -0.093704 0.006275 
 0.288566 -0.086812 0.004085 
 0.272155 -0.079921 0.001894 
 0.255745 -0.073029 -0.000297 
 0.239334 -0.066138 -0.002487 
 0.220672 -0.075337 0.015935 
 0.204219 -0.068428 0.013739 
 0.187766 -0.061519 0.011543 
 0.171313 -0.054610 0.009346 
 0.152439 -0.063720 0.027741 
 0.134712 -0.064794 0.035832 
 0.115689 -0.073843 0.054207 
 0.091486 -0.114789 0.113719 
 0.074800 -0.107782 0.111491 
 0.051531 -0.140602 0.160670 
 0.034740 -0.133551 0.158429 
 0.012513 -0.158290 0.197290 
 -0.004364 -0.151203 0.195037 
 -0.022641 -0.152046 0.203054 
 -0.042384 -0.160792 0.221333 
 -0.059324 -0.153678 0.219072 
 -0.076263 -0.146564 0.216810 
 -0.093203 -0.139451 0.214549 
 -0.107129 -0.116566 0.191776 
 -0.122499 -0.101593 0.179268 
 -0.136276 -0.078771 0.156514 
 -0.149969 -0.055984 0.133772 
 -0.141293 0.076667 -0.032383 
 -0.157746 0.083576 -0.034580 
 -0.170930 0.106150 -0.057254 
 -0.187341 0.113041 -0.059444 
 -0.200399 0.135562 -0.082101 
 -0.216767 0.142435 -0.084286 
 -0.236573 0.133716 -0.066016 
 -0.252983 0.140608 -0.068207 
 -0.269394 0.147499 -0.070397 
 -0.289369 0.138851 -0.052150 
 -0.311233 0.122477 -0.023697 
 -0.327749 0.129413 -0.025902 
 -0.351649 0.105376 0.012736 
 -0.371984 0.096879 0.030935 
 -0.388628 0.103868 0.028714 
 -0.405271 0.110858 0.026492 
 -0.421915 0.117847 0.024270 
 -0.438558 0.124836 0.022048 
 0.364885 -0.136982 0.008568 
 0.348474 -0.130090 0.006378 
 0.332063 -0.123199 0.004187 
 0.317665 -0.100069 -0.018634 
 0.301297 -0.093195 -0.020819 
 0.282832 -0.102524 -0.002385 
 0.266421 -0.095633 -0.004576 
 0.250010 -0.088741 -0.006766 
 0.231376 -0.097999 0.011645 
 0.214923 -0.091090 0.009449 
 0.198470 -0.084180 0.007253 
 0.179665 -0.093367 0.025642 
 0.163170 -0.086440 0.023440 
 0.145457 -0.087544 0.031525 
 0.126462 -0.096650 0.049890 
 0.107382 -0.105721 0.068242 
 0.084374 -0.138768 0.117419 
 0.059850 -0.179720 0.176844 
 0.043016 -0.172651 0.174596 
 0.023492 -0.181535 0.192890 
 0.006616 -0.174448 0.190637 
 -0.010261 -0.167361 0.188384 
 -0.028546 -0.168224 0.196393 
 -0.045444 -0.161128 0.194137 
 -0.065243 -0.169897 0.212393 
 -0.082183 -0.162783 0.210132 
 -0.096136 -0.139840 0.187370 
 -0.113034 -0.132744 0.185115 
 -0.128396 -0.117751 0.172614 
 -0.142159 -0.094888 0.149877 
 -0.155837 -0.072060 0.127152 
 -0.143844 0.076655 -0.059342 
 -0.160254 0.083547 -0.061532 
 -0.173382 0.106143 -0.084184 
 -0.189750 0.113017 -0.086369 
 -0.206119 0.119890 -0.088554 
 -0.220781 0.134590 -0.100962 
 -0.238855 0.133638 -0.092924 
 -0.258718 0.124896 -0.074676 
 -0.275129 0.131787 -0.076867 
 -0.295118 0.123098 -0.058636 
 -0.315193 0.114445 -0.040416 
 -0.333521 0.113600 -0.032413 
 -0.357450 0.089482 0.006191 
 -0.374051 0.096453 0.003975 
 -0.394444 0.087933 0.022152 
 -0.411087 0.094923 0.019931 
 0.359150 -0.152694 0.002099 
 0.340797 -0.162116 0.020533 
 0.326329 -0.138911 -0.002282 
 0.309918 -0.132019 -0.004473 
 0.295578 -0.108866 -0.027272 
 0.277097 -0.118236 -0.008854 
 0.260687 -0.111344 -0.011045 
 0.244276 -0.104453 -0.013236 
 0.225626 -0.113751 0.005159 
 0.206892 -0.123014 0.023543 
 0.190397 -0.116087 0.021341 
 0.172718 -0.117229 0.029424 
 0.156202 -0.110293 0.027219 
 0.137234 -0.119458 0.045572 
 0.118183 -0.128587 0.063913 
 0.096510 -0.153747 0.102790 
 0.078536 -0.154764 0.110833 
 0.053968 -0.195837 0.170207 
 0.034471 -0.204780 0.188490 
 0.017595 -0.197693 0.186237 
 0.000718 -0.190606 0.183984 
 -0.017553 -0.191498 0.191987 
 -0.034451 -0.184402 0.189731 
 -0.054222 -0.193229 0.207977 
 -0.068246 -0.170210 0.185220 
 -0.085143 -0.163114 0.182964 
 -0.100540 -0.148083 0.170467 
 -0.117417 -0.140996 0.168214 
 -0.134293 -0.133909 0.165961 
 -0.148041 -0.111005 0.143241 
 -0.164875 -0.103936 0.140994 
 -0.181709 -0.096866 0.138747 
 -0.162733 0.083598 -0.088452 
 -0.179102 0.090472 -0.090637 
 -0.190460 0.120937 -0.123480 
 -0.206764 0.127784 -0.125657 
 -0.223069 0.134631 -0.127833 
 -0.242841 0.125804 -0.109588 
 -0.259188 0.132669 -0.111770 
 -0.275535 0.139534 -0.113953 
 -0.297274 0.122967 -0.085527 
 -0.313684 0.129858 -0.087718 
 -0.339292 0.097787 -0.038924 
 -0.355809 0.104723 -0.041129 
 -0.379852 0.080559 -0.002569 
 0.366081 -0.208078 0.039060 
 0.351501 -0.184778 0.016243 
 0.335048 -0.177869 0.014047 
 0.320595 -0.154622 -0.008752 
 0.304184 -0.147731 -0.010943 
 0.287773 -0.140839 -0.013133 
 0.271363 -0.133948 -0.015324 
 0.254952 -0.127056 -0.017515 
 0.238542 -0.120165 -0.019705 
 0.222131 -0.113273 -0.021896 
 0.201128 -0.138807 0.017040 
 0.184633 -0.131880 0.014839 
 0.166947 -0.133042 0.022913 
 0.150431 -0.126106 0.020708 
 0.128983 -0.151453 0.059585 
 0.109874 -0.160606 0.077904 
 0.089405 -0.177775 0.106476 
 0.070105 -0.186847 0.124770 
 0.048085 -0.211955 0.163571 
 0.028574 -0.220938 0.181836 
 0.011697 -0.213851 0.179584 
 -0.005179 -0.206764 0.177331 
 -0.023458 -0.207676 0.185326 
 -0.040355 -0.200580 0.183070 
 -0.057253 -0.193484 0.180814 
 -0.074150 -0.186388 0.178559 
 -0.091048 -0.179292 0.176303 
 -0.106438 -0.164241 0.163814 
 -0.123314 -0.157154 0.161561 
 -0.137090 -0.134192 0.138852 
 -0.153924 -0.127122 0.136604 
 -0.170758 -0.120053 0.134357 
 -0.184364 -0.097162 0.111671 
 -0.163548 0.091632 -0.125555 
 -0.179852 0.098479 -0.127732 
 -0.196157 0.105326 -0.129908 
 -0.209064 0.127924 -0.152501 
 -0.228767 0.119021 -0.134261 
 -0.245071 0.125868 -0.136438 
 -0.264900 0.117018 -0.118215 
 -0.281247 0.123883 -0.120397 
 -0.299399 0.122916 -0.112385 
 -0.319419 0.114147 -0.094187 
 -0.335829 0.121038 -0.096378 
 -0.361580 0.088909 -0.047640 
 0.376812 -0.230798 0.034759 
 0.360317 -0.223871 0.032557 
 0.345751 -0.200531 0.009757 
 0.327326 -0.210017 0.028153 
 0.314860 -0.170334 -0.015221 
 0.298450 -0.163443 -0.017412 
 0.282039 -0.156551 -0.019603 
 0.265628 -0.149660 -0.021793 
 0.249218 -0.142768 -0.023984 
 0.232807 -0.135877 -0.026175 
 0.216396 -0.128985 -0.028365 
 0.194208 -0.162727 0.020811 
 0.177692 -0.155791 0.018606 
 0.158780 -0.165073 0.036937 
 0.142221 -0.158119 0.034727 
 0.120701 -0.183530 0.073564 
 0.101535 -0.192705 0.091861 
 0.081002 -0.209917 0.120403 
 0.061645 -0.219013 0.138674 
 0.039553 -0.244183 0.177436 
 0.022677 -0.237096 0.175183 
 0.004433 -0.238047 0.183175 
 -0.012465 -0.230951 0.180920 
 -0.029362 -0.223854 0.178664 
 -0.046260 -0.216758 0.176409 
 -0.063157 -0.209662 0.174153 
 -0.080055 -0.202566 0.171897 
 -0.095458 -0.187486 0.159413 
 -0.112335 -0.180399 0.157161 
 -0.126138 -0.157378 0.134462 
 -0.142972 -0.150309 0.132215 
 -0.156648 -0.127342 0.109535 
 -0.176640 -0.136170 0.127721 
 -0.152940 0.069175 -0.129806 
 -0.169245 0.076022 -0.131983 
 -0.185550 0.082869 -0.134159 
 -0.198485 0.105525 -0.156742 
 -0.214747 0.112354 -0.158913 
 -0.231009 0.119183 -0.161083 
 -0.250769 0.110257 -0.142865 
 -0.267073 0.117104 -0.145042 
 -0.283378 0.123951 -0.147218 
 -0.303307 0.115096 -0.129024 
 -0.315987 0.137645 -0.151571 
 -0.332292 0.144492 -0.153748 
 0.370118 -0.254836 0.038552 
 0.356455 -0.223192 0.005467 
 0.340002 -0.216283 0.003271 
 0.321562 -0.225810 0.021650 
 0.309126 -0.186046 -0.021691 
 0.292715 -0.179155 -0.023882 
 0.276304 -0.172263 -0.026072 
 0.259894 -0.165372 -0.028263 
 0.243483 -0.158480 -0.030454 
 0.224832 -0.167918 -0.012103 
 0.208379 -0.161009 -0.014299 
 0.188437 -0.178540 0.014300 
 0.169552 -0.187880 0.032620 
 0.152993 -0.180927 0.030409 
 0.129076 -0.222694 0.089738 
 0.111143 -0.223798 0.097764 
 0.091898 -0.232987 0.116036 
 0.069989 -0.258328 0.154792 
 0.053155 -0.251259 0.152545 
 0.033656 -0.260341 0.170783 
 0.016779 -0.253254 0.168530 
 -0.000097 -0.246167 0.166277 
 -0.018369 -0.247128 0.174258 
 -0.035267 -0.240032 0.172003 
 -0.052164 -0.232936 0.169747 
 -0.069062 -0.225840 0.167491 
 -0.084479 -0.210731 0.155013 
 -0.101356 -0.203644 0.152760 
 -0.118232 -0.196557 0.150507 
 -0.132020 -0.173496 0.127826 
 -0.148854 -0.166426 0.125579 
 -0.162516 -0.143419 0.102915 
 -0.182523 -0.152288 0.121084 
 -0.158638 0.053564 -0.136234 
 -0.174942 0.060411 -0.138411 
 -0.187905 0.083126 -0.160982 
 -0.204167 0.089955 -0.163153 
 -0.220430 0.096784 -0.165324 
 -0.236692 0.103613 -0.167494 
 -0.256466 0.094647 -0.149293 
 -0.272771 0.101494 -0.151470 
 -0.289076 0.108341 -0.153646 
 -0.305380 0.115188 -0.155823 
 -0.321685 0.122035 -0.157999 
 -0.337990 0.128882 -0.160176 
 0.431265 -0.290092 0.030561 
 0.414770 -0.283165 0.028359 
 0.398275 -0.276238 0.026157 
 0.381779 -0.269311 0.023955 
 0.365284 -0.262384 0.021753 
 0.350706 -0.238945 -0.001019 
 0.334253 -0.232035 -0.003215 
 0.317800 -0.225126 -0.005412 
 0.301347 -0.218217 -0.007608 
 0.284894 -0.211307 -0.009804 
 0.268441 -0.204398 -0.012000 
 0.251988 -0.197489 -0.014197 
 0.235535 -0.190580 -0.016393 
 0.216826 -0.200040 0.001936 
 0.202629 -0.176761 -0.020786 
 0.180325 -0.210688 0.028302 
 0.163766 -0.203734 0.026092 
 0.142357 -0.229378 0.064885 
 0.122012 -0.246810 0.093408 
 0.102795 -0.256057 0.111668 
 0.080941 -0.281514 0.150403 
 0.064106 -0.274445 0.148156 
 0.044635 -0.283586 0.166383 
 0.027759 -0.276499 0.164130 
 0.010882 -0.269412 0.161877 
 -0.007376 -0.270402 0.169853 
 -0.022871 -0.255237 0.157371 
 -0.041171 -0.256210 0.165341 
 -0.056624 -0.241063 0.152866 
 -0.073500 -0.233976 0.150613 
 -0.090376 -0.226889 0.148360 
 -0.107253 -0.219802 0.146107 
 -0.124129 -0.212714 0.143854 
 -0.137903 -0.189613 0.121190 
 -0.151592 -0.166547 0.098537 
 -0.168383 -0.159496 0.096295 
 -0.185175 -0.152444 0.094054 
 -0.161063 0.053897 -0.163051 
 -0.177325 0.060726 -0.165222 
 -0.191909 0.075509 -0.177582 
 -0.208150 0.082330 -0.179750 
 -0.224391 0.089150 -0.181918 
 -0.242375 0.088044 -0.173905 
 -0.262164 0.079036 -0.155721 
 -0.278468 0.085883 -0.157897 
 -0.291162 0.108531 -0.180418 
 -0.311078 0.099577 -0.162250 
 -0.327382 0.106424 -0.164427 
 -0.343687 0.113271 -0.166604 
 0.425501 -0.305885 0.024058 
 0.409006 -0.298958 0.021856 
 0.394316 -0.275425 -0.000916 
 0.376015 -0.285104 0.017452 
 0.361410 -0.261606 -0.005309 
 0.344957 -0.254697 -0.007505 
 0.328504 -0.247788 -0.009701 
 0.312051 -0.240878 -0.011898 
 0.295598 -0.233969 -0.014094 
 0.279145 -0.227060 -0.016290 
 0.260548 -0.236614 0.002039 
 0.244053 -0.229687 -0.000163 
 0.229786 -0.206332 -0.022879 
 0.211062 -0.215833 -0.004567 
 0.193411 -0.217102 0.003482 
 0.176894 -0.210166 0.001277 
 0.155582 -0.235945 0.040055 
 0.136541 -0.245313 0.058324 
 0.113691 -0.279127 0.107301 
 0.094417 -0.288397 0.125540 
 0.075058 -0.297632 0.143767 
 0.058224 -0.290562 0.141519 
 0.038738 -0.299743 0.159730 
 0.021862 -0.292656 0.157477 
 0.004985 -0.285569 0.155224 
 -0.011891 -0.278482 0.152971 
 -0.028768 -0.271395 0.150718 
 -0.047076 -0.272389 0.158680 
 -0.062521 -0.257221 0.146213 
 -0.079397 -0.250133 0.143960 
 -0.096274 -0.243046 0.141707 
 -0.113150 -0.235959 0.139454 
 -0.123876 -0.196727 0.096400 
 -0.143785 -0.205730 0.114553 
 -0.160619 -0.198661 0.112306 
 -0.177453 -0.191591 0.110059 
 -0.194287 -0.184522 0.107812 
 -0.165102 0.046319 -0.179648 
 -0.181343 0.053139 -0.181816 
 -0.197584 0.059960 -0.183984 
 -0.213826 0.066780 -0.186152 
 -0.230067 0.073601 -0.188320 
 -0.246308 0.080421 -0.190488 
 -0.264320 0.079303 -0.182487 
 -0.280582 0.086132 -0.184658 
 -0.296844 0.092961 -0.186829 
 -0.313107 0.099791 -0.189000 
 -0.329369 0.106620 -0.191171 
 -0.345631 0.113449 -0.193342 
 0.419737 -0.321678 0.017555 
 0.405019 -0.298086 -0.005206 
 0.388566 -0.291177 -0.007402 
 0.370251 -0.300897 0.010949 
 0.355660 -0.277359 -0.011795 
 0.339207 -0.270449 -0.013991 
 0.322754 -0.263540 -0.016188 
 0.304270 -0.273189 0.002142 
 0.287775 -0.266262 -0.000060 
 0.271279 -0.259334 -0.002262 
 0.254784 -0.252407 -0.004464 
 0.238289 -0.245480 -0.006666 
 0.221794 -0.238553 -0.008868 
 0.204156 -0.239852 -0.000825 
 0.187639 -0.232916 -0.003029 
 0.164012 -0.275226 0.056206 
 0.147369 -0.268237 0.053984 
 0.128270 -0.277627 0.072231 
 0.111584 -0.270620 0.070004 
 0.091089 -0.288129 0.098462 
 0.071758 -0.297422 0.116679 
 0.052342 -0.306680 0.134883 
 0.035508 -0.299610 0.132636 
 0.015964 -0.308814 0.150824 
 -0.000912 -0.301727 0.148571 
 -0.017789 -0.294640 0.146318 
 -0.034665 -0.287553 0.144065 
 -0.051541 -0.280466 0.141812 
 -0.068418 -0.273378 0.139559 
 -0.085294 -0.266291 0.137307 
 -0.102171 -0.259204 0.135054 
 -0.115999 -0.235986 0.112411 
 -0.129743 -0.212804 0.089780 
 -0.146535 -0.205752 0.087539 
 -0.163327 -0.198700 0.085297 
 -0.180118 -0.191649 0.083056 
 -0.196910 -0.184597 0.080814 
 -0.170777 0.030769 -0.186051 
 -0.187018 0.037590 -0.188219 
 -0.203260 0.044410 -0.190387 
 -0.219501 0.051231 -0.192555 
 -0.232271 0.074004 -0.215056 
 -0.251983 0.064871 -0.196891 
 -0.270002 0.063733 -0.188899 
 -0.286265 0.070562 -0.191069 
 -0.300707 0.085332 -0.203395 
 -0.318789 0.084221 -0.195411 
 -0.335052 0.091050 -0.197582 
 -0.351314 0.097879 -0.199753 
 0.413973 -0.337471 0.011053 
 0.399270 -0.313839 -0.011692 
 0.382817 -0.306930 -0.013889 
 0.364487 -0.316690 0.004447 
 0.349911 -0.293111 -0.018281 
 0.333458 -0.286202 -0.020478 
 0.317005 -0.279292 -0.022674 
 0.300552 -0.272383 -0.024870 
 0.284099 -0.265474 -0.027066 
 0.267646 -0.258564 -0.029263 
 0.249020 -0.268200 -0.010967 
 0.232525 -0.261273 -0.013169 
 0.216030 -0.254346 -0.015371 
 0.198384 -0.255665 -0.007336 
 0.179525 -0.265203 0.010929 
 0.158196 -0.291161 0.049644 
 0.139125 -0.300610 0.067881 
 0.121205 -0.301813 0.075879 
 0.101985 -0.311200 0.094095 
 0.085236 -0.304166 0.091859 
 0.063293 -0.329866 0.130494 
 0.043820 -0.339146 0.148676 
 0.026943 -0.332059 0.146423 
 0.008705 -0.333129 0.154379 
 -0.008192 -0.326033 0.152124 
 -0.023686 -0.310798 0.139665 
 -0.040562 -0.303711 0.137412 
 -0.058885 -0.304745 0.145357 
 -0.074315 -0.289536 0.132906 
 -0.088214 -0.266242 0.110269 
 -0.105048 -0.259173 0.108022 
 -0.121882 -0.252103 0.105775 
 -0.135611 -0.228881 0.083160 
 -0.146108 -0.189557 0.040196 
 -0.162815 -0.182541 0.037965 
 -0.179522 -0.175525 0.035735 
 -0.196229 -0.168509 0.033505 
 -0.176453 0.015220 -0.192454 
 -0.192694 0.022040 -0.194622 
 -0.205534 0.044890 -0.217117 
 -0.221732 0.051692 -0.219279 
 -0.237931 0.058495 -0.221442 
 -0.254130 0.065298 -0.223604 
 -0.275685 0.048163 -0.195310 
 -0.290141 0.062962 -0.207630 
 -0.302727 0.085705 -0.230091 
 -0.318925 0.092508 -0.232254 
 -0.335124 0.099311 -0.234416 
 -0.351323 0.106113 -0.236579 
 0.408209 -0.353264 0.004550 
 0.393521 -0.329591 -0.018178 
 0.377068 -0.322682 -0.020375 
 0.360615 -0.315772 -0.022571 
 0.344162 -0.308863 -0.024767 
 0.329685 -0.285280 -0.047467 
 0.313275 -0.278388 -0.049657 
 0.294803 -0.288135 -0.031356 
 0.276247 -0.297847 -0.013066 
 0.261897 -0.274317 -0.035749 
 0.243256 -0.283993 -0.017470 
 0.226761 -0.277066 -0.019672 
 0.209129 -0.278414 -0.011642 
 0.190297 -0.288010 0.006611 
 0.169024 -0.314085 0.045305 
 0.152380 -0.307096 0.043083 
 0.133295 -0.316585 0.061303 
 0.115366 -0.317809 0.069293 
 0.098659 -0.310793 0.067063 
 0.079383 -0.320202 0.085256 
 0.060022 -0.329576 0.103439 
 0.040577 -0.338914 0.121610 
 0.021046 -0.348217 0.139770 
 0.004170 -0.341130 0.137517 
 -0.012707 -0.334043 0.135264 
 -0.029583 -0.326956 0.133012 
 -0.046459 -0.319869 0.130759 
 -0.063336 -0.312782 0.128506 
 -0.080212 -0.305694 0.126253 
 -0.094096 -0.282359 0.103633 
 -0.110930 -0.275290 0.101385 
 -0.121609 -0.235796 0.058426 
 -0.138359 -0.228763 0.056190 
 -0.151946 -0.205553 0.033609 
 -0.168653 -0.198537 0.031379 
 -0.185360 -0.191521 0.029149 
 -0.202067 -0.184505 0.026919 
 -0.182128 -0.000330 -0.198856 
 -0.198369 0.006491 -0.201024 
 -0.211194 0.029381 -0.223503 
 -0.227393 0.036183 -0.225665 
 -0.243592 0.042986 -0.227828 
 -0.259791 0.049789 -0.229990 
 -0.275989 0.056591 -0.232153 
 -0.295816 0.047413 -0.214033 
 -0.308387 0.070196 -0.236477 
 -0.324586 0.076999 -0.238640 
 -0.344540 0.067874 -0.220537 
 -0.360781 0.074694 -0.222705 
 -0.377022 0.081515 -0.224873 
 0.402445 -0.369057 -0.001953 
 0.385950 -0.362130 -0.004155 
 0.369454 -0.355203 -0.006357 
 0.354866 -0.331525 -0.029057 
 0.338413 -0.324616 -0.031254 
 0.323951 -0.300991 -0.053936 
 0.307540 -0.294100 -0.056127 
 0.289054 -0.303888 -0.037843 
 0.272601 -0.296978 -0.040039 
 0.256148 -0.290069 -0.042235 
 0.237492 -0.299786 -0.023973 
 0.220997 -0.292859 -0.026175 
 0.203358 -0.294227 -0.018153 
 0.184511 -0.303864 0.000083 
 0.167952 -0.296910 -0.002127 
 0.144150 -0.339568 0.056952 
 0.127464 -0.332561 0.054725 
 0.109529 -0.333804 0.062706 
 0.092822 -0.326788 0.060476 
 0.073531 -0.336238 0.078653 
 0.054155 -0.345653 0.096819 
 0.034694 -0.355031 0.114974 
 0.017860 -0.347962 0.112726 
 0.001026 -0.340893 0.110479 
 -0.015808 -0.333823 0.108232 
 -0.032642 -0.326754 0.105985 
 -0.052357 -0.336027 0.124106 
 -0.069233 -0.328939 0.121853 
 -0.086110 -0.321852 0.119600 
 -0.096971 -0.282189 0.076645 
 -0.116812 -0.291407 0.094749 
 -0.127462 -0.251833 0.051823 
 -0.144211 -0.244799 0.049587 
 -0.157784 -0.221548 0.027023 
 -0.174491 -0.214532 0.024793 
 -0.191198 -0.207516 0.022563 
 -0.200656 0.007069 -0.227727 
 -0.213423 0.029982 -0.250184 
 -0.229580 0.036767 -0.252341 
 -0.245736 0.043552 -0.254497 
 -0.261893 0.050336 -0.256654 
 -0.285250 0.025043 -0.218267 
 -0.301491 0.031863 -0.220435 
 -0.314047 0.054687 -0.242863 
 -0.330246 0.061490 -0.245026 
 -0.346445 0.068292 -0.247188 
 -0.366456 0.059145 -0.229108 
 -0.382697 0.065965 -0.231276 
 0.412300 -0.400208 0.003997 
 0.396681 -0.384850 -0.008456 
 0.380186 -0.377922 -0.010658 
 0.363690 -0.370995 -0.012860 
 0.349116 -0.347277 -0.035543 
 0.332663 -0.340368 -0.037740 
 0.318216 -0.316703 -0.060405 
 0.301806 -0.309812 -0.062596 
 0.283305 -0.319640 -0.044329 
 0.266852 -0.312731 -0.046525 
 0.250399 -0.305821 -0.048721 
 0.231728 -0.315579 -0.030476 
 0.215233 -0.308652 -0.032678 
 0.198737 -0.301725 -0.034880 
 0.181070 -0.303104 -0.026869 
 0.162166 -0.312764 -0.008655 
 0.140749 -0.338965 0.029961 
 0.121633 -0.348536 0.048147 
 0.103691 -0.349800 0.056120 
 0.086984 -0.342784 0.053890 
 0.067678 -0.352274 0.072050 
 0.050928 -0.345241 0.069814 
 0.028812 -0.371149 0.108337 
 0.009252 -0.380533 0.126464 
 -0.007625 -0.373446 0.124211 
 -0.024501 -0.366359 0.121958 
 -0.038524 -0.342871 0.099348 
 -0.058254 -0.352184 0.117452 
 -0.075130 -0.345097 0.115200 
 -0.089027 -0.321663 0.092607 
 -0.099816 -0.281937 0.049691 
 -0.116566 -0.274903 0.047455 
 -0.130208 -0.251576 0.024897 
 -0.146915 -0.244560 0.022667 
 -0.163622 -0.237544 0.020437 
 -0.180329 -0.230528 0.018206 
 -0.197036 -0.223512 0.015976 
 -0.202912 0.007729 -0.254396 
 -0.219069 0.014513 -0.256553 
 -0.235225 0.021298 -0.258710 
 -0.247852 0.044198 -0.281133 
 -0.267538 0.034868 -0.263023 
 -0.290925 0.009493 -0.224670 
 -0.307167 0.016313 -0.226838 
 -0.319708 0.039178 -0.249249 
 -0.339649 0.029954 -0.231174 
 -0.355890 0.036775 -0.233342 
 -0.372131 0.043595 -0.235510 
 -0.388373 0.050415 -0.237678 
 0.406529 -0.416021 -0.002514 
 0.390917 -0.400643 -0.014959 
 0.374422 -0.393716 -0.017161 
 0.357926 -0.386788 -0.019363 
 0.341431 -0.379862 -0.021565 
 0.324936 -0.372934 -0.023767 
 0.310461 -0.349211 -0.046422 
 0.296071 -0.325523 -0.069066 
 0.277555 -0.335392 -0.050815 
 0.263250 -0.311740 -0.073447 
 0.244649 -0.321574 -0.055207 
 0.225964 -0.331372 -0.036979 
 0.208331 -0.332789 -0.028971 
 0.191815 -0.325853 -0.031176 
 0.175299 -0.318918 -0.033381 
 0.156380 -0.328618 -0.015183 
 0.134933 -0.354900 0.023399 
 0.115803 -0.364511 0.041569 
 0.099117 -0.357504 0.039341 
 0.081146 -0.358780 0.047304 
 0.061825 -0.368311 0.065447 
 0.045076 -0.361277 0.063211 
 0.022930 -0.387266 0.101701 
 0.003355 -0.396691 0.119811 
 -0.013522 -0.389603 0.117558 
 -0.027573 -0.366058 0.094959 
 -0.044407 -0.358989 0.092712 
 -0.061241 -0.351919 0.090465 
 -0.078075 -0.344850 0.088218 
 -0.091914 -0.321394 0.065648 
 -0.105669 -0.297973 0.043088 
 -0.122418 -0.290939 0.040852 
 -0.136046 -0.267571 0.018311 
 -0.152753 -0.260555 0.016080 
 -0.167857 -0.245390 0.003703 
 -0.184543 -0.238383 0.001476 
 -0.201229 -0.231376 -0.000752 
 -0.217914 -0.224369 -0.002979 
 -0.208558 -0.007740 -0.260766 
 -0.221254 0.015236 -0.283183 
 -0.237368 0.022004 -0.285334 
 -0.253482 0.028770 -0.287485 
 -0.269597 0.035537 -0.289636 
 -0.292971 0.010064 -0.251311 
 -0.309170 0.016866 -0.253473 
 -0.325368 0.023669 -0.255635 
 -0.345324 0.014404 -0.237577 
 -0.361565 0.021225 -0.239745 
 0.398976 -0.448778 0.011446 
 0.382417 -0.441824 0.009235 
 0.367725 -0.417962 -0.013434 
 0.351208 -0.411026 -0.015639 
 0.335667 -0.395654 -0.028068 
 0.319172 -0.388727 -0.030270 
 0.304712 -0.364963 -0.052908 
 0.290337 -0.341235 -0.075535 
 0.273926 -0.334344 -0.077726 
 0.255353 -0.344235 -0.059497 
 0.238900 -0.337326 -0.061694 
 0.220200 -0.347165 -0.043481 
 0.203705 -0.340237 -0.045683 
 0.187210 -0.333310 -0.047885 
 0.169527 -0.334731 -0.039892 
 0.150594 -0.344471 -0.021711 
 0.129117 -0.370835 0.016838 
 0.109972 -0.380487 0.034991 
 0.092014 -0.381791 0.042947 
 0.075307 -0.374775 0.040717 
 0.055972 -0.384347 0.058844 
 0.039223 -0.377313 0.056608 
 0.017047 -0.403383 0.095064 
 0.000213 -0.396314 0.092817 
 -0.016621 -0.389245 0.090570 
 -0.033455 -0.382175 0.088323 
 -0.050289 -0.375106 0.086075 
 -0.067123 -0.368037 0.083828 
 -0.083957 -0.360967 0.081581 
 -0.097782 -0.337470 0.059028 
 -0.114574 -0.330419 0.056786 
 -0.128271 -0.306975 0.034249 
 -0.141884 -0.283567 0.011724 
 -0.158591 -0.276551 0.009494 
 -0.175298 -0.269535 0.007264 
 -0.190373 -0.254359 -0.005102 
 -0.207059 -0.247352 -0.007330 
 -0.223745 -0.240345 -0.009557 
 -0.194657 -0.013726 -0.285233 
 -0.210771 -0.006958 -0.287384 
 -0.226885 -0.000191 -0.289536 
 -0.242999 0.006576 -0.291687 
 -0.259113 0.013342 -0.293838 
 -0.275227 0.020109 -0.295989 
 -0.298631 -0.005445 -0.257697 
 -0.314830 0.001357 -0.259859 
 -0.327299 0.024285 -0.282232 
 -0.343456 0.031070 -0.284389 
 -0.367241 0.005675 -0.246148 
 0.393190 -0.464631 0.004918 
 0.376631 -0.457678 0.002707 
 0.361953 -0.433775 -0.019946 
 0.345437 -0.426839 -0.022150 
 0.329903 -0.411447 -0.034571 
 0.313408 -0.404520 -0.036773 
 0.298963 -0.380716 -0.059395 
 0.282510 -0.373806 -0.061591 
 0.268192 -0.350056 -0.084195 
 0.251781 -0.343164 -0.086386 
 0.235371 -0.336273 -0.088576 
 0.218960 -0.329381 -0.090767 
 0.197941 -0.356031 -0.052186 
 0.180272 -0.357480 -0.044198 
 0.163756 -0.350544 -0.046403 
 0.147239 -0.343608 -0.048608 
 0.120827 -0.403469 0.030640 
 0.104142 -0.396462 0.028413 
 0.086176 -0.397787 0.036361 
 0.069469 -0.390771 0.034131 
 0.050119 -0.400383 0.052241 
 0.030684 -0.409960 0.070340 
 0.013892 -0.402908 0.068099 
 -0.005669 -0.412431 0.086181 
 -0.022503 -0.405362 0.083933 
 -0.036483 -0.381754 0.061374 
 -0.053275 -0.374702 0.059132 
 -0.070066 -0.367650 0.056891 
 -0.086858 -0.360599 0.054649 
 -0.103650 -0.353547 0.052408 
 -0.117375 -0.330045 0.029882 
 -0.134124 -0.323011 0.027646 
 -0.147722 -0.299563 0.005138 
 -0.164429 -0.292547 0.002908 
 -0.181136 -0.285531 0.000677 
 -0.197843 -0.278515 -0.001553 
 -0.214550 -0.271499 -0.003783 
 -0.231257 -0.264483 -0.006013 
 -0.200287 -0.029154 -0.291586 
 -0.216402 -0.022387 -0.293737 
 -0.232516 -0.015620 -0.295888 
 -0.248630 -0.008852 -0.298039 
 -0.264744 -0.002086 -0.300190 
 -0.288093 -0.027757 -0.261921 
 -0.304292 -0.020955 -0.264083 
 -0.316788 0.002032 -0.286445 
 -0.329201 0.024982 -0.308795 
 -0.345315 0.031749 -0.310946 
 0.387404 -0.480485 -0.001610 
 0.370845 -0.473531 -0.003821 
 0.356182 -0.449589 -0.026457 
 0.339665 -0.442653 -0.028662 
 0.324139 -0.427240 -0.041074 
 0.307644 -0.420313 -0.043276 
 0.293214 -0.396468 -0.065881 
 0.276761 -0.389559 -0.068077 
 0.262458 -0.365767 -0.090665 
 0.246047 -0.358876 -0.092855 
 0.229636 -0.351984 -0.095046 
 0.208672 -0.378750 -0.056487 
 0.191017 -0.380229 -0.048505 
 0.174501 -0.373293 -0.050710 
 0.153176 -0.399908 -0.012199 
 0.134129 -0.409694 0.005937 
 0.114997 -0.419445 0.024062 
 0.098311 -0.412437 0.021835 
 0.080338 -0.413783 0.029775 
 0.063631 -0.406767 0.027544 
 0.044266 -0.416419 0.045638 
 0.024817 -0.426037 0.063720 
 0.008025 -0.418985 0.061479 
 -0.008767 -0.411933 0.059237 
 -0.028386 -0.421479 0.077297 
 -0.039481 -0.381250 0.034458 
 -0.056230 -0.374216 0.032223 
 -0.075934 -0.383727 0.050271 
 -0.092726 -0.376675 0.048030 
 -0.106478 -0.353115 0.025515 
 -0.123227 -0.346081 0.023279 
 -0.136853 -0.322575 0.000782 
 -0.153560 -0.315559 -0.001449 
 -0.170267 -0.308543 -0.003679 
 -0.186974 -0.301526 -0.005909 
 -0.203681 -0.294511 -0.008139 
 -0.218721 -0.279302 -0.020486 
 -0.235406 -0.272295 -0.022713 
 -0.205918 -0.044582 -0.297939 
 -0.222032 -0.037814 -0.300090 
 -0.238147 -0.031047 -0.302241 
 -0.254261 -0.024280 -0.304392 
 -0.270375 -0.017514 -0.306543 
 -0.290121 -0.027007 -0.288501 
 -0.306278 -0.020222 -0.290658 
 -0.322434 -0.013437 -0.292814 
 -0.334832 0.009554 -0.315147 
 -0.350946 0.016321 -0.317298 
 0.381617 -0.496339 -0.008138 
 0.365059 -0.489385 -0.010349 
 0.350410 -0.465402 -0.032968 
 0.333894 -0.458466 -0.035173 
 0.318375 -0.443033 -0.047576 
 0.301880 -0.436106 -0.049778 
 0.287464 -0.412220 -0.072367 
 0.271011 -0.405311 -0.074563 
 0.256723 -0.381479 -0.097134 
 0.240312 -0.374588 -0.099325 
 0.223902 -0.367696 -0.101516 
 0.202908 -0.394543 -0.062990 
 0.185246 -0.396042 -0.055016 
 0.166353 -0.405940 -0.036874 
 0.147375 -0.415802 -0.018743 
 0.128313 -0.425629 -0.000624 
 0.109166 -0.435420 0.017484 
 0.091207 -0.436794 0.025419 
 0.074500 -0.429778 0.023188 
 0.055163 -0.439489 0.041271 
 0.038414 -0.432455 0.039035 
 0.018949 -0.442113 0.057101 
 -0.000600 -0.451735 0.075155 
 -0.017434 -0.444666 0.072908 
 -0.034268 -0.437596 0.070660 
 -0.051102 -0.430527 0.068413 
 -0.062083 -0.390253 0.025619 
 -0.078832 -0.383219 0.023384 
 -0.092570 -0.359618 0.000886 
 -0.109277 -0.352602 -0.001344 
 -0.125984 -0.345586 -0.003574 
 -0.142691 -0.338570 -0.005805 
 -0.159398 -0.331554 -0.008035 
 -0.176105 -0.324538 -0.010265 
 -0.191180 -0.309292 -0.022609 
 -0.207865 -0.302285 -0.024836 
 -0.226226 -0.303490 -0.016956 
 -0.242933 -0.296474 -0.019186 
 -0.209832 -0.051815 -0.314394 
 -0.225925 -0.045057 -0.316542 
 -0.242018 -0.038299 -0.318690 
 -0.258111 -0.031541 -0.320839 
 -0.274204 -0.024783 -0.322987 
 -0.295767 -0.042475 -0.294870 
 -0.311923 -0.035690 -0.297027 
 -0.328080 -0.028906 -0.299184 
 -0.344236 -0.022121 -0.301340 
 -0.356576 0.000893 -0.323651 
 0.392390 -0.519147 -0.012456 
 0.375831 -0.512193 -0.014666 
 0.359272 -0.505239 -0.016877 
 0.344639 -0.481215 -0.039479 
 0.328122 -0.474279 -0.041684 
 0.312611 -0.458826 -0.054079 
 0.296116 -0.451899 -0.056281 
 0.281715 -0.427973 -0.078853 
 0.267399 -0.404082 -0.101413 
 0.250989 -0.397191 -0.103604 
 0.234578 -0.390299 -0.105794 
 0.218167 -0.383408 -0.107985 
 0.195991 -0.418791 -0.059322 
 0.179474 -0.411855 -0.061527 
 0.160566 -0.421794 -0.043402 
 0.141574 -0.431697 -0.025288 
 0.122497 -0.441564 -0.007186 
 0.103335 -0.451395 0.010906 
 0.085369 -0.452790 0.018832 
 0.066059 -0.462559 0.036903 
 0.049310 -0.455525 0.034668 
 0.029873 -0.465241 0.052722 
 0.013081 -0.458190 0.050481 
 -0.006483 -0.467853 0.068518 
 -0.020502 -0.444087 0.045998 
 -0.034437 -0.420356 0.023488 
 -0.051186 -0.413323 0.021252 
 -0.067936 -0.406289 0.019016 
 -0.084685 -0.399255 0.016781 
 -0.101435 -0.392221 0.014545 
 -0.118184 -0.385187 0.012309 
 -0.134933 -0.378154 0.010073 
 -0.148529 -0.354566 -0.012391 
 -0.163638 -0.339281 -0.024732 
 -0.181943 -0.340534 -0.016851 
 -0.198650 -0.333518 -0.019082 
 -0.213696 -0.318260 -0.031414 
 -0.232064 -0.319486 -0.023542 
 -0.248772 -0.312470 -0.025772 
 -0.215455 -0.067223 -0.320738 
 -0.231548 -0.060465 -0.322886 
 -0.247641 -0.053707 -0.325035 
 -0.263734 -0.046949 -0.327183 
 -0.279827 -0.040191 -0.329331 
 -0.295920 -0.033433 -0.331480 
 -0.312013 -0.026674 -0.333628 
 -0.329979 -0.028069 -0.325702 
 -0.346093 -0.021302 -0.327853 
 0.386604 -0.535000 -0.018984 
 0.370045 -0.528046 -0.021194 
 0.353486 -0.521093 -0.023404 
 0.338867 -0.497028 -0.045991 
 0.322351 -0.490092 -0.048196 
 0.306847 -0.474619 -0.060582 
 0.290352 -0.467692 -0.062784 
 0.275966 -0.443725 -0.085339 
 0.259513 -0.436816 -0.087536 
 0.243060 -0.429906 -0.089732 
 0.226607 -0.422997 -0.091928 
 0.210154 -0.416088 -0.094125 
 0.190219 -0.434604 -0.065834 
 0.171339 -0.444601 -0.047719 
 0.154780 -0.437648 -0.049930 
 0.133325 -0.464488 -0.011525 
 0.114191 -0.474378 0.006555 
 0.097505 -0.467371 0.004328 
 0.079531 -0.468785 0.012246 
 0.060207 -0.478595 0.030300 
 0.043457 -0.471561 0.028065 
 0.024005 -0.481318 0.046103 
 0.007214 -0.474267 0.043861 
 -0.009578 -0.467215 0.041620 
 -0.023540 -0.443426 0.019121 
 -0.040290 -0.436392 0.016885 
 -0.057039 -0.429359 0.014649 
 -0.073789 -0.422325 0.012413 
 -0.087539 -0.398625 -0.010056 
 -0.104246 -0.391609 -0.012287 
 -0.120953 -0.384593 -0.014517 
 -0.137660 -0.377577 -0.016747 
 -0.154367 -0.370561 -0.018977 
 -0.171074 -0.363545 -0.021208 
 -0.187781 -0.356529 -0.023438 
 -0.204488 -0.349513 -0.025668 
 -0.221195 -0.342497 -0.027898 
 -0.237902 -0.335481 -0.030128 
 -0.254610 -0.328465 -0.032359 
 -0.221079 -0.082631 -0.327082 
 -0.237171 -0.075872 -0.329231 
 -0.253264 -0.069114 -0.331379 
 -0.269357 -0.062356 -0.333527 
 -0.281816 -0.039199 -0.355825 
 -0.297867 -0.032459 -0.357968 
 -0.313918 -0.025719 -0.360111 
 -0.335610 -0.043497 -0.332054 
 -0.351724 -0.036730 -0.334205 
 0.380817 -0.550854 -0.025512 
 0.364259 -0.543900 -0.027722 
 0.349612 -0.519777 -0.050297 
 0.333096 -0.512841 -0.052502 
 0.316579 -0.505905 -0.054707 
 0.301083 -0.490412 -0.067085 
 0.284587 -0.483485 -0.069287 
 0.270216 -0.459478 -0.091826 
 0.253764 -0.452568 -0.094022 
 0.237311 -0.445659 -0.096218 
 0.220858 -0.438750 -0.098415 
 0.202111 -0.448849 -0.080297 
 0.184448 -0.450418 -0.072345 
 0.165553 -0.460455 -0.054247 
 0.146573 -0.470457 -0.036161 
 0.125046 -0.497360 0.002205 
 0.108360 -0.490353 -0.000023 
 0.090400 -0.491797 0.007890 
 0.073693 -0.484781 0.005659 
 0.054354 -0.494632 0.023697 
 0.037604 -0.487598 0.021461 
 0.018138 -0.497395 0.039483 
 0.001346 -0.490343 0.037241 
 -0.015446 -0.483292 0.035000 
 -0.029393 -0.459463 0.012518 
 -0.046143 -0.452429 0.010282 
 -0.059963 -0.428653 -0.012182 
 -0.079641 -0.438361 0.005810 
 -0.093377 -0.414621 -0.016643 
 -0.110084 -0.407605 -0.018873 
 -0.126791 -0.400589 -0.021103 
 -0.143498 -0.393573 -0.023334 
 -0.158614 -0.378239 -0.035661 
 -0.176912 -0.379541 -0.027794 
 -0.193619 -0.372525 -0.030024 
 -0.210327 -0.365509 -0.032254 
 -0.227033 -0.358493 -0.034485 
 -0.243741 -0.351477 -0.036715 
 -0.260448 -0.344461 -0.038945 
 -0.226702 -0.098038 -0.333427 
 -0.242795 -0.091280 -0.335575 
 -0.264234 -0.109235 -0.307508 
 -0.280391 -0.102450 -0.309664 
 -0.296547 -0.095665 -0.311821 
 -0.312704 -0.088881 -0.313978 
 -0.319526 -0.041086 -0.366438 
 -0.341241 -0.058925 -0.338407 
 -0.357355 -0.052158 -0.340558 
 0.375031 -0.566708 -0.032039 
 0.360358 -0.542526 -0.054604 
 0.343841 -0.535590 -0.056808 
 0.327325 -0.528654 -0.059013 
 0.310808 -0.521718 -0.061218 
 0.295319 -0.506205 -0.073588 
 0.278823 -0.499278 -0.075790 
 0.264467 -0.475230 -0.098312 
 0.248014 -0.468320 -0.100508 
 0.231562 -0.461411 -0.102704 
 0.215109 -0.454502 -0.104901 
 0.195193 -0.473167 -0.076651 
 0.176325 -0.483262 -0.058565 
 0.157373 -0.493322 -0.040490 
 0.140772 -0.486351 -0.042706 
 0.119215 -0.513336 -0.004373 
 0.102529 -0.506329 -0.006601 
 0.085843 -0.499321 -0.008828 
 0.067855 -0.500777 -0.000927 
 0.048501 -0.510668 0.017094 
 0.031752 -0.503634 0.014858 
 0.012270 -0.513472 0.032863 
 -0.004522 -0.506420 0.030622 
 -0.021313 -0.499369 0.028380 
 -0.035246 -0.475499 0.005915 
 -0.051995 -0.468465 0.003679 
 -0.065801 -0.444649 -0.018769 
 -0.085494 -0.454397 -0.000793 
 -0.099215 -0.430617 -0.023229 
 -0.115922 -0.423601 -0.025459 
 -0.132629 -0.416585 -0.027690 
 -0.152492 -0.426262 -0.009736 
 -0.164444 -0.394215 -0.042239 
 -0.182750 -0.395537 -0.034380 
 -0.202740 -0.405161 -0.016444 
 -0.216165 -0.381505 -0.038841 
 -0.232872 -0.374489 -0.041071 
 -0.249579 -0.367473 -0.043301 
 -0.266286 -0.360457 -0.045531 
 -0.286487 -0.369992 -0.027623 
 -0.310309 -0.396025 0.010407 
 -0.327144 -0.388956 0.008160 
 -0.286036 -0.117919 -0.316034 
 -0.302193 -0.111134 -0.318191 
 -0.318349 -0.104349 -0.320347 
 0.369245 -0.582561 -0.038567 
 0.354586 -0.558340 -0.061115 
 0.338069 -0.551404 -0.063320 
 0.321553 -0.544468 -0.065524 
 0.305036 -0.537532 -0.067729 
 0.289555 -0.521997 -0.080091 
 0.273059 -0.515070 -0.082293 
 0.258718 -0.490982 -0.104798 
 0.242265 -0.484073 -0.106994 
 0.225812 -0.477164 -0.109191 
 0.207078 -0.487362 -0.091101 
 0.189421 -0.488980 -0.083163 
 0.170539 -0.499116 -0.065093 
 0.151572 -0.509217 -0.047034 
 0.132521 -0.519282 -0.028988 
 0.113384 -0.529311 -0.010951 
 0.096699 -0.522304 -0.013179 
 0.078724 -0.523788 -0.005283 
 0.062017 -0.516772 -0.007513 
 0.042648 -0.526704 0.010491 
 0.025899 -0.519670 0.008255 
 0.009149 -0.512636 0.006019 
 -0.007600 -0.505602 0.003784 
 -0.027181 -0.515445 0.021760 
 -0.041099 -0.491535 -0.000688 
 -0.057848 -0.484501 -0.002924 
 -0.074598 -0.477467 -0.005160 
 -0.091347 -0.470433 -0.007396 
 -0.105053 -0.446612 -0.029816 
 -0.121760 -0.439596 -0.032046 
 -0.138467 -0.432580 -0.034276 
 -0.158344 -0.442298 -0.016339 
 -0.171881 -0.418548 -0.038736 
 -0.188588 -0.411532 -0.040967 
 -0.205296 -0.404516 -0.043197 
 -0.222003 -0.397500 -0.045427 
 -0.238710 -0.390484 -0.047657 
 -0.255417 -0.383468 -0.049888 
 -0.272124 -0.376452 -0.052118 
 -0.292340 -0.386028 -0.034226 
 -0.316192 -0.412142 0.003770 
 -0.325838 -0.371960 -0.038698 
 -0.342588 -0.364927 -0.040934 
 0.348815 -0.574153 -0.067626 
 0.332298 -0.567217 -0.069831 
 0.315782 -0.560281 -0.072036 
 0.299265 -0.553345 -0.074240 
 0.283791 -0.537791 -0.086594 
 0.267295 -0.530863 -0.088796 
 0.250800 -0.523936 -0.090998 
 0.236516 -0.499825 -0.113480 
 0.220063 -0.492916 -0.115677 
 0.201314 -0.503155 -0.097604 
 0.181312 -0.521924 -0.069410 
 0.162372 -0.532083 -0.051363 
 0.145771 -0.525111 -0.053579 
 0.126705 -0.535216 -0.035549 
 0.110062 -0.528227 -0.037771 
 0.090868 -0.538279 -0.019757 
 0.074182 -0.531272 -0.021984 
 0.056179 -0.532768 -0.014100 
 0.039472 -0.525752 -0.016330 
 0.022765 -0.518736 -0.018560 
 0.003296 -0.528673 -0.000584 
 -0.013453 -0.521639 -0.002820 
 -0.033049 -0.531522 0.015141 
 -0.046952 -0.507571 -0.007291 
 -0.063701 -0.500537 -0.009527 
 -0.080451 -0.493504 -0.011763 
 -0.097200 -0.486470 -0.013999 
 -0.110891 -0.462608 -0.036402 
 -0.130699 -0.472402 -0.018471 
 -0.147448 -0.465368 -0.020707 
 -0.161012 -0.441560 -0.043093 
 -0.177719 -0.434544 -0.045323 
 -0.194426 -0.427528 -0.047553 
 -0.211134 -0.420512 -0.049783 
 -0.227841 -0.413496 -0.052013 
 -0.244548 -0.406480 -0.054244 
 -0.261255 -0.399464 -0.056474 
 -0.277962 -0.392448 -0.058704 
 -0.298193 -0.402064 -0.040829 
 -0.322074 -0.428260 -0.002866 
 -0.331691 -0.387997 -0.045301 
 -0.348441 -0.380963 -0.047537 
 0.326527 -0.583030 -0.076342 
 0.310010 -0.576094 -0.078547 
 0.293494 -0.569158 -0.080752 
 0.276977 -0.562222 -0.082956 
 0.260461 -0.555286 -0.085161 
 0.245036 -0.539729 -0.097501 
 0.228541 -0.532802 -0.099703 
 0.212045 -0.525875 -0.101905 
 0.194395 -0.527542 -0.093980 
 0.175526 -0.537777 -0.075938 
 0.156571 -0.547976 -0.057907 
 0.137533 -0.558141 -0.039889 
 0.120889 -0.551151 -0.042110 
 0.101723 -0.561262 -0.024107 
 0.085037 -0.554255 -0.026335 
 0.068352 -0.547248 -0.028562 
 0.051666 -0.540241 -0.030790 
 0.033634 -0.541748 -0.022916 
 0.016927 -0.534732 -0.025147 
 0.000220 -0.527716 -0.027377 
 -0.019306 -0.537675 -0.009423 
 -0.038916 -0.547599 0.008521 
 -0.052805 -0.523607 -0.013894 
 -0.069554 -0.516573 -0.016130 
 -0.086303 -0.509540 -0.018366 
 -0.106083 -0.519392 -0.000445 
 -0.119802 -0.495472 -0.022838 
 -0.136552 -0.488438 -0.025074 
 -0.153301 -0.481404 -0.027310 
 -0.170050 -0.474371 -0.029545 
 -0.186800 -0.467337 -0.031781 
 -0.200264 -0.443524 -0.054139 
 -0.220298 -0.453269 -0.036253 
 -0.233679 -0.429492 -0.058600 
 -0.253797 -0.439202 -0.040725 
 -0.270547 -0.432168 -0.042961 
 -0.287296 -0.425134 -0.045197 
 -0.307584 -0.434773 -0.027344 
 -0.324376 -0.427722 -0.029585 
 -0.341168 -0.420670 -0.031827 
 -0.357959 -0.413619 -0.034068 
 0.320755 -0.598843 -0.082853 
 0.302210 -0.609261 -0.064782 
 0.285651 -0.602307 -0.066993 
 0.271206 -0.578035 -0.089468 
 0.252533 -0.588400 -0.071414 
 0.239272 -0.555522 -0.104004 
 0.222777 -0.548595 -0.106206 
 0.205140 -0.550291 -0.098287 
 0.186298 -0.560585 -0.080255 
 0.167372 -0.570842 -0.062236 
 0.150770 -0.563871 -0.064452 
 0.134169 -0.556899 -0.066668 
 0.115073 -0.567086 -0.048671 
 0.095893 -0.577237 -0.030685 
 0.079207 -0.570230 -0.032913 
 0.062521 -0.563223 -0.035140 
 0.044503 -0.564759 -0.027272 
 0.027796 -0.557743 -0.029503 
 0.011089 -0.550727 -0.031733 
 -0.008409 -0.560745 -0.013790 
 -0.025159 -0.553711 -0.016026 
 -0.044784 -0.563675 0.001901 
 -0.061576 -0.556624 -0.000340 
 -0.075407 -0.532610 -0.022733 
 -0.092156 -0.525576 -0.024969 
 -0.111951 -0.535469 -0.007065 
 -0.125655 -0.511508 -0.029441 
 -0.142404 -0.504474 -0.031677 
 -0.159154 -0.497441 -0.033913 
 -0.179118 -0.507263 -0.016031 
 -0.192653 -0.483373 -0.038384 
 -0.209402 -0.476339 -0.040620 
 -0.226151 -0.469305 -0.042856 
 -0.242901 -0.462272 -0.045092 
 -0.259650 -0.455238 -0.047328 
 -0.276400 -0.448204 -0.049564 
 -0.293149 -0.441170 -0.051800 
 -0.313452 -0.450850 -0.033963 
 -0.333839 -0.460494 -0.016139 
 -0.350673 -0.453425 -0.018386 
 -0.363827 -0.429695 -0.040688 
 0.294380 -0.642509 -0.051052 
 0.279865 -0.618161 -0.073521 
 0.263306 -0.611208 -0.075731 
 0.248918 -0.586913 -0.098184 
 0.232401 -0.579977 -0.100389 
 0.217013 -0.564388 -0.112708 
 0.199368 -0.566105 -0.104798 
 0.178172 -0.593708 -0.066565 
 0.159188 -0.603989 -0.048568 
 0.142545 -0.596999 -0.050789 
 0.125901 -0.590010 -0.053011 
 0.109258 -0.583021 -0.055233 
 0.090062 -0.593212 -0.037263 
 0.073376 -0.586205 -0.039491 
 0.056690 -0.579198 -0.041718 
 0.038665 -0.580755 -0.033859 
 0.021958 -0.573739 -0.036089 
 0.005251 -0.566723 -0.038319 
 -0.014262 -0.576781 -0.020393 
 -0.031011 -0.569747 -0.022629 
 -0.050652 -0.579752 -0.004719 
 -0.067443 -0.572700 -0.006960 
 -0.084235 -0.565649 -0.009202 
 -0.101027 -0.558597 -0.011443 
 -0.117818 -0.551546 -0.013685 
 -0.134610 -0.544494 -0.015926 
 -0.151402 -0.537443 -0.018168 
 -0.168194 -0.530391 -0.020409 
 -0.184985 -0.523339 -0.022651 
 -0.198505 -0.499409 -0.044988 
 -0.215255 -0.492376 -0.047223 
 -0.232004 -0.485342 -0.049459 
 -0.248753 -0.478308 -0.051695 
 -0.265503 -0.471274 -0.053931 
 -0.282252 -0.464240 -0.056167 
 -0.302528 -0.473978 -0.038342 
 -0.322888 -0.483681 -0.020528 
 -0.343333 -0.493348 -0.002726 
 -0.360209 -0.486261 -0.004978 
 0.288579 -0.658403 -0.057597 
 0.274078 -0.634015 -0.080049 
 0.257520 -0.627061 -0.082259 
 0.240961 -0.620107 -0.084470 
 0.226630 -0.595790 -0.106900 
 0.210114 -0.588854 -0.109105 
 0.191284 -0.599246 -0.091101 
 0.170016 -0.626913 -0.052907 
 0.153372 -0.619924 -0.055129 
 0.136729 -0.612934 -0.057351 
 0.120085 -0.605945 -0.059572 
 0.100917 -0.616195 -0.041614 
 0.084231 -0.609188 -0.043841 
 0.067545 -0.602181 -0.046069 
 0.049534 -0.603766 -0.038215 
 0.032827 -0.596750 -0.040445 
 0.016120 -0.589734 -0.042675 
 -0.000587 -0.582718 -0.044906 
 -0.020115 -0.592817 -0.026996 
 -0.036864 -0.585783 -0.029232 
 -0.056519 -0.595829 -0.011339 
 -0.073311 -0.588777 -0.013580 
 -0.090103 -0.581726 -0.015822 
 -0.106895 -0.574674 -0.018063 
 -0.126761 -0.584631 -0.000198 
 -0.143595 -0.577561 -0.002446 
 -0.160429 -0.570492 -0.004693 
 -0.174061 -0.546468 -0.027029 
 -0.190853 -0.539416 -0.029271 
 -0.207645 -0.532365 -0.031512 
 -0.224437 -0.525313 -0.033754 
 -0.241228 -0.518262 -0.035995 
 -0.258020 -0.511210 -0.038237 
 -0.274812 -0.504159 -0.040478 
 -0.295102 -0.513937 -0.022670 
 -0.315477 -0.523680 -0.004873 
 -0.334145 -0.524990 0.002893 
 -0.354668 -0.534671 0.020670 
 -0.371608 -0.527557 0.018409 
 0.282778 -0.674298 -0.064141 
 0.266177 -0.667326 -0.066357 
 0.249576 -0.660355 -0.068573 
 0.232974 -0.653383 -0.070789 
 0.216373 -0.646411 -0.073006 
 0.202057 -0.622054 -0.095418 
 0.180843 -0.649837 -0.057247 
 0.164200 -0.642848 -0.059469 
 0.145144 -0.653192 -0.041510 
 0.128458 -0.646185 -0.043737 
 0.111773 -0.639177 -0.045965 
 0.095087 -0.632170 -0.048192 
 0.078401 -0.625163 -0.050419 
 0.061715 -0.618156 -0.052647 
 0.045029 -0.611149 -0.054874 
 0.026989 -0.612746 -0.047032 
 0.010282 -0.605730 -0.049262 
 -0.006425 -0.598714 -0.051492 
 -0.025968 -0.608853 -0.033599 
 -0.042717 -0.601819 -0.035835 
 -0.062387 -0.611906 -0.017958 
 -0.079179 -0.604854 -0.020200 
 -0.092965 -0.580718 -0.042542 
 -0.115809 -0.607817 -0.004588 
 -0.132643 -0.600748 -0.006835 
 -0.149477 -0.593678 -0.009082 
 -0.166312 -0.586609 -0.011329 
 -0.179929 -0.562545 -0.033649 
 -0.196721 -0.555493 -0.035890 
 -0.213513 -0.548441 -0.038132 
 -0.230304 -0.541390 -0.040374 
 -0.247096 -0.534338 -0.042615 
 -0.263888 -0.527287 -0.044857 
 -0.280680 -0.520235 -0.047098 
 -0.300984 -0.530054 -0.029307 
 -0.321374 -0.539838 -0.011526 
 -0.340049 -0.541168 -0.003768 
 -0.360587 -0.550890 0.013992 
 -0.377527 -0.543776 0.011730 
 0.276977 -0.690192 -0.070686 
 0.260376 -0.683220 -0.072902 
 0.224958 -0.686740 -0.057143 
 0.210572 -0.662306 -0.079550 
 0.193971 -0.655334 -0.081766 
 0.177370 -0.648363 -0.083982 
 0.158384 -0.658783 -0.066030 
 0.141740 -0.651793 -0.068252 
 0.125097 -0.644804 -0.070473 
 0.108454 -0.637815 -0.072695 
 0.091810 -0.630825 -0.074917 
 0.072570 -0.641139 -0.056997 
 0.055884 -0.634132 -0.059225 
 0.037858 -0.635758 -0.051388 
 0.021151 -0.628742 -0.053618 
 0.004444 -0.621726 -0.055848 
 -0.015071 -0.631923 -0.037966 
 -0.031821 -0.624890 -0.040202 
 -0.048570 -0.617856 -0.042438 
 -0.068255 -0.627982 -0.024578 
 -0.085046 -0.620931 -0.026819 
 -0.101838 -0.613879 -0.029061 
 -0.121692 -0.623934 -0.011224 
 -0.138526 -0.616865 -0.013471 
 -0.155360 -0.609796 -0.015719 
 -0.172194 -0.602726 -0.017966 
 -0.185797 -0.578621 -0.040269 
 -0.202588 -0.571570 -0.042510 
 -0.219380 -0.564518 -0.044752 
 -0.236172 -0.557467 -0.046993 
 -0.256365 -0.567380 -0.029202 
 -0.273199 -0.560310 -0.031449 
 -0.290033 -0.553241 -0.033696 
 -0.310395 -0.563083 -0.015927 
 -0.329056 -0.564442 -0.008174 
 -0.345954 -0.557346 -0.010430 
 -0.362852 -0.550250 -0.012685 
 -0.383447 -0.559994 0.005052 
 0.237973 -0.692143 -0.081663 
 0.221372 -0.685172 -0.083879 
 0.204771 -0.678200 -0.086095 
 0.188170 -0.671228 -0.088311 
 0.169212 -0.681707 -0.070369 
 0.152568 -0.674717 -0.072591 
 0.135925 -0.667728 -0.074813 
 0.119281 -0.660739 -0.077035 
 0.102638 -0.653749 -0.079256 
 0.085994 -0.646760 -0.081478 
 0.066739 -0.657114 -0.063575 
 0.050054 -0.650107 -0.065803 
 0.032020 -0.651753 -0.057974 
 0.015313 -0.644737 -0.060204 
 -0.004175 -0.654993 -0.042333 
 -0.020924 -0.647959 -0.044569 
 -0.037673 -0.640926 -0.046805 
 -0.054423 -0.633892 -0.049041 
 -0.074122 -0.644059 -0.031198 
 -0.090914 -0.637007 -0.033439 
 -0.107706 -0.629956 -0.035681 
 -0.124497 -0.622904 -0.037922 
 -0.144408 -0.632982 -0.020108 
 -0.161242 -0.625913 -0.022355 
 -0.178076 -0.618844 -0.024602 
 -0.191664 -0.594698 -0.046888 
 -0.208456 -0.587646 -0.049130 
 -0.225248 -0.580595 -0.051371 
 -0.242040 -0.573543 -0.053613 
 -0.265663 -0.600502 -0.015821 
 -0.282539 -0.593415 -0.018074 
 -0.299416 -0.586328 -0.020327 
 -0.321606 -0.604668 0.007419 
 -0.338546 -0.597555 0.005158 
 -0.355486 -0.590441 0.002897 
 -0.368756 -0.566429 -0.019347 
 0.182369 -0.687123 -0.094856 
 0.165768 -0.680151 -0.097072 
 0.146752 -0.690652 -0.079152 
 0.130109 -0.683663 -0.081374 
 0.113465 -0.676674 -0.083596 
 0.096822 -0.669684 -0.085818 
 0.077595 -0.680096 -0.067926 
 0.060909 -0.673089 -0.070153 
 0.044223 -0.666082 -0.072381 
 0.026182 -0.667749 -0.064560 
 0.009475 -0.660733 -0.066791 
 -0.010027 -0.671029 -0.048936 
 -0.029615 -0.681290 -0.031093 
 -0.046406 -0.674239 -0.033334 
 -0.060276 -0.649928 -0.055644 
 -0.079990 -0.660136 -0.037817 
 -0.096781 -0.653084 -0.040059 
 -0.113573 -0.646033 -0.042300 
 -0.130365 -0.638981 -0.044542 
 -0.150291 -0.649100 -0.026744 
 -0.167125 -0.642030 -0.028991 
 -0.183959 -0.634961 -0.031239 
 -0.200793 -0.627892 -0.033486 
 -0.214324 -0.603723 -0.055750 
 -0.231115 -0.596671 -0.057991 
 -0.251295 -0.606683 -0.040227 
 -0.268129 -0.599614 -0.042475 
 -0.288436 -0.609573 -0.024727 
 -0.307071 -0.610991 -0.016986 
 -0.327526 -0.620887 0.000741 
 0.071764 -0.696072 -0.074504 
 0.055078 -0.689065 -0.076732 
 0.038392 -0.682058 -0.078959 
 0.020344 -0.683745 -0.071147 
 0.003637 -0.676729 -0.073377 
 -0.013070 -0.669713 -0.075607 
 -0.029777 -0.662697 -0.077837 
 -0.049379 -0.672998 -0.060011 
 -0.066128 -0.665964 -0.062247 
 -0.085858 -0.676213 -0.044437 
 -0.102649 -0.669161 -0.046679 
 -0.119441 -0.662110 -0.048920 
 -0.136233 -0.655058 -0.051162 
 -0.156173 -0.665217 -0.033381 
 -0.173007 -0.658148 -0.035628 
 -0.189841 -0.651078 -0.037875 
 -0.206675 -0.644009 -0.040122 
 -0.223510 -0.636940 -0.042369 
 -0.240344 -0.629870 -0.044617 
 -0.257178 -0.622801 -0.046864 
 -0.274012 -0.615731 -0.049111 
 -0.296078 -0.634265 -0.021392 
 -0.316505 -0.644220 -0.003676 
 -0.333445 -0.637106 -0.005937 
 -0.002201 -0.692724 -0.079963 
 -0.038483 -0.696068 -0.064378 
 -0.074933 -0.699341 -0.048816 
 -0.111553 -0.702542 -0.033276 
 -0.128387 -0.695473 -0.035523 
 -0.145221 -0.688404 -0.037770 
 -0.162056 -0.681334 -0.040017 
 -0.178890 -0.674265 -0.042264 
 -0.195724 -0.667195 -0.044512 
 -0.212558 -0.660126 -0.046759 
 -0.229392 -0.653057 -0.049006 
 -0.246226 -0.645987 -0.051253 
 -0.266478 -0.656063 -0.033528 
 -0.279894 -0.631849 -0.055747 
 -0.296728 -0.624779 -0.057995 
 -0.322424 -0.660438 -0.010354 
 -0.339364 -0.653324 -0.012615 
 -0.204870 -0.700569 -0.031170 
 -0.221746 -0.693482 -0.033423 
 -0.238622 -0.686395 -0.035675 
 -0.255499 -0.679308 -0.037928 
 -0.272375 -0.672221 -0.040181 
 -0.289252 -0.665134 -0.042434 
 -0.306128 -0.658047 -0.044687 
 -0.244520 -0.702553 -0.042329 
 -0.261396 -0.695466 -0.044581 
 -0.278273 -0.688379 -0.046834 
 -0.295149 -0.681292 -0.049087 
 -0.312025 -0.674204 -0.051340 
 -0.301046 -0.697449 -0.055740 
 