-0.175125 0.976881 -0.122613 
 -0.197508 0.965831 -0.091098 
 -0.220111 0.962683 -0.090868 
 -0.242714 0.959534 -0.090639 
 -0.034092 0.935252 0.023835 
 -0.057465 0.939985 -0.007193 
 -0.080483 0.940773 -0.022591 
 -0.103646 0.945536 -0.053621 
 -0.126861 0.954286 -0.100282 
 -0.149176 0.943188 -0.068791 
 -0.172295 0.955946 -0.131086 
 -0.194670 0.944840 -0.099594 
 -0.217274 0.941692 -0.099364 
 -0.239877 0.938543 -0.099135 
 0.060991 0.918835 0.045555 
 0.037309 0.923583 0.014552 
 0.014464 0.920401 0.014784 
 -0.008380 0.917219 0.015016 
 -0.031224 0.914037 0.015248 
 -0.054605 0.918826 -0.015756 
 -0.077627 0.919642 -0.031144 
 -0.100796 0.924461 -0.062151 
 -0.123668 0.925298 -0.077540 
 -0.146331 0.922141 -0.077310 
 -0.169230 0.926997 -0.108319 
 -0.191833 0.923849 -0.108090 
 -0.214436 0.920700 -0.107860 
 -0.237039 0.917552 -0.107631 
 0.110158 0.899961 0.052085 
 0.087223 0.896766 0.052318 
 0.064289 0.893572 0.052551 
 0.040962 0.894374 0.037178 
 0.018057 0.891183 0.037411 
 -0.004847 0.887993 0.037643 
 -0.028960 0.900840 -0.024552 
 -0.051744 0.897667 -0.024320 
 -0.074770 0.898511 -0.039696 
 -0.097947 0.903386 -0.070681 
 -0.120823 0.904251 -0.086058 
 -0.143486 0.901094 -0.085828 
 -0.166392 0.906006 -0.116815 
 -0.188995 0.902858 -0.116585 
 -0.211598 0.899709 -0.116356 
 -0.234201 0.896561 -0.116126 
 0.135972 0.881856 0.043232 
 0.113037 0.878662 0.043465 
 0.090103 0.875467 0.043697 
 0.066742 0.876293 0.028336 
 0.043837 0.873103 0.028569 
 0.020933 0.869912 0.028801 
 -0.001972 0.866722 0.029034 
 -0.025488 0.871606 -0.001925 
 -0.048884 0.876507 -0.032884 
 -0.071914 0.877380 -0.048249 
 -0.094667 0.874210 -0.048018 
 -0.117792 0.879149 -0.078980 
 -0.140485 0.875988 -0.078750 
 -0.163554 0.885015 -0.125311 
 -0.186157 0.881866 -0.125081 
 -0.208760 0.878718 -0.124852 
 -0.231364 0.875569 -0.124622 
 -0.253967 0.872421 -0.124393 
 0.139893 0.852485 0.065775 
 0.116898 0.849282 0.066008 
 0.092982 0.854168 0.035077 
 0.069617 0.855022 0.019727 
 0.046713 0.851831 0.019960 
 0.023808 0.848641 0.020192 
 0.000904 0.845451 0.020425 
 -0.022620 0.850391 -0.010511 
 -0.046024 0.855348 -0.041448 
 -0.069057 0.856248 -0.056801 
 -0.091811 0.853079 -0.056570 
 -0.114943 0.858074 -0.087510 
 -0.137636 0.854913 -0.087280 
 -0.160717 0.864024 -0.133807 
 -0.183122 0.852686 -0.102405 
 -0.205923 0.857727 -0.133348 
 -0.228526 0.854578 -0.133118 
 -0.251129 0.851430 -0.132889 
 0.142780 0.831130 0.057132 
 0.119785 0.827927 0.057365 
 0.095861 0.832869 0.026456 
 0.072493 0.833751 0.011118 
 0.049588 0.830560 0.011350 
 0.026684 0.827370 0.011583 
 0.003779 0.824179 0.011816 
 -0.020379 0.837363 -0.050243 
 -0.043163 0.834189 -0.050012 
 -0.065947 0.831015 -0.049781 
 -0.088954 0.831948 -0.065123 
 -0.111708 0.828778 -0.064892 
 -0.134462 0.825609 -0.064661 
 -0.157614 0.834795 -0.111154 
 -0.180277 0.831638 -0.110924 
 -0.202940 0.828482 -0.110694 
 -0.225604 0.825325 -0.110464 
 -0.248267 0.822168 -0.110233 
 0.145666 0.809775 0.048488 
 0.122672 0.806572 0.048722 
 0.098741 0.811570 0.017836 
 0.075806 0.808375 0.018069 
 0.052872 0.805180 0.018302 
 0.029559 0.806099 0.002974 
 0.006655 0.802908 0.003206 
 -0.016884 0.807961 -0.027684 
 -0.040303 0.813030 -0.058576 
 -0.063087 0.809856 -0.058344 
 -0.085871 0.806682 -0.058113 
 -0.108851 0.807647 -0.073444 
 -0.131605 0.804477 -0.073213 
 -0.154768 0.813748 -0.119672 
 -0.177325 0.806440 -0.103879 
 -0.200019 0.803279 -0.103649 
 -0.222712 0.800118 -0.103418 
 -0.245422 0.801121 -0.118752 
 0.148553 0.788420 0.039845 
 0.125558 0.785217 0.040079 
 0.102564 0.782014 0.040312 
 0.078685 0.787076 0.009448 
 0.055751 0.783881 0.009681 
 0.032816 0.780687 0.009914 
 0.009882 0.777492 0.010147 
 -0.014016 0.786746 -0.036271 
 -0.036860 0.783563 -0.036039 
 -0.060226 0.788697 -0.066908 
 -0.083010 0.785523 -0.066677 
 -0.105794 0.782350 -0.066446 
 -0.128578 0.779176 -0.066214 
 -0.151783 0.788526 -0.112639 
 -0.174476 0.785365 -0.112409 
 -0.197170 0.782204 -0.112178 
 -0.219863 0.779043 -0.111948 
 0.152512 0.758769 0.062276 
 0.129457 0.755557 0.062510 
 0.105450 0.760659 0.031669 
 0.082456 0.757456 0.031902 
 0.059461 0.754253 0.032136 
 0.035696 0.759387 0.001293 
 0.012761 0.756193 0.001526 
 -0.010499 0.757175 -0.013779 
 -0.033993 0.762348 -0.044626 
 -0.056837 0.759166 -0.044394 
 -0.079681 0.755984 -0.044162 
 -0.102934 0.761190 -0.075010 
 -0.125718 0.758017 -0.074778 
 -0.148646 0.759046 -0.090087 
 -0.171399 0.755876 -0.089856 
 -0.194153 0.752707 -0.089625 
 -0.216907 0.749537 -0.089394 
 0.157025 0.724830 0.100186 
 0.132351 0.734146 0.053844 
 0.109296 0.730935 0.054078 
 0.085342 0.736101 0.023259 
 0.062348 0.732898 0.023493 
 0.039353 0.729694 0.023726 
 0.016358 0.726491 0.023960 
 -0.007623 0.735904 -0.022389 
 -0.030528 0.732714 -0.022156 
 -0.053969 0.737951 -0.052980 
 -0.076813 0.734769 -0.052748 
 -0.099657 0.731587 -0.052516 
 -0.122857 0.736858 -0.083342 
 -0.145789 0.737914 -0.098640 
 -0.168543 0.734745 -0.098409 
 -0.191297 0.731576 -0.098178 
 -0.214050 0.728406 -0.097947 
 0.184224 0.698159 0.122279 
 0.161018 0.694927 0.122514 
 0.135246 0.712735 0.045178 
 0.111224 0.717949 0.014383 
 0.088229 0.714745 0.014616 
 0.065234 0.711542 0.014850 
 0.042240 0.708339 0.015083 
 0.019245 0.705136 0.015317 
 -0.004747 0.714633 -0.030998 
 -0.027652 0.711443 -0.030765 
 -0.050556 0.708252 -0.030533 
 -0.073461 0.705062 -0.030300 
 -0.096789 0.710372 -0.061103 
 -0.119633 0.707190 -0.060871 
 -0.142781 0.712525 -0.091675 
 -0.165565 0.709351 -0.091443 
 -0.188349 0.706177 -0.091212 
 -0.211010 0.694462 -0.059943 
 -0.233854 0.691279 -0.059711 
 0.187137 0.676608 0.113556 
 0.162290 0.686072 0.067283 
 0.138140 0.691324 0.036513 
 0.115085 0.688112 0.036747 
 0.091116 0.693390 0.005973 
 0.068121 0.690187 0.006206 
 0.045126 0.686984 0.006440 
 0.022132 0.683781 0.006673 
 -0.000863 0.680578 0.006907 
 -0.024470 0.685906 -0.023870 
 -0.047405 0.682711 -0.023637 
 -0.070340 0.679517 -0.023404 
 -0.093490 0.680600 -0.038677 
 -0.116394 0.677410 -0.038444 
 -0.139610 0.682793 -0.069226 
 -0.162454 0.679610 -0.068994 
 -0.185298 0.676428 -0.068762 
 -0.208142 0.673246 -0.068530 
 -0.230987 0.670064 -0.068298 
 0.188888 0.663569 0.073851 
 0.165192 0.664604 0.058595 
 0.141035 0.669913 0.027847 
 0.117979 0.666701 0.028081 
 0.094924 0.663490 0.028315 
 0.071869 0.660278 0.028549 
 0.048013 0.665629 -0.002203 
 0.025018 0.662426 -0.001970 
 0.002023 0.659223 -0.001736 
 -0.020971 0.656020 -0.001503 
 -0.044526 0.661412 -0.032257 
 -0.067460 0.658218 -0.032024 
 -0.090395 0.655023 -0.031792 
 -0.113330 0.651828 -0.031559 
 -0.136742 0.661577 -0.077812 
 -0.159586 0.658395 -0.077580 
 -0.182430 0.655213 -0.077348 
 -0.205274 0.652031 -0.077116 
 -0.228119 0.648849 -0.076884 
 0.216170 0.636738 0.095876 
 0.191794 0.642074 0.065151 
 0.168094 0.643137 0.049906 
 0.144978 0.639918 0.050141 
 0.120874 0.645290 0.019415 
 0.097819 0.642079 0.019649 
 0.075632 0.630258 0.050845 
 0.051708 0.635656 0.020117 
 0.028653 0.632444 0.020351 
 0.005598 0.629233 0.020585 
 -0.017457 0.626022 0.020819 
 -0.041079 0.631462 -0.009913 
 -0.064074 0.628259 -0.009679 
 -0.087516 0.633724 -0.040412 
 -0.110450 0.630529 -0.040179 
 -0.133548 0.631677 -0.055430 
 -0.156452 0.628486 -0.055198 
 -0.179562 0.633998 -0.085935 
 -0.202406 0.630816 -0.085703 
 -0.225251 0.627634 -0.085471 
 0.217845 0.623802 0.056217 
 0.194700 0.620578 0.056452 
 0.170996 0.621670 0.041218 
 0.147880 0.618450 0.041453 
 0.124765 0.615231 0.041687 
 0.101649 0.612011 0.041922 
 0.078534 0.608791 0.042157 
 0.055418 0.605571 0.042391 
 0.032303 0.602351 0.042626 
 0.009188 0.599131 0.042861 
 -0.013928 0.595912 0.043095 
 -0.037618 0.601399 0.012388 
 -0.061187 0.606904 -0.018322 
 -0.084182 0.603701 -0.018089 
 -0.107571 0.609230 -0.048800 
 -0.130672 0.610406 -0.064039 
 -0.153577 0.607215 -0.063807 
 -0.176694 0.612783 -0.094521 
 -0.199386 0.600834 -0.063342 
 -0.222290 0.597644 -0.063109 
 0.220751 0.602307 0.047517 
 0.197606 0.599083 0.047752 
 0.173898 0.600203 0.032529 
 0.150782 0.596983 0.032764 
 0.127667 0.593764 0.032999 
 0.104551 0.590544 0.033234 
 0.081436 0.587324 0.033468 
 0.058320 0.584104 0.033703 
 0.035205 0.580884 0.033938 
 0.012090 0.577664 0.034172 
 -0.011026 0.574444 0.034407 
 -0.034723 0.579988 0.003722 
 -0.057779 0.576777 0.003956 
 -0.081295 0.582345 -0.026732 
 -0.104290 0.579142 -0.026499 
 -0.127797 0.589135 -0.072649 
 -0.150701 0.585944 -0.072416 
 -0.173826 0.591568 -0.103108 
 -0.196510 0.579563 -0.071951 
 -0.219415 0.576373 -0.071718 
 0.269948 0.587261 0.038347 
 0.246803 0.584036 0.038582 
 0.223657 0.580812 0.038817 
 0.200511 0.577588 0.039052 
 0.176800 0.578736 0.023841 
 0.153684 0.575516 0.024076 
 0.131075 0.567916 0.039757 
 0.107453 0.569077 0.024545 
 0.084783 0.561468 0.040227 
 0.061222 0.562637 0.025014 
 0.038492 0.555020 0.040697 
 0.015347 0.551796 0.040932 
 -0.007799 0.548572 0.041167 
 -0.031239 0.549758 0.025953 
 -0.054355 0.546538 0.026188 
 -0.078409 0.560990 -0.035375 
 -0.101403 0.557787 -0.035142 
 -0.124921 0.567864 -0.081258 
 -0.147826 0.564673 -0.081025 
 -0.170730 0.561483 -0.080793 
 -0.193635 0.558292 -0.080560 
 -0.216539 0.555102 -0.080328 
 0.319145 0.572213 0.029177 
 0.296000 0.568989 0.029412 
 0.272854 0.565765 0.029647 
 0.249708 0.562541 0.029882 
 0.226563 0.559317 0.030117 
 0.203417 0.556093 0.030352 
 0.179702 0.557269 0.015153 
 0.156586 0.554049 0.015387 
 0.133980 0.546421 0.031057 
 0.110835 0.543197 0.031292 
 0.087689 0.539973 0.031527 
 0.064544 0.536749 0.031762 
 0.041398 0.533525 0.031997 
 0.018252 0.530301 0.032232 
 -0.004893 0.527077 0.032467 
 -0.028337 0.528291 0.017265 
 -0.051453 0.525071 0.017499 
 -0.075045 0.530743 -0.013142 
 -0.098517 0.536432 -0.043785 
 -0.121868 0.542138 -0.074428 
 -0.144950 0.543402 -0.089634 
 -0.167855 0.540211 -0.089402 
 -0.190759 0.537021 -0.089169 
 -0.213664 0.533831 -0.088937 
 0.346766 0.545145 0.051085 
 0.322051 0.550718 0.020477 
 0.298905 0.547494 0.020712 
 0.275760 0.544270 0.020947 
 0.252614 0.541046 0.021182 
 0.229469 0.537822 0.021417 
 0.206323 0.534598 0.021652 
 0.182604 0.535802 0.006464 
 0.160032 0.528150 0.022122 
 0.136886 0.524926 0.022357 
 0.113741 0.521702 0.022592 
 0.090595 0.518478 0.022827 
 0.067449 0.515254 0.023062 
 0.044304 0.512030 0.023297 
 0.021158 0.508806 0.023532 
 -0.001987 0.505582 0.023767 
 -0.025435 0.506823 0.008576 
 -0.048551 0.503604 0.008811 
 -0.072150 0.509332 -0.021807 
 -0.095630 0.515077 -0.052428 
 -0.118988 0.520839 -0.083049 
 -0.141923 0.517644 -0.082816 
 -0.164858 0.514449 -0.082583 
 -0.187792 0.511255 -0.082350 
 -0.210727 0.508060 -0.082118 
 0.372885 0.526827 0.042127 
 0.349679 0.523594 0.042363 
 0.324957 0.529223 0.011778 
 0.301811 0.525999 0.012013 
 0.278666 0.522775 0.012248 
 0.255520 0.519551 0.012483 
 0.232374 0.516327 0.012718 
 0.209229 0.513103 0.012953 
 0.186083 0.509879 0.013187 
 0.164032 0.497735 0.044248 
 0.140826 0.494502 0.044483 
 0.117621 0.491270 0.044719 
 0.094415 0.488038 0.044954 
 0.071209 0.484805 0.045190 
 0.048003 0.481573 0.045426 
 0.024797 0.478340 0.045661 
 0.000918 0.484087 0.015067 
 -0.022227 0.480863 0.015302 
 -0.045373 0.477639 0.015537 
 -0.068764 0.478917 0.000357 
 -0.091880 0.475697 0.000592 
 -0.116109 0.499540 -0.091669 
 -0.139044 0.496345 -0.091437 
 -0.161978 0.493150 -0.091204 
 -0.184913 0.489956 -0.090971 
 -0.207847 0.486761 -0.090738 
 0.375798 0.505276 0.033405 
 0.352593 0.502043 0.033640 
 0.327863 0.507728 0.003078 
 0.304717 0.504504 0.003313 
 0.282975 0.492346 0.034347 
 0.258426 0.498056 0.003783 
 0.236563 0.485881 0.034818 
 0.212135 0.491608 0.004253 
 0.190151 0.479416 0.035290 
 0.166946 0.476184 0.035525 
 0.143740 0.472951 0.035761 
 0.120534 0.469719 0.035996 
 0.097328 0.466486 0.036232 
 0.074122 0.463254 0.036468 
 0.050916 0.460022 0.036703 
 0.027710 0.456789 0.036939 
 0.003824 0.462592 0.006368 
 -0.019321 0.459368 0.006603 
 -0.042467 0.456144 0.006838 
 -0.065612 0.452920 0.007073 
 -0.088978 0.454230 -0.008097 
 -0.112472 0.460087 -0.038671 
 -0.135527 0.456875 -0.038437 
 -0.158582 0.453664 -0.038203 
 -0.181637 0.450452 -0.037969 
 -0.204693 0.447241 -0.037735 
 0.378712 0.483725 0.024682 
 0.355506 0.480492 0.024918 
 0.332300 0.477260 0.025153 
 0.309094 0.474027 0.025389 
 0.285888 0.470795 0.025625 
 0.261332 0.476561 -0.004917 
 0.239477 0.464330 0.026096 
 0.216271 0.461098 0.026331 
 0.193065 0.457865 0.026567 
 0.169859 0.454633 0.026803 
 0.146653 0.451400 0.027038 
 0.123447 0.448168 0.027274 
 0.100241 0.444935 0.027509 
 0.077036 0.441703 0.027745 
 0.053830 0.438471 0.027981 
 0.030624 0.435238 0.028216 
 0.007418 0.432006 0.028452 
 -0.016415 0.437873 -0.002097 
 -0.039561 0.434649 -0.001862 
 -0.062707 0.431425 -0.001627 
 -0.085852 0.428201 -0.001392 
 -0.109191 0.429543 -0.016550 
 -0.132306 0.426323 -0.016316 
 -0.155422 0.423103 -0.016081 
 -0.178537 0.419883 -0.015846 
 -0.201653 0.416664 -0.015612 
 0.381625 0.462174 0.015960 
 0.358419 0.458941 0.016195 
 0.335213 0.455709 0.016431 
 0.312008 0.452476 0.016667 
 0.288802 0.449244 0.016902 
 0.265596 0.446011 0.017138 
 0.242390 0.442779 0.017373 
 0.219184 0.439547 0.017609 
 0.195978 0.436314 0.017845 
 0.172772 0.433082 0.018080 
 0.149566 0.429849 0.018316 
 0.126361 0.426617 0.018551 
 0.103155 0.423384 0.018787 
 0.079949 0.420152 0.019023 
 0.056743 0.416920 0.019258 
 0.033537 0.413687 0.019494 
 0.010331 0.410455 0.019729 
 -0.012875 0.407222 0.019965 
 -0.036080 0.403990 0.020201 
 -0.059286 0.400757 0.020436 
 -0.082946 0.406705 -0.010092 
 -0.106289 0.408076 -0.025239 
 -0.129238 0.400257 -0.009622 
 -0.152383 0.397033 -0.009387 
 -0.175529 0.393809 -0.009152 
 -0.198751 0.395196 -0.024300 
 0.384538 0.440623 0.007237 
 0.361333 0.437390 0.007473 
 0.338127 0.434158 0.007709 
 0.314921 0.430925 0.007944 
 0.291715 0.427693 0.008180 
 0.268509 0.424460 0.008415 
 0.245303 0.421228 0.008651 
 0.222097 0.417996 0.008887 
 0.198892 0.414763 0.009122 
 0.175686 0.411531 0.009358 
 0.152480 0.408298 0.009593 
 0.129274 0.405066 0.009829 
 0.106068 0.401833 0.010065 
 0.082862 0.398601 0.010300 
 0.059656 0.395368 0.010536 
 0.036451 0.392136 0.010771 
 0.013245 0.388904 0.011007 
 -0.009961 0.385671 0.011243 
 -0.033167 0.382439 0.011478 
 -0.056373 0.379206 0.011714 
 -0.079579 0.375974 0.011949 
 -0.103186 0.381986 -0.018557 
 -0.126332 0.378762 -0.018322 
 -0.149196 0.366277 0.012656 
 -0.172402 0.363044 0.012892 
 -0.334340 0.363739 -0.062328 
 -0.357395 0.360527 -0.062094 
 -0.380451 0.357316 -0.061860 
 -0.403888 0.344751 -0.030877 
 -0.427003 0.341531 -0.030642 
 0.387452 0.419071 -0.001485 
 0.364246 0.415839 -0.001250 
 0.341040 0.412607 -0.001014 
 0.317834 0.409374 -0.000778 
 0.294628 0.406142 -0.000543 
 0.271423 0.402909 -0.000307 
 0.248217 0.399677 -0.000072 
 0.226264 0.387261 0.030874 
 0.202998 0.384021 0.031110 
 0.179732 0.380780 0.031346 
 0.156465 0.377539 0.031582 
 0.133199 0.374298 0.031819 
 0.109933 0.371057 0.032055 
 0.086667 0.367816 0.032291 
 0.063401 0.364576 0.032527 
 0.039364 0.370585 0.002049 
 0.016869 0.358094 0.033000 
 -0.007048 0.364120 0.002520 
 -0.030254 0.360888 0.002756 
 -0.053459 0.357655 0.002991 
 -0.076665 0.354423 0.003227 
 -0.100280 0.360491 -0.027257 
 -0.123077 0.347958 0.003698 
 -0.146283 0.344725 0.003934 
 -0.169489 0.341493 0.004169 
 -0.308524 0.336163 -0.040504 
 -0.331639 0.332943 -0.040269 
 -0.354755 0.329723 -0.040034 
 -0.377870 0.326504 -0.039800 
 -0.400986 0.323284 -0.039565 
 -0.424101 0.320064 -0.039330 
 -0.447217 0.316844 -0.039096 
 0.410957 0.414511 -0.056467 
 0.390365 0.397521 -0.010208 
 0.367159 0.394288 -0.009972 
 0.343954 0.391056 -0.009736 
 0.320748 0.387823 -0.009501 
 0.297542 0.384591 -0.009265 
 0.274336 0.381358 -0.009030 
 0.251130 0.378126 -0.008794 
 0.229185 0.365654 0.022129 
 0.205919 0.362414 0.022365 
 0.182652 0.359173 0.022601 
 0.159386 0.355932 0.022837 
 0.136120 0.352691 0.023074 
 0.112854 0.349450 0.023310 
 0.089588 0.346209 0.023546 
 0.066322 0.342969 0.023782 
 0.043056 0.339728 0.024018 
 0.019789 0.336487 0.024255 
 -0.003477 0.333246 0.024491 
 -0.026743 0.330005 0.024727 
 -0.050009 0.326764 0.024963 
 -0.073275 0.323524 0.025199 
 -0.096958 0.329639 -0.005260 
 -0.119629 0.312359 0.041021 
 -0.143073 0.313801 0.025908 
 -0.166222 0.305869 0.041494 
 -0.189518 0.302624 0.041731 
 -0.305622 0.314696 -0.049192 
 -0.328737 0.311476 -0.048958 
 -0.351853 0.308256 -0.048723 
 -0.374968 0.305036 -0.048488 
 -0.398084 0.301817 -0.048254 
 -0.421199 0.298597 -0.048019 
 -0.444315 0.295377 -0.047784 
 0.416484 0.379202 -0.019166 
 0.393279 0.375969 -0.018930 
 0.370073 0.372737 -0.018694 
 0.346867 0.369505 -0.018459 
 0.323661 0.366272 -0.018223 
 0.300455 0.363040 -0.017988 
 0.277249 0.359807 -0.017752 
 0.254043 0.356575 -0.017516 
 0.232106 0.344047 0.013384 
 0.208840 0.340807 0.013620 
 0.185573 0.337566 0.013856 
 0.162307 0.334325 0.014092 
 0.139041 0.331084 0.014328 
 0.115775 0.327843 0.014565 
 0.092509 0.324602 0.014801 
 0.069243 0.321362 0.015037 
 0.045977 0.318121 0.015273 
 0.023073 0.310194 0.030845 
 -0.000223 0.306949 0.031082 
 -0.023519 0.303704 0.031319 
 -0.046816 0.300459 0.031555 
 -0.070112 0.297214 0.031792 
 -0.093408 0.293969 0.032028 
 -0.116340 0.281303 0.062938 
 -0.140001 0.287479 0.032501 
 -0.163297 0.284234 0.032738 
 -0.186593 0.280989 0.032974 
 -0.279605 0.296449 -0.058115 
 -0.302720 0.293229 -0.057881 
 -0.325835 0.290009 -0.057646 
 -0.348951 0.286789 -0.057411 
 -0.372066 0.283569 -0.057177 
 -0.395182 0.280349 -0.056942 
 -0.418297 0.277130 -0.056707 
 -0.441413 0.273910 -0.056473 
 -0.464528 0.270690 -0.056238 
 0.419398 0.357651 -0.027888 
 0.396192 0.354418 -0.027653 
 0.372986 0.351186 -0.027417 
 0.349780 0.347954 -0.027181 
 0.328091 0.335404 0.003694 
 0.303369 0.341489 -0.026710 
 0.281559 0.328922 0.004166 
 0.258293 0.325681 0.004402 
 0.235027 0.322440 0.004638 
 0.212368 0.314519 0.020197 
 0.189072 0.311274 0.020433 
 0.165776 0.308029 0.020670 
 0.142479 0.304784 0.020906 
 0.119183 0.301539 0.021143 
 0.096801 0.288893 0.052025 
 0.073444 0.285639 0.052262 
 0.050088 0.282386 0.052499 
 0.026731 0.279133 0.052736 
 0.003375 0.275879 0.052974 
 -0.019982 0.272626 0.053211 
 -0.043338 0.269372 0.053448 
 -0.066695 0.266119 0.053685 
 -0.090052 0.262866 0.053922 
 -0.113408 0.259612 0.054159 
 -0.137076 0.265844 0.023745 
 -0.160372 0.262599 0.023981 
 -0.183668 0.259354 0.024218 
 -0.206965 0.256109 0.024454 
 -0.253582 0.273438 -0.051711 
 -0.276728 0.270214 -0.051476 
 -0.299818 0.271762 -0.066569 
 -0.322933 0.268542 -0.066335 
 -0.346049 0.265322 -0.066100 
 -0.369164 0.262102 -0.065865 
 -0.392280 0.258883 -0.065631 
 -0.415395 0.255663 -0.065396 
 -0.438511 0.252443 -0.065161 
 -0.461626 0.249223 -0.064926 
 0.422311 0.336100 -0.036611 
 0.399105 0.332867 -0.036375 
 0.375899 0.329635 -0.036139 
 0.352694 0.326403 -0.035904 
 0.331012 0.313797 -0.005051 
 0.306282 0.319938 -0.035433 
 0.284480 0.307315 -0.004579 
 0.261214 0.304074 -0.004343 
 0.238589 0.296129 0.011204 
 0.215293 0.292884 0.011440 
 0.191997 0.289639 0.011677 
 0.168700 0.286394 0.011913 
 0.146446 0.273709 0.042772 
 0.123090 0.270455 0.043009 
 0.099733 0.267202 0.043246 
 0.076377 0.263949 0.043483 
 0.053020 0.260695 0.043720 
 0.030404 0.247959 0.074582 
 0.006987 0.244697 0.074820 
 -0.016429 0.241435 0.075057 
 -0.039846 0.238174 0.075295 
 -0.063263 0.234912 0.075533 
 -0.086680 0.231650 0.075771 
 -0.110097 0.228388 0.076008 
 -0.134151 0.244209 0.014988 
 -0.157447 0.240964 0.015225 
 -0.181239 0.261615 -0.061116 
 -0.204385 0.258391 -0.060881 
 -0.227531 0.255167 -0.060646 
 -0.250676 0.251943 -0.060411 
 -0.273800 0.253515 -0.075492 
 -0.296916 0.250295 -0.075258 
 -0.320031 0.247075 -0.075023 
 -0.343147 0.243855 -0.074788 
 -0.366262 0.240635 -0.074554 
 -0.389378 0.237415 -0.074319 
 -0.412493 0.234196 -0.074084 
 -0.435609 0.230976 -0.073850 
 -0.458724 0.227756 -0.073615 
 -0.482717 0.210035 -0.027422 
 -0.505923 0.206802 -0.027187 
 0.425225 0.314549 -0.045333 
 0.402019 0.311316 -0.045097 
 0.378813 0.308084 -0.044862 
 0.355607 0.304851 -0.044626 
 0.333933 0.292190 -0.013797 
 0.309195 0.298387 -0.044155 
 0.287401 0.285708 -0.013324 
 0.264135 0.282467 -0.013088 
 0.241514 0.274495 0.002447 
 0.218218 0.271249 0.002684 
 0.196092 0.258525 0.033518 
 0.172735 0.255271 0.033755 
 0.149379 0.252018 0.033993 
 0.126022 0.248764 0.034230 
 0.103595 0.235998 0.065067 
 0.080178 0.232736 0.065305 
 0.056761 0.229474 0.065542 
 0.034092 0.216673 0.096383 
 0.010615 0.213403 0.096621 
 -0.012862 0.210133 0.096860 
 -0.036339 0.206863 0.097098 
 -0.059816 0.203592 0.097337 
 -0.083740 0.209903 0.066969 
 -0.107157 0.206641 0.067207 
 -0.130900 0.212977 0.036838 
 -0.154257 0.209723 0.037075 
 -0.178437 0.244927 -0.085120 
 -0.201552 0.241707 -0.084885 
 -0.224668 0.238487 -0.084650 
 -0.247783 0.235267 -0.084416 
 -0.270898 0.232048 -0.084181 
 -0.294014 0.228828 -0.083946 
 -0.317129 0.225608 -0.083712 
 -0.340353 0.217552 -0.068171 
 -0.363498 0.214328 -0.067936 
 -0.386644 0.211104 -0.067701 
 -0.409790 0.207880 -0.067466 
 -0.432935 0.204655 -0.067231 
 -0.457116 0.182001 -0.005765 
 -0.480382 0.178761 -0.005529 
 -0.503010 0.185251 -0.035909 
 -0.526216 0.182019 -0.035673 
 0.428138 0.292998 -0.054056 
 0.406652 0.280305 -0.023250 
 0.383386 0.277064 -0.023014 
 0.358520 0.283300 -0.053349 
 0.336854 0.270583 -0.022542 
 0.313588 0.267342 -0.022306 
 0.290322 0.264101 -0.022069 
 0.267056 0.260860 -0.021833 
 0.244439 0.252859 -0.006309 
 0.221142 0.249614 -0.006072 
 0.199024 0.236834 0.024739 
 0.176785 0.224036 0.055552 
 0.153368 0.220774 0.055790 
 0.129951 0.217512 0.056028 
 0.107471 0.204681 0.086844 
 0.083994 0.201411 0.087082 
 0.060517 0.198141 0.087320 
 0.037040 0.194870 0.087559 
 0.013911 0.186799 0.103087 
 -0.009597 0.183524 0.103326 
 -0.033391 0.185060 0.088274 
 -0.056868 0.181789 0.088512 
 -0.080346 0.178519 0.088750 
 -0.104217 0.184894 0.058405 
 -0.127968 0.191286 0.028059 
 -0.151324 0.188032 0.028296 
 -0.175535 0.223460 -0.093808 
 -0.198650 0.220240 -0.093573 
 -0.221766 0.217020 -0.093339 
 -0.244881 0.213800 -0.093104 
 -0.267996 0.210581 -0.092869 
 -0.291112 0.207361 -0.092635 
 -0.314227 0.204141 -0.092400 
 -0.337447 0.196057 -0.076871 
 -0.360593 0.192833 -0.076636 
 -0.383738 0.189608 -0.076401 
 -0.407662 0.166876 -0.014983 
 -0.430929 0.163635 -0.014747 
 -0.454195 0.160394 -0.014510 
 -0.477461 0.157154 -0.014274 
 -0.500097 0.163700 -0.044631 
 -0.523302 0.160468 -0.044396 
 0.409573 0.258698 -0.031996 
 0.388809 0.241170 0.014063 
 0.363041 0.252216 -0.031523 
 0.340548 0.244205 -0.016012 
 0.316509 0.245735 -0.031051 
 0.295382 0.228156 0.015012 
 0.272026 0.224903 0.015249 
 0.248669 0.221650 0.015486 
 0.225313 0.218396 0.015723 
 0.203142 0.205551 0.046513 
 0.180850 0.192689 0.077304 
 0.157373 0.189418 0.077543 
 0.133896 0.186148 0.077781 
 0.110891 0.178065 0.093297 
 0.087384 0.174791 0.093535 
 0.064700 0.161874 0.124331 
 0.041133 0.158591 0.124570 
 0.017565 0.155308 0.124810 
 -0.006002 0.152026 0.125049 
 -0.029570 0.148743 0.125288 
 -0.053137 0.145460 0.125527 
 -0.077398 0.156716 0.079926 
 -0.100875 0.153446 0.080164 
 -0.125035 0.169595 0.019280 
 -0.148392 0.166341 0.019517 
 -0.218864 0.195553 -0.102027 
 -0.242019 0.202084 -0.132357 
 -0.265094 0.189113 -0.101558 
 -0.288210 0.185894 -0.101323 
 -0.311396 0.177786 -0.085805 
 -0.334541 0.174561 -0.085571 
 -0.357687 0.171337 -0.085336 
 -0.380832 0.168113 -0.085101 
 -0.404741 0.145269 -0.023728 
 -0.428008 0.142028 -0.023492 
 -0.451274 0.138787 -0.023256 
 -0.474540 0.135547 -0.023019 
 -0.497806 0.132306 -0.022783 
 -0.521072 0.129065 -0.022547 
 0.412494 0.237091 -0.040741 
 0.391741 0.219479 0.005284 
 0.366769 0.225815 -0.025004 
 0.345028 0.212972 0.005758 
 0.321671 0.209719 0.005995 
 0.298315 0.206465 0.006232 
 0.274958 0.203212 0.006470 
 0.251602 0.199959 0.006707 
 0.229498 0.187066 0.037473 
 0.206081 0.183804 0.037711 
 0.183797 0.170886 0.068480 
 0.160320 0.167616 0.068718 
 0.136843 0.164345 0.068956 
 0.113842 0.156234 0.084461 
 0.091226 0.143270 0.115233 
 0.067659 0.139987 0.115473 
 0.044091 0.136704 0.115712 
 0.020524 0.133422 0.115951 
 -0.003044 0.130139 0.116190 
 -0.026611 0.126856 0.116430 
 -0.050179 0.123573 0.116669 
 -0.074451 0.134913 0.071102 
 -0.097928 0.131643 0.071340 
 -0.121405 0.128373 0.071578 
 -0.145460 0.144650 0.010738 
 -0.239077 0.170866 -0.110481 
 -0.262192 0.167646 -0.110246 
 -0.285308 0.164427 -0.110012 
 -0.308490 0.156290 -0.094505 
 -0.331635 0.153066 -0.094270 
 -0.354781 0.149842 -0.094035 
 -0.378240 0.136760 -0.063254 
 -0.402008 0.118729 -0.017199 
 -0.425087 0.120421 -0.032237 
 -0.448353 0.117180 -0.032001 
 -0.471896 0.108994 -0.016490 
 -0.494885 0.110699 -0.031528 
 -0.518151 0.107458 -0.031292 
 0.418030 0.201042 -0.003732 
 0.394673 0.197788 -0.003495 
 0.369694 0.204180 -0.033761 
 0.346398 0.200935 -0.033524 
 0.324604 0.188028 -0.002784 
 0.301247 0.184774 -0.002547 
 0.277890 0.181521 -0.002309 
 0.254534 0.178268 -0.002072 
 0.232438 0.165319 0.028671 
 0.209021 0.162057 0.028909 
 0.187315 0.144227 0.074909 
 0.163268 0.145813 0.059894 
 0.140300 0.137678 0.075387 
 0.116793 0.134404 0.075625 
 0.094185 0.121383 0.106375 
 0.070618 0.118100 0.106614 
 0.047050 0.114817 0.106853 
 0.023483 0.111535 0.107093 
 -0.000085 0.108252 0.107332 
 -0.023652 0.104969 0.107571 
 -0.047220 0.101686 0.107811 
 -0.071503 0.113110 0.062277 
 -0.094980 0.109840 0.062516 
 -0.118458 0.106570 0.062754 
 -0.141935 0.103300 0.062992 
 -0.236175 0.149399 -0.119169 
 -0.259290 0.146179 -0.118935 
 -0.282406 0.142959 -0.118700 
 -0.305584 0.134795 -0.103205 
 -0.328730 0.131571 -0.102970 
 -0.352121 0.118442 -0.072212 
 -0.375633 0.105296 -0.041454 
 -0.399083 0.097094 -0.025956 
 -0.422379 0.093849 -0.025719 
 -0.445432 0.095573 -0.040746 
 -0.468972 0.087359 -0.025246 
 -0.492268 0.084114 -0.025010 
 -0.515564 0.080869 -0.024773 
 0.420962 0.179351 -0.012511 
 0.397605 0.176097 -0.012274 
 0.374249 0.172844 -0.012037 
 0.349323 0.179300 -0.042281 
 0.327536 0.166337 -0.011563 
 0.304179 0.163083 -0.011326 
 0.280823 0.159830 -0.011089 
 0.257466 0.156577 -0.010851 
 0.235378 0.143572 0.019870 
 0.213169 0.130550 0.050593 
 0.190266 0.122396 0.066074 
 0.166759 0.119121 0.066312 
 0.143252 0.115847 0.066551 
 0.120711 0.102779 0.097277 
 0.097144 0.099496 0.097517 
 0.073576 0.096213 0.097756 
 0.050009 0.092931 0.097995 
 0.026441 0.089648 0.098234 
 0.002874 0.086365 0.098474 
 -0.020694 0.083082 0.098713 
 -0.044261 0.079799 0.098952 
 -0.068556 0.091307 0.053453 
 -0.092033 0.088037 0.053691 
 -0.115510 0.084767 0.053930 
 -0.138987 0.081497 0.054168 
 -0.302678 0.113300 -0.111905 
 -0.326002 0.100123 -0.081171 
 -0.349446 0.086930 -0.050436 
 -0.372713 0.083689 -0.050200 
 -0.396517 0.065481 -0.004212 
 -0.419454 0.072214 -0.034476 
 -0.442751 0.068969 -0.034239 
 -0.466587 0.055720 -0.003500 
 -0.489343 0.062479 -0.033766 
 -0.512639 0.059234 -0.033530 
 0.425652 0.147920 0.009166 
 0.402236 0.144658 0.009404 
 0.377181 0.151153 -0.020816 
 0.353825 0.147899 -0.020579 
 0.330468 0.144646 -0.020342 
 0.307112 0.141393 -0.020105 
 0.283755 0.138139 -0.019868 
 0.261735 0.125087 0.010830 
 0.239594 0.112017 0.041530 
 0.216725 0.103839 0.056999 
 0.193217 0.100565 0.057238 
 0.170805 0.087458 0.087940 
 0.147238 0.084175 0.088180 
 0.123670 0.080892 0.088419 
 0.100103 0.077609 0.088658 
 0.076535 0.074327 0.088897 
 0.052968 0.071044 0.089137 
 0.029400 0.067761 0.089376 
 0.005833 0.064478 0.089615 
 -0.017735 0.061195 0.089854 
 -0.041302 0.057912 0.090094 
 -0.065608 0.069505 0.044628 
 -0.089086 0.066234 0.044867 
 -0.112563 0.062964 0.045105 
 -0.136040 0.059694 0.045343 
 -0.323089 0.078572 -0.089893 
 -0.346641 0.060314 -0.043942 
 -0.369937 0.057069 -0.043705 
 -0.393585 0.043790 -0.012991 
 -0.416941 0.040536 -0.012754 
 -0.440298 0.037283 -0.012517 
 -0.464187 0.023970 0.018200 
 -0.487604 0.020709 0.018438 
 -0.511021 0.017447 0.018676 
 0.428592 0.126173 0.000364 
 0.405175 0.122911 0.000602 
 0.380114 0.129462 -0.029595 
 0.356757 0.126208 -0.029358 
 0.333400 0.122955 -0.029121 
 0.310044 0.119702 -0.028884 
 0.286687 0.116448 -0.028647 
 0.264675 0.103340 0.002028 
 0.242541 0.090215 0.032705 
 0.219064 0.086944 0.032944 
 0.197332 0.068854 0.078843 
 0.172661 0.075460 0.048641 
 0.150197 0.062288 0.079321 
 0.126629 0.059005 0.079560 
 0.103062 0.055722 0.079800 
 0.079494 0.052440 0.080039 
 0.055926 0.049157 0.080278 
 0.032359 0.045874 0.080518 
 0.008791 0.042591 0.080757 
 -0.014776 0.039308 0.080996 
 -0.038344 0.036026 0.081235 
 -0.062411 0.042715 0.051027 
 -0.085479 0.029460 0.081714 
 -0.109426 0.036167 0.051505 
 -0.132614 0.022894 0.082192 
 -0.156181 0.019612 0.082432 
 -0.320420 0.041924 -0.052935 
 -0.343716 0.038679 -0.052698 
 -0.367296 0.025352 -0.022007 
 -0.390653 0.022099 -0.021770 
 -0.414009 0.018845 -0.021533 
 -0.437366 0.015592 -0.021296 
 -0.461247 0.002223 0.009398 
 -0.484664 -0.001038 0.009636 
 -0.508081 -0.004300 0.009874 
 0.456783 0.097844 0.021736 
 0.431532 0.104426 -0.008438 
 0.408115 0.101164 -0.008200 
 0.383046 0.107771 -0.038374 
 0.359689 0.104517 -0.038137 
 0.336333 0.101264 -0.037900 
 0.312976 0.098011 -0.037663 
 0.289620 0.094757 -0.037426 
 0.267614 0.081593 -0.006774 
 0.245489 0.068412 0.023881 
 0.222012 0.065141 0.024119 
 0.200290 0.046967 0.069984 
 0.175613 0.053629 0.039805 
 0.152105 0.050354 0.040044 
 0.129588 0.037118 0.070702 
 0.106020 0.033836 0.070941 
 0.082453 0.030553 0.071181 
 0.058885 0.027270 0.071420 
 0.035318 0.023987 0.071659 
 0.011750 0.020704 0.071898 
 -0.011189 0.007410 0.102560 
 -0.034817 0.004119 0.102800 
 -0.058952 0.010856 0.072616 
 -0.082520 0.007573 0.072855 
 -0.106087 0.004290 0.073095 
 -0.129655 0.001007 0.073334 
 -0.153222 -0.002275 0.073573 
 -0.317651 0.010168 -0.031260 
 -0.341007 0.006915 -0.031023 
 -0.364640 -0.006476 -0.000354 
 -0.388393 -0.019884 0.030317 
 -0.411474 -0.013000 0.000121 
 -0.435347 -0.026425 0.030793 
 -0.458824 -0.029695 0.031032 
 -0.482301 -0.032965 0.031270 
 -0.505778 -0.036235 0.031508 
 0.459730 0.076041 0.012911 
 0.434472 0.082679 -0.017239 
 0.411055 0.079417 -0.017002 
 0.387638 0.076155 -0.016764 
 0.362622 0.082826 -0.046916 
 0.339265 0.079573 -0.046679 
 0.315908 0.076320 -0.046442 
 0.293971 0.063108 -0.015813 
 0.270554 0.059846 -0.015575 
 0.248436 0.046609 0.015057 
 0.224959 0.043338 0.015295 
 0.203249 0.025080 0.061126 
 0.178564 0.031798 0.030969 
 0.156114 0.018514 0.061604 
 0.132547 0.015231 0.061844 
 0.108979 0.011949 0.062083 
 0.085412 0.008666 0.062322 
 0.061844 0.005383 0.062561 
 0.038276 0.002100 0.062801 
 0.015405 -0.011242 0.093439 
 -0.008223 -0.014533 0.093679 
 -0.031275 -0.027900 0.124320 
 -0.055479 -0.021115 0.094159 
 -0.079106 -0.024407 0.094399 
 -0.102734 -0.027698 0.094639 
 -0.126362 -0.030989 0.094879 
 -0.149990 -0.034280 0.095119 
 -0.173617 -0.037571 0.095359 
 -0.314866 -0.021700 -0.009632 
 -0.338283 -0.024961 -0.009394 
 -0.361968 -0.038417 0.021254 
 -0.385446 -0.041687 0.021492 
 -0.408923 -0.044957 0.021730 
 -0.432624 -0.053337 0.037174 
 -0.455877 -0.051498 0.022207 
 -0.479639 -0.059886 0.037652 
 -0.503146 -0.063160 0.037890 
 0.437412 0.060932 -0.026041 
 0.413995 0.057670 -0.025804 
 0.390578 0.054408 -0.025566 
 0.367161 0.051146 -0.025328 
 0.343745 0.047884 -0.025090 
 0.320328 0.044623 -0.024853 
 0.296911 0.041361 -0.024615 
 0.274861 0.028076 0.005994 
 0.251384 0.024806 0.006232 
 0.227906 0.021536 0.006470 
 0.206208 0.003193 0.052267 
 0.182640 -0.000090 0.052507 
 0.159073 -0.003373 0.052746 
 0.135505 -0.006655 0.052985 
 0.111938 -0.009938 0.053225 
 0.088370 -0.013221 0.053464 
 0.065627 -0.026602 0.084079 
 0.041999 -0.029893 0.084319 
 0.018371 -0.033185 0.084558 
 -0.004613 -0.046599 0.115176 
 -0.027719 -0.060031 0.145795 
 -0.051990 -0.053198 0.115657 
 -0.075678 -0.056498 0.115897 
 -0.099366 -0.059798 0.116138 
 -0.123054 -0.063097 0.116378 
 -0.147023 -0.056223 0.086238 
 -0.170651 -0.059514 0.086477 
 -0.288630 -0.055521 0.026907 
 -0.312067 -0.053680 0.011953 
 -0.335544 -0.056950 0.012191 
 -0.359152 -0.065345 0.027623 
 -0.382498 -0.063490 0.012668 
 -0.405975 -0.066760 0.012906 
 -0.429673 -0.075168 0.028339 
 -0.452929 -0.073301 0.013383 
 -0.476688 -0.081717 0.028816 
 -0.500195 -0.084991 0.029055 
 0.440352 0.039185 -0.034843 
 0.416935 0.035923 -0.034605 
 0.393518 0.032661 -0.034368 
 0.370101 0.029399 -0.034130 
 0.346684 0.026138 -0.033892 
 0.323268 0.022876 -0.033654 
 0.299851 0.019614 -0.033417 
 0.277808 0.006273 -0.002831 
 0.254988 -0.002041 0.012582 
 0.231481 -0.005315 0.012820 
 0.209167 -0.018694 0.043409 
 0.184466 -0.011864 0.013298 
 0.162032 -0.025259 0.043888 
 0.138464 -0.028542 0.044127 
 0.114897 -0.031825 0.044366 
 0.092221 -0.045254 0.074958 
 0.068593 -0.048545 0.075198 
 0.045737 -0.061999 0.105791 
 0.022049 -0.065299 0.106031 
 -0.000989 -0.078778 0.136628 
 -0.024442 -0.087180 0.152046 
 -0.048485 -0.085394 0.137110 
 -0.072234 -0.088702 0.137351 
 -0.095982 -0.092010 0.137592 
 -0.119730 -0.095318 0.137833 
 -0.143768 -0.088396 0.107715 
 -0.167456 -0.091695 0.107955 
 -0.191144 -0.094995 0.108196 
 -0.262171 -0.074078 0.017832 
 -0.285679 -0.077352 0.018071 
 -0.309186 -0.080627 0.018310 
 -0.332597 -0.078753 0.003367 
 -0.356200 -0.087176 0.018787 
 -0.379708 -0.090450 0.019026 
 -0.403028 -0.088563 0.004082 
 -0.426722 -0.096999 0.019503 
 -0.450229 -0.100273 0.019742 
 -0.473736 -0.103548 0.019980 
 -0.497244 -0.106822 0.020219 
 -0.520751 -0.110097 0.020458 
 0.443292 0.017438 -0.043645 
 0.421618 0.004091 -0.013085 
 0.398141 0.000821 -0.012847 
 0.373041 0.007652 -0.042932 
 0.349624 0.004391 -0.042694 
 0.326207 0.001129 -0.042456 
 0.302791 -0.002133 -0.042218 
 0.280755 -0.015530 -0.011655 
 0.257939 -0.023872 0.003746 
 0.234432 -0.027146 0.003985 
 0.212125 -0.040581 0.034551 
 0.188558 -0.043864 0.034790 
 0.164990 -0.047146 0.035029 
 0.141423 -0.050429 0.035268 
 0.118815 -0.063905 0.065837 
 0.095187 -0.067197 0.066077 
 0.072399 -0.080698 0.096647 
 0.048711 -0.083998 0.096887 
 0.025741 -0.097525 0.127460 
 0.001993 -0.100833 0.127701 
 -0.021457 -0.109263 0.143108 
 -0.045504 -0.107449 0.128183 
 -0.069252 -0.110757 0.128424 
 -0.093001 -0.114065 0.128666 
 -0.116749 -0.117373 0.128907 
 -0.140497 -0.120681 0.129148 
 -0.164246 -0.123989 0.129389 
 -0.188170 -0.116994 0.099292 
 -0.211974 -0.109982 0.069195 
 -0.235657 -0.102954 0.039097 
 -0.259220 -0.095909 0.008997 
 -0.282727 -0.099183 0.009235 
 -0.306235 -0.102458 0.009474 
 -0.329742 -0.105732 0.009712 
 -0.353249 -0.109007 0.009951 
 -0.376756 -0.112281 0.010190 
 -0.400264 -0.115555 0.010428 
 -0.423771 -0.118830 0.010667 
 -0.447278 -0.122104 0.010906 
 -0.470785 -0.125379 0.011144 
 -0.494293 -0.128653 0.011383 
 -0.517800 -0.131927 0.011622 
 0.448043 -0.014441 -0.022148 
 0.424566 -0.017712 -0.021910 
 0.401088 -0.020982 -0.021671 
 0.377611 -0.024252 -0.021433 
 0.354134 -0.027522 -0.021195 
 0.329147 -0.020618 -0.051258 
 0.307180 -0.034063 -0.020718 
 0.283703 -0.037333 -0.020479 
 0.260890 -0.045703 -0.005090 
 0.237383 -0.048977 -0.004851 
 0.215084 -0.062468 0.025692 
 0.191517 -0.065750 0.025932 
 0.167949 -0.069033 0.026171 
 0.144382 -0.072316 0.026410 
 0.121781 -0.085848 0.056956 
 0.098154 -0.089140 0.057196 
 0.075372 -0.102697 0.087743 
 0.052471 -0.116272 0.118293 
 0.029086 -0.124721 0.133688 
 0.005307 -0.128033 0.133929 
 -0.017866 -0.141645 0.164481 
 -0.042250 -0.134658 0.134412 
 -0.066028 -0.137970 0.134654 
 -0.089807 -0.141282 0.134895 
 -0.113767 -0.139428 0.119980 
 -0.137516 -0.142736 0.120221 
 -0.161264 -0.146044 0.120463 
 -0.185196 -0.138993 0.090388 
 -0.208884 -0.142292 0.090629 
 -0.232699 -0.124841 0.030238 
 -0.256269 -0.117740 0.000161 
 -0.279776 -0.121014 0.000399 
 -0.303283 -0.124289 0.000638 
 -0.326791 -0.127563 0.000877 
 -0.350298 -0.130837 0.001115 
 -0.373805 -0.134112 0.001354 
 -0.397312 -0.137386 0.001593 
 -0.420820 -0.140661 0.001831 
 -0.444327 -0.143935 0.002070 
 -0.467834 -0.147209 0.002309 
 -0.491341 -0.150484 0.002547 
 -0.514518 -0.148520 -0.012375 
 -0.537996 -0.151790 -0.012137 
 0.450990 -0.036244 -0.030972 
 0.428392 -0.044613 -0.015596 
 0.404885 -0.047887 -0.015357 
 0.380559 -0.046055 -0.030257 
 0.357082 -0.049325 -0.030019 
 0.333605 -0.052595 -0.029781 
 0.310127 -0.055866 -0.029542 
 0.286650 -0.059136 -0.029304 
 0.263841 -0.067534 -0.013926 
 0.240334 -0.070808 -0.013687 
 0.218043 -0.084355 0.016834 
 0.194475 -0.087637 0.017073 
 0.170908 -0.090920 0.017312 
 0.148376 -0.104500 0.047835 
 0.124748 -0.107791 0.048075 
 0.102034 -0.121396 0.078599 
 0.079201 -0.135019 0.109125 
 0.055849 -0.143492 0.124509 
 0.032071 -0.146804 0.124750 
 0.008966 -0.160464 0.155278 
 -0.014873 -0.163784 0.155520 
 -0.039265 -0.156741 0.125474 
 -0.063043 -0.160053 0.125716 
 -0.086821 -0.163365 0.125957 
 -0.110600 -0.166677 0.126199 
 -0.134534 -0.164791 0.111295 
 -0.158283 -0.168099 0.111536 
 -0.182222 -0.160991 0.081485 
 -0.206041 -0.153868 0.051433 
 -0.229740 -0.146728 0.021380 
 -0.253307 -0.150011 0.021619 
 -0.276875 -0.153294 0.021859 
 -0.300442 -0.156576 0.022098 
 -0.323839 -0.149394 -0.007959 
 -0.347347 -0.152668 -0.007720 
 -0.370854 -0.155943 -0.007482 
 -0.394712 -0.169708 0.023055 
 -0.418280 -0.172990 0.023294 
 -0.441847 -0.176273 0.023533 
 -0.465415 -0.179556 0.023773 
 -0.488390 -0.172315 -0.006288 
 -0.511897 -0.175589 -0.006050 
 -0.535405 -0.178864 -0.005811 
 0.454851 -0.063169 -0.024671 
 0.431343 -0.066444 -0.024432 
 0.407836 -0.069718 -0.024193 
 0.384329 -0.072992 -0.023955 
 0.360029 -0.071128 -0.038843 
 0.336552 -0.074398 -0.038605 
 0.313807 -0.082816 -0.023239 
 0.290300 -0.086090 -0.023000 
 0.268137 -0.099676 0.007497 
 0.244569 -0.102959 0.007736 
 0.222225 -0.116569 0.038234 
 0.198597 -0.119861 0.038474 
 0.174970 -0.123152 0.038714 
 0.152384 -0.136796 0.069214 
 0.129679 -0.150457 0.099717 
 0.106392 -0.158950 0.115088 
 0.082613 -0.162262 0.115330 
 0.059636 -0.175961 0.145834 
 0.035797 -0.179282 0.146076 
 0.011959 -0.182602 0.146318 
 -0.011259 -0.196335 0.176826 
 -0.035158 -0.199664 0.177068 
 -0.060058 -0.182136 0.116778 
 -0.083836 -0.185448 0.117020 
 -0.107615 -0.188760 0.117261 
 -0.131553 -0.186845 0.102369 
 -0.155301 -0.190153 0.102610 
 -0.179248 -0.182990 0.072581 
 -0.202936 -0.186290 0.072821 
 -0.226703 -0.179102 0.042792 
 -0.250349 -0.171898 0.012761 
 -0.273916 -0.175180 0.013000 
 -0.297484 -0.178463 0.013239 
 -0.321051 -0.181746 0.013479 
 -0.344619 -0.185029 0.013718 
 -0.368186 -0.188312 0.013957 
 -0.391754 -0.191595 0.014197 
 -0.415321 -0.194877 0.014436 
 -0.438889 -0.198160 0.014675 
 -0.462456 -0.201443 0.014914 
 -0.486024 -0.204726 0.015154 
 -0.509591 -0.208009 0.015393 
 -0.533159 -0.211291 0.015632 
 0.456885 -0.079850 -0.048621 
 0.434295 -0.088274 -0.033268 
 0.410787 -0.091549 -0.033029 
 0.387280 -0.094823 -0.032790 
 0.362976 -0.092931 -0.047668 
 0.340266 -0.101372 -0.032313 
 0.318231 -0.114997 -0.001840 
 0.294663 -0.118280 -0.001601 
 0.271096 -0.121563 -0.001361 
 0.248819 -0.135221 0.029113 
 0.225192 -0.138512 0.029353 
 0.202735 -0.152196 0.059829 
 0.179046 -0.155495 0.060070 
 0.155358 -0.158795 0.060310 
 0.132660 -0.172512 0.090790 
 0.109377 -0.181033 0.106151 
 0.085598 -0.184345 0.106392 
 0.062629 -0.198100 0.136874 
 0.038790 -0.201421 0.137116 
 0.015640 -0.215201 0.167600 
 -0.008259 -0.218530 0.167843 
 -0.033294 -0.200906 0.107599 
 -0.057072 -0.204218 0.107841 
 -0.080851 -0.207531 0.108082 
 -0.104629 -0.210843 0.108323 
 -0.128571 -0.208900 0.093442 
 -0.152320 -0.212208 0.093683 
 -0.176274 -0.204989 0.063677 
 -0.200109 -0.197754 0.033671 
 -0.223822 -0.190502 0.003663 
 -0.247390 -0.193785 0.003902 
 -0.270957 -0.197067 0.004142 
 -0.294525 -0.200350 0.004381 
 -0.318092 -0.203633 0.004620 
 -0.341660 -0.206916 0.004860 
 -0.365227 -0.210199 0.005099 
 -0.388795 -0.213481 0.005338 
 -0.412362 -0.216764 0.005577 
 -0.435930 -0.220047 0.005817 
 -0.459497 -0.223330 0.006056 
 -0.483065 -0.226613 0.006295 
 -0.506632 -0.229895 0.006535 
 -0.530200 -0.233178 0.006774 
 0.460753 -0.106831 -0.042342 
 0.436355 -0.104923 -0.057207 
 0.413739 -0.113380 -0.041865 
 0.389401 -0.111464 -0.056731 
 0.365924 -0.114734 -0.056492 
 0.342447 -0.118004 -0.056254 
 0.321189 -0.136884 -0.010698 
 0.296202 -0.129752 -0.040671 
 0.274054 -0.143450 -0.010220 
 0.251786 -0.157164 0.020232 
 0.228158 -0.160455 0.020472 
 0.205708 -0.174194 0.050926 
 0.182020 -0.177494 0.051166 
 0.159390 -0.191259 0.081623 
 0.135642 -0.194567 0.081864 
 0.112362 -0.203116 0.097213 
 0.088584 -0.206428 0.097454 
 0.065622 -0.220239 0.127913 
 0.042540 -0.234067 0.158374 
 0.018641 -0.237396 0.158617 
 -0.005258 -0.240725 0.158860 
 -0.030309 -0.222989 0.098661 
 -0.054087 -0.226301 0.098903 
 -0.077866 -0.229613 0.099144 
 -0.101644 -0.232926 0.099386 
 -0.125590 -0.230955 0.084516 
 -0.149338 -0.234263 0.084757 
 -0.173301 -0.226988 0.054774 
 -0.197142 -0.219697 0.024790 
 -0.220770 -0.222988 0.025030 
 -0.244431 -0.215671 -0.004956 
 -0.267998 -0.218954 -0.004717 
 -0.291566 -0.222237 -0.004477 
 -0.315133 -0.225520 -0.004238 
 -0.338701 -0.228803 -0.003999 
 -0.362269 -0.232086 -0.003760 
 -0.385836 -0.235368 -0.003520 
 -0.409404 -0.238651 -0.003281 
 -0.432971 -0.241934 -0.003042 
 -0.456539 -0.245217 -0.002802 
 -0.480106 -0.248500 -0.002563 
 -0.503674 -0.251782 -0.002324 
 -0.527241 -0.255065 -0.002085 
 0.489121 -0.135791 -0.021232 
 0.465553 -0.139074 -0.020992 
 0.441986 -0.142357 -0.020753 
 0.416690 -0.135211 -0.050700 
 0.393182 -0.138485 -0.050462 
 0.368871 -0.136537 -0.065317 
 0.346168 -0.145034 -0.049984 
 0.324148 -0.158771 -0.019557 
 0.300581 -0.162054 -0.019318 
 0.277013 -0.165336 -0.019078 
 0.254752 -0.179107 0.011351 
 0.232370 -0.192894 0.041781 
 0.208682 -0.196193 0.042022 
 0.186120 -0.210006 0.072455 
 0.162372 -0.213314 0.072696 
 0.139126 -0.221886 0.088034 
 0.115347 -0.225199 0.088275 
 0.091569 -0.228511 0.088517 
 0.068615 -0.242378 0.118953 
 0.044776 -0.245698 0.119195 
 0.021641 -0.259590 0.149634 
 -0.002902 -0.252339 0.119679 
 -0.027323 -0.245072 0.089724 
 -0.051102 -0.248384 0.089965 
 -0.074880 -0.251696 0.090207 
 -0.098659 -0.255008 0.090448 
 -0.122608 -0.253010 0.075590 
 -0.146357 -0.256318 0.075831 
 -0.170327 -0.248987 0.045870 
 -0.194176 -0.241640 0.015909 
 -0.217804 -0.244931 0.016149 
 -0.241472 -0.237558 -0.013814 
 -0.265040 -0.240841 -0.013575 
 -0.288607 -0.244124 -0.013336 
 -0.312175 -0.247407 -0.013096 
 -0.335742 -0.250690 -0.012857 
 -0.359310 -0.253972 -0.012618 
 -0.383198 -0.267969 0.017828 
 -0.406826 -0.271261 0.018068 
 -0.430454 -0.274552 0.018308 
 -0.454082 -0.277843 0.018548 
 -0.477709 -0.281134 0.018787 
 -0.501337 -0.284425 0.019027 
 -0.524965 -0.287717 0.019267 
 0.492079 -0.157678 -0.030090 
 0.468512 -0.160961 -0.029851 
 0.444944 -0.164244 -0.029612 
 0.421377 -0.167527 -0.029372 
 0.396134 -0.160316 -0.059298 
 0.372626 -0.163590 -0.059059 
 0.349119 -0.166865 -0.058820 
 0.327107 -0.180658 -0.028415 
 0.303539 -0.183941 -0.028176 
 0.281346 -0.197758 0.002230 
 0.257718 -0.201050 0.002470 
 0.235344 -0.214892 0.032878 
 0.211656 -0.218192 0.033118 
 0.189101 -0.232061 0.063529 
 0.165353 -0.235369 0.063770 
 0.142111 -0.243969 0.079096 
 0.118333 -0.247281 0.079338 
 0.094554 -0.250594 0.079579 
 0.071608 -0.264516 0.109993 
 0.047769 -0.267837 0.110235 
 0.023930 -0.271158 0.110477 
 0.000091 -0.274478 0.110719 
 -0.024338 -0.267155 0.080786 
 -0.048117 -0.270467 0.081027 
 -0.071895 -0.273779 0.081269 
 -0.095674 -0.277091 0.081510 
 -0.119627 -0.275065 0.066663 
 -0.143375 -0.278373 0.066904 
 -0.167353 -0.270986 0.036966 
 -0.191210 -0.263583 0.007028 
 -0.214837 -0.266874 0.007268 
 -0.238513 -0.259445 -0.022673 
 -0.262081 -0.262728 -0.022433 
 -0.285648 -0.266011 -0.022194 
 -0.309216 -0.269294 -0.021955 
 -0.332783 -0.272576 -0.021716 
 -0.356351 -0.275859 -0.021476 
 -0.380232 -0.289912 0.008947 
 -0.403860 -0.293203 0.009187 
 -0.427487 -0.296495 0.009427 
 -0.451609 -0.310581 0.039852 
 -0.475298 -0.313881 0.040093 
 -0.498986 -0.317180 0.040333 
 -0.522674 -0.320480 0.040574 
 0.469607 -0.172324 -0.068849 
 0.447903 -0.186131 -0.038470 
 0.424336 -0.189413 -0.038231 
 0.399085 -0.182147 -0.068133 
 0.375578 -0.185421 -0.067895 
 0.353633 -0.199262 -0.037513 
 0.330066 -0.202545 -0.037274 
 0.306498 -0.205827 -0.037034 
 0.282931 -0.209110 -0.036795 
 0.260685 -0.222992 -0.006411 
 0.238318 -0.236891 0.023974 
 0.215831 -0.250807 0.054361 
 0.192083 -0.254115 0.054602 
 0.168875 -0.262740 0.069917 
 0.145096 -0.266052 0.070158 
 0.121318 -0.269364 0.070400 
 0.097539 -0.272676 0.070641 
 0.073761 -0.275989 0.070883 
 0.050762 -0.289976 0.101274 
 0.026923 -0.293296 0.101516 
 0.003084 -0.296617 0.101758 
 -0.021353 -0.289237 0.071848 
 -0.045131 -0.292550 0.072090 
 -0.068910 -0.295862 0.072331 
 -0.092688 -0.299174 0.072573 
 -0.116645 -0.297119 0.057737 
 -0.140691 -0.289685 0.027822 
 -0.164379 -0.292985 0.028062 
 -0.188243 -0.285525 -0.001853 
 -0.211871 -0.288817 -0.001613 
 -0.235555 -0.281332 -0.031531 
 -0.259122 -0.284615 -0.031292 
 -0.282690 -0.287898 -0.031053 
 -0.306257 -0.291181 -0.030813 
 -0.329825 -0.294463 -0.030574 
 -0.353392 -0.297746 -0.030335 
 -0.377266 -0.311855 0.000066 
 -0.400893 -0.315146 0.000306 
 -0.424521 -0.318437 0.000546 
 -0.449122 -0.343431 0.061112 
 -0.472871 -0.346739 0.061353 
 -0.496619 -0.350047 0.061595 
 -0.520367 -0.353355 0.061836 
 0.472558 -0.194155 -0.077685 
 0.450862 -0.208017 -0.047328 
 0.427294 -0.211300 -0.047089 
 0.402036 -0.203978 -0.076969 
 0.378529 -0.207252 -0.076730 
 0.356592 -0.221149 -0.046371 
 0.333024 -0.224432 -0.046132 
 0.309457 -0.227714 -0.045893 
 0.285889 -0.230997 -0.045653 
 0.263651 -0.244935 -0.015292 
 0.241292 -0.258890 0.015070 
 0.218813 -0.272862 0.045435 
 0.195064 -0.276170 0.045676 
 0.171860 -0.284823 0.060979 
 0.148082 -0.288135 0.061221 
 0.124303 -0.291447 0.061462 
 0.100525 -0.294759 0.061704 
 0.077593 -0.308794 0.092072 
 0.053754 -0.312114 0.092314 
 0.029916 -0.315435 0.092556 
 0.006077 -0.318756 0.092798 
 -0.018368 -0.311320 0.062911 
 -0.042419 -0.309250 0.048087 
 -0.065925 -0.317945 0.063393 
 -0.089703 -0.321257 0.063635 
 -0.113664 -0.319174 0.048810 
 -0.137717 -0.311684 0.018918 
 -0.161405 -0.314983 0.019159 
 -0.185277 -0.307468 -0.010734 
 -0.208905 -0.310759 -0.010494 
 -0.232596 -0.303219 -0.040389 
 -0.256163 -0.306502 -0.040150 
 -0.279731 -0.309785 -0.039911 
 -0.303298 -0.313067 -0.039672 
 -0.326866 -0.316350 -0.039432 
 -0.350671 -0.330507 -0.009055 
 -0.374299 -0.333798 -0.008815 
 -0.397927 -0.337089 -0.008575 
 -0.421555 -0.340380 -0.008335 
 -0.445662 -0.354579 0.022045 
 -0.469350 -0.357878 0.022285 
 -0.493038 -0.361178 0.022526 
 -0.517386 -0.375410 0.052909 
 0.475509 -0.215986 -0.086521 
 0.453821 -0.229904 -0.056187 
 0.428495 -0.222534 -0.086043 
 0.404987 -0.225809 -0.085805 
 0.383118 -0.239753 -0.055469 
 0.359551 -0.243036 -0.055230 
 0.335983 -0.246318 -0.054990 
 0.312416 -0.249601 -0.054751 
 0.288848 -0.252884 -0.054512 
 0.266617 -0.266878 -0.024173 
 0.242990 -0.270169 -0.023933 
 0.220578 -0.284189 0.006407 
 0.198046 -0.298225 0.036750 
 0.174298 -0.301533 0.036991 
 0.151067 -0.310218 0.052283 
 0.127288 -0.313530 0.052524 
 0.103510 -0.316842 0.052766 
 0.079731 -0.320154 0.053007 
 0.056747 -0.334253 0.083354 
 0.032908 -0.337574 0.083596 
 0.009070 -0.340894 0.083838 
 -0.015382 -0.333403 0.053973 
 -0.039437 -0.331305 0.039161 
 -0.063186 -0.334613 0.039402 
 -0.086934 -0.337921 0.039643 
 -0.110682 -0.341229 0.039884 
 -0.134743 -0.333683 0.010015 
 -0.158683 -0.326120 -0.019855 
 -0.182311 -0.329411 -0.019615 
 -0.206070 -0.321823 -0.049487 
 -0.229637 -0.325106 -0.049248 
 -0.253205 -0.328389 -0.049009 
 -0.276772 -0.331672 -0.048769 
 -0.300449 -0.345867 -0.018416 
 -0.324077 -0.349158 -0.018176 
 -0.347705 -0.352450 -0.017936 
 -0.371624 -0.366679 0.012419 
 -0.395312 -0.369978 0.012660 
 -0.419000 -0.373278 0.012900 
 -0.442688 -0.376578 0.013141 
 -0.466376 -0.379877 0.013381 
 -0.490064 -0.383177 0.013622 
 0.458606 -0.262491 -0.034973 
 0.433212 -0.255074 -0.064806 
 0.409645 -0.258357 -0.064567 
 0.386077 -0.261640 -0.064327 
 0.364095 -0.275656 -0.034014 
 0.340467 -0.278947 -0.033774 
 0.316839 -0.282239 -0.033534 
 0.293212 -0.285530 -0.033294 
 0.269584 -0.288821 -0.033054 
 0.247240 -0.302888 -0.002737 
 0.224776 -0.316972 0.027582 
 0.201609 -0.325676 0.042863 
 0.177831 -0.328988 0.043104 
 0.154052 -0.332300 0.043345 
 0.130274 -0.335613 0.043587 
 0.106495 -0.338925 0.043828 
 0.082717 -0.342237 0.044070 
 0.058938 -0.345549 0.044311 
 0.035160 -0.348861 0.044552 
 0.011381 -0.352174 0.044794 
 -0.012708 -0.350052 0.029993 
 -0.036456 -0.353360 0.030234 
 -0.060204 -0.356668 0.030476 
 -0.083953 -0.359976 0.030717 
 -0.107701 -0.363284 0.030958 
 -0.131769 -0.355682 0.001111 
 -0.155716 -0.348063 -0.028736 
 -0.179344 -0.351354 -0.028496 
 -0.202972 -0.354645 -0.028257 
 -0.226600 -0.357936 -0.028017 
 -0.250228 -0.361228 -0.027777 
 -0.273855 -0.364519 -0.027537 
 -0.297483 -0.367810 -0.027297 
 -0.321111 -0.371101 -0.027057 
 -0.344739 -0.374392 -0.026817 
 -0.368650 -0.388678 0.003516 
 -0.392338 -0.391977 0.003756 
 -0.416026 -0.395277 0.003997 
 -0.440178 -0.409596 0.034333 
 -0.463926 -0.412904 0.034574 
 0.461572 -0.284434 -0.043854 
 0.437945 -0.287725 -0.043615 
 0.412603 -0.280244 -0.073425 
 0.389036 -0.283527 -0.073186 
 0.367061 -0.297599 -0.042895 
 0.343433 -0.300890 -0.042655 
 0.319806 -0.304182 -0.042415 
 0.296178 -0.307473 -0.042175 
 0.272550 -0.310764 -0.041935 
 0.250214 -0.324887 -0.011641 
 0.227757 -0.339027 0.018656 
 0.204009 -0.342335 0.018897 
 0.180816 -0.351071 0.034166 
 0.157037 -0.354383 0.034408 
 0.133259 -0.357695 0.034649 
 0.109480 -0.361008 0.034890 
 0.085702 -0.364320 0.035132 
 0.061924 -0.367632 0.035373 
 0.038145 -0.370944 0.035615 
 0.014367 -0.374256 0.035856 
 -0.009726 -0.372107 0.021067 
 -0.033475 -0.375415 0.021308 
 -0.057223 -0.378723 0.021549 
 -0.080971 -0.382031 0.021790 
 -0.104720 -0.385339 0.022031 
 -0.128795 -0.377680 -0.007793 
 -0.152483 -0.380980 -0.007552 
 -0.176378 -0.373297 -0.037378 
 -0.200006 -0.376588 -0.037138 
 -0.223633 -0.379879 -0.036898 
 -0.247261 -0.383170 -0.036658 
 -0.270889 -0.386462 -0.036418 
 -0.294517 -0.389753 -0.036178 
 -0.318145 -0.393044 -0.035938 
 -0.341772 -0.396335 -0.035698 
 -0.365676 -0.410676 -0.005388 
 -0.389364 -0.413976 -0.005147 
 -0.413448 -0.428343 0.025166 
 -0.437196 -0.431651 0.025407 
 -0.460945 -0.434959 0.025648 
 0.464539 -0.306377 -0.052735 
 0.440911 -0.309668 -0.052496 
 0.417283 -0.312960 -0.052256 
 0.391995 -0.305413 -0.082044 
 0.370028 -0.319542 -0.051776 
 0.346400 -0.322833 -0.051536 
 0.322772 -0.326124 -0.051296 
 0.299144 -0.329416 -0.051056 
 0.275516 -0.332707 -0.050816 
 0.251889 -0.335998 -0.050576 
 0.230739 -0.361082 0.009730 
 0.206990 -0.364390 0.009971 
 0.183801 -0.373154 0.025229 
 0.160023 -0.376466 0.025470 
 0.136244 -0.379778 0.025711 
 0.112466 -0.383090 0.025953 
 0.088687 -0.386403 0.026194 
 0.064909 -0.389715 0.026436 
 0.041130 -0.393027 0.026677 
 0.017352 -0.396339 0.026918 
 -0.006745 -0.394162 0.012141 
 -0.030493 -0.397470 0.012382 
 -0.054241 -0.400778 0.012623 
 -0.077990 -0.404086 0.012864 
 -0.101738 -0.407394 0.013105 
 -0.125821 -0.399679 -0.016697 
 -0.149509 -0.402979 -0.016456 
 -0.173412 -0.395240 -0.046259 
 -0.197039 -0.398531 -0.046019 
 -0.220667 -0.401822 -0.045779 
 -0.244262 -0.416177 -0.015494 
 -0.267950 -0.419477 -0.015254 
 -0.291638 -0.422776 -0.015013 
 -0.315326 -0.426076 -0.014773 
 -0.339014 -0.429376 -0.014532 
 -0.362970 -0.443782 0.015757 
 -0.386718 -0.447090 0.015998 
 -0.410466 -0.450398 0.016239 
 -0.434215 -0.453706 0.016481 
 -0.457963 -0.457014 0.016722 
 0.467505 -0.328320 -0.061616 
 0.443877 -0.331611 -0.061377 
 0.420249 -0.334902 -0.061137 
 0.396622 -0.338194 -0.060897 
 0.372994 -0.341485 -0.060657 
 0.349366 -0.344776 -0.060417 
 0.325738 -0.348067 -0.060177 
 0.302111 -0.351358 -0.059937 
 0.278483 -0.354650 -0.059697 
 0.256162 -0.368884 -0.029448 
 0.233720 -0.383136 0.000803 
 0.209972 -0.386444 0.001044 
 0.186786 -0.395237 0.016291 
 0.163008 -0.398549 0.016532 
 0.139229 -0.401861 0.016774 
 0.115451 -0.405173 0.017015 
 0.091673 -0.408485 0.017256 
 0.067894 -0.411798 0.017498 
 0.044116 -0.415110 0.017739 
 0.020337 -0.418422 0.017981 
 -0.003763 -0.416216 0.003214 
 -0.027512 -0.419524 0.003455 
 -0.051260 -0.422832 0.003696 
 -0.075008 -0.426140 0.003938 
 -0.098757 -0.429448 0.004179 
 -0.122847 -0.421678 -0.025600 
 -0.146535 -0.424978 -0.025360 
 -0.170223 -0.428277 -0.025119 
 -0.194073 -0.420474 -0.054900 
 -0.217701 -0.423765 -0.054660 
 -0.241288 -0.438176 -0.024398 
 -0.264976 -0.441476 -0.024157 
 -0.288664 -0.444775 -0.023917 
 -0.312352 -0.448075 -0.023676 
 -0.336240 -0.462528 0.006590 
 -0.359988 -0.465836 0.006831 
 -0.383737 -0.469144 0.007072 
 -0.407485 -0.472452 0.007313 
 -0.431233 -0.475760 0.007554 
 0.446844 -0.353554 -0.070258 
 0.426688 -0.378727 -0.010052 
 0.399588 -0.360136 -0.069778 
 0.377576 -0.374385 -0.039554 
 0.352332 -0.366719 -0.069298 
 0.328705 -0.370010 -0.069058 
 0.305077 -0.373301 -0.068818 
 0.281449 -0.376593 -0.068578 
 0.259136 -0.390883 -0.038352 
 0.235448 -0.394183 -0.038111 
 0.212953 -0.408499 -0.007882 
 0.189772 -0.417320 0.007353 
 0.165993 -0.420632 0.007595 
 0.142215 -0.423944 0.007836 
 0.118436 -0.427256 0.008077 
 0.094658 -0.430568 0.008319 
 0.070879 -0.433880 0.008560 
 0.047101 -0.437193 0.008802 
 0.023322 -0.440505 0.009043 
 -0.000782 -0.438271 -0.005712 
 -0.024530 -0.441579 -0.005471 
 -0.048278 -0.444887 -0.005230 
 -0.072027 -0.448195 -0.004989 
 -0.095775 -0.451503 -0.004748 
 -0.119523 -0.454811 -0.004507 
 -0.143272 -0.458119 -0.004265 
 -0.167250 -0.450276 -0.034023 
 -0.190938 -0.453576 -0.033783 
 -0.214734 -0.445708 -0.063541 
 -0.238314 -0.460175 -0.033302 
 -0.262002 -0.463475 -0.033061 
 -0.285690 -0.466774 -0.032821 
 -0.309510 -0.481275 -0.002578 
 -0.333259 -0.484583 -0.002337 
 -0.357007 -0.487891 -0.002096 
 -0.380755 -0.491199 -0.001854 
 -0.404503 -0.494507 -0.001613 
 0.429670 -0.400782 -0.018978 
 0.404238 -0.393084 -0.048699 
 0.380550 -0.396384 -0.048458 
 0.356862 -0.399684 -0.048218 
 0.333174 -0.402983 -0.047977 
 0.308043 -0.395244 -0.077699 
 0.284415 -0.398535 -0.077460 
 0.262110 -0.412882 -0.047256 
 0.238421 -0.416182 -0.047015 
 0.214733 -0.419481 -0.046775 
 0.192757 -0.439402 -0.001585 
 0.168978 -0.442715 -0.001343 
 0.145200 -0.446027 -0.001102 
 0.121421 -0.449339 -0.000860 
 0.097643 -0.452651 -0.000619 
 0.073865 -0.455963 -0.000377 
 0.050086 -0.459276 -0.000136 
 0.026308 -0.462588 0.000105 
 0.002200 -0.460326 -0.014639 
 -0.021549 -0.463634 -0.014397 
 -0.045297 -0.466942 -0.014156 
 -0.069045 -0.470250 -0.013915 
 -0.092794 -0.473558 -0.013674 
 -0.116542 -0.476866 -0.013433 
 -0.140290 -0.480174 -0.013192 
 -0.164039 -0.483482 -0.012951 
 -0.187964 -0.475575 -0.042686 
 -0.211652 -0.478874 -0.042446 
 -0.235284 -0.493406 -0.012227 
 -0.259032 -0.496714 -0.011986 
 -0.282780 -0.500022 -0.011745 
 -0.306529 -0.503330 -0.011504 
 -0.330369 -0.512271 0.003727 
 -0.354148 -0.515583 0.003968 
 -0.377926 -0.518895 0.004209 
 -0.401705 -0.522207 0.004451 
 0.433527 -0.428363 -0.012936 
 0.408903 -0.426145 -0.027664 
 0.385155 -0.429453 -0.027423 
 0.359836 -0.421683 -0.057121 
 0.336148 -0.424982 -0.056881 
 0.311010 -0.417187 -0.086580 
 0.287382 -0.420478 -0.086341 
 0.265083 -0.434881 -0.056159 
 0.241395 -0.438181 -0.055919 
 0.218916 -0.452609 -0.025735 
 0.195168 -0.455917 -0.025494 
 0.171964 -0.464797 -0.010281 
 0.148185 -0.468110 -0.010039 
 0.124407 -0.471422 -0.009798 
 0.100628 -0.474734 -0.009557 
 0.076850 -0.478046 -0.009315 
 0.053071 -0.481358 -0.009074 
 0.029293 -0.484671 -0.008832 
 0.005181 -0.482381 -0.023565 
 -0.018567 -0.485689 -0.023324 
 -0.042042 -0.494607 -0.008108 
 -0.066064 -0.492305 -0.022842 
 -0.089812 -0.495613 -0.022600 
 -0.113560 -0.498921 -0.022359 
 -0.137309 -0.502229 -0.022118 
 -0.161057 -0.505537 -0.021877 
 -0.184805 -0.508845 -0.021636 
 -0.208678 -0.500873 -0.051349 
 -0.232302 -0.515461 -0.021154 
 -0.256050 -0.518769 -0.020913 
 -0.279799 -0.522077 -0.020672 
 -0.303547 -0.525385 -0.020430 
 -0.327384 -0.534353 -0.005211 
 -0.351163 -0.537666 -0.004970 
 -0.374941 -0.540978 -0.004728 
 -0.398720 -0.544290 -0.004487 
 0.436512 -0.450446 -0.021874 
 0.411884 -0.448200 -0.036590 
 0.388136 -0.451508 -0.036349 
 0.362810 -0.443681 -0.066025 
 0.339122 -0.446981 -0.065785 
 0.315433 -0.450281 -0.065544 
 0.290348 -0.442421 -0.095222 
 0.268057 -0.456880 -0.065063 
 0.244369 -0.460179 -0.064823 
 0.220681 -0.463479 -0.064582 
 0.196993 -0.466779 -0.064342 
 0.174949 -0.486880 -0.019219 
 0.150653 -0.484588 -0.033938 
 0.127392 -0.493505 -0.018736 
 0.103614 -0.496817 -0.018494 
 0.079835 -0.500129 -0.018253 
 0.056057 -0.503441 -0.018011 
 0.032278 -0.506753 -0.017770 
 0.008163 -0.504436 -0.032491 
 -0.015279 -0.513378 -0.017287 
 -0.039057 -0.516690 -0.017046 
 -0.062836 -0.520002 -0.016804 
 -0.086831 -0.517668 -0.031527 
 -0.110579 -0.520976 -0.031286 
 -0.134327 -0.524284 -0.031045 
 -0.158076 -0.527592 -0.030803 
 -0.181824 -0.530900 -0.030562 
 -0.205572 -0.534208 -0.030321 
 -0.229321 -0.537516 -0.030080 
 -0.253069 -0.540824 -0.029839 
 -0.276817 -0.544132 -0.029598 
 -0.300620 -0.553124 -0.014390 
 -0.324399 -0.556436 -0.014149 
 -0.348408 -0.571134 0.016027 
 -0.372246 -0.574455 0.016269 
 -0.395734 -0.566373 -0.013425 
 0.439497 -0.472529 -0.030812 
 0.415719 -0.475841 -0.030570 
 0.391941 -0.479153 -0.030329 
 0.368162 -0.482465 -0.030088 
 0.344384 -0.485778 -0.029846 
 0.320605 -0.489090 -0.029605 
 0.296124 -0.486794 -0.044311 
 0.272376 -0.490102 -0.044070 
 0.247343 -0.482178 -0.073726 
 0.223655 -0.485478 -0.073486 
 0.199967 -0.488777 -0.073245 
 0.176279 -0.492077 -0.073005 
 0.153634 -0.506642 -0.042864 
 0.129886 -0.509950 -0.042623 
 0.106599 -0.518900 -0.027432 
 0.082820 -0.522212 -0.027191 
 0.059042 -0.525524 -0.026949 
 0.036005 -0.540144 0.003195 
 0.011485 -0.532148 -0.026466 
 -0.012294 -0.535461 -0.026225 
 -0.036072 -0.538773 -0.025983 
 -0.059851 -0.542085 -0.025742 
 -0.083629 -0.545397 -0.025501 
 -0.107407 -0.548709 -0.025259 
 -0.131186 -0.552022 -0.025018 
 -0.154964 -0.555334 -0.024776 
 -0.178842 -0.552954 -0.039489 
 -0.202521 -0.561958 -0.024294 
 -0.226300 -0.565270 -0.024052 
 -0.250078 -0.568583 -0.023811 
 -0.273857 -0.571895 -0.023569 
 -0.297737 -0.586632 0.006583 
 -0.321576 -0.589952 0.006825 
 -0.345415 -0.593273 0.007067 
 -0.369253 -0.596594 0.007309 
 0.442483 -0.494612 -0.039749 
 0.418704 -0.497924 -0.039508 
 0.394926 -0.501236 -0.039267 
 0.371147 -0.504548 -0.039025 
 0.348902 -0.519115 -0.008912 
 0.323590 -0.511173 -0.038542 
 0.299106 -0.508849 -0.053237 
 0.275357 -0.512157 -0.052996 
 0.250317 -0.504177 -0.082630 
 0.227861 -0.518773 -0.052514 
 0.204112 -0.522081 -0.052273 
 0.180364 -0.525389 -0.052032 
 0.157141 -0.534358 -0.036852 
 0.133363 -0.537670 -0.036611 
 0.109584 -0.540982 -0.036370 
 0.086676 -0.555641 -0.006250 
 0.062837 -0.558962 -0.006008 
 0.038998 -0.562282 -0.005766 
 0.014470 -0.554231 -0.035404 
 -0.009308 -0.557543 -0.035163 
 -0.033087 -0.560856 -0.034921 
 -0.056865 -0.564168 -0.034680 
 -0.080644 -0.567480 -0.034438 
 -0.104422 -0.570792 -0.034197 
 -0.128201 -0.574104 -0.033956 
 -0.151979 -0.577417 -0.033714 
 -0.175861 -0.575009 -0.048415 
 -0.199536 -0.584041 -0.033231 
 -0.223315 -0.587353 -0.032990 
 -0.247093 -0.590665 -0.032748 
 -0.270906 -0.605450 -0.002619 
 -0.294839 -0.620252 0.027511 
 -0.318738 -0.623581 0.027754 
 -0.342637 -0.626910 0.027997 
 -0.366536 -0.630239 0.028239 
 0.445468 -0.516694 -0.048687 
 0.421689 -0.520007 -0.048446 
 0.397911 -0.523319 -0.048204 
 0.374133 -0.526631 -0.047963 
 0.350354 -0.529943 -0.047722 
 0.326576 -0.533255 -0.047480 
 0.302087 -0.530904 -0.062164 
 0.278339 -0.534212 -0.061923 
 0.253291 -0.526176 -0.091534 
 0.230842 -0.540828 -0.061440 
 0.207094 -0.544136 -0.061199 
 0.183345 -0.547444 -0.060958 
 0.160126 -0.556441 -0.045790 
 0.136348 -0.559753 -0.045549 
 0.112569 -0.563065 -0.045307 
 0.089668 -0.577780 -0.015210 
 0.065830 -0.581101 -0.014968 
 0.041991 -0.584421 -0.014726 
 0.017455 -0.576314 -0.044342 
 -0.005687 -0.591062 -0.014242 
 -0.029525 -0.594383 -0.014000 
 -0.053880 -0.586251 -0.043617 
 -0.077203 -0.601024 -0.013516 
 -0.101042 -0.604345 -0.013274 
 -0.125215 -0.596187 -0.042893 
 -0.148719 -0.610986 -0.012790 
 -0.172772 -0.602812 -0.042410 
 -0.196397 -0.617627 -0.012306 
 -0.220141 -0.632460 0.017801 
 -0.244040 -0.635789 0.018043 
 -0.267966 -0.650646 0.048151 
 -0.291925 -0.653984 0.048394 
 -0.315885 -0.657321 0.048637 
 -0.339844 -0.660658 0.048880 
 -0.363803 -0.663996 0.049124 
 0.448453 -0.538777 -0.057625 
 0.424675 -0.542089 -0.057383 
 0.400896 -0.545402 -0.057142 
 0.377118 -0.548714 -0.056901 
 0.353339 -0.552026 -0.056659 
 0.331049 -0.566713 -0.026591 
 0.305782 -0.558650 -0.056176 
 0.281320 -0.556267 -0.070849 
 0.257572 -0.559575 -0.070608 
 0.233824 -0.562883 -0.070367 
 0.210075 -0.566191 -0.070126 
 0.186327 -0.569499 -0.069884 
 0.162579 -0.572807 -0.069643 
 0.139333 -0.581836 -0.054486 
 0.115555 -0.585148 -0.054245 
 0.092661 -0.599919 -0.024171 
 0.068822 -0.603239 -0.023929 
 0.044984 -0.606560 -0.023687 
 0.021145 -0.609881 -0.023444 
 -0.002694 -0.613201 -0.023202 
 -0.026533 -0.616522 -0.022960 
 -0.050371 -0.619842 -0.022718 
 -0.074210 -0.623163 -0.022476 
 -0.097646 -0.638010 0.007604 
 -0.121888 -0.629804 -0.021992 
 -0.145726 -0.633125 -0.021750 
 -0.169565 -0.636445 -0.021508 
 -0.193080 -0.662885 0.038415 
 -0.217040 -0.666222 0.038659 
 -0.240999 -0.669560 0.038902 
 -0.264958 -0.672897 0.039145 
 -0.288917 -0.676234 0.039388 
 -0.312877 -0.679572 0.039632 
 -0.336636 -0.671299 0.010031 
 -0.360535 -0.674628 0.010273 
 0.427660 -0.564172 -0.066321 
 0.403882 -0.567484 -0.066080 
 0.380103 -0.570797 -0.065838 
 0.357880 -0.585531 -0.035793 
 0.335537 -0.600283 -0.005746 
 0.310203 -0.592172 -0.035309 
 0.284989 -0.584045 -0.064873 
 0.260553 -0.581630 -0.079534 
 0.236805 -0.584938 -0.079293 
 0.213057 -0.588246 -0.079052 
 0.189308 -0.591554 -0.078811 
 0.165560 -0.594862 -0.078570 
 0.142318 -0.603919 -0.063424 
 0.118540 -0.607231 -0.063183 
 0.095654 -0.622058 -0.033131 
 0.071815 -0.625378 -0.032889 
 0.047977 -0.628699 -0.032647 
 0.023426 -0.620480 -0.062217 
 0.000299 -0.635340 -0.032163 
 -0.023540 -0.638661 -0.031921 
 -0.047378 -0.641981 -0.031679 
 -0.070746 -0.656875 -0.001621 
 -0.095056 -0.648622 -0.031195 
 -0.118895 -0.651943 -0.030953 
 -0.142444 -0.666862 -0.000893 
 -0.166572 -0.658584 -0.030469 
 -0.190072 -0.685136 0.029410 
 -0.214032 -0.688473 0.029653 
 -0.237991 -0.691810 0.029896 
 -0.261950 -0.695148 0.030139 
 -0.285909 -0.698485 0.030383 
 -0.309869 -0.701823 0.030626 
 -0.333828 -0.705160 0.030869 
 -0.357535 -0.696823 0.001290 
 0.406867 -0.589567 -0.075017 
 0.383088 -0.592879 -0.074776 
 0.360873 -0.607670 -0.044754 
 0.337034 -0.610990 -0.044512 
 0.313196 -0.614311 -0.044270 
 0.287974 -0.606128 -0.073810 
 0.264196 -0.609440 -0.073569 
 0.240418 -0.612753 -0.073328 
 0.216639 -0.616065 -0.073086 
 0.192861 -0.619377 -0.072845 
 0.169082 -0.622689 -0.072603 
 0.145304 -0.626001 -0.072362 
 0.121525 -0.629314 -0.072120 
 0.098647 -0.644196 -0.042091 
 0.074808 -0.647517 -0.041849 
 0.050969 -0.650838 -0.041607 
 0.026411 -0.642562 -0.071155 
 0.003292 -0.657479 -0.041123 
 -0.020547 -0.660799 -0.040881 
 -0.044386 -0.664120 -0.040639 
 -0.067746 -0.679070 -0.010604 
 -0.092063 -0.670761 -0.040155 
 -0.115544 -0.685728 -0.010119 
 -0.139443 -0.689057 -0.009876 
 -0.163342 -0.692386 -0.009634 
 -0.186887 -0.719058 0.050200 
 -0.210907 -0.722404 0.050444 
 -0.234926 -0.725749 0.050688 
 -0.258946 -0.729095 0.050931 
 -0.282966 -0.732441 0.051175 
 -0.306861 -0.724073 0.021620 
 -0.330820 -0.727411 0.021863 
 0.411543 -0.623167 -0.054198 
 0.387705 -0.626488 -0.053956 
 0.363866 -0.629809 -0.053714 
 0.340027 -0.633129 -0.053472 
 0.316188 -0.636450 -0.053230 
 0.292350 -0.639770 -0.052988 
 0.267181 -0.631523 -0.082507 
 0.243403 -0.634835 -0.082265 
 0.219624 -0.638148 -0.082024 
 0.195846 -0.641460 -0.081782 
 0.172067 -0.644772 -0.081541 
 0.148289 -0.648084 -0.081300 
 0.124510 -0.651396 -0.081058 
 0.100732 -0.654709 -0.080817 
 0.077801 -0.669656 -0.050810 
 0.053962 -0.672976 -0.050568 
 0.029397 -0.664645 -0.080092 
 0.006285 -0.679618 -0.050084 
 -0.017554 -0.682938 -0.049841 
 -0.041393 -0.686259 -0.049599 
 -0.064746 -0.701265 -0.019587 
 -0.088645 -0.704594 -0.019345 
 -0.112544 -0.707923 -0.019102 
 -0.136138 -0.722962 0.010912 
 -0.160342 -0.714581 -0.018617 
 -0.184056 -0.729637 0.011398 
 -0.208016 -0.732974 0.011642 
 -0.231911 -0.748056 0.041659 
 -0.255931 -0.751402 0.041903 
 -0.279950 -0.754748 0.042147 
 -0.303853 -0.746324 0.012615 
 -0.327812 -0.749661 0.012858 
 0.414536 -0.645306 -0.063158 
 0.390697 -0.648627 -0.062916 
 0.368437 -0.663538 -0.032938 
 0.343020 -0.655268 -0.062432 
 0.319181 -0.658589 -0.062190 
 0.295342 -0.661909 -0.061948 
 0.271504 -0.665230 -0.061706 
 0.246388 -0.656918 -0.091203 
 0.223826 -0.671871 -0.061222 
 0.199988 -0.675192 -0.060980 
 0.176149 -0.678512 -0.060738 
 0.152310 -0.681833 -0.060496 
 0.127496 -0.673479 -0.089996 
 0.104633 -0.688474 -0.060012 
 0.080794 -0.691795 -0.059770 
 0.056955 -0.695115 -0.059528 
 0.032382 -0.686728 -0.089030 
 0.009277 -0.701756 -0.059044 
 -0.014561 -0.705077 -0.058802 
 -0.037846 -0.720131 -0.028813 
 -0.061745 -0.723460 -0.028570 
 -0.085644 -0.726789 -0.028328 
 -0.109543 -0.730118 -0.028085 
 -0.133130 -0.745213 0.001906 
 -0.157089 -0.748550 0.002149 
 -0.181048 -0.751888 0.002393 
 0.395337 -0.682404 -0.042163 
 0.371438 -0.685733 -0.041921 
 0.347539 -0.689062 -0.041678 
 0.322174 -0.680727 -0.071151 
 0.298335 -0.684048 -0.070909 
 0.274497 -0.687369 -0.070667 
 0.250658 -0.690689 -0.070424 
 0.226819 -0.694010 -0.070182 
 0.202980 -0.697330 -0.069940 
 0.179142 -0.700651 -0.069698 
 0.155303 -0.703972 -0.069456 
 0.131464 -0.707292 -0.069214 
 0.107625 -0.710613 -0.068972 
 0.083787 -0.713933 -0.068730 
 0.059948 -0.717254 -0.068488 
 0.035367 -0.708811 -0.097968 
 0.012270 -0.723895 -0.068004 
 -0.010947 -0.738996 -0.038039 
 -0.034846 -0.742325 -0.037796 
 -0.058244 -0.757452 -0.007829 
 -0.082203 -0.760789 -0.007586 
 0.355905 -0.752243 0.053258 
 0.329586 -0.738023 0.008965 
 0.302741 -0.717914 -0.050176 
 0.277489 -0.709507 -0.079627 
 0.253651 -0.712828 -0.079385 
 0.229812 -0.716149 -0.079143 
 0.205973 -0.719469 -0.078901 
 0.182134 -0.722790 -0.078659 
 0.158296 -0.726110 -0.078417 
 0.134457 -0.729431 -0.078175 
 0.110618 -0.732751 -0.077933 
 0.086779 -0.736072 -0.077691 
 0.062941 -0.739393 -0.077449 
 0.039102 -0.742713 -0.077207 
 0.015263 -0.746034 -0.076965 
 -0.007946 -0.761191 -0.047022 
 0.307161 -0.751892 -0.029489 
 0.281842 -0.743438 -0.058916 
 0.257943 -0.746767 -0.058674 
 0.232805 -0.738287 -0.088103 
 0.208966 -0.741608 -0.087861 
 0.185127 -0.744929 -0.087619 
 0.161288 -0.748249 -0.087377 
 0.137450 -0.751570 -0.087135 
 