0.092806 -0.486624 -0.068962 
 -0.616774 -0.629503 0.134569 
 -0.290321 0.617218 -0.170502 
 -0.005053 -0.661531 -0.074002 
 -0.370085 -0.165749 -0.037901 
 -0.613368 0.659536 0.271480 
 -0.647055 0.388870 -0.066459 
 0.311328 -0.098826 0.115209 
 0.080335 -0.754174 -0.089983 
 -0.471129 -0.755293 0.110514 
 0.069677 0.534847 -0.093586 
 0.138207 -0.786208 -0.099130 
 0.108738 -0.755327 -0.093314 
 0.549922 -0.013863 0.053478 
 -0.168334 -0.452369 -0.000393 
 -0.073769 0.569099 -0.055429 
 -0.682619 0.178036 -0.018989 
 -0.178408 -0.660994 -0.014897 
 0.493216 -0.486676 -0.013757 
 -0.067808 -0.747753 -0.073646 
 -0.689902 -0.198322 0.115005 
 0.456188 0.714936 0.057592 
 0.058574 -0.544927 -0.072291 
 -0.383433 -0.692360 0.065677 
 0.561934 -0.309492 -0.007876 
 0.333992 -0.408253 -0.091460 
 0.016136 -0.375535 0.025545 
 0.074453 0.158996 0.078803 
 -0.663336 -0.194287 0.072051 
 0.395966 0.490967 -0.111722 
 -0.037311 -0.316200 0.056325 
 -0.286914 0.773834 0.144018 
 -0.534412 0.391828 -0.159941 
 -0.378718 0.747389 0.151825 
 -0.585683 0.661367 0.228360 
 -0.559024 -0.461255 -0.001079 
 -0.695242 -0.252486 0.071193 
 -0.507712 0.332070 -0.167249 
 -0.501396 -0.724289 0.115906 
 0.546205 0.711459 0.049688 
 -0.420176 0.139645 -0.069753 
 -0.681003 0.239493 -0.034747 
 -0.258437 -0.383603 -0.025900 
 0.237712 -0.456770 -0.125306 
 0.548477 0.452087 -0.090638 
 0.233958 -0.015084 0.210344 
 0.612505 0.042992 0.053144 
 0.060447 -0.234727 0.091823 
 -0.316886 -0.286331 -0.052686 
 0.590136 -0.436095 0.018377 
 -0.477942 0.389449 -0.186261 
 0.500800 -0.305241 -0.001278 
 -0.633055 -0.195443 0.068758 
 -0.318510 0.556403 -0.130641 
 0.345192 0.578746 -0.059490 
 -0.481791 0.051020 -0.050859 
 -0.094428 -0.753873 -0.030972 
 -0.678249 0.297275 -0.030640 
 0.300386 -0.149461 0.032214 
 0.572831 0.391633 -0.098031 
 -0.613213 -0.340038 0.015503 
 -0.354697 0.410610 -0.137615 
 0.458024 -0.040366 0.063425 
 0.496077 -0.334321 -0.023016 
 0.549059 -0.673793 0.006407 
 -0.066008 -0.748408 -0.073646 
 0.282007 -0.098278 0.118524 
 0.189269 0.559802 -0.103238 
 -0.620616 0.572551 0.225412 
 -0.533587 0.420533 -0.157903 
 -0.587539 -0.495432 0.041472 
 -0.263816 0.403475 -0.107682 
 0.147670 -0.482972 -0.117377 
 0.577419 0.358184 -0.061134 
 -0.035754 -0.690106 -0.072791 
 0.155690 0.225689 -0.025915 
 -0.201047 0.489577 -0.108034 
 -0.025069 0.390874 -0.094082 
 -0.603039 -0.131215 0.029970 
 -0.004868 0.024515 0.237778 
 0.037678 0.230301 -0.012001 
 0.175841 -0.514713 -0.122700 
 0.299049 -0.149461 0.032247 
 0.109977 -0.100783 0.217371 
 -0.297442 -0.656370 -0.000228 
 0.327886 0.314074 -0.117536 
 0.363620 -0.407819 -0.095666 
 0.655535 -0.444200 0.051837 
 -0.595193 0.239273 -0.085041 
 0.191008 -0.124848 0.126381 
 -0.220170 0.696956 -0.090448 
 0.232508 0.701955 -0.038323 
 0.051146 -0.066433 0.226136 
 0.095577 -0.427359 -0.067302 
 -0.384246 -0.692360 0.065272 
 -0.472239 0.601468 0.151323 
 0.103667 -0.126313 0.175798 
 0.291648 0.018109 0.166333 
 0.395043 0.779729 0.030762 
 -0.448651 0.296484 -0.136066 
 -0.289213 0.555263 -0.133881 
 0.296818 -0.459071 -0.132343 
 -0.052819 0.297180 -0.037451 
 0.227344 -0.070701 0.166822 
 -0.546787 0.557255 -0.005421 
 0.506378 -0.187540 0.007042 
 0.576915 0.328456 -0.062738 
 -0.546553 -0.194547 0.019281 
 -0.256397 -0.258117 -0.057163 
 -0.381803 -0.338717 -0.089819 
 0.232965 0.049879 0.175178 
 0.446878 0.627659 0.013829 
 0.184788 0.410270 -0.095061 
 -0.004394 -0.661212 -0.074002 
 0.491515 0.513691 -0.079976 
 0.589992 -0.562143 0.049129 
 -0.570424 -0.009438 -0.005294 
 -0.208056 -0.855524 0.074493 
 -0.411600 0.687319 0.170844 
 -0.742952 0.150073 -0.014865 
 -0.007644 0.622200 -0.018208 
 -0.266280 -0.756837 0.047916 
 0.281688 0.810537 0.085573 
 0.426572 -0.445687 -0.063574 
 -0.081178 -0.485641 -0.013217 
 -0.174145 -0.571583 -0.008681 
 0.377509 0.636900 -0.057824 
 -0.537838 0.207289 -0.092781 
 -0.702182 0.418912 -0.019169 
 -0.139197 -0.453525 -0.003595 
 0.166005 0.091241 0.104838 
 0.198484 -0.662946 -0.136277 
 -0.408273 0.530436 -0.122039 
 0.511453 0.334630 -0.094236 
 -0.346957 0.586929 -0.127255 
 0.401993 0.546794 -0.068106 
 -0.237623 -0.563123 -0.041578 
 0.763927 -0.181933 0.100574 
 0.079857 -0.099884 0.220017 
 -0.317668 0.586583 -0.128598 
 -0.235880 -0.534766 -0.039511 
 0.442794 -0.212281 -0.008117 
 0.096433 0.228659 -0.018557 
 -0.105432 -0.023190 0.165809 
 -0.681240 0.207389 -0.016933 
 -0.251270 0.698099 -0.087199 
 -0.671365 0.445468 -0.020373 
 0.020108 0.591398 -0.023569 
 -0.578916 0.531112 -0.023983 
 -0.671365 0.446146 -0.020373 
 -0.328889 0.163582 -0.058125 
 0.568474 0.682460 0.004828 
 -0.383112 -0.629383 0.049681 
 -0.096051 -0.717527 -0.068502 
 0.144323 -0.011567 0.220690 
 0.264803 -0.016256 0.207939 
 -0.478135 0.297624 -0.132826 
 -0.177236 -0.631190 -0.012537 
 0.277520 0.187125 -0.000867 
 -0.366887 0.640648 -0.038569 
 0.010762 -0.429502 -0.018040 
 0.253359 0.152033 0.059919 
 0.740202 0.342690 0.021387 
 0.746425 0.090290 0.122760 
 -0.556267 0.660204 0.225053 
 -0.646807 0.600564 0.269317 
 0.141599 -0.726753 -0.094526 
 0.197171 -0.758787 -0.103148 
 -0.392867 -0.080560 0.010504 
 -0.216002 0.723534 -0.049986 
 -0.262575 0.433180 -0.105633 
 -0.073744 0.227157 0.080269 
 -0.384284 -0.462498 -0.058515 
 0.123240 0.792822 0.020711 
 -0.116618 0.742592 0.042802 
 0.582962 0.477095 -0.054653 
 -0.157788 -0.213940 0.015551 
 -0.554692 -0.307108 -0.027038 
 -0.058948 -0.230540 0.105052 
 0.202920 0.051048 0.178186 
 0.311328 -0.099445 0.115540 
 -0.508482 0.363302 -0.183977 
 -0.105763 -0.365270 -0.000750 
 0.391217 0.463109 -0.133521 
 -0.065734 -0.285122 0.061840 
 -0.554716 0.535298 -0.106761 
 0.332870 0.189042 -0.046847 
 0.174776 -0.201405 0.021535 
 0.011609 -0.429502 -0.018040 
 -0.613481 0.692524 0.233753 
 -0.035408 -0.690106 -0.072681 
 0.361837 -0.437547 -0.096805 
 0.460243 -0.010373 0.066718 
 -0.191918 0.105202 0.144525 
 0.522825 0.047286 0.062571 
 0.331370 0.281570 -0.080119 
 0.285633 -0.038140 0.122705 
 0.112795 -0.040615 0.221062 
 -0.110882 -0.484715 -0.009038 
 0.264383 -0.457921 -0.128386 
 0.198663 -0.228275 -0.023254 
 -0.477736 0.233855 -0.097230 
 0.354020 -0.491023 -0.140256 
 -0.110523 -0.048254 0.123116 
 0.126061 0.226569 -0.021835 
 0.348378 -0.736253 -0.117472 
 0.483266 -0.633115 -0.043789 
 0.049900 -0.098712 0.224035 
 0.413014 -0.211326 -0.004028 
 0.184214 -0.149868 0.087210 
 0.389840 0.433629 -0.135177 
 0.747709 0.245054 0.092970 
 0.177870 0.017482 0.219110 
 0.066725 0.414859 -0.082058 
 0.450720 -0.566057 -0.075887 
 -0.050378 0.479967 -0.084665 
 0.420454 0.400148 -0.121151 
 0.454068 0.488097 -0.118244 
 0.270704 0.408674 -0.124364 
 -0.159763 0.099631 0.180662 
 -0.052819 0.298438 -0.037614 
 0.409021 -0.707403 -0.121928 
 0.259799 0.083302 0.134859 
 0.735585 0.440208 -0.031466 
 -0.556988 -0.631830 0.129683 
 -0.561435 -0.788980 0.157876 
 -0.449616 0.142613 -0.066965 
 -0.367968 0.640648 -0.038569 
 -0.560195 0.418738 -0.114933 
 0.341946 0.118634 0.047634 
 -0.456358 -0.102995 -0.024909 
 0.646542 0.317176 0.009505 
 0.416925 -0.184021 0.017312 
 -0.465576 -0.280906 -0.036337 
 -0.707250 0.490026 -0.154333 
 0.498233 0.569737 -0.036017 
 -0.536154 0.362518 -0.161979 
 -0.649801 0.329945 -0.072974 
 0.739299 0.064640 0.083798 
 0.316815 -0.044064 0.158817 
 0.288850 0.641109 -0.048843 
 0.611212 0.323268 -0.026609 
 -0.231723 -0.445277 -0.033311 
 -0.076873 0.765678 0.120955 
 -0.005780 -0.692447 -0.076069 
 -0.436480 -0.311708 -0.042965 
 0.320287 -0.013178 0.160913 
 -0.659525 -0.070531 0.040660 
 -0.473795 0.450128 -0.162330 
 -0.449556 0.109025 -0.049591 
 -0.353608 -0.759947 0.097285 
 0.311328 -0.099445 0.114925 
 -0.716566 0.025965 0.013704 
 -0.023692 0.420925 -0.092029 
 0.290243 -0.012750 0.165324 
 0.289164 -0.201478 -0.030408 
 0.530618 -0.308332 -0.005737 
 -0.190417 0.163493 0.148696 
 0.420962 0.185583 -0.056659 
 -0.266445 -0.825144 0.083192 
 0.297760 0.726188 -0.003090 
 -0.239809 -0.592851 -0.043645 
 -0.004644 -0.661531 -0.074002 
 0.148870 -0.453320 -0.115307 
 0.623714 0.591658 -0.008338 
 0.676625 0.317231 0.006210 
 -0.298805 0.286769 -0.113073 
 0.499364 -0.307172 -0.001278 
 0.339521 0.552414 -0.101087 
 0.277506 -0.344139 -0.080770 
 -0.037616 0.623351 -0.014562 
 -0.519611 -0.188127 -0.023614 
 -0.133999 0.008684 0.171215 
 0.095577 -0.428411 -0.067302 
 -0.753642 -0.285642 0.115363 
 -0.469629 -0.629044 0.079328 
 0.549059 -0.674777 0.006407 
 -0.194969 0.265229 0.055931 
 0.529223 -0.338258 -0.006657 
 -0.292489 0.496490 -0.138057 
 -0.205026 0.775779 0.054702 
 -0.042039 -0.373217 0.033095 
 -0.599701 0.055609 -0.037939 
 -0.540688 0.085152 -0.061063 
 -0.556988 -0.631805 0.128776 
 -0.121629 -0.160444 0.056560 
 -0.751182 -0.126178 0.045688 
 0.558186 -0.621115 0.049831 
 -0.557638 -0.430113 0.002747 
 -0.514676 -0.071042 -0.015368 
 -0.498910 0.537244 -0.151577 
 -0.671365 0.445339 -0.019406 
 -0.353865 -0.594450 0.008965 
 -0.048675 0.764519 0.117692 
 0.204563 -0.013911 0.212391 
 0.677566 0.470132 -0.022160 
 -0.501497 -0.791001 0.151245 
 -0.580339 -0.281641 0.016359 
 -0.626766 0.054476 0.005956 
 0.175852 0.017309 0.219110 
 -0.216002 0.722921 -0.048694 
 0.309906 -0.286602 -0.079278 
 -0.083630 0.739742 0.079200 
 0.112914 0.676806 -0.027163 
 0.761645 -0.086871 0.067565 
 -0.556660 0.660204 0.225821 
 -0.170290 -0.480468 -0.002465 
 -0.110882 -0.484195 -0.009038 
 0.189095 -0.341445 -0.070936 
 0.683690 0.496508 0.018674 
 0.532012 -0.278415 -0.002146 
 -0.542522 0.023738 -0.045577 
 -0.065365 -0.784613 -0.036331 
 -0.158994 -0.213940 0.016183 
 -0.169263 -0.452369 -0.000393 
 -0.037434 0.058682 0.204993 
 0.079987 0.090301 0.153272 
 0.651720 -0.564476 0.044064 
 0.476583 0.627242 0.009724 
 0.620936 0.534014 -0.012105 
 0.249443 0.496703 -0.095415 
 0.163906 0.155514 0.069563 
 0.146288 -0.510931 -0.119430 
 -0.412455 -0.431466 -0.053817 
 -0.278206 0.727826 -0.081902 
 -0.508474 0.207914 -0.096030 
 0.367767 -0.066869 0.070501 
 -0.296154 0.158122 -0.022462 
 -0.751872 -0.190819 0.080116 
 -0.027063 -0.201711 0.103830 
 -0.136421 0.326403 0.013868 
 0.135612 0.092404 0.109403 
 0.122590 0.792822 0.020711 
 0.022358 -0.818219 -0.048262 
 -0.651931 0.543102 0.226634 
 0.021490 0.621050 -0.021050 
 0.044258 0.192174 0.065013 
 -0.321777 0.497630 -0.133734 
 0.234683 -0.015084 0.210279 
 -0.621586 0.299340 -0.076890 
 0.548479 -0.801529 0.037288 
 -0.558386 -0.661823 0.128138 
 0.326003 0.695567 -0.006382 
 0.429373 -0.386080 -0.059905 
 0.093445 0.356174 -0.089390 
 0.841307 0.051809 0.150000 
 0.225939 -0.100845 0.165240 
 0.081721 -0.726473 -0.087970 
 -0.358367 0.164735 -0.058356 
 0.107192 -0.816334 -0.097448 
 0.747709 0.246453 0.093875 
 0.340066 -0.317483 -0.085260 
 0.029156 -0.264024 0.092799 
 -0.630026 -0.007138 0.001834 
 0.559041 -0.339410 -0.012327 
 -0.000737 -0.262860 0.096631 
 -0.140999 0.516753 -0.110436 
 -0.345587 0.615335 -0.123314 
 -0.441524 -0.860056 0.180808 
 0.429704 0.485747 -0.075498 
 -0.346473 0.774979 0.150608 
 0.699520 -0.145314 0.070015 
 -0.000655 -0.602076 -0.069869 
 -0.222024 -0.234767 -0.018844 
 0.273698 0.467750 -0.120493 
 0.307843 0.185969 -0.004105 
 -0.598191 0.116982 -0.051710 
 0.226389 -0.819395 -0.110560 
 0.158453 0.531744 -0.103357 
 -0.442058 -0.531375 0.022968 
 0.173383 -0.231933 0.018951 
 -0.252146 0.201847 0.117772 
 0.244018 0.468896 -0.117204 
 0.397162 0.088627 0.017926 
 -0.714043 0.086256 0.017827 
 0.221330 0.588195 -0.105764 
 -0.021132 -0.145353 0.147500 
 0.388463 0.403169 -0.137628 
 0.682165 0.127111 0.092733 
 0.477955 -0.157457 0.012420 
 -0.082041 0.391019 -0.067424 
 -0.026746 0.329572 -0.078401 
 -0.689685 -0.133524 0.079469 
 0.387332 0.343087 -0.122003 
 -0.647215 -0.457796 0.010514 
 0.136821 -0.815834 -0.100726 
 -0.436480 -0.312668 -0.041668 
 0.684968 0.187249 0.095961 
 0.388697 -0.152943 0.022317 
 -0.102374 0.629814 -0.067883 
 0.553015 -0.709209 0.043559 
 0.171695 -0.603385 -0.128884 
 -0.111121 -0.484485 -0.009038 
 0.776379 0.307917 0.055374 
 -0.394253 -0.111451 0.009091 
 0.422731 0.747325 0.025404 
 0.643796 0.072626 0.051741 
 -0.163876 0.294239 0.054693 
 -0.234627 0.556323 -0.180845 
 -0.174069 0.521317 -0.148886 
 0.841732 0.052133 0.150000 
 -0.380965 0.657750 0.145593 
 -0.720168 -0.097604 0.044037 
 0.176690 0.017482 0.219110 
 0.761347 -0.368612 0.126900 
 0.432129 -0.326472 -0.056622 
 0.693914 -0.265159 0.061653 
 -0.431495 0.775523 0.219667 
 0.319514 0.668852 -0.050051 
 -0.706312 0.327826 -0.025330 
 0.051146 -0.068089 0.226136 
 -0.576182 -0.192552 0.021825 
 0.423262 0.122608 -0.021395 
 -0.292366 -0.471633 -0.030170 
 0.495390 -0.364200 -0.025710 
 0.284926 -0.791974 -0.115049 
 0.021026 -0.067422 0.229469 
 0.517092 0.237484 -0.022966 
 0.054055 0.619900 -0.024747 
 -0.217867 -0.146934 -0.013003 
 0.125206 -0.427963 -0.070580 
 0.805212 0.057237 0.114016 
 -0.128589 0.659498 -0.043876 
 0.299787 0.346528 -0.113982 
 0.367887 0.521690 -0.106404 
 0.713368 0.278748 0.059903 
 -0.540584 0.148600 -0.096714 
 0.343102 -0.070542 0.113984 
 -0.325296 0.095500 0.019186 
 0.515278 -0.637717 -0.027456 
 -0.485096 0.021444 -0.052099 
 -0.007165 -0.720987 -0.080190 
 0.759712 -0.272892 0.094287 
 0.050706 -0.753021 -0.089529 
 -0.730244 0.447631 -0.014377 
 -0.751192 -0.225883 0.119517 
 0.066775 0.322231 -0.049055 
 -0.431128 -0.222753 -0.035484 
 -0.724946 -0.252289 0.074480 
 0.383875 0.663533 -0.016691 
 -0.325266 0.409471 -0.140856 
 0.572265 0.391633 -0.098031 
 -0.096028 -0.250971 0.047033 
 0.450720 -0.567990 -0.075623 
 0.613959 0.197942 0.025445 
 -0.018991 -0.428346 -0.015323 
 -0.693853 -0.223951 0.073265 
 0.124146 0.822802 0.022778 
 0.477480 -0.186342 0.010340 
 0.489286 0.144909 0.014172 
 -0.208330 -0.661177 -0.011611 
 0.189265 0.847428 0.059358 
 -0.746539 0.120497 -0.016579 
 0.709331 0.065807 0.084586 
 -0.598191 0.116982 -0.051747 
 -0.644185 -0.368613 0.016715 
 0.752329 0.210870 0.131143 
 -0.351967 -0.404115 -0.057606 
 0.142661 0.023242 0.182953 
 0.456188 0.714476 0.059572 
 0.041757 0.504734 -0.072586 
 0.218249 -0.342259 -0.074214 
 -0.005598 0.024515 0.239104 
 0.462427 0.514842 -0.076706 
 -0.733921 0.293785 0.035527 
 0.068284 -0.180321 0.135463 
 0.187392 0.469495 -0.090949 
 0.399646 -0.384924 -0.055943 
 0.642305 0.352074 -0.029956 
 -0.327147 -0.654248 0.001535 
 0.093445 0.355461 -0.089390 
 -0.258581 -0.383603 -0.024651 
 0.427492 0.456688 -0.077560 
 0.184987 0.316987 -0.061710 
 -0.128589 0.660726 -0.042738 
 -0.484815 -0.072193 -0.018638 
 0.191391 -0.281314 -0.066803 
 0.336476 -0.095699 0.072334 
 0.613903 0.074723 0.055229 
 0.198663 -0.227813 -0.022766 
 -0.029232 -0.231704 0.101777 
 0.530618 -0.308332 -0.004661 
 -0.634053 -0.160518 0.030657 
 -0.121995 -0.722913 -0.023785 
 0.272081 0.438144 -0.122546 
 -0.317360 -0.286657 -0.052686 
 -0.383148 0.441137 -0.132332 
 0.310816 0.584393 -0.095769 
 0.097342 -0.181432 0.132147 
 0.263009 0.048709 0.169977 
 -0.449556 0.107967 -0.049192 
 0.345795 -0.263139 -0.041758 
 -0.643753 -0.368613 0.015878 
 0.155690 0.225689 -0.023655 
 0.344803 -0.263397 -0.041758 
 -0.218299 0.132660 0.189523 
 -0.676651 -0.493139 0.051331 
 0.032163 -0.513839 -0.066947 
 -0.445949 0.416608 -0.167599 
 -0.428187 -0.133797 -0.029283 
 0.542932 -0.164460 0.045162 
 -0.749845 0.001326 -0.024804 
 -0.265630 -0.561970 -0.038300 
 0.417697 0.340210 -0.125264 
 -0.593592 0.332630 -0.117821 
 0.346969 0.578746 -0.059505 
 0.283626 -0.725938 -0.150208 
 0.117124 -0.232251 0.045768 
 -0.510832 0.084006 -0.064558 
 0.627845 -0.257299 0.028985 
 0.480744 -0.096590 0.015300 
 0.000661 -0.232319 0.098438 
 0.545728 -0.103843 0.049974 
 0.277506 -0.344904 -0.081124 
 0.702379 -0.084538 0.074196 
 -0.037318 -0.845596 -0.043761 
 -0.472429 0.478448 -0.160292 
 0.051043 0.619900 -0.024855 
 -0.255826 0.642283 -0.130993 
 -0.494077 0.717863 0.223467 
 0.680763 0.097042 0.091560 
 0.373359 0.054307 0.079602 
 0.552929 0.171135 0.028701 
 -0.105172 -0.395074 -0.002822 
 0.006240 -0.208057 0.140003 
 0.684103 -0.476595 0.047020 
 -0.295597 -0.692619 0.035975 
 -0.039565 -0.779289 -0.078854 
 0.155699 0.472333 -0.107221 
 0.159830 0.560948 -0.100173 
 0.719678 -0.356202 0.052066 
 -0.355135 0.659612 0.102322 
 0.457447 -0.070360 0.060462 
 0.084201 -0.072068 0.242549 
 0.414564 -0.588492 -0.112636 
 0.610727 -0.016190 0.048973 
 -0.040951 0.159324 0.132159 
 -0.402781 -0.223903 -0.037317 
 0.157962 -0.370020 -0.069725 
 -0.658001 0.023664 0.007165 
 0.330230 0.222923 -0.084242 
 0.684678 0.496508 0.019229 
 0.244000 -0.152195 0.078693 
 0.646542 0.318390 0.009756 
 -0.242363 0.753323 -0.023524 
 0.554857 -0.429556 -0.016195 
 0.642305 0.351986 -0.027823 
 -0.713475 0.151458 -0.017784 
 -0.165224 -0.268152 -0.027467 
 -0.564455 0.267541 -0.085436 
 0.556579 -0.399245 -0.014116 
 -0.130631 0.162861 0.140927 
 0.191391 -0.283277 -0.066803 
 0.109645 -0.319090 0.019816 
 -0.713475 0.148926 -0.018870 
 -0.199668 0.802707 0.096489 
 0.068190 0.258876 -0.012905 
 0.739299 0.064411 0.081333 
 0.006452 0.358001 -0.079606 
 -0.235519 0.494210 -0.144448 
 -0.440509 -0.464724 -0.012432 
 0.285078 0.086587 0.091773 
 -0.440503 -0.597186 0.058348 
 0.134089 0.156675 0.072218 
 -0.557456 -0.367283 -0.032713 
 -0.283702 0.172922 0.118991 
 0.621362 -0.533241 0.051525 
 0.554857 -0.429162 -0.017266 
 -0.357166 0.225414 -0.070575 
 -0.260022 0.462400 -0.103585 
 0.617233 -0.496253 0.012303 
 -0.441610 -0.726463 0.108499 
 0.305219 0.249651 -0.040786 
 -0.373228 -0.225053 -0.041423 
 -0.420176 0.139645 -0.071642 
 -0.023159 -0.517738 -0.020969 
 -0.527903 -0.366686 -0.035982 
 -0.651931 0.543721 0.227286 
 0.350395 -0.578303 -0.146441 
 -0.409974 -0.831080 0.178685 
 -0.202334 -0.010064 0.096615 
 -0.179394 -0.595157 -0.051428 
 0.102952 -0.157193 0.173703 
 0.308059 0.523985 -0.101847 
 -0.469439 0.506797 -0.158254 
 0.489205 0.112832 0.031139 
 -0.409995 -0.342510 -0.047000 
 0.619960 -0.563003 0.047380 
 0.652732 -0.504338 0.049312 
 -0.620437 0.328802 -0.074915 
 -0.205398 -0.037590 0.076812 
 -0.032311 0.649708 0.026767 
 -0.415933 0.632121 0.106555 
 0.368286 0.551266 -0.104348 
 0.560435 -0.309346 -0.007876 
 -0.198004 0.015222 0.138270 
 0.335734 0.463685 -0.107255 
 -0.197407 0.015871 0.138270 
 -0.507824 0.575982 0.112584 
 0.144212 0.705405 -0.028372 
 -0.054252 -0.546404 -0.020508 
 0.765332 -0.152480 0.102670 
 -0.065037 -0.688953 -0.069544 
 0.689709 -0.356207 0.055382 
 0.506415 -0.157585 0.009121 
 0.063177 -0.485471 -0.067551 
 0.229084 -0.598759 -0.174755 
 -0.323086 -0.827842 0.129667 
 0.255614 0.841292 0.108291 
 0.059020 -0.574679 -0.074358 
 -0.339528 -0.138285 -0.039109 
 -0.410075 -0.833297 0.178685 
 0.287433 -0.072600 0.160046 
 -0.511249 0.084370 -0.064558 
 -0.231173 -0.444212 -0.033311 
 0.270704 0.407015 -0.124600 
 -0.452313 0.049253 -0.053304 
 -0.236140 -0.628878 -0.006252 
 -0.366317 -0.077048 -0.031716 
 0.387998 -0.557611 -0.108349 
 0.365006 -0.378091 -0.092860 
 0.244000 -0.150682 0.078235 
 0.301166 0.376104 -0.109059 
 -0.000737 -0.263443 0.096352 
 0.476583 0.627242 0.009679 
 0.144641 -0.200895 0.024830 
 0.440009 -0.272244 -0.012113 
 -0.406927 -0.311734 -0.044938 
 0.549059 -0.676016 0.006407 
 0.166450 -0.817089 -0.103528 
 -0.557456 -0.366824 -0.032713 
 0.602694 -0.166156 0.038548 
 0.052966 -0.693565 -0.082625 
 0.733364 -0.181013 0.103898 
 0.012855 0.792080 0.113148 
 0.190646 0.589340 -0.101472 
 0.291289 -0.577679 -0.139225 
 0.645188 -0.022068 0.085758 
 0.387154 -0.557611 -0.108349 
 0.243260 0.439358 -0.119289 
 -0.116578 -0.073380 0.082558 
 -0.189624 -0.179118 -0.017989 
 -0.286914 0.774902 0.144018 
 -0.516846 -0.129850 -0.019491 
 0.839472 0.148284 0.116979 
 0.598178 0.682518 0.001541 
 0.234683 -0.015084 0.211490 
 0.127380 0.473479 -0.104207 
 0.049671 0.590248 -0.026808 
 0.545152 0.423305 -0.092700 
 -0.428964 0.584402 -0.036162 
 0.391217 0.463167 -0.135426 
 -0.082435 0.738619 0.079200 
 -0.604425 -0.161710 0.027904 
 0.647960 0.286533 0.029347 
 -0.571333 -0.009438 -0.004706 
 -0.724946 -0.251581 0.074480 
 -0.540746 0.053002 -0.043521 
 -0.360467 -0.022258 0.011103 
 0.642398 0.043623 0.049837 
 -0.038998 0.593699 -0.017621 
 0.174443 -0.013056 0.217009 
 -0.234527 -0.533395 -0.039511 
 -0.586578 -0.565145 0.096684 
 0.005134 0.358001 -0.079606 
 0.331755 0.434109 -0.109311 
 0.424758 -0.130473 0.060476 
 0.533407 -0.247722 -0.000417 
 -0.296154 0.158122 -0.020219 
 0.516456 0.423586 -0.089430 
 -0.326770 -0.720087 0.036860 
 0.565695 0.624589 0.000684 
 0.051043 0.619900 -0.025159 
 -0.075098 0.568475 -0.055429 
 -0.603270 0.556604 0.041001 
 0.534873 -0.218580 0.001663 
 -0.274785 -0.085173 -0.001954 
 0.385261 0.694077 -0.014991 
 -0.180015 -0.690798 -0.018054 
 -0.318268 -0.315654 -0.054747 
 0.431277 -0.386080 -0.059905 
 -0.494077 0.717318 0.222609 
 0.484248 -0.603236 -0.041334 
 -0.413250 -0.691880 0.068571 
 -0.008310 -0.816948 -0.044975 
 -0.678040 -0.521673 0.049259 
 -0.411073 -0.401814 -0.051907 
 -0.105432 -0.022977 0.166476 
 -0.078441 0.510087 -0.079354 
 -0.446862 0.199867 -0.062988 
 0.561780 0.534363 -0.005532 
 -0.234169 0.775470 0.057980 
 0.348378 -0.734824 -0.119621 
 0.748933 0.245054 0.093875 
 -0.448681 0.359107 -0.172104 
 -0.102131 0.258459 0.085641 
 0.462569 0.019620 0.067595 
 -0.092763 -0.224127 0.068815 
 0.205719 0.761780 -0.030788 
 0.618170 -0.593379 0.045290 
 -0.658139 -0.040454 0.042486 
 -0.324766 -0.530915 -0.029677 
 0.328628 0.222923 -0.084242 
 0.582611 0.044959 0.057682 
 0.198421 0.706030 -0.074808 
 -0.046683 0.508176 -0.062802 
 0.281663 -0.255721 -0.073596 
 0.068144 0.258876 -0.013212 
 -0.062737 -0.629497 -0.065379 
 0.438975 0.572043 -0.030592 
 -0.296161 -0.822260 0.086500 
 -0.691306 -0.000101 -0.031326 
 -0.132251 -0.304507 0.007246 
 -0.474332 -0.852080 0.143471 
 0.155434 0.318489 -0.058440 
 -0.098424 0.127945 0.176261 
 0.646590 0.007328 0.087099 
 -0.136419 -0.394958 0.000464 
 -0.170290 -0.482172 -0.002491 
 0.499618 0.600143 -0.034303 
 -0.140553 0.516753 -0.112484 
 -0.593819 0.268735 -0.081249 
 0.033798 0.704077 0.063982 
 0.762260 -0.086871 0.067394 
 -0.328169 0.288238 -0.109377 
 0.070861 0.503587 -0.075632 
 0.272081 0.438534 -0.122546 
 -0.586881 -0.630667 0.132960 
 -0.695070 -0.222934 0.073265 
 0.373801 0.023110 0.077517 
 0.085484 -0.664991 -0.083836 
 0.192023 0.618879 -0.101981 
 -0.168309 -0.357335 -0.033115 
 0.556252 -0.399245 -0.013773 
 0.669551 -0.144529 0.073331 
 -0.608355 0.531799 -0.020726 
 -0.631301 -0.101063 0.035315 
 0.882953 0.229538 0.178938 
 0.561528 0.533150 -0.005532 
 0.007229 0.448524 -0.093232 
 0.200288 -0.633532 -0.134215 
 0.112914 0.676030 -0.027163 
 0.642305 0.352074 -0.027223 
 0.262061 0.701489 -0.041450 
 -0.654520 0.146632 -0.023316 
 0.300532 0.785453 0.001043 
 0.026620 -0.631719 -0.075213 
 -0.201664 0.489577 -0.108034 
 -0.310317 0.670922 -0.081904 
 0.242504 0.285678 -0.070310 
 -0.224504 0.076097 0.145748 
 0.375700 0.607248 -0.060713 
 -0.148270 -0.855618 0.067878 
 -0.047084 0.259449 0.039475 
 -0.563876 0.359817 -0.119019 
 -0.376429 0.713209 0.209380 
 -0.648428 0.358889 -0.069545 
 -0.377646 0.747389 0.151882 
 0.518631 -0.042693 0.058431 
 0.041807 -0.402092 -0.019254 
 -0.281804 -0.169200 -0.047482 
 -0.032311 0.649949 0.026672 
 -0.615048 0.691558 0.233753 
 0.239094 -0.427118 -0.122651 
 -0.586280 -0.630667 0.132084 
 -0.205398 -0.039264 0.074753 
 -0.228090 0.641143 -0.134233 
 0.590339 -0.562143 0.050696 
 -0.509839 0.302759 -0.169130 
 -0.325423 0.347211 -0.105281 
 -0.230991 -0.349412 -0.066284 
 -0.165009 0.830492 0.134994 
 -0.552466 0.749510 0.231309 
 -0.096028 -0.251382 0.046675 
 0.384627 -0.179412 0.000549 
 0.427554 -0.069196 0.063044 
 -0.407629 -0.312859 -0.044938 
 -0.165538 -0.297880 -0.029298 
 -0.078399 -0.426190 -0.008180 
 0.155434 0.318780 -0.058110 
 -0.522375 -0.251045 -0.027737 
 -0.483147 -0.042522 -0.016576 
 -0.283358 0.172899 0.118991 
 -0.349259 0.717220 0.146453 
 0.010713 -0.428197 -0.018040 
 -0.477808 0.298520 -0.132826 
 0.037404 -0.179154 0.138845 
 0.157606 -0.370020 -0.070797 
 0.135330 0.619597 -0.075353 
 -0.345587 0.615989 -0.123314 
 0.108669 -0.101057 0.217371 
 0.579815 -0.015027 0.050892 
 0.585515 -0.682420 0.042334 
 -0.050084 -0.456613 -0.013539 
 0.716678 -0.416464 0.047885 
 0.454796 0.685224 0.057495 
 -0.001297 0.678524 0.024932 
 0.053257 0.649552 -0.022685 
 -0.020380 -0.458149 -0.018799 
 0.052092 -0.723970 -0.084692 
 0.166180 -0.285749 -0.024111 
 -0.646807 0.601705 0.270615 
 0.158991 -0.339977 -0.067658 
 -0.314929 0.644563 -0.124083 
 0.473914 0.567635 0.006399 
 0.504700 -0.247337 0.002882 
 0.215783 0.253110 -0.029602 
 -0.519611 -0.189688 -0.023614 
 -0.437862 -0.341360 -0.043675 
 0.478542 -0.156424 0.012420 
 0.242403 -0.367815 -0.118932 
 -0.262575 0.432545 -0.105633 
 0.685716 -0.415297 0.051201 
 0.137783 -0.786208 -0.098659 
 -0.029866 -0.571195 -0.065238 
 0.225141 0.645731 -0.082761 
 0.485449 0.179032 -0.024515 
 0.277520 0.188560 -0.000819 
 0.083354 -0.290925 0.044149 
 -0.690539 -0.099871 0.041871 
 -0.708151 -0.384590 -0.058057 
 0.384192 0.190971 -0.092843 
 0.515599 0.424972 -0.089430 
 0.193400 0.648417 -0.099895 
 0.684103 -0.474633 0.047020 
 0.545152 0.422435 -0.091139 
 0.365243 0.153853 -0.011894 
 -0.081988 -0.079411 0.118785 
 0.185868 0.410270 -0.095061 
 0.411622 -0.241206 -0.008901 
 0.645188 -0.022068 0.084665 
 0.525090 0.508240 -0.043782 
 -0.137808 -0.423721 -0.001225 
 0.475193 0.597856 0.008471 
 -0.325423 0.346836 -0.106151 
 -0.473106 0.448176 -0.162330 
 0.051146 -0.068491 0.227386 
 -0.192860 0.665019 -0.095745 
 0.614374 0.103782 0.057314 
 0.110149 0.617600 -0.031835 
 -0.442776 0.630189 0.150318 
 -0.321163 -0.405265 -0.060931 
 -0.106811 0.325250 0.010551 
 0.354847 -0.179129 0.003087 
 -0.443008 -0.756456 0.109329 
 0.079987 0.090301 0.153577 
 -0.695189 -0.252738 0.071193 
 0.304363 -0.405576 -0.088182 
 0.079987 0.090301 0.154498 
 -0.662759 -0.194287 0.072008 
 -0.256352 0.643076 -0.130993 
 -0.383433 -0.692360 0.065062 
 0.515865 0.453237 -0.087369 
 0.299787 0.346528 -0.111676 
 0.035054 -0.454590 -0.062813 
 0.400456 -0.008046 0.070949 
 -0.526709 -0.367562 -0.035982 
 -0.219863 0.166352 0.152003 
 -0.201329 0.366032 -0.058568 
 0.327389 0.724120 -0.006368 
 -0.550546 -0.218574 -0.022406 
 0.315589 0.085423 0.088302 
 0.138523 0.057899 0.144937 
 -0.121629 -0.161928 0.056560 
 -0.182388 0.718057 0.007595 
 -0.417861 0.324207 -0.137264 
 0.618631 -0.467251 0.014318 
 0.719678 -0.356326 0.052640 
 -0.136879 0.605332 -0.106339 
 -0.503728 0.602627 0.153454 
 -0.254982 0.671669 -0.128264 
 0.044560 0.820801 0.111931 
 0.841307 0.052133 0.151707 
 -0.661120 -0.194287 0.072051 
 0.133698 -0.346178 -0.024969 
 0.021955 -0.067319 0.229469 
 -0.194234 0.636888 -0.098976 
 -0.340910 -0.167556 -0.041170 
 -0.231895 0.614944 -0.176856 
 0.526476 0.538856 -0.042340 
 0.623714 0.591658 -0.009285 
 -0.073769 0.568475 -0.057632 
 0.647862 0.471709 -0.019535 
 -0.171736 0.487468 -0.111283 
 -0.537686 0.333207 -0.165053 
 -0.450047 0.326976 -0.173713 
 -0.381769 0.470523 -0.130289 
 -0.025069 0.390594 -0.095732 
 0.347631 -0.639283 -0.150069 
 0.160353 -0.310564 -0.065592 
 -0.391482 -0.050833 0.011823 
 -0.608355 0.531662 -0.020518 
 0.036564 0.447372 -0.096490 
 -0.320872 0.685061 0.141081 
 -0.034607 -0.660378 -0.070724 
 -0.098813 -0.310882 0.042879 
 -0.571806 -0.039090 -0.004546 
 -0.226031 0.300135 0.021635 
 -0.573717 0.555060 0.037731 
 0.413014 -0.211454 -0.004823 
 -0.266445 -0.823423 0.083618 
 0.454974 0.488672 -0.118244 
 -0.560195 0.420484 -0.114933 
 -0.284080 0.172922 0.118991 
 -0.090179 0.681983 0.035390 
 0.140818 -0.290533 0.018119 
 -0.740490 0.209226 -0.010411 
 0.136821 -0.814912 -0.100726 
 -0.710718 0.207595 -0.013672 
 0.534801 -0.218580 0.000299 
 0.337536 0.522632 -0.103143 
 -0.681003 0.238572 -0.035396 
 -0.201884 0.551843 -0.143484 
 0.305239 -0.405513 -0.088182 
 -0.354629 -0.564647 0.011037 
 0.097739 0.227995 -0.018557 
 0.027758 -0.294017 0.089709 
 -0.325423 0.346093 -0.105281 
 0.083338 -0.069967 0.242549 
 0.063741 -0.515199 -0.070225 
 -0.660911 -0.100562 0.038593 
 -0.298805 0.287478 -0.112626 
 -0.704935 0.356403 -0.023276 
 0.052699 0.056027 0.195021 
 -0.740232 0.175374 0.027281 
 -0.593819 0.268735 -0.081175 
 -0.601359 -0.037386 -0.003498 
 0.077080 -0.377853 0.019090 
 0.709331 0.065264 0.084648 
 0.314697 0.085423 0.088302 
 -0.103750 0.600611 -0.069936 
 0.264825 0.760154 -0.037327 
 -0.025843 0.329572 -0.079032 
 -0.537686 0.333449 -0.164017 
 -0.519331 -0.189650 -0.023614 
 0.110423 -0.755327 -0.093314 
 -0.529891 -0.692980 0.121298 
 -0.387577 0.101835 -0.016078 
 -0.699709 0.446485 -0.017115 
 -0.136419 -0.393918 -0.000623 
 0.210538 -0.396316 -0.117724 
 0.216863 -0.372326 -0.075448 
 -0.010282 -0.376427 0.048564 
 0.051043 0.619900 -0.026451 
 0.339534 -0.287809 -0.083193 
 0.767182 0.003336 0.073836 
 0.036564 0.448578 -0.096490 
 0.622866 0.591658 -0.007961 
 -0.588653 -0.460990 0.003958 
 0.098197 0.503761 -0.098897 
 -0.403902 0.556501 -0.080760 
 0.059049 -0.265826 0.089738 
 0.258972 -0.633438 -0.140754 
 -0.359082 0.007267 0.014080 
 0.190006 -0.310201 -0.068870 
 0.397603 0.520543 -0.109665 
 0.411018 -0.773526 -0.086841 
 -0.749845 0.002193 -0.025740 
 0.500800 -0.307247 -0.001278 
 0.386838 0.722988 -0.012925 
 0.556049 -0.524273 0.016833 
 -0.408309 -0.342526 -0.047000 
 0.251861 0.585431 -0.088714 
 0.486068 -0.071523 0.058032 
 0.453362 0.244202 -0.055826 
 0.336476 -0.095699 0.070929 
 -0.476302 0.201447 -0.059601 
 -0.128393 0.130563 0.179577 
 -0.352060 0.528156 -0.129443 
 -0.355175 0.410610 -0.139014 
 -0.255741 0.802511 0.143205 
 0.409021 -0.708383 -0.121961 
 -0.519611 -0.189650 -0.023304 
 -0.296292 -0.692619 0.035643 
 -0.374538 0.556614 -0.084445 
 -0.618173 -0.659496 0.133333 
 0.267265 -0.457598 -0.128386 
 -0.570499 -0.073641 0.030826 
 -0.541012 0.148600 -0.096877 
 -0.533587 0.418248 -0.157903 
 -0.673530 -0.332159 -0.017573 
 0.214112 0.408606 -0.098322 
 -0.553864 0.719110 0.229224 
 -0.410274 -0.372162 -0.049061 
 -0.373228 -0.224465 -0.042023 
 0.759938 -0.398912 0.125150 
 0.377867 -0.234750 -0.042972 
 -0.477679 0.171475 -0.061088 
 0.198194 0.150872 0.105701 
 0.007935 -0.489109 -0.022616 
 -0.537686 0.333886 -0.164017 
 0.122434 -0.485865 -0.074714 
 -0.679820 -0.385738 -0.061318 
 -0.175106 -0.541780 -0.006609 
 0.488738 -0.041504 0.060117 
 -0.634053 -0.160998 0.031182 
 -0.559856 -0.721809 0.122521 
 0.737898 0.034511 0.079242 
 -0.243729 0.724680 -0.045437 
 -0.029866 -0.571195 -0.063035 
 -0.281804 -0.167284 -0.047709 
 -0.220933 0.230435 0.114745 
 -0.293935 -0.859078 0.123854 
 0.543770 0.392639 -0.094761 
 -0.430952 -0.193101 -0.031721 
 0.267837 -0.178218 0.033560 
 0.454356 0.150385 -0.022620 
 -0.074364 0.568475 -0.055429 
 0.235354 0.761259 -0.034058 
 -0.625522 0.175061 -0.025512 
 -0.578480 0.530516 -0.023983 
 -0.070426 -0.342179 0.038710 
 0.188407 0.190593 0.007956 
 -0.646947 -0.493479 0.048127 
 -0.730293 -0.305698 0.030682 
 -0.049699 -0.115517 0.153556 
 -0.016547 0.507029 -0.066064 
 0.080335 -0.754174 -0.090272 
 0.387450 0.343087 -0.122003 
 0.315264 -0.697436 -0.151417 
 0.608433 0.386446 -0.061883 
 -0.043422 0.193555 0.094544 
 0.135011 0.649173 -0.072089 
 0.532884 -0.248497 -0.000417 
 -0.319522 0.527017 -0.132684 
 -0.291137 0.746711 0.102205 
 0.133698 -0.345079 -0.024969 
 0.358159 0.221469 -0.087512 
 0.469878 -0.273403 -0.015567 
 0.749060 0.120435 0.124856 
 0.036003 -0.208537 0.136688 
 0.517141 0.742497 0.055786 
 0.198484 -0.662790 -0.136277 
 -0.168901 -0.452369 -0.001102 
 -0.201438 -0.350012 -0.069887 
 0.236330 -0.486422 -0.127178 
 0.777978 0.120507 0.121532 
 -0.721554 -0.126237 0.043082 
 -0.425423 -0.073484 -0.025177 
 0.113496 -0.073127 0.239212 
 -0.388501 0.386143 -0.176101 
 0.151569 0.383719 -0.113527 
 0.138523 0.058757 0.145555 
 0.271832 0.408674 -0.124600 
 -0.498343 -0.433834 -0.003809 
 -0.122489 -0.819091 0.007842 
 -0.145283 0.772756 0.048146 
 -0.360467 -0.021133 0.012013 
 0.166186 0.648025 -0.073954 
 -0.294224 -0.436067 -0.066262 
 -0.352940 -0.826676 0.132576 
 0.483183 0.654018 0.051355 
 0.313932 -0.727088 -0.153953 
 -0.075168 0.794223 0.142528 
 0.165443 -0.286264 -0.024111 
 -0.258445 -0.413331 -0.027966 
 -0.239855 -0.031650 0.038474 
 -0.269623 -0.591698 -0.040367 
 -0.120921 -0.627191 -0.058823 
 0.144996 -0.201926 0.024830 
 0.246831 0.557511 -0.111075 
 -0.414003 0.473190 -0.166756 
 -0.437562 0.531486 -0.119722 
 -0.019636 0.733480 0.112288 
 -0.037616 0.623351 -0.015283 
 -0.632668 -0.130924 0.033248 
 0.313932 -0.725977 -0.153478 
 -0.161298 0.228114 0.110027 
 0.195623 0.120070 0.103616 
 0.022358 -0.818370 -0.048262 
 -0.151568 -0.721757 -0.022328 
 0.763095 -0.338391 0.129352 
 -0.298792 -0.822260 0.086500 
 -0.381120 -0.373313 -0.052331 
 -0.419231 0.295344 -0.137934 
 0.311291 -0.257841 -0.077848 
 0.512835 0.363966 -0.093553 
 -0.448681 0.359107 -0.172023 
 0.433518 -0.296669 -0.052452 
 0.287433 -0.073039 0.159667 
 0.134370 0.126758 0.070726 
 0.444927 -0.185181 0.013639 
 -0.556074 -0.336259 -0.030651 
 0.448137 -0.155615 0.015719 
 -0.080305 -0.079411 0.118785 
 0.448137 -0.155812 0.015719 
 0.022435 -0.036264 0.231570 
 0.535991 0.625155 0.003970 
 0.402686 -0.355120 -0.054546 
 -0.208056 -0.855743 0.073368 
 -0.161298 0.228563 0.109955 
 0.078949 -0.783902 -0.092063 
 0.451976 0.215358 -0.057893 
 -0.354072 -0.594450 0.008095 
 -0.093819 0.057595 0.251202 
 -0.012456 0.128214 0.128307 
 -0.414003 0.476267 -0.166756 
 -0.166084 0.606283 -0.103090 
 0.124499 0.291908 -0.057232 
 -0.103936 -0.335467 0.002090 
 -0.201342 -0.415637 -0.034522 
 -0.606129 -0.256206 0.060516 
 -0.105751 0.826596 0.128404 
 0.558621 -0.591046 0.051529 
 0.511095 -0.727769 -0.033696 
 -0.705222 -0.360660 -0.016365 
 -0.083630 0.738619 0.078868 
 -0.419999 0.232416 -0.103728 
 0.079866 -0.318515 0.023110 
 -0.377374 -0.314285 -0.048208 
 0.543331 0.392783 -0.094761 
 0.093445 0.354559 -0.088364 
 -0.520993 -0.219302 -0.024674 
 -0.356310 0.066925 0.020107 
 0.289164 -0.201478 -0.030865 
 -0.415370 0.445622 -0.168794 
 -0.047049 0.509384 -0.062802 
 0.266013 -0.517224 -0.132509 
 -0.380603 -0.373313 -0.052331 
 -0.440874 -0.696470 0.111377 
 -0.102374 0.630149 -0.067883 
 -0.437562 0.531576 -0.119728 
 0.594010 0.592814 -0.007105 
 0.234683 -0.014801 0.210344 
 0.069482 0.474011 -0.077642 
 0.145135 -0.637569 -0.086433 
 0.592819 0.592814 -0.004675 
 -0.212885 0.751668 -0.027600 
 -0.512700 -0.041962 -0.013307 
 0.618631 -0.467251 0.013481 
 -0.108196 0.295522 0.009235 
 -0.203254 0.521510 -0.145645 
 -0.594670 0.302184 -0.119864 
 0.184839 0.439846 -0.093005 
 0.142587 -0.041787 0.218240 
 0.553015 -0.711322 0.045924 
 -0.091368 -0.195278 0.070940 
 0.376585 0.607248 -0.060713 
 0.163906 0.155514 0.069048 
 0.168943 0.708364 -0.071238 
 -0.685872 0.054546 0.012496 
 0.135227 0.092404 0.108145 
 -0.321347 -0.864733 0.166085 
 0.354542 -0.492057 -0.140256 
 0.549922 -0.013863 0.055837 
 0.229419 -0.634709 -0.137485 
 0.279960 0.554623 -0.094564 
 0.253020 0.152033 0.059611 
 0.112735 -0.695872 -0.087509 
 -0.327147 -0.655214 0.001973 
 -0.637223 -0.284854 0.062939 
 0.761117 -0.242472 0.097589 
 0.714746 0.186083 0.093010 
 -0.559784 -0.692371 0.124606 
 -0.102478 0.600798 -0.069936 
 -0.466033 -0.310558 -0.039310 
 0.060874 -0.235194 0.091823 
 0.006546 -0.520111 -0.024256 
 -0.417422 0.197877 -0.066115 
 -0.496968 -0.339060 -0.034884 
 -0.141137 -0.513132 -0.007824 
 0.752149 0.210870 0.130300 
 -0.115608 -0.073380 0.081670 
 -0.532589 -0.789609 0.154560 
 0.140097 -0.102229 0.214448 
 0.097818 0.257723 -0.015999 
 0.665346 -0.233717 0.065054 
 -0.652548 0.270658 -0.075689 
 0.427961 -0.414816 -0.061977 
 -0.042097 0.129378 0.130074 
 0.022929 -0.006878 0.233671 
 -0.695242 -0.252738 0.069450 
 -0.039565 -0.779289 -0.079475 
 0.305219 0.249651 -0.040612 
 -0.353009 -0.499055 -0.024333 
 0.335377 -0.376938 -0.089940 
 0.346993 -0.765308 -0.119538 
 -0.286914 0.773791 0.143688 
 -0.387322 0.260735 -0.104928 
 0.281663 -0.256077 -0.074570 
 0.677778 0.285373 0.024712 
 0.066836 0.414859 -0.082016 
 -0.464651 -0.281484 -0.036337 
 0.229756 -0.198445 -0.024468 
 -0.117287 -0.133215 0.078399 
 0.469788 -0.273639 -0.015567 
 -0.465842 0.749475 0.181602 
 0.278909 0.217033 0.001253 
 0.168492 0.057658 0.142239 
 -0.730244 0.447631 -0.012614 
 -0.753968 -0.285306 0.115363 
 -0.470111 -0.530841 0.026254 
 0.677778 0.284783 0.023825 
 -0.495586 -0.307798 -0.035129 
 0.248149 0.556780 -0.111075 
 -0.264123 -0.502514 -0.033293 
 0.189269 0.559065 -0.104561 
 0.102952 -0.156458 0.173734 
 0.520459 0.173978 0.012298 
 -0.675064 -0.426915 0.015859 
 0.643787 -0.052137 0.080430 
 0.234683 -0.015084 0.211289 
 0.383640 -0.617067 -0.112483 
 -0.073744 0.226089 0.080269 
 0.323098 0.047586 0.165105 
 -0.383221 -0.758413 0.100592 
 -0.052808 0.737462 0.075914 
 -0.065365 -0.784392 -0.036331 
 0.364257 0.462538 -0.110814 
 -0.030630 -0.261606 0.099660 
 0.214107 -0.152301 0.081542 
 -0.664149 -0.224091 0.068537 
 -0.679626 0.266702 -0.032694 
 0.599922 -0.226143 0.034462 
 0.389092 -0.498156 -0.104479 
 -0.169964 0.801694 0.092799 
 0.412118 0.632652 -0.021250 
 -0.178893 -0.789807 0.035940 
 -0.342292 -0.194436 -0.043232 
 0.004162 0.418986 -0.095286 
 0.776573 0.089121 0.118466 
 0.104805 0.591168 -0.072940 
 0.123995 0.353412 -0.092651 
 -0.560195 0.418590 -0.113511 
 0.008933 0.262095 -0.006656 
 0.490434 0.513691 -0.079976 
 0.328606 0.222923 -0.084890 
 0.131767 0.593267 -0.095993 
 -0.180504 -0.595157 -0.050201 
 -0.381824 0.657750 0.145570 
 -0.095559 -0.687800 -0.066235 
 -0.476302 0.201258 -0.059601 
 -0.465356 0.749475 0.181602 
 0.780788 0.179555 0.124992 
 0.591534 -0.406828 0.021866 
 0.267265 -0.457921 -0.129665 
 0.450926 -0.095429 0.019309 
 -0.002135 -0.291896 0.094267 
 0.318078 -0.638133 -0.147635 
 0.168943 0.707178 -0.072418 
 0.554417 0.262109 0.016395 
 -0.377646 0.747793 0.151825 
 -0.113008 0.486148 -0.118109 
 0.366392 -0.348364 -0.089917 
 0.218249 -0.342598 -0.075635 
 0.319460 -0.610457 -0.145232 
 0.542142 -0.163829 0.045162 
 0.167564 0.677978 -0.073294 
 0.478677 -0.722753 -0.050163 
 -0.168901 -0.451356 -0.000393 
 0.303200 0.313029 -0.074570 
 0.545728 -0.103843 0.048603 
 -0.037050 -0.815792 -0.042352 
 0.718814 -0.386395 0.049976 
 -0.441895 -0.496466 -0.014498 
 0.021126 0.092633 0.160908 
 0.205972 0.016309 0.217425 
 0.765332 -0.152038 0.103228 
 0.093445 0.354559 -0.090541 
 -0.437862 -0.341360 -0.041359 
 0.643092 -0.052137 0.082918 
 0.030554 -0.234031 0.093995 
 0.213158 0.286828 -0.067176 
 0.189269 0.557833 -0.104561 
 -0.196009 0.045477 0.140355 
 0.839313 0.147072 0.116979 
 -0.615510 -0.399494 0.010094 
 0.010713 -0.429305 -0.018040 
 -0.161194 -0.238424 -0.025400 
 0.591232 0.533207 -0.009398 
 0.517141 0.743626 0.055060 
 -0.719571 -0.032782 0.009581 
 0.783598 0.239845 0.130653 
 0.313255 -0.727088 -0.153478 
 0.283367 -0.821702 -0.117116 
 0.274004 0.314179 -0.071519 
 -0.202095 -0.444440 -0.036589 
 0.115506 -0.636416 -0.085815 
 -0.660911 -0.100627 0.038593 
 -0.149766 -0.596310 -0.054990 
 -0.007165 -0.720987 -0.077638 
 0.140097 -0.102229 0.213459 
 -0.288715 -0.317500 -0.058017 
 -0.513597 -0.071042 -0.015368 
 0.176166 0.763559 -0.028261 
 0.522825 0.047286 0.061301 
 0.060056 -0.235194 0.091823 
 -0.747024 0.027115 0.016974 
 0.043982 0.192174 0.064139 
 0.509700 -0.757517 -0.035775 
 0.294053 -0.516443 -0.135778 
 0.061292 -0.544927 -0.072291 
 0.016213 0.191265 0.088082 
 -0.307572 -0.108746 -0.040317 
 -0.468705 -0.566581 0.063720 
 -0.354895 -0.690301 0.042232 
 -0.162767 -0.238533 -0.025400 
 0.451310 0.429520 -0.123464 
 -0.546290 -0.193706 0.019281 
 0.083361 0.678054 -0.023637 
 0.520323 0.111671 0.028594 
 -0.030630 -0.260409 0.099660 
 -0.383433 -0.692360 0.065420 
 0.389092 -0.497969 -0.104216 
 0.645188 -0.024379 0.085008 
 0.427961 -0.415715 -0.061977 
 -0.296154 0.157905 -0.021764 
 0.049321 -0.782749 -0.088742 
 -0.266445 -0.824084 0.083192 
 0.172976 -0.573078 -0.126823 
 0.310608 0.152252 0.033283 
 -0.093819 0.058253 0.252559 
 0.302923 0.376104 -0.110162 
 -0.319843 -0.405265 -0.060931 
 -0.060880 -0.600209 -0.063313 
 -0.034421 -0.660378 -0.070724 
 -0.601359 -0.037940 -0.003911 
 0.762522 -0.213641 0.098479 
 -0.591326 0.571387 0.222105 
 -0.151151 -0.626038 -0.057607 
 0.232965 0.049398 0.175077 
 0.545152 0.422431 -0.092700 
 -0.150648 -0.626038 -0.055545 
 -0.047306 -0.397386 -0.007370 
 -0.030669 -0.600923 -0.066591 
 0.386139 0.313511 -0.124059 
 -0.521563 -0.219302 -0.025675 
 0.167128 -0.256461 -0.022039 
 0.049151 0.590248 -0.026808 
 0.458114 0.116617 0.014732 
 -0.418102 0.387280 -0.173234 
 0.652719 -0.378435 0.018210 
 0.515390 0.301034 -0.059229 
 0.115833 -0.636416 -0.085048 
 0.524758 -0.553741 0.016355 
 0.223893 0.153193 0.062910 
 -0.419895 0.044115 -0.015575 
 -0.694637 -0.252738 0.071193 
 -0.082567 -0.515444 -0.014428 
 -0.122733 -0.160584 0.056560 
 -0.366317 -0.076793 -0.033398 
 0.418647 0.249265 -0.091990 
 -0.257723 0.082009 0.109094 
 -0.666579 -0.283698 0.065835 
 -0.177617 -0.595157 -0.050201 
 0.307305 -0.346057 -0.084048 
 -0.106842 0.796716 0.127381 
 -0.634444 -0.224768 0.066693 
 -0.420176 0.139645 -0.068821 
 -0.359560 0.135159 -0.056920 
 0.533213 0.565323 -0.001709 
 0.122434 -0.487777 -0.074782 
 0.517932 0.236679 -0.022966 
 0.359049 0.373810 -0.116685 
 0.780788 0.179555 0.125593 
 -0.217444 0.196345 0.154088 
 0.336476 -0.095699 0.071620 
 0.669551 -0.143510 0.074441 
 -0.219770 0.166352 0.152003 
 -0.416171 0.198722 -0.066115 
 -0.267289 -0.000691 0.043832 
 0.722481 -0.296188 0.056167 
 -0.561182 -0.720071 0.122521 
 0.187524 -0.341445 -0.070936 
 -0.564621 0.204451 -0.050266 
 0.121049 -0.518087 -0.076781 
 0.525529 0.538856 -0.041715 
 -0.278206 0.728704 -0.082317 
 0.412118 0.632952 -0.022403 
 -0.403902 0.556501 -0.081045 
 0.582804 0.230218 0.009863 
 0.717740 0.244133 0.097191 
 0.424856 0.778572 0.027476 
 -0.690890 -0.001378 -0.031326 
 -0.469769 0.659723 0.174471 
 -0.428964 0.583864 -0.037346 
 -0.281804 -0.167598 -0.047709 
 0.592629 -0.629857 0.085759 
 -0.150876 -0.788612 0.012937 
 -0.049289 -0.115517 0.152906 
 -0.264550 -0.860625 0.120539 
 -0.211070 -0.062610 0.033115 
 -0.297190 0.000465 0.047118 
 0.068190 0.258876 -0.013064 
 0.284950 0.086587 0.091609 
 0.053963 -0.008050 0.230614 
 0.138087 0.679840 -0.070033 
 -0.440318 -0.596831 0.058348 
 -0.585616 0.721353 0.232531 
 -0.223106 0.107783 0.147833 
 0.524758 -0.552719 0.018055 
 -0.100737 0.161101 0.138774 
 -0.428187 -0.133797 -0.028427 
 -0.203480 -0.475093 -0.039566 
 -0.326891 -0.589391 -0.033811 
 -0.180015 -0.690798 -0.016995 
 0.244018 0.468896 -0.117364 
 -0.618772 0.420870 -0.108461 
 -0.032637 -0.629557 -0.068657 
 -0.338146 -0.107626 -0.037047 
 0.644089 -0.052137 0.082918 
 -0.369081 -0.135569 -0.035839 
 -0.262738 -0.472787 -0.032769 
 -0.039214 -0.064975 0.238743 
 -0.648993 0.518793 -0.198533 
 -0.037434 0.059495 0.204993 
 0.427516 0.087468 0.015950 
 -0.560033 -0.757499 0.159967 
 0.598747 -0.226143 0.034377 
 -0.752576 -0.255837 0.117440 
 0.366392 -0.348364 -0.091814 
 0.422807 0.215310 -0.054615 
 -0.418830 0.009776 0.020636 
 -0.483147 -0.042541 -0.016558 
 0.158453 0.532594 -0.103357 
 0.634010 -0.137326 0.037330 
 -0.696436 -0.252738 0.071193 
 0.554116 0.076116 0.064157 
 -0.234495 -0.503668 -0.037220 
 -0.526365 -0.308258 -0.031860 
 -0.626925 0.269878 -0.078938 
 -0.063699 0.058323 0.247870 
 0.519066 0.143423 0.010220 
 0.362235 -0.437547 -0.097233 
 -0.728941 -0.305698 0.030682 
 0.259799 0.082668 0.134383 
 -0.606129 -0.256206 0.060853 
 -0.121995 -0.722913 -0.026243 
 -0.323043 -0.405265 -0.060931 
 -0.007493 -0.317361 0.054029 
 -0.227063 0.641143 -0.133461 
 0.253359 0.152033 0.059483 
 -0.118397 -0.133215 0.078275 
 -0.480432 0.112399 -0.065501 
 0.509065 0.685793 0.011401 
 0.212588 0.409122 -0.098322 
 -0.082567 -0.515211 -0.014396 
 0.093131 0.793975 0.023144 
 0.202139 -0.574228 -0.130092 
 -0.376231 0.686159 0.167545 
 -0.192395 -0.237271 -0.022775 
 -0.626766 0.053396 0.005956 
 -0.414003 0.475212 -0.165839 
 -0.117002 -0.104804 0.080479 
 0.105534 0.591168 -0.072940 
 -0.373228 -0.224794 -0.042023 
 0.696717 -0.204814 0.064813 
 0.088974 0.704357 0.017789 
 0.059739 0.705945 0.021067 
 0.460136 0.514842 -0.076706 
 -0.200271 0.802850 0.096489 
 -0.129794 0.100037 0.177486 
 0.091765 -0.516352 -0.073503 
 -0.721554 -0.127331 0.044126 
 -0.657701 0.023664 0.006059 
 0.202630 -0.572997 -0.130092 
 -0.644004 0.662102 0.274796 
 0.410407 -0.677675 -0.117550 
 -0.132145 0.631482 -0.064626 
 -0.419763 0.009776 0.020636 
 -0.169804 0.580090 -0.144800 
 -0.690018 -0.033528 0.006311 
 0.281688 0.811528 0.085283 
 -0.380138 -0.374630 -0.052331 
 0.090035 -0.546795 -0.075569 
 -0.267738 -0.657752 -0.005038 
 -0.181433 -0.820153 0.033860 
 0.548524 -0.043842 0.053503 
 -0.083068 0.361443 -0.069822 
 0.440361 0.601510 -0.027747 
 0.318882 -0.044064 0.161123 
 0.269232 -0.148301 0.036156 
 -0.077010 -0.396100 -0.006108 
 0.506287 0.625533 0.007257 
 0.375928 -0.264553 -0.045044 
 -0.417945 0.009776 0.020636 
 0.428451 0.486340 -0.075498 
 0.412961 -0.743723 -0.084769 
 -0.088579 -0.134375 0.075300 
 -0.567374 0.145374 -0.053792 
 0.140978 -0.724388 -0.094526 
 -0.690231 -0.198481 0.115005 
 0.109268 0.059065 0.148871 
 -0.498426 -0.499586 0.031613 
 -0.110523 -0.048254 0.123172 
 -0.239819 -0.061454 0.036402 
 0.468396 -0.303082 -0.017644 
 0.420962 0.185583 -0.056142 
 -0.614944 0.445310 -0.066648 
 -0.688563 -0.069029 0.043938 
 -0.030107 -0.571195 -0.064524 
 0.520505 0.111671 0.027841 
 -0.471163 0.631550 0.173282 
 0.737898 0.034571 0.080304 
 0.849759 0.233458 0.161436 
 -0.652940 0.207888 -0.041000 
 0.009712 -0.518913 -0.024256 
 0.776573 0.088458 0.119436 
 0.223541 0.153262 0.062910 
 -0.653264 0.271021 -0.075689 
 0.073618 0.562739 -0.071699 
 -0.732112 0.418092 -0.015912 
 0.193400 0.648498 -0.098400 
 0.315226 0.085423 0.088302 
 -0.505753 0.421848 -0.182591 
 -0.589700 0.357122 -0.074698 
 0.679362 0.067562 0.087964 
 0.345007 0.578746 -0.059505 
 -0.197529 0.015222 0.138270 
 -0.069033 -0.312958 0.039584 
 0.577419 0.358184 -0.060788 
 -0.381520 -0.402964 -0.054017 
 -0.092073 0.681983 0.035390 
 -0.070568 0.160534 0.135467 
 -0.132014 0.857139 0.153633 
 -0.619725 0.483613 -0.164016 
 0.189265 0.848529 0.057911 
 0.364257 0.462352 -0.110517 
 -0.103859 0.571260 -0.071990 
 0.152400 0.352265 -0.096342 
 0.126722 0.503017 -0.102154 
 0.189269 0.558709 -0.104561 
 0.762400 -0.212328 0.098479 
 -0.266349 -0.628346 -0.002966 
 0.348378 -0.735375 -0.117472 
 -0.677338 0.487206 -0.157560 
 0.766098 -0.026733 0.071746 
 -0.252146 0.201371 0.117772 
 0.606913 -0.076177 0.045064 
 0.416870 0.341939 -0.125264 
 0.349738 0.667702 -0.053320 
 -0.223106 0.106365 0.147881 
 0.189105 0.498998 -0.088893 
 0.146613 0.764709 -0.024671 
 0.282997 -0.755590 -0.152634 
 0.229831 0.084469 0.138666 
 -0.237134 -0.758082 0.044618 
 -0.013652 -0.404256 0.024959 
 0.073229 0.819711 0.108636 
 0.468396 -0.303282 -0.018529 
 -0.039949 -0.316200 0.056023 
 0.145778 -0.233411 0.043547 
 -0.115608 -0.071001 0.082558 
 -0.444527 0.476349 -0.163524 
 0.654134 -0.474163 0.050336 
 0.241265 0.409941 -0.121343 
 0.157180 0.191749 0.012327 
 0.547695 -0.674877 0.006407 
 -0.497092 -0.535109 0.068988 
 -0.739829 0.209226 -0.010411 
 -0.592242 0.331570 -0.117821 
 -0.026436 -0.171488 0.105915 
 0.228560 -0.664334 -0.139546 
 0.316696 -0.667568 -0.149355 
 -0.183324 -0.122730 0.025685 
 -0.075986 0.260605 0.042762 
 -0.235880 -0.533395 -0.039702 
 -0.713475 0.148331 -0.017784 
 -0.527095 -0.633577 0.125469 
 -0.406033 0.778427 0.157667 
 -0.069333 -0.063802 0.239424 
 0.652719 -0.378122 0.017337 
 -0.232542 0.523597 -0.144795 
 -0.388676 0.294204 -0.142547 
 0.482167 0.457949 -0.123767 
 0.788110 0.205581 0.169339 
 0.746528 0.090290 0.122304 
 0.195895 -0.099932 0.167922 
 -0.552466 0.750183 0.231138 
 -0.145426 -0.072219 0.085517 
 -0.356545 0.381769 -0.139658 
 0.740202 0.343350 0.021387 
 0.606898 0.357030 -0.063949 
 0.337721 0.522838 -0.103143 
 0.169221 -0.757633 -0.098690 
 -0.529891 -0.692496 0.121299 
 -0.203480 -0.475093 -0.038713 
 -0.288715 -0.316439 -0.058017 
 0.041383 0.504734 -0.073057 
 -0.654843 0.271021 -0.075689 
 0.390217 0.463167 -0.133521 
 0.189265 0.846652 0.057911 
 -0.450047 0.330165 -0.173713 
 0.431279 -0.326472 -0.055761 
 0.173974 -0.202054 0.021535 
 0.606302 -0.106170 0.042718 
 -0.448922 0.140791 -0.066965 
 0.214540 0.316672 -0.064979 
 -0.715425 0.055617 0.017905 
 0.041807 -0.400854 -0.020838 
 -0.013652 -0.404256 0.025516 
 -0.456187 -0.073343 -0.021907 
 -0.350334 -0.344811 -0.053539 
 0.115960 -0.232251 0.045292 
 0.020108 0.591398 -0.023148 
 0.578417 -0.045020 0.050050 
 0.386929 0.220623 -0.090781 
 -0.225693 0.669046 -0.132190 
 -0.508893 0.575982 0.112777 
 -0.321777 0.499146 -0.134727 
 -0.461887 -0.221602 -0.033970 
 0.165505 0.090587 0.104838 
 -0.665435 -0.253894 0.067907 
 -0.476578 0.420763 -0.184225 
 -0.105449 0.826596 0.127469 
 -0.069333 -0.065502 0.239466 
 -0.703558 0.388397 -0.021223 
 -0.181013 -0.720601 -0.019041 
 0.553234 -0.711322 0.043559 
 0.014539 0.161317 0.086002 
 0.234361 0.761259 -0.034058 
 -0.402709 -0.223903 -0.038754 
 -0.294393 -0.501361 -0.030888 
 0.049321 -0.782749 -0.089019 
 0.003335 0.705347 0.067269 
 0.232965 0.050808 0.175077 
 0.543804 -0.163829 0.045162 
 -0.065734 -0.285685 0.061401 
 0.401212 -0.355120 -0.054546 
 -0.250267 -0.206142 -0.013499 
 -0.166385 -0.327607 -0.031600 
 -0.073240 0.194405 0.097979 
 0.602718 -0.166156 0.038198 
 0.592621 0.564246 -0.006747 
 -0.055315 0.705616 0.073842 
 -0.561144 -0.788442 0.157876 
 0.386841 0.316262 -0.124059 
 -0.456602 -0.102995 -0.023969 
 -0.266951 -0.758211 0.047916 
 0.646473 0.441484 -0.020863 
 0.069482 0.474011 -0.077216 
 0.840311 0.177217 0.119075 
 -0.295285 -0.692619 0.035643 
 0.198477 0.150064 0.105701 
 -0.230807 0.366632 -0.053516 
 0.525090 0.509642 -0.043782 
 -0.327511 0.193164 -0.056963 
 -0.129954 0.192854 0.144166 
 -0.559456 0.601790 0.220883 
 -0.129794 0.098465 0.178827 
 -0.192860 0.666351 -0.096547 
 -0.516846 -0.130346 -0.017765 
 -0.194789 0.830073 0.139217 
 -0.240773 -0.091258 0.034330 
 0.683254 -0.505505 0.044930 
 -0.324517 0.438857 -0.139452 
 0.398263 0.056479 0.035933 
 0.078449 -0.129798 0.218602 
 -0.349259 0.716350 0.146130 
 -0.290535 0.025646 0.088792 
 0.376888 -0.236664 -0.042972 
 -0.678075 0.485505 -0.157560 
 -0.293752 -0.501361 -0.029501 
 0.078949 -0.784810 -0.092103 
 0.263118 -0.546876 -0.135081 
 0.457583 -0.040366 0.063425 
 -0.676143 0.390013 -0.064248 
 -0.260544 -0.347473 -0.063348 
 -0.444582 0.446829 -0.165562 
 0.079560 -0.754174 -0.090036 
 0.599922 -0.226571 0.034377 
 0.631214 -0.197313 0.031324 
 0.306680 0.494524 -0.101938 
 -0.065675 0.654153 -0.009607 
 -0.355175 0.410610 -0.138665 
 -0.679459 -0.522126 0.049259 
 0.173378 -0.669656 -0.093670 
 0.433552 -0.326472 -0.055761 
 -0.040646 -0.343338 0.033456 
 0.123506 0.414403 -0.108973 
 -0.454976 -0.071509 -0.021907 
 0.418721 -0.499309 -0.107937 
 0.746528 0.091329 0.122760 
 -0.296338 -0.822260 0.086267 
 -0.065787 0.653369 -0.009607 
 0.881385 0.200001 0.176835 
 0.052327 -0.038271 0.228237 
 -0.278206 0.728704 -0.081868 
 -0.070426 -0.342179 0.036396 
 -0.453594 -0.043691 -0.021520 
 0.171917 -0.073180 0.212807 
 0.234947 -0.516198 -0.129239 
 -0.679258 -0.522126 0.049259 
 -0.680353 -0.385738 -0.061318 
 -0.565255 0.330430 -0.121062 
 0.082743 0.055725 0.191967 
 -0.703839 -0.331008 -0.015142 
 -0.288954 0.646851 -0.167458 
 -0.257541 0.642283 -0.130993 
 0.035363 0.356854 -0.082867 
 0.517280 -0.072686 0.054725 
 -0.039565 -0.779198 -0.078991 
 -0.405771 -0.283207 -0.042877 
 -0.108196 0.296872 0.008523 
 -0.107017 0.325250 0.010590 
 -0.024548 -0.547560 -0.022620 
 0.114914 -0.666144 -0.087114 
 0.627925 -0.257299 0.028985 
 -0.355175 0.410610 -0.137117 
 0.052425 0.649552 -0.022778 
 -0.384971 -0.491920 -0.060576 
 0.358684 -0.151782 0.025348 
 -0.326770 -0.721339 0.036321 
 -0.322653 0.718715 0.103419 
 0.359626 -0.151782 0.025616 
 0.386023 0.313511 -0.124059 
 0.417176 -0.529037 -0.109561 
 0.244018 0.468896 -0.115961 
 -0.713475 0.149880 -0.017784 
 -0.014999 0.163156 0.089301 
 0.524682 -0.553741 0.018055 
 0.726620 -0.331738 0.093420 
 0.389840 0.433629 -0.136979 
 -0.593592 0.331249 -0.117821 
 0.591232 0.535000 -0.008819 
 -0.402781 -0.223903 -0.039411 
 -0.048851 -0.115517 0.152906 
 0.517648 0.482889 -0.085307 
 -0.507824 0.574460 0.112777 
 -0.225902 0.046379 0.143765 
 0.410407 -0.676867 -0.119894 
 -0.115608 -0.073380 0.082309 
 -0.376253 0.777268 0.154269 
 0.232508 0.701955 -0.037917 
 -0.528010 -0.430932 -0.000531 
 0.169125 0.056732 0.142239 
 0.838067 0.116927 0.114471 
 0.682701 -0.505505 0.045250 
 0.683567 0.157176 0.094235 
 -0.069333 -0.063802 0.241794 
 -0.494204 -0.279756 -0.033312 
 -0.382138 -0.563491 0.014323 
 0.216333 0.252319 -0.029602 
 -0.250267 -0.205237 -0.013108 
 -0.178893 -0.790722 0.035940 
 -0.250682 0.698099 -0.087199 
 0.183691 -0.149868 0.084850 
 -0.042349 0.129378 0.127819 
 0.124526 0.290278 -0.057232 
 0.476652 0.338696 -0.131786 
 0.240476 -0.396208 -0.120993 
 -0.148270 -0.858070 0.066315 
 0.580722 0.447367 -0.054471 
 -0.048695 -0.427861 -0.011467 
 -0.140462 0.487291 -0.114532 
 0.076178 -0.843509 -0.096237 
 -0.323796 -0.436649 -0.062993 
 0.739769 0.064640 0.081333 
 -0.318268 -0.317470 -0.054747 
 -0.481791 0.051020 -0.050110 
 0.591393 -0.531965 0.052786 
 -0.357621 0.255506 -0.068522 
 -0.030926 0.678112 0.028834 
 -0.150016 -0.129339 0.061932 
 0.228037 -0.665720 -0.139546 
 0.008501 0.478062 -0.092389 
 0.079987 0.090904 0.154277 
 -0.467415 -0.340210 -0.042511 
 0.170322 0.736754 -0.069344 
 -0.207650 -0.726537 0.023681 
 -0.136419 -0.394177 0.000464 
 -0.630912 -0.037329 -0.000228 
 -0.578916 0.531008 -0.023983 
 -0.452313 0.049873 -0.052941 
 -0.483169 0.020306 -0.052099 
 -0.064322 -0.851288 -0.001408 
 -0.384023 -0.526755 -0.023121 
 -0.297251 -0.755676 0.051215 
 0.560435 -0.309279 -0.007876 
 0.776573 0.089121 0.118563 
 -0.470105 -0.695306 0.114469 
 -0.511249 0.084006 -0.064498 
 -0.023951 0.420132 -0.092029 
 -0.253540 0.171761 0.116959 
 0.022324 -0.318521 0.048861 
 -0.630511 -0.036790 -0.000228 
 0.427961 -0.418396 -0.061977 
 -0.178163 -0.854811 0.071185 
 -0.296769 -0.756320 0.051215 
 -0.303021 -0.024564 0.005457 
 -0.413114 -0.757319 0.103899 
 0.622578 0.561855 -0.010033 
 0.454796 0.685057 0.056902 
 0.484376 0.272460 -0.056472 
 0.733883 -0.179057 0.103898 
 0.051421 -0.068491 0.226136 
 -0.267071 -0.627722 -0.002966 
 -0.720368 0.002139 -0.028065 
 0.105719 0.094872 0.111453 
 0.635746 -0.107333 0.039411 
 -0.554067 -0.277456 -0.026528 
 0.038725 0.793601 0.070198 
 -0.202095 -0.445365 -0.036089 
 -0.105127 0.571260 -0.071931 
 -0.451807 0.079449 -0.051248 
 -0.475476 0.420712 -0.184225 
 0.277611 0.187125 -0.000819 
 0.375316 -0.264553 -0.045044 
 0.547215 0.481739 -0.088577 
 -0.676419 0.390013 -0.062538 
 -0.321777 0.497630 -0.134630 
 -0.079818 0.481500 -0.080680 
 0.357749 0.251425 -0.085450 
 0.116018 -0.606688 -0.082981 
 0.175174 0.017482 0.219110 
 0.747628 0.090290 0.122760 
 -0.232542 0.522321 -0.142405 
 0.252061 -0.784777 -0.151062 
 0.458114 0.116189 0.014501 
 0.416529 -0.558764 -0.111627 
 -0.543782 -0.134850 0.023414 
 -0.281169 0.202839 0.121071 
 0.383550 -0.618620 -0.112483 
 -0.351967 -0.404115 -0.058004 
 0.646590 0.008356 0.087099 
 0.148891 -0.482972 -0.117369 
 -0.062266 -0.629353 -0.065379 
 0.344864 0.084260 0.085153 
 -0.194985 0.265229 0.055907 
 -0.604123 -0.097244 -0.006407 
 -0.325757 -0.627103 0.003607 
 0.249263 -0.314023 -0.075483 
 -0.386606 0.228395 -0.067318 
 0.686906 -0.415297 0.047479 
 0.346165 -0.764552 -0.119538 
 0.635561 -0.107333 0.039411 
 -0.690890 -0.000794 -0.031326 
 -0.052819 0.297180 -0.038402 
 0.137420 0.678749 -0.070033 
 -0.437507 0.531576 -0.119722 
 -0.284582 0.672809 -0.125709 
 0.766465 0.003336 0.074650 
 -0.069574 0.821548 0.184648 
 -0.152537 -0.655315 -0.057612 
 0.347184 -0.233909 -0.039686 
 0.189265 0.848036 0.057911 
 -0.174912 0.774626 0.050674 
 0.332982 0.434109 -0.109311 
 -0.127567 0.063911 0.215308 
 -0.290321 0.616775 -0.169495 
 -0.021920 0.828316 0.039168 
 -0.200056 -0.320943 -0.067826 
 -0.131481 0.227024 0.106656 
 -0.020035 -0.428346 -0.014753 
 -0.257994 0.114126 0.093169 
 -0.257994 0.113382 0.091729 
 0.598178 0.683245 0.001541 
 0.568474 0.683381 0.003423 
 -0.128589 0.659065 -0.042738 
 -0.394253 -0.110119 0.009091 
 0.780075 0.334095 0.096831 
 -0.617849 -0.494635 0.044758 
 -0.555476 -0.532791 0.075682 
 -0.383221 -0.758411 0.100592 
 0.290243 -0.012750 0.164469 
 -0.584207 0.474360 -0.067849 
 0.388463 0.404091 -0.135999 
 -0.422659 -0.015189 -0.020747 
 -0.013652 -0.403222 0.026763 
 0.358159 0.221261 -0.087512 
 -0.626421 0.115602 -0.029624 
 0.628418 -0.258763 0.028985 
 -0.327147 -0.655214 0.000804 
 -0.234627 0.555855 -0.180035 
 0.718276 -0.386395 0.048559 
 -0.601109 -0.067592 -0.005559 
 0.019351 0.092633 0.160908 
 -0.179394 -0.595956 -0.050201 
 0.014818 0.162493 0.086002 
 -0.203254 0.524183 -0.145645 
 -0.459407 -0.162299 -0.028092 
 0.289533 -0.201478 -0.031041 
 0.273830 0.250804 -0.036158 
 -0.384717 -0.432616 -0.056454 
 -0.474879 -0.852080 0.143748 
 0.255899 -0.820548 -0.113838 
 -0.290321 0.616591 -0.169495 
 -0.080937 0.420595 -0.065710 
 0.358403 0.751696 -0.007580 
 0.067373 -0.180321 0.135899 
 -0.339076 0.642603 -0.081549 
 0.458114 0.114716 0.014732 
 -0.149503 -0.596310 -0.053479 
 0.225465 -0.100845 0.164598 
 0.307224 0.185544 -0.004105 
 0.333401 0.433397 -0.109311 
 -0.596814 0.146711 -0.050679 
 0.167303 -0.757633 -0.099870 
 -0.038918 0.593699 -0.016999 
 0.205972 0.015578 0.215777 
 -0.526872 -0.533950 0.073520 
 -0.150300 0.749885 0.006386 
 -0.462286 -0.251254 -0.034276 
 -0.501497 -0.792500 0.151245 
 0.515390 0.301034 -0.059313 
 0.591232 0.535128 -0.008819 
 0.053536 -0.289393 0.048206 
 0.287143 -0.666389 -0.146086 
 -0.217867 -0.146934 -0.013105 
 -0.177692 -0.631190 -0.012825 
 0.037769 0.476917 -0.094436 
 0.620029 -0.437170 0.016474 
 0.451976 0.215809 -0.057893 
 -0.448569 0.170329 -0.064911 
 0.217332 0.527436 -0.109872 
 -0.234403 -0.473940 -0.035378 
 0.202185 -0.198010 -0.021182 
 0.365846 -0.378091 -0.092671 
 -0.528010 -0.433675 -0.000531 
 0.448268 0.658607 0.015901 
 -0.530091 -0.722973 0.119213 
 -0.419895 0.044018 -0.016931 
 0.554857 -0.429162 -0.017414 
 0.077080 -0.377853 0.018828 
 0.146288 -0.512624 -0.120387 
 0.158453 0.531410 -0.103337 
 -0.325296 0.096950 0.017002 
 0.761117 -0.242472 0.095507 
 -0.266732 -0.693778 0.032348 
 -0.141975 -0.513132 -0.007960 
 0.170313 -0.632299 -0.130946 
 0.542932 -0.163829 0.045003 
 0.507772 -0.159900 0.009121 
 -0.384023 -0.528697 -0.023121 
 0.514986 0.712618 0.052983 
 -0.268771 -0.591698 -0.040367 
 0.423262 0.123173 -0.021395 
 0.388399 0.722988 -0.012925 
 -0.230991 -0.349412 -0.066523 
 0.278581 0.525132 -0.096375 
 -0.232133 0.585633 -0.177997 
 0.182816 -0.179861 0.081990 
 -0.295460 0.408331 -0.144096 
 0.582804 0.229706 0.009863 
 -0.681240 0.206931 -0.017087 
 0.554932 0.106109 0.063929 
 0.551535 0.141365 0.026622 
 -0.121160 -0.160584 0.056560 
 -0.622038 0.542558 0.222467 
 0.457875 0.453885 -0.080829 
 -0.411604 0.657787 0.148888 
 0.680679 0.221428 0.059474 
 -0.584496 -0.372399 0.010158 
 -0.233211 0.431795 -0.108729 
 0.241858 -0.367815 -0.118923 
 -0.550238 -0.247804 -0.024467 
 -0.618281 -0.458025 0.007236 
 0.417947 -0.529037 -0.109561 
 -0.261663 0.338750 -0.051297 
 0.094946 0.291429 -0.054003 
 0.672354 -0.083070 0.077512 
 0.488227 0.239190 -0.019679 
 0.119144 -0.517505 -0.076781 
 0.453498 -0.506252 -0.071479 
 -0.512700 -0.041391 -0.011534 
 0.576033 0.328456 -0.060874 
 0.403814 -0.294604 -0.050402 
 -0.169326 0.424037 -0.055926 
 -0.257653 0.082009 0.109453 
 0.682165 0.127111 0.091087 
 -0.570424 -0.010162 -0.004706 
 0.136337 -0.845663 -0.102793 
 0.554857 -0.428422 -0.016195 
 0.314593 -0.821919 -0.120394 
 -0.263597 0.432938 -0.105633 
 0.227344 -0.070353 0.166694 
 0.454796 0.685057 0.056855 
 0.397972 -0.414727 -0.058690 
 0.506378 -0.187502 0.007148 
 -0.556652 -0.532791 0.074910 
 -0.296338 -0.822260 0.086887 
 -0.064741 -0.688953 -0.069513 
 0.281782 0.120955 0.053034 
 0.290135 0.836563 0.147046 
 -0.749845 0.002193 -0.025361 
 0.389840 0.433629 -0.137220 
 -0.529858 0.479760 -0.153828 
 0.453362 0.243885 -0.055546 
 -0.499586 0.660883 0.178729 
 -0.319650 -0.346836 -0.056808 
 -0.408309 -0.343610 -0.047000 
 0.575144 -0.105006 0.046025 
 -0.509839 0.304362 -0.169286 
 0.061792 -0.515199 -0.069819 
 -0.145426 -0.072219 0.087061 
 0.080335 -0.754110 -0.090036 
 0.382761 -0.646794 -0.114550 
 -0.355748 0.255506 -0.068522 
 0.336476 -0.095699 0.072255 
 0.422348 0.215310 -0.054443 
 0.383234 -0.210167 -0.002021 
 0.119499 -0.452170 -0.111641 
 -0.201438 -0.351753 -0.069887 
 -0.166243 0.604837 -0.103090 
 -0.500996 -0.463562 -0.005876 
 0.236495 0.761259 -0.034058 
 -0.098424 0.127520 0.176261 
 -0.523506 -0.308258 -0.031860 
 -0.078399 -0.426034 -0.006766 
 0.420962 0.186363 -0.056681 
 -0.105325 -0.365138 -0.000750 
 0.412033 -0.647948 -0.117828 
 0.642305 0.352074 -0.028924 
 -0.451349 0.606637 0.068526 
 0.479409 0.400028 -0.127674 
 0.155690 0.225689 -0.026139 
 0.214438 0.316480 -0.064979 
 0.112735 -0.696400 -0.089181 
 0.455433 0.685057 0.057495 
 -0.275738 -0.114207 -0.004021 
 -0.348326 0.554564 -0.127400 
 -0.411480 -0.496749 -0.017776 
 0.713065 0.465470 0.012985 
 0.763662 -0.056564 0.069655 
 -0.474332 -0.852080 0.145712 
 -0.248651 0.231596 0.119852 
 -0.435768 0.747515 0.178303 
 -0.081077 0.451962 -0.083461 
 -0.387983 0.197987 -0.069372 
 -0.165265 0.264073 0.052983 
 0.122816 0.414403 -0.108314 
 -0.560374 -0.691816 0.124606 
 0.191391 -0.281989 -0.066462 
 -0.266951 -0.757836 0.047916 
 -0.359745 0.135756 -0.056920 
 0.254826 -0.723348 -0.146939 
 0.183697 0.820244 0.016222 
 -0.151409 -0.159425 0.058995 
 -0.231723 -0.445427 -0.033311 
 -0.141064 0.422889 -0.059187 
 -0.265449 -0.693778 0.032348 
 -0.106714 -0.394491 -0.002822 
 0.560023 -0.560977 0.054374 
 -0.274353 -0.085173 -0.001199 
 0.454887 -0.476646 -0.068650 
 0.187000 0.254263 -0.026324 
 0.608433 0.386758 -0.060940 
 -0.134172 0.292721 0.050914 
 0.358684 -0.151437 0.025616 
 0.264500 -0.515195 -0.132509 
 -0.024987 0.329572 -0.078401 
 -0.740195 0.209226 -0.011002 
 0.320842 -0.578918 -0.143171 
 -0.516745 -0.130346 -0.019491 
 -0.502899 -0.820844 0.148755 
 0.713173 0.402761 0.028846 
 0.488405 -0.546510 -0.017917 
 -0.722346 -0.227042 0.116223 
 0.151127 0.383719 -0.113625 
 -0.196516 0.045215 0.140355 
 -0.477096 0.201013 -0.059601 
 0.696717 -0.203642 0.065834 
 -0.168901 -0.451948 -0.000393 
 0.110398 0.617600 -0.031286 
 -0.413837 -0.461118 -0.054560 
 -0.617243 -0.493549 0.044758 
 -0.161298 0.228114 0.109438 
 0.259799 0.083302 0.133569 
 -0.149301 -0.099667 0.064009 
 0.337547 -0.317483 -0.085260 
 0.075481 -0.377853 0.018956 
 0.333992 -0.406065 -0.091460 
 0.310608 0.151863 0.033720 
 0.314971 0.085953 0.088302 
 0.169221 -0.757633 -0.097893 
 -0.211639 -0.091000 0.031043 
 0.030777 -0.543423 -0.069013 
 -0.477942 0.392203 -0.186261 
 0.413638 -0.211326 -0.004823 
 0.072907 -0.154960 0.177027 
 -0.383615 -0.758783 0.100592 
 0.253884 0.644584 -0.085134 
 -0.627116 0.052166 0.005956 
 0.762260 -0.086023 0.067565 
 -0.065493 0.654153 -0.009607 
 -0.527095 -0.632993 0.126430 
 -0.178662 -0.595157 -0.050201 
 -0.449616 0.142172 -0.066965 
 -0.108104 -0.424877 -0.005243 
 -0.563405 0.573963 0.179019 
 0.629202 -0.227306 0.031070 
 0.774553 0.306772 0.055374 
 0.613345 0.043796 0.053144 
 0.486813 -0.573356 -0.039634 
 -0.170783 0.488434 -0.111283 
 0.519321 0.267287 -0.020334 
 0.734917 -0.025567 0.075061 
 -0.509839 0.301799 -0.169286 
 -0.020380 -0.459770 -0.016825 
 -0.236551 -0.824784 0.079885 
 -0.046988 0.539430 -0.080558 
 -0.444830 0.447039 -0.165562 
 0.249263 -0.314023 -0.075213 
 -0.189791 0.195181 0.150781 
 -0.121097 -0.789764 0.009643 
 -0.009979 -0.780442 -0.082269 
 0.258071 -0.228845 -0.029827 
 0.484248 -0.602531 -0.041711 
 -0.710718 0.206253 -0.013672 
 -0.341661 -0.166899 -0.041170 
 -0.066755 -0.814060 -0.038403 
 -0.690647 -0.034489 0.006311 
 -0.355157 -0.690863 0.042232 
 0.336209 -0.347211 -0.087326 
 0.675157 -0.022543 0.081692 
 0.628418 -0.257299 0.028635 
 -0.440318 -0.597186 0.057888 
 -0.380354 0.499910 -0.128137 
 -0.191741 0.165188 0.148696 
 0.076178 -0.843764 -0.096237 
 -0.740665 0.209226 -0.010411 
 0.597808 -0.286129 0.030207 
 -0.296053 -0.626566 0.001060 
 -0.146910 -0.858070 0.067878 
 -0.490058 -0.193019 -0.026883 
 -0.164870 0.635824 -0.101042 
 0.416275 0.721671 -0.016203 
 0.761117 -0.242472 0.095055 
 0.249988 -0.127181 0.121102 
 -0.266951 -0.756549 0.047916 
 -0.231922 -0.349412 -0.066617 
 0.311291 -0.255888 -0.077848 
 0.642385 -0.082206 0.082958 
 -0.702182 0.416724 -0.019169 
 -0.267260 -0.756837 0.047916 
 -0.690890 -0.000063 -0.031326 
 -0.176199 0.774626 0.051424 
 0.719678 -0.354125 0.052066 
 -0.628145 0.022514 0.003895 
 -0.150517 0.716907 0.004325 
 -0.615376 -0.599510 0.137636 
 0.097818 0.257690 -0.016490 
 0.123506 0.414403 -0.107736 
 -0.558058 0.630347 0.222968 
 -0.027222 0.299996 -0.079962 
 0.214112 0.409122 -0.097753 
 -0.401398 -0.195238 -0.036692 
 0.537380 0.653112 0.006042 
 -0.417044 0.387280 -0.172869 
 0.648230 0.286533 0.027124 
 0.142142 -0.601302 -0.125614 
 0.707929 0.035738 0.082057 
 0.493626 -0.423959 -0.029248 
 0.384627 -0.180003 0.000549 
 -0.233755 -0.408715 -0.071822 
 -0.558058 0.630210 0.223633 
 -0.471528 -0.791942 0.148670 
 0.119663 -0.547592 -0.078847 
 0.509065 0.685693 0.011847 
 0.551320 0.016130 0.060366 
 0.453362 0.243885 -0.054649 
 -0.219253 -0.174860 -0.014711 
 0.066725 0.413864 -0.082016 
 0.733883 -0.182729 0.103898 
 0.384627 -0.180288 -0.000635 
 0.666748 -0.203648 0.070064 
 0.373359 0.053103 0.079976 
 0.485913 0.713777 0.056278 
 -0.139019 -0.017098 0.128806 
 0.422563 0.121737 -0.021395 
 -0.131813 0.631482 -0.064901 
 -0.539312 0.112945 -0.059247 
 0.202221 0.051048 0.178401 
 -0.013242 -0.091491 0.191190 
 -0.557638 -0.431528 0.001180 
 0.338149 -0.318449 -0.085260 
 -0.441796 -0.561133 0.020896 
 0.385261 0.693261 -0.014621 
 -0.554011 0.473828 -0.071098 
 -0.509872 0.113545 -0.062366 
 -0.008551 -0.750715 -0.080369 
 0.652732 -0.503792 0.048245 
 0.108142 0.059065 0.148871 
 -0.130545 0.258887 0.088936 
 -0.181235 0.718057 0.008203 
 0.187234 -0.371173 -0.072104 
 0.399058 -0.039456 0.070039 
 -0.471025 0.506797 -0.158254 
 0.489111 0.082914 0.029891 
 0.612590 0.475941 -0.053888 
 -0.642367 -0.339519 0.018781 
 0.332076 0.189042 -0.047564 
 0.140978 -0.726753 -0.093635 
 -0.017503 0.792865 0.116443 
 0.323606 -0.519525 -0.138335 
 0.095940 -0.211556 0.130397 
 -0.599884 -0.008288 -0.001436 
 -0.282610 -0.198852 -0.049771 
 -0.133640 -0.334164 0.004608 
 -0.380551 0.657750 0.145593 
 0.349013 -0.609631 -0.149214 
 0.208105 0.792061 -0.028726 
 -0.325423 0.346836 -0.105245 
 -0.261831 0.524737 -0.138468 
 0.198656 -0.692836 -0.138338 
 0.383875 0.662767 -0.017058 
 0.634117 -0.167320 0.035240 
 -0.750483 -0.162075 0.083982 
 -0.342292 -0.196551 -0.042913 
 0.143524 -0.571928 -0.123821 
 0.088974 0.704792 0.017770 
 -0.051474 -0.488387 -0.015611 
 0.201746 -0.073590 0.209474 
 -0.665538 -0.254254 0.067907 
 0.007124 0.446435 -0.093232 
 0.575621 -0.105006 0.046367 
 0.219634 -0.312870 -0.071493 
 0.169221 -0.756215 -0.099870 
 0.677885 0.036904 0.085873 
 0.318403 0.639200 -0.052127 
 -0.025611 0.706503 0.068935 
 -0.156399 -0.184137 0.019338 
 0.148816 -0.453320 -0.115307 
 -0.405193 -0.253555 -0.040815 
 0.551631 0.203440 0.011080 
 -0.237430 -0.725335 0.026976 
 -0.657701 0.023664 0.007079 
 0.381587 -0.772370 -0.083902 
 -0.060554 0.680830 0.030890 
 0.421833 0.429782 -0.119095 
 0.426572 -0.444997 -0.064049 
 -0.063651 -0.659225 -0.067898 
 -0.171080 -0.417248 -0.037800 
 -0.448681 0.361890 -0.171675 
 0.525090 0.508532 -0.043782 
 0.144906 -0.542276 -0.120567 
 -0.352607 -0.404115 -0.057662 
 -0.054196 0.360295 -0.073083 
 0.270704 0.408114 -0.124600 
 0.851385 0.201175 0.180642 
 0.253393 -0.611122 -0.116966 
 -0.322837 -0.371810 -0.016317 
 0.572298 -0.361041 0.118049 
 0.496492 -0.316784 0.036389 
 0.320640 0.216948 -0.093735 
 -0.321328 -0.152383 -0.070357 
 0.222183 -0.543171 -0.094412 
 0.388472 -0.066387 0.036947 
 0.108522 0.038912 0.062888 
 0.072234 0.022662 0.079194 
 -0.413907 0.534442 -0.100657 
 0.033087 -0.296673 0.105853 
 