0.639147 0.122000 0.282718 
 0.625692 0.141209 0.286490 
 0.695258 -0.022856 0.280787 
 0.681769 -0.003598 0.284569 
 0.654790 0.034919 0.292132 
 0.641299 0.054177 0.295915 
 0.627810 0.073435 0.299697 
 0.622809 0.118657 0.261435 
 0.615065 0.155098 0.237164 
 0.607393 0.191440 0.212872 
 0.599790 0.227681 0.188562 
 0.580659 0.229605 0.220367 
 0.567292 0.248689 0.224114 
 0.548055 0.250763 0.255950 
 0.534652 0.269896 0.259707 
 0.676041 -0.034885 0.273499 
 0.662552 -0.015627 0.277280 
 0.654630 0.021172 0.253092 
 0.641176 0.040379 0.256863 
 0.627721 0.059588 0.260636 
 0.617103 0.087490 0.250408 
 0.609376 0.124013 0.226165 
 0.601718 0.160436 0.201903 
 0.594129 0.196759 0.177621 
 0.580797 0.215791 0.181358 
 0.561615 0.217685 0.213144 
 0.548249 0.236769 0.216892 
 0.534882 0.255851 0.220640 
 0.521514 0.274935 0.224386 
 0.343686 0.618017 0.181807 
 0.330442 0.636926 0.185520 
 0.317198 0.655833 0.189233 
 0.656824 -0.046916 0.266211 
 0.648919 -0.010036 0.242051 
 0.638273 0.017958 0.231846 
 0.624836 0.037141 0.235613 
 0.611398 0.056324 0.239380 
 0.603685 0.092928 0.215167 
 0.590283 0.112061 0.218924 
 0.588468 0.165836 0.166681 
 0.575137 0.184870 0.170418 
 0.564737 0.212513 0.160146 
 0.548473 0.222935 0.177892 
 0.535141 0.241968 0.181630 
 0.521808 0.261002 0.185367 
 0.508477 0.280035 0.189105 
 0.311574 0.625115 0.178364 
 0.298330 0.644022 0.182077 
 0.288403 0.670991 0.171671 
 0.275176 0.689873 0.175379 
 0.643205 -0.041243 0.231009 
 0.632568 -0.013209 0.220819 
 0.619131 0.005975 0.224586 
 0.611397 0.042710 0.200412 
 0.603734 0.079346 0.176216 
 0.590367 0.098429 0.179964 
 0.582808 0.134913 0.155740 
 0.572398 0.162623 0.145486 
 0.564962 0.198934 0.121227 
 0.551683 0.217891 0.124950 
 0.532454 0.219648 0.156684 
 0.519139 0.238656 0.160417 
 0.505825 0.257664 0.164149 
 0.492511 0.276671 0.167882 
 0.309241 0.602546 0.153401 
 0.292706 0.613302 0.171207 
 0.279462 0.632211 0.174921 
 0.269560 0.659194 0.164525 
 0.256332 0.678078 0.168233 
 0.243106 0.696961 0.171942 
 0.645914 -0.045774 0.178142 
 0.632511 -0.026641 0.181899 
 0.619109 -0.007508 0.185657 
 0.605707 0.011626 0.189413 
 0.598058 0.048341 0.165246 
 0.593375 0.093725 0.127094 
 0.580060 0.112734 0.130827 
 0.566745 0.131742 0.134561 
 0.559324 0.168133 0.110330 
 0.551974 0.204425 0.086080 
 0.541712 0.231974 0.075803 
 0.525486 0.242240 0.093505 
 0.512240 0.261149 0.097219 
 0.498996 0.280056 0.100932 
 0.485752 0.298964 0.104645 
 0.472507 0.317872 0.108357 
 0.459262 0.336780 0.112070 
 0.446017 0.355688 0.115784 
 0.432773 0.374595 0.119497 
 0.419529 0.393504 0.123209 
 0.406283 0.412412 0.126922 
 0.393039 0.431319 0.130635 
 0.290398 0.590751 0.146255 
 0.277171 0.609633 0.149963 
 0.263944 0.628516 0.153670 
 0.250717 0.647399 0.157378 
 0.234104 0.658215 0.175191 
 0.214056 0.661041 0.207121 
 0.200776 0.679999 0.210844 
 0.645851 -0.058994 0.139288 
 0.632484 -0.039910 0.143035 
 0.619116 -0.020828 0.146782 
 0.605750 -0.001745 0.150530 
 0.598151 0.035003 0.126383 
 0.584820 0.054037 0.130121 
 0.574407 0.081852 0.119900 
 0.566966 0.118375 0.095709 
 0.553686 0.137332 0.099432 
 0.546350 0.173705 0.075212 
 0.536096 0.201296 0.064947 
 0.528882 0.237493 0.040692 
 0.509642 0.239061 0.072364 
 0.496414 0.257944 0.076072 
 0.483187 0.276827 0.079780 
 0.469960 0.295710 0.083488 
 0.453639 0.306060 0.101202 
 0.443507 0.333477 0.090903 
 0.430279 0.352359 0.094612 
 0.417053 0.371242 0.098320 
 0.413319 0.415422 0.059950 
 0.400145 0.434230 0.063643 
 0.393370 0.469802 0.039266 
 0.386664 0.505274 0.014867 
 0.373560 0.523983 0.018542 
 0.360456 0.542691 0.022215 
 0.298009 0.541188 0.131692 
 0.284782 0.560071 0.135399 
 0.268215 0.570773 0.153183 
 0.258329 0.597838 0.142816 
 0.241726 0.608588 0.160608 
 0.231873 0.635604 0.150232 
 0.215236 0.646404 0.168034 
 0.188283 0.633083 0.228146 
 0.174968 0.652091 0.231877 
 0.640176 -0.089998 0.128318 
 0.626809 -0.070914 0.132066 
 0.613441 -0.051832 0.135813 
 0.600074 -0.032748 0.139560 
 0.586708 -0.013666 0.143308 
 0.579159 0.023114 0.119180 
 0.568753 0.050970 0.108975 
 0.561328 0.087574 0.084812 
 0.548048 0.106532 0.088535 
 0.540727 0.142987 0.064342 
 0.530480 0.170617 0.054093 
 0.523281 0.206896 0.029867 
 0.513121 0.234402 0.019593 
 0.496898 0.244563 0.037263 
 0.483706 0.263394 0.040961 
 0.470513 0.282228 0.044659 
 0.460424 0.309633 0.034366 
 0.444130 0.319894 0.052056 
 0.430937 0.338726 0.055754 
 0.420901 0.366057 0.045445 
 0.407726 0.384865 0.049138 
 0.400931 0.420569 0.024800 
 0.394205 0.456173 0.000440 
 0.381101 0.474880 0.004113 
 0.367997 0.493588 0.007788 
 0.354892 0.512296 0.011461 
 0.341788 0.531004 0.015135 
 0.328683 0.549712 0.018808 
 0.279167 0.529393 0.124545 
 0.272634 0.564722 0.100132 
 0.259442 0.583554 0.103830 
 0.246249 0.602387 0.107528 
 0.233058 0.621221 0.111226 
 0.219866 0.640054 0.114924 
 0.199804 0.642691 0.146793 
 0.193481 0.677719 0.122321 
 0.190700 0.720695 0.083735 
 0.177561 0.739454 0.087419 
 0.621134 -0.101918 0.121096 
 0.607766 -0.082836 0.124844 
 0.594399 -0.063752 0.128590 
 0.581031 -0.044668 0.132338 
 0.573497 -0.007809 0.108239 
 0.560166 0.011224 0.111976 
 0.549786 0.039096 0.101781 
 0.542410 0.075731 0.077636 
 0.535103 0.112267 0.053474 
 0.524863 0.139939 0.043239 
 0.517681 0.176299 0.019040 
 0.507528 0.203846 0.008780 
 0.500466 0.240030 -0.015450 
 0.487327 0.258788 -0.011767 
 0.474188 0.277546 -0.008083 
 0.461048 0.296305 -0.004400 
 0.447909 0.315062 -0.000717 
 0.434770 0.333820 0.002966 
 0.421630 0.352577 0.006650 
 0.408491 0.371336 0.010333 
 0.395352 0.390094 0.014018 
 0.388641 0.425779 -0.010314 
 0.375537 0.444486 -0.006641 
 0.365682 0.471608 -0.016983 
 0.352595 0.490291 -0.013314 
 0.339508 0.508974 -0.009645 
 0.333025 0.544333 -0.034040 
 0.326613 0.579594 -0.058454 
 0.313596 0.598177 -0.054804 
 0.277096 0.558915 0.047168 
 0.263957 0.577673 0.050852 
 0.240649 0.571790 0.096703 
 0.227456 0.590624 0.100401 
 0.214265 0.609455 0.104099 
 0.204515 0.636427 0.093726 
 0.191340 0.655236 0.097420 
 0.185121 0.690220 0.072953 
 0.171982 0.708977 0.076636 
 0.158841 0.727736 0.080319 
 0.145702 0.746494 0.084003 
 0.602091 -0.113839 0.113874 
 0.588724 -0.094756 0.117622 
 0.581170 -0.057764 0.093561 
 0.567837 -0.038731 0.097299 
 0.554505 -0.019698 0.101035 
 0.541174 -0.000664 0.104773 
 0.536772 0.044932 0.066739 
 0.529481 0.081548 0.042605 
 0.519247 0.109260 0.032384 
 0.512079 0.145702 0.008214 
 0.501934 0.173288 -0.002031 
 0.494889 0.209555 -0.026234 
 0.481748 0.228313 -0.022549 
 0.468609 0.247070 -0.018866 
 0.455469 0.265829 -0.015183 
 0.442330 0.284587 -0.011500 
 0.429191 0.303344 -0.007816 
 0.416051 0.322102 -0.004133 
 0.402912 0.340860 -0.000450 
 0.389773 0.359619 0.003234 
 0.383078 0.395385 -0.021068 
 0.369974 0.414093 -0.017394 
 0.360125 0.441254 -0.027722 
 0.353588 0.476796 -0.052068 
 0.340536 0.495428 -0.048410 
 0.334103 0.530819 -0.072785 
 0.321087 0.549402 -0.069136 
 0.308070 0.567985 -0.065487 
 0.288328 0.569959 -0.033773 
 0.265138 0.563755 0.011995 
 0.245239 0.565955 0.043752 
 0.225270 0.568255 0.075528 
 0.212095 0.587062 0.079221 
 0.205821 0.622229 0.054802 
 0.192681 0.640987 0.058486 
 0.186512 0.676003 0.034037 
 0.173408 0.694710 0.037710 
 0.160303 0.713418 0.041385 
 0.150736 0.740180 0.030976 
 0.137648 0.758863 0.034645 
 0.113844 0.753533 0.080587 
 0.100705 0.772291 0.084270 
 0.590657 -0.162933 0.130665 
 0.577254 -0.143800 0.134422 
 0.569681 -0.106676 0.110398 
 0.562176 -0.069654 0.086358 
 0.548845 -0.050621 0.090095 
 0.535512 -0.031587 0.093833 
 0.522181 -0.012554 0.097570 
 0.517853 0.033089 0.059564 
 0.513631 0.078581 0.021529 
 0.500405 0.097464 0.025238 
 0.496340 0.142732 -0.012842 
 0.483166 0.161540 -0.009149 
 0.476170 0.197837 -0.033332 
 0.469245 0.234035 -0.057537 
 0.449892 0.235354 -0.025965 
 0.436751 0.254111 -0.022282 
 0.423612 0.272869 -0.018599 
 0.410473 0.291627 -0.014916 
 0.397333 0.310384 -0.011232 
 0.384194 0.329143 -0.007549 
 0.371055 0.347901 -0.003864 
 0.364409 0.383699 -0.028148 
 0.351305 0.402407 -0.024475 
 0.348046 0.446523 -0.062779 
 0.334994 0.465156 -0.059121 
 0.321942 0.483790 -0.055461 
 0.315560 0.519212 -0.079818 
 0.302544 0.537795 -0.076170 
 0.289527 0.556378 -0.072520 
 0.276510 0.574961 -0.068871 
 0.256684 0.576953 -0.037167 
 0.243631 0.595585 -0.033508 
 0.230579 0.614219 -0.029849 
 0.207156 0.608193 0.015936 
 0.194052 0.626901 0.019609 
 0.184440 0.653778 0.009231 
 0.171353 0.672461 0.012899 
 0.158266 0.691144 0.016568 
 0.145179 0.709826 0.020237 
 0.132092 0.728510 0.023907 
 0.119006 0.747193 0.027575 
 0.095126 0.741816 0.073487 
 0.081987 0.760575 0.077171 
 0.068847 0.779332 0.080855 
 0.571565 -0.174885 0.123423 
 0.558163 -0.155751 0.127180 
 0.550639 -0.118597 0.103177 
 0.543184 -0.081542 0.079154 
 0.529852 -0.062510 0.082891 
 0.516520 -0.043477 0.086629 
 0.506197 -0.015533 0.076467 
 0.498935 0.021246 0.052388 
 0.494788 0.066786 0.014384 
 0.487685 0.103340 -0.009739 
 0.483731 0.148604 -0.047799 
 0.470591 0.167362 -0.044115 
 0.463680 0.203641 -0.068291 
 0.450576 0.222349 -0.064617 
 0.431172 0.223636 -0.033065 
 0.418033 0.242394 -0.029382 
 0.404894 0.261151 -0.025698 
 0.391754 0.279909 -0.022015 
 0.385055 0.315888 -0.046249 
 0.371950 0.334596 -0.042576 
 0.358845 0.353304 -0.038902 
 0.345740 0.372012 -0.035229 
 0.335926 0.399230 -0.045533 
 0.329453 0.434883 -0.069831 
 0.323050 0.470437 -0.094150 
 0.310033 0.489020 -0.090500 
 0.297016 0.507603 -0.086851 
 0.287376 0.534571 -0.097205 
 0.274377 0.553130 -0.093560 
 0.257966 0.563352 -0.075904 
 0.238090 0.565314 -0.044218 
 0.225039 0.583947 -0.040560 
 0.211987 0.602579 -0.036901 
 0.191971 0.604742 -0.005177 
 0.178883 0.623424 -0.001509 
 0.165797 0.642107 0.002160 
 0.152709 0.660791 0.005828 
 0.139623 0.679473 0.009498 
 0.126537 0.698156 0.013167 
 0.113449 0.716839 0.016835 
 0.096757 0.727462 0.034570 
 0.076409 0.730099 0.066388 
 0.063270 0.748857 0.070071 
 0.050129 0.767615 0.073756 
 0.029641 0.770453 0.105612 
 0.016466 0.789260 0.109304 
 0.565874 -0.205969 0.112425 
 0.552472 -0.186836 0.116182 
 0.539070 -0.167703 0.119940 
 0.531595 -0.130517 0.095955 
 0.524191 -0.093432 0.071950 
 0.510859 -0.074400 0.075688 
 0.497527 -0.055367 0.079426 
 0.487229 -0.027408 0.069273 
 0.480018 0.009404 0.045214 
 0.472877 0.046113 0.021137 
 0.462718 0.073873 0.010945 
 0.465013 0.136887 -0.054897 
 0.451873 0.155644 -0.051214 
 0.445012 0.191955 -0.075371 
 0.431907 0.210663 -0.071698 
 0.412455 0.211918 -0.040164 
 0.399316 0.230676 -0.036481 
 0.392594 0.266786 -0.060676 
 0.379490 0.285494 -0.057003 
 0.366386 0.304202 -0.053330 
 0.353282 0.322910 -0.049656 
 0.343457 0.350194 -0.059942 
 0.336963 0.385978 -0.084200 
 0.323911 0.404612 -0.080542 
 0.317524 0.440247 -0.104831 
 0.307856 0.467305 -0.115161 
 0.291490 0.477413 -0.097533 
 0.281858 0.504420 -0.107872 
 0.268857 0.522979 -0.104229 
 0.255858 0.541537 -0.100584 
 0.239423 0.551743 -0.082937 
 0.226406 0.570326 -0.079287 
 0.213389 0.588909 -0.075638 
 0.193393 0.590940 -0.043953 
 0.173327 0.593072 -0.012249 
 0.160240 0.611754 -0.008579 
 0.147153 0.630437 -0.004910 
 0.134066 0.649120 -0.001242 
 0.120980 0.667802 0.002427 
 0.104298 0.678359 0.020143 
 0.094806 0.705169 0.009764 
 0.081718 0.723851 0.013433 
 0.068632 0.742534 0.017101 
 0.051881 0.753190 0.034838 
 0.031411 0.755897 0.066656 
 0.010872 0.758704 0.098493 
 -0.002303 0.777512 0.102186 
 -0.015476 0.796319 0.105880 
 0.567784 -0.274522 0.125343 
 0.554345 -0.255338 0.129110 
 0.540909 -0.236155 0.132876 
 0.527472 -0.216972 0.136643 
 0.519977 -0.179655 0.112698 
 0.506575 -0.160523 0.116455 
 0.499186 -0.123355 0.092479 
 0.491866 -0.086288 0.068484 
 0.478535 -0.067255 0.072222 
 0.465202 -0.048223 0.075959 
 0.454947 -0.020273 0.065811 
 0.454009 0.034302 0.013981 
 0.450099 0.079811 -0.023994 
 0.446294 0.125169 -0.061997 
 0.439449 0.161561 -0.086125 
 0.429508 0.189060 -0.096362 
 0.416421 0.207743 -0.092693 
 0.393737 0.200201 -0.047263 
 0.380598 0.218958 -0.043580 
 0.373926 0.255100 -0.067757 
 0.360821 0.273808 -0.064084 
 0.347717 0.292516 -0.060410 
 0.337900 0.319840 -0.070681 
 0.324813 0.338524 -0.067012 
 0.325013 0.391473 -0.119162 
 0.311996 0.410056 -0.115514 
 0.298979 0.428639 -0.111864 
 0.289337 0.455713 -0.122184 
 0.272947 0.465804 -0.104567 
 0.263339 0.492829 -0.114896 
 0.250340 0.511387 -0.111252 
 0.237341 0.529944 -0.107607 
 0.220879 0.540136 -0.089970 
 0.207863 0.558719 -0.086321 
 0.194846 0.577300 -0.082671 
 0.174800 0.579301 -0.051004 
 0.161748 0.597934 -0.047346 
 0.148696 0.616566 -0.043686 
 0.135644 0.635199 -0.040028 
 0.122593 0.653832 -0.036370 
 0.109540 0.672465 -0.032710 
 0.103728 0.707381 -0.057128 
 0.083436 0.709731 -0.025392 
 0.070385 0.728363 -0.021733 
 0.057333 0.746996 -0.018075 
 0.036902 0.749547 0.013700 
 0.020108 0.760212 0.031431 
 -0.000447 0.762938 0.063240 
 -0.013586 0.781696 0.066924 
 -0.026725 0.800453 0.070607 
 -0.039865 0.819211 0.074290 
 -0.053004 0.837970 0.077974 
 0.562078 -0.305687 0.114315 
 0.548640 -0.286505 0.118082 
 0.535203 -0.267321 0.121849 
 0.527690 -0.229874 0.097943 
 0.514287 -0.210741 0.101700 
 0.500884 -0.191608 0.105456 
 0.493510 -0.154359 0.081509 
 0.486206 -0.117211 0.057544 
 0.472874 -0.098178 0.061282 
 0.462608 -0.070163 0.051152 
 0.446210 -0.060113 0.068756 
 0.442183 -0.014281 0.030864 
 0.438259 0.031399 -0.007057 
 0.431305 0.068046 -0.031121 
 0.427576 0.113451 -0.069096 
 0.414437 0.132209 -0.065413 
 0.410864 0.177389 -0.103433 
 0.397778 0.196073 -0.099764 
 0.375019 0.188483 -0.054363 
 0.368363 0.224705 -0.078511 
 0.355258 0.243414 -0.074837 
 0.342154 0.262122 -0.071164 
 0.332344 0.289487 -0.081420 
 0.319256 0.308170 -0.077751 
 0.306170 0.326852 -0.074083 
 0.306470 0.379864 -0.126195 
 0.293453 0.398447 -0.122547 
 0.280436 0.417030 -0.118897 
 0.267420 0.435613 -0.115248 
 0.254403 0.454196 -0.111598 
 0.244820 0.481236 -0.121919 
 0.231821 0.499794 -0.118275 
 0.218822 0.518352 -0.114632 
 0.202335 0.528527 -0.097003 
 0.189318 0.547110 -0.093354 
 0.176303 0.565693 -0.089704 
 0.156206 0.567661 -0.058056 
 0.143154 0.586293 -0.054397 
 0.130102 0.604927 -0.050739 
 0.117051 0.623560 -0.047079 
 0.111219 0.658607 -0.071460 
 0.098202 0.677189 -0.067810 
 0.085185 0.695772 -0.064161 
 0.072168 0.714355 -0.060511 
 0.059151 0.732938 -0.056863 
 0.038739 0.735357 -0.025127 
 0.025688 0.753989 -0.021467 
 0.005171 0.756558 0.010298 
 -0.011665 0.767234 0.028025 
 -0.024769 0.785942 0.031698 
 -0.045443 0.788735 0.063508 
 -0.058583 0.807493 0.067191 
 -0.079361 0.810437 0.099030 
 -0.092536 0.829245 0.102724 
 0.553456 -0.346102 0.117097 
 0.542935 -0.317671 0.107055 
 0.529498 -0.298488 0.110822 
 0.516061 -0.279304 0.114589 
 0.502623 -0.260121 0.118356 
 0.495194 -0.222693 0.094458 
 0.487835 -0.185363 0.070540 
 0.474468 -0.166279 0.074287 
 0.461100 -0.147197 0.078035 
 0.453881 -0.110068 0.054078 
 0.440549 -0.091035 0.057816 
 0.427216 -0.072001 0.061554 
 0.417011 -0.044021 0.051424 
 0.403697 -0.025013 0.055157 
 0.412512 0.056282 -0.038249 
 0.399321 0.075114 -0.034551 
 0.395718 0.120491 -0.072512 
 0.382579 0.139250 -0.068829 
 0.369440 0.158007 -0.065145 
 0.356300 0.176765 -0.061462 
 0.343161 0.195523 -0.057779 
 0.336590 0.231727 -0.081918 
 0.326787 0.259133 -0.092160 
 0.313700 0.277816 -0.088491 
 0.307286 0.313795 -0.112674 
 0.294235 0.332428 -0.109016 
 0.287927 0.368257 -0.133228 
 0.274910 0.386840 -0.129578 
 0.261893 0.405422 -0.125930 
 0.248876 0.424004 -0.122281 
 0.235859 0.442588 -0.118631 
 0.226302 0.469643 -0.128942 
 0.213303 0.488201 -0.125299 
 0.200304 0.506759 -0.121655 
 0.183792 0.516919 -0.104035 
 0.170775 0.535501 -0.100387 
 0.157759 0.554084 -0.096737 
 0.144742 0.572667 -0.093088 
 0.131725 0.591250 -0.089440 
 0.111509 0.593287 -0.057791 
 0.098457 0.611921 -0.054132 
 0.092674 0.646999 -0.078491 
 0.079659 0.665582 -0.074843 
 0.066642 0.684165 -0.071194 
 0.053625 0.702748 -0.067544 
 0.040607 0.721330 -0.063896 
 0.027590 0.739913 -0.060247 
 0.007094 0.742350 -0.028520 
 -0.013472 0.744888 0.003227 
 -0.026558 0.763570 0.006895 
 -0.043437 0.774256 0.024618 
 -0.056541 0.792964 0.028291 
 -0.077301 0.795775 0.060092 
 -0.090440 0.814534 0.063776 
 -0.103580 0.833292 0.067459 
 -0.116719 0.852049 0.071143 
 0.555386 -0.415144 0.129861 
 0.547744 -0.377309 0.106055 
 0.534290 -0.358101 0.109827 
 0.523793 -0.329654 0.099795 
 0.510356 -0.310471 0.103562 
 0.496918 -0.291287 0.107329 
 0.489504 -0.253777 0.083460 
 0.482160 -0.216367 0.059571 
 0.468793 -0.197283 0.063318 
 0.461553 -0.160023 0.039400 
 0.448220 -0.140991 0.043137 
 0.434889 -0.121957 0.046875 
 0.421556 -0.102924 0.050612 
 0.408224 -0.083891 0.054350 
 0.398043 -0.055895 0.044230 
 0.400574 0.007807 -0.021350 
 0.387346 0.026691 -0.017642 
 0.374120 0.045574 -0.013933 
 0.370557 0.091047 -0.051857 
 0.370339 0.145209 -0.103692 
 0.357235 0.163917 -0.100019 
 0.344131 0.182625 -0.096345 
 0.331026 0.201333 -0.092672 
 0.317921 0.220041 -0.088997 
 0.308144 0.247462 -0.099231 
 0.295057 0.266146 -0.095562 
 0.288693 0.302155 -0.119725 
 0.275641 0.320787 -0.116067 
 0.269384 0.356648 -0.140261 
 0.256367 0.375231 -0.136612 
 0.243349 0.393814 -0.132963 
 0.230332 0.412397 -0.129314 
 0.217315 0.430980 -0.125665 
 0.204298 0.449563 -0.122015 
 0.191283 0.468145 -0.118367 
 0.178266 0.486728 -0.114718 
 0.165249 0.505311 -0.111068 
 0.152232 0.523894 -0.107420 
 0.139215 0.542477 -0.103771 
 0.119020 0.544382 -0.072160 
 0.105968 0.563014 -0.068502 
 0.092916 0.581648 -0.064842 
 0.079865 0.600280 -0.061184 
 0.074131 0.635390 -0.085525 
 0.061114 0.653973 -0.081876 
 0.048098 0.672556 -0.078227 
 0.035081 0.691139 -0.074578 
 0.022064 0.709722 -0.070928 
 0.009047 0.728305 -0.067280 
 -0.011498 0.730710 -0.035571 
 -0.032115 0.733216 -0.003845 
 -0.045202 0.751899 -0.000175 
 -0.062106 0.762570 0.017537 
 -0.075210 0.781278 0.021211 
 -0.096019 0.784059 0.052994 
 -0.109159 0.802816 0.056677 
 -0.122298 0.821574 0.060360 
 -0.135437 0.840332 0.064043 
 0.536169 -0.427175 0.122573 
 0.522679 -0.407917 0.126354 
 0.515122 -0.370099 0.102557 
 0.504651 -0.341637 0.092535 
 0.491214 -0.322454 0.096302 
 0.483813 -0.284862 0.072461 
 0.476484 -0.247370 0.048601 
 0.463116 -0.228287 0.052348 
 0.449750 -0.209204 0.056096 
 0.442560 -0.171912 0.032196 
 0.423015 -0.171039 0.063590 
 0.415895 -0.133847 0.039671 
 0.402564 -0.114814 0.043409 
 0.389231 -0.095780 0.047146 
 0.379076 -0.067768 0.037036 
 0.381731 -0.003989 -0.028496 
 0.368503 0.014894 -0.024789 
 0.355277 0.033777 -0.021081 
 0.351789 0.079299 -0.058975 
 0.351671 0.133523 -0.110773 
 0.338566 0.152231 -0.107099 
 0.325462 0.170939 -0.103426 
 0.312358 0.189647 -0.099751 
 0.302588 0.217109 -0.109971 
 0.289500 0.235792 -0.106302 
 0.283152 0.271882 -0.130437 
 0.270100 0.290516 -0.126778 
 0.263856 0.326456 -0.150944 
 0.250839 0.345039 -0.147294 
 0.237823 0.363622 -0.143645 
 0.224806 0.382205 -0.139995 
 0.211789 0.400788 -0.136347 
 0.198772 0.419371 -0.132698 
 0.185755 0.437954 -0.129048 
 0.172739 0.456537 -0.125400 
 0.159722 0.475120 -0.121751 
 0.146705 0.493703 -0.118101 
 0.133688 0.512285 -0.114452 
 0.120671 0.530868 -0.110804 
 0.100426 0.532743 -0.079212 
 0.087374 0.551375 -0.075553 
 0.074323 0.570008 -0.071895 
 0.068605 0.605200 -0.096207 
 0.055588 0.623781 -0.092558 
 0.042571 0.642364 -0.088908 
 0.029554 0.660947 -0.085260 
 0.016538 0.679530 -0.081611 
 0.003521 0.698113 -0.077961 
 -0.017040 0.700439 -0.046282 
 -0.030092 0.719071 -0.042623 
 -0.050757 0.721546 -0.010914 
 -0.067670 0.732175 0.006783 
 -0.088459 0.734824 0.038526 
 -0.101598 0.753583 0.042211 
 -0.114736 0.772341 0.045894 
 -0.127877 0.791099 0.049577 
 -0.141016 0.809856 0.053261 
 -0.146296 0.844422 0.028825 
 -0.159400 0.863131 0.032500 
 0.516952 -0.439204 0.115284 
 0.509409 -0.401307 0.091516 
 0.495954 -0.382098 0.095288 
 0.485509 -0.353620 0.085275 
 0.472071 -0.334438 0.089042 
 0.464721 -0.296814 0.065221 
 0.457441 -0.259290 0.041379 
 0.450232 -0.221869 0.017519 
 0.436899 -0.202835 0.021256 
 0.423568 -0.183802 0.024992 
 0.410235 -0.164769 0.028730 
 0.396903 -0.145736 0.032468 
 0.383570 -0.126702 0.036205 
 0.370239 -0.107670 0.039943 
 0.366510 -0.061652 0.002165 
 0.369325 0.002155 -0.063331 
 0.356134 0.020989 -0.059632 
 0.346196 0.048741 -0.069788 
 0.339564 0.085339 -0.093810 
 0.326424 0.104097 -0.090127 
 0.319898 0.140544 -0.114180 
 0.306793 0.159253 -0.110506 
 0.293689 0.177961 -0.106832 
 0.280585 0.196669 -0.103158 
 0.270857 0.224121 -0.113373 
 0.264558 0.260243 -0.137488 
 0.251506 0.278876 -0.133830 
 0.245313 0.314849 -0.157977 
 0.232296 0.333432 -0.154327 
 0.219279 0.352015 -0.150678 
 0.206263 0.370598 -0.147028 
 0.193246 0.389181 -0.143380 
 0.180229 0.407764 -0.139731 
 0.167212 0.426346 -0.136081 
 0.154195 0.444928 -0.132433 
 0.141179 0.463511 -0.128784 
 0.128162 0.482094 -0.125134 
 0.115145 0.500677 -0.121485 
 0.102128 0.519260 -0.117837 
 0.081832 0.521103 -0.086264 
 0.076094 0.556425 -0.110538 
 0.055729 0.558369 -0.078946 
 0.050061 0.593591 -0.103240 
 0.037044 0.612174 -0.099591 
 0.024027 0.630757 -0.095941 
 0.011010 0.649340 -0.092293 
 -0.002007 0.667923 -0.088644 
 -0.015022 0.686506 -0.084994 
 -0.035634 0.688799 -0.053334 
 -0.048686 0.707431 -0.049675 
 -0.073233 0.701781 -0.003970 
 -0.094038 0.704349 0.027744 
 -0.107176 0.723108 0.031428 
 -0.120315 0.741866 0.035112 
 -0.133456 0.760623 0.038795 
 -0.154433 0.763442 0.070557 
 -0.159734 0.798138 0.046161 
 -0.172874 0.816897 0.049845 
 -0.186013 0.835655 0.053528 
 0.503697 -0.432513 0.080475 
 0.490242 -0.413306 0.084246 
 0.476787 -0.394097 0.088018 
 0.466365 -0.365604 0.078015 
 0.459031 -0.327899 0.054223 
 0.451766 -0.290294 0.030410 
 0.444571 -0.252790 0.006577 
 0.431239 -0.233757 0.010315 
 0.417907 -0.214724 0.014053 
 0.404574 -0.195692 0.017790 
 0.391243 -0.176658 0.021528 
 0.377910 -0.157625 0.025264 
 0.364578 -0.138592 0.029002 
 0.351245 -0.119560 0.032739 
 0.347593 -0.073494 -0.005011 
 0.350532 -0.009608 -0.070458 
 0.337341 0.009225 -0.066759 
 0.327427 0.036993 -0.076905 
 0.320846 0.073621 -0.100909 
 0.307706 0.092379 -0.097226 
 0.301230 0.128858 -0.121260 
 0.281427 0.129895 -0.089858 
 0.275021 0.166274 -0.113912 
 0.261917 0.184982 -0.110239 
 0.252214 0.212451 -0.120443 
 0.239127 0.231133 -0.116774 
 0.232913 0.267237 -0.140881 
 0.219861 0.285869 -0.137223 
 0.213752 0.321823 -0.161360 
 0.200735 0.340406 -0.157711 
 0.187720 0.358989 -0.154062 
 0.174703 0.377572 -0.150413 
 0.161686 0.396155 -0.146764 
 0.148669 0.414738 -0.143115 
 0.135652 0.433321 -0.139465 
 0.122635 0.451904 -0.135817 
 0.109619 0.470486 -0.132167 
 0.096602 0.489069 -0.128518 
 0.083585 0.507652 -0.124869 
 0.070568 0.526235 -0.121220 
 0.057551 0.544817 -0.117571 
 0.044534 0.563400 -0.113922 
 0.031518 0.581983 -0.110273 
 0.018501 0.600565 -0.106624 
 0.005484 0.619148 -0.102975 
 -0.007533 0.637731 -0.099325 
 -0.020550 0.656314 -0.095677 
 -0.033566 0.674897 -0.092028 
 -0.054227 0.677160 -0.060385 
 -0.067280 0.695792 -0.056727 
 -0.091902 0.690095 -0.011051 
 -0.112755 0.692631 0.020646 
 -0.125894 0.711390 0.024329 
 -0.139035 0.730148 0.028012 
 -0.160028 0.732885 0.059746 
 -0.173202 0.751694 0.063439 
 -0.186377 0.770501 0.067133 
 -0.199552 0.789309 0.070826 
 -0.196736 0.839758 0.018339 
 -0.209841 0.858465 0.022012 
 0.484529 -0.444512 0.073205 
 0.474098 -0.415952 0.063221 
 0.460660 -0.396769 0.066988 
 0.453340 -0.358983 0.043224 
 0.439938 -0.339852 0.046981 
 0.432724 -0.302216 0.023186 
 0.425578 -0.264680 -0.000626 
 0.412247 -0.245647 0.003111 
 0.398914 -0.226613 0.006849 
 0.385582 -0.207580 0.010587 
 0.372249 -0.188548 0.014324 
 0.358918 -0.169515 0.018062 
 0.345585 -0.150482 0.021799 
 0.332253 -0.131448 0.025537 
 0.328675 -0.085337 -0.012185 
 0.335008 -0.012372 -0.091410 
 0.318548 -0.002540 -0.073888 
 0.308659 0.025244 -0.084023 
 0.302127 0.061904 -0.108009 
 0.288988 0.080662 -0.104324 
 0.282561 0.117172 -0.128341 
 0.269457 0.135880 -0.124666 
 0.256353 0.154588 -0.120993 
 0.243248 0.173296 -0.117319 
 0.233570 0.200779 -0.127514 
 0.220484 0.219463 -0.123845 
 0.214319 0.255598 -0.147934 
 0.201267 0.274230 -0.144274 
 0.188216 0.292863 -0.140616 
 0.182192 0.328799 -0.164744 
 0.169175 0.347380 -0.161095 
 0.149061 0.348762 -0.129640 
 0.143142 0.384546 -0.153797 
 0.130125 0.403129 -0.150148 
 0.117108 0.421712 -0.146498 
 0.104091 0.440295 -0.142849 
 0.083801 0.441926 -0.111345 
 0.078059 0.477461 -0.135551 
 0.065042 0.496044 -0.131902 
 0.052025 0.514627 -0.128254 
 0.039008 0.533209 -0.124604 
 0.018543 0.535090 -0.093049 
 0.005491 0.553722 -0.089391 
 -0.000042 0.588958 -0.113657 
 -0.020614 0.590989 -0.082073 
 -0.033665 0.609621 -0.078415 
 -0.046717 0.628255 -0.074755 
 -0.059769 0.646887 -0.071097 
 -0.080515 0.649168 -0.039465 
 -0.093601 0.667851 -0.035797 
 -0.118334 0.662156 0.009863 
 -0.131473 0.680915 0.013546 
 -0.144612 0.699673 0.017230 
 -0.157752 0.718430 0.020913 
 -0.178796 0.721137 0.052628 
 -0.191970 0.739944 0.056321 
 -0.205145 0.758753 0.060015 
 -0.218319 0.777560 0.063707 
 -0.223450 0.812220 0.039331 
 -0.236589 0.830977 0.043014 
 0.465362 -0.456511 0.065935 
 0.454955 -0.427935 0.055961 
 0.441518 -0.408753 0.059728 
 0.428081 -0.389570 0.063495 
 0.414643 -0.370386 0.067262 
 0.413680 -0.314136 0.015964 
 0.406586 -0.276570 -0.007830 
 0.393253 -0.257536 -0.004092 
 0.379922 -0.238503 -0.000355 
 0.366589 -0.219470 0.003383 
 0.346845 -0.218721 0.034701 
 0.339924 -0.181404 0.010858 
 0.320110 -0.180555 0.042195 
 0.306743 -0.161471 0.045943 
 0.303205 -0.115263 0.008261 
 0.306359 -0.051171 -0.057082 
 0.293132 -0.032288 -0.053375 
 0.289891 0.013495 -0.091141 
 0.283409 0.050186 -0.115107 
 0.270270 0.068945 -0.111424 
 0.263894 0.105486 -0.135420 
 0.250788 0.124194 -0.131746 
 0.237684 0.142902 -0.128073 
 0.224580 0.161610 -0.124400 
 0.211475 0.180317 -0.120725 
 0.201840 0.207792 -0.130917 
 0.188753 0.226474 -0.127248 
 0.182675 0.262590 -0.151326 
 0.169623 0.281224 -0.147667 
 0.156570 0.299856 -0.144009 
 0.143519 0.318489 -0.140349 
 0.130467 0.337123 -0.136691 
 0.117415 0.355755 -0.133031 
 0.104364 0.374388 -0.129373 
 0.091312 0.393021 -0.125715 
 0.078260 0.411654 -0.122055 
 0.065209 0.430286 -0.118397 
 0.052156 0.448920 -0.114737 
 0.039104 0.467552 -0.111079 
 0.026052 0.486185 -0.107420 
 0.013001 0.504817 -0.103760 
 -0.000051 0.523451 -0.100102 
 -0.013103 0.542083 -0.096442 
 -0.026154 0.560716 -0.092784 
 -0.039206 0.579350 -0.089126 
 -0.052258 0.597982 -0.085466 
 -0.072984 0.600132 -0.053873 
 -0.086071 0.618815 -0.050205 
 -0.103029 0.629306 -0.032559 
 -0.116134 0.648014 -0.028885 
 -0.129238 0.666722 -0.025212 
 -0.150191 0.669197 0.006447 
 -0.163331 0.687955 0.010130 
 -0.176470 0.706712 0.013814 
 -0.197563 0.709388 0.045510 
 -0.210738 0.728196 0.049202 
 -0.223913 0.747004 0.052896 
 -0.237087 0.765812 0.056589 
 -0.230026 0.824326 -0.009849 
 -0.243114 0.843010 -0.006179 
 0.459649 -0.487717 0.054894 
 0.449249 -0.459102 0.044934 
 0.435813 -0.439918 0.048701 
 0.422376 -0.420736 0.052468 
 0.415155 -0.382888 0.028742 
 0.408005 -0.345139 0.004995 
 0.400926 -0.307491 -0.018770 
 0.387593 -0.288458 -0.015032 
 0.374261 -0.269426 -0.011296 
 0.360928 -0.250393 -0.007558 
 0.347597 -0.231359 -0.003821 
 0.327803 -0.230641 0.027479 
 0.320932 -0.193293 0.003655 
 0.301068 -0.192475 0.034973 
 0.287700 -0.173393 0.038721 
 0.274334 -0.154309 0.042468 
 0.260966 -0.135225 0.046215 
 0.264280 -0.071107 -0.019090 
 0.271122 0.001747 -0.098260 
 0.254578 0.011597 -0.080746 
 0.241385 0.030429 -0.077048 
 0.238412 0.075985 -0.114840 
 0.225273 0.094742 -0.111156 
 0.219017 0.131216 -0.135154 
 0.205912 0.149924 -0.131479 
 0.192808 0.168631 -0.127806 
 0.183197 0.196122 -0.137986 
 0.170110 0.214804 -0.134318 
 0.164081 0.250951 -0.158379 
 0.151029 0.269584 -0.154719 
 0.137978 0.288218 -0.151061 
 0.124926 0.306850 -0.147402 
 0.111873 0.325482 -0.143742 
 0.098822 0.344116 -0.140084 
 0.085770 0.362749 -0.136424 
 0.072718 0.381381 -0.132766 
 0.059667 0.400015 -0.129108 
 0.039242 0.401633 -0.097631 
 0.033563 0.437280 -0.121790 
 0.020511 0.455912 -0.118130 
 0.007458 0.474546 -0.114472 
 -0.005593 0.493178 -0.110813 
 -0.018645 0.511811 -0.107154 
 -0.031697 0.530445 -0.103495 
 -0.044748 0.549077 -0.099836 
 -0.065454 0.551095 -0.068282 
 -0.078540 0.569778 -0.064612 
 -0.091628 0.588462 -0.060943 
 -0.108594 0.598912 -0.043313 
 -0.121698 0.617620 -0.039639 
 -0.134802 0.636328 -0.035966 
 -0.147907 0.655036 -0.032291 
 -0.161011 0.673743 -0.028618 
 -0.182049 0.676237 0.003031 
 -0.195188 0.694995 0.006714 
 -0.200324 0.729867 -0.017598 
 -0.213428 0.748575 -0.013923 
 -0.226533 0.767283 -0.010250 
 -0.247747 0.770026 0.021449 
 -0.252741 0.804698 -0.002903 
 -0.265846 0.823406 0.000772 
 0.440482 -0.499716 0.047624 
 0.430107 -0.471086 0.037673 
 0.416671 -0.451902 0.041440 
 0.409464 -0.413973 0.017744 
 0.389796 -0.413536 0.048974 
 0.388963 -0.357059 -0.002227 
 0.381932 -0.319381 -0.025973 
 0.368601 -0.300348 -0.022236 
 0.355268 -0.281315 -0.018498 
 0.341936 -0.262281 -0.014761 
 0.322126 -0.261646 0.016509 
 0.308760 -0.242562 0.020257 
 0.301939 -0.205183 -0.003549 
 0.282025 -0.204396 0.027751 
 0.262041 -0.203509 0.059072 
 0.248638 -0.184376 0.062829 
 0.235236 -0.165244 0.066586 
 0.215112 -0.164156 0.097945 
 0.201675 -0.144973 0.101712 
 0.167859 -0.179629 0.188345 
 0.147490 -0.178191 0.219773 
 0.219694 0.064267 -0.121939 
 0.206555 0.083026 -0.118256 
 0.193415 0.101783 -0.114572 
 0.187243 0.138238 -0.138560 
 0.174139 0.156944 -0.134886 
 0.161035 0.175652 -0.131213 
 0.147931 0.194361 -0.127539 
 0.145487 0.239312 -0.165430 
 0.132436 0.257945 -0.161772 
 0.119384 0.276577 -0.158112 
 0.106332 0.295210 -0.154454 
 0.093281 0.313843 -0.150795 
 0.072946 0.315230 -0.119376 
 0.059858 0.333914 -0.115708 
 0.046772 0.352596 -0.112039 
 0.033685 0.371279 -0.108370 
 0.020598 0.389962 -0.104702 
 0.014969 0.425641 -0.128841 
 0.001918 0.444273 -0.125183 
 -0.011134 0.462906 -0.121523 
 -0.024186 0.481539 -0.117865 
 -0.037239 0.500172 -0.114205 
 -0.057923 0.502059 -0.082690 
 -0.071010 0.520741 -0.079020 
 -0.084097 0.539425 -0.075352 
 -0.101053 0.549810 -0.057740 
 -0.110271 0.576790 -0.068014 
 -0.127261 0.587226 -0.050393 
 -0.140366 0.605934 -0.046720 
 -0.153470 0.624642 -0.043045 
 -0.166574 0.643350 -0.039372 
 -0.179679 0.662057 -0.035698 
 -0.192784 0.680765 -0.032025 
 -0.213906 0.683277 -0.000385 
 -0.218993 0.718181 -0.024677 
 -0.248275 0.704698 0.034967 
 -0.261449 0.723506 0.038661 
 -0.278702 0.734316 0.056356 
 -0.279604 0.777068 0.018033 
 -0.292744 0.795825 0.021716 
 -0.305883 0.814583 0.025399 
 0.421314 -0.511715 0.040354 
 0.410965 -0.483069 0.030413 
 0.397529 -0.463885 0.034180 
 0.390373 -0.425925 0.010502 
 0.376971 -0.406791 0.014259 
 0.369920 -0.368981 -0.009449 
 0.362939 -0.331271 -0.033177 
 0.349607 -0.312237 -0.029439 
 0.336276 -0.293204 -0.025702 
 0.322943 -0.274171 -0.021964 
 0.303084 -0.273566 0.009287 
 0.289716 -0.254482 0.013035 
 0.276350 -0.235400 0.016782 
 0.262983 -0.216316 0.020529 
 0.242948 -0.215462 0.051831 
 0.222843 -0.214505 0.083151 
 0.209406 -0.195323 0.086918 
 0.185811 -0.203255 0.132059 
 0.162109 -0.211038 0.177232 
 0.148567 -0.191705 0.181028 
 0.128148 -0.190299 0.212437 
 0.114570 -0.170916 0.216243 
 0.194783 0.089135 -0.152988 
 0.181679 0.107843 -0.149315 
 0.168575 0.126550 -0.145640 
 0.155470 0.145258 -0.141967 
 0.142366 0.163966 -0.138293 
 0.129262 0.182674 -0.134620 
 0.116158 0.201382 -0.130945 
 0.103053 0.220090 -0.127272 
 0.093563 0.247511 -0.137453 
 0.080476 0.266195 -0.133784 
 0.067389 0.284877 -0.130116 
 0.050636 0.294921 -0.112577 
 0.037532 0.313629 -0.108904 
 0.024427 0.332337 -0.105230 
 0.015041 0.359609 -0.115441 
 -0.001781 0.369752 -0.097882 
 -0.011133 0.396974 -0.108104 
 -0.024219 0.415657 -0.104436 
 -0.029728 0.451267 -0.128575 
 -0.042779 0.469899 -0.124916 
 -0.055831 0.488533 -0.121258 
 -0.076567 0.490389 -0.089760 
 -0.089653 0.509071 -0.086091 
 -0.102740 0.527754 -0.082423 
 -0.119721 0.538124 -0.064820 
 -0.132826 0.556832 -0.061147 
 -0.145930 0.575540 -0.057474 
 -0.159034 0.594248 -0.053799 
 -0.172139 0.612956 -0.050126 
 -0.185243 0.631663 -0.046452 
 -0.198347 0.650371 -0.042779 
 -0.211452 0.669079 -0.039104 
 -0.224556 0.687787 -0.035431 
 -0.237660 0.706495 -0.031758 
 -0.250764 0.725203 -0.028084 
 -0.263870 0.743910 -0.024411 
 -0.285183 0.746591 0.007250 
 -0.290079 0.781326 -0.017063 
 -0.303183 0.800034 -0.013389 
 -0.316287 0.818742 -0.009716 
 0.402146 -0.523714 0.033085 
 0.391823 -0.495052 0.023153 
 0.378385 -0.475868 0.026920 
 0.371280 -0.437876 0.003261 
 0.364245 -0.399985 -0.020419 
 0.350878 -0.380901 -0.016671 
 0.343947 -0.343159 -0.040380 
 0.330615 -0.324127 -0.036643 
 0.317282 -0.305094 -0.032905 
 0.303951 -0.286061 -0.029168 
 0.284041 -0.285486 0.002065 
 0.270674 -0.266404 0.005812 
 0.257306 -0.247320 0.009560 
 0.243940 -0.228238 0.013306 
 0.223856 -0.227413 0.044589 
 0.203701 -0.226489 0.075891 
 0.190264 -0.207306 0.079658 
 0.166593 -0.215286 0.124771 
 0.142817 -0.223116 0.169914 
 0.129275 -0.203782 0.173710 
 0.115733 -0.184449 0.177507 
 0.095228 -0.183024 0.208907 
 0.074653 -0.181499 0.240327 
 0.061040 -0.162066 0.244142 
 0.149907 0.114864 -0.152721 
 0.136803 0.133572 -0.149047 
 0.123699 0.152280 -0.145374 
 0.110593 0.170988 -0.141699 
 0.101093 0.198474 -0.151861 
 0.088007 0.217158 -0.148193 
 0.074919 0.235841 -0.144524 
 0.061833 0.254523 -0.140856 
 0.045071 0.264527 -0.123331 
 0.031967 0.283235 -0.119658 
 0.018863 0.301943 -0.115984 
 0.005759 0.320651 -0.112311 
 -0.007346 0.339358 -0.108637 
 -0.020450 0.358066 -0.104963 
 -0.033554 0.376774 -0.101289 
 -0.046659 0.395482 -0.097616 
 -0.055950 0.422669 -0.107837 
 -0.069036 0.441352 -0.104168 
 -0.085972 0.451606 -0.086596 
 -0.099076 0.470314 -0.082921 
 -0.112180 0.489021 -0.079248 
 -0.125285 0.507729 -0.075574 
 -0.138390 0.526437 -0.071901 
 -0.151494 0.545145 -0.068226 
 -0.164599 0.563853 -0.064553 
 -0.177703 0.582562 -0.060880 
 -0.190807 0.601268 -0.057206 
 -0.203912 0.619976 -0.053533 
 -0.217016 0.638684 -0.049858 
 -0.230120 0.657392 -0.046185 
 -0.243225 0.676101 -0.042511 
 -0.256329 0.694809 -0.038838 
 -0.269433 0.713517 -0.035165 
 -0.278426 0.740278 -0.045469 
 -0.291513 0.758961 -0.041801 
 -0.304599 0.777643 -0.038131 
 -0.317687 0.796327 -0.034462 
 -0.334955 0.807056 -0.016796 
 0.390193 -0.573961 0.049413 
 0.382980 -0.535712 0.025815 
 0.372680 -0.507035 0.015893 
 0.359243 -0.487851 0.019660 
 0.352187 -0.449828 -0.003980 
 0.338785 -0.430695 -0.000223 
 0.331835 -0.392823 -0.023895 
 0.324953 -0.355049 -0.047584 
 0.311622 -0.336017 -0.043846 
 0.298290 -0.316983 -0.040109 
 0.284957 -0.297950 -0.036371 
 0.264999 -0.297407 -0.005158 
 0.251631 -0.278324 -0.001410 
 0.231567 -0.277631 0.029834 
 0.218165 -0.258498 0.033591 
 0.197996 -0.257655 0.064864 
 0.184559 -0.238472 0.068631 
 0.167703 -0.228383 0.086166 
 0.147376 -0.227315 0.117483 
 0.126979 -0.226147 0.148820 
 0.109983 -0.215858 0.166394 
 0.096441 -0.196526 0.170190 
 0.082899 -0.177193 0.173987 
 0.055262 -0.193639 0.232971 
 0.041649 -0.174206 0.236788 
 0.131239 0.103178 -0.159801 
 0.118134 0.121886 -0.156128 
 0.105030 0.140594 -0.152453 
 0.091926 0.159302 -0.148780 
 0.078821 0.178010 -0.145106 
 0.065717 0.196717 -0.141433 
 0.056276 0.224170 -0.151595 
 0.039508 0.234133 -0.134085 
 0.026404 0.252841 -0.130411 
 0.013298 0.271549 -0.126738 
 0.000194 0.290257 -0.123065 
 -0.012910 0.308965 -0.119391 
 -0.026015 0.327672 -0.115718 
 -0.039119 0.346380 -0.112043 
 -0.052223 0.365088 -0.108370 
 -0.065327 0.383796 -0.104696 
 -0.078432 0.402504 -0.101023 
 -0.091536 0.421212 -0.097350 
 -0.104640 0.439920 -0.093675 
 -0.117745 0.458627 -0.090002 
 -0.130849 0.477335 -0.086328 
 -0.143953 0.496043 -0.082655 
 -0.157058 0.514751 -0.078980 
 -0.170162 0.533459 -0.075307 
 -0.183266 0.552167 -0.071633 
 -0.196370 0.570875 -0.067960 
 -0.209475 0.589582 -0.064287 
 -0.222579 0.608290 -0.060612 
 -0.235685 0.626998 -0.056939 
 -0.248789 0.645706 -0.053265 
 -0.261893 0.664414 -0.049592 
 -0.274998 0.683122 -0.045918 
 -0.288102 0.701829 -0.042245 
 -0.297069 0.728608 -0.052539 
 -0.301848 0.763379 -0.076819 
 -0.314899 0.782012 -0.073159 
 -0.336329 0.784656 -0.041534 
 -0.353624 0.795369 -0.023877 
 0.370975 -0.585992 0.042124 
 0.363812 -0.547711 0.018546 
 0.353538 -0.519017 0.008633 
 0.340101 -0.499835 0.012400 
 0.333095 -0.461781 -0.011221 
 0.326159 -0.423826 -0.034863 
 0.312791 -0.404743 -0.031116 
 0.305961 -0.366939 -0.054786 
 0.292628 -0.347905 -0.051050 
 0.279297 -0.328873 -0.047312 
 0.265965 -0.309840 -0.043575 
 0.245956 -0.309328 -0.012380 
 0.232589 -0.290244 -0.008632 
 0.212474 -0.289583 0.022592 
 0.199072 -0.270450 0.026350 
 0.178854 -0.269638 0.057604 
 0.165416 -0.250455 0.061371 
 0.148536 -0.240382 0.078896 
 0.128159 -0.239346 0.110194 
 0.107712 -0.238209 0.141512 
 0.094188 -0.218900 0.145304 
 0.077149 -0.208602 0.162873 
 0.067137 -0.180284 0.152886 
 0.042967 -0.187858 0.198042 
 0.029389 -0.168474 0.201848 
 0.015811 -0.149091 0.205654 
 0.002234 -0.129708 0.209460 
 0.079124 0.111186 -0.131919 
 0.065985 0.129944 -0.128235 
 0.060153 0.166324 -0.152187 
 0.047048 0.185030 -0.148513 
 0.033944 0.203739 -0.144839 
 0.020840 0.222447 -0.141165 
 0.007735 0.241155 -0.137492 
 -0.005369 0.259863 -0.133818 
 -0.018473 0.278571 -0.130145 
 -0.031578 0.297279 -0.126472 
 -0.044682 0.315986 -0.122797 
 -0.057786 0.334694 -0.119124 
 -0.070891 0.353402 -0.115450 
 -0.083995 0.372110 -0.111777 
 -0.097100 0.390818 -0.108102 
 -0.110205 0.409526 -0.104429 
 -0.131106 0.411312 -0.072983 
 -0.136413 0.446941 -0.097082 
 -0.149518 0.465649 -0.093409 
 -0.162622 0.484357 -0.089734 
 -0.175726 0.503065 -0.086061 
 -0.188831 0.521773 -0.082387 
 -0.201935 0.540481 -0.078714 
 -0.215039 0.559188 -0.075040 
 -0.228144 0.577896 -0.071367 
 -0.241248 0.596604 -0.067694 
 -0.254352 0.615312 -0.064019 
 -0.267456 0.634020 -0.060346 
 -0.288779 0.636407 -0.028781 
 -0.301919 0.655165 -0.025098 
 -0.306769 0.690143 -0.049324 
 -0.319874 0.708851 -0.045651 
 -0.320440 0.751739 -0.083871 
 -0.333493 0.770372 -0.080212 
 0.351758 -0.598021 0.034835 
 0.347833 -0.550184 -0.002394 
 0.334396 -0.531001 0.001373 
 0.320958 -0.511818 0.005140 
 0.314002 -0.473733 -0.018463 
 0.300600 -0.454600 -0.014706 
 0.293749 -0.416664 -0.038338 
 0.286968 -0.378828 -0.061990 
 0.273636 -0.359795 -0.058252 
 0.260304 -0.340762 -0.054515 
 0.246972 -0.321728 -0.050777 
 0.226914 -0.321249 -0.019602 
 0.213546 -0.302165 -0.015854 
 0.200179 -0.283082 -0.012108 
 0.179981 -0.282402 0.019109 
 0.166577 -0.263269 0.022865 
 0.146274 -0.262438 0.054111 
 0.129368 -0.252381 0.071626 
 0.108941 -0.251375 0.102905 
 0.088444 -0.250270 0.134204 
 0.074920 -0.230962 0.137996 
 0.057857 -0.220680 0.155556 
 0.047870 -0.192345 0.145578 
 0.023625 -0.199966 0.190706 
 0.010047 -0.180583 0.194512 
 -0.003530 -0.161199 0.198317 
 -0.006230 -0.115112 0.160745 
 -0.012466 -0.078053 0.136940 
 -0.025957 -0.058795 0.140722 
 0.041485 0.154638 -0.159267 
 0.028381 0.173344 -0.155594 
 0.015277 0.192052 -0.151919 
 0.002171 0.210760 -0.148246 
 -0.010933 0.229468 -0.144572 
 -0.024038 0.248177 -0.140899 
 -0.037142 0.266885 -0.137224 
 -0.050246 0.285593 -0.133551 
 -0.063351 0.304299 -0.129878 
 -0.084128 0.305806 -0.098499 
 -0.097267 0.324564 -0.094816 
 -0.110407 0.343322 -0.091133 
 -0.123546 0.362079 -0.087449 
 -0.136685 0.380837 -0.083766 
 -0.149825 0.399596 -0.080083 
 -0.162964 0.418353 -0.076399 
 -0.168185 0.453963 -0.100489 
 -0.181289 0.472671 -0.096815 
 -0.194394 0.491379 -0.093141 
 -0.207498 0.510087 -0.089468 
 -0.220602 0.528795 -0.085794 
 -0.233708 0.547502 -0.082121 
 -0.246812 0.566210 -0.078446 
 -0.259917 0.584918 -0.074773 
 -0.273021 0.603626 -0.071100 
 -0.286125 0.622334 -0.067426 
 -0.307498 0.624690 -0.035881 
 -0.333092 0.618995 0.009623 
 -0.346284 0.637829 0.013321 
 -0.359477 0.656662 0.017019 
 0.363580 -0.696752 0.057126 
 0.359520 -0.648568 0.019984 
 0.352387 -0.610125 -0.003537 
 0.338932 -0.590918 0.000235 
 0.328690 -0.562168 -0.009654 
 0.315252 -0.542984 -0.005887 
 0.301815 -0.523801 -0.002120 
 0.294909 -0.485684 -0.025703 
 0.281507 -0.466551 -0.021946 
 0.274706 -0.428584 -0.045560 
 0.267976 -0.390718 -0.069194 
 0.254643 -0.371685 -0.065456 
 0.241312 -0.352651 -0.061718 
 0.227979 -0.333618 -0.057981 
 0.214647 -0.314586 -0.054243 
 0.194504 -0.314086 -0.023077 
 0.181136 -0.295003 -0.019330 
 0.160888 -0.294353 0.011867 
 0.147485 -0.275220 0.015625 
 0.127132 -0.274422 0.046850 
 0.110200 -0.264380 0.064356 
 0.089724 -0.263405 0.095617 
 0.069178 -0.262330 0.126897 
 0.055652 -0.243023 0.130688 
 0.038565 -0.232757 0.148240 
 0.028603 -0.204407 0.138272 
 0.004282 -0.212074 0.183370 
 -0.009295 -0.192691 0.187176 
 -0.022873 -0.173307 0.190983 
 -0.025496 -0.127174 0.153437 
 -0.031685 -0.090082 0.129652 
 -0.037801 -0.053091 0.105847 
 -0.051256 -0.033883 0.109619 
 -0.064711 -0.014675 0.113390 
 -0.003392 0.180366 -0.159000 
 -0.016497 0.199074 -0.155326 
 -0.029601 0.217782 -0.151653 
 -0.042705 0.236490 -0.147978 
 -0.055809 0.255198 -0.144305 
 -0.068914 0.273905 -0.140631 
 -0.082018 0.292613 -0.136958 
 -0.102846 0.294089 -0.105598 
 -0.115985 0.312846 -0.101915 
 -0.129125 0.331604 -0.098232 
 -0.142264 0.350361 -0.094549 
 -0.155403 0.369120 -0.090865 
 -0.176441 0.370894 -0.059448 
 -0.189615 0.389703 -0.055755 
 -0.194821 0.425393 -0.079814 
 -0.199958 0.460984 -0.103895 
 -0.213063 0.479692 -0.100222 
 -0.226167 0.498401 -0.096548 
 -0.239271 0.517109 -0.092875 
 -0.252375 0.535815 -0.089200 
 -0.265480 0.554523 -0.085527 
 -0.286798 0.556699 -0.054031 
 -0.299937 0.575457 -0.050347 
 -0.313077 0.594214 -0.046663 
 -0.338693 0.588398 -0.001203 
 -0.360239 0.590899 0.030358 
 -0.373466 0.609781 0.034066 
 -0.386692 0.628664 0.037773 
 0.358842 -0.786326 0.096702 
 0.351530 -0.747527 0.073266 
 0.347457 -0.699171 0.036176 
 0.340303 -0.660597 0.012694 
 0.333219 -0.622124 -0.010807 
 0.319764 -0.602915 -0.007035 
 0.309547 -0.574151 -0.016914 
 0.296110 -0.554967 -0.013147 
 0.282673 -0.535784 -0.009380 
 0.275818 -0.497636 -0.032945 
 0.269031 -0.459588 -0.056530 
 0.255664 -0.440504 -0.052784 
 0.242296 -0.421422 -0.049036 
 0.235651 -0.383574 -0.072660 
 0.215562 -0.383256 -0.041541 
 0.202195 -0.364173 -0.037794 
 0.188829 -0.345089 -0.034047 
 0.175461 -0.326007 -0.030299 
 0.155197 -0.325438 0.000869 
 0.134863 -0.324770 0.032056 
 0.121426 -0.305587 0.035823 
 0.107988 -0.286405 0.039590 
 0.091034 -0.276379 0.057086 
 0.070506 -0.275436 0.088329 
 0.057017 -0.256178 0.092111 
 0.043527 -0.236919 0.095892 
 0.030038 -0.217661 0.099674 
 0.009335 -0.216468 0.130964 
 -0.007813 -0.206167 0.148515 
 -0.021355 -0.186834 0.152311 
 -0.042215 -0.185415 0.183647 
 -0.048441 -0.148168 0.159904 
 -0.058289 -0.119927 0.149921 
 -0.064391 -0.082855 0.126146 
 -0.077881 -0.063596 0.129927 
 -0.083879 -0.026674 0.106120 
 -0.097334 -0.007465 0.109893 
 -0.110788 0.011743 0.113664 
 -0.055868 0.188581 -0.131116 
 -0.069006 0.207339 -0.127432 
 -0.082145 0.226097 -0.123749 
 -0.087583 0.262219 -0.147712 
 -0.108425 0.263613 -0.116381 
 -0.121564 0.282371 -0.112698 
 -0.134704 0.301128 -0.109015 
 -0.155686 0.302722 -0.077645 
 -0.168860 0.321531 -0.073953 
 -0.182035 0.340338 -0.070260 
 -0.195208 0.359146 -0.066566 
 -0.212375 0.369472 -0.049011 
 -0.221558 0.396762 -0.059179 
 -0.226679 0.432434 -0.083230 
 -0.239818 0.451192 -0.079547 
 -0.244836 0.486713 -0.103629 
 -0.257940 0.505421 -0.099954 
 -0.279236 0.507465 -0.068497 
 -0.292377 0.526224 -0.064814 
 -0.305516 0.544981 -0.061129 
 -0.318656 0.563739 -0.057446 
 -0.331795 0.582496 -0.053763 
 -0.365854 0.560219 0.019503 
 -0.379082 0.579103 0.023211 
 -0.392308 0.597986 0.026919 
 -0.405536 0.616869 0.030627 
 0.343641 -0.847143 0.126354 
 0.333133 -0.817911 0.116573 
 0.332188 -0.759635 0.065930 
 0.328189 -0.711231 0.028869 
 0.321086 -0.672628 0.005406 
 0.314052 -0.634123 -0.018076 
 0.300597 -0.614915 -0.014304 
 0.290405 -0.586133 -0.024174 
 0.276968 -0.566950 -0.020407 
 0.263531 -0.547768 -0.016640 
 0.263356 -0.490592 -0.067500 
 0.249989 -0.471508 -0.063752 
 0.236621 -0.452426 -0.060006 
 0.229990 -0.414496 -0.083601 
 0.216659 -0.395464 -0.079863 
 0.196520 -0.395177 -0.048763 
 0.183152 -0.376093 -0.045016 
 0.169785 -0.357011 -0.041269 
 0.156419 -0.337927 -0.037521 
 0.136105 -0.337391 -0.006372 
 0.115721 -0.336753 0.024796 
 0.102284 -0.317571 0.028563 
 0.085320 -0.307585 0.046045 
 0.071866 -0.288378 0.049817 
 0.051289 -0.287465 0.081040 
 0.037799 -0.268207 0.084821 
 0.024310 -0.248949 0.088603 
 0.010820 -0.229692 0.092385 
 -0.002670 -0.210433 0.096166 
 -0.027105 -0.218243 0.141199 
 -0.040647 -0.198911 0.144995 
 -0.054189 -0.179578 0.148791 
 -0.067733 -0.160244 0.152588 
 -0.077555 -0.131988 0.142614 
 -0.083608 -0.094885 0.118858 
 -0.097099 -0.075627 0.122639 
 -0.110589 -0.056369 0.126421 
 -0.116500 -0.019464 0.102623 
 -0.129955 -0.000256 0.106395 
 -0.143410 0.018952 0.110167 
 -0.087724 0.195621 -0.134532 
 -0.100865 0.214379 -0.130848 
 -0.114004 0.233138 -0.127164 
 -0.127143 0.251895 -0.123480 
 -0.140283 0.270653 -0.119797 
 -0.161279 0.272166 -0.088458 
 -0.174454 0.290973 -0.084764 
 -0.191591 0.301208 -0.067232 
 -0.200803 0.328590 -0.077377 
 -0.217976 0.338875 -0.059836 
 -0.231168 0.357707 -0.056138 
 -0.240326 0.385012 -0.066298 
 -0.245397 0.420716 -0.090330 
 -0.258537 0.439474 -0.086646 
 -0.263503 0.475027 -0.110708 
 -0.276607 0.493735 -0.107035 
 -0.289713 0.512443 -0.103361 
 -0.311095 0.514506 -0.071913 
 -0.324234 0.533263 -0.068228 
 -0.337374 0.552021 -0.064545 
 -0.350513 0.570779 -0.060862 
 -0.384698 0.548424 0.012357 
 -0.397924 0.567307 0.016065 
 -0.411152 0.586189 0.019773 
 0.324173 -0.859329 0.118972 
 0.320057 -0.810604 0.081993 
 0.312845 -0.771743 0.058594 
 0.308922 -0.723293 0.021561 
 0.301868 -0.684657 -0.001882 
 0.294884 -0.646122 -0.025346 
 0.281429 -0.626914 -0.021574 
 0.271263 -0.598116 -0.031435 
 0.257826 -0.578933 -0.027668 
 0.244388 -0.559751 -0.023901 
 0.244312 -0.502512 -0.074722 
 0.230946 -0.483430 -0.070975 
 0.217579 -0.464346 -0.067228 
 0.210997 -0.426386 -0.090803 
 0.190844 -0.426180 -0.059733 
 0.184333 -0.388320 -0.083329 
 0.164110 -0.388014 -0.052239 
 0.150742 -0.368931 -0.048491 
 0.137375 -0.349847 -0.044743 
 0.117012 -0.349343 -0.013613 
 0.096579 -0.348737 0.017536 
 0.083141 -0.329554 0.021303 
 0.066152 -0.319584 0.038775 
 0.052699 -0.300376 0.042548 
 0.032072 -0.299496 0.073751 
 0.018582 -0.280237 0.077533 
 0.005093 -0.260979 0.081315 
 -0.008398 -0.241721 0.085096 
 -0.021887 -0.222463 0.088878 
 -0.046397 -0.230321 0.133881 
 -0.059939 -0.210987 0.137677 
 -0.073481 -0.191655 0.141475 
 -0.083299 -0.163358 0.131515 
 -0.096823 -0.144049 0.135306 
 -0.102825 -0.106914 0.111568 
 -0.116316 -0.087656 0.115350 
 -0.129806 -0.068398 0.119131 
 -0.135668 -0.031463 0.095353 
 -0.149123 -0.012255 0.099125 
 -0.162578 0.006953 0.102898 
 -0.176033 0.026161 0.106669 
 -0.189488 0.045369 0.110440 
 -0.202942 0.064577 0.114213 
 -0.216397 0.083786 0.117985 
 -0.166873 0.241609 -0.099269 
 -0.180048 0.260416 -0.095576 
 -0.197193 0.270611 -0.078059 
 -0.218363 0.272267 -0.046702 
 -0.231589 0.291150 -0.042995 
 -0.244817 0.310033 -0.039286 
 -0.258043 0.328915 -0.035578 
 -0.259093 0.373264 -0.073416 
 -0.264115 0.408999 -0.097429 
 -0.277255 0.427756 -0.093746 
 -0.290394 0.446514 -0.090062 
 -0.303535 0.465273 -0.086379 
 -0.316674 0.484030 -0.082696 
 -0.329813 0.502788 -0.079011 
 -0.342953 0.521546 -0.075328 
 -0.364490 0.523727 -0.043869 
 -0.377664 0.542535 -0.040177 
 -0.403541 0.536629 0.005209 
 -0.416767 0.555511 0.008918 
 -0.429995 0.574394 0.012626 
 0.318372 -0.891024 0.107758 
 0.314278 -0.842176 0.070822 
 0.307081 -0.803234 0.047451 
 0.299954 -0.764393 0.024062 
 0.289655 -0.735354 0.014253 
 0.282650 -0.696687 -0.009170 
 0.275716 -0.658120 -0.032615 
 0.262261 -0.638912 -0.028844 
 0.252119 -0.610099 -0.038695 
 0.238683 -0.590917 -0.034928 
 0.225246 -0.571734 -0.031161 
 0.225270 -0.514432 -0.081944 
 0.211904 -0.495350 -0.078197 
 0.198536 -0.476266 -0.074450 
 0.185169 -0.457184 -0.070703 
 0.178674 -0.419242 -0.094269 
 0.165341 -0.400209 -0.090531 
 0.145067 -0.399935 -0.059461 
 0.131700 -0.380851 -0.055713 
 0.118332 -0.361769 -0.051966 
 0.097919 -0.361294 -0.020855 
 0.077436 -0.360720 0.010276 
 0.060441 -0.350791 0.027734 
 0.046986 -0.331583 0.031506 
 0.033531 -0.312375 0.035278 
 0.012855 -0.311525 0.066463 
 -0.000635 -0.292268 0.070245 
 -0.014126 -0.273010 0.074027 
 -0.027615 -0.253751 0.077808 
 -0.041104 -0.234493 0.081590 
 -0.065689 -0.242398 0.126565 
 -0.079232 -0.223065 0.130361 
 -0.092774 -0.203731 0.134157 
 -0.102565 -0.175419 0.124208 
 -0.108553 -0.138203 0.100498 
 -0.122044 -0.118945 0.104280 
 -0.135533 -0.099687 0.108062 
 -0.149023 -0.080428 0.111843 
 -0.154836 -0.043462 0.088084 
 -0.168291 -0.024253 0.091856 
 -0.181746 -0.005046 0.095628 
 -0.195201 0.014163 0.099399 
 -0.208655 0.033370 0.103172 
 -0.222109 0.052579 0.106943 
 -0.235564 0.071787 0.110715 
 -0.245059 0.099674 0.100683 
 -0.230645 0.179435 0.007784 
 -0.247956 0.189814 0.025330 
 -0.257274 0.217451 0.015248 
 -0.270588 0.236459 0.018980 
 -0.287951 0.246913 0.036543 
 -0.297218 0.274476 0.026445 
 -0.302365 0.310492 0.002500 
 -0.307441 0.346408 -0.021465 
 -0.304212 0.399131 -0.073148 
 -0.309112 0.434796 -0.097162 
 -0.322252 0.453555 -0.093478 
 -0.335391 0.472313 -0.089794 
 -0.348532 0.491070 -0.086110 
 -0.361671 0.509828 -0.082427 
 -0.374810 0.528587 -0.078744 
 -0.396432 0.530786 -0.047294 
 -0.409607 0.549595 -0.043601 
 -0.435611 0.543716 0.001772 
 0.298905 -0.903209 0.100374 
 0.294885 -0.854316 0.063468 
 0.287739 -0.815343 0.040115 
 0.280662 -0.776470 0.016744 
 0.270388 -0.747416 0.006947 
 0.263433 -0.708718 -0.016460 
 0.256550 -0.670119 -0.039885 
 0.246414 -0.641266 -0.049722 
 0.232977 -0.622083 -0.045955 
 0.226251 -0.583710 -0.069423 
 0.212849 -0.564577 -0.065667 
 0.206227 -0.526353 -0.089167 
 0.192861 -0.507270 -0.085419 
 0.179494 -0.488188 -0.081671 
 0.166126 -0.469104 -0.077925 
 0.152759 -0.450022 -0.074177 
 0.139392 -0.430938 -0.070431 
 0.126025 -0.411855 -0.066683 
 0.105631 -0.411512 -0.035610 
 0.092229 -0.392379 -0.031853 
 0.078826 -0.373246 -0.028095 
 0.058293 -0.372703 0.003016 
 0.041273 -0.362790 0.020464 
 0.027818 -0.343581 0.024237 
 0.014363 -0.324374 0.028008 
 0.000908 -0.305165 0.031780 
 -0.019852 -0.304297 0.062957 
 -0.033343 -0.285039 0.066738 
 -0.046832 -0.265781 0.070520 
 -0.060322 -0.246524 0.074302 
 -0.084981 -0.254474 0.119248 
 -0.094783 -0.226097 0.109316 
 -0.108308 -0.206789 0.113108 
 -0.114281 -0.169491 0.089428 
 -0.127771 -0.150232 0.093210 
 -0.141261 -0.130974 0.096992 
 -0.154750 -0.111716 0.100773 
 -0.160548 -0.074668 0.077042 
 -0.174003 -0.055461 0.080814 
 -0.187458 -0.036252 0.084587 
 -0.200913 -0.017045 0.088358 
 -0.214367 0.002164 0.092129 
 -0.227822 0.021371 0.095902 
 -0.237326 0.049324 0.085888 
 -0.254732 0.059788 0.103445 
 -0.268187 0.078996 0.107218 
 -0.281641 0.098204 0.110989 
 -0.274990 0.160635 0.045736 
 -0.288357 0.179718 0.049484 
 -0.293612 0.215990 0.025602 
 -0.315092 0.217884 0.056978 
 -0.320276 0.254057 0.033077 
 -0.329500 0.281610 0.022985 
 -0.326309 0.334595 -0.028621 
 -0.335411 0.361973 -0.038747 
 -0.340315 0.397746 -0.062729 
 -0.349328 0.424998 -0.072878 
 -0.362502 0.443806 -0.069186 
 -0.375677 0.462614 -0.065493 
 -0.486174 0.289497 0.257071 
 -0.499750 0.308880 0.260878 
 -0.513327 0.328264 0.264683 
 -0.526905 0.347646 0.268490 
 -0.540482 0.367029 0.272296 
 0.281974 -0.846834 0.028974 
 0.268397 -0.827451 0.032781 
 0.261370 -0.788546 0.009428 
 0.251120 -0.759477 -0.000361 
 0.244216 -0.720747 -0.023748 
 0.237382 -0.682118 -0.047155 
 0.233963 -0.633928 -0.084180 
 0.213835 -0.634066 -0.053215 
 0.207159 -0.595662 -0.076665 
 0.193756 -0.576529 -0.072908 
 0.187185 -0.538274 -0.096389 
 0.180684 -0.500120 -0.119889 
 0.160451 -0.500108 -0.088895 
 0.147084 -0.481026 -0.085147 
 0.133716 -0.461942 -0.081400 
 0.120349 -0.442860 -0.077653 
 0.099941 -0.442597 -0.046608 
 0.079463 -0.442235 -0.015545 
 0.073137 -0.404331 -0.039094 
 0.052588 -0.403869 -0.008011 
 0.035561 -0.393996 0.009423 
 0.022106 -0.374789 0.013194 
 0.008651 -0.355580 0.016967 
 -0.004804 -0.336373 0.020739 
 -0.018258 -0.317164 0.024510 
 -0.039070 -0.316328 0.055667 
 -0.052560 -0.297069 0.059449 
 -0.058623 -0.259541 0.035826 
 -0.072078 -0.240332 0.039598 
 -0.100525 -0.257466 0.098218 
 -0.114051 -0.238157 0.102010 
 -0.120008 -0.200780 0.078357 
 -0.133499 -0.181521 0.082139 
 -0.146989 -0.162263 0.085921 
 -0.160478 -0.143005 0.089702 
 -0.173968 -0.123746 0.093484 
 -0.179716 -0.086667 0.069773 
 -0.193171 -0.067460 0.073545 
 -0.206626 -0.048251 0.077317 
 -0.220080 -0.029044 0.081088 
 -0.233535 -0.009835 0.084861 
 -0.246990 0.009372 0.088632 
 -0.256468 0.037341 0.078628 
 -0.273900 0.047789 0.096175 
 -0.287355 0.066997 0.099948 
 -0.300809 0.086206 0.103719 
 -0.302125 0.131395 0.066106 
 -0.315527 0.150528 0.069862 
 -0.320767 0.186881 0.046009 
 -0.342332 0.188794 0.077377 
 -0.339270 0.242167 0.025873 
 -0.352601 0.261200 0.029611 
 -0.353481 0.305764 -0.008128 
 -0.375097 0.307751 0.023256 
 -0.371667 0.360601 -0.028351 
 -0.384911 0.379508 -0.024638 
 -0.457254 0.280674 0.172900 
 -0.483460 0.274776 0.218230 
 -0.497002 0.294110 0.222026 
 -0.510545 0.313442 0.225823 
 -0.524087 0.332776 0.229619 
 -0.537630 0.352109 0.233415 
 -0.568477 0.338402 0.292708 
 -0.582090 0.357835 0.296524 
 0.262632 -0.858942 0.021638 
 0.249054 -0.839559 0.025445 
 0.242078 -0.800623 0.002111 
 0.231853 -0.771538 -0.007669 
 0.224999 -0.732778 -0.031036 
 0.218215 -0.694117 -0.054425 
 0.214870 -0.645880 -0.091420 
 0.201468 -0.626747 -0.087663 
 0.188066 -0.607614 -0.083907 
 0.181510 -0.569277 -0.107359 
 0.168142 -0.550195 -0.103611 
 0.161691 -0.512009 -0.127091 
 0.141409 -0.512029 -0.096117 
 0.128041 -0.492946 -0.092369 
 0.107653 -0.492815 -0.061364 
 0.101306 -0.454780 -0.084874 
 0.080848 -0.454549 -0.053849 
 0.060320 -0.454219 -0.022805 
 0.046883 -0.435036 -0.019038 
 0.033446 -0.415852 -0.015271 
 0.016393 -0.405995 0.002153 
 0.002938 -0.386788 0.005926 
 -0.010517 -0.367579 0.009697 
 -0.023972 -0.348372 0.013469 
 -0.037426 -0.329163 0.017242 
 -0.050881 -0.309954 0.021013 
 -0.064336 -0.290747 0.024784 
 -0.077791 -0.271539 0.028557 
 -0.091246 -0.252331 0.032329 
 -0.112247 -0.251325 0.063506 
 -0.125736 -0.232067 0.067287 
 -0.139225 -0.212809 0.071069 
 -0.145065 -0.175498 0.047416 
 -0.158520 -0.156290 0.051187 
 -0.171973 -0.137082 0.054960 
 -0.185428 -0.117874 0.058731 
 -0.198883 -0.098666 0.062503 
 -0.212337 -0.079458 0.066275 
 -0.225792 -0.060250 0.070047 
 -0.239247 -0.041041 0.073818 
 -0.248736 -0.013007 0.063834 
 -0.262174 0.006175 0.067601 
 -0.275611 0.025358 0.071368 
 -0.289048 0.044542 0.075135 
 -0.302486 0.063724 0.078902 
 -0.315923 0.082907 0.082669 
 -0.329360 0.102091 0.086436 
 -0.342798 0.121274 0.090203 
 -0.356235 0.140456 0.093970 
 -0.369672 0.159640 0.097737 
 -0.366545 0.213126 0.046281 
 -0.379911 0.232210 0.050027 
 -0.384926 0.268344 0.026145 
 -0.406646 0.270376 0.057523 
 -0.420014 0.289458 0.061270 
 -0.450295 0.274739 0.120339 
 -0.476471 0.268644 0.165611 
 -0.498489 0.271101 0.197073 
 -0.516295 0.282032 0.214710 
 -0.529837 0.301366 0.218506 
 -0.543380 0.320698 0.222303 
 -0.556922 0.340032 0.226099 
 -0.579167 0.342813 0.257624 
 -0.592744 0.362197 0.261431 
 0.243290 -0.871050 0.014302 
 0.229713 -0.851667 0.018109 
 0.222785 -0.812700 -0.005206 
 0.212585 -0.783600 -0.014975 
 0.205781 -0.744807 -0.038324 
 0.199047 -0.706116 -0.061693 
 0.188988 -0.677215 -0.071502 
 0.175550 -0.658032 -0.067735 
 0.168974 -0.619565 -0.091148 
 0.162467 -0.581199 -0.114581 
 0.149100 -0.562115 -0.110833 
 0.142699 -0.523899 -0.134295 
 0.122365 -0.523949 -0.103339 
 0.108999 -0.504866 -0.099592 
 0.095631 -0.485784 -0.095844 
 0.082264 -0.466700 -0.092096 
 0.061755 -0.466500 -0.061090 
 0.048353 -0.447369 -0.057334 
 0.027741 -0.447019 -0.026298 
 0.014303 -0.427835 -0.022531 
 -0.002774 -0.417994 -0.005117 
 -0.016229 -0.398786 -0.001344 
 -0.029683 -0.379578 0.002428 
 -0.043138 -0.360371 0.006199 
 -0.056593 -0.341162 0.009972 
 -0.070048 -0.321953 0.013743 
 -0.083503 -0.302746 0.017515 
 -0.096957 -0.283537 0.021287 
 -0.110412 -0.264330 0.025059 
 -0.131464 -0.263354 0.056218 
 -0.144953 -0.244098 0.059999 
 -0.150777 -0.206705 0.036374 
 -0.164231 -0.187498 0.040146 
 -0.177686 -0.168289 0.043919 
 -0.191141 -0.149081 0.047690 
 -0.204596 -0.129873 0.051461 
 -0.218051 -0.110665 0.055234 
 -0.227567 -0.082540 0.045273 
 -0.241005 -0.063357 0.049040 
 -0.258415 -0.053040 0.066550 
 -0.267878 -0.024991 0.056574 
 -0.281317 -0.005808 0.060341 
 -0.294753 0.013375 0.064108 
 -0.312234 0.023792 0.081637 
 -0.325689 0.042999 0.085408 
 -0.339144 0.062208 0.089181 
 -0.348502 0.090108 0.079176 
 -0.361940 0.109290 0.082943 
 -0.375377 0.128473 0.086710 
 -0.388814 0.147657 0.090477 
 -0.393920 0.184022 0.066652 
 -0.407322 0.203155 0.070409 
 -0.412321 0.239372 0.046553 
 -0.434126 0.241421 0.077922 
 -0.447528 0.260555 0.081680 
 -0.469437 0.262755 0.113079 
 -0.504231 0.239731 0.185974 
 -0.522045 0.250623 0.203597 
 -0.535587 0.269955 0.207394 
 -0.549129 0.289289 0.211190 
 -0.562672 0.308622 0.214986 
 -0.584932 0.311322 0.246483 
 -0.598508 0.330705 0.250288 
 -0.612086 0.350089 0.254095 
 0.223947 -0.883158 0.006966 
 0.210371 -0.863775 0.010773 
 0.203493 -0.824777 -0.012523 
 0.193319 -0.795661 -0.022283 
 0.186564 -0.756838 -0.045614 
 0.179879 -0.718114 -0.068963 
 0.169845 -0.689198 -0.078762 
 0.156408 -0.670015 -0.074995 
 0.149881 -0.631517 -0.098389 
 0.143425 -0.593119 -0.121803 
 0.130057 -0.574035 -0.118056 
 0.116690 -0.554953 -0.114308 
 0.103322 -0.535869 -0.110561 
 0.089956 -0.516787 -0.106814 
 0.076589 -0.497704 -0.103066 
 0.063221 -0.478622 -0.099320 
 0.042664 -0.478453 -0.068332 
 0.022036 -0.478185 -0.037325 
 0.008599 -0.459001 -0.033558 
 -0.004839 -0.439818 -0.029791 
 -0.018276 -0.420636 -0.026024 
 -0.031714 -0.401452 -0.022257 
 -0.048851 -0.391577 -0.004842 
 -0.062306 -0.372368 -0.001069 
 -0.075761 -0.353161 0.002702 
 -0.089216 -0.333952 0.006473 
 -0.102671 -0.314745 0.010246 
 -0.116125 -0.295536 0.014018 
 -0.125775 -0.267171 0.004110 
 -0.139211 -0.247988 0.007877 
 -0.156490 -0.237913 0.025333 
 -0.169945 -0.218704 0.029105 
 -0.179523 -0.190439 0.019178 
 -0.192960 -0.171255 0.022945 
 -0.206398 -0.152072 0.026712 
 -0.219835 -0.132890 0.030479 
 -0.233272 -0.113707 0.034246 
 -0.246710 -0.094523 0.038013 
 -0.260147 -0.075341 0.041780 
 -0.273584 -0.056158 0.045547 
 -0.287022 -0.036974 0.049314 
 -0.300459 -0.017791 0.053081 
 -0.313895 0.001391 0.056848 
 -0.327334 0.020575 0.060615 
 -0.344856 0.031000 0.078139 
 -0.358311 0.050209 0.081911 
 -0.367645 0.078125 0.071916 
 -0.381082 0.097307 0.075683 
 -0.394519 0.116490 0.079450 
 -0.407957 0.135674 0.083217 
 -0.421394 0.154856 0.086984 
 -0.426415 0.191204 0.063167 
 -0.439817 0.210337 0.066925 
 -0.461706 0.212406 0.098285 
 -0.475143 0.231588 0.102052 
 -0.492859 0.242290 0.119630 
 -0.514905 0.244584 0.151034 
 -0.541337 0.238546 0.196280 
 -0.563541 0.241065 0.227729 
 -0.568422 0.277211 0.203872 
 -0.581964 0.296545 0.207669 
 -0.595506 0.315878 0.211465 
 -0.609048 0.335211 0.215261 
 -0.631429 0.337981 0.246759 
 0.191028 -0.875883 0.003437 
 0.184201 -0.836854 -0.019840 
 0.174051 -0.807723 -0.029591 
 0.167347 -0.768868 -0.052902 
 0.160712 -0.730113 -0.076233 
 0.150703 -0.701181 -0.086022 
 0.137266 -0.681999 -0.082255 
 0.130788 -0.643470 -0.105630 
 0.117386 -0.624337 -0.101873 
 0.111015 -0.585957 -0.125278 
 0.097647 -0.566873 -0.121530 
 0.077179 -0.566938 -0.090602 
 0.063777 -0.547804 -0.086844 
 0.050375 -0.528671 -0.083087 
 0.044179 -0.490542 -0.106542 
 0.023571 -0.490405 -0.075574 
 0.002894 -0.490168 -0.044586 
 -0.010545 -0.470984 -0.040819 
 -0.023981 -0.451802 -0.037052 
 -0.037418 -0.432619 -0.033285 
 -0.054565 -0.422784 -0.015883 
 -0.068019 -0.403576 -0.012112 
 -0.081474 -0.384367 -0.008339 
 -0.094929 -0.365160 -0.004568 
 -0.108384 -0.345951 -0.000796 
 -0.121839 -0.326743 0.002976 
 -0.131480 -0.298337 -0.006917 
 -0.144917 -0.279154 -0.003150 
 -0.162202 -0.269119 0.014292 
 -0.175656 -0.249912 0.018063 
 -0.189111 -0.230703 0.021835 
 -0.198665 -0.202422 0.011918 
 -0.212103 -0.183238 0.015685 
 -0.225540 -0.164056 0.019452 
 -0.238977 -0.144873 0.023219 
 -0.244474 -0.107745 -0.000431 
 -0.257876 -0.088611 0.003327 
 -0.271278 -0.069478 0.007084 
 -0.284680 -0.050345 0.010841 
 -0.306164 -0.048957 0.042054 
 -0.319601 -0.029775 0.045821 
 -0.324887 0.007054 0.022112 
 -0.338289 0.026187 0.025869 
 -0.359912 0.027775 0.057122 
 -0.373351 0.046959 0.060889 
 -0.386787 0.066141 0.064656 
 -0.391898 0.102720 0.040897 
 -0.413662 0.104508 0.072190 
 -0.427099 0.123691 0.075957 
 -0.440536 0.142873 0.079724 
 -0.453974 0.162057 0.083491 
 -0.458908 0.198385 0.059684 
 -0.480848 0.200422 0.091025 
 -0.498572 0.211083 0.108588 
 -0.520633 0.213295 0.139965 
 -0.534124 0.232554 0.143746 
 -0.556290 0.234917 0.175151 
 -0.582884 0.228957 0.220392 
 -0.587714 0.265135 0.196556 
 -0.601256 0.284469 0.200352 
 -0.623615 0.287106 0.231811 
 -0.637193 0.306489 0.235618 
 0.164921 -0.907719 0.023154 
 0.158109 -0.868609 -0.000093 
 0.151366 -0.829597 -0.023360 
 0.148129 -0.780897 -0.060190 
 0.141544 -0.742112 -0.083503 
 0.131560 -0.713164 -0.093282 
 0.118122 -0.693982 -0.089515 
 0.111696 -0.655422 -0.112870 
 0.098293 -0.636288 -0.109114 
 0.091972 -0.597877 -0.132500 
 0.078605 -0.578795 -0.128754 
 0.065237 -0.559711 -0.125006 
 0.044684 -0.559756 -0.094085 
 0.031282 -0.540623 -0.090329 
 0.017880 -0.521490 -0.086572 
 0.004478 -0.502357 -0.082814 
 -0.016250 -0.502152 -0.051846 
 -0.029687 -0.482968 -0.048079 
 -0.043125 -0.463785 -0.044312 
 -0.056562 -0.444602 -0.040545 
 -0.069998 -0.425418 -0.036779 
 -0.087186 -0.415574 -0.019381 
 -0.100641 -0.396366 -0.015609 
 -0.110310 -0.367869 -0.025478 
 -0.127550 -0.357950 -0.008065 
 -0.141005 -0.338742 -0.004294 
 -0.150622 -0.310320 -0.014177 
 -0.164059 -0.291137 -0.010410 
 -0.181370 -0.281118 0.007022 
 -0.194824 -0.261909 0.010794 
 -0.204371 -0.233588 0.000891 
 -0.217809 -0.214405 0.004658 
 -0.231246 -0.195221 0.008425 
 -0.244682 -0.176039 0.012192 
 -0.250163 -0.138829 -0.011429 
 -0.263566 -0.119696 -0.007671 
 -0.276968 -0.100563 -0.003914 
 -0.290370 -0.081430 -0.000158 
 -0.311869 -0.080123 0.031027 
 -0.325306 -0.060940 0.034794 
 -0.330578 -0.024031 0.011114 
 -0.343980 -0.004898 0.014871 
 -0.357382 0.014236 0.018629 
 -0.370784 0.033369 0.022385 
 -0.392493 0.034975 0.053629 
 -0.405929 0.054158 0.057396 
 -0.419368 0.073341 0.061163 
 -0.432804 0.092525 0.064930 
 -0.450464 0.103043 0.082459 
 -0.463919 0.122252 0.086231 
 -0.473116 0.150074 0.076231 
 -0.486553 0.169257 0.079998 
 -0.504284 0.179876 0.097547 
 -0.517738 0.199084 0.101318 
 -0.539851 0.201266 0.132675 
 -0.553341 0.220523 0.136457 
 -0.575558 0.222855 0.167843 
 -0.593463 0.233724 0.185442 
 -0.607006 0.253058 0.189238 
 -0.620548 0.272391 0.193035 
 -0.634091 0.291725 0.196831 
 -0.647633 0.311057 0.200627 
 0.138766 -0.880717 -0.007429 
 0.132074 -0.841674 -0.030678 
 0.121992 -0.812537 -0.040415 
 0.115422 -0.773670 -0.063696 
 0.108923 -0.734902 -0.087000 
 0.098980 -0.705965 -0.096776 
 0.085543 -0.686782 -0.093009 
 0.079201 -0.648240 -0.116355 
 0.072929 -0.609798 -0.139722 
 0.059562 -0.590715 -0.135976 
 0.038995 -0.590841 -0.105084 
 0.025593 -0.571708 -0.101327 
 0.012191 -0.552575 -0.097569 
 -0.001212 -0.533442 -0.093812 
 -0.014614 -0.514309 -0.090056 
 -0.035392 -0.514135 -0.059106 
 -0.048829 -0.494951 -0.055339 
 -0.062267 -0.475768 -0.051572 
 -0.075704 -0.456586 -0.047805 
 -0.089141 -0.437402 -0.044038 
 -0.102579 -0.418219 -0.040271 
 -0.116016 -0.399036 -0.036505 
 -0.129452 -0.379852 -0.032738 
 -0.142890 -0.360670 -0.028971 
 -0.156327 -0.341487 -0.025204 
 -0.169764 -0.322303 -0.021437 
 -0.183202 -0.303120 -0.017670 
 -0.200538 -0.293117 -0.000248 
 -0.213992 -0.273908 0.003524 
 -0.223514 -0.245571 -0.006369 
 -0.236951 -0.226389 -0.002602 
 -0.250388 -0.207205 0.001165 
 -0.263826 -0.188022 0.004932 
 -0.277263 -0.168839 0.008699 
 -0.282658 -0.131648 -0.014913 
 -0.296061 -0.112515 -0.011156 
 -0.309463 -0.093382 -0.007399 
 -0.331011 -0.092106 0.023767 
 -0.344449 -0.072924 0.027534 
 -0.357886 -0.053741 0.031301 
 -0.371323 -0.034557 0.035068 
 -0.384761 -0.015374 0.038835 
 -0.398198 0.003808 0.042602 
 -0.411635 0.022992 0.046369 
 -0.429268 0.033421 0.063873 
 -0.438510 0.061358 0.053903 
 -0.456178 0.071837 0.071417 
 -0.469632 0.091046 0.075189 
 -0.483087 0.110253 0.078962 
 -0.496542 0.129462 0.082733 
 -0.509997 0.148669 0.086504 
 -0.523452 0.167878 0.090277 
 -0.545578 0.169977 0.121605 
 -0.559068 0.189236 0.125387 
 -0.572558 0.208494 0.129169 
 -0.594825 0.210794 0.160535 
 -0.608349 0.230102 0.164327 
 -0.626298 0.240982 0.181922 
 -0.626517 0.285526 0.144295 
 -0.640007 0.304784 0.148077 
 -0.666925 0.298981 0.193311 
 0.105847 -0.873442 -0.010958 
 0.099239 -0.834418 -0.034198 
 0.096204 -0.785700 -0.070986 
 0.082715 -0.766442 -0.067204 
 0.076300 -0.727693 -0.090498 
 0.062845 -0.708485 -0.086727 
 0.052963 -0.679582 -0.096502 
 0.046706 -0.641059 -0.119839 
 0.033304 -0.621926 -0.116082 
 0.019902 -0.602793 -0.112325 
 -0.000785 -0.602850 -0.081434 
 -0.006902 -0.564526 -0.104811 
 -0.020305 -0.545393 -0.101054 
 -0.041097 -0.545301 -0.070133 
 -0.054534 -0.526118 -0.066366 
 -0.067972 -0.506934 -0.062599 
 -0.081409 -0.487751 -0.058832 
 -0.094846 -0.468569 -0.055065 
 -0.108284 -0.449385 -0.051298 
 -0.121721 -0.430202 -0.047531 
 -0.135158 -0.411020 -0.043764 
 -0.148596 -0.391836 -0.039998 
 -0.162033 -0.372653 -0.036231 
 -0.175469 -0.353470 -0.032464 
 -0.188907 -0.334286 -0.028697 
 -0.202344 -0.315104 -0.024930 
 -0.219704 -0.305115 -0.007518 
 -0.233159 -0.285907 -0.003745 
 -0.246614 -0.266699 0.000027 
 -0.256093 -0.238372 -0.009862 
 -0.269531 -0.219188 -0.006095 
 -0.282968 -0.200005 -0.002328 
 -0.296405 -0.180823 0.001439 
 -0.301751 -0.143600 -0.022154 
 -0.315154 -0.124467 -0.018398 
 -0.328556 -0.105333 -0.014640 
 -0.350155 -0.104089 0.016507 
 -0.367707 -0.093827 0.033974 
 -0.377028 -0.065724 0.024041 
 -0.390466 -0.046540 0.027808 
 -0.403903 -0.027358 0.031574 
 -0.417340 -0.008175 0.035341 
 -0.430778 0.011009 0.039108 
 -0.448436 0.021422 0.056605 
 -0.457652 0.049374 0.046642 
 -0.475346 0.059838 0.064148 
 -0.488800 0.079047 0.067920 
 -0.502255 0.098254 0.071692 
 -0.515710 0.117463 0.075463 
 -0.529163 0.136670 0.079236 
 -0.551305 0.138690 0.110535 
 -0.564796 0.157947 0.114317 
 -0.587042 0.160116 0.145645 
 -0.600567 0.179424 0.149436 
 -0.618505 0.190239 0.167011 
 -0.632049 0.209571 0.170808 
 -0.645591 0.228904 0.174604 
 -0.659133 0.248238 0.178401 
 -0.659225 0.292755 0.140789 
 0.086504 -0.885550 -0.018294 
 0.079947 -0.846494 -0.041514 
 0.069933 -0.817352 -0.051237 
 0.063498 -0.778471 -0.074492 
 0.050009 -0.759213 -0.070711 
 0.043679 -0.720484 -0.093995 
 0.033821 -0.691565 -0.103762 
 0.027613 -0.653010 -0.127081 
 0.014211 -0.633877 -0.123324 
 -0.006491 -0.634016 -0.092461 
 -0.019929 -0.614833 -0.088694 
 -0.025995 -0.576478 -0.112052 
 -0.046802 -0.576467 -0.081160 
 -0.060239 -0.557284 -0.077393 
 -0.073677 -0.538101 -0.073626 
 -0.087114 -0.518917 -0.069859 
 -0.100551 -0.499735 -0.066092 
 -0.113989 -0.480551 -0.062325 
 -0.127426 -0.461368 -0.058558 
 -0.140863 -0.442185 -0.054791 
 -0.154301 -0.423003 -0.051024 
 -0.167738 -0.403819 -0.047258 
 -0.181175 -0.384636 -0.043491 
 -0.194613 -0.365454 -0.039724 
 -0.208050 -0.346270 -0.035957 
 -0.221486 -0.327087 -0.032190 
 -0.238872 -0.317114 -0.014787 
 -0.252327 -0.297906 -0.011015 
 -0.265782 -0.278698 -0.007243 
 -0.275236 -0.250355 -0.017122 
 -0.288673 -0.231171 -0.013355 
 -0.302110 -0.211988 -0.009588 
 -0.315548 -0.192806 -0.005821 
 -0.320844 -0.155551 -0.029395 
 -0.334247 -0.136418 -0.025638 
 -0.347649 -0.117285 -0.021881 
 -0.369297 -0.116073 0.009246 
 -0.386874 -0.105826 0.026704 
 -0.396172 -0.077707 0.016780 
 -0.409608 -0.058523 0.020547 
 -0.423045 -0.039341 0.024314 
 -0.440693 -0.028993 0.041791 
 -0.454148 -0.009785 0.045564 
 -0.467603 0.009423 0.049335 
 -0.476795 0.037391 0.039382 
 -0.494512 0.047839 0.056878 
 -0.507967 0.067048 0.060651 
 -0.521422 0.086255 0.064422 
 -0.534877 0.105464 0.068193 
 -0.557033 0.107401 0.099464 
 -0.570524 0.126659 0.103246 
 -0.584013 0.145918 0.107028 
 -0.606310 0.148056 0.138338 
 -0.624255 0.158828 0.155899 
 -0.637799 0.178161 0.159695 
 -0.651341 0.197495 0.163491 
 -0.664883 0.216827 0.167288 
 -0.678425 0.236161 0.171084 
 0.053585 -0.878274 -0.021824 
 0.047113 -0.839239 -0.045036 
 0.037140 -0.810105 -0.054753 
 0.030790 -0.771243 -0.077999 
 0.024511 -0.732483 -0.101265 
 0.011056 -0.713274 -0.097494 
 0.001241 -0.684366 -0.107255 
 -0.015854 -0.674858 -0.089950 
 -0.025634 -0.645999 -0.099721 
 -0.039071 -0.626816 -0.095954 
 -0.052508 -0.607632 -0.092187 
 -0.065945 -0.588450 -0.088420 
 -0.079383 -0.569267 -0.084653 
 -0.096582 -0.559609 -0.067318 
 -0.110037 -0.540402 -0.063547 
 -0.123492 -0.521193 -0.059775 
 -0.133131 -0.492534 -0.069585 
 -0.146568 -0.473351 -0.065818 
 -0.160006 -0.454169 -0.062051 
 -0.173443 -0.434986 -0.058284 
 -0.186880 -0.415802 -0.054517 
 -0.200318 -0.396619 -0.050750 
 -0.213755 -0.377437 -0.046983 
 -0.227192 -0.358253 -0.043217 
 -0.240630 -0.339070 -0.039450 
 -0.258039 -0.329113 -0.022056 
 -0.271494 -0.309905 -0.018284 
 -0.280942 -0.281521 -0.028149 
 -0.294378 -0.262338 -0.024383 
 -0.299729 -0.224902 -0.047908 
 -0.321253 -0.223972 -0.016849 
 -0.326534 -0.186636 -0.040393 
 -0.339936 -0.167503 -0.036636 
 -0.353338 -0.148370 -0.032880 
 -0.366740 -0.129238 -0.029123 
 -0.388439 -0.128056 0.001986 
 -0.406042 -0.117825 0.019434 
 -0.415314 -0.089691 0.009520 
 -0.428751 -0.070507 0.013287 
 -0.442189 -0.051324 0.017054 
 -0.459861 -0.040991 0.034521 
 -0.473316 -0.021784 0.038294 
 -0.486771 -0.002575 0.042065 
 -0.500225 0.016632 0.045837 
 -0.513680 0.035841 0.049609 
 -0.527135 0.055049 0.053381 
 -0.540590 0.074257 0.057152 
 -0.554045 0.093465 0.060925 
 -0.576250 0.095372 0.092176 
 -0.589741 0.114629 0.095958 
 -0.612052 0.116686 0.127238 
 -0.625577 0.135994 0.131030 
 -0.643547 0.146752 0.148581 
 -0.657091 0.166084 0.152379 
 -0.670633 0.185417 0.156175 
 0.027123 -0.910117 -0.002171 
 0.020666 -0.870999 -0.025353 
 0.007089 -0.851617 -0.021547 
 0.004348 -0.802857 -0.058269 
 -0.001916 -0.764016 -0.081507 
 -0.008112 -0.725273 -0.104764 
 -0.021567 -0.706066 -0.100991 
 -0.042386 -0.706241 -0.070160 
 -0.044776 -0.657982 -0.106981 
 -0.058213 -0.638800 -0.103214 
 -0.071650 -0.619616 -0.099447 
 -0.085088 -0.600433 -0.095680 
 -0.098525 -0.581250 -0.091913 
 -0.115749 -0.571608 -0.074588 
 -0.129204 -0.552401 -0.070817 
 -0.142659 -0.533192 -0.067045 
 -0.156114 -0.513985 -0.063272 
 -0.169568 -0.494776 -0.059501 
 -0.183023 -0.475569 -0.055730 
 -0.196478 -0.456360 -0.051957 
 -0.206023 -0.427785 -0.061777 
 -0.219460 -0.408603 -0.058010 
 -0.232897 -0.389419 -0.054244 
 -0.246335 -0.370236 -0.050477 
 -0.259772 -0.351053 -0.046710 
 -0.277207 -0.341112 -0.029326 
 -0.290662 -0.321904 -0.025554 
 -0.300084 -0.293504 -0.035410 
 -0.313520 -0.274320 -0.031643 
 -0.326957 -0.255138 -0.027876 
 -0.340395 -0.235955 -0.024109 
 -0.353832 -0.216771 -0.020342 
 -0.367269 -0.197588 -0.016575 
 -0.372431 -0.160323 -0.040121 
 -0.385833 -0.141190 -0.036363 
 -0.407581 -0.140039 -0.005274 
 -0.425210 -0.129822 0.012164 
 -0.438664 -0.110615 0.015937 
 -0.447893 -0.082490 0.006027 
 -0.461331 -0.063307 0.009794 
 -0.479029 -0.052990 0.027252 
 -0.492484 -0.033783 0.031024 
 -0.505937 -0.014574 0.034795 
 -0.519392 0.004633 0.038567 
 -0.532847 0.023842 0.042339 
 -0.546302 0.043050 0.046111 
 -0.568488 0.044825 0.077325 
 -0.581978 0.064083 0.081106 
 -0.595468 0.083341 0.084888 
 -0.608958 0.102600 0.088670 
 -0.631319 0.104625 0.119930 
 -0.644845 0.123933 0.123722 
 -0.662839 0.134674 0.141265 
 -0.676383 0.154008 0.145061 
 -0.689925 0.173340 0.148857 
 0.001323 -0.883107 -0.032689 
 -0.012254 -0.863725 -0.028883 
 -0.018557 -0.824726 -0.052076 
 -0.028443 -0.795610 -0.061785 
 -0.041969 -0.776303 -0.057994 
 -0.048114 -0.737530 -0.081232 
 -0.061603 -0.718271 -0.077450 
 -0.086269 -0.728061 -0.033094 
 -0.081098 -0.660440 -0.096945 
 -0.094553 -0.641232 -0.093174 
 -0.108007 -0.622024 -0.089402 
 -0.121462 -0.602815 -0.085629 
 -0.134917 -0.583607 -0.081858 
 -0.148372 -0.564399 -0.078087 
 -0.161827 -0.545191 -0.074314 
 -0.175282 -0.525983 -0.070542 
 -0.188736 -0.506775 -0.066771 
 -0.202191 -0.487566 -0.062998 
 -0.215646 -0.468359 -0.059227 
 -0.225165 -0.439768 -0.069037 
 -0.238602 -0.420586 -0.065272 
 -0.252039 -0.401402 -0.061505 
 -0.257501 -0.363604 -0.084933 
 -0.278914 -0.363037 -0.053971 
 -0.296375 -0.353111 -0.036595 
 -0.305789 -0.324670 -0.046437 
 -0.323284 -0.314695 -0.029051 
 -0.332663 -0.286303 -0.038903 
 -0.346101 -0.267121 -0.035136 
 -0.359538 -0.247938 -0.031369 
 -0.372974 -0.228754 -0.027602 
 -0.386412 -0.209572 -0.023835 
 -0.399849 -0.190389 -0.020068 
 -0.413286 -0.171205 -0.016301 
 -0.426724 -0.152022 -0.012534 
 -0.444376 -0.141821 0.004894 
 -0.457831 -0.122614 0.008667 
 -0.471286 -0.103405 0.012438 
 -0.484741 -0.084198 0.016210 
 -0.498196 -0.064989 0.019983 
 -0.511650 -0.045782 0.023754 
 -0.525105 -0.026573 0.027525 
 -0.538560 -0.007366 0.031298 
 -0.552015 0.011843 0.035070 
 -0.565470 0.031051 0.038841 
 -0.578924 0.050259 0.042614 
 -0.601196 0.052052 0.073818 
 -0.614686 0.071311 0.077600 
 -0.628175 0.090569 0.081381 
 -0.650587 0.092563 0.112624 
 -0.668589 0.103265 0.130152 
 -0.682133 0.122597 0.133948 
 -0.695675 0.141930 0.137745 
 -0.031596 -0.875833 -0.036219 
 -0.037849 -0.836803 -0.059393 
 -0.051391 -0.817470 -0.055597 
 -0.061236 -0.788363 -0.065301 
 -0.074760 -0.769056 -0.061510 
 -0.088286 -0.749748 -0.057718 
 -0.105561 -0.740137 -0.040412 
 -0.107801 -0.691785 -0.077175 
 -0.121290 -0.672527 -0.073393 
 -0.134780 -0.653269 -0.069611 
 -0.148270 -0.634011 -0.065830 
 -0.161760 -0.614752 -0.062048 
 -0.175249 -0.595494 -0.058266 
 -0.188739 -0.576236 -0.054485 
 -0.202229 -0.556978 -0.050703 
 -0.215719 -0.537721 -0.046921 
 -0.229208 -0.518462 -0.043140 
 -0.242698 -0.499204 -0.039358 
 -0.248267 -0.461149 -0.062725 
 -0.261722 -0.441942 -0.058952 
 -0.271182 -0.413385 -0.068765 
 -0.284619 -0.394203 -0.064998 
 -0.298057 -0.375020 -0.061231 
 -0.311494 -0.355836 -0.057464 
 -0.328996 -0.345901 -0.040094 
 -0.342451 -0.326694 -0.036321 
 -0.355906 -0.307485 -0.032550 
 -0.369361 -0.288277 -0.028778 
 -0.382815 -0.269069 -0.025005 
 -0.392118 -0.240737 -0.034862 
 -0.405555 -0.221555 -0.031095 
 -0.418991 -0.202372 -0.027328 
 -0.432429 -0.183188 -0.023561 
 -0.445866 -0.164006 -0.019794 
 -0.463544 -0.153820 -0.002374 
 -0.476999 -0.134612 0.001397 
 -0.490454 -0.115404 0.005169 
 -0.499615 -0.087274 -0.004726 
 -0.517363 -0.076988 0.012713 
 -0.530818 -0.057779 0.016484 
 -0.544273 -0.038572 0.020256 
 -0.557728 -0.019363 0.024028 
 -0.571183 -0.000156 0.027800 
 -0.584638 0.019053 0.031571 
 -0.606924 0.020765 0.062747 
 -0.620413 0.040023 0.066529 
 -0.633903 0.059281 0.070310 
 -0.647392 0.078540 0.074092 
 -0.669854 0.080502 0.105316 
 -0.687883 0.091187 0.122834 
 -0.050937 -0.887941 -0.043555 
 -0.064516 -0.868558 -0.039748 
 -0.078092 -0.849174 -0.035943 
 -0.084225 -0.810213 -0.059117 
 -0.097769 -0.790880 -0.055321 
 -0.111311 -0.771548 -0.051524 
 -0.121077 -0.742501 -0.061234 
 -0.134603 -0.723193 -0.057443 
 -0.148127 -0.703884 -0.053652 
 -0.161652 -0.684576 -0.049860 
 -0.175177 -0.665268 -0.046068 
 -0.188702 -0.645959 -0.042276 
 -0.202226 -0.626651 -0.038486 
 -0.215752 -0.607344 -0.034694 
 -0.229277 -0.588036 -0.030902 
 -0.242801 -0.568728 -0.027111 
 -0.256326 -0.549419 -0.023319 
 -0.269851 -0.530111 -0.019527 
 -0.275406 -0.491976 -0.042865 
 -0.280890 -0.453941 -0.066222 
 -0.294345 -0.434732 -0.062451 
 -0.307800 -0.415525 -0.058679 
 -0.317199 -0.387003 -0.068491 
 -0.334709 -0.377107 -0.051135 
 -0.348164 -0.357900 -0.047364 
 -0.361619 -0.338691 -0.043591 
 -0.375074 -0.319484 -0.039819 
 -0.384385 -0.291087 -0.049656 
 -0.397823 -0.271905 -0.045889 
 -0.411260 -0.252721 -0.042122 
 -0.428893 -0.242652 -0.024732 
 -0.442348 -0.223443 -0.020960 
 -0.451572 -0.195171 -0.030821 
 -0.465008 -0.175989 -0.027054 
 -0.482712 -0.165819 -0.009644 
 -0.496167 -0.146611 -0.005873 
 -0.505320 -0.118440 -0.015753 
 -0.518758 -0.099257 -0.011986 
 -0.532195 -0.080073 -0.008219 
 -0.549985 -0.069778 0.009214 
 -0.563440 -0.050571 0.012987 
 -0.576895 -0.031362 0.016759 
 -0.590349 -0.012155 0.020530 
 -0.603804 0.007054 0.024303 
 -0.626141 0.008734 0.055459 
 -0.639630 0.027993 0.059240 
 -0.653120 0.047251 0.063022 
 -0.104895 -0.880941 -0.016325 
 -0.111013 -0.841899 -0.039472 
 -0.124590 -0.822517 -0.035666 
 -0.138168 -0.803133 -0.031859 
 -0.151744 -0.783750 -0.028054 
 -0.157687 -0.744958 -0.051248 
 -0.171229 -0.725625 -0.047452 
 -0.184772 -0.706291 -0.043655 
 -0.194444 -0.677329 -0.053376 
 -0.207970 -0.658021 -0.049584 
 -0.221494 -0.638713 -0.045792 
 -0.235019 -0.619404 -0.042002 
 -0.248543 -0.600097 -0.038210 
 -0.262069 -0.580789 -0.034418 
 -0.275593 -0.561481 -0.030627 
 -0.289118 -0.542172 -0.026835 
 -0.302644 -0.522864 -0.023043 
 -0.308112 -0.484747 -0.046371 
 -0.313512 -0.446731 -0.069721 
 -0.326966 -0.427522 -0.065948 
 -0.340421 -0.408315 -0.062176 
 -0.353876 -0.389106 -0.058405 
 -0.367331 -0.369899 -0.054632 
 -0.380786 -0.350690 -0.050861 
 -0.394240 -0.331483 -0.047089 
 -0.403528 -0.303070 -0.056916 
 -0.416965 -0.283888 -0.053149 
 -0.430402 -0.264704 -0.049382 
 -0.448060 -0.254651 -0.032001 
 -0.457277 -0.226339 -0.041848 
 -0.470714 -0.207155 -0.038081 
 -0.488424 -0.197026 -0.020685 
 -0.510459 -0.195876 0.010354 
 -0.515334 -0.158610 -0.013142 
 -0.528788 -0.139402 -0.009370 
 -0.542243 -0.120193 -0.005598 
 -0.564419 -0.118844 0.025481 
 -0.577909 -0.099586 0.029262 
 -0.591399 -0.080328 0.033044 
 -0.596063 -0.043361 0.009489 
 -0.609517 -0.024154 0.013260 
 -0.137899 -0.873648 -0.019864 
 -0.151512 -0.854215 -0.016049 
 -0.172739 -0.854321 0.014731 
 -0.186386 -0.834839 0.018557 
 -0.192349 -0.795915 -0.004601 
 -0.198242 -0.757091 -0.027777 
 -0.204065 -0.718368 -0.050973 
 -0.217607 -0.699035 -0.047177 
 -0.231149 -0.679703 -0.043380 
 -0.244691 -0.660369 -0.039584 
 -0.258234 -0.641036 -0.035788 
 -0.271776 -0.621703 -0.031991 
 -0.285318 -0.602370 -0.028195 
 -0.298861 -0.583037 -0.024398 
 -0.312403 -0.563704 -0.020601 
 -0.325946 -0.544371 -0.016804 
 -0.335435 -0.515617 -0.026559 
 -0.340820 -0.477520 -0.049879 
 -0.354310 -0.458261 -0.046097 
 -0.359589 -0.420314 -0.069446 
 -0.381290 -0.419745 -0.038534 
 -0.386499 -0.381898 -0.061902 
 -0.399954 -0.362689 -0.058131 
 -0.413408 -0.343482 -0.054358 
 -0.426863 -0.324273 -0.050586 
 -0.440318 -0.305066 -0.046815 
 -0.453773 -0.285857 -0.043043 
 -0.467228 -0.266650 -0.039271 
 -0.480682 -0.247441 -0.035499 
 -0.489857 -0.219138 -0.045341 
 -0.507592 -0.209025 -0.027955 
 -0.529677 -0.207907 0.003064 
 -0.534502 -0.170609 -0.020412 
 -0.547956 -0.151401 -0.016639 
 -0.561411 -0.132192 -0.012868 
 -0.583637 -0.130874 0.018192 
 -0.597126 -0.111615 0.021974 
 -0.182348 -0.895786 0.016999 
 -0.196013 -0.876278 0.020830 
 -0.209678 -0.856769 0.024660 
 -0.219475 -0.827526 0.015009 
 -0.225353 -0.788621 -0.008139 
 -0.231161 -0.749817 -0.031306 
 -0.244738 -0.730434 -0.027500 
 -0.250441 -0.691779 -0.050697 
 -0.263983 -0.672447 -0.046900 
 -0.277526 -0.653113 -0.043104 
 -0.291068 -0.633780 -0.039308 
 -0.304611 -0.614447 -0.035511 
 -0.318153 -0.595114 -0.031715 
 -0.331695 -0.575780 -0.027919 
 -0.345238 -0.556447 -0.024122 
 -0.354703 -0.527679 -0.033867 
 -0.360037 -0.489550 -0.057167 
 -0.373527 -0.470292 -0.053385 
 -0.387017 -0.451034 -0.049604 
 -0.400507 -0.431775 -0.045822 
 -0.413996 -0.412517 -0.042040 
 -0.419122 -0.374688 -0.065400 
 -0.432576 -0.355479 -0.061628 
 -0.446031 -0.336272 -0.057856 
 -0.459486 -0.317063 -0.054085 
 -0.472941 -0.297856 -0.050312 
 -0.494936 -0.296969 -0.019350 
 -0.508425 -0.277711 -0.015569 
 -0.513304 -0.240231 -0.038996 
 -0.535404 -0.239194 -0.008005 
 -0.557575 -0.238057 0.023005 
 -0.571100 -0.218749 0.026797 
 -0.584625 -0.199441 0.030589 
 -0.236893 -0.888509 0.044213 
 -0.242809 -0.849447 0.021107 
 -0.252565 -0.820213 0.011462 
 -0.258357 -0.781327 -0.011678 
 -0.271970 -0.761894 -0.007862 
 -0.277659 -0.723158 -0.031029 
 -0.291235 -0.703775 -0.027224 
 -0.304812 -0.684393 -0.023417 
 -0.318390 -0.665009 -0.019611 
 -0.331967 -0.645626 -0.015805 
 -0.345545 -0.626243 -0.011999 
 -0.359122 -0.606859 -0.008192 
 -0.372700 -0.587477 -0.004386 
 -0.378072 -0.549191 -0.027642 
 -0.387494 -0.520432 -0.037383 
 -0.401020 -0.501124 -0.033591 
 -0.406235 -0.463063 -0.056892 
 -0.419724 -0.443805 -0.053110 
 -0.433213 -0.424548 -0.049329 
 -0.446703 -0.405289 -0.045547 
 -0.451743 -0.367479 -0.068897 
 -0.465198 -0.348271 -0.065126 
 -0.478653 -0.329062 -0.061353 
 -0.492107 -0.309855 -0.057582 
 -0.514153 -0.308998 -0.026639 
 -0.527642 -0.289741 -0.022857 
 -0.541132 -0.270483 -0.019075 
 -0.554623 -0.251225 -0.015294 
 -0.576843 -0.250117 0.015698 
 -0.256411 -0.900726 0.036810 
 -0.270111 -0.881168 0.040651 
 -0.275941 -0.842126 0.017555 
 -0.289607 -0.822617 0.021386 
 -0.299302 -0.793417 0.011739 
 -0.304975 -0.754600 -0.011401 
 -0.318587 -0.735167 -0.007584 
 -0.332200 -0.715734 -0.003769 
 -0.337733 -0.677117 -0.026947 
 -0.351309 -0.657734 -0.023140 
 -0.364888 -0.638351 -0.019335 
 -0.378464 -0.618969 -0.015528 
 -0.392042 -0.599585 -0.011722 
 -0.405619 -0.580202 -0.007916 
 -0.410907 -0.541935 -0.031163 
 -0.424449 -0.522602 -0.027367 
 -0.425452 -0.475093 -0.064180 
 -0.438941 -0.455835 -0.060398 
 -0.452431 -0.436577 -0.056617 
 -0.465921 -0.417319 -0.052835 
 -0.470911 -0.379477 -0.076167 
 -0.484366 -0.360270 -0.072396 
 -0.497821 -0.341061 -0.068623 
 -0.511275 -0.321854 -0.064852 
 -0.524730 -0.302645 -0.061080 
 -0.546859 -0.301770 -0.030145 
 -0.560350 -0.282512 -0.026363 
 -0.311248 -0.893342 0.064007 
 -0.317028 -0.854268 0.040931 
 -0.318744 -0.805588 0.004366 
 -0.332391 -0.786105 0.008192 
 -0.337979 -0.747307 -0.014940 
 -0.351592 -0.727873 -0.011123 
 -0.365204 -0.708440 -0.007307 
 -0.370652 -0.669842 -0.030476 
 -0.384229 -0.650459 -0.026671 
 -0.397807 -0.631077 -0.022864 
 -0.411384 -0.611693 -0.019058 
 -0.424962 -0.592310 -0.015251 
 -0.430199 -0.554012 -0.038480 
 -0.443741 -0.534679 -0.034683 
 -0.453079 -0.505938 -0.044415 
 -0.466603 -0.486630 -0.040623 
 -0.480129 -0.467322 -0.036833 
 -0.485138 -0.429349 -0.060125 
 -0.498628 -0.410091 -0.056343 
 -0.503532 -0.372268 -0.079666 
 -0.516987 -0.353060 -0.075893 
 -0.530442 -0.333852 -0.072121 
 -0.344549 -0.885982 0.060435 
 -0.350245 -0.846927 0.037369 
 -0.372019 -0.846766 0.068137 
 -0.393863 -0.846504 0.098924 
 -0.399489 -0.807550 0.075838 
 -0.396866 -0.749449 0.025774 
 -0.406423 -0.720343 0.016121 
 -0.411822 -0.681713 -0.007029 
 -0.417148 -0.643185 -0.030200 
 -0.430726 -0.623801 -0.026394 
 -0.452658 -0.623413 0.004418 
 -0.457881 -0.585034 -0.018781 
 -0.463034 -0.546756 -0.042000 
 -0.476576 -0.527422 -0.038203 
 -0.399710 -0.878441 0.087624 
 -0.413480 -0.858784 0.091484 
 -0.419056 -0.819798 0.068416 
 -0.424562 -0.780912 0.045330 
 -0.425865 -0.732514 0.008748 
 -0.439513 -0.713030 0.012574 
 -0.436491 -0.655293 -0.037536 
 -0.450069 -0.635909 -0.033730 
 -0.441306 -0.890472 0.110944 
 -0.438623 -0.832047 0.060996 
 -0.435799 -0.773822 0.011007 
 -0.449464 -0.754313 0.014839 
 -0.458955 -0.725201 0.005200 
 