0.290135 0.837580 0.147046 
 0.255614 0.841292 0.110747 
 0.223521 0.843726 0.094239 
 0.189265 0.847428 0.057911 
 0.155160 0.851125 0.021566 
 0.125531 0.852278 0.024844 
 0.095903 0.853431 0.028122 
 -0.098476 0.852704 0.190040 
 -0.132014 0.856379 0.153633 
 -0.161832 0.857539 0.156932 
 -0.191649 0.858700 0.160231 
 0.311468 0.810369 0.082278 
 0.281688 0.811528 0.085573 
 0.247284 0.815312 0.049266 
 0.217580 0.816469 0.052552 
 0.183403 0.820244 0.016222 
 0.153774 0.821397 0.019500 
 0.124146 0.822550 0.022778 
 0.094517 0.823703 0.026056 
 0.073229 0.819642 0.108636 
 0.043450 0.820801 0.111931 
 0.015679 0.820659 0.135059 
 -0.023997 0.828316 0.039168 
 -0.043956 0.822980 0.141657 
 -0.069981 0.821548 0.184648 
 -0.105449 0.826596 0.128404 
 -0.133409 0.826461 0.151553 
 -0.165009 0.828914 0.134994 
 -0.194789 0.830073 0.138288 
 -0.224569 0.831232 0.141583 
 0.424120 0.778572 0.027476 
 0.394416 0.779729 0.030762 
 0.364712 0.780885 0.034048 
 0.330160 0.784750 -0.002235 
 0.300532 0.785903 0.001043 
 0.270903 0.787057 0.004321 
 0.241275 0.788210 0.007599 
 0.207101 0.792061 -0.028726 
 0.177548 0.793211 -0.025457 
 0.147995 0.794361 -0.022187 
 0.122760 0.792822 0.020711 
 0.093131 0.793975 0.023989 
 0.067670 0.792445 0.066912 
 0.037965 0.793601 0.070198 
 0.012277 0.792080 0.113148 
 -0.017503 0.793239 0.116443 
 -0.045350 0.793063 0.139577 
 -0.075168 0.794223 0.142876 
 -0.106842 0.796716 0.126327 
 -0.140260 0.800538 0.089917 
 -0.169964 0.801694 0.093203 
 -0.199668 0.802850 0.096489 
 -0.225961 0.801352 0.139506 
 -0.255741 0.802511 0.142801 
 -0.285521 0.803670 0.146095 
 0.546921 0.741338 0.051766 
 0.517141 0.742497 0.055060 
 0.487361 0.743656 0.058355 
 0.457581 0.744815 0.061650 
 0.422731 0.748769 0.025404 
 0.393027 0.749925 0.028690 
 0.358403 0.753869 -0.007580 
 0.328775 0.755022 -0.004302 
 0.299146 0.756176 -0.001024 
 0.264825 0.760108 -0.037327 
 0.235272 0.761259 -0.034058 
 0.205719 0.762409 -0.030788 
 0.176166 0.763559 -0.027518 
 0.146613 0.764709 -0.024249 
 0.121374 0.763094 0.018644 
 0.091746 0.764248 0.021922 
 0.066280 0.762642 0.064840 
 0.040664 0.761042 0.107776 
 0.010884 0.762201 0.111071 
 -0.018895 0.763360 0.114365 
 -0.048675 0.764519 0.117660 
 -0.078455 0.765678 0.120955 
 -0.115655 0.772320 0.044868 
 -0.145283 0.773473 0.048146 
 -0.174912 0.774626 0.051424 
 -0.204540 0.775779 0.054702 
 -0.234169 0.776932 0.057980 
 -0.267130 0.780812 0.021526 
 -0.286914 0.773791 0.144018 
 -0.316693 0.774950 0.147313 
 -0.346473 0.776109 0.150608 
 -0.376253 0.777268 0.153902 
 -0.406033 0.778427 0.157197 
 -0.431495 0.775523 0.220165 
 -0.461388 0.776686 0.223472 
 0.545528 0.711459 0.049688 
 0.515748 0.712618 0.052983 
 0.485968 0.713777 0.056278 
 0.456188 0.714936 0.059572 
 0.416275 0.721835 -0.016203 
 0.386646 0.722988 -0.012925 
 0.357018 0.724142 -0.009647 
 0.327389 0.725295 -0.006368 
 0.297760 0.726448 -0.003090 
 0.263443 0.730456 -0.039389 
 0.233890 0.731607 -0.036119 
 0.199799 0.735606 -0.072443 
 0.170322 0.736754 -0.069182 
 0.145231 0.735057 -0.026310 
 0.115678 0.736207 -0.023040 
 0.090360 0.734520 0.019856 
 0.060731 0.735673 0.023134 
 0.039271 0.731162 0.105699 
 0.009492 0.732321 0.108993 
 -0.020288 0.733480 0.112288 
 -0.053926 0.737462 0.075914 
 -0.083630 0.738619 0.079200 
 -0.117040 0.742592 0.042802 
 -0.150300 0.746559 0.006386 
 -0.176298 0.744898 0.049358 
 -0.212885 0.751668 -0.026785 
 -0.242363 0.752815 -0.023524 
 -0.273504 0.755364 -0.040126 
 -0.291559 0.746711 0.102205 
 -0.318086 0.745070 0.145236 
 -0.347866 0.746230 0.148530 
 -0.377646 0.747389 0.151825 
 -0.403000 0.744366 0.214772 
 -0.435768 0.748314 0.178303 
 -0.465585 0.749475 0.181602 
 -0.495403 0.750635 0.184901 
 -0.525221 0.751796 0.188199 
 -0.552466 0.750183 0.231309 
 -0.582359 0.751347 0.234616 
 0.598178 0.682225 0.001541 
 0.568474 0.683381 0.004828 
 0.544135 0.681580 0.047611 
 0.509065 0.685693 0.011401 
 0.479361 0.686850 0.014687 
 0.454796 0.685057 0.057495 
 0.414889 0.692108 -0.018269 
 0.385261 0.693261 -0.014991 
 0.355632 0.694414 -0.011713 
 0.326003 0.695567 -0.008435 
 0.291614 0.699654 -0.044720 
 0.262061 0.700804 -0.041450 
 0.232508 0.701955 -0.038180 
 0.198421 0.706030 -0.074499 
 0.168943 0.707178 -0.071238 
 0.143849 0.705405 -0.028372 
 0.114296 0.706555 -0.025102 
 0.088974 0.704792 0.017789 
 0.059346 0.705945 0.021067 
 0.033798 0.704191 0.063982 
 0.004094 0.705347 0.067269 
 -0.025611 0.706503 0.070555 
 -0.055315 0.707659 0.073842 
 -0.088797 0.711711 0.037457 
 -0.122129 0.715757 0.001055 
 -0.151682 0.716907 0.004325 
 -0.181235 0.718057 0.007595 
 -0.216002 0.723534 -0.048694 
 -0.245442 0.724680 -0.045437 
 -0.278206 0.728704 -0.081902 
 -0.302696 0.725534 -0.019058 
 -0.322653 0.718064 0.103419 
 -0.349259 0.716350 0.146453 
 -0.374505 0.713209 0.209380 
 -0.404398 0.714373 0.212687 
 -0.434291 0.715536 0.215994 
 -0.464184 0.716700 0.219302 
 -0.494077 0.717863 0.222609 
 -0.523971 0.719026 0.225916 
 -0.553864 0.720190 0.229224 
 -0.583757 0.721353 0.232531 
 -0.613650 0.722517 0.235838 
 0.602302 0.649382 0.038944 
 0.572522 0.650541 0.042239 
 0.537380 0.654734 0.006042 
 0.507676 0.655890 0.009329 
 0.483183 0.654018 0.052123 
 0.448268 0.658202 0.015901 
 0.413504 0.662380 -0.020336 
 0.383875 0.663533 -0.017058 
 0.349338 0.667702 -0.053320 
 0.319785 0.668852 -0.050051 
 0.290232 0.670002 -0.046781 
 0.260679 0.671153 -0.043512 
 0.231126 0.672303 -0.040242 
 0.197042 0.676454 -0.076556 
 0.167564 0.677601 -0.073294 
 0.138087 0.678749 -0.070033 
 0.112914 0.676904 -0.027163 
 0.083361 0.678054 -0.023894 
 0.053807 0.679204 -0.020624 
 0.028332 0.677371 0.022278 
 -0.001297 0.678524 0.025556 
 -0.030926 0.679677 0.028834 
 -0.060554 0.680830 0.032112 
 -0.090183 0.681983 0.035390 
 -0.123511 0.686105 -0.001006 
 -0.156688 0.690221 -0.037420 
 -0.187939 0.692850 -0.054004 
 -0.220851 0.696956 -0.090448 
 -0.250215 0.698099 -0.087199 
 -0.282901 0.702196 -0.123666 
 -0.312189 0.703335 -0.120426 
 -0.320872 0.685312 0.141081 
 -0.350651 0.686471 0.144376 
 -0.378922 0.686159 0.167545 
 -0.408739 0.687319 0.170844 
 -0.438557 0.688479 0.174143 
 -0.468374 0.689640 0.177442 
 -0.495475 0.687870 0.220524 
 -0.525369 0.689033 0.223831 
 -0.555262 0.690197 0.227138 
 -0.585155 0.691360 0.230446 
 -0.615048 0.692524 0.233753 
 0.625104 0.621462 -0.005889 
 0.595399 0.622618 -0.002603 
 0.565695 0.623774 0.000684 
 0.535991 0.624930 0.003970 
 0.506287 0.626086 0.007257 
 0.476583 0.627242 0.010543 
 0.446878 0.628398 0.013829 
 0.412118 0.632652 -0.022403 
 0.377509 0.636900 -0.058652 
 0.347956 0.638050 -0.055382 
 0.318403 0.639200 -0.052112 
 0.288850 0.640350 -0.048843 
 0.254618 0.644584 -0.085134 
 0.225141 0.645731 -0.081873 
 0.193400 0.648417 -0.098400 
 0.166186 0.648025 -0.075350 
 0.136708 0.649173 -0.072089 
 0.111531 0.647252 -0.029225 
 0.081978 0.648402 -0.025955 
 0.052425 0.649552 -0.022685 
 0.022872 0.650702 -0.019416 
 -0.002683 0.648796 0.023489 
 -0.032311 0.649949 0.026767 
 -0.065787 0.654153 -0.009607 
 -0.099111 0.658351 -0.045999 
 -0.128589 0.659498 -0.042738 
 -0.159876 0.662166 -0.059315 
 -0.192860 0.666351 -0.095745 
 -0.225693 0.670529 -0.132190 
 -0.254982 0.671669 -0.128950 
 -0.284270 0.672809 -0.125709 
 -0.310317 0.670922 -0.082750 
 -0.339681 0.672065 -0.079501 
 -0.355135 0.659612 0.102561 
 -0.381824 0.657750 0.145593 
 -0.411604 0.658909 0.148888 
 -0.439951 0.658562 0.172063 
 -0.469769 0.659723 0.175362 
 -0.499586 0.660883 0.178661 
 -0.526767 0.659040 0.221746 
 -0.556660 0.660204 0.225053 
 -0.586553 0.661367 0.228360 
 -0.614035 0.659536 0.271480 
 -0.644004 0.660702 0.274796 
 0.653419 0.590502 -0.011247 
 0.623714 0.591658 -0.007961 
 0.594010 0.592814 -0.004675 
 0.564306 0.593971 -0.001388 
 0.534602 0.595127 0.001898 
 0.499618 0.599465 -0.034303 
 0.475193 0.597439 0.008471 
 0.440361 0.601771 -0.027747 
 0.405680 0.606098 -0.063983 
 0.376127 0.607248 -0.060713 
 0.346574 0.608398 -0.057443 
 0.317021 0.609548 -0.054174 
 0.282717 0.613860 -0.090452 
 0.253240 0.615008 -0.087191 
 0.223762 0.616155 -0.083929 
 0.192023 0.618879 -0.100454 
 0.164807 0.618449 -0.077407 
 0.135330 0.619597 -0.074145 
 0.110149 0.617600 -0.031286 
 0.080596 0.618750 -0.028017 
 0.051043 0.619900 -0.024747 
 0.021490 0.621050 -0.021477 
 -0.008063 0.622200 -0.018208 
 -0.037616 0.623351 -0.014938 
 -0.071012 0.627627 -0.051316 
 -0.102374 0.630336 -0.067883 
 -0.131813 0.631482 -0.064626 
 -0.164870 0.635745 -0.101042 
 -0.194234 0.636888 -0.097793 
 -0.227063 0.641143 -0.134233 
 -0.256352 0.642283 -0.130993 
 -0.288954 0.646528 -0.167458 
 -0.314929 0.644563 -0.124512 
 -0.341054 0.642603 -0.081549 
 -0.367331 0.640648 -0.038569 
 -0.392252 0.637153 0.024298 
 -0.415933 0.632121 0.107062 
 -0.442776 0.630189 0.150105 
 -0.471163 0.629805 0.173282 
 -0.500981 0.630966 0.176581 
 -0.528165 0.629047 0.219661 
 -0.558058 0.630210 0.222968 
 -0.587951 0.631374 0.226275 
 -0.615437 0.629467 0.269390 
 -0.645406 0.630633 0.272705 
 0.657683 0.557426 0.026123 
 0.622325 0.561855 -0.010033 
 0.592621 0.563011 -0.006747 
 0.562917 0.564167 -0.003460 
 0.533213 0.565323 -0.000174 
 0.498233 0.569737 -0.036370 
 0.473804 0.567635 0.006399 
 0.438975 0.572043 -0.029814 
 0.404298 0.576446 -0.066044 
 0.374745 0.577596 -0.062774 
 0.345192 0.578746 -0.059505 
 0.310816 0.583137 -0.095769 
 0.281339 0.584284 -0.092508 
 0.251861 0.585431 -0.089247 
 0.220086 0.588195 -0.105764 
 0.190646 0.589340 -0.102507 
 0.161207 0.590486 -0.099250 
 0.131767 0.591632 -0.095993 
 0.104474 0.591168 -0.072940 
 0.079214 0.589098 -0.030078 
 0.049661 0.590248 -0.026808 
 0.020108 0.591398 -0.023539 
 -0.009445 0.592549 -0.020269 
 -0.038998 0.593699 -0.016999 
 -0.072391 0.598051 -0.053373 
 -0.103750 0.600798 -0.069936 
 -0.136879 0.605140 -0.106339 
 -0.166243 0.606283 -0.103090 
 -0.199144 0.610616 -0.139516 
 -0.231895 0.614944 -0.175960 
 -0.261108 0.616081 -0.172728 
 -0.290321 0.617218 -0.169495 
 -0.316298 0.615176 -0.126555 
 -0.345587 0.616316 -0.123314 
 -0.371792 0.614283 -0.080349 
 -0.398147 0.612256 -0.037365 
 -0.423188 0.608651 0.025506 
 -0.449883 0.606637 0.068526 
 -0.473949 0.601468 0.151323 
 -0.503728 0.602627 0.154618 
 -0.532193 0.602209 0.177800 
 -0.559456 0.600217 0.220883 
 -0.589349 0.601381 0.224190 
 -0.616838 0.599398 0.267299 
 -0.646807 0.600564 0.270615 
 0.686070 0.526387 0.020751 
 0.656291 0.527546 0.024046 
 0.620936 0.532051 -0.012105 
 0.591232 0.533207 -0.008819 
 0.561528 0.534363 -0.005532 
 0.526476 0.538856 -0.041715 
 0.496847 0.540009 -0.038437 
 0.467218 0.541163 -0.035159 
 0.437590 0.542316 -0.031881 
 0.402916 0.546794 -0.068106 
 0.368392 0.551266 -0.104348 
 0.338915 0.552414 -0.101087 
 0.309437 0.553561 -0.097825 
 0.279960 0.554708 -0.094564 
 0.248149 0.557511 -0.111075 
 0.218709 0.558656 -0.107818 
 0.189269 0.559802 -0.104561 
 0.159830 0.560948 -0.101304 
 0.130390 0.562094 -0.098047 
 0.103095 0.561592 -0.074996 
 0.073618 0.562739 -0.071735 
 0.044140 0.563886 -0.068474 
 0.014663 0.565033 -0.065213 
 -0.010827 0.562897 -0.022330 
 -0.044292 0.567328 -0.058690 
 -0.073769 0.568475 -0.055429 
 -0.105127 0.571260 -0.071990 
 -0.138252 0.575678 -0.108387 
 -0.171226 0.580090 -0.144800 
 -0.200514 0.581230 -0.141559 
 -0.233261 0.585633 -0.177997 
 -0.262474 0.586770 -0.174765 
 -0.291687 0.587907 -0.171533 
 -0.317668 0.585790 -0.128598 
 -0.346957 0.586929 -0.125357 
 -0.373165 0.584821 -0.082397 
 -0.402529 0.585964 -0.079148 
 -0.428964 0.583864 -0.036162 
 -0.458403 0.585009 -0.032905 
 -0.486454 0.584537 -0.009771 
 -0.507824 0.575982 0.112777 
 -0.533588 0.572292 0.175720 
 -0.563405 0.573452 0.179019 
 -0.590747 0.571387 0.222105 
 -0.620640 0.572551 0.225412 
 -0.650533 0.573714 0.228720 
 0.684678 0.496508 0.018674 
 0.654898 0.497667 0.021968 
 0.619547 0.502248 -0.014177 
 0.584347 0.506822 -0.050338 
 0.554719 0.507975 -0.047060 
 0.525090 0.509129 -0.043782 
 0.490193 0.513691 -0.079976 
 0.460639 0.514842 -0.076706 
 0.431086 0.515992 -0.073437 
 0.396491 0.520543 -0.109665 
 0.367014 0.521690 -0.106404 
 0.337536 0.522838 -0.103143 
 0.308059 0.523985 -0.099882 
 0.278581 0.525132 -0.096620 
 0.249104 0.526279 -0.093359 
 0.217332 0.529118 -0.109872 
 0.187893 0.530264 -0.106614 
 0.158453 0.531410 -0.103357 
 0.129013 0.532556 -0.100100 
 0.099574 0.533701 -0.096843 
 0.070134 0.534847 -0.093586 
 0.042762 0.534310 -0.070530 
 0.013284 0.535457 -0.067269 
 -0.016193 0.536605 -0.064007 
 -0.047625 0.539430 -0.080558 
 -0.077064 0.540576 -0.077301 
 -0.110261 0.545073 -0.113684 
 -0.139625 0.546216 -0.110435 
 -0.172595 0.550704 -0.146843 
 -0.201884 0.551843 -0.143602 
 -0.234627 0.556323 -0.180035 
 -0.263840 0.557459 -0.176803 
 -0.289749 0.555263 -0.133881 
 -0.319038 0.556403 -0.130641 
 -0.348326 0.557543 -0.127400 
 -0.374538 0.555358 -0.084445 
 -0.403902 0.556501 -0.081197 
 -0.433266 0.557644 -0.077948 
 -0.462630 0.558787 -0.074699 
 -0.491994 0.559930 -0.071450 
 -0.517310 0.556108 -0.008566 
 -0.546787 0.557255 -0.005304 
 -0.573717 0.555098 0.037731 
 -0.603270 0.556249 0.041001 
 -0.622038 0.542558 0.223327 
 -0.651931 0.543721 0.226634 
 0.713065 0.465470 0.013302 
 0.677566 0.470132 -0.022822 
 0.647862 0.471288 -0.019535 
 0.612590 0.475941 -0.055682 
 0.582962 0.477095 -0.052404 
 0.547917 0.481739 -0.088577 
 0.518363 0.482889 -0.085307 
 0.483545 0.487525 -0.121505 
 0.454068 0.488672 -0.118244 
 0.429704 0.486340 -0.075498 
 0.395113 0.490967 -0.111722 
 0.365635 0.492114 -0.108460 
 0.336158 0.493261 -0.105199 
 0.306680 0.494409 -0.101938 
 0.277203 0.495556 -0.098676 
 0.247725 0.496703 -0.095415 
 0.215955 0.499580 -0.111925 
 0.188770 0.498998 -0.088893 
 0.157076 0.501872 -0.105411 
 0.127636 0.503017 -0.102154 
 0.098197 0.504163 -0.098897 
 0.070861 0.503587 -0.075847 
 0.041383 0.504734 -0.072586 
 0.011906 0.505881 -0.069325 
 -0.017572 0.507029 -0.066064 
 -0.047049 0.508176 -0.062802 
 -0.078441 0.511038 -0.079354 
 -0.111635 0.515611 -0.115732 
 -0.140999 0.516753 -0.112484 
 -0.173965 0.521317 -0.148886 
 -0.203254 0.522457 -0.145645 
 -0.232542 0.523597 -0.142405 
 -0.261831 0.524737 -0.139165 
 -0.291119 0.525877 -0.135924 
 -0.320408 0.527017 -0.132684 
 -0.349696 0.528156 -0.129443 
 -0.378985 0.529296 -0.126203 
 -0.408273 0.530436 -0.122963 
 -0.437562 0.531576 -0.119722 
 -0.466850 0.532716 -0.116482 
 -0.498910 0.537244 -0.152985 
 -0.525427 0.534996 -0.110001 
 -0.554716 0.536136 -0.106761 
 -0.578916 0.530516 -0.023983 
 -0.608355 0.531662 -0.020726 
 0.735585 0.438016 -0.031466 
 0.705881 0.439172 -0.028180 
 0.676177 0.440328 -0.024894 
 0.646473 0.441484 -0.021607 
 0.611205 0.446214 -0.057749 
 0.581576 0.447367 -0.054471 
 0.546534 0.452087 -0.090638 
 0.516981 0.453237 -0.087369 
 0.482167 0.457949 -0.123562 
 0.457875 0.455538 -0.080829 
 0.428322 0.456688 -0.077560 
 0.391217 0.463167 -0.133521 
 0.364257 0.462538 -0.110517 
 0.334779 0.463685 -0.107255 
 0.305302 0.464833 -0.103994 
 0.273458 0.467750 -0.120493 
 0.244018 0.468896 -0.117236 
 0.214579 0.470042 -0.113979 
 0.187392 0.469422 -0.090949 
 0.155699 0.472333 -0.107464 
 0.126260 0.473479 -0.104207 
 0.096820 0.474625 -0.100950 
 0.069482 0.474011 -0.077904 
 0.037941 0.476917 -0.094436 
 0.008501 0.478062 -0.091179 
 -0.020939 0.479208 -0.087922 
 -0.050378 0.480354 -0.084665 
 -0.079818 0.481500 -0.081408 
 -0.113008 0.486148 -0.117781 
 -0.142372 0.487291 -0.114532 
 -0.171736 0.488434 -0.111283 
 -0.201100 0.489577 -0.108034 
 -0.233912 0.494210 -0.144448 
 -0.263200 0.495350 -0.141208 
 -0.292489 0.496490 -0.137967 
 -0.321777 0.497630 -0.134727 
 -0.351066 0.498770 -0.131486 
 -0.380354 0.499910 -0.128246 
 -0.409643 0.501050 -0.125006 
 -0.438931 0.502190 -0.121765 
 -0.471063 0.506797 -0.158254 
 -0.500276 0.507934 -0.155022 
 -0.526797 0.505609 -0.112044 
 -0.556085 0.506749 -0.108804 
 -0.582833 0.504434 -0.065801 
 -0.618360 0.514208 -0.161981 
 -0.649925 0.518793 -0.198533 
 -0.679024 0.519926 -0.195313 
 -0.708124 0.521058 -0.192094 
 0.748853 0.399060 0.064937 
 0.713173 0.403882 0.028846 
 0.674788 0.410525 -0.026966 
 0.645084 0.411681 -0.023679 
 0.609819 0.416486 -0.059816 
 0.580190 0.417639 -0.056538 
 0.545152 0.422435 -0.092700 
 0.515599 0.423586 -0.089430 
 0.480788 0.428373 -0.125618 
 0.451310 0.429520 -0.122357 
 0.421833 0.430668 -0.119095 
 0.389840 0.433629 -0.135575 
 0.360400 0.434775 -0.132318 
 0.333401 0.434109 -0.109311 
 0.303923 0.435257 -0.106050 
 0.272081 0.438212 -0.122546 
 0.242641 0.439358 -0.119289 
 0.215491 0.438698 -0.096266 
 0.186013 0.439846 -0.093005 
 0.156536 0.440993 -0.089744 
 0.124883 0.443941 -0.106261 
 0.095443 0.445087 -0.103004 
 0.068104 0.444435 -0.079960 
 0.036564 0.447378 -0.096490 
 0.007124 0.448524 -0.093232 
 -0.022316 0.449670 -0.089975 
 -0.051755 0.450816 -0.086718 
 -0.081195 0.451962 -0.083461 
 -0.110635 0.453107 -0.080204 
 -0.143745 0.457829 -0.116580 
 -0.173109 0.458972 -0.113331 
 -0.202473 0.460114 -0.110083 
 -0.231837 0.461257 -0.106834 
 -0.261202 0.462400 -0.103585 
 -0.293859 0.467104 -0.140010 
 -0.323147 0.468244 -0.136770 
 -0.352436 0.469383 -0.133529 
 -0.381724 0.470523 -0.130289 
 -0.414003 0.475212 -0.166756 
 -0.443216 0.476349 -0.163524 
 -0.472429 0.477486 -0.160292 
 -0.503024 0.480393 -0.176927 
 -0.530855 0.479760 -0.153828 
 -0.554842 0.473828 -0.071098 
 -0.584207 0.474971 -0.067849 
 -0.619725 0.484935 -0.164016 
 -0.648900 0.486071 -0.160788 
 -0.678075 0.487206 -0.157560 
 -0.707250 0.488342 -0.154333 
 0.747455 0.369067 0.062852 
 0.711779 0.373964 0.026766 
 0.679107 0.376990 0.010365 
 0.643694 0.381877 -0.025751 
 0.608433 0.386758 -0.061883 
 0.573323 0.391633 -0.098031 
 0.543770 0.392783 -0.094761 
 0.514217 0.393934 -0.091491 
 0.479409 0.398797 -0.127674 
 0.449932 0.399944 -0.124413 
 0.420454 0.401092 -0.121151 
 0.388463 0.404091 -0.137628 
 0.359023 0.405237 -0.134371 
 0.329584 0.406382 -0.131114 
 0.300144 0.407528 -0.127857 
 0.270704 0.408674 -0.124600 
 0.241265 0.409820 -0.121343 
 0.214112 0.409122 -0.098322 
 0.184635 0.410270 -0.095061 
 0.152946 0.413257 -0.111572 
 0.123506 0.414403 -0.108314 
 0.089794 0.419224 -0.144618 
 0.066725 0.414859 -0.082016 
 0.035187 0.417840 -0.098543 
 0.005747 0.418986 -0.095286 
 -0.023692 0.420132 -0.092029 
 -0.053132 0.421278 -0.088772 
 -0.080662 0.420595 -0.065710 
 -0.110140 0.421742 -0.062448 
 -0.139617 0.422889 -0.059187 
 -0.169095 0.424037 -0.055926 
 -0.200330 0.427007 -0.072486 
 -0.233211 0.431795 -0.108882 
 -0.262575 0.432938 -0.105633 
 -0.295228 0.437717 -0.142053 
 -0.324517 0.438857 -0.138813 
 -0.353805 0.439997 -0.135572 
 -0.383094 0.441137 -0.132332 
 -0.415370 0.445902 -0.168794 
 -0.444582 0.447039 -0.165562 
 -0.473795 0.448176 -0.162330 
 -0.504389 0.451121 -0.178963 
 -0.532221 0.450449 -0.155866 
 -0.558825 0.447976 -0.112890 
 -0.588113 0.449116 -0.109649 
 -0.614944 0.446652 -0.066648 
 -0.644308 0.447795 -0.063400 
 -0.671365 0.445339 -0.020373 
 -0.700805 0.446485 -0.017115 
 -0.730244 0.447631 -0.013858 
 0.781882 0.334095 0.096831 
 0.740202 0.342887 0.021387 
 0.710384 0.344047 0.024686 
 0.677714 0.347111 0.008287 
 0.642305 0.352074 -0.027823 
 0.607048 0.357030 -0.063949 
 0.577419 0.358184 -0.060671 
 0.542388 0.363132 -0.096822 
 0.512835 0.364282 -0.093553 
 0.478031 0.369221 -0.129730 
 0.448553 0.370368 -0.126469 
 0.419076 0.371515 -0.123208 
 0.387086 0.374553 -0.139682 
 0.360121 0.373810 -0.116685 
 0.330643 0.374957 -0.113424 
 0.301166 0.376104 -0.110162 
 0.271689 0.377252 -0.106901 
 0.242211 0.378399 -0.103640 
 0.212734 0.379546 -0.100379 
 0.183256 0.380693 -0.097117 
 0.151569 0.383719 -0.113625 
 0.122129 0.384865 -0.110368 
 0.092690 0.386011 -0.107111 
 0.065346 0.385282 -0.084072 
 0.033810 0.388302 -0.100597 
 0.004371 0.389448 -0.097340 
 -0.025069 0.390594 -0.094082 
 -0.054509 0.391739 -0.090825 
 -0.082041 0.391019 -0.067766 
 -0.111518 0.392166 -0.064504 
 -0.140996 0.393313 -0.061243 
 -0.170473 0.394460 -0.057982 
 -0.201707 0.397468 -0.074540 
 -0.231147 0.398614 -0.071283 
 -0.263948 0.403475 -0.107682 
 -0.296598 0.408331 -0.144096 
 -0.325887 0.409471 -0.140856 
 -0.355175 0.410610 -0.137615 
 -0.387523 0.415454 -0.174063 
 -0.416736 0.416591 -0.170831 
 -0.445949 0.417728 -0.167599 
 -0.476578 0.420712 -0.184225 
 -0.505753 0.421848 -0.180998 
 -0.533587 0.421139 -0.157903 
 -0.560195 0.418590 -0.114933 
 -0.589483 0.419730 -0.111692 
 -0.618772 0.420870 -0.108452 
 -0.645681 0.418332 -0.065448 
 -0.672742 0.415801 -0.022426 
 -0.702182 0.416947 -0.019169 
 -0.731621 0.418092 -0.015912 
 0.774553 0.307917 0.055374 
 0.738807 0.312969 0.019307 
 0.714766 0.310244 0.061989 
 0.676321 0.317231 0.006210 
 0.646542 0.318390 0.009505 
 0.611212 0.323426 -0.026609 
 0.576033 0.328456 -0.062738 
 0.546405 0.329609 -0.059460 
 0.511453 0.334630 -0.095614 
 0.476652 0.339645 -0.131786 
 0.447175 0.340792 -0.128525 
 0.417697 0.341939 -0.125264 
 0.388220 0.343087 -0.122003 
 0.358742 0.344234 -0.118741 
 0.329265 0.345381 -0.115480 
 0.299787 0.346528 -0.112219 
 0.270310 0.347676 -0.108957 
 0.240833 0.348823 -0.105696 
 0.215923 0.346132 -0.062918 
 0.181878 0.351117 -0.099174 
 0.152400 0.352265 -0.095912 
 0.122923 0.353412 -0.092651 
 0.093445 0.354559 -0.089390 
 0.068157 0.351883 -0.046570 
 0.034490 0.356854 -0.082867 
 0.005013 0.358001 -0.079606 
 -0.026446 0.361056 -0.096136 
 -0.053942 0.360295 -0.073083 
 -0.083420 0.361443 -0.069822 
 -0.109161 0.358784 -0.026952 
 -0.138714 0.359934 -0.023682 
 -0.168267 0.361084 -0.020412 
 -0.201329 0.366032 -0.056777 
 -0.230807 0.367179 -0.053516 
 -0.261963 0.370222 -0.070079 
 -0.294685 0.375156 -0.106481 
 -0.327256 0.380084 -0.142899 
 -0.356545 0.381224 -0.139658 
 -0.388889 0.386143 -0.176101 
 -0.418102 0.387280 -0.172869 
 -0.447315 0.388417 -0.169637 
 -0.477942 0.391440 -0.186261 
 -0.507117 0.392575 -0.183033 
 -0.534954 0.391828 -0.159941 
 -0.561564 0.389203 -0.116976 
 -0.590853 0.390343 -0.113735 
 -0.620141 0.391483 -0.110495 
 -0.647055 0.388870 -0.067496 
 -0.676419 0.390013 -0.064248 
 -0.703558 0.387408 -0.021223 
 -0.732998 0.388554 -0.017965 
 0.821048 0.264851 0.168039 
 0.785003 0.269990 0.132010 
 0.754959 0.271159 0.135334 
 0.713368 0.280251 0.059903 
 0.677778 0.285373 0.023825 
 0.647960 0.286533 0.027124 
 0.609823 0.293622 -0.028681 
 0.580118 0.294779 -0.025394 
 0.550414 0.295935 -0.022108 
 0.515390 0.301034 -0.058249 
 0.480518 0.306128 -0.094406 
 0.445796 0.311216 -0.130581 
 0.416319 0.312363 -0.127320 
 0.386841 0.313511 -0.124059 
 0.362306 0.310729 -0.081327 
 0.327886 0.315805 -0.117536 
 0.303200 0.313029 -0.074788 
 0.273646 0.314179 -0.071519 
 0.244093 0.315330 -0.068249 
 0.214540 0.316480 -0.064979 
 0.184987 0.317630 -0.061710 
 0.155434 0.318780 -0.058440 
 0.125881 0.319930 -0.055170 
 0.096328 0.321081 -0.051901 
 0.066775 0.322231 -0.048631 
 0.033112 0.327278 -0.084923 
 0.003634 0.328425 -0.081662 
 -0.025843 0.329572 -0.078401 
 -0.055321 0.330719 -0.075139 
 -0.080990 0.327982 -0.032283 
 -0.106811 0.325250 0.010590 
 -0.136439 0.326403 0.013868 
 -0.166068 0.327556 0.017146 
 -0.195697 0.328709 0.020424 
 -0.228755 0.333733 -0.015935 
 -0.261663 0.338750 -0.052310 
 -0.296059 0.345694 -0.108529 
 -0.325423 0.346836 -0.105281 
 -0.357915 0.351838 -0.141701 
 -0.387203 0.352977 -0.138461 
 -0.419468 0.357970 -0.174907 
 -0.448681 0.359107 -0.171675 
 -0.477894 0.360244 -0.168443 
 -0.508482 0.363302 -0.185068 
 -0.536320 0.362518 -0.161979 
 -0.562934 0.359817 -0.119019 
 -0.589700 0.357122 -0.076042 
 -0.619064 0.358265 -0.072793 
 -0.648428 0.359408 -0.069545 
 -0.677792 0.360550 -0.066296 
 -0.704935 0.357870 -0.023276 
 -0.734375 0.359016 -0.020019 
 0.882953 0.230259 0.178938 
 0.849759 0.233458 0.162606 
 0.819639 0.234630 0.165938 
 0.783598 0.239845 0.129914 
 0.747709 0.245054 0.093875 
 0.717740 0.246221 0.097191 
 0.682077 0.251421 0.061125 
 0.646565 0.256616 0.025044 
 0.613976 0.259791 0.008645 
 0.578729 0.264975 -0.027466 
 0.554417 0.262109 0.015235 
 0.519321 0.267287 -0.020894 
 0.484376 0.272460 -0.057037 
 0.454748 0.273613 -0.053759 
 0.420030 0.278777 -0.089928 
 0.390477 0.279927 -0.086659 
 0.360924 0.281077 -0.083389 
 0.331370 0.282227 -0.080119 
 0.301817 0.283377 -0.076850 
 0.272264 0.284527 -0.073580 
 0.242711 0.285678 -0.070310 
 0.213158 0.286828 -0.067041 
 0.183605 0.287978 -0.063771 
 0.154052 0.289128 -0.060501 
 0.124499 0.290278 -0.057232 
 0.094946 0.291429 -0.053962 
 0.065393 0.292579 -0.050692 
 0.035840 0.293729 -0.047423 
 0.006287 0.294879 -0.044153 
 -0.027222 0.299996 -0.080457 
 -0.052819 0.297180 -0.037614 
 -0.078568 0.294369 0.005245 
 -0.108196 0.295522 0.008523 
 -0.134172 0.292721 0.051406 
 -0.163876 0.293877 0.054693 
 -0.197082 0.298982 0.018357 
 -0.226711 0.300135 0.021635 
 -0.259690 0.305231 -0.014726 
 -0.297432 0.316231 -0.110578 
 -0.326796 0.317374 -0.107329 
 -0.359284 0.322451 -0.143744 
 -0.388573 0.323591 -0.140504 
 -0.417861 0.324731 -0.137264 
 -0.450047 0.329796 -0.173713 
 -0.479260 0.330933 -0.170481 
 -0.508473 0.332070 -0.167249 
 -0.537686 0.333207 -0.164017 
 -0.564304 0.330430 -0.121062 
 -0.593592 0.331570 -0.117821 
 -0.620437 0.328802 -0.074842 
 -0.649801 0.329945 -0.071593 
 -0.676872 0.327186 -0.028587 
 -0.706312 0.328332 -0.025330 
 -0.732539 0.323634 0.037588 
 -0.762092 0.324784 0.040858 
 0.881542 0.200001 0.176835 
 0.851385 0.201175 0.180171 
 0.821227 0.202348 0.183508 
 0.788110 0.205581 0.167169 
 0.752149 0.210870 0.131143 
 0.716338 0.216152 0.095100 
 0.680679 0.221428 0.059040 
 0.645171 0.226699 0.022964 
 0.615353 0.227859 0.026263 
 0.582804 0.231070 0.009863 
 0.553024 0.232229 0.013157 
 0.517932 0.237484 -0.022966 
 0.488227 0.238640 -0.019679 
 0.453362 0.243885 -0.055826 
 0.418647 0.249125 -0.091990 
 0.389094 0.250275 -0.088720 
 0.359541 0.251425 -0.085450 
 0.334847 0.248498 -0.042714 
 0.305219 0.249651 -0.039436 
 0.275590 0.250804 -0.036158 
 0.245962 0.251957 -0.032880 
 0.216333 0.253110 -0.029602 
 0.186704 0.254263 -0.026324 
 0.157076 0.255416 -0.023046 
 0.127447 0.256570 -0.019768 
 0.097818 0.257723 -0.016490 
 0.068190 0.258876 -0.013212 
 0.038561 0.260029 -0.009934 
 0.008933 0.261182 -0.006656 
 -0.020696 0.262335 -0.003378 
 -0.046448 0.259449 0.039475 
 -0.076152 0.260605 0.042762 
 -0.102131 0.257728 0.085641 
 -0.131911 0.258887 0.088936 
 -0.165265 0.264073 0.052621 
 -0.194969 0.265229 0.055907 
 -0.224674 0.266385 0.059194 
 -0.261072 0.275579 -0.016788 
 -0.298805 0.286769 -0.112626 
 -0.328169 0.287912 -0.109377 
 -0.357533 0.289055 -0.106128 
 -0.389943 0.294204 -0.142547 
 -0.419231 0.295344 -0.139307 
 -0.448520 0.296484 -0.136066 
 -0.477808 0.297624 -0.132826 
 -0.509839 0.302759 -0.169286 
 -0.536385 0.299904 -0.126345 
 -0.565674 0.301044 -0.123105 
 -0.594962 0.302184 -0.119864 
 -0.621810 0.299340 -0.076890 
 -0.651174 0.300483 -0.073641 
 -0.678249 0.297648 -0.030640 
 -0.707689 0.298794 -0.027383 
 -0.733921 0.293982 0.035527 
 -0.763474 0.295132 0.038796 
 0.840877 0.177217 0.119075 
 0.810832 0.178386 0.122399 
 0.780788 0.179555 0.125723 
 0.750744 0.180725 0.129047 
 0.714937 0.186083 0.093010 
 0.684968 0.187249 0.096326 
 0.649388 0.192598 0.060262 
 0.613959 0.197942 0.024183 
 0.581411 0.201191 0.007785 
 0.551631 0.202350 0.011080 
 0.521852 0.203509 0.014375 
 0.486838 0.208836 -0.021751 
 0.451976 0.214157 -0.057893 
 0.422348 0.215310 -0.054615 
 0.387712 0.220623 -0.090781 
 0.358159 0.221773 -0.087512 
 0.328606 0.222923 -0.084242 
 0.303833 0.219923 -0.041503 
 0.278909 0.216929 0.001253 
 0.244576 0.222229 -0.034947 
 0.219500 0.219241 0.007826 
 0.185319 0.224535 -0.028391 
 0.155690 0.225689 -0.025113 
 0.126061 0.226842 -0.021835 
 0.096433 0.227995 -0.018557 
 0.066804 0.229148 -0.015279 
 0.037176 0.230301 -0.012001 
 0.007547 0.231454 -0.008723 
 -0.018133 0.228489 0.034117 
 -0.043964 0.225530 0.076975 
 -0.073744 0.226689 0.080269 
 -0.101663 0.225794 0.103357 
 -0.131481 0.226954 0.106656 
 -0.161298 0.228114 0.109955 
 -0.191116 0.229275 0.113254 
 -0.220933 0.230435 0.116553 
 -0.250751 0.231596 0.119852 
 -0.296910 0.253215 -0.075036 
 -0.326350 0.254361 -0.071779 
 -0.355790 0.255506 -0.068522 
 -0.388271 0.260735 -0.104928 
 -0.417635 0.261878 -0.101679 
 -0.446999 0.263021 -0.098431 
 -0.476363 0.264164 -0.095182 
 -0.505727 0.265307 -0.091933 
 -0.535091 0.266449 -0.088684 
 -0.564455 0.267592 -0.085436 
 -0.593819 0.268735 -0.082187 
 -0.623183 0.269878 -0.078938 
 -0.652548 0.271021 -0.075689 
 -0.679626 0.268110 -0.032694 
 -0.709065 0.269256 -0.029437 
 -0.738505 0.270402 -0.026180 
 -0.764856 0.265480 0.036735 
 0.839472 0.147072 0.116979 
 0.809427 0.148241 0.120303 
 0.779383 0.149411 0.123627 
 0.749339 0.150580 0.126951 
 0.713535 0.156014 0.090919 
 0.683567 0.157180 0.094235 
 0.647990 0.162605 0.058177 
 0.612564 0.168024 0.022104 
 0.582747 0.169185 0.025402 
 0.552929 0.170345 0.028701 
 0.520459 0.173629 0.012298 
 0.485449 0.179032 -0.023823 
 0.455745 0.180189 -0.020537 
 0.420962 0.185583 -0.056681 
 0.386330 0.190971 -0.092843 
 0.361705 0.187889 -0.050125 
 0.332076 0.189042 -0.046847 
 0.307224 0.185969 -0.004105 
 0.277520 0.187125 -0.000819 
 0.247815 0.188281 0.002468 
 0.222661 0.185220 0.045245 
 0.188407 0.190593 0.009040 
 0.158703 0.191749 0.012327 
 0.128999 0.192905 0.015613 
 0.099294 0.194061 0.018900 
 0.069590 0.195218 0.022186 
 0.043982 0.192174 0.065013 
 0.016213 0.191234 0.088082 
 -0.015577 0.194492 0.071603 
 -0.043422 0.193555 0.094680 
 -0.073240 0.194716 0.097979 
 -0.099339 0.191691 0.140859 
 -0.129233 0.192854 0.144166 
 -0.159126 0.194018 0.147474 
 -0.189019 0.195181 0.150781 
 -0.218912 0.196345 0.154088 
 -0.252146 0.201679 0.117772 
 -0.281963 0.202839 0.121071 
 -0.326132 0.222740 -0.054013 
 -0.357166 0.225968 -0.070575 
 -0.386606 0.227114 -0.067318 
 -0.419008 0.232416 -0.103728 
 -0.448372 0.233559 -0.100479 
 -0.477736 0.234701 -0.097230 
 -0.507100 0.235844 -0.093981 
 -0.536465 0.236987 -0.090733 
 -0.565829 0.238130 -0.087484 
 -0.595193 0.239273 -0.084235 
 -0.624557 0.240416 -0.080986 
 -0.651563 0.237426 -0.038004 
 -0.681003 0.238572 -0.034747 
 -0.710442 0.239718 -0.031490 
 -0.739882 0.240863 -0.028233 
 0.838067 0.116927 0.114884 
 0.814005 0.113747 0.157534 
 0.777978 0.119266 0.121532 
 0.747934 0.120435 0.124856 
 0.712134 0.125945 0.088829 
 0.682165 0.127111 0.092145 
 0.646592 0.132612 0.056092 
 0.616699 0.133776 0.059399 
 0.581352 0.139268 0.023323 
 0.551535 0.140428 0.026622 
 0.519066 0.143750 0.010220 
 0.489286 0.144909 0.013515 
 0.454356 0.150385 -0.022609 
 0.424652 0.151541 -0.019323 
 0.384948 0.161319 -0.094904 
 0.365243 0.153853 -0.012750 
 0.335539 0.155009 -0.009463 
 0.310608 0.151863 0.033283 
 0.280828 0.153022 0.036578 
 0.253359 0.152033 0.059611 
 0.223541 0.153193 0.062910 
 0.198194 0.150064 0.105701 
 0.163906 0.155514 0.069507 
 0.134089 0.156675 0.072806 
 0.104271 0.157835 0.076105 
 0.074453 0.158996 0.079404 
 0.044636 0.160156 0.082703 
 0.014818 0.161317 0.086002 
 -0.014999 0.162477 0.089301 
 -0.040951 0.159371 0.132159 
 -0.070844 0.160534 0.135467 
 -0.100737 0.161698 0.138774 
 -0.130631 0.162861 0.142081 
 -0.160524 0.164025 0.145389 
 -0.190417 0.165188 0.148696 
 -0.220310 0.166352 0.152003 
 -0.253540 0.171761 0.115692 
 -0.283358 0.172922 0.118991 
 -0.327511 0.193164 -0.056069 
 -0.356988 0.194311 -0.052807 
 -0.387983 0.197576 -0.069372 
 -0.417422 0.198722 -0.066115 
 -0.446862 0.199867 -0.062858 
 -0.476302 0.201013 -0.059601 
 -0.508474 0.206382 -0.096030 
 -0.537838 0.207525 -0.092781 
 -0.564621 0.204451 -0.049829 
 -0.596566 0.209810 -0.086283 
 -0.623500 0.206742 -0.043315 
 -0.652940 0.207888 -0.040058 
 -0.681240 0.206931 -0.016933 
 -0.710718 0.208078 -0.013672 
 -0.740195 0.209226 -0.010411 
 0.842716 0.082354 0.152101 
 0.812596 0.083526 0.155433 
 0.776573 0.089121 0.119436 
 0.746528 0.090290 0.122760 
 0.710732 0.095876 0.086739 
 0.680763 0.097042 0.090054 
 0.645194 0.102619 0.054007 
 0.615301 0.103782 0.057314 
 0.585407 0.104946 0.060621 
 0.555514 0.106109 0.063929 
 0.520323 0.111671 0.027841 
 0.490505 0.112832 0.031139 
 0.458114 0.116189 0.014732 
 0.423262 0.121737 -0.021395 
 0.388562 0.127280 -0.057537 
 0.358933 0.128433 -0.054259 
 0.341417 0.118634 0.047634 
 0.311600 0.119795 0.050933 
 0.281782 0.120955 0.054232 
 0.256583 0.117743 0.097001 
 0.226689 0.118907 0.100309 
 0.196796 0.120070 0.103616 
 0.162512 0.125597 0.067428 
 0.132694 0.126758 0.070726 
 0.102877 0.127918 0.074025 
 0.073059 0.129079 0.077324 
 0.047330 0.125888 0.120152 
 0.017437 0.127051 0.123460 
 -0.012456 0.128214 0.126767 
 -0.042349 0.129378 0.130074 
 -0.068455 0.126201 0.172945 
 -0.098424 0.127368 0.176261 
 -0.128393 0.128534 0.179577 
 -0.158362 0.129701 0.182892 
 -0.188330 0.130867 0.186208 
 -0.218299 0.132033 0.189523 
 -0.256601 0.144005 0.093806 
 -0.296154 0.158122 -0.021764 
 -0.328889 0.163588 -0.058125 
 -0.358367 0.164735 -0.054864 
 -0.389360 0.168038 -0.071425 
 -0.418799 0.169184 -0.068168 
 -0.448239 0.170329 -0.064911 
 -0.477679 0.171475 -0.061654 
 -0.509847 0.176920 -0.098078 
 -0.539211 0.178062 -0.094829 
 -0.565998 0.174912 -0.051883 
 -0.595437 0.176058 -0.048626 
 -0.623664 0.175061 -0.025512 
 -0.653141 0.176208 -0.022251 
 -0.682619 0.177355 -0.018989 
 -0.709897 0.174224 0.024011 
 -0.739450 0.175374 0.027281 
 0.841307 0.052133 0.150000 
 0.805212 0.057807 0.114016 
 0.769268 0.063474 0.078017 
 0.739299 0.064640 0.081333 
 0.709331 0.065807 0.084648 
 0.679362 0.066973 0.087964 
 0.643796 0.072626 0.051922 
 0.613903 0.073789 0.055229 
 0.584009 0.074953 0.058536 
 0.554116 0.076116 0.061844 
 0.518928 0.081754 0.025761 
 0.489111 0.082914 0.029060 
 0.459293 0.084075 0.032358 
 0.426941 0.087468 0.015950 
 0.397162 0.088627 0.019245 
 0.369840 0.087556 0.042255 
 0.344864 0.084260 0.084994 
 0.314971 0.085423 0.088302 
 0.285078 0.086587 0.091609 
 0.259799 0.083302 0.134383 
 0.229831 0.084469 0.137698 
 0.199862 0.085635 0.141014 
 0.165505 0.091241 0.104838 
 0.135612 0.092404 0.108145 
 0.105719 0.093567 0.111453 
 0.079987 0.090301 0.154277 
 0.050018 0.091467 0.157592 
 0.020049 0.092633 0.160908 
 -0.013854 0.098221 0.124682 
 -0.039888 0.094966 0.167539 
 -0.066074 0.091717 0.210412 
 -0.099826 0.097299 0.174170 
 -0.129794 0.098465 0.177486 
 -0.159763 0.099631 0.180802 
 -0.193213 0.105202 0.144525 
 -0.223106 0.106365 0.147833 
 -0.257994 0.114126 0.091729 
 -0.297536 0.128470 -0.023825 
 -0.327089 0.129620 -0.020556 
 -0.359745 0.135159 -0.056920 
 -0.389223 0.136306 -0.053658 
 -0.420176 0.139645 -0.070222 
 -0.449616 0.140791 -0.066965 
 -0.479055 0.141937 -0.063708 
 -0.511220 0.147457 -0.100126 
 -0.540584 0.148600 -0.096877 
 -0.567374 0.145374 -0.053936 
 -0.596814 0.146520 -0.050679 
 -0.625042 0.145484 -0.027568 
 -0.654520 0.146632 -0.024307 
 -0.683997 0.147779 -0.021046 
 -0.713475 0.148926 -0.017784 
 -0.742952 0.150073 -0.014523 
 0.797835 0.032239 0.072611 
 0.767867 0.033405 0.075926 
 0.737898 0.034571 0.079242 
 0.707929 0.035738 0.082558 
 0.677960 0.036904 0.085873 
 0.642398 0.042633 0.049837 
 0.612505 0.043796 0.053144 
 0.582611 0.044959 0.056451 
 0.552718 0.046123 0.059758 
 0.522825 0.047286 0.063066 
 0.492932 0.048450 0.066373 
 0.450188 0.060974 -0.028825 
 0.420484 0.062130 -0.025539 
 0.398263 0.056479 0.036876 
 0.373359 0.053103 0.079602 
 0.348304 0.049734 0.122345 
 0.323098 0.046371 0.165105 
 0.293053 0.047540 0.168429 
 0.263009 0.048709 0.171753 
 0.232965 0.049879 0.175077 
 0.202920 0.051048 0.178401 
 0.168492 0.056732 0.142239 
 0.138523 0.057899 0.145555 
 0.108554 0.059065 0.148871 
 0.082743 0.055725 0.191697 
 0.052699 0.056895 0.195021 
 0.022654 0.058064 0.198345 
 -0.007390 0.059233 0.201669 
 -0.037434 0.060403 0.204993 
 -0.063699 0.057080 0.247870 
 -0.093819 0.058253 0.251202 
 -0.127567 0.063911 0.214965 
 -0.161165 0.069562 0.178711 
 -0.194611 0.075209 0.142440 
 -0.224504 0.076372 0.145748 
 -0.257723 0.082009 0.109453 
 -0.289166 0.085405 0.092946 
 -0.325296 0.095500 0.017002 
 -0.358024 0.101118 -0.019348 
 -0.387577 0.102268 -0.016078 
 -0.420079 0.107878 -0.052453 
 -0.449556 0.109025 -0.049192 
 -0.480432 0.112399 -0.065761 
 -0.509872 0.113545 -0.062504 
 -0.539312 0.114690 -0.059247 
 -0.567466 0.113614 -0.036147 
 -0.598191 0.116982 -0.052733 
 -0.626421 0.115908 -0.029624 
 -0.653555 0.112620 0.013349 
 -0.683108 0.113770 0.016619 
 -0.712661 0.114920 0.019888 
 -0.744331 0.120497 -0.016579 
 0.796434 0.002170 0.070520 
 0.766465 0.003336 0.073836 
 0.736496 0.004502 0.077152 
 0.706528 0.005669 0.080467 
 0.676559 0.006835 0.083783 
 0.646590 0.008001 0.087099 
 0.611107 0.013803 0.051059 
 0.581213 0.014966 0.054366 
 0.551320 0.016130 0.057673 
 0.521427 0.017293 0.060980 
 0.491534 0.018456 0.064288 
 0.461641 0.019620 0.067595 
 0.431748 0.020783 0.070902 
 0.401854 0.021947 0.074210 
 0.371961 0.023110 0.077517 
 0.351737 0.015057 0.159685 
 0.326451 0.011620 0.202448 
 0.291648 0.017395 0.166333 
 0.266211 0.013965 0.209113 
 0.236092 0.015137 0.212445 
 0.205972 0.016309 0.215777 
 0.175852 0.017482 0.219110 
 0.141426 0.023242 0.182953 
 0.111382 0.024411 0.186277 
 0.085492 0.020998 0.229107 
 0.055372 0.022171 0.232439 
 0.025252 0.023343 0.235772 
 -0.004868 0.024515 0.239104 
 -0.034988 0.025687 0.242436 
 -0.065108 0.026860 0.245769 
 -0.095228 0.028032 0.249101 
 -0.128973 0.033766 0.212869 
 -0.162566 0.039493 0.176621 
 -0.196009 0.045215 0.140355 
 -0.225902 0.046379 0.143662 
 -0.259118 0.052092 0.107373 
 -0.290559 0.055526 0.090869 
 -0.326682 0.065772 0.014935 
 -0.356310 0.066925 0.018213 
 -0.388959 0.072616 -0.018139 
 -0.418513 0.073767 -0.014870 
 -0.450935 0.079449 -0.051248 
 -0.481809 0.082861 -0.067815 
 -0.511249 0.084006 -0.064558 
 -0.540688 0.085152 -0.061301 
 -0.568845 0.084038 -0.038203 
 -0.598322 0.085185 -0.034942 
 -0.627800 0.086332 -0.031681 
 -0.654937 0.082968 0.011288 
 -0.684490 0.084118 0.014557 
 -0.714043 0.085269 0.017827 
 -0.743596 0.086419 0.021096 
 0.765063 -0.026733 0.071746 
 0.735095 -0.025567 0.075061 
 0.705126 -0.024400 0.078377 
 0.675157 -0.023234 0.081692 
 0.645188 -0.022068 0.085008 
 0.609709 -0.016190 0.048973 
 0.579815 -0.015027 0.052281 
 0.549922 -0.013863 0.055588 
 0.520029 -0.012700 0.058895 
 0.490136 -0.011537 0.062203 
 0.460243 -0.010373 0.065510 
 0.430350 -0.009210 0.068817 
 0.400456 -0.008046 0.072124 
 0.375470 -0.011570 0.114849 
 0.350332 -0.015088 0.157589 
 0.320287 -0.013919 0.160913 
 0.290243 -0.012750 0.164237 
 0.264803 -0.016256 0.207012 
 0.234683 -0.015084 0.210344 
 0.204563 -0.013911 0.213676 
 0.174443 -0.012739 0.217009 
 0.144323 -0.011567 0.220341 
 0.114203 -0.010395 0.223674 
 0.084083 -0.009222 0.227006 
 0.053963 -0.008050 0.230338 
 0.023844 -0.006878 0.233671 
 -0.006276 -0.005705 0.237003 
 -0.036396 -0.004533 0.240335 
 -0.066516 -0.003361 0.243668 
 -0.096636 -0.002189 0.247000 
 -0.133999 0.008258 0.171215 
 -0.167514 0.014059 0.134963 
 -0.197407 0.015222 0.138270 
 -0.230695 0.021014 0.101994 
 -0.262172 0.024487 0.085497 
 -0.291952 0.025646 0.088792 
 -0.328068 0.036045 0.012868 
 -0.357696 0.037198 0.016146 
 -0.390342 0.042964 -0.020201 
 -0.419895 0.044115 -0.016931 
 -0.452313 0.049873 -0.053304 
 -0.481791 0.051020 -0.050043 
 -0.511268 0.052167 -0.046782 
 -0.540746 0.053314 -0.043521 
 -0.570223 0.054462 -0.040259 
 -0.599701 0.055609 -0.036998 
 -0.626766 0.052166 0.005956 
 -0.656319 0.053316 0.009226 
 -0.685872 0.054466 0.012496 
 -0.715425 0.055617 0.015765 
 -0.744978 0.056767 0.019035 
 0.763662 -0.056802 0.069655 
 0.733693 -0.055636 0.072971 
 0.703724 -0.054469 0.076286 
 0.673756 -0.053303 0.079602 
 0.643787 -0.052137 0.082918 
 0.608311 -0.046184 0.046888 
 0.578417 -0.045020 0.050196 
 0.548524 -0.043857 0.053503 
 0.518631 -0.042693 0.056810 
 0.488738 -0.041530 0.060117 
 0.458845 -0.040366 0.063425 
 0.428952 -0.039203 0.066732 
 0.399058 -0.038040 0.070039 
 0.369165 -0.036876 0.073347 
 0.344099 -0.040473 0.116074 
 0.318882 -0.044064 0.158817 
 0.284162 -0.038140 0.122705 
 0.263394 -0.046476 0.204911 
 0.228749 -0.040556 0.168789 
 0.198705 -0.039386 0.172113 
 0.173034 -0.042960 0.214908 
 0.142915 -0.041787 0.218240 
 0.112795 -0.040615 0.221573 
 0.084748 -0.041810 0.244652 
 0.052555 -0.038271 0.228237 
 0.022435 -0.037098 0.231570 
 -0.005725 -0.038289 0.254662 
 -0.037805 -0.034754 0.238234 
 -0.067925 -0.033582 0.241567 
 -0.105432 -0.022977 0.165809 
 -0.139019 -0.017098 0.129570 
 -0.172454 -0.011224 0.093316 
 -0.202272 -0.010064 0.096615 
 -0.232089 -0.008903 0.099914 
 -0.266880 -0.000691 0.043832 
 -0.296585 0.000465 0.047118 
 -0.329453 0.006317 0.010802 
 -0.359082 0.007470 0.014080 
 -0.388710 0.008623 0.017358 
 -0.418339 0.009776 0.020636 
 -0.450830 0.015613 -0.015723 
 -0.483169 0.021444 -0.052099 
 -0.512647 0.022591 -0.048838 
 -0.542124 0.023738 -0.045577 
 -0.571602 0.024886 -0.042315 
 -0.598595 0.021364 0.000625 
 -0.628148 0.022514 0.003895 
 -0.657701 0.023664 0.007165 
 -0.687254 0.024814 0.010434 
 -0.716807 0.025965 0.013704 
 -0.746360 0.027115 0.016974 
 0.762260 -0.086871 0.067565 
 0.732292 -0.085705 0.070880 
 0.702323 -0.084538 0.074196 
 0.672354 -0.083372 0.077512 
 0.642385 -0.082206 0.080827 
 0.606913 -0.076177 0.044803 
 0.577019 -0.075013 0.048110 
 0.547126 -0.073850 0.051418 
 0.517233 -0.072686 0.054725 
 0.487340 -0.071523 0.058032 
 0.457447 -0.070360 0.061340 
 0.427554 -0.069196 0.064647 
 0.397660 -0.068033 0.067954 
 0.367767 -0.066869 0.071261 
 0.342698 -0.070542 0.113984 
 0.312729 -0.069376 0.117299 
 0.287433 -0.073039 0.160046 
 0.261986 -0.076697 0.202810 
 0.227344 -0.070701 0.166694 
 0.201746 -0.074353 0.209474 
 0.171626 -0.073180 0.212807 
 0.141506 -0.072008 0.216139 
 0.113496 -0.073242 0.239212 
 0.083338 -0.072068 0.242549 
 0.051146 -0.068491 0.226136 
 0.021026 -0.067319 0.229469 
 -0.009094 -0.066147 0.232801 
 -0.039214 -0.064975 0.236133 
 -0.069333 -0.063802 0.239466 
 -0.110523 -0.048254 0.124178 
 -0.144031 -0.042302 0.087937 
 -0.175618 -0.038749 0.071458 
 -0.205398 -0.037590 0.074753 
 -0.238565 -0.031650 0.038474 
 -0.268270 -0.030494 0.041760 
 -0.301210 -0.024564 0.005457 
 -0.330839 -0.023411 0.008735 
 -0.360467 -0.022258 0.012013 
 -0.390096 -0.021105 0.015291 
 -0.422659 -0.015189 -0.021054 
 -0.452212 -0.014039 -0.017784 
 -0.481765 -0.012889 -0.014515 
 -0.511318 -0.011739 -0.011245 
 -0.540871 -0.010588 -0.007975 
 -0.570424 -0.009438 -0.004706 
 -0.599977 -0.008288 -0.001436 
 -0.629530 -0.007138 0.001834 
 -0.659083 -0.005988 0.005103 
 -0.690890 -0.000101 -0.031326 
 -0.720368 0.001046 -0.028065 
 -0.749845 0.002193 -0.024804 
 0.760859 -0.116940 0.065474 
 0.730890 -0.115774 0.068790 
 0.700921 -0.114607 0.072105 
 0.670953 -0.113441 0.075421 
 0.635408 -0.107333 0.039411 
 0.605515 -0.106170 0.042718 
 0.575621 -0.105006 0.046025 
 0.545728 -0.103843 0.049333 
 0.515835 -0.102680 0.052640 
 0.480744 -0.096590 0.016580 
 0.450926 -0.095429 0.019879 
 0.426156 -0.099189 0.062562 
 0.396262 -0.098026 0.065869 
 0.366369 -0.096863 0.069176 
 0.336476 -0.095699 0.072483 
 0.311328 -0.099445 0.115209 
 0.281359 -0.098278 0.118524 
 0.255983 -0.102015 0.161274 
 0.225939 -0.100845 0.164598 
 0.195895 -0.099676 0.167922 
 0.170217 -0.103401 0.210706 
 0.140097 -0.102229 0.214038 
 0.109977 -0.101057 0.217371 
 0.079857 -0.099884 0.220703 
 0.049738 -0.098712 0.224035 
 0.015629 -0.092660 0.187866 
 -0.014416 -0.091491 0.191190 
 -0.040622 -0.095195 0.234032 
 -0.082028 -0.079411 0.118785 
 -0.115608 -0.073380 0.082558 
 -0.145426 -0.072219 0.085857 
 -0.177011 -0.068628 0.069381 
 -0.210250 -0.062610 0.033115 
 -0.239955 -0.061454 0.036402 
 -0.272967 -0.055445 0.000112 
 -0.302596 -0.054292 0.003390 
 -0.332224 -0.053139 0.006668 
 -0.364935 -0.047141 -0.029655 
 -0.391482 -0.050833 0.013224 
 -0.424041 -0.044841 -0.023115 
 -0.453594 -0.043691 -0.019846 
 -0.483147 -0.042541 -0.016576 
 -0.512700 -0.041391 -0.013307 
 -0.542253 -0.040240 -0.010037 
 -0.571806 -0.039090 -0.006767 
 -0.601359 -0.037940 -0.003498 
 -0.630912 -0.036790 -0.000228 
 -0.658139 -0.040454 0.042726 
 -0.690018 -0.034489 0.006311 
 -0.719571 -0.033339 0.009581 
 -0.751224 -0.027383 -0.026860 
 0.765332 -0.152038 0.102670 
 0.735288 -0.150869 0.105994 
 0.699520 -0.144676 0.070015 
 0.669551 -0.143510 0.073331 
 0.634010 -0.137326 0.037326 
 0.604117 -0.136163 0.040633 
 0.574223 -0.135000 0.043940 
 0.544330 -0.133836 0.047247 
 0.509167 -0.127667 0.011201 
 0.479349 -0.126507 0.014500 
 0.449532 -0.125347 0.017799 
 0.424758 -0.129183 0.060476 
 0.389897 -0.123026 0.024397 
 0.360079 -0.121865 0.027696 
 0.335078 -0.125692 0.070398 
 0.305185 -0.124529 0.073706 
 0.275292 -0.123365 0.077013 
 0.249988 -0.127181 0.119750 
 0.220020 -0.126014 0.123065 
 0.190051 -0.124848 0.126381 
 0.164445 -0.128652 0.169150 
 0.134401 -0.127482 0.172474 
 0.104357 -0.126313 0.175798 
 0.078449 -0.130105 0.218602 
 0.044268 -0.123974 0.182446 
 0.014224 -0.122805 0.185770 
 -0.019730 -0.116683 0.149590 
 -0.049699 -0.115517 0.152906 
 -0.083426 -0.109404 0.116700 
 -0.117002 -0.103297 0.080479 
 -0.148624 -0.099667 0.064009 
 -0.181935 -0.093570 0.027757 
 -0.211639 -0.092414 0.031043 
 -0.241344 -0.091258 0.034330 
 -0.274353 -0.085173 -0.001954 
 -0.303981 -0.084020 0.001324 
 -0.336764 -0.077944 -0.034986 
 -0.366317 -0.076793 -0.031716 
 -0.392867 -0.080560 0.011158 
 -0.425423 -0.074493 -0.025177 
 -0.454976 -0.073343 -0.021907 
 -0.484529 -0.072193 -0.018638 
 -0.514082 -0.071042 -0.015368 
 -0.543635 -0.069892 -0.012098 
 -0.570639 -0.073641 0.030826 
 -0.602741 -0.067592 -0.005559 
 -0.629896 -0.071335 0.037382 
 -0.659525 -0.070182 0.040660 
 -0.689154 -0.069029 0.043938 
 -0.718782 -0.067876 0.047216 
 0.763927 -0.182183 0.100574 
 0.733883 -0.181013 0.103898 
 0.698118 -0.174745 0.067925 
 0.668149 -0.173579 0.071240 
 0.632612 -0.167320 0.035240 
 0.602718 -0.166156 0.038548 
 0.572825 -0.164993 0.041855 
 0.542932 -0.163829 0.045162 
 0.507772 -0.157585 0.009121 
 0.477955 -0.156424 0.012420 
 0.448137 -0.155264 0.015719 
 0.423359 -0.159176 0.058391 
 0.388502 -0.152943 0.022317 
 0.358684 -0.151782 0.025616 
 0.328867 -0.150622 0.028915 
 0.299049 -0.149461 0.032214 
 0.269232 -0.148301 0.035513 
 0.244000 -0.152195 0.078235 
 0.214107 -0.151032 0.081542 
 0.184214 -0.149868 0.084850 
 0.158681 -0.153751 0.127606 
 0.132996 -0.157627 0.170379 
 0.102952 -0.156458 0.173703 
 0.072907 -0.155289 0.177027 
 0.042863 -0.154119 0.180351 
 0.008837 -0.147919 0.144184 
 -0.021132 -0.146752 0.147500 
 -0.054931 -0.140561 0.111308 
 -0.088579 -0.134375 0.075100 
 -0.118397 -0.133215 0.078399 
 -0.150016 -0.129546 0.061932 
 -0.183324 -0.123373 0.025685 
 -0.213029 -0.122217 0.028971 
 -0.246110 -0.116054 -0.007299 
 -0.275738 -0.114900 -0.004021 
 -0.308593 -0.108746 -0.040317 
 -0.338146 -0.107595 -0.037047 
 -0.367699 -0.106445 -0.033778 
 -0.394253 -0.110288 0.009091 
 -0.426805 -0.104145 -0.027238 
 -0.456358 -0.102995 -0.023969 
 -0.485911 -0.101845 -0.020699 
 -0.515464 -0.100694 -0.017429 
 -0.545017 -0.099544 -0.014160 
 -0.572025 -0.103369 0.028759 
 -0.604123 -0.097244 -0.007620 
 -0.631282 -0.101063 0.035315 
 -0.660911 -0.099910 0.038593 
 -0.690539 -0.098757 0.041871 
 -0.720168 -0.097604 0.045149 
 0.762522 -0.212328 0.098479 
 0.732478 -0.211158 0.101803 
 0.696717 -0.204814 0.065834 
 0.666748 -0.203648 0.069150 
 0.631214 -0.197313 0.033155 
 0.601320 -0.196149 0.036462 
 0.571427 -0.194986 0.039770 
 0.536195 -0.188663 0.003743 
 0.506378 -0.187502 0.007042 
 0.476560 -0.186342 0.010340 
 0.446743 -0.185181 0.013639 
 0.416925 -0.184021 0.016938 
 0.384627 -0.180288 0.000549 
 0.354847 -0.179129 0.003844 
 0.325068 -0.177970 0.007139 
 0.295288 -0.176811 0.010433 
 0.267837 -0.178218 0.033433 
 0.238020 -0.177058 0.036732 
 0.208202 -0.175897 0.040031 
 0.182816 -0.179861 0.082764 
 0.152923 -0.178698 0.086072 
 0.127310 -0.182653 0.128831 
 0.097342 -0.181487 0.132147 
 0.067373 -0.180321 0.135463 
 0.037404 -0.179154 0.138778 
 0.007435 -0.177988 0.142094 
 -0.026436 -0.171717 0.105915 
 -0.056329 -0.170554 0.109223 
 -0.089974 -0.164292 0.073020 
 -0.121629 -0.160584 0.056560 
 -0.151409 -0.159425 0.059855 
 -0.184714 -0.153177 0.023613 
 -0.217867 -0.146934 -0.012644 
 -0.247496 -0.145781 -0.009366 
 -0.277124 -0.144628 -0.006088 
 -0.309975 -0.138398 -0.042378 
 -0.339528 -0.137247 -0.039109 
 -0.369081 -0.136097 -0.035839 
 -0.398634 -0.134947 -0.032569 
 -0.428187 -0.133797 -0.029300 
 -0.457740 -0.132647 -0.026030 
 -0.487293 -0.131496 -0.022760 
 -0.516846 -0.130346 -0.019491 
 -0.543782 -0.134250 0.023414 
 -0.573410 -0.133097 0.026692 
 -0.603039 -0.131944 0.029970 
 -0.632668 -0.130791 0.033248 
 -0.662296 -0.129637 0.036526 
 -0.689685 -0.133524 0.079481 
 -0.721554 -0.127331 0.043082 
 -0.751182 -0.126178 0.046360 
 0.761117 -0.242472 0.096383 
 0.725284 -0.236050 0.060428 
 0.695315 -0.234883 0.063744 
 0.665346 -0.233717 0.067059 
 0.629816 -0.227306 0.031070 
 0.599922 -0.226143 0.034377 
 0.570029 -0.224979 0.037685 
 0.534801 -0.218580 0.001663 
 0.504983 -0.217420 0.004962 
 0.472574 -0.213644 -0.011412 
 0.442794 -0.212485 -0.008117 
 0.413014 -0.211326 -0.004823 
 0.383234 -0.210167 -0.001528 
 0.348573 -0.203790 -0.037614 
 0.318869 -0.202634 -0.034327 
 0.289164 -0.201478 -0.031041 
 0.259460 -0.200322 -0.027755 
 0.229756 -0.199166 -0.024468 
 0.200052 -0.198010 -0.021182 
 0.174776 -0.202054 0.021535 
 0.144996 -0.200895 0.024830 
 0.125909 -0.212722 0.126741 
 0.095940 -0.211556 0.130057 
 0.065971 -0.210390 0.133372 
 0.036003 -0.209223 0.136688 
 0.006034 -0.208057 0.140003 
 -0.027834 -0.201711 0.103830 
 -0.057727 -0.200547 0.107137 
 -0.091368 -0.194210 0.070940 
 -0.123022 -0.190464 0.054483 
 -0.156399 -0.184137 0.018255 
 -0.189624 -0.177815 -0.017989 
 -0.219253 -0.176662 -0.014711 
 -0.248881 -0.175509 -0.011433 
 -0.281804 -0.169200 -0.047709 
 -0.311357 -0.168049 -0.044440 
 -0.340910 -0.166899 -0.041170 
 -0.370463 -0.165749 -0.037901 
 -0.400016 -0.164599 -0.034631 
 -0.426653 -0.168590 0.008235 
 -0.459122 -0.162299 -0.028092 
 -0.488675 -0.161148 -0.024822 
 -0.515539 -0.165131 0.018070 
 -0.545167 -0.163978 0.021348 
 -0.574796 -0.162825 0.024626 
 -0.604425 -0.161672 0.027904 
 -0.634053 -0.160518 0.031182 
 -0.661370 -0.164483 0.074123 
 -0.691074 -0.163327 0.077409 
 -0.720779 -0.162171 0.080696 
 -0.750483 -0.161015 0.083982 
 0.759712 -0.272617 0.094287 
 0.723882 -0.266119 0.058338 
 0.693914 -0.264952 0.061653 
 0.663945 -0.263786 0.064969 
 0.628418 -0.257299 0.028985 
 0.598524 -0.256136 0.032292 
 0.563224 -0.249658 -0.003716 
 0.533407 -0.248497 -0.000417 
 0.503589 -0.247337 0.002882 
 0.471181 -0.243524 -0.013489 
 0.441401 -0.242365 -0.010195 
 0.411622 -0.241206 -0.006900 
 0.376888 -0.234750 -0.042972 
 0.347184 -0.233593 -0.039686 
 0.317480 -0.232437 -0.036399 
 0.287775 -0.231281 -0.033113 
 0.258071 -0.230125 -0.029827 
 0.228367 -0.228969 -0.026540 
 0.198663 -0.227813 -0.023254 
 0.173383 -0.231933 0.019458 
 0.145778 -0.233411 0.042469 
 0.115960 -0.232251 0.045768 
 0.090341 -0.236357 0.088516 
 0.060447 -0.235194 0.091823 
 0.030554 -0.234031 0.095130 
 0.000661 -0.232867 0.098438 
 -0.029232 -0.231704 0.101745 
 -0.059125 -0.230540 0.105052 
 -0.092763 -0.224127 0.068860 
 -0.124415 -0.220343 0.052405 
 -0.157788 -0.213940 0.016183 
 -0.191010 -0.207543 -0.020055 
 -0.220638 -0.206390 -0.016777 
 -0.250267 -0.205237 -0.013499 
 -0.283186 -0.198852 -0.049771 
 -0.312739 -0.197701 -0.046501 
 -0.342292 -0.196551 -0.043232 
 -0.371845 -0.195401 -0.039962 
 -0.401398 -0.194251 -0.036692 
 -0.430952 -0.193101 -0.033423 
 -0.460505 -0.191950 -0.030153 
 -0.490058 -0.190800 -0.026883 
 -0.519611 -0.189650 -0.023614 
 -0.546553 -0.193706 0.019281 
 -0.576182 -0.192552 0.022559 
 -0.605810 -0.191399 0.025837 
 -0.633055 -0.195443 0.068765 
 -0.662759 -0.194287 0.072051 
 -0.690231 -0.198322 0.115005 
 -0.720011 -0.197163 0.118300 
 -0.751872 -0.190819 0.081910 
 0.758307 -0.302762 0.092192 
 0.722481 -0.296188 0.056247 
 0.692512 -0.295021 0.059563 
 0.662543 -0.293855 0.062878 
 0.627020 -0.287292 0.026900 
 0.597126 -0.286129 0.030207 
 0.561830 -0.279575 -0.005796 
 0.532012 -0.278415 -0.002497 
 0.502194 -0.277254 0.000802 
 0.469788 -0.273403 -0.015567 
 0.440009 -0.272244 -0.012272 
 0.410229 -0.271085 -0.008977 
 0.375499 -0.264553 -0.045044 
 0.345795 -0.263397 -0.041758 
 0.311291 -0.256874 -0.077848 
 0.281663 -0.255721 -0.074570 
 0.252034 -0.254568 -0.071292 
 0.222406 -0.253415 -0.068014 
 0.192777 -0.252262 -0.064736 
 0.167569 -0.256461 -0.022039 
 0.142211 -0.260654 0.020675 
 0.114566 -0.262168 0.043688 
 0.084748 -0.261007 0.046987 
 0.059049 -0.265187 0.089738 
 0.029156 -0.264024 0.093045 
 -0.000737 -0.262860 0.096352 
 -0.030630 -0.261697 0.099660 
 -0.064340 -0.255205 0.063481 
 -0.096028 -0.251382 0.047033 
 -0.125807 -0.250223 0.050328 
 -0.162767 -0.238424 -0.025400 
 -0.192395 -0.237271 -0.022122 
 -0.222024 -0.236118 -0.018844 
 -0.255015 -0.229654 -0.055102 
 -0.284568 -0.228503 -0.051832 
 -0.314121 -0.227353 -0.048563 
 -0.343674 -0.226203 -0.045293 
 -0.373228 -0.225053 -0.042023 
 -0.402781 -0.223903 -0.038754 
 -0.432334 -0.222753 -0.035484 
 -0.461887 -0.221602 -0.032214 
 -0.491440 -0.220452 -0.028945 
 -0.520993 -0.219302 -0.025675 
 -0.550546 -0.218152 -0.022406 
 -0.580099 -0.217002 -0.019136 
 -0.607196 -0.221127 0.023770 
 -0.634444 -0.225247 0.066693 
 -0.664149 -0.224091 0.069979 
 -0.693853 -0.222934 0.073265 
 -0.721403 -0.227042 0.116223 
 -0.751183 -0.225883 0.119517 
 0.762755 -0.338391 0.129352 
 0.726857 -0.331738 0.093420 
 0.691110 -0.325090 0.057472 
 0.661142 -0.323924 0.060788 
 0.625622 -0.317286 0.024814 
 0.595728 -0.316122 0.028122 
 0.560435 -0.309492 -0.007876 
 0.530618 -0.308332 -0.004577 
 0.500800 -0.307172 -0.001278 
 0.468396 -0.303282 -0.017644 
 0.433518 -0.296669 -0.053689 
 0.403814 -0.295513 -0.050402 
 0.369163 -0.288908 -0.086471 
 0.339534 -0.287755 -0.083193 
 0.309906 -0.286602 -0.079915 
 0.280277 -0.285449 -0.076637 
 0.250649 -0.284296 -0.073359 
 0.221020 -0.283143 -0.070081 
 0.191391 -0.281989 -0.066803 
 0.166180 -0.286264 -0.024111 
 0.140818 -0.290533 0.018598 
 0.111038 -0.289374 0.021893 
 0.083354 -0.290925 0.044907 
 0.053536 -0.289764 0.048206 
 0.027758 -0.294017 0.090960 
 -0.002135 -0.292854 0.094267 
 -0.035917 -0.286283 0.058102 
 -0.065734 -0.285122 0.061401 
 -0.097420 -0.281261 0.044956 
 -0.127200 -0.280102 0.048251 
 -0.164152 -0.268152 -0.027467 
 -0.193781 -0.266999 -0.024189 
 -0.226844 -0.260456 -0.060433 
 -0.256397 -0.259306 -0.057163 
 -0.285951 -0.258155 -0.053894 
 -0.315504 -0.257005 -0.050624 
 -0.345057 -0.255855 -0.047355 
 -0.374610 -0.254705 -0.044085 
 -0.404163 -0.253555 -0.040815 
 -0.433716 -0.252404 -0.037546 
 -0.463269 -0.251254 -0.034276 
 -0.492822 -0.250104 -0.031006 
 -0.522375 -0.248954 -0.027737 
 -0.551928 -0.247804 -0.024467 
 -0.578953 -0.252008 0.018425 
 -0.606129 -0.256206 0.061334 
 -0.633457 -0.260399 0.104261 
 -0.665538 -0.253894 0.067907 
 -0.695242 -0.252738 0.071193 
 -0.724946 -0.251582 0.074480 
 -0.752576 -0.255763 0.117440 
 0.761347 -0.368612 0.127251 
 0.719678 -0.356326 0.052066 
 0.689709 -0.355159 0.055382 
 0.654117 -0.348442 0.019422 
 0.624223 -0.347279 0.022729 
 0.594330 -0.346115 0.026037 
 0.559041 -0.339410 -0.009956 
 0.529223 -0.338249 -0.006657 
 0.496783 -0.334321 -0.023016 
 0.467003 -0.333162 -0.019721 
 0.432129 -0.326472 -0.055761 
 0.402425 -0.325316 -0.052474 
 0.367777 -0.318636 -0.088538 
 0.338149 -0.317483 -0.085260 
 0.308520 -0.316330 -0.081982 
 0.278891 -0.315177 -0.078704 
 0.249263 -0.314023 -0.075426 
 0.219634 -0.312870 -0.072148 
 0.190006 -0.311717 -0.068870 
 0.160377 -0.310564 -0.065592 
 0.135087 -0.314912 -0.022897 
 0.109645 -0.319254 0.019816 
 0.079866 -0.318095 0.023110 
 0.052142 -0.319682 0.046126 
 0.022324 -0.318521 0.049425 
 -0.007493 -0.317361 0.052724 
 -0.037311 -0.316200 0.056023 
 -0.069033 -0.312300 0.039584 
 -0.098813 -0.311141 0.042879 
 -0.132251 -0.304507 0.006680 
 -0.165538 -0.297880 -0.029533 
 -0.195167 -0.296726 -0.026255 
 -0.228227 -0.290108 -0.062495 
 -0.257780 -0.288958 -0.059225 
 -0.287333 -0.287807 -0.055955 
 -0.316886 -0.286657 -0.052686 
 -0.346439 -0.285507 -0.049416 
 -0.375992 -0.284357 -0.046146 
 -0.405545 -0.283207 -0.042877 
 -0.435098 -0.282056 -0.039607 
 -0.464651 -0.280906 -0.036337 
 -0.494204 -0.279756 -0.033068 
 -0.523757 -0.278606 -0.029798 
 -0.553310 -0.277456 -0.026528 
 -0.580339 -0.281736 0.016359 
 -0.609967 -0.280583 0.019637 
 -0.637223 -0.284854 0.062549 
 -0.666927 -0.283698 0.065835 
 -0.696631 -0.282542 0.069121 
 -0.726335 -0.281386 0.072408 
 -0.753968 -0.285642 0.115363 
 0.759938 -0.398832 0.125150 
 0.718276 -0.386395 0.049976 
 0.688307 -0.385228 0.053292 
 0.652719 -0.378435 0.017337 
 0.622825 -0.377272 0.020644 
 0.592932 -0.376109 0.023951 
 0.557646 -0.369327 -0.012036 
 0.525170 -0.365359 -0.028388 
 0.495390 -0.364200 -0.025093 
 0.460444 -0.357432 -0.061119 
 0.430740 -0.356276 -0.057833 
 0.401035 -0.355120 -0.054546 
 0.366392 -0.348364 -0.090604 
 0.336763 -0.347211 -0.087326 
 0.307134 -0.346057 -0.084048 
 0.277506 -0.344904 -0.080770 
 0.247877 -0.343751 -0.077492 
 0.218249 -0.342598 -0.074214 
 0.188620 -0.341445 -0.070936 
 0.158991 -0.340292 -0.067658 
 0.133698 -0.344715 -0.024969 
 0.103993 -0.343559 -0.021683 
 0.078473 -0.347974 0.021033 
 0.048693 -0.346815 0.024328 
 0.020930 -0.348438 0.047345 
 -0.008888 -0.347278 0.050644 
 -0.040646 -0.343338 0.034212 
 -0.070426 -0.342179 0.037507 
 -0.103936 -0.335467 0.001322 
 -0.133640 -0.334311 0.004608 
 -0.166924 -0.327607 -0.031600 
 -0.200056 -0.320910 -0.067826 
 -0.229609 -0.319760 -0.064556 
 -0.259162 -0.318609 -0.061286 
 -0.288715 -0.317459 -0.058017 
 -0.318268 -0.316309 -0.054747 
 -0.347821 -0.315159 -0.051477 
 -0.377374 -0.314009 -0.048208 
 -0.406927 -0.312859 -0.044938 
 -0.436480 -0.311708 -0.041668 
 -0.466033 -0.310558 -0.038399 
 -0.495586 -0.309408 -0.035129 
 -0.525139 -0.308258 -0.031860 
 -0.554692 -0.307108 -0.028590 
 -0.581724 -0.311463 0.014292 
 -0.611353 -0.310310 0.017570 
 -0.638612 -0.314657 0.060477 
 -0.670610 -0.308004 0.024126 
 -0.700239 -0.306851 0.027404 
 -0.729867 -0.305698 0.030682 
 0.716875 -0.416464 0.047885 
 0.686906 -0.415297 0.051201 
 0.656937 -0.414131 0.054517 
 0.621427 -0.407265 0.018559 
 0.591534 -0.406102 0.021866 
 0.556252 -0.399245 -0.014116 
 0.523777 -0.395239 -0.030465 
 0.493997 -0.394080 -0.027170 
 0.459055 -0.387236 -0.063191 
 0.429350 -0.386080 -0.059905 
 0.399646 -0.384924 -0.056618 
 0.365006 -0.378091 -0.092671 
 0.335377 -0.376938 -0.089393 
 0.305749 -0.375785 -0.086115 
 0.276120 -0.374632 -0.082837 
 0.241858 -0.367815 -0.118932 
 0.216863 -0.372326 -0.076281 
 0.187234 -0.371173 -0.073003 
 0.157606 -0.370020 -0.069725 
 0.127977 -0.368866 -0.066447 
 0.102604 -0.373363 -0.023755 
 0.077080 -0.377853 0.018956 
 0.047300 -0.376694 0.022251 
 0.017521 -0.375535 0.025545 
 -0.010282 -0.377195 0.048564 
 -0.042039 -0.373217 0.032135 
 -0.071819 -0.372058 0.035429 
 -0.105325 -0.365270 -0.000750 
 -0.135029 -0.364114 0.002536 
 -0.168309 -0.357335 -0.033667 
 -0.201438 -0.350562 -0.069887 
 -0.230991 -0.349412 -0.066617 
 -0.260544 -0.348261 -0.063348 
 -0.290097 -0.347111 -0.060078 
 -0.319650 -0.345961 -0.056808 
 -0.349203 -0.344811 -0.053539 
 -0.381803 -0.338058 -0.089819 
 -0.408309 -0.342510 -0.047000 
 -0.437862 -0.341360 -0.043730 
 -0.467415 -0.340210 -0.040460 
 -0.496968 -0.339060 -0.037191 
 -0.526521 -0.337910 -0.033921 
 -0.556074 -0.336759 -0.030651 
 -0.583110 -0.341191 0.012225 
 -0.612739 -0.340038 0.015503 
 -0.642367 -0.338885 0.018781 
 -0.674286 -0.332159 -0.017573 
 -0.703839 -0.331008 -0.014303 
 -0.733393 -0.329858 -0.011033 
 0.715473 -0.446533 0.045795 
 0.685504 -0.445366 0.049111 
 0.655535 -0.444200 0.052426 
 0.620029 -0.437258 0.016474 
 0.590136 -0.436095 0.019781 
 0.554857 -0.429162 -0.016195 
 0.522384 -0.425118 -0.032542 
 0.492605 -0.423959 -0.029248 
 0.457665 -0.417039 -0.065263 
 0.427961 -0.415883 -0.061977 
 0.398257 -0.414727 -0.058690 
 0.363620 -0.407819 -0.094738 
 0.333992 -0.406666 -0.091460 
 0.304363 -0.405513 -0.088182 
 0.270029 -0.398617 -0.124263 
 0.240476 -0.397467 -0.120993 
 0.210923 -0.396316 -0.117724 
 0.185849 -0.400900 -0.075070 
 0.156220 -0.399747 -0.071792 
 0.126591 -0.398594 -0.068514 
 0.101215 -0.403166 -0.025827 
 0.071511 -0.402010 -0.022540 
 0.041807 -0.400854 -0.019254 
 0.016128 -0.405415 0.023468 
 -0.013652 -0.404256 0.026763 
 -0.047306 -0.397386 -0.009395 
 -0.077010 -0.396230 -0.006108 
 -0.106714 -0.395074 -0.002822 
 -0.136419 -0.393918 0.000464 
 -0.169695 -0.387063 -0.035734 
 -0.199323 -0.385910 -0.032456 
 -0.228952 -0.384756 -0.029178 
 -0.258581 -0.383603 -0.025900 
 -0.291479 -0.376763 -0.062140 
 -0.321032 -0.375613 -0.058870 
 -0.350585 -0.374463 -0.055600 
 -0.380138 -0.373313 -0.052331 
 -0.409691 -0.372162 -0.049061 
 -0.439244 -0.371012 -0.045791 
 -0.468797 -0.369862 -0.042522 
 -0.498350 -0.368712 -0.039252 
 -0.527903 -0.367562 -0.035982 
 -0.557456 -0.366411 -0.032713 
 -0.584496 -0.370919 0.010158 
 -0.614124 -0.369766 0.013437 
 -0.643753 -0.368613 0.016715 
 -0.675669 -0.361811 -0.019634 
 -0.705222 -0.360660 -0.016365 
 -0.734775 -0.359510 -0.013095 
 0.684103 -0.475436 0.047020 
 0.654134 -0.474269 0.050336 
 0.618631 -0.467251 0.014389 
 0.588738 -0.466088 0.017696 
 0.558845 -0.464925 0.021003 
 0.523645 -0.457919 -0.014976 
 0.491212 -0.453839 -0.031325 
 0.456276 -0.446843 -0.067335 
 0.426572 -0.445687 -0.064049 
 0.396868 -0.444531 -0.060762 
 0.362235 -0.437547 -0.096805 
 0.332606 -0.436394 -0.093527 
 0.302978 -0.435241 -0.090249 
 0.268647 -0.428269 -0.126324 
 0.239094 -0.427118 -0.123055 
 0.209541 -0.425968 -0.119785 
 0.179988 -0.424818 -0.116515 
 0.150435 -0.423668 -0.113246 
 0.125206 -0.428322 -0.070580 
 0.095577 -0.427169 -0.067302 
 0.065949 -0.426016 -0.064024 
 0.040417 -0.430658 -0.021326 
 0.010713 -0.429502 -0.018040 
 -0.018991 -0.428346 -0.014753 
 -0.048695 -0.427190 -0.011467 
 -0.078399 -0.426034 -0.008180 
 -0.108104 -0.424877 -0.004894 
 -0.137808 -0.423721 -0.001608 
 -0.171080 -0.416791 -0.037800 
 -0.200709 -0.415637 -0.034522 
 -0.233755 -0.408715 -0.070740 
 -0.259966 -0.413331 -0.027966 
 -0.292861 -0.406415 -0.064201 
 -0.322414 -0.405265 -0.060931 
 -0.351967 -0.404115 -0.057662 
 -0.381520 -0.402964 -0.054392 
 -0.411073 -0.401814 -0.051122 
 -0.440626 -0.400664 -0.047853 
 -0.470179 -0.399514 -0.044583 
 -0.499732 -0.398364 -0.041314 
 -0.529285 -0.397213 -0.038044 
 -0.556253 -0.401800 0.004814 
 -0.583371 -0.406380 0.047688 
 -0.615510 -0.399494 0.011370 
 -0.645139 -0.398340 0.014648 
 -0.679334 -0.385738 -0.061318 
 -0.708812 -0.384590 -0.058057 
 0.682701 -0.505505 0.044930 
 0.652732 -0.504338 0.048245 
 0.617233 -0.497245 0.012303 
 0.587340 -0.496081 0.015611 
 0.557447 -0.494918 0.018918 
 0.522251 -0.487836 -0.017056 
 0.492433 -0.486676 -0.013757 
 0.454887 -0.476646 -0.069407 
 0.425183 -0.475490 -0.066121 
 0.395479 -0.474334 -0.062834 
 0.360849 -0.467275 -0.098871 
 0.326371 -0.460221 -0.134925 
 0.296818 -0.459071 -0.131655 
 0.267265 -0.457921 -0.128386 
 0.237712 -0.456770 -0.125116 
 0.208159 -0.455620 -0.121847 
 0.178605 -0.454470 -0.118577 
 0.149052 -0.453320 -0.115307 
 0.119499 -0.452170 -0.112038 
 0.094192 -0.456897 -0.069369 
 0.064563 -0.455743 -0.066091 
 0.034934 -0.454590 -0.062813 
 0.009324 -0.459305 -0.020112 
 -0.020380 -0.458149 -0.016825 
 -0.050084 -0.456993 -0.013539 
 -0.079789 -0.455837 -0.010252 
 -0.109493 -0.454681 -0.006966 
 -0.139197 -0.453525 -0.003680 
 -0.168901 -0.452369 -0.000393 
 -0.202095 -0.445365 -0.036589 
 -0.231723 -0.444212 -0.033311 
 -0.261352 -0.443059 -0.030033 
 -0.294243 -0.436067 -0.066262 
 -0.323796 -0.434917 -0.062993 
 -0.353349 -0.433766 -0.059723 
 -0.382902 -0.432616 -0.056454 
 -0.412455 -0.431466 -0.053184 
 -0.442008 -0.430316 -0.049914 
 -0.468752 -0.434987 -0.007087 
 -0.498381 -0.433834 -0.003809 
 -0.528010 -0.432681 -0.000531 
 -0.557638 -0.431528 0.002747 
 -0.584760 -0.436184 0.045616 
 -0.616896 -0.429221 0.009303 
 -0.646524 -0.428068 0.012581 
 -0.676153 -0.426915 0.015859 
 -0.710190 -0.414167 -0.060113 
 0.681300 -0.535574 0.042839 
 0.651331 -0.534407 0.046155 
 0.621362 -0.533241 0.049471 
 0.591393 -0.532074 0.052786 
 0.556049 -0.524911 0.016833 
 0.520856 -0.517753 -0.019136 
 0.491039 -0.516593 -0.015837 
 0.453498 -0.506450 -0.071479 
 0.418721 -0.499309 -0.107494 
 0.389092 -0.498156 -0.104216 
 0.354542 -0.491023 -0.140256 
 0.324989 -0.489873 -0.136987 
 0.295436 -0.488723 -0.133717 
 0.265883 -0.487573 -0.130447 
 0.236329 -0.486422 -0.127178 
 0.206776 -0.485272 -0.123908 
 0.177223 -0.484122 -0.120638 
 0.147670 -0.482972 -0.117369 
 0.122434 -0.487777 -0.074714 
 0.092806 -0.486624 -0.071436 
 0.063177 -0.485471 -0.068158 
 0.037639 -0.490265 -0.025470 
 0.007935 -0.489109 -0.022184 
 -0.021769 -0.487953 -0.018897 
 -0.051474 -0.486797 -0.015611 
 -0.081178 -0.485641 -0.012324 
 -0.110882 -0.484485 -0.009038 
 -0.140586 -0.483328 -0.005752 
 -0.170290 -0.482172 -0.002465 
 -0.203480 -0.475093 -0.038656 
 -0.233109 -0.473940 -0.035378 
 -0.262738 -0.472787 -0.032100 
 -0.292366 -0.471633 -0.028822 
 -0.321995 -0.470480 -0.025544 
 -0.354731 -0.463418 -0.061785 
 -0.384284 -0.462268 -0.058515 
 -0.413837 -0.461118 -0.055245 
 -0.440509 -0.465868 -0.012432 
 -0.470138 -0.464715 -0.009154 
 -0.499767 -0.463562 -0.005876 
 -0.529395 -0.462408 -0.002598 
 -0.559024 -0.461255 0.000680 
 -0.588653 -0.460102 0.003958 
 -0.618281 -0.458949 0.007236 
 -0.647910 -0.457796 0.010514 
 -0.677538 -0.456643 0.013792 
 0.649929 -0.564476 0.044064 
 0.619960 -0.563310 0.047380 
 0.589992 -0.562143 0.050696 
 0.560023 -0.560977 0.054011 
 0.524758 -0.553741 0.018055 
 0.489644 -0.546510 -0.017917 
 0.452109 -0.536254 -0.073551 
 0.417335 -0.529037 -0.109561 
 0.387706 -0.527883 -0.106283 
 0.353160 -0.520675 -0.142318 
 0.323606 -0.519525 -0.139048 
 0.294053 -0.518375 -0.135778 
 0.264500 -0.517224 -0.132509 
 0.234947 -0.516074 -0.129239 
 0.205394 -0.514924 -0.125969 
 0.175841 -0.513774 -0.122700 
 0.146288 -0.512624 -0.119430 
 0.121049 -0.517505 -0.076781 
 0.091420 -0.516352 -0.073503 
 0.061792 -0.515199 -0.070225 
 0.032163 -0.514046 -0.066947 
 0.006546 -0.518913 -0.024256 
 -0.023159 -0.517756 -0.020969 
 -0.052863 -0.516600 -0.017683 
 -0.082567 -0.515444 -0.014396 
 -0.112271 -0.514288 -0.011110 
 -0.141975 -0.513132 -0.007824 
 -0.171680 -0.511976 -0.004537 
 -0.204866 -0.504821 -0.040723 
 -0.234495 -0.503668 -0.037445 
 -0.264123 -0.502514 -0.034166 
 -0.293752 -0.501361 -0.030888 
 -0.323381 -0.500208 -0.027610 
 -0.353009 -0.499055 -0.024332 
 -0.385667 -0.491920 -0.060576 
 -0.412266 -0.496749 -0.017776 
 -0.441895 -0.495596 -0.014498 
 -0.468722 -0.500415 0.028326 
 -0.498426 -0.499259 0.031613 
 -0.528130 -0.498103 0.034899 
 -0.557834 -0.496947 0.038186 
 -0.587539 -0.495791 0.041472 
 -0.617243 -0.494635 0.044758 
 -0.646947 -0.493479 0.048045 
 -0.676651 -0.492323 0.051331 
 0.618559 -0.593379 0.045290 
 0.594034 -0.598364 0.087854 
 0.558621 -0.591046 0.051921 
 0.523360 -0.583734 0.015970 
 0.485641 -0.573356 -0.039634 
 0.450720 -0.566057 -0.075623 
 0.415949 -0.558764 -0.111627 
 0.386321 -0.557611 -0.108349 
 0.351777 -0.550327 -0.144379 
 0.322224 -0.549177 -0.141109 
 0.292671 -0.548027 -0.137840 
 0.263118 -0.546876 -0.134570 
 0.233565 -0.545726 -0.131300 
 0.204012 -0.544576 -0.128031 
 0.174459 -0.543426 -0.124761 
 0.144906 -0.542276 -0.121492 
 0.119663 -0.547233 -0.078847 
 0.090035 -0.546080 -0.075569 
 0.060406 -0.544927 -0.072291 
 0.030777 -0.543774 -0.069013 
 0.005156 -0.548716 -0.026328 
 -0.024548 -0.547560 -0.023041 
 -0.054252 -0.546404 -0.019755 
 -0.083956 -0.545248 -0.016468 
 -0.113660 -0.544092 -0.013182 
 -0.143365 -0.542936 -0.009896 
 -0.173069 -0.541780 -0.006609 
 -0.206252 -0.534548 -0.042789 
 -0.235880 -0.533395 -0.039511 
 -0.265509 -0.532242 -0.036233 
 -0.295138 -0.531089 -0.032955 
 -0.324766 -0.529936 -0.029677 
 -0.354395 -0.528783 -0.026399 
 -0.384023 -0.527630 -0.023121 
 -0.410702 -0.532531 0.019682 
 -0.440407 -0.531375 0.022968 
 -0.470111 -0.530219 0.026254 
 -0.497092 -0.535109 0.069092 
 -0.526872 -0.533950 0.072387 
 -0.556652 -0.532791 0.075682 
 -0.585183 -0.534650 0.098764 
 -0.615001 -0.533490 0.102063 
 -0.648336 -0.523282 0.045973 
 -0.678040 -0.522126 0.049259 
 0.592629 -0.628509 0.085759 
 0.557220 -0.621115 0.049831 
 0.521962 -0.613727 0.013885 
 0.484248 -0.603236 -0.041711 
 0.449330 -0.595861 -0.077695 
 0.414564 -0.588492 -0.113694 
 0.384935 -0.587339 -0.110416 
 0.350395 -0.579979 -0.146441 
 0.320842 -0.578829 -0.143171 
 0.291289 -0.577679 -0.139901 
 0.261736 -0.576528 -0.136632 
 0.232183 -0.575378 -0.133362 
 0.202630 -0.574228 -0.130092 
 0.173077 -0.573078 -0.126823 
 0.143524 -0.571928 -0.123553 
 0.118278 -0.576961 -0.080914 
 0.088649 -0.575807 -0.077636 
 0.059020 -0.574654 -0.074358 
 0.029392 -0.573501 -0.071080 
 -0.000237 -0.572348 -0.067802 
 -0.029866 -0.571195 -0.064524 
 -0.059494 -0.570042 -0.061246 
 -0.085345 -0.575052 -0.018540 
 -0.118751 -0.567736 -0.054690 
 -0.148380 -0.566582 -0.051412 
 -0.174458 -0.571583 -0.008681 
 -0.207637 -0.564276 -0.044856 
 -0.237266 -0.563123 -0.041578 
 -0.266895 -0.561970 -0.038300 
 -0.296523 -0.560817 -0.035022 
 -0.326152 -0.559664 -0.031744 
 -0.352683 -0.564647 0.011037 
 -0.382387 -0.563491 0.014323 
 -0.412092 -0.562335 0.017610 
 -0.441796 -0.561179 0.020896 
 -0.468705 -0.566147 0.063720 
 -0.498485 -0.564988 0.067015 
 -0.528265 -0.563829 0.070310 
 -0.556760 -0.565728 0.093385 
 -0.586578 -0.564567 0.096684 
 -0.616396 -0.563407 0.099983 
 0.585787 -0.652351 0.044424 
 0.550457 -0.644884 0.008492 
 0.515278 -0.637423 -0.027456 
 0.482856 -0.633115 -0.043789 
 0.447941 -0.625664 -0.079767 
 0.413178 -0.618220 -0.115761 
 0.383550 -0.617067 -0.112483 
 0.349013 -0.609631 -0.148502 
 0.319460 -0.608481 -0.145232 
 0.289907 -0.607330 -0.141963 
 0.260354 -0.606180 -0.138693 
 0.226196 -0.598759 -0.174755 
 0.201248 -0.603880 -0.132154 
 0.171695 -0.602730 -0.128884 
 0.142142 -0.601579 -0.125614 
 0.116892 -0.606688 -0.082981 
 0.087263 -0.605535 -0.079703 
 0.057635 -0.604382 -0.076425 
 0.028006 -0.603229 -0.073147 
 -0.001623 -0.602076 -0.069869 
 -0.031251 -0.600923 -0.066591 
 -0.060880 -0.599770 -0.063313 
 -0.090508 -0.598616 -0.060035 
 -0.120137 -0.597463 -0.056757 
 -0.149766 -0.596310 -0.053479 
 -0.179394 -0.595157 -0.050201 
 -0.209023 -0.594004 -0.046923 
 -0.238652 -0.592851 -0.043645 
 -0.268280 -0.591698 -0.040367 
 -0.297909 -0.590545 -0.037089 
 -0.327537 -0.589391 -0.033811 
 -0.354072 -0.594450 0.008965 
 -0.383777 -0.593294 0.012251 
 -0.410538 -0.598345 0.055053 
 -0.440318 -0.597186 0.058348 
 -0.468702 -0.599127 0.081408 
 -0.498520 -0.597966 0.084707 
 -0.528337 -0.596806 0.088006 
 -0.555590 -0.601837 0.130861 
 -0.585483 -0.600673 0.134169 
 -0.615376 -0.599510 0.137476 
 0.584386 -0.682420 0.042334 
 0.549059 -0.674877 0.006407 
 0.513884 -0.667340 -0.029536 
 0.481463 -0.662995 -0.045866 
 0.446552 -0.655468 -0.081839 
 0.411793 -0.647948 -0.117828 
 0.382164 -0.646794 -0.114550 
 0.347631 -0.639283 -0.150563 
 0.318078 -0.638133 -0.147294 
 0.288525 -0.636982 -0.144024 
 0.258972 -0.635832 -0.140754 
 0.229419 -0.634682 -0.137485 
 0.199866 -0.633532 -0.134215 
 0.170313 -0.632382 -0.130946 
 0.145135 -0.637569 -0.088326 
 0.115506 -0.636416 -0.085048 
 0.085878 -0.635263 -0.081769 
 0.056249 -0.634110 -0.078491 
 0.026620 -0.632957 -0.075213 
 -0.003008 -0.631804 -0.071935 
 -0.032637 -0.630651 -0.068657 
 -0.062266 -0.629497 -0.065379 
 -0.091894 -0.628344 -0.062101 
 -0.121523 -0.627191 -0.058823 
 -0.151151 -0.626038 -0.055545 
 -0.177236 -0.631190 -0.012825 
 -0.206941 -0.630034 -0.009539 
 -0.236645 -0.628878 -0.006252 
 -0.266349 -0.627722 -0.002966 
 -0.296053 -0.626566 0.000320 
 -0.325757 -0.625410 0.003607 
 -0.352371 -0.630542 0.046387 
 -0.382151 -0.629383 0.049681 
 -0.410461 -0.631365 0.072731 
 -0.440279 -0.630204 0.076030 
 -0.470097 -0.629044 0.079328 
 -0.497202 -0.634157 0.122162 
 -0.527095 -0.632993 0.125469 
 -0.556988 -0.631830 0.128776 
 -0.586881 -0.630667 0.132084 
 -0.616774 -0.629503 0.135391 
 0.582984 -0.712489 0.040244 
 0.553015 -0.711322 0.043559 
 0.509850 -0.694033 -0.051238 
 0.474867 -0.686428 -0.087197 
 0.445163 -0.685272 -0.083911 
 0.410407 -0.677675 -0.119894 
 0.380778 -0.676522 -0.116616 
 0.346249 -0.668935 -0.152625 
 0.316696 -0.667784 -0.149355 
 0.287143 -0.666634 -0.146086 
 0.257590 -0.665484 -0.142816 
 0.228037 -0.664334 -0.139546 
 0.198484 -0.663184 -0.136277 
 0.173378 -0.668450 -0.093670 
 0.143749 -0.667297 -0.090392 
 0.114121 -0.666144 -0.087114 
 0.084492 -0.664991 -0.083836 
 0.054863 -0.663838 -0.080558 
 0.025235 -0.662685 -0.077280 
 -0.004394 -0.661531 -0.074002 
 -0.034023 -0.660378 -0.070724 
 -0.063651 -0.659225 -0.067446 
 -0.093280 -0.658072 -0.064168 
 -0.122908 -0.656919 -0.060890 
 -0.152537 -0.655766 -0.057612 
 -0.178626 -0.660994 -0.014897 
 -0.208330 -0.659838 -0.011611 
 -0.238034 -0.658682 -0.008324 
 -0.267738 -0.657526 -0.005038 
 -0.297442 -0.656370 -0.001752 
 -0.327147 -0.655214 0.001535 
 -0.353764 -0.660421 0.044309 
 -0.383544 -0.659262 0.047604 
 -0.411856 -0.661282 0.070651 
 -0.441673 -0.660122 0.073950 
 -0.468707 -0.665313 0.116769 
 -0.498600 -0.664150 0.120077 
 -0.528493 -0.662986 0.123384 
 -0.558386 -0.661823 0.126691 
 -0.588279 -0.660660 0.129998 
 -0.618173 -0.659496 0.133306 
 0.581582 -0.742558 0.038153 
 0.551614 -0.741391 0.041469 
 0.511095 -0.727175 -0.033696 
 0.478677 -0.722753 -0.050020 
 0.448898 -0.721594 -0.046726 
 0.409021 -0.707403 -0.121961 
 0.379393 -0.706250 -0.118683 
 0.344867 -0.698587 -0.154686 
 0.315314 -0.697436 -0.151417 
 0.285761 -0.696286 -0.148147 
 0.256208 -0.695136 -0.144877 
 0.226655 -0.693986 -0.141608 
 0.197102 -0.692836 -0.138338 
 0.171992 -0.698178 -0.095737 
 0.142364 -0.697025 -0.092459 
 0.112735 -0.695872 -0.089181 
 0.083106 -0.694718 -0.085903 
 0.053478 -0.693565 -0.082625 
 0.023849 -0.692412 -0.079347 
 -0.005780 -0.691259 -0.076069 
 -0.035408 -0.690106 -0.072791 
 -0.065037 -0.688953 -0.069513 
 -0.094665 -0.687800 -0.066235 
 -0.120606 -0.693110 -0.023542 
 -0.150310 -0.691954 -0.020256 
 -0.180015 -0.690798 -0.016969 
 -0.209719 -0.689641 -0.013683 
 -0.236038 -0.694937 0.029053 
 -0.265817 -0.693778 0.032348 
 -0.295597 -0.692619 0.035643 
 -0.325377 -0.691460 0.038937 
 -0.355157 -0.690301 0.042232 
 -0.383433 -0.692360 0.065272 
 -0.413250 -0.691200 0.068571 
 -0.440212 -0.696470 0.111377 
 -0.470105 -0.695306 0.114684 
 -0.499998 -0.694143 0.117991 
 -0.529891 -0.692980 0.121299 
 -0.559784 -0.691816 0.124606 
 -0.589677 -0.690653 0.127913 
 0.550212 -0.771460 0.039378 
 0.509700 -0.757092 -0.035775 
 0.477285 -0.752633 -0.052098 
 0.442384 -0.744879 -0.088055 
 0.412680 -0.743723 -0.084769 
 0.382976 -0.742567 -0.081482 
 0.348378 -0.734824 -0.117472 
 0.313932 -0.727088 -0.153478 
 0.284379 -0.725938 -0.150208 
 0.254826 -0.724788 -0.146939 
 0.225273 -0.723638 -0.143669 
 0.195720 -0.722487 -0.140400 
 0.170607 -0.727906 -0.097804 
 0.140978 -0.726753 -0.094526 
 0.111349 -0.725599 -0.091248 
 0.081721 -0.724446 -0.087970 
 0.052092 -0.723293 -0.084692 
 0.022463 -0.722140 -0.081414 
 -0.007165 -0.720987 -0.078136 
 -0.036794 -0.719834 -0.074858 
 -0.066422 -0.718681 -0.071580 
 -0.096051 -0.717527 -0.068302 
 -0.121995 -0.722913 -0.025614 
 -0.151700 -0.721757 -0.022328 
 -0.181404 -0.720601 -0.019041 
 -0.207650 -0.725975 0.023681 
 -0.237430 -0.724816 0.026976 
 -0.267210 -0.723657 0.030271 
 -0.296990 -0.722498 0.033565 
 -0.326770 -0.721339 0.036860 
 -0.355010 -0.723438 0.059893 
 -0.384827 -0.722278 0.063192 
 -0.411716 -0.727627 0.105984 
 -0.441610 -0.726463 0.109292 
 -0.471503 -0.725300 0.112599 
 -0.501396 -0.724136 0.115906 
 -0.531289 -0.722973 0.119213 
 -0.561182 -0.721809 0.122521 
 -0.591075 -0.720646 0.125828 
 0.548811 -0.801529 0.037288 
 0.513574 -0.793686 0.001374 
 0.478488 -0.785849 -0.034556 
 0.446112 -0.781353 -0.050880 
 0.411291 -0.773526 -0.086841 
 0.381587 -0.772370 -0.083554 
 0.346993 -0.764552 -0.119538 
 0.317364 -0.763399 -0.116260 
 0.282997 -0.755590 -0.152270 
 0.253444 -0.754440 -0.149000 
 0.223890 -0.753290 -0.145731 
 0.198850 -0.758787 -0.103148 
 0.169221 -0.757633 -0.099870 
 0.139592 -0.756480 -0.096592 
 0.109964 -0.755327 -0.093314 
 0.080335 -0.754174 -0.090036 
 0.050706 -0.753021 -0.086758 
 0.021078 -0.751868 -0.083480 
 -0.008551 -0.750715 -0.080202 
 -0.038179 -0.749561 -0.076924 
 -0.067808 -0.748408 -0.073646 
 -0.093680 -0.753873 -0.030972 
 -0.123385 -0.752717 -0.027686 
 -0.153089 -0.751561 -0.024400 
 -0.179263 -0.757014 0.018309 
 -0.207316 -0.759158 0.041319 
 -0.237134 -0.757997 0.044618 
 -0.266951 -0.756837 0.047916 
 -0.296769 -0.755676 0.051215 
 -0.326587 -0.754516 0.054514 
 -0.353328 -0.759947 0.097285 
 -0.383221 -0.758783 0.100592 
 -0.413114 -0.757620 0.103899 
 -0.443008 -0.756456 0.107206 
 -0.472901 -0.755293 0.110514 
 -0.500096 -0.760706 0.153335 
 -0.530064 -0.759540 0.156651 
 -0.560033 -0.758373 0.159967 
 -0.592473 -0.750639 0.123743 
 0.444719 -0.811233 -0.052957 
 0.409902 -0.803330 -0.088913 
 0.380198 -0.802174 -0.085626 
 0.345607 -0.794280 -0.121605 
 0.315978 -0.793127 -0.118327 
 0.286350 -0.791974 -0.115049 
 0.252061 -0.784092 -0.151062 
 0.222508 -0.782941 -0.147792 
 0.197464 -0.788514 -0.105215 
 0.167835 -0.787361 -0.101937 
 0.138207 -0.786208 -0.098659 
 0.108578 -0.785055 -0.095381 
 0.078949 -0.783902 -0.092103 
 0.049321 -0.782749 -0.088825 
 0.019692 -0.781596 -0.085547 
 -0.009936 -0.780442 -0.082269 
 -0.039565 -0.779289 -0.078991 
 -0.065365 -0.784833 -0.036331 
 -0.095070 -0.783676 -0.033044 
 -0.121097 -0.789211 0.009643 
 -0.150876 -0.788052 0.012937 
 -0.178893 -0.790236 0.035940 
 -0.208711 -0.789075 0.039239 
 -0.235153 -0.794594 0.081970 
 -0.265047 -0.793430 0.085278 
 -0.294940 -0.792267 0.088585 
 -0.324833 -0.791103 0.091892 
 -0.351653 -0.796607 0.134667 
 -0.381622 -0.795441 0.137982 
 -0.411591 -0.794274 0.141298 
 -0.441560 -0.793108 0.144614 
 -0.471528 -0.791942 0.147929 
 -0.501497 -0.790775 0.151245 
 -0.531466 -0.789609 0.154560 
 -0.561435 -0.788442 0.157876 
 0.344221 -0.824008 -0.123672 
 0.314593 -0.822855 -0.120394 
 0.284964 -0.821702 -0.117116 
 0.255335 -0.820548 -0.113838 
 0.225707 -0.819395 -0.110560 
 0.196078 -0.818242 -0.107282 
 0.166450 -0.817089 -0.104004 
 0.136821 -0.815936 -0.100726 
 0.107192 -0.814783 -0.097448 
 0.077564 -0.813630 -0.094170 
 0.047935 -0.812476 -0.090892 
 0.022358 -0.818105 -0.048262 
 -0.007346 -0.816948 -0.044975 
 -0.037050 -0.815792 -0.041689 
 -0.066755 -0.814636 -0.038403 
 -0.092709 -0.820250 0.004271 
 -0.122489 -0.819091 0.007565 
 -0.150470 -0.821313 0.030561 
 -0.180288 -0.820153 0.033860 
 -0.206658 -0.825750 0.076578 
 -0.236551 -0.824587 0.079885 
 -0.266445 -0.823423 0.083192 
 -0.296338 -0.822260 0.086500 
 -0.323086 -0.827842 0.129261 
 -0.353055 -0.826676 0.132576 
 -0.383024 -0.825510 0.135892 
 -0.410075 -0.831080 0.178685 
 -0.442961 -0.823177 0.142523 
 -0.472930 -0.822011 0.145839 
 -0.502899 -0.820844 0.149154 
 -0.532868 -0.819678 0.152470 
 0.135435 -0.845663 -0.102793 
 0.076178 -0.843357 -0.096237 
 0.050673 -0.849064 -0.053620 
 0.020969 -0.847908 -0.050334 
 -0.008735 -0.846752 -0.047047 
 -0.038440 -0.845596 -0.043761 
 -0.064322 -0.851288 -0.001101 
 -0.092229 -0.853552 0.021883 
 -0.122047 -0.852391 0.025182 
 -0.148270 -0.858070 0.067878 
 -0.178163 -0.856907 0.071185 
 -0.208056 -0.855743 0.074493 
 -0.234582 -0.861411 0.117223 
 -0.264550 -0.860244 0.120539 
 -0.294519 -0.859078 0.123854 
 -0.321347 -0.864733 0.166617 
 -0.351391 -0.863564 0.169941 
 -0.381436 -0.862395 0.173265 
 -0.411480 -0.861225 0.176589 
 -0.441524 -0.860056 0.179913 
 -0.474332 -0.852080 0.143748 
 -0.504300 -0.850913 0.147064 
 