0.065549 0.864680 0.150235 
 0.040339 0.873903 0.154269 
 0.134495 0.822084 0.035154 
 0.108761 0.829373 0.058429 
 0.082234 0.834827 0.100989 
 0.055573 0.840330 0.143569 
 0.030363 0.849553 0.147603 
 0.272490 0.732971 0.100592 
 0.247280 0.742195 0.104627 
 0.196859 0.760641 0.112696 
 0.174067 0.777630 0.039760 
 0.148991 0.786804 0.043773 
 0.123915 0.795978 0.047786 
 0.098839 0.805152 0.051799 
 0.072285 0.810541 0.094340 
 0.047142 0.819740 0.098364 
 0.021999 0.828938 0.102388 
 -0.003144 0.838137 0.106412 
 -0.028287 0.847335 0.110435 
 -0.187737 0.888367 0.289118 
 -0.213148 0.897663 0.293185 
 -0.238559 0.906960 0.297252 
 -0.263971 0.916257 0.301318 
 0.286375 0.693292 0.147513 
 0.262515 0.708621 0.093926 
 0.238339 0.721865 0.059526 
 0.213195 0.731064 0.063550 
 0.188052 0.740263 0.067573 
 0.162909 0.749461 0.071597 
 0.139069 0.762583 0.037142 
 0.113992 0.771757 0.041155 
 0.088916 0.780931 0.045168 
 0.062337 0.786255 0.087692 
 0.037194 0.795454 0.091716 
 0.012050 0.804652 0.095739 
 -0.013093 0.813851 0.099763 
 -0.038236 0.823049 0.103787 
 -0.121558 0.835932 0.270199 
 -0.146969 0.845229 0.274266 
 -0.172380 0.854525 0.278333 
 -0.197792 0.863822 0.282399 
 -0.223203 0.873119 0.286466 
 -0.248614 0.882415 0.290532 
 0.480407 0.612092 -0.044825 
 0.455364 0.621254 -0.040818 
 0.430322 0.630415 -0.036810 
 0.404983 0.637448 -0.013632 
 0.379907 0.646622 -0.009619 
 0.354831 0.655796 -0.005606 
 0.329755 0.664970 -0.001593 
 0.303819 0.669984 0.040806 
 0.277749 0.675047 0.083226 
 0.252539 0.684270 0.087260 
 0.228390 0.697580 0.052877 
 0.203247 0.706778 0.056901 
 0.178104 0.715977 0.060925 
 0.152960 0.725175 0.064949 
 0.127817 0.734374 0.068972 
 0.104070 0.747536 0.034524 
 0.078994 0.756710 0.038537 
 0.053918 0.765884 0.042550 
 0.027245 0.771168 0.085067 
 0.002101 0.780367 0.089091 
 -0.023042 0.789565 0.093115 
 -0.048185 0.798764 0.097138 
 -0.076126 0.802274 0.158981 
 -0.101370 0.811510 0.163021 
 -0.131613 0.811387 0.263480 
 -0.157024 0.820684 0.267547 
 -0.182435 0.829981 0.271613 
 -0.207847 0.839277 0.275680 
 -0.233258 0.848574 0.279746 
 -0.258669 0.857870 0.283813 
 -0.284081 0.867167 0.287880 
 0.470498 0.587903 -0.051447 
 0.445455 0.597065 -0.047440 
 0.420137 0.604053 -0.024275 
 0.395061 0.613227 -0.020262 
 0.369985 0.622401 -0.016249 
 0.344909 0.631575 -0.012236 
 0.319833 0.640749 -0.008223 
 0.294757 0.649923 -0.004210 
 0.269681 0.659097 -0.000197 
 0.243584 0.664095 0.042205 
 0.218441 0.673294 0.046229 
 0.193298 0.682493 0.050253 
 0.168155 0.691691 0.054276 
 0.144300 0.704967 0.019868 
 0.119224 0.714141 0.023881 
 0.094148 0.723315 0.027894 
 0.069072 0.732489 0.031907 
 0.043996 0.741663 0.035920 
 0.018920 0.750837 0.039933 
 -0.007847 0.756081 0.082443 
 -0.032991 0.765279 0.086466 
 -0.059959 0.770597 0.129007 
 -0.086115 0.777891 0.152306 
 -0.114297 0.781378 0.214155 
 -0.141668 0.786843 0.256761 
 -0.167079 0.796139 0.260827 
 -0.192490 0.805436 0.264894 
 -0.217902 0.814732 0.268960 
 -0.243313 0.824029 0.273027 
 -0.268724 0.833326 0.277094 
 -0.294136 0.842622 0.281160 
 -0.319547 0.851919 0.285227 
 0.459924 0.557023 -0.000657 
 0.434781 0.566221 0.003367 
 0.410215 0.579832 -0.030906 
 0.385139 0.589006 -0.026893 
 0.360063 0.598180 -0.022880 
 0.334987 0.607354 -0.018867 
 0.309911 0.616528 -0.014854 
 0.284834 0.625702 -0.010841 
 0.259758 0.634876 -0.006828 
 0.233635 0.639809 0.035557 
 0.209606 0.653224 0.001198 
 0.184530 0.662398 0.005211 
 0.159454 0.671572 0.009224 
 0.134378 0.680746 0.013237 
 0.109302 0.689920 0.017250 
 0.084226 0.699094 0.021263 
 0.059149 0.708268 0.025276 
 0.034073 0.717442 0.029289 
 0.008997 0.726616 0.033302 
 -0.017796 0.731795 0.075794 
 -0.042940 0.740993 0.079818 
 -0.068083 0.750192 0.083842 
 -0.096103 0.753508 0.145631 
 -0.123333 0.758846 0.188193 
 -0.148644 0.768106 0.192243 
 -0.175014 0.775442 0.215565 
 -0.200359 0.784714 0.219621 
 -0.225703 0.793986 0.223677 
 -0.251047 0.803258 0.227733 
 -0.276391 0.812531 0.231789 
 -0.304191 0.818077 0.274441 
 -0.329602 0.827374 0.278508 
 0.449975 0.532737 -0.007305 
 0.424832 0.541935 -0.003281 
 0.400293 0.555611 -0.037537 
 0.375216 0.564785 -0.033524 
 0.350140 0.573959 -0.029511 
 0.325064 0.583133 -0.025498 
 0.299988 0.592307 -0.021485 
 0.274912 0.601481 -0.017472 
 0.249836 0.610655 -0.013459 
 0.224760 0.619829 -0.009446 
 0.199684 0.629003 -0.005433 
 0.174608 0.638177 -0.001420 
 0.149531 0.647351 0.002593 
 0.124455 0.656525 0.006606 
 0.099379 0.665699 0.010619 
 0.074303 0.674873 0.014632 
 0.049227 0.684047 0.018645 
 0.024151 0.693221 0.022658 
 -0.000925 0.702395 0.026671 
 -0.027745 0.707509 0.069146 
 -0.052888 0.716708 0.073169 
 -0.079909 0.721895 0.115675 
 -0.105120 0.731118 0.119709 
 -0.131336 0.738361 0.142996 
 -0.158659 0.743659 0.185551 
 -0.183969 0.752918 0.189601 
 -0.210387 0.760234 0.212919 
 -0.235731 0.769506 0.216975 
 -0.261076 0.778778 0.221031 
 -0.288834 0.784236 0.263655 
 -0.314246 0.793533 0.267722 
 -0.339657 0.802829 0.271788 
 -0.365068 0.812126 0.275855 
 -0.390480 0.821423 0.279922 
 0.489769 0.483094 0.035325 
 0.464740 0.494637 0.020251 
 0.439530 0.503860 0.024285 
 0.414883 0.517649 -0.009930 
 0.390370 0.531390 -0.044167 
 0.365294 0.540564 -0.040154 
 0.340218 0.549738 -0.036141 
 0.315142 0.558912 -0.032128 
 0.290066 0.568086 -0.028115 
 0.264990 0.577260 -0.024102 
 0.239914 0.586434 -0.020089 
 0.214838 0.595608 -0.016076 
 0.189761 0.604782 -0.012063 
 0.164685 0.613956 -0.008050 
 0.139609 0.623130 -0.004037 
 0.115217 0.634440 -0.019214 
 0.090175 0.643602 -0.015206 
 0.065132 0.652764 -0.011198 
 0.040089 0.661925 -0.007191 
 0.015047 0.671087 -0.003183 
 -0.010847 0.678174 0.020040 
 -0.035924 0.687348 0.024053 
 -0.062837 0.692422 0.066521 
 -0.087980 0.701620 0.070545 
 -0.113123 0.710819 0.074568 
 -0.140305 0.715991 0.117078 
 -0.166568 0.723213 0.140360 
 -0.193985 0.728471 0.182908 
 -0.219295 0.737731 0.186959 
 -0.245760 0.745026 0.210274 
 -0.271104 0.754298 0.214330 
 -0.298889 0.759691 0.256936 
 -0.324301 0.768988 0.261002 
 -0.349712 0.778284 0.265069 
 -0.375123 0.787581 0.269136 
 -0.400535 0.796878 0.273202 
 0.504702 0.444747 0.062800 
 0.479780 0.458711 0.028650 
 0.454764 0.470287 0.013585 
 0.429554 0.479510 0.017619 
 0.404934 0.493364 -0.016578 
 0.379791 0.502562 -0.012554 
 0.355372 0.516343 -0.046785 
 0.330296 0.525517 -0.042772 
 0.305220 0.534691 -0.038759 
 0.280144 0.543865 -0.034746 
 0.255067 0.553039 -0.030733 
 0.229991 0.562213 -0.026720 
 0.204915 0.571387 -0.022707 
 0.179839 0.580561 -0.018694 
 0.155393 0.591928 -0.033851 
 0.130351 0.601090 -0.029843 
 0.105308 0.610251 -0.025836 
 0.080266 0.619413 -0.021828 
 0.056752 0.632862 -0.056202 
 0.031776 0.642000 -0.052206 
 0.005138 0.646898 -0.009805 
 -0.019905 0.656060 -0.005797 
 -0.045846 0.663127 0.017423 
 -0.070922 0.672301 0.021436 
 -0.097929 0.677335 0.063896 
 -0.123072 0.686533 0.067920 
 -0.150281 0.691640 0.110411 
 -0.176557 0.698830 0.133685 
 -0.204000 0.704023 0.176216 
 -0.229311 0.713283 0.180266 
 -0.255788 0.720546 0.203572 
 -0.281133 0.729818 0.207628 
 -0.308944 0.735146 0.250216 
 -0.334356 0.744443 0.254283 
 -0.357166 0.757635 0.219796 
 -0.382510 0.766907 0.223852 
 -0.407854 0.776179 0.227908 
 0.545523 0.406622 0.009856 
 0.520279 0.415858 0.013896 
 0.495035 0.425093 0.017935 
 0.469999 0.436713 0.002884 
 0.444789 0.445936 0.006919 
 0.419579 0.455159 0.010953 
 0.394985 0.469078 -0.023227 
 0.369842 0.478276 -0.019203 
 0.345450 0.492122 -0.053416 
 0.320373 0.501296 -0.049403 
 0.295297 0.510470 -0.045390 
 0.270221 0.519644 -0.041377 
 0.245145 0.528818 -0.037364 
 0.220069 0.537992 -0.033351 
 0.194993 0.547166 -0.029338 
 0.170527 0.558577 -0.044480 
 0.145484 0.567739 -0.040473 
 0.120442 0.576901 -0.036465 
 0.096820 0.590464 -0.070800 
 0.073333 0.603978 -0.105158 
 0.048424 0.613091 -0.101172 
 0.023516 0.622204 -0.097186 
 -0.003082 0.627013 -0.054813 
 -0.028057 0.636150 -0.050816 
 -0.054856 0.641033 -0.008412 
 -0.080844 0.648080 0.014805 
 -0.107878 0.653049 0.057248 
 -0.133021 0.662247 0.061272 
 -0.160256 0.667290 0.103745 
 -0.186546 0.674447 0.127010 
 -0.211789 0.683683 0.131050 
 -0.239326 0.688835 0.173573 
 -0.264637 0.698095 0.177624 
 -0.289947 0.707355 0.181674 
 -0.318999 0.710601 0.243497 
 -0.344411 0.719898 0.247564 
 -0.367194 0.733154 0.213094 
 -0.392538 0.742427 0.217150 
 -0.417882 0.751699 0.221206 
 0.535534 0.382239 0.003181 
 0.510290 0.391475 0.007220 
 0.485047 0.400710 0.011260 
 0.460024 0.412362 -0.003782 
 0.434814 0.421586 0.000252 
 0.409603 0.430809 0.004287 
 0.385036 0.444792 -0.029875 
 0.359893 0.453991 -0.025851 
 0.335527 0.467901 -0.060046 
 0.310451 0.477075 -0.056033 
 0.285375 0.486249 -0.052021 
 0.260299 0.495423 -0.048008 
 0.235223 0.504597 -0.043995 
 0.210147 0.513771 -0.039982 
 0.185660 0.525227 -0.055110 
 0.160618 0.534389 -0.051102 
 0.135575 0.543551 -0.047094 
 0.111913 0.557203 -0.081401 
 0.088385 0.570807 -0.115731 
 0.064234 0.582140 -0.130912 
 0.039359 0.591240 -0.126932 
 0.014484 0.600341 -0.122951 
 -0.010391 0.609441 -0.118970 
 -0.036157 0.616370 -0.095800 
 -0.062916 0.621163 -0.053423 
 -0.089808 0.626006 -0.011026 
 -0.115843 0.633033 0.012187 
 -0.140919 0.642207 0.016200 
 -0.168113 0.647160 0.058647 
 -0.195442 0.652162 0.101114 
 -0.221778 0.659300 0.124375 
 -0.247022 0.668535 0.128415 
 -0.274652 0.673647 0.170931 
 -0.299963 0.682907 0.174982 
 -0.326534 0.690130 0.198281 
 -0.354466 0.695353 0.240844 
 -0.377222 0.708674 0.206393 
 -0.401206 0.719946 0.191184 
 -0.426517 0.729206 0.195234 
 0.576100 0.341896 -0.030620 
 0.550889 0.351120 -0.026586 
 0.525679 0.360343 -0.022552 
 0.500469 0.369566 -0.018517 
 0.475259 0.378789 -0.014483 
 0.450048 0.388012 -0.010448 
 0.424838 0.397235 -0.006414 
 0.399628 0.406458 -0.002379 
 0.375088 0.420506 -0.036523 
 0.349944 0.429705 -0.032500 
 0.324801 0.438903 -0.028476 
 0.300529 0.452854 -0.062664 
 0.275453 0.462028 -0.058651 
 0.250377 0.471202 -0.054638 
 0.225300 0.480376 -0.050625 
 0.200224 0.489550 -0.046612 
 0.175751 0.501038 -0.061732 
 0.150709 0.510200 -0.057724 
 0.125666 0.519362 -0.053716 
 0.102031 0.533079 -0.088006 
 0.078529 0.546747 -0.122317 
 0.054391 0.558113 -0.137490 
 0.031125 0.571696 -0.171839 
 0.006317 0.580772 -0.167869 
 -0.017620 0.592064 -0.183074 
 -0.045108 0.594515 -0.121567 
 -0.069983 0.603615 -0.117586 
 -0.095830 0.610536 -0.094414 
 -0.124760 0.610979 -0.013640 
 -0.149802 0.620141 -0.009632 
 -0.175917 0.627160 0.013583 
 -0.203205 0.632073 0.056022 
 -0.230627 0.637035 0.098482 
 -0.257010 0.644152 0.121740 
 -0.282254 0.653387 0.125780 
 -0.307498 0.662622 0.129819 
 -0.335289 0.667719 0.172339 
 -0.361906 0.674922 0.195635 
 -0.385910 0.686239 0.180441 
 -0.411221 0.695499 0.184491 
 -0.436532 0.704759 0.188542 
 0.591288 0.305768 -0.022289 
 0.566124 0.317546 -0.037287 
 0.540914 0.326769 -0.033252 
 0.515704 0.335992 -0.029218 
 0.490494 0.345215 -0.025183 
 0.465283 0.354438 -0.021149 
 0.440073 0.363661 -0.017114 
 0.414863 0.372884 -0.013080 
 0.389653 0.382108 -0.009045 
 0.364442 0.391331 -0.005011 
 0.339996 0.405419 -0.039148 
 0.314852 0.414618 -0.035124 
 0.290606 0.428633 -0.069295 
 0.265530 0.437807 -0.065282 
 0.240454 0.446981 -0.061269 
 0.215378 0.456155 -0.057256 
 0.190302 0.465329 -0.053243 
 0.165226 0.474503 -0.049230 
 0.140800 0.486011 -0.064346 
 0.117124 0.499818 -0.098606 
 0.093582 0.513576 -0.132890 
 0.069424 0.524986 -0.148048 
 0.044549 0.534087 -0.144068 
 0.021309 0.547734 -0.178399 
 -0.003499 0.556810 -0.174429 
 -0.027423 0.568134 -0.189625 
 -0.053115 0.574961 -0.166489 
 -0.077923 0.584037 -0.162519 
 -0.104701 0.588689 -0.120183 
 -0.129576 0.597789 -0.116202 
 -0.155503 0.604702 -0.093028 
 -0.184754 0.605114 -0.012247 
 -0.209797 0.614276 -0.008239 
 -0.235992 0.621287 0.014978 
 -0.265813 0.621907 0.095850 
 -0.292243 0.629004 0.119105 
 -0.317487 0.638240 0.123144 
 -0.342730 0.647475 0.127184 
 -0.370615 0.652531 0.169697 
 -0.393218 0.665946 0.135264 
 -0.418461 0.675181 0.139304 
 0.581299 0.281385 -0.028964 
 0.556149 0.293195 -0.043953 
 0.530939 0.302418 -0.039918 
 0.505728 0.311642 -0.035884 
 0.480518 0.320865 -0.031849 
 0.455308 0.330088 -0.027815 
 0.430098 0.339311 -0.023781 
 0.404888 0.348534 -0.019746 
 0.379677 0.357757 -0.015712 
 0.355190 0.371935 -0.049820 
 0.330047 0.381133 -0.045797 
 0.304903 0.390332 -0.041773 
 0.280684 0.404412 -0.075926 
 0.255608 0.413586 -0.071913 
 0.230532 0.422760 -0.067900 
 0.205456 0.431934 -0.063887 
 0.180380 0.441108 -0.059874 
 0.155933 0.452661 -0.074975 
 0.130891 0.461823 -0.070968 
 0.105848 0.470985 -0.066960 
 0.083726 0.489516 -0.139476 
 0.059581 0.500959 -0.154626 
 0.036300 0.514696 -0.188929 
 0.011492 0.523772 -0.184959 
 -0.012451 0.535141 -0.200141 
 -0.037226 0.544205 -0.196176 
 -0.062000 0.553268 -0.192211 
 -0.086775 0.562332 -0.188247 
 -0.112547 0.569151 -0.165108 
 -0.137355 0.578227 -0.161138 
 -0.164294 0.582863 -0.118799 
 -0.189169 0.591964 -0.114818 
 -0.215176 0.598869 -0.091642 
 -0.244748 0.599249 -0.010853 
 -0.270990 0.606240 0.012360 
 -0.296067 0.615414 0.016373 
 -0.326209 0.616003 0.097253 
 -0.352719 0.623092 0.120509 
 -0.380630 0.628083 0.163004 
 -0.403206 0.641563 0.128589 
 -0.428450 0.650798 0.132629 
 0.596436 0.239869 0.017350 
 0.571311 0.257002 -0.035639 
 0.546173 0.268845 -0.050619 
 0.520963 0.278068 -0.046584 
 0.495753 0.287291 -0.042550 
 0.470543 0.296514 -0.038516 
 0.445333 0.305737 -0.034481 
 0.420122 0.314960 -0.030447 
 0.394912 0.324183 -0.026412 
 0.369702 0.333406 -0.022378 
 0.344492 0.342629 -0.018343 
 0.319281 0.351853 -0.014309 
 0.294955 0.366046 -0.048421 
 0.269812 0.375244 -0.044398 
 0.244668 0.384443 -0.040374 
 0.220610 0.398539 -0.074530 
 0.195533 0.407713 -0.070517 
 0.170458 0.416887 -0.066504 
 0.146024 0.428472 -0.081597 
 0.120982 0.437634 -0.077589 
 0.095939 0.446796 -0.073582 
 0.072383 0.460707 -0.107818 
 0.049738 0.476932 -0.161203 
 0.026484 0.490734 -0.195489 
 0.002520 0.502148 -0.210656 
 -0.022254 0.511211 -0.206692 
 -0.047029 0.520275 -0.202727 
 -0.071803 0.529339 -0.198762 
 -0.096578 0.538402 -0.194798 
 -0.122363 0.545189 -0.171668 
 -0.147171 0.554265 -0.167698 
 -0.171979 0.563341 -0.163728 
 -0.199011 0.567937 -0.121395 
 -0.223886 0.577037 -0.117415 
 -0.252299 0.579491 -0.055858 
 -0.279700 0.584222 -0.013467 
 -0.305989 0.591193 0.009742 
 -0.331065 0.600367 0.013755 
 -0.356141 0.609541 0.017768 
 -0.383911 0.614407 0.060219 
 -0.409054 0.623605 0.064243 
 -0.434197 0.632804 0.068267 
 0.611676 0.195408 0.082573 
 0.586408 0.215389 0.010648 
 0.561322 0.232619 -0.042314 
 0.536078 0.241854 -0.038274 
 0.510988 0.253717 -0.053251 
 0.485778 0.262940 -0.049216 
 0.460567 0.272163 -0.045182 
 0.435865 0.286569 -0.079212 
 0.410147 0.290610 -0.037113 
 0.384937 0.299833 -0.033078 
 0.359727 0.309056 -0.029044 
 0.334516 0.318279 -0.025010 
 0.310149 0.332562 -0.059093 
 0.285006 0.341760 -0.055070 
 0.259863 0.350959 -0.051046 
 0.234719 0.360157 -0.047022 
 0.210687 0.374318 -0.081161 
 0.185611 0.383492 -0.077148 
 0.160535 0.392666 -0.073135 
 0.135459 0.401840 -0.069122 
 0.111072 0.413445 -0.084211 
 0.086030 0.422607 -0.080204 
 0.062501 0.436583 -0.114422 
 0.039896 0.452906 -0.167781 
 0.016668 0.466772 -0.202048 
 -0.008140 0.475848 -0.198078 
 -0.032057 0.487282 -0.213243 
 -0.056832 0.496345 -0.209278 
 -0.081606 0.505409 -0.205313 
 -0.106380 0.514473 -0.201348 
 -0.132180 0.521227 -0.178228 
 -0.156987 0.530303 -0.174258 
 -0.181795 0.539379 -0.170288 
 -0.206603 0.548455 -0.166318 
 -0.233729 0.553010 -0.123992 
 -0.259797 0.559863 -0.100829 
 -0.287157 0.564505 -0.058465 
 -0.314652 0.569195 -0.016082 
 -0.339694 0.578357 -0.012074 
 -0.364737 0.587519 -0.008066 
 -0.391140 0.594494 0.015151 
 -0.416216 0.603668 0.019164 
 -0.441292 0.612842 0.023177 
 0.627076 0.153312 0.128700 
 0.601594 0.170798 0.075836 
 0.576379 0.190909 0.003946 
 0.551333 0.208236 -0.048989 
 0.526090 0.217471 -0.044949 
 0.501012 0.229367 -0.059917 
 0.475802 0.238590 -0.055882 
 0.450592 0.247813 -0.051848 
 0.425916 0.262283 -0.085860 
 0.400773 0.271482 -0.081837 
 0.375630 0.280680 -0.077813 
 0.349751 0.284705 -0.035710 
 0.324541 0.293928 -0.031676 
 0.299331 0.303151 -0.027641 
 0.274121 0.312374 -0.023607 
 0.249914 0.326673 -0.057694 
 0.224771 0.335871 -0.053671 
 0.199628 0.345070 -0.049647 
 0.174484 0.354269 -0.045623 
 0.150613 0.368445 -0.079766 
 0.125537 0.377619 -0.075753 
 0.100461 0.386793 -0.071740 
 0.075384 0.395967 -0.067727 
 0.051078 0.407580 -0.082818 
 0.027642 0.421597 -0.117029 
 0.005178 0.437979 -0.170378 
 -0.017956 0.451886 -0.204638 
 -0.041860 0.463352 -0.219794 
 -0.066635 0.472416 -0.215829 
 -0.091409 0.481479 -0.211864 
 -0.116183 0.490543 -0.207899 
 -0.141996 0.497265 -0.184788 
 -0.166804 0.506341 -0.180818 
 -0.191612 0.515417 -0.176848 
 -0.216419 0.524493 -0.172877 
 -0.243572 0.528984 -0.130570 
 -0.268447 0.538084 -0.126589 
 -0.294561 0.544917 -0.103429 
 -0.319470 0.554029 -0.099443 
 -0.346991 0.558655 -0.057076 
 -0.371966 0.567792 -0.053079 
 -0.396942 0.576929 -0.049082 
 -0.421917 0.586067 -0.045085 
 -0.446893 0.595204 -0.041088 
 0.668223 0.104332 0.151673 
 0.642534 0.119247 0.117843 
 0.616955 0.128605 0.121936 
 0.591467 0.143447 0.088076 
 0.566193 0.160969 0.035210 
 0.541345 0.183853 -0.055664 
 0.516101 0.193088 -0.051624 
 0.491037 0.205016 -0.066583 
 0.465827 0.214239 -0.062549 
 0.440617 0.223462 -0.058514 
 0.415967 0.237997 -0.092509 
 0.390824 0.247196 -0.088485 
 0.365681 0.256394 -0.084462 
 0.339776 0.260355 -0.042376 
 0.314566 0.269578 -0.038342 
 0.289355 0.278801 -0.034307 
 0.264145 0.288024 -0.030273 
 0.238935 0.297247 -0.026239 
 0.213725 0.306470 -0.022204 
 0.188515 0.315693 -0.018170 
 0.164535 0.329983 -0.052272 
 0.139392 0.339181 -0.048248 
 0.114249 0.348380 -0.044224 
 0.089106 0.357578 -0.040201 
 0.065462 0.371746 -0.074357 
 0.040386 0.380920 -0.070344 
 0.017760 0.397473 -0.123633 
 -0.007215 0.406610 -0.119636 
 -0.027772 0.427924 -0.211198 
 -0.052580 0.437000 -0.207228 
 -0.076437 0.448486 -0.222380 
 -0.102196 0.455151 -0.199288 
 -0.127004 0.464227 -0.195318 
 -0.151812 0.473303 -0.191347 
 -0.176620 0.482379 -0.187377 
 -0.201428 0.491455 -0.183407 
 -0.226236 0.500531 -0.179437 
 -0.253415 0.504957 -0.137147 
 -0.278290 0.514057 -0.133166 
 -0.303165 0.523158 -0.129185 
 -0.329326 0.529970 -0.106029 
 -0.354234 0.539083 -0.102043 
 -0.379143 0.548195 -0.098057 
 -0.404051 0.557308 -0.094071 
 -0.428960 0.566421 -0.090084 
 -0.453868 0.575534 -0.086098 
 0.658075 0.079560 0.144891 
 0.632412 0.094541 0.111079 
 0.606833 0.103899 0.115173 
 0.581372 0.118805 0.081330 
 0.556323 0.141948 -0.009457 
 0.531356 0.159470 -0.062339 
 0.506112 0.168705 -0.058299 
 0.481062 0.180666 -0.073249 
 0.455851 0.189889 -0.069215 
 0.430641 0.199112 -0.065180 
 0.406018 0.213711 -0.099157 
 0.380221 0.217558 -0.057111 
 0.355732 0.232108 -0.091110 
 0.329800 0.236004 -0.049042 
 0.304590 0.245227 -0.045008 
 0.279380 0.254450 -0.040974 
 0.254170 0.263673 -0.036939 
 0.228960 0.272896 -0.032905 
 0.203749 0.282119 -0.028870 
 0.178539 0.291342 -0.024836 
 0.153329 0.300566 -0.020801 
 0.128119 0.309789 -0.016767 
 0.104300 0.324094 -0.050873 
 0.079157 0.333292 -0.046849 
 0.055540 0.347525 -0.080988 
 0.030464 0.356699 -0.076975 
 0.007877 0.373349 -0.130237 
 -0.017098 0.382486 -0.126240 
 -0.039383 0.399026 -0.179552 
 -0.062397 0.413038 -0.213788 
 -0.087204 0.422114 -0.209817 
 -0.112012 0.431189 -0.205847 
 -0.136820 0.440265 -0.201877 
 -0.161628 0.449341 -0.197907 
 -0.186436 0.458417 -0.193937 
 -0.211244 0.467493 -0.189967 
 -0.236052 0.476569 -0.185997 
 -0.263257 0.480930 -0.143725 
 -0.288132 0.490031 -0.139744 
 -0.313007 0.499131 -0.135763 
 -0.339182 0.505911 -0.112615 
 -0.364090 0.515024 -0.108629 
 -0.388998 0.524136 -0.104643 
 -0.413907 0.533249 -0.100657 
 -0.438815 0.542362 -0.096671 
 -0.463724 0.551474 -0.092685 
 0.673697 0.039695 0.171882 
 0.647927 0.054789 0.138110 
 0.622291 0.069834 0.104316 
 0.596712 0.079192 0.108409 
 0.571278 0.094163 0.074584 
 0.546083 0.111880 0.021771 
 0.521089 0.129522 -0.031073 
 0.496124 0.144322 -0.064974 
 0.471086 0.156315 -0.079915 
 0.445876 0.165538 -0.075881 
 0.420666 0.174761 -0.071846 
 0.396069 0.189426 -0.105806 
 0.370926 0.198624 -0.101782 
 0.345783 0.207823 -0.097758 
 0.320640 0.217021 -0.093735 
 0.294615 0.220877 -0.051674 
 0.269405 0.230100 -0.047640 
 0.244194 0.239323 -0.043605 
 0.218984 0.248546 -0.039571 
 0.193774 0.257769 -0.035536 
 0.168564 0.266992 -0.031502 
 0.143354 0.276215 -0.027467 
 0.118143 0.285438 -0.023433 
 0.092933 0.294661 -0.019399 
 0.067723 0.303884 -0.015364 
 0.044065 0.318205 -0.049474 
 0.020541 0.332477 -0.083606 
 -0.003691 0.344176 -0.098676 
 -0.028734 0.353338 -0.094668 
 -0.049225 0.375000 -0.186129 
 -0.074100 0.384100 -0.182149 
 -0.097021 0.398152 -0.216377 
 -0.121828 0.407227 -0.212407 
 -0.146636 0.416303 -0.208437 
 -0.171444 0.425379 -0.204467 
 -0.196252 0.434455 -0.200497 
 -0.221060 0.443531 -0.196527 
 -0.245868 0.452607 -0.192557 
 -0.273100 0.456903 -0.150302 
 -0.297975 0.466004 -0.146321 
 -0.322850 0.475104 -0.142341 
 -0.347725 0.484204 -0.138360 
 -0.372600 0.493305 -0.134379 
 -0.397475 0.502405 -0.130398 
 -0.422350 0.511506 -0.126417 
 -0.447225 0.520606 -0.122437 
 -0.472100 0.529707 -0.118456 
 0.663522 0.014859 0.165083 
 0.637779 0.030017 0.131329 
 0.612133 0.039400 0.135433 
 0.586487 0.048782 0.139537 
 0.561012 0.063843 0.105739 
 0.535433 0.073201 0.109832 
 0.511074 0.105075 -0.037766 
 0.486135 0.119939 -0.071649 
 0.460891 0.129175 -0.067609 
 0.435901 0.141187 -0.082547 
 0.410690 0.150411 -0.078513 
 0.385480 0.159634 -0.074478 
 0.360270 0.168857 -0.070444 
 0.335834 0.183537 -0.104407 
 0.309850 0.187303 -0.062375 
 0.284639 0.196526 -0.058340 
 0.259429 0.205749 -0.054306 
 0.233698 0.212293 -0.031251 
 0.208454 0.221528 -0.027211 
 0.183210 0.230763 -0.023171 
 0.157967 0.239999 -0.019132 
 0.132723 0.249234 -0.015092 
 0.108168 0.261087 -0.030099 
 0.082958 0.270310 -0.026065 
 0.057748 0.279534 -0.022030 
 0.034116 0.293919 -0.056122 
 0.010619 0.308256 -0.090237 
 -0.014457 0.317430 -0.086224 
 -0.038643 0.329149 -0.101290 
 -0.059068 0.350973 -0.192707 
 -0.083943 0.360073 -0.188726 
 -0.106837 0.374190 -0.222937 
 -0.131645 0.383265 -0.218967 
 -0.156453 0.392341 -0.214997 
 -0.181261 0.401417 -0.211027 
 -0.206068 0.410493 -0.207057 
 -0.230876 0.419569 -0.203087 
 -0.255684 0.428645 -0.199117 
 -0.282943 0.432877 -0.156880 
 -0.307817 0.441977 -0.152899 
 -0.332692 0.451077 -0.148918 
 -0.357568 0.460178 -0.144937 
 -0.382443 0.469278 -0.140956 
 -0.407317 0.478379 -0.136976 
 -0.432192 0.487479 -0.132995 
 -0.457067 0.496579 -0.129014 
 -0.481942 0.505680 -0.125033 
 0.679061 -0.019384 0.154168 
 0.653348 -0.009977 0.158283 
 0.627635 -0.000570 0.162398 
 0.601922 0.008837 0.166513 
 0.576339 0.024011 0.132756 
 0.550693 0.033393 0.136860 
 0.525576 0.054212 0.065175 
 0.500893 0.077780 -0.025506 
 0.475549 0.087052 -0.021450 
 0.450437 0.099147 -0.036357 
 0.425126 0.108407 -0.032307 
 0.400415 0.123262 -0.066205 
 0.375172 0.132498 -0.062165 
 0.349928 0.141733 -0.058125 
 0.325084 0.153729 -0.073075 
 0.299440 0.160204 -0.050046 
 0.274197 0.169439 -0.046006 
 0.248953 0.178674 -0.041966 
 0.223709 0.187910 -0.037926 
 0.198465 0.197145 -0.033886 
 0.173222 0.206380 -0.029846 
 0.147978 0.215616 -0.025807 
 0.122734 0.224851 -0.021767 
 0.097490 0.234086 -0.017727 
 0.072247 0.243322 -0.013687 
 0.047772 0.255183 -0.028696 
 0.022562 0.264406 -0.024662 
 -0.000976 0.278832 -0.058747 
 -0.024379 0.293209 -0.092854 
 -0.049455 0.302383 -0.088841 
 -0.069848 0.324381 -0.180209 
 -0.093786 0.336046 -0.195304 
 -0.118661 0.345147 -0.191323 
 -0.143536 0.354247 -0.187342 
 -0.166269 0.368379 -0.221557 
 -0.193286 0.372448 -0.179380 
 -0.218161 0.381549 -0.175400 
 -0.240693 0.395607 -0.209646 
 -0.265500 0.404683 -0.205676 
 -0.292785 0.408850 -0.163457 
 -0.317660 0.417950 -0.159476 
 -0.342535 0.427051 -0.155496 
 -0.367410 0.436151 -0.151515 
 -0.392285 0.445251 -0.147534 
 -0.417160 0.454352 -0.143553 
 -0.442035 0.463452 -0.139572 
 -0.463964 0.477290 -0.173916 
 -0.488772 0.486366 -0.169946 
 0.668887 -0.044221 0.147369 
 0.643174 -0.034814 0.151484 
 0.617461 -0.025407 0.155599 
 0.591748 -0.016000 0.159714 
 0.566035 -0.006593 0.163829 
 0.540545 0.008622 0.130078 
 0.515481 0.029570 0.058429 
 0.490148 0.041783 0.043568 
 0.465520 0.062572 -0.028152 
 0.440422 0.074699 -0.043050 
 0.415111 0.083959 -0.038999 
 0.389800 0.093219 -0.034949 
 0.365183 0.108115 -0.068840 
 0.339939 0.117350 -0.064800 
 0.314695 0.126585 -0.060760 
 0.289452 0.135821 -0.056721 
 0.264208 0.145056 -0.052681 
 0.237936 0.148778 -0.010646 
 0.212625 0.158038 -0.006595 
 0.187314 0.167298 -0.002544 
 0.162003 0.176557 0.001506 
 0.136693 0.185817 0.005557 
 0.111382 0.195077 0.009607 
 0.086071 0.204337 0.013658 
 0.060760 0.213597 0.017708 
 0.035449 0.222857 0.021759 
 0.011771 0.237409 -0.012283 
 -0.013473 0.246645 -0.008243 
 -0.038717 0.255880 -0.004203 
 -0.063044 0.267725 -0.019225 
 -0.083504 0.289934 -0.110526 
 -0.104612 0.309435 -0.182809 
 -0.129521 0.318548 -0.178823 
 -0.153378 0.330221 -0.193919 
 -0.178253 0.339321 -0.189939 
 -0.203128 0.348421 -0.185958 
 -0.228003 0.357522 -0.181977 
 -0.252878 0.366622 -0.177996 
 -0.277753 0.375723 -0.174015 
 -0.302628 0.384823 -0.170035 
 -0.327503 0.393923 -0.166054 
 -0.352378 0.403024 -0.162073 
 -0.377253 0.412124 -0.158092 
 -0.402128 0.421225 -0.154112 
 -0.427003 0.430325 -0.150131 
 -0.451878 0.439425 -0.146150 
 -0.476753 0.448526 -0.142169 
 -0.498588 0.462404 -0.176506 
 0.658628 -0.063062 0.102776 
 0.632999 -0.059650 0.144685 
 0.607286 -0.050243 0.148800 
 0.581573 -0.040836 0.152915 
 0.556044 -0.025532 0.119193 
 0.530648 -0.010277 0.085448 
 0.505387 0.004928 0.051683 
 0.479875 0.014262 0.055766 
 0.455040 0.032294 0.003027 
 0.430148 0.047364 -0.030797 
 0.404803 0.056636 -0.026741 
 0.379785 0.068771 -0.041642 
 0.354474 0.078031 -0.037591 
 0.329164 0.087291 -0.033540 
 0.303853 0.096551 -0.029490 
 0.278542 0.105811 -0.025439 
 0.253231 0.115070 -0.021389 
 0.227921 0.124330 -0.017338 
 0.202610 0.133590 -0.013288 
 0.177299 0.142850 -0.009237 
 0.151988 0.152110 -0.005187 
 0.126677 0.161370 -0.001136 
 0.101367 0.170630 0.002914 
 0.076056 0.179889 0.006965 
 0.050745 0.189149 0.011015 
 0.025434 0.198409 0.015066 
 0.000124 0.207669 0.019117 
 -0.025187 0.216929 0.023167 
 -0.050498 0.226189 0.027218 
 -0.073949 0.240732 -0.006838 
 -0.098230 0.252597 -0.021857 
 -0.118455 0.274907 -0.113140 
 -0.139377 0.294488 -0.185409 
 -0.164285 0.303601 -0.181423 
 -0.189193 0.312714 -0.177437 
 -0.212971 0.324395 -0.192535 
 -0.237846 0.333495 -0.188555 
 -0.262721 0.342595 -0.184574 
 -0.287596 0.351696 -0.180593 
 -0.313736 0.358277 -0.157506 
 -0.338644 0.367390 -0.153520 
 -0.363553 0.376503 -0.149533 
 -0.388461 0.385615 -0.145547 
 -0.413370 0.394728 -0.141561 
 -0.438278 0.403841 -0.137575 
 -0.463187 0.412953 -0.133589 
 -0.486595 0.424499 -0.148747 
 0.648422 -0.081774 0.058217 
 0.622825 -0.084486 0.137886 
 0.597112 -0.075079 0.142001 
 0.571399 -0.065672 0.146116 
 0.545686 -0.056265 0.150231 
 0.520250 -0.040921 0.116516 
 0.495292 -0.019714 0.044937 
 0.469985 -0.007436 0.030094 
 0.444507 0.001885 0.034171 
 0.419029 0.011206 0.038248 
 0.394162 0.026342 0.004441 
 0.369430 0.041428 -0.029387 
 0.344086 0.050701 -0.025331 
 0.318742 0.059973 -0.021275 
 0.293838 0.072103 -0.036183 
 0.268527 0.081363 -0.032132 
 0.243216 0.090623 -0.028082 
 0.217905 0.099883 -0.024031 
 0.192595 0.109142 -0.019981 
 0.167284 0.118402 -0.015930 
 0.141973 0.127662 -0.011879 
 0.115987 0.134150 0.011172 
 0.090643 0.143422 0.015228 
 0.065299 0.152694 0.019284 
 0.039954 0.161966 0.023340 
 0.014610 0.171238 0.027396 
 -0.010734 0.180510 0.031452 
 -0.036078 0.189782 0.035508 
 -0.061423 0.199055 0.039563 
 -0.086767 0.208327 0.043619 
 -0.111135 0.220261 0.028626 
 -0.131395 0.242769 -0.062597 
 -0.153407 0.259880 -0.115754 
 -0.176295 0.274291 -0.149878 
 -0.201271 0.283429 -0.145881 
 -0.223958 0.297767 -0.180037 
 -0.248866 0.306880 -0.176051 
 -0.273775 0.315993 -0.172064 
 -0.298684 0.325105 -0.168078 
 -0.323592 0.334218 -0.164092 
 -0.348500 0.343331 -0.160106 
 -0.373409 0.352443 -0.156120 
 -0.398317 0.361556 -0.152134 
 -0.423226 0.370669 -0.148148 
 -0.448134 0.379781 -0.144161 
 -0.473043 0.388894 -0.140175 
 0.663879 -0.115839 0.047360 
 0.638332 -0.112605 0.089213 
 0.612651 -0.109323 0.131087 
 0.586938 -0.099916 0.135202 
 0.561394 -0.084458 0.101526 
 0.535748 -0.075075 0.105630 
 0.510405 -0.059691 0.071921 
 0.485197 -0.044356 0.038191 
 0.459685 -0.035022 0.042274 
 0.434173 -0.025689 0.046356 
 0.408947 -0.013403 0.031511 
 0.383469 -0.004082 0.035589 
 0.357990 0.005239 0.039666 
 0.333285 0.020390 0.005855 
 0.307873 0.029687 0.009922 
 0.283369 0.044765 -0.023921 
 0.258025 0.054037 -0.019865 
 0.232680 0.063309 -0.015809 
 0.206228 0.066874 0.026188 
 0.180817 0.076170 0.030255 
 0.155405 0.085467 0.034321 
 0.131303 0.100398 0.000415 
 0.104583 0.104060 0.042455 
 0.079171 0.113357 0.046521 
 0.053760 0.122654 0.050588 
 0.029926 0.137486 0.016638 
 0.004582 0.146758 0.020694 
 -0.020763 0.156030 0.024750 
 -0.047886 0.159840 0.066855 
 -0.073297 0.169137 0.070921 
 -0.096795 0.183847 0.036918 
 -0.121150 0.195813 0.021933 
 -0.144414 0.210437 -0.012109 
 -0.164373 0.233021 -0.103325 
 -0.188359 0.244853 -0.118369 
 -0.213401 0.254014 -0.114361 
 -0.236129 0.268442 -0.148488 
 -0.261104 0.277579 -0.144491 
 -0.286080 0.286716 -0.140494 
 -0.311056 0.295854 -0.136497 
 -0.336031 0.304991 -0.132500 
 -0.361007 0.314128 -0.128503 
 -0.385982 0.323265 -0.124507 
 -0.410958 0.332402 -0.120510 
 -0.433082 0.346610 -0.154734 
 -0.457990 0.355722 -0.150748 
 -0.482899 0.364835 -0.146762 
 0.653758 -0.140545 0.040596 
 0.628184 -0.137377 0.082432 
 0.602476 -0.134159 0.124288 
 0.576763 -0.124752 0.128403 
 0.551050 -0.115345 0.132518 
 0.525600 -0.099847 0.098849 
 0.499954 -0.090464 0.102953 
 0.474705 -0.075039 0.069250 
 0.449126 -0.065682 0.073344 
 0.424078 -0.050331 0.039610 
 0.398567 -0.040997 0.043693 
 0.373387 -0.028692 0.028852 
 0.347909 -0.019371 0.032929 
 0.323230 -0.004154 -0.000864 
 0.297818 0.005142 0.003202 
 0.272407 0.014439 0.007269 
 0.246996 0.023735 0.011335 
 0.221584 0.033032 0.015402 
 0.196173 0.042329 0.019469 
 0.170762 0.051625 0.023535 
 0.144082 0.055199 0.065548 
 0.119939 0.070219 0.031669 
 0.094528 0.079515 0.035735 
 0.069116 0.088812 0.039802 
 0.042168 0.092484 0.081857 
 0.018294 0.107405 0.047935 
 -0.007118 0.116702 0.052002 
 -0.032529 0.125999 0.056069 
 -0.059746 0.129768 0.098167 
 -0.085224 0.139090 0.102244 
 -0.108763 0.153889 0.068268 
 -0.132168 0.168639 0.034272 
 -0.156476 0.180625 0.019291 
 -0.178576 0.197992 -0.033786 
 -0.201579 0.212594 -0.067847 
 -0.224448 0.227148 -0.101930 
 -0.248353 0.238988 -0.116975 
 -0.270987 0.253455 -0.151095 
 -0.295962 0.262593 -0.147098 
 -0.320938 0.271730 -0.143101 
 -0.345914 0.280867 -0.139104 
 -0.370889 0.290004 -0.135108 
 -0.398609 0.293958 -0.092930 
 -0.420840 0.308279 -0.127114 
 -0.445816 0.317416 -0.123117 
 -0.470791 0.326553 -0.119120 
 0.618015 -0.168402 0.113374 
 0.592302 -0.158995 0.117489 
 0.566589 -0.149588 0.121604 
 0.540876 -0.140181 0.125718 
 0.515452 -0.124618 0.092067 
 0.490163 -0.109104 0.058393 
 0.465008 -0.093640 0.024699 
 0.439496 -0.084306 0.028782 
 0.413984 -0.074973 0.032865 
 0.388472 -0.065639 0.036947 
 0.362960 -0.056306 0.041030 
 0.337448 -0.046972 0.045113 
 0.312349 -0.034659 0.030269 
 0.286871 -0.025338 0.034347 
 0.262352 -0.010106 0.000550 
 0.236941 -0.000809 0.004616 
 0.210435 0.002626 0.046579 
 0.184957 0.011947 0.050656 
 0.159478 0.021268 0.054734 
 0.133353 0.027695 0.077775 
 0.108522 0.039910 0.062888 
 0.083043 0.049232 0.066966 
 0.056817 0.055696 0.090023 
 0.031305 0.065029 0.094106 
 0.006608 0.077195 0.079198 
 -0.018870 0.086516 0.083275 
 -0.044349 0.095837 0.087352 
 -0.069827 0.105159 0.091430 
 -0.095306 0.114480 0.095507 
 -0.118818 0.129344 0.061549 
 -0.142197 0.144159 0.027570 
 -0.166491 0.156178 0.012598 
 -0.189635 0.170907 -0.021419 
 -0.213762 0.182864 -0.036418 
 -0.236671 0.197507 -0.070471 
 -0.259446 0.212101 -0.104548 
 -0.284522 0.221275 -0.100535 
 -0.308347 0.233122 -0.115582 
 -0.333390 0.242284 -0.111574 
 -0.358432 0.251446 -0.107567 
 -0.383475 0.260608 -0.103559 
 -0.408518 0.269769 -0.099551 
 -0.433560 0.278931 -0.095544 
 -0.455698 0.293292 -0.129721 
 -0.480674 0.302429 -0.125724 
 0.607817 -0.196398 0.125427 
 0.582070 -0.186978 0.129548 
 0.556414 -0.174424 0.114804 
 0.530951 -0.158772 0.081182 
 0.505621 -0.143169 0.047536 
 0.480042 -0.133811 0.051630 
 0.454913 -0.118282 0.017953 
 0.429401 -0.108948 0.022036 
 0.403889 -0.099615 0.026119 
 0.378377 -0.090281 0.030201 
 0.352865 -0.080948 0.034284 
 0.327353 -0.071614 0.038367 
 0.301841 -0.062281 0.042449 
 0.276329 -0.052947 0.046532 
 0.251311 -0.040626 0.031687 
 0.225305 -0.034281 0.054698 
 0.199794 -0.024947 0.058780 
 0.174282 -0.015614 0.062863 
 0.148770 -0.006280 0.066946 
 0.123258 0.003053 0.071029 
 0.096357 0.006559 0.113032 
 0.072234 0.021720 0.079194 
 0.045199 0.025275 0.121218 
 0.021210 0.040387 0.087360 
 -0.005959 0.043991 0.129405 
 -0.029814 0.059054 0.095525 
 -0.055326 0.068387 0.099608 
 -0.080838 0.077721 0.103691 
 -0.105387 0.089870 0.088770 
 -0.130865 0.099191 0.092848 
 -0.154284 0.114096 0.058896 
 -0.177569 0.128951 0.024925 
 -0.199624 0.146524 -0.028094 
 -0.224867 0.155759 -0.024054 
 -0.248947 0.167737 -0.039050 
 -0.274158 0.176960 -0.035015 
 -0.294444 0.197054 -0.107165 
 -0.319521 0.206228 -0.103152 
 -0.344597 0.215402 -0.099139 
 -0.368341 0.227257 -0.114188 
 -0.394749 0.233750 -0.091113 
 -0.419825 0.242924 -0.087100 
 -0.443469 0.254742 -0.102166 
 -0.468512 0.263904 -0.098158 
 -0.493554 0.273066 -0.094150 
 0.597629 -0.221267 0.118619 
 0.571953 -0.208668 0.103890 
 0.546449 -0.192926 0.070296 
 0.520803 -0.183544 0.074400 
 0.495499 -0.167876 0.040772 
 0.469920 -0.158518 0.044866 
 0.444818 -0.142924 0.011207 
 0.419306 -0.133590 0.015290 
 0.393794 -0.124257 0.019373 
 0.368282 -0.114923 0.023455 
 0.342770 -0.105590 0.027538 
 0.317258 -0.096256 0.031621 
 0.291746 -0.086923 0.035704 
 0.266234 -0.077589 0.039786 
 0.240723 -0.068256 0.043869 
 0.215211 -0.058923 0.047952 
 0.189699 -0.049589 0.052034 
 0.162973 -0.046222 0.093987 
 0.137394 -0.036864 0.098081 
 0.110466 -0.033424 0.140067 
 0.084820 -0.024041 0.144171 
 0.059174 -0.014659 0.148276 
 0.033528 -0.005276 0.152380 
 0.007882 0.004106 0.156484 
 -0.017764 0.013489 0.160588 
 -0.043410 0.022871 0.164692 
 -0.067238 0.038000 0.130829 
 -0.092817 0.047358 0.134922 
 -0.116445 0.062412 0.101027 
 -0.140947 0.074582 0.086110 
 -0.164339 0.089551 0.052177 
 -0.187598 0.104470 0.018223 
 -0.211832 0.116542 0.003263 
 -0.234856 0.131376 -0.030729 
 -0.260100 0.140611 -0.026689 
 -0.285344 0.149847 -0.022649 
 -0.306855 0.167332 -0.075721 
 -0.331998 0.176531 -0.071697 
 -0.354519 0.191181 -0.105770 
 -0.379595 0.200355 -0.101757 
 -0.404671 0.209529 -0.097744 
 -0.429747 0.218703 -0.093731 
 -0.453378 0.230554 -0.108787 
 -0.478421 0.239715 -0.104780 
 -0.503464 0.248877 -0.100772 
 0.587442 -0.246135 0.111811 
 0.561779 -0.233504 0.097091 
 0.536301 -0.217698 0.063515 
 0.510655 -0.208315 0.067619 
 0.485378 -0.192583 0.034009 
 0.459799 -0.183225 0.038102 
 0.434723 -0.167566 0.004461 
 0.409211 -0.158232 0.008544 
 0.383699 -0.148899 0.012627 
 0.358187 -0.139565 0.016709 
 0.332676 -0.130232 0.020792 
 0.306325 -0.127077 0.062663 
 0.280746 -0.117719 0.066756 
 0.255167 -0.108361 0.070850 
 0.229588 -0.099003 0.074943 
 0.204009 -0.089645 0.079037 
 0.176083 -0.092398 0.158815 
 0.150370 -0.082991 0.162930 
 0.124003 -0.076588 0.185977 
 0.098256 -0.067168 0.190097 
 0.072509 -0.057749 0.194217 
 0.047518 -0.045363 0.179390 
 0.021804 -0.035956 0.183505 
 -0.003909 -0.026549 0.187620 
 -0.029622 -0.017142 0.191734 
 -0.055335 -0.007735 0.195849 
 -0.079204 0.007482 0.162015 
 -0.102938 0.022651 0.128158 
 -0.126539 0.037770 0.094281 
 -0.151028 0.049972 0.079373 
 -0.172282 0.070718 0.007466 
 -0.197626 0.079990 0.011521 
 -0.221847 0.092094 -0.003429 
 -0.247158 0.101354 0.000621 
 -0.270089 0.116228 -0.033364 
 -0.295332 0.125464 -0.029325 
 -0.319318 0.137482 -0.044313 
 -0.341947 0.152245 -0.078346 
 -0.367090 0.161444 -0.074322 
 -0.392233 0.170642 -0.070298 
 -0.417376 0.179841 -0.066274 
 -0.442520 0.189039 -0.062251 
 -0.464746 0.203656 -0.096349 
 -0.492806 0.207436 -0.054203 
 -0.517949 0.216635 -0.050180 
 0.577254 -0.271004 0.105003 
 0.551507 -0.261584 0.109124 
 0.525891 -0.248933 0.094407 
 0.500507 -0.233087 0.060837 
 0.475257 -0.217289 0.027245 
 0.449678 -0.207931 0.031338 
 0.424629 -0.192208 -0.002285 
 0.399117 -0.182874 0.001798 
 0.373605 -0.173541 0.005881 
 0.348093 -0.164207 0.009963 
 0.322581 -0.154874 0.014046 
 0.297069 -0.145540 0.018129 
 0.270625 -0.142425 0.059993 
 0.245046 -0.133067 0.064086 
 0.219467 -0.123710 0.068180 
 0.192755 -0.120497 0.110088 
 0.165908 -0.117235 0.152016 
 0.139562 -0.110876 0.175048 
 0.113815 -0.101456 0.179169 
 0.088069 -0.092037 0.183289 
 0.062322 -0.082618 0.187409 
 0.036575 -0.073198 0.191529 
 0.010829 -0.063779 0.195650 
 -0.014083 -0.051385 0.180820 
 -0.039796 -0.041978 0.184935 
 -0.065509 -0.032571 0.189050 
 -0.091222 -0.023164 0.193165 
 -0.114998 -0.007907 0.159338 
 -0.136634 0.013128 0.087535 
 -0.161110 0.025363 0.072636 
 -0.184449 0.040461 0.038738 
 -0.207655 0.055510 0.004820 
 -0.231863 0.067647 -0.010122 
 -0.257173 0.076906 -0.006072 
 -0.282484 0.086166 -0.002021 
 -0.305321 0.101081 -0.036000 
 -0.330565 0.110316 -0.031960 
 -0.354504 0.122354 -0.046945 
 -0.379714 0.131577 -0.042910 
 -0.404924 0.140800 -0.038876 
 -0.431539 0.147257 -0.015800 
 -0.455345 0.159246 -0.030807 
 -0.480555 0.168469 -0.026772 
 -0.507271 0.174963 -0.003681 
 -0.532514 0.184199 0.000359 
 0.567066 -0.295873 0.098195 
 0.541320 -0.286453 0.102316 
 0.515717 -0.273770 0.087608 
 0.490359 -0.257858 0.054056 
 0.464713 -0.248476 0.058160 
 0.439556 -0.232638 0.024575 
 0.414812 -0.213634 -0.027880 
 0.389022 -0.207516 -0.004948 
 0.363510 -0.198183 -0.000865 
 0.337998 -0.188849 0.003218 
 0.312486 -0.179516 0.007300 
 0.286974 -0.170182 0.011383 
 0.261462 -0.160849 0.015466 
 0.234925 -0.157774 0.057323 
 0.209346 -0.148416 0.061416 
 0.182607 -0.145268 0.103306 
 0.155121 -0.145164 0.164120 
 0.129374 -0.135744 0.168240 
 0.103628 -0.126325 0.172361 
 0.077881 -0.116906 0.176481 
 0.052134 -0.107486 0.180601 
 0.026388 -0.098067 0.184721 
 0.000641 -0.088648 0.188842 
 -0.025106 -0.079228 0.192962 
 -0.049970 -0.066815 0.178136 
 -0.075684 -0.057408 0.182251 
 -0.099499 -0.042061 0.148452 
 -0.123181 -0.026763 0.114631 
 -0.146729 -0.011514 0.080789 
 -0.171191 0.000753 0.065899 
 -0.192339 0.021758 -0.005938 
 -0.217683 0.031030 -0.001882 
 -0.241878 0.043199 -0.016815 
 -0.267188 0.052459 -0.012764 
 -0.292499 0.061719 -0.008714 
 -0.317810 0.070978 -0.004663 
 -0.340553 0.085933 -0.038635 
 -0.365797 0.095168 -0.034595 
 -0.391041 0.104404 -0.030555 
 -0.416284 0.113639 -0.026515 
 -0.441528 0.122874 -0.022476 
 -0.466772 0.132110 -0.018436 
 -0.490530 0.144119 -0.033439 
 -0.517259 0.150580 -0.010356 
 -0.542503 0.159816 -0.006316 
 0.582398 -0.343495 0.162480 
 0.556879 -0.320741 0.091387 
 0.531132 -0.311322 0.095508 
 0.505543 -0.298606 0.080809 
 0.480211 -0.282630 0.047275 
 0.454565 -0.273248 0.051379 
 0.429435 -0.257345 0.017811 
 0.404730 -0.238244 -0.034617 
 0.378927 -0.232158 -0.011694 
 0.353415 -0.222825 -0.007611 
 0.327903 -0.213491 -0.003528 
 0.302391 -0.204158 0.000554 
 0.276879 -0.194824 0.004637 
 0.250382 -0.191839 0.046465 
 0.224803 -0.182481 0.050559 
 0.198105 -0.179422 0.092421 
 0.171273 -0.176314 0.134303 
 0.144933 -0.170032 0.157312 
 0.119186 -0.160613 0.161432 
 0.093440 -0.151194 0.165553 
 0.067693 -0.141774 0.169673 
 0.041947 -0.132355 0.173793 
 0.016200 -0.122936 0.177913 
 -0.009546 -0.113516 0.182034 
 -0.035293 -0.104097 0.186154 
 -0.060145 -0.091651 0.171337 
 -0.084001 -0.076215 0.137567 
 -0.107723 -0.060827 0.103774 
 -0.133302 -0.051469 0.107867 
 -0.156824 -0.036156 0.074044 
 -0.181273 -0.023857 0.059162 
 -0.202368 -0.002722 -0.012639 
 -0.226582 0.009491 -0.027558 
 -0.251893 0.018751 -0.023508 
 -0.277204 0.028011 -0.019457 
 -0.302514 0.037271 -0.015407 
 -0.327825 0.046531 -0.011356 
 -0.353136 0.055791 -0.007306 
 -0.378447 0.065050 -0.003255 
 -0.401029 0.080021 -0.037230 
 -0.426273 0.089256 -0.033190 
 -0.451517 0.098491 -0.029151 
 -0.476760 0.107727 -0.025111 
 -0.502004 0.116962 -0.021071 
 -0.527248 0.126197 -0.017031 
 -0.552492 0.135433 -0.012991 
 0.572298 -0.361761 0.118049 
 0.546691 -0.345610 0.084579 
 0.521081 -0.332849 0.069895 
 0.495710 -0.316784 0.036389 
 0.470064 -0.307402 0.040493 
 0.444893 -0.291410 0.006954 
 0.419314 -0.282052 0.011047 
 0.394649 -0.262854 -0.041354 
 0.368832 -0.256800 -0.018440 
 0.343320 -0.247467 -0.014357 
 0.317808 -0.238133 -0.010274 
 0.292296 -0.228800 -0.006192 
 0.266785 -0.219466 -0.002109 
 0.241273 -0.210133 0.001974 
 0.214682 -0.207188 0.043795 
 0.187957 -0.204194 0.085639 
 0.161098 -0.201151 0.127504 
 0.134746 -0.194901 0.150504 
 0.108999 -0.185482 0.154624 
 0.083252 -0.176062 0.158745 
 0.057506 -0.166643 0.162865 
 0.031759 -0.157224 0.166985 
 0.006013 -0.147804 0.171105 
 -0.019734 -0.138385 0.175226 
 -0.044606 -0.125894 0.160423 
 -0.070319 -0.116487 0.164538 
 -0.094149 -0.100986 0.130785 
 -0.117845 -0.085534 0.097010 
 -0.143424 -0.076176 0.101104 
 -0.166918 -0.060798 0.067298 
 -0.191354 -0.048466 0.052425 
 -0.212396 -0.027202 -0.019341 
 -0.237740 -0.017930 -0.015285 
 -0.261908 -0.005697 -0.030200 
 -0.287219 0.003563 -0.026150 
 -0.312530 0.012823 -0.022099 
 -0.337840 0.022083 -0.018049 
 -0.363151 0.031343 -0.013998 
 -0.388462 0.040603 -0.009948 
 -0.413773 0.049863 -0.005897 
 -0.439083 0.059122 -0.001847 
 -0.464394 0.068382 0.002204 
 -0.489705 0.077642 0.006254 
 -0.515016 0.086902 0.010305 
 -0.540327 0.096162 0.014355 
 -0.565637 0.105421 0.018406 
 -0.590948 0.114681 0.022457 
 0.587897 -0.396139 0.107092 
 0.562083 -0.386695 0.111223 
 0.536503 -0.370479 0.077771 
 0.510907 -0.357686 0.063096 
 0.485194 -0.348278 0.067210 
 0.459916 -0.332173 0.033712 
 0.434270 -0.322791 0.037816 
 0.409192 -0.306758 0.004284 
 0.384249 -0.290776 -0.029269 
 0.358737 -0.281442 -0.025186 
 0.333226 -0.272109 -0.021103 
 0.307714 -0.262775 -0.017020 
 0.282202 -0.253442 -0.012938 
 0.256690 -0.244108 -0.008855 
 0.231178 -0.234775 -0.004772 
 0.204561 -0.231895 0.037032 
 0.178982 -0.222537 0.041125 
 0.152163 -0.219583 0.082962 
 0.125211 -0.216580 0.124819 
 0.098811 -0.210350 0.147816 
 0.073065 -0.200931 0.151937 
 0.047318 -0.191512 0.156057 
 0.021571 -0.182092 0.160177 
 -0.004175 -0.172673 0.164297 
 -0.029922 -0.163254 0.168418 
 -0.055668 -0.153834 0.172538 
 -0.080494 -0.141324 0.157739 
 -0.102387 -0.119599 0.086153 
 -0.125989 -0.104107 0.052386 
 -0.151501 -0.094773 0.056469 
 -0.175958 -0.082397 0.041611 
 -0.199258 -0.067015 0.007794 
 -0.222424 -0.051682 -0.026043 
 -0.246613 -0.039404 -0.040944 
 -0.271923 -0.030144 -0.036893 
 -0.297234 -0.020885 -0.032843 
 -0.322545 -0.011625 -0.028792 
 -0.347856 -0.002365 -0.024742 
 -0.373166 0.006895 -0.020691 
 -0.398477 0.016155 -0.016640 
 -0.423788 0.025415 -0.012590 
 -0.449098 0.034674 -0.008539 
 -0.474409 0.043934 -0.004489 
 -0.499720 0.053194 -0.000438 
 -0.525031 0.062454 0.003612 
 -0.550342 0.071714 0.007663 
 -0.575652 0.080974 0.011713 
 -0.600963 0.090234 0.015764 
 0.577683 -0.421072 0.100266 
 0.551676 -0.418489 0.141950 
 0.526316 -0.395347 0.070963 
 0.500733 -0.382522 0.056296 
 0.475020 -0.373115 0.060411 
 0.449768 -0.356945 0.026930 
 0.424122 -0.347562 0.031035 
 0.399071 -0.331465 -0.002480 
 0.374155 -0.315418 -0.036014 
 0.348643 -0.306084 -0.031932 
 0.323131 -0.296751 -0.027849 
 0.297619 -0.287417 -0.023766 
 0.272107 -0.278084 -0.019684 
 0.246595 -0.268750 -0.015601 
 0.221083 -0.259417 -0.011518 
 0.194439 -0.256601 0.030268 
 0.168860 -0.247243 0.034361 
 0.143281 -0.237885 0.038455 
 0.115037 -0.241416 0.118020 
 0.089324 -0.232009 0.122135 
 0.062877 -0.225800 0.145129 
 0.037897 -0.213195 0.130365 
 0.011384 -0.206961 0.153369 
 -0.013529 -0.194381 0.138595 
 -0.040109 -0.188122 0.161610 
 -0.064955 -0.175567 0.146825 
 -0.088799 -0.159912 0.113118 
 -0.110572 -0.138082 0.041557 
 -0.136084 -0.128749 0.045640 
 -0.160561 -0.116328 0.030796 
 -0.183902 -0.100857 -0.002992 
 -0.209313 -0.091560 0.001075 
 -0.232453 -0.076162 -0.032744 
 -0.256628 -0.063852 -0.047637 
 -0.281938 -0.054592 -0.043586 
 -0.307249 -0.045332 -0.039535 
 -0.332560 -0.036072 -0.035485 
 -0.357871 -0.026813 -0.031434 
 -0.383182 -0.017553 -0.027384 
 -0.408492 -0.008293 -0.023333 
 -0.433803 0.000967 -0.019283 
 -0.459114 0.010227 -0.015232 
 -0.484425 0.019487 -0.011182 
 -0.509735 0.028746 -0.007131 
 -0.535046 0.038006 -0.003081 
 -0.560357 0.047266 0.000970 
 -0.585668 0.056526 0.005021 
 0.541655 -0.436561 0.097571 
 0.516128 -0.420216 0.064155 
 0.490558 -0.407358 0.049497 
 0.465266 -0.391099 0.016045 
 0.439620 -0.381716 0.020149 
 0.413974 -0.372334 0.024253 
 0.388950 -0.356172 -0.009244 
 0.364060 -0.340060 -0.042760 
 0.338548 -0.330726 -0.038678 
 0.313036 -0.321393 -0.034595 
 0.287524 -0.312059 -0.030512 
 0.262012 -0.302726 -0.026429 
 0.236500 -0.293392 -0.022347 
 0.210988 -0.284059 -0.018264 
 0.185476 -0.274725 -0.014181 
 0.158739 -0.271950 0.027598 
 0.133160 -0.262592 0.031691 
 0.106222 -0.259744 0.073503 
 0.079149 -0.256845 0.115336 
 0.053436 -0.247438 0.119451 
 0.027723 -0.238031 0.123566 
 0.002010 -0.228624 0.127681 
 -0.023703 -0.219217 0.131796 
 -0.049416 -0.209810 0.135911 
 -0.073300 -0.194066 0.102233 
 -0.097051 -0.178370 0.068532 
 -0.120667 -0.162724 0.034812 
 -0.146179 -0.153391 0.038894 
 -0.170642 -0.140938 0.024059 
 -0.193957 -0.125401 -0.009711 
 -0.219368 -0.116105 -0.005644 
 -0.241332 -0.097560 -0.058380 
 -0.266643 -0.088300 -0.054329 
 -0.291954 -0.079040 -0.050279 
 -0.317264 -0.069780 -0.046228 
 -0.342575 -0.060520 -0.042178 
 -0.367886 -0.051260 -0.038127 
 -0.393197 -0.042000 -0.034077 
 -0.418508 -0.032741 -0.030026 
 -0.445236 -0.026465 -0.006999 
 -0.470580 -0.017193 -0.002943 
 -0.495924 -0.007921 0.001113 
 -0.521268 0.001351 0.005169 
 -0.546613 0.010623 0.009225 
 -0.570372 0.022819 -0.005723 
 0.531441 -0.461495 0.090746 
 0.505941 -0.445085 0.057347 
 0.480384 -0.432194 0.042698 
 0.455118 -0.415870 0.009263 
 0.429472 -0.406488 0.013368 
 0.403826 -0.397105 0.017472 
 0.378829 -0.380879 -0.016007 
 0.353965 -0.364702 -0.049506 
 0.328453 -0.355368 -0.045424 
 0.302941 -0.346035 -0.041341 
 0.277429 -0.336701 -0.037258 
 0.251917 -0.327368 -0.033175 
 0.226405 -0.318034 -0.029093 
 0.200894 -0.308701 -0.025010 
 0.175382 -0.299367 -0.020927 
 0.148618 -0.296657 0.020834 
 0.123039 -0.287299 0.024927 
 0.096074 -0.284515 0.066722 
 0.068975 -0.281682 0.108537 
 0.043262 -0.272275 0.112652 
 0.017549 -0.262868 0.116767 
 -0.008164 -0.253461 0.120882 
 -0.033877 -0.244054 0.124997 
 -0.059590 -0.234647 0.129112 
 -0.083448 -0.218837 0.095451 
 -0.107172 -0.203077 0.061769 
 -0.130761 -0.187366 0.028066 
 -0.156273 -0.178033 0.032148 
 -0.180724 -0.165547 0.017322 
 -0.204012 -0.149946 -0.016430 
 -0.229423 -0.140650 -0.012364 
 -0.251347 -0.122007 -0.065073 
 -0.276658 -0.112747 -0.061022 
 -0.301969 -0.103488 -0.056971 
 -0.327280 -0.094228 -0.052921 
 -0.352590 -0.084968 -0.048870 
 -0.377901 -0.075708 -0.044820 
 -0.404575 -0.069490 -0.021812 
 -0.429920 -0.060218 -0.017756 
 -0.455264 -0.050946 -0.013700 
 -0.480608 -0.041673 -0.009644 
 -0.505953 -0.032401 -0.005588 
 -0.531297 -0.023129 -0.001532 
 -0.556641 -0.013857 0.002523 
 0.521227 -0.486428 0.083920 
 0.495753 -0.469953 0.050539 
 0.470210 -0.457031 0.035899 
 0.444970 -0.440642 0.002482 
 0.419324 -0.431259 0.006586 
 0.394286 -0.414943 -0.026864 
 0.368707 -0.405585 -0.022771 
 0.343870 -0.389344 -0.056252 
 0.318358 -0.380010 -0.052170 
 0.292846 -0.370677 -0.048087 
 0.267335 -0.361343 -0.044004 
 0.241823 -0.352010 -0.039921 
 0.216311 -0.342676 -0.035839 
 0.190799 -0.333343 -0.031756 
 0.165287 -0.324009 -0.027673 
 0.138497 -0.321364 0.014070 
 0.112918 -0.312006 0.018164 
 0.087339 -0.302648 0.022257 
 0.060280 -0.299904 0.064045 
 0.033087 -0.297111 0.105853 
 0.007374 -0.287704 0.109968 
 -0.018339 -0.278297 0.114083 
 -0.042304 -0.262374 0.080462 
 -0.067950 -0.252991 0.084566 
 -0.091714 -0.237142 0.050911 
 -0.117293 -0.227784 0.055005 
 -0.140856 -0.212008 0.021320 
 -0.166368 -0.202675 0.025402 
 -0.190805 -0.190157 0.010585 
 -0.214066 -0.174491 -0.023150 
 -0.237194 -0.158875 -0.056905 
 -0.262538 -0.149603 -0.052849 
 -0.286673 -0.137195 -0.067715 
 -0.311984 -0.127935 -0.063664 
 -0.337295 -0.118676 -0.059614 
 -0.362606 -0.109416 -0.055563 
 -0.389260 -0.103242 -0.032570 
 -0.414604 -0.093970 -0.028514 
 -0.439948 -0.084698 -0.024458 
 -0.468180 -0.081525 0.017517 
 -0.493591 -0.072228 0.021583 
 -0.519002 -0.062931 0.025650 
 -0.539781 -0.044597 -0.027209 
 -0.565092 -0.035337 -0.023159 
 0.485565 -0.494822 0.043731 
 0.460035 -0.481867 0.029100 
 0.434823 -0.465413 -0.004299 
 0.409177 -0.456031 -0.000195 
 0.383531 -0.446648 0.003909 
 0.358586 -0.430292 -0.029535 
 0.333776 -0.413986 -0.062998 
 0.308264 -0.404652 -0.058915 
 0.282752 -0.395319 -0.054833 
 0.257240 -0.385985 -0.050750 
 0.231728 -0.376652 -0.046667 
 0.206216 -0.367318 -0.042585 
 0.180704 -0.357985 -0.038502 
 0.155192 -0.348651 -0.034419 
 0.128375 -0.346070 0.007307 
 0.102796 -0.336712 0.011400 
 0.077217 -0.327354 0.015494 
 0.050132 -0.324676 0.057263 
 0.024486 -0.315293 0.061368 
 -0.001160 -0.305911 0.065472 
 -0.026806 -0.296528 0.069576 
 -0.052452 -0.287145 0.073680 
 -0.076257 -0.271207 0.040054 
 -0.101835 -0.261849 0.044148 
 -0.127415 -0.252491 0.048241 
 -0.150951 -0.236650 0.014574 
 -0.175408 -0.224088 -0.000230 
 -0.200887 -0.214766 0.003848 
 -0.224121 -0.199036 -0.029869 
 -0.247222 -0.183355 -0.063607 
 -0.272567 -0.174083 -0.059551 
 -0.296689 -0.161643 -0.074408 
 -0.321999 -0.152383 -0.070357 
 -0.347310 -0.143123 -0.066306 
 -0.373944 -0.136994 -0.043327 
 -0.399288 -0.127722 -0.039271 
 -0.427412 -0.124663 0.002664 
 -0.452824 -0.115366 0.006731 
 -0.478235 -0.106069 0.010797 
 -0.506627 -0.102912 0.052776 
 -0.529057 -0.087476 0.018931 
 -0.554469 -0.078179 0.022997 
 -0.579880 -0.068883 0.027064 
 0.475378 -0.519691 0.036923 
 0.449631 -0.510271 0.041044 
 0.424148 -0.497296 0.026416 
 0.399029 -0.480802 -0.006977 
 0.373383 -0.471420 -0.002872 
 0.348465 -0.454999 -0.036298 
 0.323681 -0.438628 -0.069744 
 0.298169 -0.429294 -0.065661 
 0.272657 -0.419961 -0.061579 
 0.247145 -0.410627 -0.057496 
 0.221633 -0.401294 -0.053413 
 0.196121 -0.391960 -0.049331 
 0.170609 -0.382627 -0.045248 
 0.145097 -0.373294 -0.041165 
 0.119585 -0.363960 -0.037082 
 0.092675 -0.361419 0.004636 
 0.067096 -0.352061 0.008730 
 0.041517 -0.342703 0.012823 
 0.014338 -0.340065 0.054586 
 -0.011308 -0.330682 0.058690 
 -0.036954 -0.321300 0.062795 
 -0.062600 -0.311917 0.066899 
 -0.086378 -0.295913 0.033291 
 -0.111957 -0.286555 0.037384 
 -0.135534 -0.270626 0.003745 
 -0.161046 -0.261292 0.007828 
 -0.185490 -0.248697 -0.006967 
 -0.210968 -0.239376 -0.002889 
 -0.234176 -0.223581 -0.036588 
 -0.257251 -0.207835 -0.070308 
 -0.282595 -0.198563 -0.066252 
 -0.307939 -0.189291 -0.062196 
 -0.333283 -0.180019 -0.058140 
 -0.358628 -0.170747 -0.054085 
 -0.383972 -0.161474 -0.050029 
 -0.412056 -0.158504 -0.008122 
 -0.437467 -0.149208 -0.004055 
 -0.462879 -0.139911 0.000011 
 -0.488290 -0.130614 0.004078 
 -0.516709 -0.127522 0.046039 
 -0.539112 -0.112021 0.012211 
 -0.564524 -0.102724 0.016278 
 -0.589935 -0.093428 0.020344 
 0.465190 -0.544559 0.030115 
 0.439687 -0.531540 0.015502 
 0.413974 -0.522132 0.019617 
 0.388881 -0.505574 -0.013758 
 0.363235 -0.496191 -0.009654 
 0.338343 -0.479706 -0.043062 
 0.313586 -0.463270 -0.076490 
 0.288074 -0.453936 -0.072407 
 0.262562 -0.444603 -0.068325 
 0.237050 -0.435269 -0.064242 
 0.211538 -0.425936 -0.060159 
 0.186026 -0.416602 -0.056076 
 0.160514 -0.407269 -0.051994 
 0.135003 -0.397935 -0.047911 
 0.109491 -0.388602 -0.043828 
 0.083979 -0.379269 -0.039746 
 0.056975 -0.376768 0.001966 
 0.031396 -0.367410 0.006060 
 0.004191 -0.364836 0.047805 
 -0.021455 -0.355454 0.051909 
 -0.047101 -0.346071 0.056013 
 -0.070920 -0.329978 0.022434 
 -0.096499 -0.320620 0.026527 
 -0.120117 -0.304601 -0.007084 
 -0.145628 -0.295268 -0.003001 
 -0.171141 -0.285934 0.001082 
 -0.196652 -0.276601 0.005165 
 -0.221050 -0.263986 -0.009626 
 -0.246528 -0.254665 -0.005549 
 -0.269643 -0.238829 -0.039241 
 -0.292623 -0.223043 -0.072954 
 -0.317968 -0.213771 -0.068898 
 -0.343312 -0.204499 -0.064842 
 -0.368656 -0.195227 -0.060786 
 -0.396699 -0.192346 -0.018908 
 -0.422111 -0.183049 -0.014841 
 -0.450355 -0.180095 0.027070 
 -0.475834 -0.170774 0.031147 
 -0.501312 -0.161453 0.035225 
 -0.526790 -0.152132 0.039302 
 -0.552269 -0.142810 0.043379 
 -0.577747 -0.133489 0.047457 
 -0.599990 -0.117973 0.013625 
 0.455002 -0.569428 0.023307 
 0.429256 -0.560009 0.027428 
 0.403799 -0.546969 0.012817 
 0.378733 -0.530345 -0.020539 
 0.353087 -0.520963 -0.016435 
 0.327441 -0.511580 -0.012331 
 0.303491 -0.487912 -0.083236 
 0.277979 -0.478578 -0.079153 
 0.252467 -0.469245 -0.075071 
 0.226956 -0.459911 -0.070988 
 0.202002 -0.447055 -0.085679 
 0.175932 -0.441244 -0.062822 
 0.150420 -0.431911 -0.058740 
 0.124908 -0.422578 -0.054657 
 0.099396 -0.413244 -0.050574 
 0.073884 -0.403911 -0.046491 
 0.046853 -0.401475 -0.004797 
 0.021274 -0.392117 -0.000704 
 -0.005957 -0.389608 0.041023 
 -0.031603 -0.380225 0.045128 
 -0.057249 -0.370843 0.049232 
 -0.081042 -0.354685 0.015670 
 -0.106620 -0.345327 0.019763 
 -0.132199 -0.335969 0.023857 
 -0.155723 -0.319910 -0.009747 
 -0.181235 -0.310576 -0.005664 
 -0.205653 -0.297917 -0.020441 
 -0.231131 -0.288595 -0.016363 
 -0.256610 -0.279274 -0.012286 
 -0.279698 -0.263374 -0.045961 
 -0.305109 -0.254077 -0.041894 
 -0.330520 -0.244781 -0.037827 
 -0.355932 -0.235484 -0.033761 
 -0.381343 -0.226187 -0.029694 
 -0.409480 -0.223347 0.012178 
 -0.434958 -0.214026 0.016256 
 -0.461866 -0.207908 0.039246 
 -0.487379 -0.198575 0.043329 
 -0.512890 -0.189241 0.047411 
 -0.538402 -0.179908 0.051494 
 -0.562350 -0.167420 0.036642 
 -0.587829 -0.158099 0.040720 
 0.444815 -0.594297 0.016499 
 0.418529 -0.592208 0.058053 
 0.393322 -0.575458 0.024740 
 0.367575 -0.566039 0.028860 
 0.342939 -0.545734 -0.023217 
 0.317293 -0.536352 -0.019112 
 0.293397 -0.512554 -0.089982 
 0.267885 -0.503220 -0.085899 
 0.242373 -0.493887 -0.081817 
 0.216861 -0.484553 -0.077734 
 0.191349 -0.475220 -0.073651 
 0.165837 -0.465886 -0.069568 
 0.140963 -0.453023 -0.084261 
 0.115485 -0.443702 -0.080184 
 0.089301 -0.437886 -0.057320 
 0.063789 -0.428553 -0.053237 
 0.038277 -0.419219 -0.049155 
 0.011153 -0.416824 -0.007468 
 -0.014426 -0.407466 -0.003374 
 -0.040005 -0.398108 0.000719 
 -0.065584 -0.388750 0.004813 
 -0.091163 -0.379392 0.008906 
 -0.116742 -0.370034 0.013000 
 -0.140306 -0.353885 -0.020575 
 -0.165818 -0.344552 -0.016493 
 -0.191330 -0.335218 -0.012410 
 -0.215734 -0.322526 -0.027178 
 -0.241213 -0.313205 -0.023100 
 -0.266691 -0.303884 -0.019023 
 -0.292169 -0.294563 -0.014946 
 -0.317648 -0.285241 -0.010868 
 -0.340575 -0.269326 -0.044547 
 -0.368605 -0.266599 -0.002714 
 -0.394083 -0.257278 0.001364 
 -0.419561 -0.247957 0.005441 
 -0.445040 -0.238635 0.009518 
 -0.471961 -0.232550 0.032500 
 -0.497473 -0.223217 0.036583 
 -0.522985 -0.213883 0.040665 
 -0.548497 -0.204550 0.044748 
 -0.574009 -0.195216 0.048831 
 -0.599521 -0.185883 0.052914 
 0.434128 -0.626585 0.047097 
 0.408881 -0.609746 0.013812 
 0.383134 -0.600327 0.017932 
 0.357387 -0.590907 0.022052 
 0.332024 -0.577827 0.007449 
 0.306311 -0.568420 0.011564 
 0.280598 -0.559013 0.015679 
 0.257790 -0.527862 -0.092645 
 0.232278 -0.518529 -0.088562 
 0.206766 -0.509195 -0.084480 
 0.181839 -0.496275 -0.099153 
 0.156360 -0.486953 -0.095075 
 0.130882 -0.477632 -0.090998 
 0.105404 -0.468311 -0.086921 
 0.079925 -0.458990 -0.082843 
 0.054447 -0.449669 -0.078766 
 0.028183 -0.443861 -0.055901 
 0.002671 -0.434528 -0.051818 
 -0.022841 -0.425194 -0.047735 
 -0.050126 -0.422814 -0.006044 
 -0.075705 -0.413456 -0.001951 
 -0.101284 -0.404098 0.002143 
 -0.126863 -0.394740 0.006236 
 -0.150401 -0.378527 -0.027321 
 -0.175913 -0.369194 -0.023239 
 -0.201425 -0.359860 -0.019156 
 -0.225816 -0.347136 -0.033915 
 -0.251294 -0.337815 -0.029838 
 -0.276773 -0.328493 -0.025760 
 -0.302251 -0.319172 -0.021683 
 -0.327729 -0.309851 -0.017605 
 -0.353208 -0.300530 -0.013528 
 -0.378686 -0.291209 -0.009451 
 -0.404164 -0.281887 -0.005373 
 -0.429643 -0.272566 -0.001296 
 -0.456544 -0.266526 0.021671 
 -0.482056 -0.257192 0.025754 
 -0.507568 -0.247859 0.029837 
 -0.533080 -0.238525 0.033919 
 -0.561706 -0.235655 0.075825 
 -0.587284 -0.226297 0.079918 
 -0.609616 -0.210525 0.046168 
 0.423914 -0.651519 0.040271 
 0.398693 -0.634615 0.007004 
 0.372946 -0.625195 0.011124 
 0.347200 -0.615776 0.015244 
 0.321850 -0.602664 0.000650 
 0.296137 -0.593257 0.004765 
 0.272279 -0.569175 -0.066023 
 0.247695 -0.552504 -0.099391 
 0.222183 -0.543171 -0.095308 
 0.196671 -0.533837 -0.091226 
 0.171757 -0.520884 -0.105890 
 0.146279 -0.511563 -0.101813 
 0.120800 -0.502242 -0.097735 
 0.095322 -0.492921 -0.093658 
 0.069844 -0.483600 -0.089580 
 0.044365 -0.474278 -0.085503 
 0.018088 -0.468503 -0.062647 
 -0.009089 -0.466237 -0.020995 
 -0.034668 -0.456879 -0.016902 
 -0.060247 -0.447521 -0.012808 
 -0.085826 -0.438163 -0.008715 
 -0.111405 -0.428805 -0.004621 
 -0.136984 -0.419447 -0.000528 
 -0.160496 -0.403169 -0.034067 
 -0.186008 -0.393836 -0.029985 
 -0.211520 -0.384502 -0.025902 
 -0.235897 -0.371745 -0.040652 
 -0.261376 -0.362424 -0.036575 
 -0.286854 -0.353103 -0.032497 
 -0.312332 -0.343782 -0.028420 
 -0.337811 -0.334461 -0.024343 
 -0.363289 -0.325139 -0.020265 
 -0.388768 -0.315818 -0.016188 
 -0.415615 -0.309835 0.006760 
 -0.441127 -0.300501 0.010843 
 -0.466639 -0.291168 0.014925 
 -0.492151 -0.281834 0.019008 
 -0.520669 -0.279077 0.060874 
 -0.546248 -0.269720 0.064968 
 -0.571827 -0.260361 0.069061 
 -0.597406 -0.251004 0.073155 
 0.413700 -0.676452 0.033445 
 0.387886 -0.667008 0.037576 
 0.362759 -0.650064 0.004316 
 0.337012 -0.640645 0.008436 
 0.311676 -0.627500 -0.006149 
 0.286850 -0.610666 -0.039457 
 0.262158 -0.593882 -0.072787 
 0.237600 -0.577146 -0.106137 
 0.212088 -0.567813 -0.102054 
 0.187154 -0.554815 -0.116704 
 0.161676 -0.545494 -0.112627 
 0.137487 -0.528893 -0.146037 
 0.110719 -0.526852 -0.104472 
 0.086664 -0.510300 -0.137904 
 0.061253 -0.501003 -0.133837 
 0.035841 -0.491707 -0.129771 
 0.008805 -0.489567 -0.088163 
 -0.017519 -0.483812 -0.065310 
 -0.043031 -0.474478 -0.061227 
 -0.068543 -0.465145 -0.057144 
 -0.095948 -0.462870 -0.015478 
 -0.121527 -0.453512 -0.011385 
 -0.147106 -0.444154 -0.007291 
 -0.172685 -0.434796 -0.003198 
 -0.196102 -0.418478 -0.036731 
 -0.221614 -0.409144 -0.032648 
 -0.247126 -0.399811 -0.028565 
 -0.272638 -0.390477 -0.024482 
 -0.298150 -0.381144 -0.020400 
 -0.323662 -0.371810 -0.016317 
 -0.349174 -0.362477 -0.012234 
 -0.374686 -0.353143 -0.008152 
 -0.400198 -0.343810 -0.004069 
 -0.428474 -0.341216 0.037737 
 -0.451222 -0.325143 0.004097 
 -0.476734 -0.315810 0.008179 
 -0.505211 -0.313142 0.050017 
 -0.533823 -0.310426 0.091878 
 -0.559469 -0.301044 0.095982 
 -0.585115 -0.291661 0.100086 
 0.403486 -0.701385 0.026620 
 0.377672 -0.691942 0.030751 
 0.352571 -0.674933 -0.002492 
 0.326824 -0.665513 0.001628 
 0.301501 -0.652336 -0.012948 
 0.276702 -0.635438 -0.046238 
 0.253017 -0.611122 -0.116966 
 0.227506 -0.601788 -0.112883 
 0.201994 -0.592455 -0.108800 
 0.177073 -0.579425 -0.123441 
 0.151594 -0.570104 -0.119364 
 0.127432 -0.553438 -0.152757 
 0.100637 -0.551461 -0.111209 
 0.075159 -0.542140 -0.107132 
 0.051198 -0.525548 -0.140557 
 0.024202 -0.523498 -0.098977 
 -0.002102 -0.517787 -0.076138 
 -0.027614 -0.508454 -0.072056 
 -0.053126 -0.499120 -0.067973 
 -0.080490 -0.496935 -0.026335 
 -0.106069 -0.487577 -0.022242 
 -0.131648 -0.478219 -0.018148 
 -0.157227 -0.468861 -0.014055 
 -0.180685 -0.452453 -0.047559 
 -0.206197 -0.443120 -0.043477 
 -0.231709 -0.433786 -0.039394 
 -0.257221 -0.424453 -0.035311 
 -0.282733 -0.415119 -0.031228 
 -0.308245 -0.405786 -0.027146 
 -0.333757 -0.396452 -0.023063 
 -0.359269 -0.387119 -0.018980 
 -0.384781 -0.377785 -0.014897 
 -0.413017 -0.375281 0.026880 
 -0.441387 -0.372728 0.068679 
 -0.467033 -0.363345 0.072784 
 -0.492679 -0.353963 0.076888 
 -0.521317 -0.351311 0.118729 
 -0.547030 -0.341904 0.122844 
 -0.572743 -0.332497 0.126959 
 -0.595263 -0.316433 0.093304 
 0.415858 -0.781983 0.239601 
 0.390549 -0.760873 0.187796 
 0.367458 -0.716875 0.023925 
 0.342384 -0.699801 -0.009300 
 0.316637 -0.690382 -0.005180 
 0.291327 -0.677173 -0.019748 
 0.265144 -0.671544 0.003061 
 0.242923 -0.635764 -0.123712 
 0.217411 -0.626430 -0.119629 
 0.191899 -0.617097 -0.115546 
 0.166387 -0.607763 -0.111464 
 0.141513 -0.594713 -0.126101 
 0.116034 -0.585392 -0.122024 
 0.090556 -0.576071 -0.117946 
 0.065078 -0.566750 -0.113869 
 0.039599 -0.557429 -0.109792 
 0.014121 -0.548107 -0.105714 
 -0.012196 -0.542429 -0.082884 
 -0.037708 -0.533096 -0.078802 
 -0.063220 -0.523762 -0.074719 
 -0.090611 -0.521641 -0.033099 
 -0.116190 -0.512283 -0.029006 
 -0.141769 -0.502925 -0.024912 
 -0.169428 -0.500707 0.016752 
 -0.192927 -0.484209 -0.016725 
 -0.218506 -0.474852 -0.012632 
 -0.241804 -0.458428 -0.046140 
 -0.267316 -0.449095 -0.042057 
 -0.292828 -0.439761 -0.037974 
 -0.318340 -0.430428 -0.033892 
 -0.343852 -0.421094 -0.029809 
 -0.369363 -0.411761 -0.025726 
 -0.397559 -0.409346 0.016022 
 -0.425888 -0.406882 0.057794 
 -0.451534 -0.397499 0.061898 
 -0.480065 -0.394961 0.103700 
 -0.505778 -0.385554 0.107815 
 -0.533001 -0.379545 0.130790 
 -0.558747 -0.370126 0.134910 
 -0.582917 -0.357333 0.120160 
 0.406331 -0.795652 0.176711 
 0.380847 -0.778355 0.143574 
 0.357244 -0.741809 0.017099 
 0.331430 -0.732365 0.021230 
 0.306449 -0.715251 -0.011988 
 0.280703 -0.705831 -0.007867 
 0.255440 -0.692602 -0.022432 
 0.231794 -0.668002 -0.093078 
 0.207316 -0.651072 -0.126375 
 0.181804 -0.641739 -0.122292 
 0.156292 -0.632405 -0.118209 
 0.131431 -0.619323 -0.132838 
 0.105953 -0.610002 -0.128761 
 0.080475 -0.600681 -0.124683 
 0.054996 -0.591359 -0.120606 
 0.029518 -0.582038 -0.116529 
 0.004039 -0.572717 -0.112451 
 -0.022291 -0.567071 -0.089630 
 -0.047803 -0.557738 -0.085548 
 -0.073315 -0.548404 -0.081465 
 -0.098827 -0.539071 -0.077382 
 -0.126311 -0.536990 -0.035769 
 -0.151890 -0.527632 -0.031676 
 -0.179576 -0.525478 0.009970 
 -0.203048 -0.508916 -0.023489 
 -0.228627 -0.499558 -0.019395 
 -0.254206 -0.490200 -0.015302 
 -0.279785 -0.480842 -0.011209 
 -0.305364 -0.471484 -0.007115 
 -0.328434 -0.455070 -0.040638 
 -0.356522 -0.452768 0.001072 
 -0.382101 -0.443410 0.005165 
 -0.407680 -0.434052 0.009259 
 -0.436036 -0.431653 0.051012 
 -0.461682 -0.422271 0.055117 
 -0.490240 -0.419798 0.096901 
 -0.517442 -0.413833 0.119862 
 -0.543188 -0.404414 0.123982 
 -0.568935 -0.394994 0.128102 
 0.347030 -0.766742 0.010273 
 0.321216 -0.757298 0.014404 
 0.296262 -0.740119 -0.018796 
 0.270515 -0.730700 -0.014675 
 0.245265 -0.717438 -0.029231 
 0.221673 -0.692709 -0.099841 
 0.197221 -0.675714 -0.133121 
 0.171709 -0.666381 -0.129038 
 0.146198 -0.657047 -0.124955 
 0.121350 -0.643932 -0.139575 
 0.095871 -0.634611 -0.135498 
 0.070393 -0.625290 -0.131421 
 0.044915 -0.615969 -0.127343 
 0.019436 -0.606648 -0.123266 
 -0.006042 -0.597327 -0.119188 
 -0.031520 -0.588005 -0.115111 
 -0.057898 -0.582380 -0.092294 
 -0.083410 -0.573046 -0.088211 
 -0.108922 -0.563713 -0.084128 
 -0.136433 -0.561697 -0.042533 
 -0.162012 -0.552339 -0.038440 
 -0.189724 -0.550250 0.003189 
 -0.213170 -0.533623 -0.030253 
 -0.241016 -0.531485 0.011397 
 -0.264328 -0.514907 -0.022066 
 -0.289906 -0.505549 -0.017972 
 -0.315486 -0.496191 -0.013879 
 -0.341065 -0.486833 -0.009785 
 -0.366644 -0.477475 -0.005692 
 -0.394892 -0.475190 0.036023 
 -0.420538 -0.465807 0.040127 
 -0.446184 -0.456425 0.044231 
 -0.474701 -0.454041 0.085987 
 -0.501883 -0.448121 0.108933 
 -0.527629 -0.438702 0.113054 
 -0.553376 -0.429282 0.117174 
 -0.579123 -0.419863 0.121294 
 0.336064 -0.799524 0.040738 
 0.311002 -0.782232 0.007579 
 0.286074 -0.764988 -0.025604 
 0.260328 -0.755569 -0.021483 
 0.235091 -0.742274 -0.036030 
 0.211552 -0.717416 -0.106605 
 0.187127 -0.700356 -0.139867 
 0.161615 -0.691023 -0.135784 
 0.136103 -0.681689 -0.131701 
 0.111268 -0.668542 -0.146312 
 0.085790 -0.659221 -0.142235 
 0.060312 -0.649900 -0.138158 
 0.034833 -0.640579 -0.134080 
 0.009355 -0.631257 -0.130003 
 -0.016124 -0.621936 -0.125926 
 -0.041602 -0.612615 -0.121848 
 -0.067993 -0.607022 -0.099039 
 -0.093505 -0.597688 -0.094957 
 -0.119016 -0.588355 -0.090874 
 -0.146554 -0.586404 -0.049297 
 -0.174226 -0.584404 -0.007697 
 -0.199872 -0.575021 -0.003592 
 -0.225518 -0.565639 0.000512 
 -0.251164 -0.556256 0.004616 
 -0.276810 -0.546874 0.008720 
 -0.302456 -0.537491 0.012824 
 -0.328102 -0.528109 0.016929 
 -0.353748 -0.518726 0.021033 
 -0.379394 -0.509344 0.025137 
 -0.407736 -0.507098 0.066843 
 -0.433449 -0.497691 0.070958 
 -0.459162 -0.488284 0.075073 
 -0.486324 -0.482409 0.098005 
 -0.512070 -0.472990 0.102125 
 -0.537817 -0.463570 0.106246 
 -0.563564 -0.454151 0.110366 
 0.300788 -0.807165 0.000753 
 0.274974 -0.797721 0.004884 
 0.250140 -0.780437 -0.028291 
 0.224917 -0.767111 -0.042829 
 0.201430 -0.742122 -0.113369 
 0.177032 -0.724998 -0.146613 
 0.151520 -0.715665 -0.142530 
 0.126008 -0.706331 -0.138447 
 0.101187 -0.693152 -0.153049 
 0.075708 -0.683831 -0.148972 
 0.050230 -0.674509 -0.144895 
 0.024752 -0.665188 -0.140817 
 -0.000727 -0.655867 -0.136740 
 -0.027064 -0.650331 -0.113951 
 -0.052576 -0.640997 -0.109868 
 -0.078087 -0.631664 -0.105785 
 -0.103599 -0.622330 -0.101703 
 -0.131096 -0.620468 -0.060154 
 -0.156675 -0.611110 -0.056060 
 -0.184374 -0.609175 -0.014478 
 -0.210020 -0.599793 -0.010374 
 -0.235666 -0.590410 -0.006270 
 -0.261311 -0.581028 -0.002165 
 -0.289345 -0.578970 0.039469 
 -0.315058 -0.569563 0.043584 
 -0.340771 -0.560156 0.047699 
 -0.366484 -0.550749 0.051814 
 -0.392197 -0.541342 0.055929 
 -0.417910 -0.531935 0.060044 
 -0.445018 -0.526116 0.082956 
 -0.470765 -0.516697 0.087077 
 -0.496511 -0.507278 0.091197 
 -0.525249 -0.504962 0.132945 
 -0.551062 -0.495519 0.137076 
 0.238947 -0.813211 0.002189 
 0.213133 -0.803767 0.006320 
 0.189029 -0.782540 -0.045513 
 0.165730 -0.757471 -0.116039 
 0.141425 -0.740307 -0.149276 
 0.115913 -0.730973 -0.145193 
 0.090401 -0.721640 -0.141111 
 0.064889 -0.712307 -0.137028 
 0.039377 -0.702973 -0.132945 
 0.013865 -0.693640 -0.128862 
 -0.011646 -0.684306 -0.124780 
 -0.037158 -0.674973 -0.120697 
 -0.062670 -0.665639 -0.116614 
 -0.088182 -0.656306 -0.112531 
 -0.113694 -0.646972 -0.108449 
 -0.141218 -0.645175 -0.066917 
 -0.166797 -0.635817 -0.062824 
 -0.192376 -0.626459 -0.058731 
 -0.220167 -0.624564 -0.017155 
 -0.245813 -0.615182 -0.013051 
 -0.273806 -0.613213 0.028555 
 -0.299519 -0.603806 0.032670 
 -0.325232 -0.594399 0.036785 
 -0.350945 -0.584992 0.040900 
 -0.376658 -0.575585 0.045015 
 -0.403713 -0.569824 0.067908 
 -0.429459 -0.560404 0.072028 
 -0.455206 -0.550985 0.076148 
 -0.480952 -0.541566 0.080269 
 -0.509649 -0.539340 0.121989 
 -0.539989 -0.540649 0.182535 
 -0.565903 -0.531168 0.186682 
 0.202919 -0.828700 -0.000506 
 0.178855 -0.807376 -0.052312 
 0.155609 -0.782178 -0.122803 
 0.130030 -0.772820 -0.118709 
 0.104451 -0.763462 -0.114616 
 0.078872 -0.754104 -0.110522 
 0.054795 -0.736949 -0.143774 
 0.029283 -0.727615 -0.139691 
 0.003771 -0.718282 -0.135608 
 -0.021741 -0.708948 -0.131526 
 -0.047253 -0.699615 -0.127443 
 -0.072765 -0.690281 -0.123360 
 -0.100181 -0.688598 -0.081868 
 -0.125760 -0.679240 -0.077775 
 -0.153377 -0.677484 -0.036249 
 -0.179023 -0.668101 -0.032145 
 -0.206841 -0.666271 0.009411 
 -0.232554 -0.656864 0.013526 
 -0.258267 -0.647456 0.017641 
 -0.285167 -0.641789 0.040498 
 -0.310914 -0.632369 0.044619 
 -0.336660 -0.622950 0.048739 
 -0.362407 -0.613531 0.052859 
 -0.388154 -0.604111 0.056980 
 -0.416609 -0.602048 0.098639 
 -0.442422 -0.592605 0.102770 
 -0.468236 -0.583161 0.106901 
 -0.494050 -0.573717 0.111032 
 -0.519863 -0.564273 0.115163 
 -0.550243 -0.565679 0.175683 
 -0.576157 -0.556199 0.179830 
 0.168084 -0.836205 -0.040475 
 0.144227 -0.814845 -0.092281 
 0.118581 -0.805463 -0.088177 
 0.092935 -0.796080 -0.084073 
 0.068750 -0.778811 -0.117286 
 0.043172 -0.769453 -0.113193 
 0.017593 -0.760095 -0.109099 
 -0.007986 -0.750737 -0.105006 
 -0.033565 -0.741379 -0.100912 
 -0.059144 -0.732021 -0.096819 
 -0.084723 -0.722663 -0.092725 
 -0.110302 -0.713305 -0.088632 
 -0.135881 -0.703947 -0.084538 
 -0.163525 -0.702255 -0.043031 
 -0.191303 -0.700514 -0.001503 
 -0.217016 -0.691107 0.002612 
 -0.243862 -0.685496 0.025450 
 -0.269608 -0.676077 0.029570 
 -0.297755 -0.674201 0.071158 
 -0.323568 -0.664757 0.075289 
 -0.349382 -0.655313 0.079420 
 -0.375196 -0.645869 0.083551 
 -0.401009 -0.636426 0.087682 
 -0.429558 -0.634402 0.129333 
 -0.455439 -0.624934 0.133475 
 -0.482754 -0.619152 0.156389 
 -0.508668 -0.609671 0.160536 
 -0.534582 -0.600191 0.164683 
 -0.560497 -0.590710 0.168830 
 -0.586411 -0.581229 0.172977 
 0.107080 -0.838235 -0.057681 
 0.081367 -0.828828 -0.053566 
 0.057142 -0.811469 -0.086750 
 0.031496 -0.802087 -0.082646 
 0.005849 -0.792704 -0.078541 
 -0.019797 -0.783322 -0.074437 
 -0.045443 -0.773939 -0.070333 
 -0.069266 -0.756727 -0.103582 
 -0.094845 -0.747370 -0.099489 
 -0.122381 -0.745792 -0.058020 
 -0.148027 -0.736409 -0.053916 
 -0.175764 -0.734757 -0.012417 
 -0.201477 -0.725350 -0.008302 
 -0.228303 -0.719784 0.014522 
 -0.254049 -0.710365 0.018642 
 -0.279796 -0.700945 0.022762 
 -0.307969 -0.699134 0.064332 
 -0.336276 -0.697274 0.105923 
 -0.362157 -0.687806 0.110065 
 -0.388037 -0.678337 0.114207 
 -0.413918 -0.668869 0.118348 
 -0.441180 -0.663144 0.141243 
 -0.467094 -0.653663 0.145390 
 -0.493008 -0.644182 0.149537 
 -0.518922 -0.634702 0.153684 
 -0.544836 -0.625221 0.157831 
 0.046994 -0.836241 -0.093531 
 0.021348 -0.826858 -0.089427 
 -0.004298 -0.817476 -0.085323 
 -0.029944 -0.808093 -0.081219 
 -0.055590 -0.798711 -0.077114 
 -0.081236 -0.789328 -0.073010 
 -0.106882 -0.779946 -0.068906 
 -0.132528 -0.770563 -0.064802 
 -0.160225 -0.769001 -0.023331 
 -0.186997 -0.763491 -0.000527 
 -0.212744 -0.754072 0.003593 
 -0.240742 -0.752399 0.045114 
 -0.266556 -0.742955 0.049245 
 -0.294755 -0.741209 0.090796 
 -0.320636 -0.731741 0.094938 
 -0.347777 -0.726097 0.117802 
 -0.373691 -0.716616 0.121949 
 -0.399605 -0.707135 0.126096 
 -0.424159 -0.693867 0.111505 
 -0.451434 -0.688174 0.134390 
 -0.477348 -0.678694 0.138537 
 -0.503262 -0.669213 0.142684 
 -0.529176 -0.659732 0.146832 
 -0.014446 -0.842247 -0.092104 
 -0.041834 -0.840872 -0.050705 
 -0.067547 -0.831465 -0.046590 
 -0.093260 -0.822058 -0.042475 
 -0.118973 -0.812651 -0.038360 
 -0.145692 -0.807199 -0.015576 
 -0.171438 -0.797779 -0.011455 
 -0.199329 -0.796220 0.030026 
 -0.227354 -0.794612 0.071527 
 -0.254374 -0.789050 0.094361 
 -0.280288 -0.779569 0.098508 
 -0.306202 -0.770089 0.102655 
 -0.332116 -0.760608 0.106802 
 -0.358031 -0.751127 0.110949 
 -0.386558 -0.749335 0.152532 
 -0.409859 -0.732166 0.119244 
 -0.434400 -0.718865 0.104661 
 -0.461687 -0.713205 0.127538 
 -0.487602 -0.703724 0.131685 
 -0.513516 -0.694243 0.135832 
 -0.130133 -0.841487 -0.026504 
 -0.185833 -0.838547 0.056400 
 -0.212799 -0.833042 0.079214 
 -0.238713 -0.823561 0.083362 
 -0.264628 -0.814080 0.087509 
 -0.290542 -0.804600 0.091656 
 -0.318895 -0.802946 0.133188 
 -0.344876 -0.793441 0.137346 
 -0.370858 -0.783936 0.141504 
 -0.396839 -0.774431 0.145662 
 -0.422820 -0.764925 0.149819 
 -0.446027 -0.747716 0.116538 
 -0.471941 -0.738235 0.120686 
 -0.497856 -0.728755 0.124833 
 -0.303194 -0.837547 0.122160 
 -0.331641 -0.835933 0.163685 
 -0.355157 -0.818536 0.130476 
 -0.381138 -0.809031 0.134634 
 -0.407119 -0.799526 0.138791 
 -0.435834 -0.797814 0.180360 
 -0.461883 -0.788284 0.184528 
 -0.482195 -0.763266 0.113833 
 -0.420093 -0.832504 0.169303 
 -0.446141 -0.822974 0.173472 
 -0.472190 -0.813445 0.177640 
 