-0.376371 -0.376347 -0.037383 
 -0.177234 -0.628550 -0.039858 
 0.485474 0.469799 0.009293 
 0.291614 -0.824800 -0.044743 
 0.327564 -0.345504 0.005817 
 -0.341587 0.794043 0.153233 
 -0.388724 0.505794 0.047144 
 -0.471461 0.100279 -0.032768 
 -0.110878 -0.812469 0.042955 
 0.107769 -0.868829 -0.071742 
 0.394942 0.467149 -0.053855 
 -0.294523 -0.743438 -0.033601 
 -0.085570 -0.820484 0.039594 
 -0.079708 -0.001531 0.097820 
 -0.517144 -0.306366 -0.013819 
 0.478413 0.447632 -0.000681 
 -0.361115 0.300244 -0.120531 
 0.115261 -0.754168 -0.061384 
 0.055574 -0.521998 0.016316 
 -0.260497 -0.711845 -0.058851 
 0.020448 -0.330502 0.158602 
 -0.250602 0.900934 0.165065 
 -0.544393 -0.395928 0.006578 
 -0.169607 -0.719003 0.021067 
 -0.282758 -0.154132 -0.076033 
 0.195959 -0.488842 -0.041898 
 0.080881 -0.462685 0.063927 
 0.555751 -0.070110 0.075236 
 0.046405 -0.338464 0.156381 
 0.459573 0.422093 -0.072064 
 0.344685 -0.452823 -0.039885 
 0.014839 0.816296 0.139736 
 -0.289324 0.499476 -0.030892 
 -0.235991 0.870235 0.152789 
 -0.316425 0.798980 0.117500 
 0.138910 -0.587360 -0.047105 
 -0.144749 -0.272540 0.017726 
 0.215958 0.334446 -0.299327 
 -0.427661 -0.633177 -0.031910 
 -0.179453 0.878180 0.158157 
 -0.418566 0.274201 -0.074688 
 0.160971 0.248954 -0.320836 
 -0.350221 -0.287048 -0.057710 
 -0.169028 -0.423651 -0.029292 
 0.424591 0.407676 -0.079831 
 -0.369837 0.197472 -0.145994 
 0.262144 -0.105602 0.206977 
 -0.614809 -0.026704 0.044656 
 0.121687 -0.418684 0.065365 
 0.397579 -0.581440 0.006493 
 -0.216362 0.501131 -0.107435 
 -0.357019 -0.130715 -0.069022 
 0.071548 -0.346426 0.154662 
 0.056619 0.555974 0.028489 
 0.080515 0.624676 0.058409 
 0.261391 -0.168418 0.139986 
 -0.259997 -0.711655 -0.058851 
 -0.295870 0.434854 -0.158732 
 -0.412851 0.046470 -0.092892 
 0.072959 0.470757 -0.066215 
 -0.491407 -0.224310 -0.017918 
 0.079952 0.437752 -0.141244 
 -0.257697 0.116971 -0.116172 
 -0.440490 -0.143317 -0.038401 
 -0.144473 -0.635862 0.018129 
 -0.235991 -0.733889 -0.028044 
 -0.497294 0.094436 0.003539 
 -0.292490 0.704430 0.117631 
 -0.032601 0.597834 0.082233 
 -0.063720 0.477102 -0.110358 
 0.055977 -0.600105 -0.016912 
 0.151383 0.433769 -0.199558 
 -0.351146 -0.384097 -0.039742 
 -0.201786 0.514594 -0.000685 
 0.157191 -0.792344 -0.076295 
 0.105231 0.303199 -0.258668 
 -0.227028 0.584465 0.068393 
 0.344856 0.365688 -0.200624 
 0.136956 -0.302463 0.136015 
 -0.465000 0.185678 0.043774 
 -0.014728 0.353235 -0.281126 
 -0.384185 -0.399055 -0.046673 
 -0.413178 0.046470 -0.093816 
 -0.673967 0.117776 0.105224 
 0.015038 -0.737496 -0.018570 
 0.232417 0.372394 -0.262590 
 0.221052 -0.496731 -0.044260 
 0.477233 -0.657050 0.116056 
 0.233780 0.206217 -0.274991 
 -0.579318 0.096726 0.000432 
 0.226237 0.650757 0.076817 
 -0.001091 0.772000 0.118492 
 0.651405 -0.390086 0.199420 
 -0.162536 -0.401132 -0.019062 
 -0.193893 -0.681760 -0.043663 
 0.289031 0.561783 -0.059846 
 -0.629264 0.105987 0.022091 
 -0.192338 0.153096 -0.117777 
 0.248260 0.808435 0.086747 
 -0.078341 0.385064 -0.230621 
 0.081328 0.548520 0.026187 
 -0.094693 -0.476470 0.028314 
 -0.402083 0.498247 -0.076612 
 -0.513836 0.126070 0.017534 
 -0.138307 0.587868 0.133307 
 -0.226400 -0.071947 -0.038096 
 -0.453795 0.557257 0.047193 
 0.146329 -0.349117 0.097310 
 0.252888 -0.398600 -0.020116 
 -0.268747 -0.309208 -0.003591 
 -0.088431 0.038425 0.155603 
 -0.308460 0.819120 0.127473 
 -0.290913 0.555441 0.053010 
 0.291614 -0.824431 -0.044743 
 -0.226524 0.658864 0.100704 
 -0.034444 -0.553305 0.019568 
 0.121755 -0.236148 0.283544 
 -0.306116 -0.910611 0.071465 
 0.080124 0.696903 0.091840 
 0.458321 -0.114422 0.052443 
 -0.032992 0.671563 0.114049 
 -0.410961 -0.664664 -0.044585 
 0.121031 0.881929 0.172723 
 0.138094 -0.495802 -0.047916 
 -0.552297 -0.342651 0.029461 
 0.337672 -0.749033 -0.049367 
 -0.357953 0.823520 0.166868 
 0.033718 0.244501 -0.266636 
 -0.234266 0.506252 -0.025530 
 -0.492264 -0.314245 -0.016434 
 0.095815 -0.080635 0.369902 
 -0.501536 -0.512282 -0.041557 
 -0.242984 0.614410 0.080703 
 0.612436 0.176125 -0.013481 
 0.233562 0.542843 -0.028599 
 -0.122023 0.650244 0.103829 
 0.289994 -0.725589 -0.060828 
 -0.046142 -0.172601 0.124015 
 0.667950 -0.406851 0.153018 
 0.257749 0.535183 -0.031729 
 0.298207 -0.702731 -0.051205 
 -0.283782 -0.079220 -0.043329 
 0.033261 0.324239 -0.251845 
 0.550681 -0.265709 0.050608 
 -0.110673 0.278016 -0.218619 
 0.225844 0.650757 0.076677 
 0.040839 0.457598 -0.075232 
 -0.211446 0.703318 0.120738 
 -0.389508 0.660681 0.095032 
 0.040839 0.458532 -0.075232 
 -0.070610 0.221156 -0.181294 
 0.290347 0.679171 0.092159 
 0.048428 -0.720687 -0.010580 
 -0.052466 -0.782641 -0.001236 
 -0.446153 0.181615 -0.036579 
 -0.345022 0.189781 -0.147955 
 -0.127249 0.381218 -0.175658 
 0.223795 -0.764259 -0.060453 
 -0.118961 0.329617 -0.196413 
 -0.350947 0.766067 0.161923 
 -0.234732 -0.354359 -0.062278 
 -0.393372 0.372544 -0.129877 
 -0.080102 0.482306 -0.029367 
 -0.255530 0.317360 -0.189456 
 -0.267852 0.782409 0.115360 
 0.167374 0.575820 0.021957 
 0.148966 -0.815069 -0.086593 
 -0.009701 -0.806500 -0.049498 
 0.277405 -0.255537 0.043545 
 0.450777 0.633671 -0.020460 
 0.377841 0.367011 -0.158757 
 -0.110806 0.364378 -0.222394 
 0.288781 -0.633421 -0.061314 
 0.030903 0.849030 0.194548 
 -0.017412 0.803810 0.132066 
 -0.380538 0.694647 0.069536 
 0.493960 -0.431304 -0.004134 
 -0.284759 -0.264525 -0.024935 
 0.599799 -0.513633 0.103775 
 -0.113311 0.047097 0.157523 
 -0.497294 0.095807 0.004626 
 0.598719 0.111722 0.018234 
 -0.045007 -0.415825 0.057882 
 0.306514 0.444279 -0.068366 
 0.427483 -0.453751 -0.036606 
 -0.365156 0.651248 0.092247 
 -0.070639 0.326977 -0.235517 
 -0.530744 0.005937 -0.036896 
 -0.234982 -0.356043 -0.062278 
 -0.138636 0.766121 0.111355 
 0.132113 -0.784998 -0.074294 
 0.089136 -0.509128 0.024226 
 -0.176827 0.096178 -0.062560 
 -0.225105 0.245037 -0.178374 
 0.188545 -0.115378 0.298983 
 -0.087170 0.430922 -0.191502 
 -0.429145 0.157920 -0.065590 
 -0.608150 0.148840 0.120590 
 -0.578751 -0.348215 0.065392 
 -0.119470 -0.455336 -0.000540 
 -0.489991 -0.052414 -0.000923 
 0.356914 0.135096 -0.201319 
 -0.152641 -0.468882 -0.008429 
 0.490732 -0.251054 -0.005463 
 0.057251 0.317577 -0.254120 
 -0.521218 -0.593238 0.021122 
 -0.186337 -0.574902 -0.016112 
 0.665932 -0.406851 0.153978 
 -0.308043 -0.064221 -0.058841 
 -0.538056 0.058667 -0.014107 
 0.081162 0.480522 -0.023244 
 0.271975 0.335546 -0.276951 
 -0.289013 0.196566 -0.143258 
 -0.388150 0.586288 0.062245 
 -0.194004 -0.505254 -0.026577 
 -0.105978 0.539857 0.074095 
 -0.072388 0.498306 -0.000787 
 0.507948 0.406774 -0.075811 
 -0.194090 0.524593 0.043775 
 -0.199481 0.237378 -0.180636 
 -0.402083 0.498247 -0.077265 
 -0.410848 -0.580030 -0.027309 
 0.171739 -0.104631 0.362704 
 0.574188 0.349119 -0.059273 
 -0.102432 -0.672426 0.003722 
 -0.229259 -0.842011 0.064858 
 -0.419888 0.273588 -0.074688 
 -0.325222 0.764104 0.142886 
 -0.112220 0.481344 -0.071406 
 0.522843 -0.084978 0.068097 
 0.268630 -0.277180 0.033328 
 -0.405090 0.541834 0.043012 
 -0.275353 -0.047844 -0.050125 
 -0.003516 -0.384852 0.094034 
 0.193795 0.444961 -0.113415 
 0.176408 0.597956 0.031917 
 0.572579 0.132654 -0.013836 
 0.120186 0.359026 -0.273166 
 0.587443 -0.117120 0.016993 
 -0.379985 0.162157 -0.121616 
 0.457133 0.582000 -0.042559 
 -0.405090 0.540113 0.042244 
 -0.569084 -0.311713 0.041082 
 0.186361 0.768275 0.106235 
 0.182268 -0.800881 -0.079491 
 -0.185948 -0.308115 -0.000451 
 -0.295260 0.174400 -0.152560 
 0.054436 -0.252492 0.233742 
 0.209219 0.423290 -0.142770 
 0.523241 -0.160582 0.034586 
 -0.512567 -0.647976 -0.001822 
 -0.471461 0.102750 -0.032768 
 0.003612 -0.159516 0.271154 
 0.601346 0.247877 -0.043114 
 -0.321264 0.182091 -0.152051 
 -0.404696 -0.019509 -0.082405 
 -0.308791 -0.160142 -0.039968 
 0.325258 0.107328 -0.173697 
 0.001233 0.310884 -0.259422 
 -0.262955 -0.857076 0.056844 
 0.322137 0.699437 0.082479 
 0.256735 -0.740517 -0.068709 
 0.291890 -0.825080 -0.044743 
 -0.218853 -0.408092 -0.023575 
 0.501351 0.514133 0.029174 
 -0.381004 0.528051 0.057159 
 0.040797 0.347079 -0.241993 
 -0.357332 -0.130715 -0.067575 
 -0.146549 0.652052 0.123140 
 0.462850 -0.536921 -0.011609 
 -0.032992 0.673178 0.114544 
 0.170376 -0.329068 0.026571 
 0.557312 -0.228484 0.027695 
 -0.135945 -0.411048 -0.021424 
 -0.276621 -0.241877 -0.017953 
 -0.027026 -0.715165 0.029821 
 -0.144473 -0.634463 0.018815 
 0.115016 0.324288 -0.248817 
 -0.415775 -0.151394 -0.040990 
 -0.300581 0.607606 0.075320 
 0.087699 0.793261 0.130458 
 0.005112 -0.438861 0.071339 
 0.138538 -0.196803 0.323180 
 0.293736 -0.140858 0.113923 
 -0.102432 -0.674736 0.004617 
 0.563468 -0.430887 0.078798 
 0.012611 -0.277772 0.181636 
 -0.152593 -0.560612 -0.008202 
 0.272197 -0.588614 -0.082037 
 0.179184 -0.256331 0.137358 
 -0.315404 0.649407 0.053054 
 0.041458 0.456340 -0.075232 
 0.156557 -0.708793 -0.058616 
 0.233759 0.752914 0.101636 
 -0.369837 0.197806 -0.145652 
 -0.309329 0.671574 0.063027 
 -0.153137 -0.865944 0.057134 
 -0.103262 -0.317900 0.019499 
 0.113230 -0.188788 0.323564 
 -0.313299 0.204257 -0.141603 
 0.449195 0.634658 -0.020460 
 -0.506587 -0.111178 0.012556 
 0.006874 0.795566 0.129763 
 -0.349966 0.845287 0.176869 
 -0.046619 -0.109797 0.192544 
 -0.292139 0.789067 0.115197 
 -0.603796 -0.340710 0.068108 
 -0.579654 -0.348641 0.065392 
 0.361907 -0.490701 -0.035620 
 -0.057841 0.604882 0.084542 
 -0.226420 -0.174882 -0.003111 
 0.179040 -0.187918 0.187506 
 -0.446503 -0.709873 0.013910 
 0.494240 -0.431304 -0.004499 
 -0.516949 -0.306366 -0.013013 
 -0.304944 0.232407 -0.147349 
 0.019742 -0.034374 0.326065 
 0.014102 -0.562497 -0.001879 
 -0.284412 0.812267 0.125171 
 0.074253 0.606542 0.031155 
 0.314447 0.466888 -0.058433 
 -0.467155 0.381476 -0.089114 
 -0.409065 -0.391177 -0.045422 
 0.425929 -0.702927 0.053695 
 0.400952 0.648949 -0.016696 
 0.061904 -0.031257 0.429559 
 -0.386839 0.133325 -0.114626 
 -0.045448 0.233145 -0.235599 
 -0.053838 -0.257742 0.046717 
 -0.679093 0.032757 0.027971 
 -0.200151 0.471476 -0.119085 
 0.070507 -0.072348 0.371441 
 0.006550 0.856884 0.196857 
 0.015936 -0.906610 -0.052704 
 -0.260030 0.644349 0.093012 
 -0.008640 0.663345 0.112235 
 -0.336194 0.392350 -0.159116 
 -0.324438 0.615318 0.076895 
 -0.369837 0.198343 -0.145652 
 -0.248007 0.413065 -0.147513 
 -0.529464 -0.616187 0.010270 
 -0.187092 -0.658872 -0.032711 
 0.096055 0.741134 0.110579 
 0.429997 -0.566513 0.013928 
 0.242832 0.394230 -0.252765 
 -0.435122 0.316904 -0.096907 
 -0.547233 0.105185 0.025203 
 0.098811 -0.800516 -0.081838 
 -0.094589 0.241873 -0.215127 
 -0.454771 -0.731922 0.001794 
 0.248557 0.349425 -0.291781 
 -0.565520 -0.119604 0.007078 
 0.591311 -0.536582 0.093613 
 0.046167 -0.198491 0.256781 
 -0.365416 -0.153213 -0.076961 
 0.560807 -0.478004 -0.021450 
 -0.001846 0.549425 0.023121 
 0.436230 0.491334 -0.005391 
 -0.462633 -0.832216 -0.040242 
 0.459573 0.422093 -0.074963 
 -0.033734 0.831716 0.143823 
 -0.112519 -0.105703 0.091503 
 -0.585066 -0.433615 -0.011993 
 0.386020 -0.400886 -0.055247 
 0.209763 0.475906 -0.059193 
 -0.094662 0.334844 -0.232873 
 0.400513 -0.128182 0.063901 
 -0.354992 -0.763854 -0.006003 
 0.468829 0.432111 -0.027856 
 0.122896 -0.649147 -0.034320 
 -0.515032 -0.044587 0.002682 
 0.514316 -0.031797 0.090230 
 0.161877 0.478575 -0.020182 
 0.316469 -0.044467 0.076716 
 0.172819 -0.174944 0.312177 
 -0.040979 0.649336 0.105200 
 0.649439 -0.454088 0.132367 
 -0.096674 0.505997 0.001555 
 -0.056803 0.284746 -0.213530 
 -0.267280 -0.027081 -0.040078 
 0.296810 0.381824 -0.195083 
 -0.079891 0.439549 -0.147325 
 0.063290 -0.306494 0.210591 
 0.510162 0.246020 -0.106717 
 0.065426 -0.577704 -0.006628 
 -0.429562 -0.740365 0.001167 
 -0.160884 -0.325028 0.013992 
 0.525464 0.060388 -0.007989 
 -0.340128 0.023209 -0.100780 
 -0.104381 0.688845 0.138804 
 -0.202521 -0.628239 -0.020035 
 -0.433184 -0.466560 -0.059188 
 -0.578751 -0.348568 0.065392 
 -0.283328 0.503275 0.031375 
 0.294125 -0.285059 0.028836 
 0.047091 0.831776 0.147407 
 0.514715 -0.106596 0.057921 
 0.540064 0.118061 -0.020672 
 0.128449 0.539227 0.004336 
 -0.048574 0.552073 0.062232 
 -0.460606 0.313079 -0.060070 
 -0.122842 0.718824 0.151130 
 0.020857 -0.253018 0.191962 
 -0.289013 0.196566 -0.142735 
 -0.218855 -0.234011 -0.008976 
 -0.491177 -0.141643 0.000518 
 -0.095492 -0.219225 0.062815 
 -0.106593 0.854789 0.151165 
 -0.155146 0.784515 0.157873 
 0.048997 0.368975 -0.230313 
 0.622209 -0.353921 0.134412 
 0.121361 -0.362351 0.149067 
 0.595494 -0.094782 0.027142 
 0.365228 -0.679110 -0.018472 
 -0.499305 -0.164206 -0.010147 
 -0.144486 -0.827554 0.033152 
 0.596323 -0.339918 0.119937 
 -0.312461 0.458256 -0.129398 
 0.039907 0.660260 0.072151 
 0.485002 -0.370797 0.003340 
 -0.136937 -0.409021 -0.021424 
 -0.484959 0.320190 -0.057761 
 0.096290 0.672136 0.061034 
 0.434307 0.301549 -0.185393 
 -0.324000 0.700312 0.075303 
 0.555352 0.169293 -0.018869 
 -0.500013 0.226399 0.120093 
 -0.412713 0.126992 -0.078325 
 -0.556284 0.220125 0.114629 
 -0.135917 -0.599876 -0.004194 
 0.203826 -0.188046 0.168212 
 0.050434 -0.784063 -0.077083 
 -0.021525 -0.277704 0.139982 
 -0.135022 -0.804455 0.045321 
 -0.031344 0.466945 -0.033966 
 -0.112407 -0.264702 0.042322 
 0.016753 0.427962 -0.209170 
 0.186846 -0.351708 -0.002823 
 -0.169227 -0.250660 -0.013040 
 -0.106561 0.763338 0.170804 
 0.104683 0.442683 -0.177849 
 0.050076 0.466040 -0.030904 
 0.486070 -0.453080 -0.014364 
 -0.218982 -0.498759 -0.024316 
 0.471579 0.128698 -0.139546 
 -0.260187 -0.362445 -0.025526 
 -0.037196 -0.316459 0.104061 
 0.279567 0.835723 0.059557 
 -0.226400 -0.071157 -0.037881 
 -0.197833 0.324099 -0.182743 
 0.115467 -0.754168 -0.061241 
 0.175308 0.904374 0.125718 
 0.277775 -0.122821 0.160748 
 0.564277 -0.123193 0.053359 
 0.376123 -0.133979 0.100373 
 0.468944 -0.680119 0.106500 
 -0.143437 0.410957 -0.162542 
 -0.534547 -0.282794 0.016128 
 -0.337586 0.211948 -0.138859 
 -0.251449 0.900934 0.165065 
 0.145578 0.509409 -0.006865 
 0.412750 -0.506479 -0.040332 
 -0.490248 0.186964 0.063355 
 -0.251772 0.666576 0.104450 
 -0.370175 0.426290 -0.066132 
 -0.596435 0.045139 -0.002827 
 0.114994 0.494953 -0.015583 
 0.404677 -0.543899 -0.016575 
 -0.177499 0.506903 -0.002500 
 0.015038 -0.737496 -0.018271 
 0.239820 0.394738 -0.252765 
 -0.350221 -0.287442 -0.057122 
 0.330702 0.438227 -0.070659 
 0.112713 0.400106 -0.216987 
 0.071087 0.674736 0.080659 
 0.204229 -0.265664 0.134984 
 -0.606627 -0.079788 0.021953 
 -0.445759 0.106672 -0.070218 
 0.490610 -0.107748 0.077223 
 -0.490317 -0.052250 -0.000923 
 0.599558 -0.513633 0.102689 
 -0.308809 -0.160285 -0.039968 
 0.104938 -0.331440 0.162083 
 -0.077193 -0.790038 0.034328 
 0.009876 0.497401 0.000871 
 0.120080 -0.417693 0.065365 
 0.281486 0.399857 -0.149622 
 0.056229 0.630402 0.060876 
 -0.596320 0.045139 -0.002827 
 -0.038835 -0.017051 0.251886 
 0.548022 -0.169301 0.032869 
 -0.397364 -0.072099 -0.104896 
 0.468944 -0.680119 0.107423 
 0.081241 0.309989 -0.257465 
 -0.397020 -0.072653 -0.104896 
 0.003051 0.217888 -0.240166 
 -0.044235 -0.575201 0.009270 
 -0.535511 -0.373130 0.016042 
 0.008645 0.454399 -0.118568 
 0.310844 -0.315646 0.018993 
 -0.218315 -0.049449 -0.029179 
 -0.054736 -0.119076 0.147803 
 0.239226 -0.693771 -0.089719 
 0.535166 0.231842 -0.091329 
 0.168433 0.345550 -0.277703 
 0.056330 0.630402 0.060712 
 -0.592918 -0.532720 -0.054968 
 -0.564462 -0.028934 0.004879 
 0.343083 -0.149544 0.092271 
 -0.145149 -0.196536 0.048670 
 -0.321303 0.074570 -0.097639 
 0.623401 -0.521596 0.101391 
 -0.276056 0.052397 -0.085313 
 0.462827 -0.536614 -0.011609 
 -0.095984 -0.046827 0.079096 
 -0.348254 -0.871279 0.086663 
 0.410416 0.376212 -0.131939 
 0.039907 0.660019 0.072988 
 -0.227244 0.744860 0.097809 
 0.185130 0.688306 0.091396 
 -0.279652 0.325145 -0.185788 
 0.061610 -0.095447 0.361909 
 0.122308 0.272899 -0.270794 
 -0.202268 -0.354846 -0.020885 
 -0.679931 0.032757 0.027778 
 0.338699 -0.573676 -0.032909 
 -0.094178 -0.758736 0.046351 
 -0.446503 -0.709355 0.013910 
 0.089116 0.502633 -0.013315 
 -0.316843 0.710890 0.119940 
 -0.244726 -0.220118 -0.023464 
 -0.098171 0.711102 0.149425 
 -0.287569 0.089144 -0.089916 
 -0.641059 0.132546 0.113169 
 -0.251535 -0.499045 -0.067947 
 -0.030191 -0.064105 0.212526 
 0.481408 -0.047605 0.082973 
 0.236606 -0.370230 -0.007540 
 0.203967 -0.458407 -0.048408 
 0.079494 -0.196706 0.298607 
 0.249720 0.256810 -0.272315 
 -0.081305 0.610934 0.086851 
 -0.487564 0.055783 -0.052932 
 -0.380723 0.528051 0.057159 
 -0.114559 0.832367 0.141276 
 0.399256 -0.581440 0.006018 
 -0.153029 0.505347 -0.022658 
 0.481807 -0.120756 0.050094 
 0.352844 -0.430115 -0.028448 
 0.572005 -0.025457 0.096277 
 -0.582524 -0.170231 0.002716 
 0.373943 0.085270 -0.162559 
 -0.606954 -0.079788 0.022112 
 0.495998 -0.520907 -0.003720 
 0.481807 -0.123408 0.050094 
 0.241031 0.775051 0.112072 
 0.329485 0.248957 -0.252228 
 0.587419 -0.117340 0.016993 
 0.168048 0.404276 -0.211684 
 -0.251900 0.592183 0.070702 
 0.264380 -0.626252 -0.058946 
 0.196207 -0.092369 0.310370 
 0.056478 -0.684566 -0.032836 
 0.630093 -0.093652 0.069626 
 -0.599510 -0.229435 0.016856 
 0.228863 0.138050 -0.165757 
 0.046390 -0.546914 0.006031 
 0.371507 -0.560091 -0.025020 
 0.430227 0.099854 -0.174193 
 0.583348 0.291148 -0.064364 
 0.179749 -0.533107 -0.062359 
 -0.352582 -0.656708 -0.039042 
 0.560386 0.054765 0.052003 
 0.237726 -0.368013 -0.007540 
 -0.394505 0.279355 -0.111126 
 -0.560490 -0.364350 0.019204 
 -0.575463 -0.236775 0.014497 
 -0.259759 0.644349 0.091107 
 -0.325078 -0.475378 -0.058405 
 -0.389825 -0.816823 0.068872 
 0.448054 -0.198823 -0.022158 
 0.306343 -0.763980 -0.057288 
 -0.612699 0.075443 0.009632 
 -0.397887 0.712535 0.116865 
 0.615600 0.305128 -0.057603 
 -0.450856 0.354093 -0.101373 
 -0.317313 -0.272277 -0.049917 
 -0.010933 -0.561563 0.017191 
 0.206015 -0.542208 -0.064721 
 0.120584 0.358448 -0.273166 
 0.416510 -0.227512 0.001561 
 0.167405 0.649911 0.054136 
 -0.374408 0.772499 0.164235 
 -0.122023 0.651019 0.101469 
 -0.283385 -0.154132 -0.074488 
 0.481732 -0.184092 -0.016575 
 0.258138 0.462545 -0.063779 
 0.480875 -0.183277 -0.016575 
 0.088871 0.570686 0.035748 
 -0.075431 0.783606 0.161472 
 0.481281 -0.849137 0.131709 
 -0.062738 -0.128271 0.103705 
 0.131681 -0.784998 -0.073917 
 -0.267485 -0.197537 -0.054803 
 -0.242664 -0.034876 -0.043435 
 -0.425785 -0.359934 -0.032666 
 -0.383311 -0.496896 -0.030515 
 -0.339077 -0.833401 0.064061 
 0.222695 0.907096 0.069155 
 -0.551895 -0.419407 -0.003680 
 0.383450 -0.325083 -0.022324 
 -0.389825 -0.816332 0.068872 
 -0.463409 0.123626 -0.023472 
 0.343083 -0.148809 0.092938 
 -0.594062 -0.304754 0.044455 
 -0.218107 0.544452 0.011491 
 0.285818 -0.162616 0.103692 
 0.173640 -0.748624 -0.055698 
 0.302284 -0.262350 0.039037 
 -0.266723 -0.461157 -0.069611 
 0.378649 -0.521328 -0.048630 
 -0.463014 0.049360 -0.055259 
 -0.420528 0.571772 0.054554 
 0.591311 -0.536582 0.093405 
 -0.284173 0.811638 0.125171 
 -0.555310 0.007029 -0.017623 
 -0.324599 -0.116023 -0.061477 
 -0.136345 -0.333896 0.011630 
 -0.144451 -0.635862 0.018815 
 -0.404353 -0.747888 0.000008 
 -0.600343 -0.229435 0.016547 
 -0.169458 -0.092257 0.035245 
 0.207346 -0.808822 -0.080076 
 -0.071027 -0.151010 0.093475 
 -0.163993 0.922195 0.178104 
 -0.040979 0.649336 0.103765 
 -0.376869 -0.474097 -0.020257 
 -0.005512 -0.092113 0.261065 
 -0.243365 -0.476307 -0.054694 
 -0.015849 0.505092 0.002897 
 0.508084 -0.288861 -0.001165 
 0.502411 -0.407988 0.006097 
 -0.009447 0.823352 0.142039 
 0.236542 -0.300086 0.042309 
 0.339215 0.178064 -0.223176 
 0.290347 0.680387 0.092159 
 -0.345105 0.189781 -0.147955 
 0.064863 0.510314 -0.010047 
 -0.211446 0.703204 0.120705 
 0.249475 0.451700 -0.108254 
 0.161487 0.554009 0.011997 
 0.282326 0.453634 -0.065857 
 0.006874 0.794489 0.129763 
 0.154543 -0.326258 0.107380 
 0.500990 0.223883 -0.116733 
 0.098320 -0.228144 0.285831 
 -0.168235 -0.250660 -0.013681 
 0.212342 -0.173072 0.193900 
 0.294137 -0.215982 0.081421 
 0.286770 -0.113533 0.204945 
 -0.260151 0.717723 0.125322 
 -0.420040 0.193421 -0.089974 
 0.298188 -0.702731 -0.050941 
 -0.035653 -0.645483 0.019605 
 0.168560 0.403063 -0.211684 
 0.032760 0.495857 -0.018645 
 -0.379427 0.067739 -0.103044 
 -0.218453 -0.139380 -0.026698 
 -0.046307 0.233145 -0.234999 
 0.201830 0.455221 -0.069126 
 -0.252272 -0.688766 -0.047561 
 -0.187027 0.781053 0.115961 
 0.039907 0.661498 0.072988 
 0.451966 0.461517 -0.015596 
 -0.210532 0.640811 0.054663 
 -0.210554 -0.115948 -0.016549 
 0.376923 -0.286262 0.034110 
 0.119727 0.739363 0.090914 
 0.006792 -0.757993 -0.028847 
 -0.062474 -0.385035 0.071701 
 0.429895 -0.566513 0.013928 
 0.207598 0.680615 0.089093 
 -0.202196 -0.529987 -0.036834 
 -0.218970 -0.673819 -0.040575 
 -0.009273 -0.898627 -0.048195 
 -0.102504 -0.577074 -0.012951 
 -0.609285 -0.259127 0.023680 
 0.524360 -0.243274 0.019120 
 0.024368 0.540768 0.020818 
 0.112755 -0.047327 0.425152 
 0.024578 0.615926 0.053041 
 0.063412 0.799278 0.135131 
 -0.547388 -0.585275 0.023596 
 0.248031 0.349425 -0.291781 
 -0.421609 0.491259 0.039598 
 0.184510 0.314837 -0.289796 
 -0.046870 -0.006690 0.157553 
 0.545553 -0.459969 0.024685 
 -0.171904 0.888174 0.203018 
 -0.069313 -0.568252 0.011290 
 0.037349 -0.206919 0.212612 
 0.222439 -0.663939 -0.078696 
 0.248468 0.256810 -0.272315 
 0.237016 -0.104406 0.226556 
 -0.025397 0.768027 0.156855 
 0.072941 0.526353 0.016543 
 -0.450142 -0.106346 0.018033 
 0.329485 0.249389 -0.252228 
 0.350147 -0.818079 -0.039186 
 0.128888 0.614187 0.036516 
 -0.288329 -0.847622 0.059250 
 -0.004691 -0.168026 0.227705 
 0.294925 -0.437066 -0.034984 
 -0.487843 -0.823958 -0.038924 
 0.088723 0.405171 -0.215921 
 0.129808 -0.078849 0.411922 
 0.128523 -0.142590 0.344318 
 -0.227148 -0.347616 -0.019915 
 0.499097 -0.803053 0.152603 
 0.402486 0.563495 -0.013355 
 -0.000116 0.549425 0.023121 
 0.545721 -0.003461 0.064620 
 -0.195383 0.833528 0.137586 
 -0.070479 -0.068165 0.109578 
 -0.006882 0.375071 -0.273624 
 0.169831 0.501052 -0.010222 
 0.008437 0.497916 0.000871 
 -0.127289 -0.650725 -0.027168 
 -0.037196 -0.316144 0.102555 
 -0.145162 0.077732 0.031067 
 0.369678 -0.887431 0.030911 
 0.162208 0.627774 0.044176 
 -0.095443 -0.385698 0.030233 
 -0.582524 -0.170269 0.003580 
 -0.161888 -0.076408 0.062409 
 -0.413274 0.668392 0.096864 
 0.097132 -0.291468 0.218554 
 0.345242 0.292830 -0.232498 
 0.022787 0.615926 0.053041 
 -0.234852 0.574310 0.023897 
 -0.443387 -0.503874 -0.036750 
 -0.349966 0.846209 0.175981 
 -0.153029 0.505347 -0.023161 
 0.023195 0.765744 0.117487 
 0.531369 -0.137964 0.044637 
 0.151971 0.826796 0.130754 
 -0.592597 -0.456414 -0.021827 
 -0.229166 0.584471 0.068393 
 -0.073710 0.710599 0.129162 
 -0.135537 0.432820 -0.154145 
 -0.457515 0.202507 0.071141 
 0.304853 0.605816 -0.037182 
 -0.471307 -0.777940 -0.016291 
 0.257078 0.278706 -0.262463 
 0.522656 0.167835 -0.060737 
 0.306228 0.655782 0.060558 
 0.468673 0.222501 -0.158877 
 -0.260278 0.877878 0.155091 
 -0.233535 0.095975 -0.084128 
 -0.053221 -0.438267 0.048758 
 0.425904 -0.363447 -0.038089 
 0.169740 0.649911 0.054136 
 -0.114559 0.741081 0.162394 
 -0.011337 -0.485970 0.050463 
 -0.128216 -0.651866 -0.027168 
 0.416389 -0.227512 0.001012 
 -0.202958 0.737169 0.096227 
 -0.034760 -0.553305 0.019568 
 -0.151337 0.388847 -0.172474 
 -0.320760 0.509670 -0.108057 
 -0.144516 -0.355655 0.003523 
 0.038889 0.871606 0.203848 
 0.360673 0.686243 -0.001407 
 0.460523 -0.438985 -0.028769 
 -0.323765 -0.020425 -0.079085 
 -0.338061 0.124506 -0.136278 
 -0.136345 -0.332124 0.011630 
 0.270427 -0.436405 -0.016140 
 -0.310289 -0.332470 -0.055221 
 0.088723 0.405171 -0.214170 
 0.030032 -0.384362 0.135568 
 0.212442 -0.242754 0.144093 
 0.253692 0.130369 -0.168057 
 0.329981 0.659983 0.025617 
 -0.234732 -0.356043 -0.064069 
 -0.127249 0.380043 -0.174718 
 -0.622395 0.039239 0.033434 
 0.204585 -0.458846 -0.048408 
 0.088336 0.650815 0.050456 
 0.436230 0.489990 -0.003337 
 -0.675120 0.117776 0.104936 
 -0.055040 -0.029953 0.146990 
 -0.119064 -0.628977 -0.016941 
 -0.417625 -0.337881 -0.021875 
 -0.457871 -0.202382 -0.025022 
 0.168661 0.724002 0.085151 
 0.417162 0.619294 -0.027393 
 0.267175 0.619189 0.044938 
 -0.366476 -0.332284 -0.075768 
 0.075373 -0.792004 -0.079460 
 -0.631735 -0.073404 0.024303 
 0.146117 0.583500 0.024256 
 0.361907 -0.490701 -0.036791 
 -0.275817 0.759585 0.102921 
 0.177396 0.597956 0.031021 
 -0.243168 -0.130680 -0.024980 
 0.479019 0.150865 -0.130897 
 0.170376 -0.328744 0.024368 
 -0.342094 -0.264009 -0.046945 
 -0.267280 -0.028047 -0.040016 
 0.278999 -0.489771 -0.039789 
 0.377841 0.365379 -0.158757 
 -0.508128 -0.193804 -0.003478 
 -0.294523 -0.741707 -0.035251 
 0.446292 -0.849409 0.090977 
 0.409227 0.597277 -0.037985 
 0.073373 0.288093 -0.267647 
 -0.118961 0.329617 -0.196579 
 0.552637 -0.500454 -0.031680 
 0.046168 -0.275752 0.223334 
 0.253903 -0.557986 -0.069445 
 -0.022575 0.331658 -0.291299 
 0.201830 0.454536 -0.066905 
 0.385809 0.604916 -0.035698 
 0.338336 -0.573714 -0.032909 
 0.226018 0.446748 -0.071419 
 -0.295862 0.354654 -0.173169 
 0.535267 -0.310551 0.030174 
 -0.291707 0.557335 0.053010 
 -0.317237 -0.093525 -0.051115 
 -0.005092 -0.092113 0.261065 
 -0.202567 0.662977 0.063312 
 -0.358644 -0.309666 -0.067298 
 0.377218 0.583923 -0.045604 
 -0.320760 0.509187 -0.107300 
 0.209219 0.421597 -0.144134 
 0.622209 -0.354059 0.134412 
 0.047873 0.682427 0.082312 
 -0.352929 0.335148 -0.144632 
 0.089212 0.650815 0.051074 
 0.514999 0.490430 -0.000275 
 -0.507678 -0.283658 -0.002796 
 -0.151908 0.456198 -0.124559 
 -0.323765 -0.021168 -0.079306 
 0.158518 -0.898406 -0.043451 
 0.021691 -0.036487 0.326065 
 -0.119869 -0.281071 0.015266 
 0.171178 -0.480244 -0.039536 
 -0.005500 -0.016771 0.294425 
 0.046405 -0.339332 0.156218 
 -0.228026 0.744860 0.098316 
 -0.169607 -0.719717 0.022079 
 0.403264 0.415890 -0.077538 
 0.434307 0.301342 -0.185259 
 -0.341695 -0.340674 -0.079824 
 -0.224951 0.138113 -0.125469 
 -0.575463 -0.237500 0.014497 
 0.276751 0.122735 -0.170356 
 0.000708 0.438651 -0.144916 
 0.368531 0.708502 0.008499 
 0.088725 -0.377337 0.141125 
 0.221249 -0.086964 0.272970 
 -0.159423 0.186846 -0.161147 
 0.563468 -0.430727 0.078798 
 0.474413 0.626033 -0.022747 
 0.312886 0.285408 -0.258248 
 0.287185 -0.543137 -0.061576 
 -0.243369 -0.220118 -0.022631 
 -0.358020 0.744578 0.151909 
 0.289031 0.561783 -0.060258 
 -0.000653 0.686024 0.122235 
 0.208534 0.846061 0.101266 
 -0.460606 0.313051 -0.060070 
 0.045557 -0.338464 0.156218 
 0.336525 -0.476420 -0.049985 
 0.596323 -0.339262 0.119937 
 -0.179107 0.717833 0.128834 
 0.376276 -0.348370 -0.032514 
 0.533994 0.456811 0.004687 
 -0.000310 0.623414 0.055344 
 0.525638 0.507958 0.026937 
 0.478568 0.447632 -0.000681 
 -0.332238 0.679265 0.065330 
 -0.202676 0.576759 0.065149 
 0.192357 0.336223 -0.279971 
 0.265098 0.300602 -0.252612 
 0.482781 0.353934 -0.140858 
 0.368879 0.358986 -0.202902 
 -0.293516 -0.551335 -0.049712 
 0.543194 -0.523186 -0.041911 
 0.261054 -0.230514 0.073000 
 0.598441 0.341343 -0.063126 
 -0.210663 0.554966 0.056084 
 0.128498 0.689437 0.068695 
 0.264107 -0.817118 -0.042360 
 0.294925 -0.437066 -0.036450 
 0.113466 -0.259217 0.273459 
 0.486984 0.172052 -0.119599 
 -0.186702 0.621213 0.086396 
 -0.308738 -0.064221 -0.057900 
 -0.262955 -0.855706 0.056844 
 0.507948 0.406774 -0.076751 
 -0.088223 0.460492 -0.039327 
 0.228384 0.138050 -0.165757 
 0.344369 0.642210 -0.021218 
 -0.656516 -0.066984 0.026652 
 -0.134006 0.285644 -0.216571 
 -0.454771 -0.732438 0.003557 
 -0.134762 0.284564 -0.216571 
 -0.186662 -0.137493 0.014892 
 -0.373535 0.705723 0.114557 
 0.160971 0.248874 -0.319269 
 0.154511 0.531546 0.002037 
 0.171178 -0.480953 -0.038970 
 0.164771 -0.685127 -0.049354 
 0.057251 0.317586 -0.254552 
 0.502812 -0.483991 -0.026957 
 -0.344882 0.519220 -0.105013 
 0.650298 -0.390086 0.199420 
 -0.486358 -0.374677 -0.021410 
 0.096587 -0.291442 0.218554 
 0.041129 0.346599 -0.241993 
 0.395743 0.264997 -0.202894 
 -0.207930 0.202147 -0.156547 
 -0.433409 0.316904 -0.096548 
 0.545721 -0.003628 0.066109 
 0.088190 -0.249297 0.275451 
 0.105422 -0.470626 0.059741 
 0.564861 -0.123193 0.053222 
 0.220790 -0.087108 0.272970 
 -0.333208 0.741877 0.133951 
 -0.123341 0.867811 0.215965 
 -0.079459 0.439549 -0.147336 
 0.191762 0.336298 -0.279971 
 0.170458 -0.328744 0.026571 
 -0.062120 -0.828498 0.038123 
 -0.293404 -0.642544 -0.050128 
 0.597584 -0.184124 0.029373 
 -0.007508 0.459264 -0.037349 
 -0.227148 -0.347616 -0.018444 
 0.071575 -0.478338 0.036885 
 0.254086 -0.481882 -0.035741 
 0.031215 -0.446802 0.068682 
 0.015712 0.656139 0.109690 
 -0.483820 -0.119025 0.010206 
 0.228742 -0.127295 0.216023 
 -0.210663 0.554220 0.056084 
 0.525638 0.506442 0.026801 
 0.112234 -0.578791 -0.044737 
 0.217173 0.498689 -0.049260 
 -0.015349 0.567231 0.069924 
 -0.672747 -0.033628 0.039178 
 -0.393430 -0.520058 -0.040772 
 0.301884 -0.186651 0.074196 
 -0.689334 -0.078864 0.018825 
 -0.322874 0.701432 0.075303 
 0.166302 -0.861392 -0.066184 
 -0.054736 -0.119094 0.148529 
 -0.357332 -0.130321 -0.069022 
 0.416180 0.698894 -0.014123 
 -0.002709 -0.537807 0.027489 
 -0.317312 -0.272277 -0.049295 
 -0.016627 0.642865 0.102234 
 -0.266006 0.082495 -0.092234 
 -0.362576 0.449435 -0.056172 
 -0.445759 0.106787 -0.069064 
 0.087495 -0.026149 0.393088 
 0.078807 -0.049248 0.382793 
 -0.170542 0.586139 0.091045 
 0.057709 0.457898 -0.173294 
 0.168308 0.798093 0.118494 
 -0.434793 -0.557381 -0.058642 
 0.170376 -0.329461 0.026571 
 -0.094178 -0.757611 0.047104 
 0.008046 0.571592 0.034490 
 -0.260562 -0.627616 -0.042217 
 -0.119355 -0.454094 -0.000540 
 0.129676 -0.262593 0.191984 
 -0.500013 0.227030 0.119618 
 -0.088223 0.460169 -0.039675 
 -0.543161 -0.222484 0.022355 
 -0.265833 0.547729 0.050701 
 0.159416 0.701865 0.076355 
 -0.476075 -0.254816 -0.028563 
 0.237208 -0.368013 -0.007540 
 -0.300306 -0.214116 -0.062609 
 -0.342482 -0.085720 -0.048778 
 -0.191548 0.257432 -0.170735 
 -0.467155 0.382830 -0.089114 
 -0.475498 -0.351938 -0.011180 
 0.215958 0.335185 -0.299672 
 -0.351146 -0.384359 -0.039742 
 0.279400 -0.564765 -0.071807 
 0.349743 -0.741247 -0.005754 
 -0.234708 0.095975 -0.084511 
 0.104938 -0.331705 0.161776 
 -0.477837 -0.617294 -0.027154 
 0.383557 -0.097676 0.076443 
 0.422620 0.641310 -0.018173 
 0.471956 -0.872712 0.121262 
 0.425904 -0.363447 -0.035846 
 -0.231504 0.388778 -0.175475 
 -0.357036 -0.902477 0.092824 
 0.048954 0.466040 -0.031252 
 0.244766 -0.345305 0.003914 
 -0.421965 0.010673 -0.070375 
 -0.221540 0.338144 -0.197544 
 0.450714 0.461517 -0.015596 
 -0.171904 0.889347 0.203018 
 -0.337542 0.292213 -0.122830 
 -0.412138 0.668392 0.096864 
 0.138106 -0.434638 0.019177 
 -0.191227 0.353336 -0.189935 
 -0.019158 -0.583910 0.006893 
 -0.456220 -0.202574 -0.025022 
 0.551835 -0.348239 0.033302 
 0.072941 0.526802 0.016213 
 -0.110878 -0.812469 0.042962 
 0.510162 0.247221 -0.106773 
 -0.484750 -0.541561 -0.055053 
 0.072959 0.470099 -0.067593 
 -0.410693 0.389696 -0.082213 
 0.336401 0.627260 -0.048416 
 -0.194282 -0.167000 0.021594 
 -0.170542 0.586911 0.091045 
 -0.163525 0.836681 0.181476 
 0.311012 -0.467653 -0.047627 
 0.273560 0.242659 -0.258356 
 -0.300252 -0.123829 -0.063574 
 -0.006465 0.288987 -0.269666 
 -0.655216 0.024336 0.025628 
 0.095664 0.815428 0.142802 
 -0.501536 -0.510853 -0.041889 
 -0.518135 -0.306366 -0.013013 
 -0.119603 -0.363964 -0.000962 
 -0.251627 -0.416017 -0.049177 
 0.041076 0.273793 -0.273823 
 0.063110 -0.306494 0.211617 
 0.252883 -0.253569 0.063771 
 -0.616278 0.124699 0.112307 
 -0.143997 0.478215 -0.113226 
 0.518116 0.267877 -0.096813 
 -0.159423 0.188054 -0.161146 
 -0.192784 0.524593 0.043775 
 0.347428 -0.642085 -0.022462 
 -0.136747 -0.897138 0.044816 
 0.136062 0.783449 0.110834 
 0.294137 -0.215982 0.080863 
 0.361008 0.612555 -0.035841 
 0.503595 -0.749496 0.096464 
 -0.339077 -0.832856 0.064323 
 -0.033384 0.745956 0.148747 
 -0.569069 -0.540630 -0.057336 
 0.338529 0.738519 0.118962 
 -0.631735 -0.072512 0.024303 
 -0.484104 -0.291537 -0.006063 
 0.391608 -0.219664 0.004623 
 0.231691 -0.733533 -0.066762 
 0.300153 -0.802131 -0.034418 
 -0.556095 0.007029 -0.017623 
 -0.244114 0.688803 0.113013 
 0.458008 0.367301 -0.153351 
 -0.267746 0.621054 0.083012 
 0.055905 0.778785 0.125158 
 -0.057345 0.679275 0.116394 
 0.113184 -0.307305 0.172101 
 -0.567878 -0.540550 -0.057336 
 -0.207800 0.382117 -0.177759 
 0.399493 -0.052380 0.096291 
 -0.009273 -0.899661 -0.049816 
 -0.102468 -0.781805 0.036973 
 -0.136589 -0.249859 0.027842 
 -0.288329 -0.849012 0.059250 
 -0.424903 -0.263505 -0.050074 
 -0.054881 0.371089 -0.214115 
 -0.422653 -0.077975 -0.068345 
 -0.250359 0.529976 0.004340 
 -0.421609 0.491259 0.040648 
 -0.383145 -0.136663 -0.032938 
 -0.463409 0.123071 -0.022687 
 0.325868 -0.022101 0.086893 
 -0.275353 -0.049548 -0.051036 
 -0.440790 -0.233040 -0.037548 
 -0.291163 -0.006990 -0.071552 
 0.534361 -0.311396 0.030174 
 -0.291163 -0.005792 -0.069245 
 0.658119 -0.352991 0.176052 
 -0.235600 0.796885 0.119723 
 -0.598428 -0.132872 -0.001637 
 -0.306841 -0.910611 0.071465 
 -0.207415 0.382117 -0.177349 
 -0.319667 -0.733745 -0.030727 
 0.347126 0.200080 -0.215249 
 0.156557 -0.709156 -0.059639 
 -0.353907 0.242873 -0.125705 
 0.205600 -0.089321 0.370698 
 0.457093 0.367301 -0.155716 
 -0.382405 0.751532 0.152478 
 -0.256306 0.464737 -0.124550 
 0.113474 -0.440552 0.053904 
 -0.408429 -0.301038 -0.045811 
 -0.070179 -0.303218 0.026820 
 0.063242 0.863139 0.202240 
 -0.119334 -0.545046 -0.000622 
 -0.334766 -0.603823 -0.035094 
 0.416117 -0.634821 0.043417 
 0.006874 0.794167 0.130650 
 0.380745 0.127437 -0.203612 
 0.471019 -0.514700 -0.001351 
 -0.111433 -0.340085 0.009268 
 0.025694 0.486077 -0.063006 
 0.239820 0.393994 -0.252765 
 0.112468 -0.349874 0.054686 
 0.465552 -0.167401 0.029741 
 -0.380917 -0.026358 -0.084733 
 0.257397 0.406341 -0.146094 
 0.072941 0.526689 0.016213 
 -0.309546 -0.423314 -0.054677 
 -0.449918 -0.263264 -0.030915 
 -0.218970 -0.672209 -0.040632 
 -0.106169 0.688114 0.138804 
 -0.292099 0.629834 0.086193 
 0.476393 0.527191 0.014284 
 -0.369837 0.197472 -0.145621 
 0.016496 0.507702 0.045305 
 -0.492255 -0.488054 -0.031300 
 0.476393 0.527928 0.011796 
 -0.114559 0.832622 0.142221 
 0.163156 -0.247606 0.200693 
 0.313357 -0.566366 -0.030541 
 0.593119 0.070672 0.058642 
 -0.072927 0.560797 0.064541 
 -0.222486 0.411732 -0.165583 
 -0.064548 0.508703 0.042231 
 -0.554995 0.164129 0.030461 
 -0.202521 -0.627951 -0.020035 
 0.580298 -0.462353 0.066139 
 0.304853 0.605816 -0.040185 
 -0.467155 0.381512 -0.089114 
 -0.049750 0.775895 0.159248 
 0.062509 -0.165997 0.311119 
 0.070507 -0.072348 0.371898 
 -0.407477 -0.878387 0.082266 
 -0.152641 -0.468553 -0.008429 
 -0.079708 0.000584 0.098409 
 -0.395015 -0.519694 -0.040772 
 -0.219433 0.681091 0.109734 
 -0.417228 0.380204 -0.127937 
 0.284440 -0.848029 -0.055069 
 0.015038 -0.737496 -0.017100 
 -0.177789 -0.286457 0.009766 
 -0.012306 -0.254815 0.150280 
 0.552302 0.032268 0.040087 
 -0.318884 -0.632978 -0.047753 
 -0.309179 0.745766 0.095250 
 -0.185948 -0.310078 -0.000474 
 -0.639501 -0.005454 0.013136 
 -0.535511 -0.372885 0.016835 
 0.138358 -0.055363 0.422342 
 -0.391655 -0.248735 -0.042978 
 0.435786 -0.773122 0.063851 
 -0.143437 0.410833 -0.163821 
 0.508084 -0.288570 -0.001735 
 -0.178511 -0.856950 0.060047 
 -0.649186 0.109928 0.102245 
 0.354527 0.228652 -0.221575 
 -0.112110 -0.181707 0.059653 
 0.461129 0.126939 -0.200559 
 0.270828 -0.512510 -0.049312 
 0.180039 -0.081306 0.373784 
 -0.546922 0.186596 0.039446 
 -0.119869 -0.282395 0.015266 
 -0.421030 -0.701896 -0.021682 
 0.560386 0.055142 0.050857 
 0.255610 -0.649050 -0.069347 
 0.353737 -0.512426 -0.045839 
 0.116016 -0.846154 -0.061199 
 -0.009447 0.824025 0.141309 
 -0.352405 0.421604 -0.147586 
 -0.449604 -0.104255 0.018033 
 0.528681 0.195750 -0.067800 
 -0.388039 0.586288 0.062245 
 -0.003516 -0.385142 0.095682 
 -0.454567 -0.003960 -0.077192 
 0.570129 -0.393151 0.054307 
 -0.299950 -0.123829 -0.061203 
 -0.333832 0.901840 0.161999 
 0.176664 0.292626 -0.300755 
 -0.135169 0.179166 -0.163580 
 -0.031761 0.464976 -0.033966 
 -0.276621 -0.241615 -0.014461 
 0.072768 -0.638789 -0.012916 
 0.528681 0.196620 -0.069076 
 -0.235708 -0.294123 0.004267 
 -0.242213 0.688803 0.113013 
 0.331926 -0.695314 -0.026972 
 -0.292490 0.705355 0.117631 
 -0.612699 0.075999 0.009632 
 0.097363 0.280496 -0.267781 
 0.171403 -0.571813 -0.039216 
 -0.114257 -0.016321 0.090571 
 -0.345193 0.189781 -0.147955 
 -0.259706 -0.520859 -0.075721 
 -0.110806 0.364378 -0.221864 
 -0.013758 -0.025709 0.250097 
 -0.537710 -0.639136 -0.000949 
 0.031161 0.786476 0.127958 
 -0.446503 -0.708913 0.013331 
 0.282326 0.453593 -0.066072 
 0.536380 -0.469821 -0.019088 
 -0.487564 0.056403 -0.053675 
 -0.037196 -0.316459 0.100790 
 0.436551 0.134194 -0.198266 
 -0.162153 -0.152210 0.029432 
 -0.127662 -0.476892 -0.011672 
 0.265285 0.766946 0.109297 
 -0.308460 0.821890 0.127473 
 0.125553 -0.900014 -0.084451 
 0.344284 -0.376789 -0.006758 
 -0.436800 0.601711 0.066863 
 -0.207286 0.301649 -0.192649 
 -0.138290 0.674310 0.131102 
 0.288510 0.366182 -0.223057 
 -0.088223 0.460169 -0.040434 
 0.281291 0.271109 -0.264738 
 -0.227420 0.658864 0.100961 
 0.224512 0.277474 -0.303404 
 -0.114166 0.667875 0.128790 
 0.307252 -0.763980 -0.057140 
 -0.122556 0.719011 0.151130 
 0.107036 -0.779368 -0.071540 
 0.087107 -0.025981 0.393088 
 -0.333137 0.901623 0.161999 
 -0.443292 0.449331 -0.059151 
 -0.557710 -0.178749 0.001227 
 -0.119571 -0.454094 -0.000540 
 -0.346491 0.096013 -0.129264 
 0.452986 -0.468891 -0.020876 
 -0.341716 -0.535514 -0.045509 
 -0.047179 0.775895 0.159163 
 0.104845 0.375239 -0.226839 
 -0.236389 0.871076 0.152789 
 -0.129769 0.547579 0.075994 
 0.536296 -0.547238 -0.052142 
 0.411153 -0.506479 -0.040332 
 -0.310302 -0.520626 -0.039681 
 -0.218315 -0.049930 -0.027759 
 -0.300495 0.842120 0.137447 
 -0.360256 -0.595892 -0.032720 
 -0.517144 -0.306366 -0.010988 
 0.208631 0.379970 -0.260322 
 -0.251211 0.031249 -0.053716 
 -0.035052 -0.890644 -0.047425 
 -0.325462 -0.205258 -0.060266 
 0.155186 -0.617410 -0.059731 
 -0.030611 0.006266 0.262772 
 -0.289013 0.196566 -0.142951 
 -0.087631 -0.113582 0.090017 
 0.239820 0.394230 -0.253745 
 -0.341767 -0.264430 -0.046945 
 -0.112660 -0.016321 0.088871 
 -0.662969 0.002372 0.015479 
 -0.159625 0.440448 -0.149010 
 -0.291885 0.704226 0.117631 
 0.615078 -0.221551 0.032506 
 0.338111 0.178064 -0.223150 
 0.330144 -0.596475 -0.044849 
 -0.234732 -0.355903 -0.062278 
 0.435643 -0.431043 -0.026770 
 0.048521 0.614222 0.033454 
 0.097441 0.815428 0.142802 
 -0.012780 -0.178208 0.183552 
 0.295899 0.327830 -0.278165 
 -0.567878 -0.540151 -0.057336 
 -0.304635 -0.802567 0.040333 
 0.160877 0.382380 -0.221536 
 -0.542717 -0.305532 0.004602 
 -0.518323 -0.480144 -0.028999 
 0.096587 -0.292273 0.218554 
 0.332178 -0.787145 -0.026477 
 0.023689 -0.791356 -0.041686 
 -0.647718 0.109928 0.102586 
 -0.036793 -0.392966 0.068464 
 0.154366 -0.256686 0.157721 
 0.401104 0.722637 0.016118 
 0.213190 -0.096465 0.228699 
 -0.615889 -0.026704 0.044656 
 -0.021579 -0.124489 0.206446 
 -0.336194 0.393686 -0.159116 
 -0.395113 -0.610820 -0.040630 
 -0.285020 -0.437790 -0.040743 
 -0.543703 -0.396510 0.006578 
 -0.337141 0.391948 -0.159116 
 0.392553 -0.302435 -0.012549 
 0.064702 -0.661378 -0.023214 
 -0.144728 -0.742728 0.052048 
 0.435643 -0.431895 -0.026411 
 0.153923 0.455367 -0.030142 
 0.171112 -0.328744 0.026571 
 0.490915 0.583013 -0.000369 
 -0.426602 0.345423 -0.104564 
 0.535895 -0.469821 -0.020272 
 -0.169607 -0.718115 0.021067 
 -0.102907 -0.500677 0.020278 
 -0.005096 -0.092673 0.261065 
 0.271238 -0.512510 -0.048984 
 -0.046307 0.232764 -0.235599 
 -0.370773 -0.717820 -0.026450 
 -0.263560 -0.856962 0.056844 
 -0.476960 -0.442457 -0.010636 
 -0.344234 0.369932 -0.169021 
 -0.353907 0.241806 -0.125429 
 -0.421456 0.572863 0.054554 
 -0.508984 -0.283303 -0.002796 
 0.409618 -0.849247 0.049298 
 0.266471 -0.815700 -0.042360 
 0.088190 -0.250191 0.275451 
 -0.004323 -0.232524 0.160578 
 -0.008248 0.589458 0.080798 
 0.248872 -0.770986 -0.063741 
 -0.062966 0.023937 0.169813 
 0.226018 0.446876 -0.071445 
 0.248872 -0.770986 -0.062959 
 -0.152687 -0.378394 -0.008840 
 0.437970 -0.871474 0.080063 
 0.280642 0.344364 -0.232908 
 0.113027 -0.349874 0.054686 
 -0.574046 -0.064489 0.029780 
 -0.187094 0.695606 0.117727 
 0.621966 -0.116270 0.061310 
 -0.167186 0.485854 -0.111116 
 -0.399165 -0.182686 -0.053237 
 0.378804 0.294612 -0.190718 
 -0.518323 -0.479270 -0.028931 
 -0.087251 -0.530118 0.007619 
 -0.417559 0.380130 -0.127937 
 0.285566 -0.162616 0.102482 
 -0.144290 -0.272540 0.017625 
 0.489134 -0.826272 0.142156 
 0.589310 -0.445408 0.093237 
 0.302284 -0.261166 0.041186 
 -0.386830 0.456107 -0.053869 
 -0.483358 0.209509 0.073478 
 -0.202668 -0.279491 0.014438 
 0.307252 -0.763980 -0.057063 
 0.491251 -0.596227 0.103067 
 0.310501 0.746210 0.122079 
 -0.012144 -0.330180 0.117008 
 -0.394515 0.279028 -0.111126 
 -0.345497 0.270427 -0.133218 
 0.202575 0.590276 0.029617 
 -0.376025 -0.376981 -0.037383 
 -0.287970 0.456603 -0.149320 
 -0.397103 0.564061 0.051616 
 0.602628 0.003276 0.070083 
 0.563878 -0.047492 0.087406 
 -0.445759 0.106672 -0.068292 
 -0.161888 -0.076408 0.062226 
 0.301005 0.115008 -0.172780 
 0.163503 -0.063398 0.420197 
 0.399736 -0.196946 0.014087 
 -0.105187 -0.241963 0.052552 
 -0.477969 -0.617061 -0.027154 
 0.386820 -0.498590 -0.038815 
 0.009204 0.252954 -0.264358 
 -0.456717 -0.382566 -0.023772 
 -0.000310 0.623617 0.054691 
 0.400952 0.650179 -0.015886 
 -0.333600 0.816270 0.165476 
 -0.016235 0.565724 0.069924 
 -0.239036 0.435082 -0.136259 
 0.224127 0.350817 -0.272415 
 0.272447 0.801005 0.083433 
 -0.004691 -0.169357 0.227705 
 -0.194600 0.759336 0.105987 
 0.160984 0.553683 0.011997 
 0.425301 -0.363447 -0.037219 
 -0.127548 -0.566333 -0.010576 
 -0.545611 -0.662084 -0.009764 
 0.578321 -0.370353 0.066760 
 -0.357036 -0.902161 0.091718 
 0.408262 -0.248899 -0.008615 
 0.374955 -0.187799 0.016436 
 0.354527 0.228652 -0.218051 
 0.195875 -0.092369 0.309335 
 -0.524405 0.172319 0.055570 
 -0.324191 0.838497 0.174560 
 0.056478 -0.683605 -0.033512 
 0.112199 0.717226 0.080664 
 -0.247857 0.251380 -0.176081 
 -0.086076 -0.530833 0.007619 
 0.398585 0.077354 -0.164861 
 0.309699 -0.315646 0.018393 
 0.469986 -0.764849 0.088470 
 0.181954 -0.716724 -0.062013 
 0.031935 -0.768668 -0.031231 
 0.185575 0.484272 -0.054594 
 -0.136891 0.469355 -0.016893 
 0.377353 -0.856539 0.024730 
 0.368764 -0.309248 0.023893 
 -0.112231 -0.016321 0.090571 
 0.360998 -0.331403 0.013676 
 0.416408 -0.726298 0.043342 
 0.570008 -0.316846 0.088599 
 0.465908 0.389287 -0.145624 
 -0.304944 0.232929 -0.147205 
 0.316469 -0.042354 0.076716 
 0.032340 -0.845375 -0.064591 
 -0.136276 -0.173828 0.060852 
 -0.169227 -0.250987 -0.013681 
 0.536296 -0.545925 -0.053148 
 0.298585 0.221923 -0.225719 
 0.277395 -0.185154 0.093462 
 0.187668 -0.241739 0.165071 
 0.468829 0.430358 -0.027856 
 -0.185439 -0.048274 0.013899 
 -0.144990 -0.272540 0.017625 
 0.440555 -0.083956 0.064969 
 0.357989 -0.716553 0.004499 
 -0.259945 -0.272383 -0.025941 
 0.519568 0.017576 0.031779 
 -0.329198 0.240610 -0.145992 
 -0.171873 0.322887 -0.202111 
 0.088832 -0.509791 0.024226 
 -0.457871 -0.202505 -0.025022 
 0.171023 -0.104405 0.362704 
 -0.070179 -0.303218 0.027403 
 -0.077684 -0.789809 0.034328 
 -0.508984 -0.283577 -0.002796 
 0.369819 -0.460702 -0.042127 
 -0.202958 0.737169 0.094421 
 -0.417559 0.380204 -0.126593 
 0.543664 -0.370389 0.024196 
 0.496901 -0.138976 0.003724 
 0.241652 0.695091 0.096764 
 -0.267354 0.547071 0.050701 
 -0.612791 -0.370653 0.074135 
 0.006550 0.857091 0.197232 
 -0.453871 -0.450367 -0.013153 
 0.080400 0.696903 0.090632 
 0.384814 -0.400126 -0.055247 
 0.138538 -0.198125 0.321132 
 0.458008 0.368402 -0.155716 
 0.526201 -0.333445 0.019957 
 -0.137284 0.674310 0.131102 
 0.236606 -0.368013 -0.007970 
 -0.055248 -0.195400 0.114662 
 -0.147159 0.805649 0.168399 
 -0.171219 0.825837 0.135907 
 -0.251772 0.665952 0.103013 
 0.241031 0.774500 0.111596 
 -0.174557 0.229718 -0.182961 
 -0.483286 -0.374677 -0.021410 
 0.037754 -0.284912 0.179253 
 0.054031 -0.175482 0.267394 
 -0.452808 -0.450367 -0.013153 
 -0.365539 0.801755 0.156868 
 -0.327501 -0.580964 -0.024762 
 -0.130523 0.684880 0.175790 
 0.277395 -0.185354 0.093040 
 0.378688 0.496885 -0.043517 
 0.012206 -0.199833 0.215964 
 0.119560 0.881844 0.172723 
 -0.424564 -0.263505 -0.051878 
 -0.517404 -0.389457 -0.029279 
 0.040181 -0.745458 -0.021791 
 -0.189471 -0.881068 0.049627 
 -0.209341 0.081585 -0.068769 
 0.096748 0.423136 -0.187714 
 0.375907 0.582899 -0.045604 
 -0.378779 0.162263 -0.121616 
 -0.437335 0.054344 -0.091495 
 -0.154210 -0.378394 -0.008831 
 -0.261251 0.804576 0.122868 
 -0.373897 -0.100412 -0.056667 
 0.277761 -0.185354 0.093462 
 0.485110 0.414434 -0.074485 
 -0.492942 -0.564131 -0.064441 
 0.570652 -0.393151 0.055458 
 0.605711 -0.161290 0.038347 
 0.148966 -0.815185 -0.086593 
 0.021427 -0.330502 0.158602 
 -0.183676 0.194527 -0.159037 
 0.105739 -0.602185 -0.054995 
 0.516222 -0.266506 0.009025 
 0.384015 -0.249281 0.011068 
 -0.382954 -0.136663 -0.032980 
 0.025393 0.303600 -0.261697 
 0.065026 0.448681 -0.079916 
 0.005169 -0.209038 0.170876 
 0.472938 -0.872712 0.121057 
 -0.450856 0.353103 -0.099203 
 0.516945 0.490430 -0.000731 
 0.383217 -0.097932 0.076443 
 0.345242 0.293223 -0.232669 
 -0.086584 0.270388 -0.221479 
 -0.560490 -0.364675 0.019204 
 -0.231408 0.310184 -0.190362 
 -0.417709 0.380204 -0.127937 
 0.495104 0.025381 0.035286 
 -0.414789 0.736997 0.147699 
 -0.258324 0.508293 -0.006024 
 0.361008 0.612555 -0.033468 
 0.220790 -0.085944 0.272970 
 -0.063720 0.477315 -0.110829 
 0.519128 0.167835 -0.060737 
 0.538496 -0.115346 0.055572 
 0.056229 0.629626 0.060712 
 0.480875 -0.183723 -0.016575 
 0.318955 -0.444945 -0.037410 
 -0.226874 0.522285 0.001647 
 -0.558672 -0.274905 0.018729 
 0.345491 0.642210 -0.021218 
 0.431847 -0.030680 0.087672 
 0.190991 0.887091 0.080751 
 0.266460 0.409481 -0.087522 
 0.175308 0.905533 0.124471 
 0.281115 0.453634 -0.066072 
 0.427145 0.469198 -0.013297 
 0.312954 0.352290 -0.208688 
 0.217696 0.498689 -0.048869 
 -0.292490 0.704226 0.117485 
 -0.005106 -0.231927 0.160578 
 0.148563 -0.740704 -0.053321 
 -0.547430 -0.585275 0.023596 
 0.241563 0.431200 -0.117989 
 0.121530 -0.165689 0.332169 
 0.539097 -0.040298 0.088450 
 -0.193960 0.018044 0.002608 
 0.535166 0.231893 -0.091981 
 -0.130794 0.776803 0.155154 
 -0.247857 0.250997 -0.176081 
 0.290259 0.476700 -0.056139 
 0.400955 0.722637 0.016118 
 0.091091 -0.838191 -0.059033 
 0.146152 -0.096391 0.365104 
 -0.387761 -0.686909 -0.013741 
 -0.127702 -0.386283 -0.011193 
 0.230682 0.849797 0.064131 
 -0.357332 -0.130715 -0.069216 
 0.343926 -0.452823 -0.039768 
 -0.539747 -0.035832 0.003763 
 0.508956 -0.288570 -0.001165 
 0.434537 0.368011 -0.136285 
 0.313534 -0.565766 -0.030541 
 -0.218107 0.543547 0.011621 
 -0.214777 0.360130 -0.187651 
 -0.144473 -0.636173 0.018815 
 0.072927 -0.638789 -0.013266 
 -0.134762 0.286879 -0.216571 
 0.168433 0.341831 -0.277703 
 -0.671534 0.055315 0.038121 
 -0.476558 -0.516012 -0.043925 
 -0.401866 -0.542493 -0.051030 
 0.493162 -0.349463 0.012099 
 0.208434 0.306886 -0.291320 
 0.298207 -0.702731 -0.050253 
 0.481241 -0.122269 0.050094 
 -0.077132 -0.697648 0.034601 
 -0.082024 0.847098 0.148947 
 0.516222 -0.266469 0.009025 
 -0.374451 -0.189092 -0.055580 
 -0.072927 0.560427 0.063647 
 -0.055602 0.371089 -0.215787 
 0.379077 0.424568 -0.075245 
 -0.095048 0.408230 -0.200026 
 -0.231408 0.309721 -0.191164 
 -0.598078 0.107335 0.065609 
 0.360620 0.686243 -0.000478 
 0.458395 -0.265825 -0.013314 
 -0.143444 0.478215 -0.113402 
 -0.080268 0.482306 -0.030006 
 -0.177499 0.506903 -0.003901 
 -0.349182 0.697730 0.112248 
 -0.034932 -0.828886 0.018833 
 -0.292423 -0.642544 -0.050128 
 0.469986 -0.766778 0.088470 
 -0.036793 -0.394667 0.069327 
 0.145578 0.509409 -0.006536 
 0.494919 0.024473 0.035286 
 0.306514 0.445974 -0.068877 
 0.174046 0.905533 0.125718 
 0.265182 0.300602 -0.252612 
 -0.466397 -0.148703 -0.002320 
 -0.504971 -0.002069 -0.039230 
 -0.227292 0.010059 -0.022133 
 -0.444241 0.281484 -0.072379 
 0.112713 0.397574 -0.218818 
 0.037234 -0.157878 0.313779 
 -0.078153 -0.430753 0.051132 
 -0.127774 -0.386283 -0.012243 
 0.202810 -0.265613 0.134984 
 -0.244167 -0.325304 0.010847 
 -0.563039 -0.028934 0.006106 
 -0.211446 0.703318 0.119949 
 -0.161330 0.032736 0.009735 
 0.273560 0.244493 -0.257538 
 0.023699 0.678366 0.119484 
 0.064585 0.579416 0.038463 
 -0.324438 0.615318 0.077396 
 0.162205 -0.352267 0.016341 
 0.070350 -0.072348 0.372302 
 -0.095320 -0.295329 0.029729 
 -0.015477 0.462038 -0.114897 
 0.063242 0.863895 0.201129 
 0.516222 -0.265922 0.007351 
 -0.437706 0.521238 0.051768 
 -0.153018 -0.765921 0.041517 
 -0.228541 -0.612688 -0.034307 
 0.529951 -0.062262 0.078274 
 -0.148502 0.881135 0.200709 
 0.236606 -0.368013 -0.007270 
 0.280589 -0.656960 -0.072411 
 -0.344810 -0.725459 -0.028834 
 -0.196572 0.833528 0.138210 
 -0.062739 0.023937 0.169813 
 -0.218268 -0.049449 -0.027759 
 0.427483 -0.453660 -0.036628 
 -0.573873 -0.140719 -0.003098 
 0.418923 -0.399106 -0.013835 
 0.063286 -0.431855 0.076603 
 -0.434947 0.397377 -0.081032 
 -0.169031 -0.092257 0.035245 
 0.273122 0.579336 -0.011822 
 -0.243956 0.848910 0.143313 
 -0.229259 -0.841838 0.064765 
 0.281338 0.344395 -0.232908 
 0.269245 -0.277180 0.033060 
 -0.436039 -0.656066 -0.042747 
 0.522725 0.390341 -0.123334 
 0.017438 0.507353 0.045305 
 -0.395602 0.433970 -0.063833 
 -0.094337 -0.758736 0.047104 
 -0.467155 0.382920 -0.087839 
 -0.023381 0.447233 -0.142001 
 -0.202567 0.663656 0.063791 
 0.214175 -0.079468 0.415126 
 0.637983 -0.071034 0.079053 
 0.217948 0.560459 0.015954 
 -0.150744 0.234813 -0.219321 
 0.047873 0.684220 0.082961 
 0.236542 -0.299046 0.041652 
 0.323056 0.768377 0.132053 
 0.399976 -0.279787 -0.001944 
 0.229574 -0.551619 -0.067083 
 0.329663 0.383456 -0.154087 
 0.087790 -0.115998 0.393488 
 -0.682094 0.095158 0.094510 
 0.329534 0.659983 0.025984 
 0.408430 -0.181337 0.041431 
 -0.341164 -0.083971 -0.048778 
 0.242196 0.429684 -0.117989 
 0.306421 -0.679872 -0.041070 
 -0.319667 -0.733745 -0.030898 
 -0.343015 -0.444754 -0.045812 
 -0.257340 0.116971 -0.113844 
 -0.413611 0.513516 0.049212 
 -0.169180 -0.347766 0.003761 
 0.233308 0.413178 -0.145054 
 -0.110878 -0.812469 0.043313 
 -0.161489 -0.152696 0.029432 
 -0.104417 -0.158999 0.068710 
 0.362299 0.452732 -0.063019 
 0.144797 0.657591 0.054180 
 0.080902 0.437752 -0.141244 
 -0.077537 -0.592090 0.001349 
 -0.551494 -0.493774 -0.036821 
 -0.466397 -0.149491 -0.003883 
 0.186665 -0.435476 -0.019075 
 -0.340412 0.570193 0.057628 
 0.206139 -0.265613 0.134984 
 -0.102907 -0.499481 0.020278 
 -0.231408 0.307989 -0.190362 
 -0.287859 -0.848927 0.059250 
 0.169051 0.648750 0.054136 
 -0.022980 0.385408 -0.208266 
 -0.632931 0.155273 0.122939 
 0.399121 0.648949 -0.015886 
 0.138106 -0.435655 0.019177 
 0.212442 -0.242547 0.145268 
 -0.563798 0.133744 0.037662 
 -0.309546 -0.422692 -0.055887 
 -0.102504 -0.575233 -0.012951 
 0.279400 -0.565876 -0.073858 
 0.168433 0.343874 -0.277865 
 -0.183676 0.193965 -0.158846 
 -0.567303 -0.214864 0.024714 
 -0.251531 0.752012 0.100619 
 -0.227244 0.745352 0.098316 
 0.191972 0.409382 -0.247866 
 -0.241855 0.065853 -0.077580 
 -0.420240 -0.701896 -0.021989 
 0.046639 -0.400150 0.089278 
 0.592637 0.069457 0.058642 
 -0.151908 0.456411 -0.123308 
 -0.618639 -0.372198 0.012809 
 -0.577945 -0.501655 -0.001280 
 -0.145149 -0.196536 0.050695 
 0.080616 0.437752 -0.141244 
 0.241812 0.626869 0.048505 
 0.205653 -0.633230 -0.065031 
 -0.387966 0.038716 -0.096137 
 -0.277350 -0.683338 -0.046175 
 0.352708 0.666322 -0.011312 
 -0.363883 0.030319 -0.098459 
 0.278831 0.344395 -0.232908 
 -0.160833 -0.491480 -0.018687 
 0.162130 0.479592 -0.020182 
 0.481807 -0.122269 0.049501 
 0.481408 -0.046567 0.083538 
 -0.086076 -0.528162 0.007619 
 -0.161194 -0.241953 0.030200 
 0.104693 0.472816 -0.025543 
 0.168433 0.344967 -0.277703 
 0.023977 0.617231 0.053041 
 0.212064 -0.360134 -0.005181 
 0.577564 -0.370353 0.065716 
 -0.430024 0.692483 0.126491 
 0.088871 0.570686 0.036660 
 0.564675 -0.198895 0.020402 
 -0.328373 -0.580964 -0.024810 
 0.509186 -0.288570 -0.001165 
 -0.057929 0.839407 0.146644 
 -0.001274 0.772000 0.119790 
 0.296271 -0.611363 -0.051056 
 -0.135169 0.179166 -0.161735 
 0.089495 0.258600 -0.278275 
 0.229574 -0.550097 -0.066355 
 0.215520 0.242511 -0.279892 
 0.515348 -0.265922 0.009025 
 -0.054302 -0.362177 0.081986 
 0.140827 -0.678004 -0.046980 
 0.479019 0.149589 -0.129573 
 0.418923 -0.401141 -0.013835 
 0.124667 -0.900014 -0.084682 
 0.226424 0.650757 0.076817 
 -0.538056 0.058067 -0.014345 
 0.180833 -0.081306 0.373097 
 -0.256306 0.463184 -0.124066 
 0.612274 0.176125 -0.013823 
 0.121721 -0.479332 -0.001338 
 -0.444877 -0.785923 -0.019537 
 0.450360 0.412751 -0.116473 
 -0.284360 -0.340327 -0.057414 
 -0.154171 0.555302 0.078719 
 -0.245903 -0.888157 0.045231 
 0.503595 -0.751472 0.096464 
 0.587443 -0.117340 0.016936 
 -0.086520 -0.347414 0.006906 
 0.261391 -0.168418 0.136179 
 0.021541 -0.546299 0.025112 
 -0.328130 0.413965 -0.149210 
 0.393041 0.626239 -0.025792 
 0.543664 -0.370978 0.023408 
 -0.477225 -0.518763 -0.043925 
 -0.032154 0.522777 0.049923 
 0.019430 -0.036487 0.326065 
 -0.342094 -0.264430 -0.046131 
 0.225860 0.724949 0.109040 
 -0.153018 -0.765346 0.041517 
 -0.227148 -0.347932 -0.018526 
 0.062704 -0.228875 0.244039 
 -0.389508 0.660681 0.093806 
 0.285147 -0.162616 0.103692 
 0.228220 -0.183306 0.132354 
 -0.372773 -0.848423 0.056047 
 0.174559 -0.648119 -0.072357 
 -0.462280 -0.663055 -0.006590 
 -0.283385 -0.154062 -0.076033 
 -0.208330 0.302083 -0.192649 
 -0.244048 -0.665878 -0.036814 
 0.343083 -0.149553 0.092271 
 0.575383 0.269505 -0.074337 
 0.276751 0.122689 -0.171761 
 0.419324 -0.476893 -0.046845 
 0.062704 -0.229314 0.244039 
 0.269021 -0.512510 -0.048984 
 -0.471913 -0.777940 -0.017147 
 -0.461104 -0.663022 -0.006590 
 0.342526 -0.210545 0.025493 
 -0.562853 -0.631173 0.003178 
 0.296942 0.583188 -0.048649 
 0.168661 0.724002 0.087944 
 0.056865 0.390872 -0.221983 
 -0.070981 -0.149976 0.093475 
 0.622209 -0.354365 0.134412 
 0.148563 -0.739527 -0.053321 
 -0.054736 -0.120558 0.147803 
 0.045199 -0.064333 0.373970 
 -0.177924 -0.026185 0.024049 
 -0.103262 -0.318068 0.018082 
 -0.137932 0.903362 0.210710 
 -0.543415 -0.305532 0.006137 
 0.428276 0.468399 -0.013297 
 0.416568 -0.157512 0.051358 
 -0.039598 0.471403 -0.112644 
 -0.119246 0.329617 -0.196787 
 -0.396651 -0.072099 -0.104896 
 -0.406584 0.702338 0.072238 
 -0.415426 0.513516 0.049456 
 -0.324985 0.615318 0.077629 
 -0.104820 0.539857 0.074095 
 0.611362 0.025207 0.080232 
 -0.485427 -0.465256 -0.021042 
 -0.313299 0.202084 -0.140284 
 -0.255530 0.317360 -0.187639 
 -0.070949 0.560427 0.064541 
 -0.170189 -0.836222 0.070467 
 0.622229 -0.116270 0.058700 
 -0.219456 -0.498759 -0.024208 
 0.187259 -0.297724 0.080723 
 0.514316 -0.032509 0.090800 
 -0.259706 -0.521593 -0.075721 
 -0.561377 -0.274905 0.018729 
 0.104602 -0.134575 0.346717 
 -0.326266 -0.392835 -0.042101 
 0.350147 -0.818056 -0.038053 
 0.245933 -0.091600 0.270587 
 0.090092 0.331885 -0.246542 
 0.146142 -0.281300 0.146313 
 0.098408 -0.723338 -0.049630 
 -0.639862 -0.092638 0.014126 
 0.430227 0.099114 -0.174193 
 -0.508083 -0.193559 -0.003478 
 0.116016 -0.846154 -0.061878 
 -0.202603 -0.004454 -0.007514 
 -0.004863 -0.168922 0.227705 
 -0.402083 0.498335 -0.075980 
 -0.325613 0.840149 0.174560 
 -0.268076 0.622122 0.083012 
 -0.049358 0.699820 0.126853 
 0.202420 -0.119353 0.218401 
 0.089441 0.867453 0.165052 
 0.166255 -0.770051 -0.065996 
 -0.365813 -0.078908 -0.046441 
 0.175308 0.905938 0.125718 
 0.113007 0.791317 0.113133 
 0.032655 0.495760 -0.018645 
 -0.378193 0.249497 -0.124621 
 0.485421 0.469799 0.009165 
 0.135881 0.852071 0.159490 
 0.038414 -0.423913 0.079000 
 -0.183327 0.375939 -0.180043 
 -0.234732 -0.356043 -0.063154 
 -0.273651 0.247386 -0.139689 
 -0.272736 0.247386 -0.139825 
 0.314634 0.672101 0.089856 
 0.290347 0.679709 0.092000 
 0.096290 0.670637 0.061034 
 0.318111 -0.279929 -0.005077 
 -0.056828 0.468449 -0.014471 
 0.005428 -0.592076 0.004515 
 0.022772 -0.621470 -0.008161 
 -0.535957 -0.639136 0.000562 
 -0.321264 0.182091 -0.150163 
 0.291489 0.389235 -0.053654 
 -0.095546 0.505997 0.000108 
 0.220656 -0.219896 0.154779 
 -0.101948 -0.408497 0.019975 
 0.249170 0.255446 -0.272315 
 0.376123 -0.133979 0.099976 
 -0.145731 -0.196536 0.050635 
 0.015038 -0.736559 -0.018522 
 0.129748 0.539227 0.004336 
 -0.325021 -0.205258 -0.061126 
 0.104855 -0.270112 0.228906 
 -0.055688 0.012657 0.265150 
 0.307252 -0.763980 -0.056854 
 0.506189 -0.055895 0.080623 
 -0.048574 0.552716 0.062385 
 0.277805 -0.330475 0.010544 
 -0.403777 -0.019509 -0.082405 
 0.532034 0.096637 -0.031975 
 0.452977 -0.726258 0.084610 
 -0.487843 -0.823958 -0.036839 
 -0.304635 -0.802567 0.038891 
 0.485421 0.470101 0.009293 
 0.551097 0.276726 -0.072034 
 -0.027673 0.853883 0.154315 
 -0.596135 0.045337 -0.002827 
 -0.300104 0.767933 0.106997 
 0.621966 -0.116270 0.060564 
 0.333250 -0.786236 -0.026477 
 -0.572113 0.112632 0.027540 
 -0.094592 0.334844 -0.233240 
 0.056908 0.488177 -0.022002 
 0.580930 -0.154383 0.040696 
 -0.008799 -0.806342 -0.049498 
 -0.260151 0.719482 0.125322 
 -0.289013 0.197502 -0.142586 
 0.021750 -0.622906 -0.008161 
 -0.041763 0.798470 0.169164 
 0.079941 -0.386077 0.096559 
 -0.178796 -0.857908 0.060047 
 0.402317 0.286983 -0.192896 
 0.048173 0.614222 0.032682 
 0.530612 -0.521729 0.038046 
 -0.426305 -0.534583 -0.048662 
 0.485002 -0.370797 0.000684 
 0.223795 -0.764062 -0.060453 
 -0.007884 0.527258 0.012590 
 0.423204 -0.596753 0.018698 
 0.348123 0.200080 -0.213244 
 -0.167361 0.251795 -0.172748 
 0.517336 0.416339 -0.032386 
 0.444075 -0.750202 0.074230 
 -0.479117 0.002714 -0.075423 
 0.378172 -0.521328 -0.048201 
 0.296973 -0.609760 -0.051056 
 -0.057737 0.753668 0.149569 
 -0.452891 -0.625236 -0.028328 
 0.310479 -0.170441 0.101330 
 0.372104 -0.558788 -0.025020 
 0.129956 -0.456889 0.008919 
 -0.409065 -0.391177 -0.045469 
 0.468829 0.431700 -0.027684 
 -0.532834 0.212298 0.111793 
 -0.012547 -0.254815 0.150677 
 -0.043628 -0.775935 0.042311 
 0.435786 -0.773842 0.063851 
 -0.469595 -0.495964 -0.033668 
 -0.241441 -0.034876 -0.042350 
 -0.242664 -0.034724 -0.042350 
 0.174115 -0.648119 -0.072357 
 -0.203739 0.885552 0.161873 
 0.231691 -0.731806 -0.066762 
 0.595548 -0.094650 0.027142 
 0.416420 0.698894 -0.013414 
 -0.144516 -0.355655 0.000299 
 -0.399353 0.712847 0.116865 
 0.329363 0.525720 -0.073034 
 -0.496898 0.020609 -0.030147 
 0.128548 0.435076 -0.180126 
 -0.240096 0.434554 -0.136259 
 -0.110036 0.278016 -0.218855 
 -0.402349 0.338435 -0.105972 
 -0.150950 0.312280 -0.204395 
 0.564254 -0.430294 0.078798 
 -0.234819 0.648501 0.055803 
 0.354889 0.430893 -0.072952 
 -0.146420 0.743954 0.103346 
 -0.189040 0.438660 -0.192256 
 -0.626027 -0.229298 0.036045 
 0.426137 0.352943 -0.163325 
 0.254086 -0.481471 -0.036391 
 0.004709 -0.362253 0.104694 
 0.088262 -0.570881 -0.042369 
 -0.185959 -0.469347 -0.049753 
 -0.272517 0.494392 -0.111533 
 -0.280069 0.477590 -0.138947 
 -0.145442 -0.023806 0.065774 
 -0.312461 0.459438 -0.129398 
 -0.459114 -0.382566 -0.023772 
 -0.077862 -0.507260 0.017043 
 0.187668 -0.242954 0.164532 
 -0.455242 0.557257 0.046862 
 -0.407301 -0.128836 -0.030595 
 0.450107 0.345897 -0.165609 
 -0.482164 0.209509 0.073841 
 -0.054595 0.284746 -0.212775 
 0.096480 -0.228144 0.286588 
 -0.194859 -0.904227 0.039207 
 0.371507 -0.558788 -0.024077 
 -0.279327 -0.810582 0.036040 
 0.377841 0.368544 -0.158757 
 -0.513836 0.128099 0.015982 
 0.169517 0.724002 0.086315 
 0.245916 -0.504621 -0.047213 
 -0.226400 -0.072036 -0.037881 
 0.022873 -0.622906 -0.008161 
 -0.288329 -0.848927 0.058851 
 0.132113 -0.786119 -0.073917 
 0.472042 -0.069185 0.072796 
 0.245840 0.899468 0.066494 
 -0.055178 -0.119094 0.147803 
 0.080655 0.480497 -0.023244 
 0.361378 0.391490 -0.129424 
 -0.362576 0.449598 -0.056172 
 -0.243566 0.775139 0.110592 
 -0.243918 -0.324098 0.010847 
 -0.292897 -0.287173 -0.034156 
 -0.226517 0.011145 -0.022133 
 -0.151337 0.388847 -0.172952 
 -0.484321 -0.374677 -0.022224 
 0.481927 -0.273672 -0.015664 
 -0.111480 -0.812469 0.042922 
 -0.295115 -0.551335 -0.050245 
 -0.328283 0.414566 -0.149210 
 -0.445759 0.106672 -0.068627 
 0.322538 0.214824 -0.228003 
 -0.332659 -0.056425 -0.053589 
 -0.243467 -0.391618 -0.038960 
 -0.119603 -0.363193 -0.000962 
 -0.358020 0.744573 0.151909 
 0.214469 -0.610432 -0.054210 
 -0.171904 0.889176 0.203018 
 0.129414 -0.078522 0.411922 
 -0.260679 -0.272383 -0.027003 
 -0.309523 -0.332470 -0.055221 
 0.025393 0.304135 -0.261697 
 -0.044713 -0.415825 0.059042 
 -0.244154 -0.581898 -0.020687 
 -0.152297 0.505347 -0.022469 
 0.313152 0.555525 -0.060841 
 -0.023807 0.489082 -0.024355 
 0.105231 0.302903 -0.258668 
 0.136089 0.389977 -0.219262 
 0.283368 -0.849174 -0.055069 
 0.169501 0.724002 0.086315 
 0.417960 -0.303214 -0.031318 
 0.033286 0.563901 0.030792 
 0.205653 -0.633230 -0.063907 
 -0.284290 0.652061 0.095321 
 -0.013354 -0.102560 0.216824 
 -0.487843 -0.825579 -0.037852 
 -0.255918 0.390852 -0.156071 
 -0.308214 0.894149 0.159696 
 -0.308713 0.579378 0.082577 
 0.163503 -0.063398 0.420150 
 0.136317 0.316691 -0.251091 
 -0.340412 0.570311 0.057628 
 -0.318927 -0.634613 -0.047753 
 -0.582923 -0.093148 0.036502 
 -0.436039 -0.655361 -0.042208 
 -0.369750 0.276283 -0.130491 
 0.275139 -0.886422 -0.032306 
 0.330173 0.791120 0.142026 
 0.536330 -0.408040 0.047569 
 -0.569084 -0.312275 0.042087 
 0.498437 0.323641 -0.153051 
 -0.068903 -0.766049 0.044708 
 -0.177599 -0.370504 -0.006819 
 -0.086076 -0.530118 0.007159 
 0.400691 -0.279787 -0.001835 
 0.029269 -0.523410 0.035410 
 0.454090 0.164746 -0.144313 
 0.072489 0.470757 -0.067593 
 0.568368 0.083872 0.043935 
 -0.363883 0.030963 -0.097719 
 -0.308186 -0.422692 -0.054677 
 -0.079459 0.437330 -0.147325 
 -0.158850 0.293352 -0.214287 
 -0.326273 -0.475542 -0.058405 
 0.236542 -0.299046 0.040981 
 -0.488248 -0.746948 -0.003053 
 0.370083 0.413794 -0.119518 
 -0.136785 -0.499691 -0.021055 
 -0.086921 -0.271605 0.039960 
 0.491080 0.301624 -0.160826 
 0.589456 -0.206965 0.017994 
 0.086798 -0.026149 0.393088 
 -0.054334 -0.195362 0.114662 
 -0.518431 -0.306366 -0.013013 
 0.088336 0.653016 0.051074 
 0.263805 -0.626252 -0.058946 
 0.032162 -0.600017 0.002138 
 -0.207415 0.382117 -0.177599 
 0.171739 -0.104438 0.362704 
 0.474477 -0.296290 -0.025262 
 -0.540739 -0.125811 0.004729 
 0.105422 -0.470626 0.062044 
 0.196090 -0.488842 -0.041329 
 -0.344106 0.368945 -0.169021 
 0.245933 -0.096548 0.270587 
 -0.033874 -0.828886 0.019156 
 0.425185 -0.280595 -0.021141 
 -0.593660 -0.379831 0.011314 
 -0.241091 0.496443 -0.070374 
 -0.307022 -0.064221 -0.057900 
 -0.637348 0.083533 0.011969 
 -0.537710 -0.639136 -0.000520 
 0.434607 0.577532 -0.005050 
 0.113230 -0.188788 0.324273 
 -0.046619 -0.110156 0.191956 
 0.144797 0.657591 0.056881 
 -0.102432 -0.674736 0.006415 
 0.307252 -0.763980 -0.056111 
 -0.419888 0.276003 -0.074688 
 -0.333568 -0.318508 -0.069648 
 0.040298 0.584352 0.040765 
 -0.136990 -0.173828 0.059668 
 -0.283328 0.503275 0.031614 
 0.261725 -0.105602 0.207351 
 -0.194059 -0.506669 -0.026577 
 -0.202676 0.576759 0.065321 
 0.080156 0.383275 -0.224565 
 0.070914 -0.149660 0.338448 
 -0.127249 0.379473 -0.174718 
 -0.392452 -0.331544 -0.058353 
 -0.236407 -0.864997 0.054438 
 0.298192 0.497787 -0.047774 
 0.233308 0.413003 -0.145054 
 -0.639862 -0.094513 0.014126 
 0.588659 -0.055339 0.084121 
 -0.496091 -0.692947 0.018690 
 -0.396085 -0.724879 0.009268 
 -0.439196 -0.047712 -0.056507 
 -0.177217 -0.536832 -0.039202 
 -0.111085 0.278016 -0.218855 
 0.377642 -0.347731 -0.032514 
 -0.059855 -0.905811 0.005153 
 0.012206 -0.199833 0.215895 
 -0.144728 -0.744144 0.051896 
 0.517725 -0.604210 0.100677 
 0.020248 -0.126920 0.327385 
 -0.120270 -0.204415 0.050070 
 0.081555 -0.693142 -0.035890 
 -0.373143 0.630742 0.081529 
 0.325258 0.107328 -0.174064 
 -0.245903 -0.888531 0.044018 
 -0.134762 0.285644 -0.215858 
 -0.177765 -0.197506 0.009392 
 0.148656 -0.739221 -0.053321 
 -0.470731 -0.777940 -0.017147 
 0.195289 -0.336487 0.024209 
 -0.153482 0.710122 0.126088 
 -0.276599 0.908625 0.166655 
 -0.011543 -0.254815 0.150280 
 -0.528613 0.094360 -0.038159 
 -0.410961 -0.664007 -0.043888 
 -0.142962 -0.355655 0.001400 
 -0.450142 -0.105021 0.018033 
 -0.143937 -0.024403 0.065774 
 -0.233744 0.505192 -0.025530 
 -0.436039 -0.656066 -0.041889 
 -0.029804 -0.147377 0.195960 
 0.111809 0.791317 0.113114 
 -0.243369 -0.221708 -0.023464 
 0.104769 -0.204311 0.296210 
 -0.341102 0.879313 0.152025 
 -0.094186 -0.653876 0.014048 
 0.379159 0.214458 -0.205283 
 -0.340412 0.570864 0.058283 
 0.418741 0.534797 -0.025581 
 -0.377970 0.490587 -0.078273 
 -0.242393 0.552143 0.013908 
 0.294525 -0.361062 -0.003661 
 0.015230 0.742143 0.108597 
 -0.168354 0.485854 -0.111116 
 0.501177 0.223883 -0.116733 
 -0.460173 -0.472076 -0.023410 
 0.358403 -0.090337 0.078796 
 0.320653 -0.528288 -0.053793 
 -0.299969 -0.041753 -0.048139 
 -0.434345 -0.307294 -0.011095 
 0.418741 0.532493 -0.025581 
 -0.153137 -0.865254 0.057641 
 -0.493746 -0.411748 0.001389 
 0.217488 0.702325 0.099067 
 0.028537 -0.101068 0.336934 
 -0.336583 0.465040 -0.127111 
 0.476842 -0.393505 -0.007410 
 -0.389756 0.586288 0.062245 
 -0.046396 -0.172601 0.124920 
 -0.299969 -0.042313 -0.047791 
 -0.079151 -0.173748 0.083715 
 0.062583 -0.095447 0.361909 
 -0.227201 0.893243 0.162762 
 0.497484 -0.213756 -0.029068 
 0.596330 -0.094782 0.027142 
 -0.130858 0.684807 0.175790 
 0.449570 -0.137040 0.042267 
 -0.113311 0.046304 0.158419 
 0.586514 -0.348302 0.075973 
 0.271229 -0.589612 -0.082037 
 -0.540739 -0.125006 0.004729 
 0.089780 -0.668426 -0.025592 
 0.120154 0.739801 0.090914 
 0.338050 0.397729 -0.127137 
 0.473680 -0.143882 0.039917 
 -0.186955 -0.788426 0.050120 
 0.203682 -0.542208 -0.064721 
 -0.159423 0.187669 -0.161146 
 0.160586 0.322412 -0.287527 
 -0.341102 0.879548 0.152025 
 0.229173 -0.473993 -0.035316 
 -0.304700 0.139022 -0.128543 
 0.615600 0.305128 -0.057556 
 0.366541 -0.068417 0.088986 
 -0.356251 0.686956 0.067766 
 -0.517035 -0.230362 0.019997 
 -0.046616 0.319629 -0.237953 
 0.174044 -0.824888 -0.088970 
 -0.163124 0.922195 0.178104 
 -0.259787 -0.439233 -0.059394 
 -0.579570 0.013769 -0.015286 
 0.071205 -0.220140 0.286099 
 0.392952 -0.377485 -0.045057 
 0.088850 -0.454097 0.107766 
 -0.146420 0.745919 0.101382 
 -0.283921 -0.513895 -0.073359 
 0.079343 0.845286 0.154738 
 -0.344882 0.517308 -0.104569 
 -0.122243 0.569837 0.086421 
 -0.611204 -0.515945 -0.008976 
 -0.130794 0.777500 0.156089 
 -0.146569 -0.100104 0.032895 
 0.004305 -0.285645 0.138427 
 0.344284 -0.376820 -0.005212 
 -0.501938 -0.434547 -0.009188 
 -0.122807 0.799461 0.166090 
 -0.525975 -0.335957 -0.006456 
 -0.539149 0.128411 0.035325 
 -0.095098 -0.295329 0.029729 
 -0.234897 0.574310 0.023897 
 -0.226517 0.010593 -0.022133 
 -0.664643 -0.086693 0.016476 
 -0.036046 -0.828886 0.019156 
 0.332952 -0.075184 0.064190 
 0.456314 0.582000 -0.042559 
 -0.219670 0.841219 0.140648 
 0.553745 -0.438748 0.035489 
 -0.221072 -0.408092 -0.024568 
 0.104857 -0.387130 0.078024 
 0.420687 0.163931 -0.185126 
 -0.178293 -0.757644 0.043913 
 0.055232 -0.175482 0.267133 
 0.140741 -0.839250 -0.096891 
 0.370737 0.634571 -0.023505 
 0.129267 0.477515 -0.061826 
 0.138094 -0.495348 -0.047405 
 0.240648 -0.793869 -0.073129 
 -0.383129 -0.301818 -0.065188 
 -0.422022 0.491259 0.039442 
 -0.202567 0.662977 0.064573 
 -0.442666 -0.413194 -0.036579 
 -0.559459 -0.276719 0.018729 
 0.120581 0.419470 -0.207243 
 -0.218107 0.545465 0.011621 
 -0.047003 0.393446 -0.205922 
 -0.285552 -0.437790 -0.040306 
 0.213845 -0.610644 -0.054210 
 0.577783 -0.370353 0.065716 
 0.501322 -0.325380 0.022809 
 0.208049 0.379561 -0.260322 
 -0.440354 -0.143567 -0.038401 
 -0.219776 -0.408092 -0.024568 
 0.531156 -0.137964 0.045395 
 0.211939 -0.096465 0.229215 
 0.052279 -0.118546 0.351516 
 -0.414797 0.513516 0.049456 
 -0.037196 -0.316459 0.101969 
 -0.027026 -0.713614 0.029704 
 -0.352466 -0.573033 -0.022435 
 -0.218988 -0.324908 -0.008805 
 -0.283328 0.503275 0.031039 
 0.228446 -0.391048 -0.017757 
 0.169441 0.575686 0.021957 
 -0.235210 0.721237 0.088343 
 0.161877 0.478402 -0.020182 
 0.209994 0.537156 0.007398 
 -0.412851 0.046470 -0.092995 
 0.393041 0.628997 -0.025792 
 0.213845 -0.610432 -0.053357 
 0.335259 -0.475532 -0.049985 
 -0.584992 -0.509921 -0.044710 
 -0.573105 0.175009 0.094331 
 0.096526 -0.354389 0.151451 
 -0.094274 -0.651787 0.014048 
 0.096480 -0.228144 0.284001 
 0.474787 0.257591 -0.182769 
 0.049237 -0.876127 -0.078323 
 0.416180 0.698894 -0.011990 
 -0.386830 0.456810 -0.053873 
 -0.445455 -0.708913 0.013910 
 0.169332 0.258275 -0.275343 
 -0.256306 0.463740 -0.124066 
 -0.065179 0.657048 0.106852 
 0.115261 -0.754168 -0.060517 
 -0.073319 0.636468 0.096851 
 0.257038 0.278303 -0.262463 
 0.403177 -0.872346 0.038289 
 0.163135 -0.184405 0.269483 
 0.187259 -0.297299 0.080971 
 -0.267917 -0.027081 -0.040016 
 -0.365416 -0.153213 -0.079222 
 0.184570 0.768275 0.106896 
 -0.462776 0.123626 -0.022687 
 -0.009447 0.824025 0.143790 
 -0.135854 -0.499428 -0.021055 
 -0.272589 0.420704 -0.143878 
 -0.368076 -0.436861 -0.043450 
 -0.398391 0.564061 0.052245 
 -0.169824 -0.093098 0.035245 
 -0.442985 -0.580180 -0.066950 
 0.410030 0.659363 0.028670 
 0.000406 0.772000 0.119790 
 0.168661 0.798093 0.118494 
 -0.457099 -0.112839 -0.025908 
 0.020857 -0.253562 0.191962 
 0.418874 0.533379 -0.025581 
 -0.218962 -0.408092 -0.024568 
 0.012611 -0.276920 0.181636 
 -0.251922 0.826743 0.133727 
 -0.204804 0.811361 0.128237 
 -0.121595 0.650244 0.101469 
 0.279400 -0.566231 -0.071807 
 -0.000653 0.688157 0.122235 
 0.160196 0.436854 -0.138203 
 -0.225938 0.522285 0.001647 
 0.088336 0.650815 0.050702 
 -0.077537 -0.591141 0.001117 
 -0.365416 -0.152199 -0.079145 
 -0.408309 -0.218269 -0.029405 
 0.392952 -0.378238 -0.045971 
 0.327060 -0.194225 0.071837 
 -0.386830 0.455543 -0.053873 
 -0.397020 -0.072099 -0.105404 
 0.177396 0.597773 0.031917 
 0.065042 0.578377 0.038463 
 0.216778 0.780758 0.113896 
 0.157439 -0.900507 -0.043451 
 -0.270039 -0.765512 -0.002820 
 -0.260151 0.719996 0.125322 
 -0.071782 0.001199 0.160381 
 -0.027515 -0.293600 0.112840 
 -0.079459 0.439549 -0.147072 
 0.423204 -0.596753 0.019882 
 0.088190 -0.251213 0.274345 
 0.340554 -0.059312 0.091338 
 0.386129 0.316962 -0.180826 
 0.477233 -0.658457 0.115748 
 0.349193 -0.818056 -0.039186 
 -0.036132 -0.392966 0.069327 
 -0.450856 0.353103 -0.103375 
 -0.493421 -0.564360 -0.064441 
 0.056581 0.457898 -0.172041 
 0.464663 -0.229207 -0.037270 
 0.089838 -0.838191 -0.059033 
 0.336977 0.344683 -0.209725 
 0.417978 0.330956 -0.173217 
 0.258827 -0.840067 -0.052685 
 -0.155146 0.784515 0.159598 
 0.394417 0.264997 -0.203313 
 0.493162 -0.349263 0.012099 
 0.394205 0.405868 -0.122703 
 0.104111 -0.331440 0.161776 
 -0.366476 -0.332284 -0.077222 
 0.037234 -0.157789 0.313779 
 0.368138 -0.370380 -0.042266 
 -0.218853 -0.405808 -0.024568 
 0.474870 0.331280 -0.153241 
 -0.153203 -0.122722 0.022719 
 0.516945 0.490145 -0.000275 
 0.374955 -0.189524 0.016436 
 0.257740 -0.649050 -0.069204 
 -0.235537 -0.633222 -0.044592 
 0.261134 -0.168418 0.139901 
 -0.314510 0.519421 -0.062993 
 0.244766 -0.345305 0.003433 
 0.015189 -0.737496 -0.018522 
 -0.530237 0.149822 0.045448 
 -0.544400 -0.662084 -0.009764 
 -0.275442 0.599895 0.073011 
 -0.325948 0.764104 0.142249 
 0.522972 0.167835 -0.060737 
 0.252498 0.130695 -0.168057 
 -0.314249 0.284883 -0.125130 
 0.616918 0.068281 0.039165 
 -0.070318 -0.303218 0.027367 
 0.023699 0.678366 0.121084 
 -0.135733 0.285644 -0.216571 
 -0.394150 0.520324 -0.066168 
 -0.087170 0.429271 -0.191502 
 0.040354 0.660260 0.072988 
 0.342925 -0.286719 -0.007776 
 0.426406 0.279355 -0.193915 
 -0.422786 0.714740 0.138021 
 0.222695 0.907096 0.067164 
 0.378074 0.294612 -0.190718 
 0.504318 -0.293834 0.032573 
 0.124037 -0.666312 -0.111448 
 0.211937 0.677223 0.005914 
 0.053660 -0.710928 -0.111165 
 0.351907 0.457078 -0.059756 
 0.009548 -0.547225 -0.054930 
 -0.628760 -0.207701 0.066695 
 -0.132063 -0.667821 -0.012511 
 -0.134643 0.645942 0.168268 
 0.165608 -0.095791 0.282969 
 0.441279 -0.047567 0.087629 
 0.433093 0.351240 -0.063867 
 -0.209587 -0.001155 -0.118641 
 -0.069488 -0.124480 0.036801 
 0.622621 0.204368 -0.074585 
 0.312074 -0.172988 0.180196 
 -0.490785 -0.732928 0.304366 
 -0.079394 0.052868 -0.000689 
 0.118581 -0.355578 0.047379 
 -0.354962 0.299892 -0.130249 
 