0.308277 -0.491563 0.183498 
 0.170184 -0.606716 0.174691 
 0.259266 0.583156 0.056865 
 -0.209010 -0.575876 -0.013756 
 -0.285804 -0.200493 -0.156650 
 -0.367077 0.683780 -0.064820 
 -0.133976 0.290089 0.075644 
 -0.220995 -0.145307 0.070568 
 -0.394530 -0.633191 -0.048335 
 -0.134627 -0.690324 0.139305 
 -0.239130 0.538361 -0.029937 
 0.205320 -0.720419 0.255552 
 -0.378217 -0.634028 -0.041356 
 -0.090840 -0.054993 0.099293 
 0.318501 -0.467416 0.163984 
 -0.368669 0.572493 -0.040441 
 0.227561 0.093677 -0.108391 
 -0.334140 -0.576842 -0.041287 
 -0.084933 -0.458681 0.112380 
 0.171329 -0.688950 0.205248 
 0.140907 -0.190499 -0.242085 
 0.242971 0.810860 0.042605 
 0.045680 -0.536831 0.157723 
 0.106379 -0.649828 0.181428 
 0.455727 -0.284470 0.045447 
 0.291939 -0.341861 -0.102257 
 0.260544 -0.323273 -0.113556 
 -0.225682 0.097887 0.035345 
 0.157155 -0.191433 -0.235439 
 0.201742 0.496854 0.046009 
 -0.160805 -0.275138 -0.181593 
 -0.310989 0.833081 -0.004401 
 0.032646 0.298234 0.053421 
 0.311282 0.768866 0.092097 
 -0.351112 0.682864 -0.057990 
 -0.138753 -0.471750 0.018322 
 0.432969 -0.282877 -0.032466 
 -0.020405 0.221483 0.074252 
 -0.040300 -0.670366 0.155414 
 0.305709 0.807113 0.066922 
 -0.155777 0.017963 0.080962 
 -0.290252 0.119172 0.011732 
 -0.157637 -0.361690 -0.124237 
 -0.158656 -0.406979 -0.090392 
 -0.334835 0.492311 -0.078003 
 -0.352345 -0.058920 0.067710 
 0.248965 0.061801 -0.117525 
 -0.226363 -0.213141 -0.160031 
 0.439943 -0.317582 0.034240 
 0.370263 -0.404838 0.141112 
 0.076046 0.301040 0.045771 
 0.432950 -0.265094 -0.030039 
 0.167845 -0.195475 -0.217918 
 0.171685 0.515751 0.036232 
 -0.366993 0.631934 -0.072122 
 -0.145360 -0.073176 0.086817 
 0.154995 -0.687975 0.198538 
 -0.196987 0.188998 0.033103 
 -0.102836 -0.135242 -0.163646 
 0.170413 0.388229 0.059014 
 -0.209983 -0.344856 -0.131560 
 0.075200 0.335384 0.050189 
 0.228711 -0.024443 -0.125306 
 0.226230 -0.270444 -0.119703 
 0.212800 -0.584826 0.169247 
 0.187657 -0.690768 0.211315 
 -0.237780 -0.144118 0.063606 
 -0.192329 0.562877 0.033948 
 -0.276890 0.555078 -0.030295 
 -0.150171 0.323728 0.073736 
 -0.245115 -0.468478 -0.082349 
 0.133676 0.337165 0.049102 
 0.331139 -0.500281 0.220163 
 0.154614 0.355634 0.049669 
 -0.345659 -0.601392 -0.021954 
 -0.182127 0.170670 0.036602 
 0.214432 0.442626 0.057802 
 -0.342116 0.361819 -0.045761 
 -0.210498 -0.179699 -0.148554 
 -0.090881 -0.038708 0.101800 
 -0.256990 0.177046 -0.007767 
 0.260175 -0.506667 0.160256 
 -0.102838 -0.135242 -0.162920 
 -0.402314 -0.153710 0.071963 
 0.244512 -0.658483 0.308742 
 0.133601 0.285803 0.041763 
 0.323303 -0.343733 -0.088669 
 -0.368726 -0.351107 -0.133174 
 -0.225611 0.115311 0.038748 
 0.151827 -0.084624 -0.249416 
 0.279958 0.704728 0.070191 
 0.273789 0.758261 0.048457 
 0.156023 -0.050185 -0.174453 
 -0.126740 -0.402421 -0.034859 
 0.105940 -0.649824 0.180493 
 -0.192372 0.578956 0.037484 
 0.094471 -0.087239 -0.247229 
 0.248538 0.028172 -0.122352 
 -0.344468 0.894478 0.070789 
 -0.031681 0.181880 0.091483 
 0.180851 0.512736 0.054053 
 -0.132172 -0.412199 -0.067093 
 -0.257103 0.247403 0.004645 
 0.263140 -0.056833 -0.127748 
 -0.197904 0.509718 0.038445 
 -0.362617 -0.213623 0.026199 
 0.202589 0.309550 0.102730 
 0.188810 -0.213833 -0.143444 
 -0.054288 -0.248242 -0.199045 
 -0.122969 -0.396513 0.075800 
 -0.139538 0.000260 0.086016 
 0.264238 0.686551 0.061029 
 -0.256143 0.395801 -0.017235 
 -0.209017 -0.576664 -0.014153 
 0.243323 0.533158 0.043499 
 -0.245551 -0.451096 -0.080139 
 0.353979 -0.082200 -0.079097 
 -0.040593 -0.740303 0.145264 
 0.169853 0.709491 0.024172 
 0.389764 0.053413 -0.056839 
 0.185723 0.634016 0.058935 
 0.030141 -0.690042 0.170100 
 0.336899 0.906702 0.097160 
 0.155798 -0.370424 -0.097586 
 0.163982 -0.494241 0.160974 
 -0.172228 -0.522684 -0.003068 
 0.232540 0.688779 0.047571 
 0.027322 0.080149 0.074984 
 -0.261828 0.339718 -0.014238 
 0.318804 -0.467413 0.163985 
 0.358547 0.072093 -0.068844 
 -0.102403 -0.609882 0.124177 
 0.118093 0.482408 0.022098 
 0.170763 0.313270 0.089105 
 0.149003 0.548728 0.045789 
 0.212065 0.570513 0.034897 
 -0.187277 -0.521304 -0.009998 
 0.218505 -0.122561 -0.157415 
 -0.418389 -0.152734 0.065087 
 0.181095 0.546834 0.058947 
 -0.128009 -0.511429 0.030996 
 0.307056 -0.180440 -0.113619 
 -0.230480 0.173549 0.016815 
 -0.319615 -0.096096 0.075457 
 -0.085768 0.078008 0.066405 
 0.279937 0.702916 0.071145 
 -0.310040 0.377209 -0.030436 
 -0.224449 0.599361 0.026483 
 -0.208217 0.477436 0.015743 
 -0.310040 0.377349 -0.029500 
 -0.301665 0.061616 0.023542 
 -0.244328 0.777523 0.015545 
 -0.415498 -0.553036 -0.073373 
 0.217585 -0.701402 0.318546 
 0.384860 -0.016702 -0.054668 
 -0.319677 -0.060871 0.081564 
 -0.069136 0.181308 0.088265 
 -0.257723 -0.556261 -0.032040 
 -0.214302 0.137839 0.017446 
 -0.335094 0.647242 -0.055441 
 -0.130578 -0.373523 -0.141330 
 -0.085312 0.095476 0.068900 
 0.228778 0.350894 0.092319 
 -0.220681 0.074077 0.061382 
 -0.319192 0.680107 -0.044328 
 -0.292932 0.590779 -0.031554 
 -0.302390 -0.624318 0.006717 
 -0.346542 -0.648298 0.011473 
 0.421401 -0.143408 -0.030822 
 0.327060 0.734013 0.096007 
 0.075158 0.371413 0.055623 
 -0.337453 0.183079 -0.042200 
 -0.067926 -0.505904 0.153400 
 -0.279758 0.877235 0.056261 
 -0.261304 0.795724 0.011525 
 -0.357158 0.525651 -0.069442 
 0.437817 -0.228565 -0.036236 
 -0.102528 -0.397978 0.154586 
 -0.335633 -0.223597 -0.140820 
 -0.171969 -0.000252 0.072150 
 -0.237259 -0.144124 0.062608 
 0.082376 0.260927 0.069626 
 0.155760 -0.334659 -0.093513 
 0.164978 0.464482 0.039947 
 0.111250 -0.232540 -0.221013 
 -0.197854 0.474347 0.033532 
 -0.165938 0.136634 0.039410 
 0.167433 -0.151814 -0.253004 
 -0.130585 -0.374171 -0.141330 
 -0.303263 0.715715 -0.032557 
 -0.345656 -0.601392 -0.023105 
 0.118916 -0.370125 -0.100936 
 -0.161214 -0.054717 0.080604 
 0.028357 0.028215 0.067536 
 0.155251 0.049099 -0.078538 
 0.048692 0.245637 0.054741 
 -0.047753 -0.096489 0.125959 
 -0.161161 -0.089820 0.077366 
 0.147752 -0.493629 0.154032 
 -0.142627 -0.407936 -0.082897 
 -0.096828 -0.200379 -0.183696 
 -0.117578 0.114685 0.058589 
 -0.244506 -0.422796 -0.116343 
 -0.095979 -0.128575 0.100113 
 -0.230810 0.173561 0.016814 
 -0.166428 -0.641301 0.092523 
 0.228996 -0.567839 0.180742 
 0.358849 -0.096076 -0.092532 
 0.296599 -0.174829 -0.131290 
 -0.330024 -0.198147 0.042681 
 0.069859 0.426564 0.034850 
 -0.261733 0.268470 -0.023798 
 0.171486 0.032821 -0.159185 
 -0.326138 0.393934 -0.033884 
 0.310082 -0.536305 0.218431 
 -0.306811 0.471050 -0.056338 
 0.043271 0.388789 0.044218 
 0.232829 0.494972 0.060810 
 -0.197704 0.387807 0.018701 
 0.027589 0.028223 0.067812 
 -0.257102 0.247403 0.004230 
 -0.068202 -0.630486 0.135660 
 0.400338 0.066567 -0.036413 
 -0.239051 0.485999 -0.037348 
 0.218977 -0.611002 0.195573 
 -0.270247 -0.692649 0.052110 
 -0.171019 0.018921 0.074660 
 -0.335079 0.648585 -0.056099 
 -0.176528 0.329368 0.049078 
 0.281125 0.110378 -0.096937 
 0.197946 -0.130244 -0.193968 
 0.240835 0.303046 0.145341 
 -0.401074 -0.214170 0.022914 
 0.383672 -0.286131 -0.094736 
 0.250250 0.376426 0.132516 
 -0.287168 0.627334 -0.038078 
 0.048666 0.262852 0.055993 
 -0.128819 0.214070 0.093023 
 -0.015344 0.043062 0.078095 
 0.152330 -0.010079 -0.198100 
 0.180369 0.691134 0.038478 
 0.224183 0.303089 0.138509 
 0.275165 -0.461158 0.132902 
 0.289982 0.823933 0.064875 
 -0.317844 -0.595356 -0.036304 
 0.117930 -0.318964 -0.092904 
 -0.281320 -0.060038 0.083798 
 0.280020 -0.125043 -0.130725 
 -0.180939 0.369533 0.025444 
 0.181749 0.046047 -0.135685 
 -0.024300 -0.689979 0.159892 
 -0.220992 -0.145095 0.070205 
 -0.079812 -0.112049 0.109565 
 0.244600 0.364251 0.101570 
 -0.303320 -0.059746 0.087590 
 0.213342 -0.175495 -0.153737 
 0.439649 -0.283525 0.038690 
 0.360276 0.122525 -0.061156 
 -0.117616 0.130906 0.060096 
 -0.149875 -0.738149 0.166471 
 -0.303450 0.817479 -0.017916 
 -0.235858 -0.535935 -0.033304 
 -0.209016 -0.576664 -0.014561 
 -0.212536 -0.407405 -0.100060 
 0.259332 0.657725 0.027190 
 0.267138 0.306796 0.129980 
 0.096678 0.191133 0.065467 
 0.433777 -0.265747 -0.030037 
 0.170044 0.566850 0.043210 
 -0.177248 -0.291282 -0.191688 
 0.185718 0.633809 0.060089 
 0.197646 -0.217867 -0.126332 
 0.212799 -0.006438 -0.129571 
 -0.127270 -0.402919 -0.034860 
 0.166255 -0.293791 -0.109589 
 0.257854 -0.619852 0.237674 
 0.212813 -0.583500 0.169247 
 0.155327 0.184810 0.103572 
 0.244779 -0.271408 -0.113599 
 0.147759 0.446437 0.030731 
 -0.245375 0.829143 0.022963 
 0.186506 -0.336537 -0.079188 
 -0.234384 -0.073985 0.073684 
 0.327467 0.006689 -0.091756 
 0.218991 -0.609522 0.195573 
 0.187736 -0.143611 -0.214940 
 -0.301781 -0.180961 -0.162142 
 0.310102 -0.555190 0.214168 
 0.109202 -0.410923 -0.083434 
 0.374463 -0.132136 -0.090685 
 0.043426 0.481947 0.017170 
 -0.309641 0.377205 -0.029499 
 -0.322657 -0.534890 -0.055158 
 0.305672 0.823731 0.071585 
 -0.354258 -0.058901 0.066621 
 -0.308797 0.522783 -0.050964 
 -0.215761 -0.703426 0.101590 
 0.296984 -0.287914 -0.108991 
 -0.253645 -0.072984 0.066200 
 0.171469 0.032821 -0.155714 
 0.342788 0.733074 0.101550 
 0.339603 -0.249679 -0.109943 
 0.169707 0.793574 0.035258 
 -0.247496 0.713246 0.087591 
 -0.111839 -0.110116 0.095682 
 -0.336201 0.681681 -0.051162 
 0.213881 -0.426536 -0.066988 
 0.147739 -0.494935 0.154032 
 -0.287042 -0.312896 -0.131391 
 -0.320540 0.553253 -0.022912 
 -0.112874 -0.217472 -0.192898 
 0.197508 -0.038938 -0.141086 
 0.090607 -0.701695 0.166859 
 0.437814 -0.228784 -0.035583 
 0.302371 -0.467777 0.157088 
 -0.323560 0.007460 0.021936 
 0.309563 0.074910 -0.088424 
 -0.207654 -0.449674 -0.076824 
 0.295341 0.691536 0.035293 
 -0.358973 0.587786 -0.020300 
 0.075289 0.497148 0.033029 
 -0.160939 0.094025 0.063058 
 0.213916 -0.514397 0.179292 
 0.250322 -0.397881 -0.101434 
 0.306188 0.739467 0.059452 
 0.064929 0.081208 0.077770 
 0.342449 -0.061503 -0.094381 
 -0.273192 0.057021 0.048860 
 0.078292 -0.197222 -0.229537 
 0.026841 -0.163659 -0.233921 
 -0.293845 0.289783 -0.035051 
 0.342948 0.073025 -0.074402 
 -0.278771 0.877225 0.054143 
 0.095733 -0.726626 0.193060 
 -0.255059 0.522869 -0.039238 
 0.201508 0.633073 0.068087 
 0.310792 0.158981 -0.076355 
 0.133355 0.446730 0.023969 
 -0.352330 -0.057699 0.066626 
 -0.150210 0.186125 0.053786 
 -0.117159 -0.672917 0.148886 
 0.111075 -0.628672 0.172919 
 0.327042 0.751898 0.097677 
 -0.336588 -0.337855 -0.116426 
 -0.192833 0.312977 0.039733 
 0.171069 0.091085 -0.106612 
 -0.297484 -0.147008 0.063689 
 -0.329321 -0.619955 -0.016076 
 -0.317871 0.062517 0.017277 
 0.144384 -0.730517 0.214080 
 -0.277819 0.271444 -0.030666 
 0.118991 -0.273140 -0.127366 
 0.359051 -0.230556 -0.111837 
 0.327611 -0.077396 -0.105230 
 0.281278 -0.271143 -0.110514 
 0.343458 -0.229423 -0.118510 
 -0.356731 0.508409 -0.072747 
 0.196382 0.579996 0.072055 
 -0.254740 -0.746031 0.051512 
 0.201745 0.497477 0.047298 
 -0.335416 0.835789 -0.028927 
 -0.385884 -0.172166 0.076580 
 -0.106526 -0.567807 0.100687 
 0.181914 -0.244190 -0.095524 
 0.091017 0.461380 0.034907 
 -0.198197 0.136014 0.025618 
 -0.019415 -0.012751 0.081523 
 -0.368650 -0.687857 0.010013 
 -0.197930 0.527325 0.040928 
 -0.238984 -0.493617 -0.056580 
 -0.119285 -0.202493 -0.179708 
 0.001782 0.110527 0.094946 
 0.059726 0.463897 0.021339 
 -0.243059 0.037610 0.060228 
 0.228661 0.009466 -0.121745 
 0.227746 0.602564 0.046508 
 0.431940 -0.154223 -0.054716 
 0.027350 0.389740 0.037299 
 0.296106 0.143086 -0.085439 
 0.074614 -0.106053 -0.245811 
 0.250344 0.325879 0.125629 
 -0.224964 0.280190 0.020840 
 -0.269331 -0.182874 -0.147348 
 0.101786 0.321942 0.033910 
 -0.164972 -0.455908 -0.043881 
 0.161244 -0.730303 0.221088 
 0.118836 -0.318188 -0.092902 
 0.146464 0.162493 0.124468 
 -0.017240 -0.127100 -0.179319 
 0.133037 0.633775 0.050883 
 0.137645 -0.605021 0.161100 
 0.007819 -0.573523 0.149742 
 0.147758 -0.493014 0.154274 
 -0.293935 0.341635 -0.026476 
 0.202951 -0.137088 -0.166501 
 0.342619 0.834817 0.116334 
 -0.069108 0.042284 0.067441 
 -0.325033 0.257004 -0.053751 
 0.243627 0.516175 0.042115 
 0.265945 0.476043 0.071883 
 0.171068 0.091038 -0.106529 
 -0.241700 0.662958 0.070279 
 -0.038344 -0.146122 -0.177686 
 0.171180 0.032824 -0.155715 
 0.407509 -0.267056 -0.096641 
 0.171496 -0.274027 -0.117492 
 0.218530 -0.198801 -0.127168 
 0.352752 0.804303 0.089538 
 0.248464 0.722256 0.059166 
 -0.166104 0.221450 0.051878 
 0.156021 -0.050420 -0.174453 
 0.182195 -0.204142 -0.171934 
 0.341828 0.106669 -0.070249 
 0.134811 -0.422272 -0.100817 
 0.015403 -0.271080 -0.226849 
 -0.319463 -0.671394 0.032452 
 0.151736 -0.035270 -0.242226 
 0.112613 0.207557 0.075873 
 0.258940 0.640819 0.023682 
 0.151914 -0.134332 -0.256605 
 -0.144381 -0.423084 0.036912 
 0.048951 0.047033 0.065951 
 0.291677 0.672752 0.043039 
 0.025866 0.321085 0.027793 
 0.170111 0.533932 0.038672 
 -0.245721 0.304143 -0.011801 
 -0.242645 0.020112 0.057718 
 0.343176 -0.061510 -0.094963 
 0.265017 0.043181 -0.113264 
 0.244884 -0.568805 0.185642 
 0.213119 -0.040122 -0.132362 
 -0.378249 -0.617032 -0.039897 
 0.275843 -0.195966 -0.129425 
 -0.393362 -0.633658 -0.048332 
 0.276399 0.346738 0.112700 
 -0.193190 -0.239043 -0.191044 
 -0.166183 0.273977 0.058017 
 0.104770 -0.208520 -0.246348 
 0.422242 -0.278509 -0.051619 
 0.310948 0.724392 0.045861 
 0.091129 0.335304 0.057508 
 0.154561 0.389830 0.052878 
 0.260421 -0.236858 -0.101423 
 0.310169 -0.537696 0.218432 
 0.123318 0.169482 0.088757 
 -0.157782 -0.378904 -0.127928 
 -0.134300 -0.236388 -0.191366 
 -0.307712 0.904262 0.113842 
 -0.361001 -0.213481 0.026203 
 0.090229 0.102453 0.065181 
 -0.352085 -0.575854 -0.048053 
 0.326753 0.920847 0.122010 
 -0.139519 -0.017948 0.084570 
 -0.015353 0.042080 0.078022 
 -0.047650 -0.017282 0.098446 
 0.323390 -0.429572 0.157958 
 -0.305352 0.232932 -0.021459 
 0.334484 -0.450992 0.173373 
 0.155882 0.033897 -0.162387 
 0.242379 0.810865 0.042317 
 -0.238124 0.503795 -0.034875 
 -0.210292 -0.299227 -0.165537 
 -0.107080 -0.037356 0.094676 
 0.228214 0.534092 0.036762 
 -0.230506 0.190936 0.018560 
 0.296550 -0.160056 -0.128877 
 -0.193065 0.451816 0.059594 
 -0.374669 -0.340167 -0.120059 
 0.179772 0.351455 0.071935 
 0.252909 -0.640993 0.247454 
 -0.189963 0.312949 0.039708 
 -0.157814 -0.361688 -0.123834 
 0.180778 0.461585 0.044272 
 0.016708 0.281949 0.044770 
 0.274553 0.672671 0.036325 
 0.390053 -0.133777 -0.084012 
 0.244754 -0.254062 -0.110559 
 -0.220989 -0.144733 0.070568 
 -0.084680 0.043241 0.061420 
 -0.097118 -0.202025 -0.183697 
 -0.319249 -0.225174 -0.133961 
 0.440389 -0.283532 0.038692 
 0.374588 -0.198162 -0.100339 
 0.223326 -0.686050 0.267677 
 -0.193006 0.417106 0.054455 
 0.439959 -0.316078 0.033803 
 0.011454 0.373523 0.029472 
 0.306036 0.603608 0.040038 
 0.312153 -0.160548 -0.123063 
 -0.112666 0.004007 0.071242 
 0.197365 0.045012 -0.128845 
 -0.258166 -0.227230 -0.176118 
 0.323381 -0.430465 0.157958 
 -0.198247 0.171633 0.031079 
 -0.291555 -0.237049 -0.150921 
 -0.242543 0.055100 0.062740 
 -0.294382 -0.465581 -0.103039 
 0.120715 -0.516334 0.166394 
 0.012088 0.339182 0.023449 
 -0.038672 -0.163099 -0.179095 
 0.110029 -0.104913 -0.242687 
 0.249624 -0.072738 -0.136084 
 -0.207574 -0.512963 -0.045255 
 0.134159 0.320039 0.046646 
 -0.097467 0.212148 0.108161 
 -0.367006 0.630639 -0.072231 
 -0.199167 -0.638241 0.077070 
 -0.177388 -0.205302 -0.178565 
 0.353612 0.003209 -0.067014 
 0.203038 -0.187371 -0.173740 
 -0.112400 -0.145100 0.091799 
 -0.284649 -0.216355 -0.159118 
 0.126238 -0.045923 -0.268739 
 -0.161386 -0.291364 -0.184048 
 -0.161125 -0.106668 0.074855 
 0.079382 -0.744268 0.181625 
 -0.206914 0.408261 0.005825 
 0.258937 0.640781 0.024762 
 -0.255274 0.642474 -0.019736 
 0.153170 0.744353 0.021226 
 -0.253085 0.076185 0.047516 
 -0.004488 0.012521 0.051314 
 -0.037019 0.127250 0.093670 
 -0.128175 -0.405574 0.046059 
 0.025937 -0.163650 -0.234542 
 0.339012 -0.361897 -0.084859 
 0.177696 -0.650171 0.198463 
 0.106021 -0.703235 0.173846 
 -0.192944 0.451815 0.059624 
 -0.198620 0.567828 0.006375 
 0.390286 -0.267390 -0.103318 
 -0.259730 0.651676 0.141156 
 -0.335924 -0.112732 0.067568 
 0.188065 -0.052204 -0.161105 
 0.212759 -0.548130 0.174269 
 -0.058433 -0.056921 0.113158 
 -0.290218 0.101746 0.007280 
 0.119004 -0.209437 -0.240293 
 0.359682 -0.325076 -0.084279 
 0.141025 -0.023035 -0.218052 
 -0.069742 0.163936 0.085770 
 -0.320533 0.554064 -0.022345 
 -0.281083 -0.200748 0.062540 
 0.240164 0.303703 0.145340 
 -0.317471 0.801200 -0.027031 
 0.354237 -0.403589 0.134254 
 0.181120 0.351442 0.072314 
 0.400361 0.049050 -0.039718 
 0.029725 -0.238227 -0.215304 
 -0.165980 0.152779 0.041903 
 -0.238919 -0.333053 -0.115330 
 0.384636 0.118020 -0.036071 
 0.244740 -0.255444 -0.110559 
 -0.032943 -0.261817 -0.205644 
 0.400619 0.049724 -0.039718 
 0.258556 0.859202 0.056308 
 -0.214415 0.207352 0.026561 
 -0.014137 0.042068 0.078098 
 -0.245747 0.321450 -0.009906 
 0.196621 0.444317 0.051031 
 -0.089377 -0.497229 0.117787 
 -0.334045 0.046081 0.007793 
 -0.399279 -0.538496 -0.063895 
 -0.177486 0.094993 0.056087 
 -0.368718 -0.370642 -0.135903 
 0.296068 0.125296 -0.087852 
 -0.122562 -0.455711 0.027762 
 0.354239 -0.403047 0.135479 
 -0.047658 0.113422 0.073976 
 0.102009 0.407543 0.045343 
 0.134753 -0.388120 -0.094955 
 0.013705 -0.669720 0.165627 
 -0.048273 0.200201 0.086735 
 0.120327 -0.209450 -0.241063 
 -0.155602 0.017961 0.081591 
 0.088280 -0.514392 0.152474 
 -0.368720 -0.370642 -0.135102 
 -0.276829 0.520873 -0.035517 
 0.180293 -0.547727 0.160385 
 -0.232165 -0.719327 0.092010 
 -0.386011 -0.102311 0.086731 
 -0.203465 -0.539265 -0.019438 
 -0.384774 -0.197866 0.032404 
 0.117413 0.534240 0.029437 
 0.043927 0.447747 0.012102 
 0.374083 0.104796 -0.055969 
 -0.039274 -0.326691 -0.163006 
 -0.229435 -0.452058 -0.073131 
 0.155846 -0.385417 -0.100029 
 -0.112663 0.213104 0.101462 
 -0.161099 -0.124377 0.072344 
 -0.351146 0.699839 -0.054649 
 -0.368232 0.649161 -0.069764 
 0.187664 0.565888 0.050320 
 0.456664 -0.284480 0.045449 
 0.171537 -0.000813 -0.162059 
 0.133331 0.464419 0.026964 
 0.181831 -0.004575 -0.142595 
 -0.196965 0.549562 0.003905 
 0.227375 0.761202 0.028328 
 -0.051982 -0.542195 0.155337 
 -0.330086 -0.163365 0.047729 
 -0.350392 -0.594618 -0.050566 
 0.354154 -0.267442 -0.105680 
 0.089470 -0.106975 -0.239158 
 0.266319 -0.497279 0.191641 
 0.045738 -0.572008 0.153319 
 -0.193863 -0.729438 0.134560 
 -0.296224 0.942051 0.099942 
 -0.024882 -0.554407 0.138157 
 0.047030 -0.143483 -0.235643 
 -0.232731 -0.719894 0.092009 
 0.311980 -0.059647 -0.106883 
 0.342856 0.005759 -0.084726 
 0.259069 -0.460471 0.125432 
 -0.198134 0.387811 0.021057 
 -0.128715 -0.071712 0.093760 
 -0.307029 -0.553348 -0.052899 
 -0.447712 -0.192981 0.074334 
 0.259480 -0.534769 0.197601 
 -0.390780 -0.338678 -0.126955 
 -0.134464 -0.133353 -0.176629 
 -0.134073 0.341565 0.084737 
 0.359039 -0.231841 -0.111837 
 0.295342 0.691536 0.034539 
 0.151944 -0.150889 -0.259097 
 -0.193230 -0.222905 -0.187802 
 0.139937 -0.316688 -0.096610 
 0.213402 -0.584372 0.169249 
 0.177592 -0.734142 0.228095 
 -0.369740 -0.370631 -0.135667 
 0.167692 -0.101718 -0.245185 
 -0.296722 -0.604315 -0.001257 
 0.202926 -0.120022 -0.164088 
 0.374041 0.849895 0.132793 
 0.196372 0.598616 0.073053 
 0.121283 -0.552092 0.161361 
 -0.042236 -0.058699 0.119735 
 0.282597 -0.531451 0.193560 
 -0.197764 0.422423 0.024432 
 0.264552 -0.090480 -0.132571 
 -0.118565 -0.185449 -0.177026 
 -0.309322 0.832910 -0.004397 
 -0.129882 -0.174440 -0.152977 
 -0.309716 0.167435 -0.059304 
 0.154016 0.778278 0.026095 
 -0.330256 -0.057138 0.062873 
 -0.208179 0.460992 0.013263 
 -0.224435 0.600658 0.026246 
 0.196650 0.427430 0.048585 
 0.101564 0.551562 0.025184 
 0.164961 0.462530 0.038881 
 -0.245314 0.794769 0.016815 
 0.405780 -0.200097 -0.086993 
 -0.295175 0.307031 -0.032570 
 0.353743 -0.082198 -0.080479 
 0.423361 -0.278521 -0.050205 
 -0.188569 -0.076494 0.094558 
 -0.281398 -0.130391 0.073714 
 0.259810 0.058288 -0.099858 
 -0.239244 0.607091 -0.020676 
 0.386327 -0.026190 -0.016194 
 -0.128005 -0.511529 0.029034 
 0.326345 -0.574327 0.220352 
 -0.245743 0.321963 -0.009479 
 0.038116 0.429595 0.020625 
 0.265281 -0.106990 -0.134982 
 0.172265 -0.175611 -0.225965 
 -0.285355 0.060648 0.031143 
 0.181932 0.427473 0.041821 
 0.089087 -0.666455 0.171910 
 -0.339360 0.720593 -0.074684 
 0.258937 0.640819 0.024817 
 -0.368076 0.573403 -0.040439 
 -0.228328 0.518003 -0.014721 
 0.374559 -0.181482 -0.097925 
 -0.381245 -0.187100 0.063341 
 -0.351708 0.785915 -0.043169 
 0.228089 -0.676481 0.298453 
 0.218735 -0.310759 -0.103607 
 -0.336586 -0.337855 -0.117599 
 0.154087 0.745771 0.021229 
 0.250213 -0.547858 0.176434 
 0.089594 -0.649957 0.174439 
 0.080004 -0.726616 0.186054 
 0.324197 -0.556138 0.222858 
 0.307340 -0.444349 0.148581 
 -0.319612 -0.096096 0.074061 
 -0.318890 0.509370 -0.069031 
 0.181394 0.121279 -0.082462 
 -0.406700 0.590659 -0.040051 
 -0.278650 0.825301 0.048812 
 -0.165199 -0.641313 0.091088 
 -0.261708 0.270485 -0.025788 
 0.123079 0.263859 0.060938 
 -0.321428 0.215655 -0.030332 
 0.374225 0.020711 -0.068586 
 0.470214 -0.240587 0.017099 
 -0.278717 0.842609 0.050431 
 -0.309305 -0.464630 -0.109931 
 -0.253504 -0.160693 0.055373 
 -0.187323 -0.505579 -0.007490 
 -0.086351 0.164903 0.078873 
 0.228574 0.059987 -0.113768 
 0.258739 0.759192 0.041960 
 -0.307530 0.505532 -0.051392 
 -0.341104 -0.243963 -0.132687 
 -0.214419 0.207352 0.027944 
 -0.176602 -0.561107 0.004749 
 -0.324960 0.627165 -0.041616 
 -0.166316 -0.735729 0.159408 
 0.280817 -0.074664 -0.123484 
 -0.237753 -0.288063 -0.148290 
 -0.270152 -0.745061 0.044455 
 0.011607 0.288473 0.016057 
 -0.144721 0.058210 0.064707 
 -0.271113 -0.019376 0.067305 
 -0.144411 -0.405588 0.039658 
 0.213996 -0.426946 -0.066988 
 0.154113 0.652930 0.047851 
 -0.355546 0.508398 -0.071912 
 -0.197773 0.154250 0.028113 
 -0.245254 0.760294 0.011288 
 -0.128692 -0.110309 0.088739 
 0.059400 0.190119 0.063871 
 -0.228227 0.500765 -0.017194 
 -0.193005 0.417106 0.054028 
 0.202706 -0.610244 0.188612 
 -0.151252 -0.234702 -0.198134 
 0.296241 0.024847 -0.102332 
 -0.155187 -0.587531 0.035409 
 -0.351088 0.665410 -0.059889 
 0.118859 -0.335832 -0.095349 
 -0.238918 -0.333053 -0.115707 
 -0.446806 -0.175261 0.077563 
 -0.223143 0.478358 0.008887 
 0.073522 -0.122812 -0.246523 
 -0.207211 0.261858 0.025347 
 -0.406713 0.589204 -0.040903 
 -0.351475 0.434166 -0.053423 
 -0.024816 -0.589183 0.131926 
 -0.247502 0.712593 0.087226 
 0.197002 0.350494 0.077842 
 0.274424 0.758255 0.047837 
 -0.317809 0.027641 0.010947 
 0.336962 0.872881 0.090095 
 -0.133658 -0.578462 0.073428 
 0.212416 0.441685 0.057797 
 0.148890 0.674644 0.021535 
 -0.004656 0.243270 0.043933 
 0.327365 0.040323 -0.086572 
 -0.246294 0.650303 0.036070 
 -0.007804 -0.743050 0.159787 
 -0.273157 0.213656 -0.009673 
 0.016740 0.264758 0.040907 
 0.216977 0.740588 0.048350 
 -0.020643 0.264260 0.039567 
 0.311276 0.768617 0.093381 
 0.264557 -0.023213 -0.122918 
 -0.041414 -0.429441 0.148859 
 -0.210475 -0.196866 -0.148547 
 -0.350467 0.699832 -0.055518 
 -0.287313 0.713201 -0.025726 
 -0.084962 -0.441220 0.114557 
 0.202718 -0.608908 0.189036 
 -0.155048 -0.131449 0.100930 
 -0.239285 0.643403 -0.015115 
 -0.246270 -0.451089 -0.079859 
 -0.085455 0.182272 0.081369 
 0.192350 0.254270 0.116961 
 -0.058072 -0.411108 0.144398 
 0.258524 0.895493 0.061161 
 0.211658 0.778433 0.024045 
 0.260408 -0.238524 -0.102779 
 0.479849 -0.184202 0.002223 
 -0.385973 -0.119325 0.083548 
 0.166279 -0.311172 -0.111908 
 -0.258620 -0.290271 -0.144660 
 -0.230447 -0.389120 -0.104448 
 0.012897 0.287671 0.016060 
 -0.285672 -0.267988 -0.167775 
 0.074359 -0.063504 -0.280152 
 0.296098 0.128358 -0.087852 
 0.260705 0.742263 0.039326 
 -0.130582 -0.373947 -0.141330 
 -0.047768 0.183547 0.084245 
 0.275778 -0.163193 -0.124591 
 0.359670 -0.326292 -0.084279 
 0.305208 0.638016 0.044890 
 0.196383 0.579996 0.071611 
 -0.402309 -0.153159 0.072102 
 -0.090848 -0.055795 0.099426 
 0.229025 -0.585874 0.176189 
 -0.374814 -0.408635 -0.130035 
 -0.081141 -0.303669 -0.191602 
 -0.319358 0.784050 -0.029506 
 -0.287341 0.730454 -0.023883 
 -0.287282 0.696265 -0.028197 
 -0.342030 -0.410566 -0.116242 
 -0.350945 -0.622513 -0.014248 
 0.218648 -0.259888 -0.095425 
 -0.292935 0.590349 -0.032187 
 -0.285950 -0.312907 -0.132642 
 -0.303160 0.645334 -0.043519 
 -0.287553 0.627171 -0.038079 
 0.151970 -0.167589 -0.260570 
 -0.128785 0.197408 0.091834 
 0.197649 -0.217867 -0.127531 
 -0.070899 -0.324743 -0.176537 
 0.047674 -0.111086 -0.230815 
 0.437183 -0.318160 -0.090540 
 0.074299 0.369727 0.055621 
 -0.129662 -0.312103 -0.172934 
 0.205316 -0.720818 0.255582 
 -0.101098 -0.545651 0.092868 
 0.138426 0.693778 0.007201 
 -0.069231 0.131555 0.080783 
 -0.214307 0.137638 0.018723 
 0.150461 -0.257782 -0.111453 
 0.010445 -0.138996 -0.196647 
 0.197616 -0.380973 -0.108297 
 -0.133719 0.133026 0.052270 
 0.180827 0.427410 0.041819 
 -0.259576 0.668398 0.143667 
 0.339022 -0.360947 -0.084859 
 0.196641 0.426524 0.048585 
 -0.015442 0.094145 0.086096 
 0.279582 -0.091406 -0.125900 
 -0.256159 0.394176 -0.017234 
 0.089167 -0.174052 -0.250330 
 -0.042233 -0.058267 0.120091 
 0.275117 0.533291 0.056975 
 -0.262966 -0.387198 -0.118185 
 0.138322 0.653873 0.040873 
 0.192348 0.254270 0.117839 
 -0.181639 0.368565 0.025443 
 0.156021 -0.050333 -0.174146 
 0.258190 0.674647 0.029614 
 -0.291211 0.076752 0.044424 
 0.305985 0.638008 0.044919 
 0.280084 0.618451 0.058024 
 0.350846 -0.451958 0.180270 
 -0.262168 0.287797 -0.021316 
 0.464139 -0.185933 -0.004486 
 -0.116384 -0.691323 0.146344 
 0.296156 0.075306 -0.095091 
 0.433926 -0.294274 0.007392 
 0.275677 -0.340918 -0.109275 
 0.296167 0.076403 -0.095091 
 0.156763 -0.191508 -0.235439 
 -0.270260 0.643418 -0.028774 
 0.127415 -0.647235 0.178085 
 0.244032 0.458610 0.073776 
 0.043385 0.320118 0.034180 
 -0.326187 -0.410851 -0.109348 
 -0.209876 -0.049909 0.061560 
 -0.369202 -0.370637 -0.135666 
 0.325245 0.124426 -0.074511 
 0.234470 0.291565 0.113891 
 -0.293309 0.814395 -0.000030 
 -0.004885 -0.222614 -0.215490 
 -0.290132 0.049411 0.000187 
 -0.208279 0.000659 0.069096 
 0.187738 -0.143044 -0.213460 
 -0.367205 0.771555 -0.052469 
 0.059351 0.225015 0.067022 
 0.292548 -0.358776 -0.104989 
 0.374702 -0.265320 -0.109991 
 -0.336662 0.606063 -0.020071 
 -0.208391 0.581119 0.030751 
 0.201364 0.673698 0.031671 
 -0.356789 0.907163 0.095053 
 0.075702 0.051680 0.050923 
 0.154916 -0.191411 -0.235444 
 -0.320087 -0.321465 -0.107534 
 0.151147 -0.043606 -0.201721 
 -0.246266 0.632996 0.034149 
 -0.242313 -0.194965 -0.164298 
 -0.391099 0.607012 -0.031551 
 0.290787 0.564295 0.069231 
 0.259928 0.657719 0.027191 
 -0.368659 0.573409 -0.040676 
 -0.325554 0.523745 -0.055763 
 0.228189 0.441702 0.064563 
 -0.047837 0.217241 0.089227 
 0.027375 0.226925 0.055005 
 -0.178570 0.398807 0.059036 
 -0.342636 0.361825 -0.045720 
 0.079272 -0.591555 0.164159 
 0.031130 -0.255128 -0.217724 
 0.120825 -0.065902 -0.260272 
 -0.223084 0.485334 -0.030517 
 -0.320251 0.432258 -0.039707 
 0.202427 0.707601 0.036551 
 -0.225237 -0.575013 -0.020698 
 -0.198868 -0.276393 -0.183744 
 -0.188423 -0.164189 0.081972 
 0.187241 0.217377 0.122834 
 -0.224299 0.513486 0.013845 
 0.296583 -0.176434 -0.131290 
 -0.149849 -0.735480 0.166471 
 0.233332 0.496055 0.060811 
 -0.166264 0.327115 0.066841 
 0.296079 0.126384 -0.087852 
 -0.323082 0.736844 -0.065407 
 0.202921 -0.258949 -0.102056 
 -0.128581 0.075522 0.074330 
 0.145977 -0.730533 0.214084 
 -0.101363 0.078966 0.059510 
 0.374562 -0.181092 -0.097650 
 0.133212 0.531909 0.036203 
 -0.274077 0.119324 0.017103 
 0.259375 0.515234 0.049188 
 0.276276 -0.340924 -0.109273 
 -0.272927 -0.509095 -0.072914 
 -0.230478 0.173558 0.016052 
 0.134972 -0.247941 -0.158002 
 0.176385 0.255223 0.110261 
 0.170884 -0.051256 -0.167782 
 0.165525 -0.511492 0.158467 
 0.040216 -0.130889 -0.222411 
 0.095340 0.191146 0.066569 
 -0.181676 0.257556 0.049972 
 -0.258667 0.002559 0.048266 
 0.169758 0.091098 -0.106533 
 -0.182120 0.151281 0.035007 
 -0.193494 -0.157839 0.053439 
 0.297682 -0.321694 -0.111081 
 -0.015353 0.042080 0.077752 
 -0.290133 0.049339 0.000187 
 -0.287130 0.611056 -0.040548 
 0.258598 0.843744 0.053954 
 -0.210036 0.279241 0.027831 
 -0.047836 0.217288 0.089227 
 0.213459 -0.218805 -0.119126 
 -0.378957 -0.646248 -0.002540 
 0.011283 -0.652036 0.168156 
 0.232857 0.045921 -0.126612 
 -0.342149 0.379127 -0.041871 
 -0.144419 -0.406549 0.039118 
 0.197828 -0.347328 -0.103423 
 0.405980 -0.317490 -0.104232 
 0.244860 -0.322140 -0.119036 
 0.217304 0.632130 0.073224 
 0.355687 -0.250617 -0.103259 
 -0.179307 -0.018738 0.080461 
 -0.336364 0.433714 -0.046566 
 0.274589 0.656443 0.033899 
 -0.142136 -0.464558 -0.010095 
 -0.213940 0.492069 0.029092 
 0.117443 0.517345 0.026990 
 0.374649 -0.231319 -0.105164 
 0.009490 -0.591151 0.147083 
 0.296360 -0.041899 -0.113102 
 0.078382 -0.247031 -0.236776 
 0.170100 0.532795 0.038711 
 -0.204693 -0.659374 0.085250 
 0.234032 -0.071806 -0.144367 
 0.432937 -0.266393 -0.030039 
 -0.256858 0.808692 0.043825 
 -0.132754 -0.439407 -0.029093 
 -0.039114 -0.326580 -0.163006 
 0.259252 0.601758 0.059984 
 -0.319588 -0.113708 0.073783 
 0.080052 0.209308 0.062210 
 -0.193521 -0.140254 0.055136 
 0.091250 0.085205 0.062709 
 -0.188243 0.054842 0.072349 
 0.170179 0.481122 0.031342 
 0.059277 0.336335 0.043884 
 -0.272970 0.861504 0.042547 
 -0.069178 -0.629501 0.135658 
 0.213324 -0.219221 -0.119127 
 0.176348 -0.650432 0.198460 
 0.116998 0.516520 0.026989 
 0.062821 -0.637337 0.192737 
 -0.142628 -0.407936 -0.082326 
 0.343281 -0.128778 -0.102148 
 -0.226236 0.019141 0.064835 
 -0.166277 0.325833 0.066841 
 -0.260662 -0.351404 -0.113211 
 -0.238628 0.392888 -0.010372 
 -0.245693 0.743061 0.010594 
 -0.277355 -0.368947 -0.122565 
 0.141258 -0.207435 -0.244487 
 0.150503 -0.293251 -0.116333 
 0.062676 -0.179278 -0.236212 
 0.374116 0.088260 -0.059314 
 -0.144780 0.093060 0.070176 
 0.233915 -0.494475 0.179657 
 -0.049017 0.217563 0.089224 
 0.324795 -0.492532 0.189602 
 0.213631 -0.382484 -0.101558 
 -0.106496 -0.520277 0.065527 
 0.249540 -0.022288 -0.128882 
 0.374581 -0.198850 -0.100339 
 -0.083991 -0.675554 0.162957 
 0.326214 0.057151 -0.084162 
 0.326736 0.734016 0.095242 
 -0.090217 -0.550057 0.112554 
 -0.226402 -0.196976 -0.157568 
 0.075904 0.155104 0.065766 
 -0.232140 -0.737629 0.089010 
 0.138719 0.391955 0.045445 
 0.291494 -0.213109 -0.125159 
 0.420941 -0.167066 -0.075494 
 0.064898 0.098157 0.079722 
 -0.384699 0.573339 -0.047299 
 -0.278719 0.842609 0.051543 
 0.264941 0.094472 -0.106024 
 -0.208218 0.477327 0.015743 
 0.385004 -0.302984 -0.097150 
 -0.262658 0.140727 -0.000302 
 -0.272006 -0.463184 -0.106363 
 -0.081140 -0.303484 -0.191215 
 -0.204669 -0.181151 0.073693 
 -0.287158 0.506666 -0.055370 
 -0.378228 -0.635173 -0.041356 
 0.103053 0.321929 0.033060 
 -0.117321 -0.626576 0.113734 
 0.170844 0.388878 0.059015 
 0.259628 0.157972 -0.085359 
 -0.245153 0.690502 0.003174 
 0.172261 -0.175611 -0.224098 
 0.171017 0.481704 0.031344 
 -0.351314 0.803126 -0.041535 
 -0.324936 -0.314154 -0.136598 
 -0.048863 0.165498 0.081752 
 -0.177366 -0.222891 -0.180611 
 0.327240 0.141224 -0.071605 
 0.047050 -0.161530 -0.240049 
 -0.325368 0.868134 -0.006290 
 -0.100966 -0.608836 0.124180 
 0.302636 -0.466449 0.157089 
 0.102134 -0.335070 -0.102117 
 -0.353953 -0.434567 -0.099215 
 0.358434 0.139361 -0.059228 
 -0.285816 -0.181915 -0.155349 
 0.422013 -0.143414 -0.030822 
 0.187215 -0.052196 -0.161651 
 0.133566 0.302172 0.044187 
 -0.213703 0.354149 0.008896 
 -0.209039 0.000667 0.069094 
 -0.197713 0.387453 0.021058 
 0.182220 -0.408004 -0.077190 
 -0.034757 -0.731686 0.176429 
 0.242938 0.827196 0.044745 
 -0.253552 -0.124893 0.059164 
 -0.246334 0.678478 0.082241 
 0.323387 -0.394700 -0.096423 
 -0.194126 -0.730117 0.134559 
 0.342817 0.716219 0.099538 
 -0.182792 -0.639402 0.084077 
 0.321298 0.856908 0.084385 
 0.218651 -0.259555 -0.095424 
 -0.358461 -0.392841 -0.120645 
 -0.161108 -0.125283 0.072344 
 -0.252049 -0.533727 -0.040235 
 -0.209054 -0.559895 -0.011245 
 0.151942 -0.150889 -0.258134 
 0.101529 0.567880 0.027565 
 -0.176883 0.398790 0.059071 
 0.090998 0.479452 0.037360 
 0.228400 0.794876 0.033184 
 0.169935 0.634959 0.050860 
 -0.237927 -0.184776 -0.132748 
 -0.199089 -0.639346 0.077070 
 0.107415 0.152602 0.079444 
 0.181647 0.114514 -0.126019 
 0.079351 -0.726242 0.186053 
 0.206372 -0.685065 0.260660 
 -0.242223 -0.246029 -0.171770 
 -0.166368 -0.735728 0.159112 
 -0.244592 -0.370782 -0.108828 
 0.016650 0.186191 0.072077 
 -0.325050 -0.244922 -0.127214 
 0.117595 0.353836 0.044765 
 0.123078 0.263859 0.061364 
 0.421464 -0.251154 -0.087821 
 0.296387 -0.058716 -0.114798 
 0.027530 0.062839 0.073647 
 -0.401073 -0.214076 0.022914 
 -0.151125 -0.328498 -0.171456 
 0.029791 -0.110131 -0.237493 
 0.280849 -0.091418 -0.126860 
 0.031695 -0.110150 -0.237488 
 -0.220015 -0.092480 0.078122 
 0.337263 0.686866 0.067006 
 -0.081159 -0.285549 -0.189158 
 -0.040361 -0.741094 0.145264 
 0.091437 0.154153 0.071960 
 0.177596 -0.713194 0.230629 
 0.010204 0.167657 0.080533 
 -0.322652 -0.534890 -0.057352 
 0.383890 0.033827 -0.048819 
 -0.085253 0.060868 0.063913 
 -0.176655 0.398788 0.059040 
 -0.352685 0.607021 -0.029348 
 -0.150019 0.237536 0.061268 
 0.369726 -0.302054 -0.105102 
 -0.320404 -0.390881 -0.118063 
 -0.339443 -0.267299 -0.176388 
 0.289880 0.892602 0.074242 
 -0.381778 -0.475170 -0.089349 
 -0.002687 -0.633423 0.164842 
 0.291207 -0.427009 0.144185 
 -0.245316 0.794769 0.017690 
 -0.101461 0.113723 0.065181 
 -0.065402 -0.270372 -0.181371 
 0.166260 -0.313136 -0.112025 
 0.137922 0.390784 0.045443 
 -0.192829 0.313352 0.039701 
 0.014993 -0.220415 -0.219722 
 -0.330275 -0.038520 0.065396 
 0.228966 -0.175777 -0.146839 
 -0.144633 0.362158 0.067105 
 -0.308772 0.505545 -0.052054 
 0.299298 -0.515822 0.203000 
 -0.244602 -0.371737 -0.108828 
 0.090676 -0.648860 0.174442 
 0.117231 0.635871 0.045755 
 0.075137 0.480053 0.031131 
 0.232848 0.654862 0.041560 
 -0.352348 -0.058920 0.068983 
 -0.223742 0.468428 -0.032989 
 -0.084625 -0.593215 0.132593 
 0.232846 0.654862 0.042571 
 -0.309282 0.796632 -0.009343 
 -0.017497 -0.092923 -0.174453 
 0.307493 -0.359706 -0.098279 
 -0.293784 0.255094 -0.041286 
 0.264935 0.476249 0.071881 
 -0.143361 0.180169 0.082422 
 -0.224159 0.426515 0.000868 
 -0.128699 -0.090523 0.091249 
 0.137651 -0.604468 0.160769 
 -0.065549 -0.185236 -0.167007 
 -0.246970 0.650310 0.037708 
 -0.162527 0.094041 0.062998 
 0.243413 0.760125 0.035039 
 -0.319636 -0.077564 0.078075 
 0.342951 0.073025 -0.075836 
 -0.253790 -0.729071 0.054052 
 -0.244503 -0.422796 -0.117781 
 -0.107052 -0.054827 0.092855 
 -0.008483 -0.590158 0.139515 
 0.117348 0.567627 0.034330 
 -0.100948 0.096339 0.062006 
 -0.236498 -0.600214 -0.002580 
 0.252915 -0.640993 0.245096 
 0.244418 -0.288315 -0.115414 
 0.479220 -0.200900 -0.000205 
 -0.337482 0.200145 -0.040577 
 -0.002659 -0.651506 0.161155 
 -0.287122 0.611872 -0.040548 
 0.103896 -0.318036 -0.099665 
 -0.242284 -0.212101 -0.166843 
 0.105977 -0.515378 0.159437 
 0.197077 0.119910 -0.077304 
 -0.113507 -0.329267 -0.168602 
 0.119027 -0.438436 -0.110029 
 -0.305350 0.232932 -0.022055 
 0.265511 -0.090490 -0.132569 
 -0.237443 -0.693973 0.066399 
 -0.385918 -0.154689 0.079867 
 -0.198291 0.207669 0.035593 
 0.431997 -0.187904 -0.060040 
 -0.257984 0.152277 0.029019 
 0.359684 -0.344614 -0.086703 
 -0.101370 0.061755 0.057017 
 0.311896 -0.009412 -0.100484 
 0.433936 -0.293200 0.007474 
 0.106020 -0.703318 0.173846 
 -0.047905 0.200197 0.086736 
 -0.122792 -0.501378 0.061987 
 0.386269 -0.387678 0.151800 
 -0.230157 -0.655065 0.060526 
 -0.306764 0.833039 -0.004390 
 -0.047722 0.147696 0.079264 
 -0.341500 -0.243959 -0.132649 
 -0.277822 0.306060 -0.026110 
 -0.326135 0.394171 -0.033884 
 0.384738 -0.286141 -0.094734 
 0.198009 -0.163784 -0.201848 
 0.390098 -0.148867 -0.086426 
 -0.177365 -0.222896 -0.181019 
 0.259211 0.776097 0.044176 
 -0.117667 0.166819 0.067097 
 -0.193178 -0.000298 0.076035 
 0.275691 0.345759 0.112699 
 0.165684 -0.294185 -0.109590 
 -0.262049 -0.484885 -0.091741 
 -0.278330 0.306065 -0.025701 
 -0.068572 -0.399520 0.168603 
 0.101537 0.568613 0.027202 
 -0.090272 -0.514832 0.116125 
 -0.192329 0.562877 0.034029 
 -0.384449 -0.197869 0.032431 
 -0.047685 0.130777 0.075084 
 -0.068241 -0.477249 0.116489 
 0.343114 -0.027876 -0.088204 
 -0.329655 -0.057121 0.062875 
 0.164101 -0.563963 0.150900 
 -0.338553 0.182802 -0.042202 
 -0.079989 0.002074 0.083399 
 -0.067808 -0.694123 0.167447 
 0.169715 0.794277 0.034901 
 0.106373 -0.702664 0.173847 
 0.150913 0.463457 0.033185 
 0.307310 -0.230963 -0.120893 
 -0.297399 -0.199774 0.057687 
 -0.134288 -0.235181 -0.191366 
 -0.262687 0.158105 0.001922 
 0.405939 -0.182957 -0.084579 
 -0.239869 -0.430397 -0.089571 
 0.274253 0.859718 0.062951 
 0.264234 0.686098 0.061029 
 -0.008928 -0.707675 0.164368 
 0.343427 -0.212863 -0.116226 
 0.261942 0.363807 0.108367 
 -0.177068 0.077565 0.052731 
 0.148915 0.599881 0.053859 
 -0.165708 0.308728 0.064348 
 -0.165030 0.326099 0.066844 
 -0.257445 0.212698 -0.002787 
 0.259350 0.532215 0.050158 
 -0.085413 0.166621 0.078875 
 0.168896 0.600915 0.048443 
 -0.192851 -0.542643 -0.002228 
 -0.241703 0.662379 0.068850 
 -0.355956 -0.585428 -0.078747 
 0.091551 0.085202 0.062297 
 0.258714 0.776400 0.044175 
 -0.289200 0.197262 -0.018898 
 -0.182939 -0.312431 -0.182587 
 -0.142647 -0.410012 -0.083321 
 -0.111665 -0.145107 0.090661 
 0.135893 -0.228417 -0.236042 
 0.040518 -0.593086 0.160170 
 0.227377 0.761065 0.027151 
 0.176429 0.239602 0.108136 
 0.311266 0.767527 0.093381 
 -0.340694 0.472423 -0.070023 
 -0.096552 -0.285517 -0.195913 
 -0.210302 -0.300252 -0.165537 
 0.120503 -0.568957 0.158842 
 0.109429 -0.104907 -0.243360 
 0.154101 0.727388 0.018943 
 -0.035565 -0.631466 0.149674 
 0.302384 -0.466446 0.157363 
 0.107139 0.283062 0.056930 
 0.141698 -0.046494 -0.262123 
 0.039515 -0.728288 0.182878 
 0.134769 -0.290900 -0.123065 
 -0.171125 -0.486736 0.001950 
 0.264963 0.077088 -0.108437 
 0.181774 0.029105 -0.137234 
 -0.363712 -0.170432 0.071981 
 -0.192190 0.312971 0.039703 
 -0.055085 -0.325634 -0.169797 
 0.343118 -0.027876 -0.089679 
 -0.258205 -0.211181 -0.173664 
 -0.020603 0.248115 0.037093 
 -0.196984 0.567781 0.006379 
 -0.209622 -0.034317 0.064071 
 -0.309690 0.170038 -0.059304 
 0.276314 -0.374745 -0.114791 
 -0.157791 -0.378904 -0.124113 
 0.219546 -0.242940 -0.092989 
 -0.374604 0.587839 -0.027167 
 -0.308806 0.867535 0.000552 
 -0.286029 -0.157882 0.040208 
 -0.258294 0.264770 0.004682 
 -0.182802 -0.640396 0.084077 
 -0.319434 -0.689076 0.029858 
 0.065058 0.279108 0.065263 
 0.285780 -0.465479 0.150191 
 -0.101005 -0.592237 0.126733 
 0.041510 -0.129725 -0.222408 
 -0.192852 -0.542643 -0.001789 
 -0.395750 -0.616046 -0.045814 
 -0.385922 -0.154689 0.081418 
 0.244834 -0.305229 -0.117616 
 0.373260 -0.130629 -0.090688 
 -0.297082 0.849385 0.004908 
 0.181523 0.054873 -0.093721 
 -0.226366 -0.213408 -0.160031 
 -0.096230 -0.111079 0.102198 
 0.328134 0.158031 -0.069678 
 -0.073552 -0.651352 0.143918 
 0.310040 -0.520200 0.220464 
 0.045682 -0.536831 0.157145 
 0.310992 0.158979 -0.076355 
 0.265331 -0.140938 -0.138511 
 -0.371359 -0.514487 -0.074877 
 0.143728 -0.648209 0.184374 
 0.218620 -0.242931 -0.093115 
 0.133389 0.430317 0.021781 
 0.197646 -0.217768 -0.125837 
 -0.246717 0.725833 0.008118 
 0.374088 0.105027 -0.056901 
 0.322759 -0.231895 -0.115051 
 0.126928 -0.647230 0.177521 
 -0.221102 -0.431384 -0.081153 
 -0.042236 -0.058699 0.119442 
 0.359719 -0.341094 -0.086703 
 -0.285466 0.060649 0.032054 
 0.155012 -0.707085 0.194810 
 -0.148808 -0.736725 0.166473 
 0.045712 -0.554162 0.155246 
 -0.047628 0.096067 0.070778 
 0.384774 0.033386 -0.048817 
 -0.133678 0.341561 0.083126 
 0.350207 -0.451952 0.180268 
 -0.139576 -0.553413 0.047473 
 -0.225228 -0.574133 -0.020698 
 -0.193150 -0.157753 0.053440 
 -0.065607 -0.151180 -0.161816 
 -0.260898 0.554394 -0.024554 
 -0.235820 -0.552543 -0.035811 
 -0.139532 0.000915 0.086016 
 0.196635 0.426540 0.050915 
 -0.236162 -0.553763 -0.035812 
 -0.091822 -0.415983 0.088490 
 -0.132278 -0.561306 0.075955 
 0.154901 0.280080 0.077366 
 -0.006203 -0.222601 -0.215782 
 0.437830 -0.246980 -0.038660 
 -0.208426 0.597694 0.033105 
 0.342891 0.106434 -0.070247 
 0.132435 0.302935 0.044185 
 -0.068604 -0.382273 0.171137 
 0.224601 0.269574 0.133570 
 -0.101007 -0.592496 0.126715 
 -0.272039 -0.445829 -0.102016 
 -0.101431 0.096344 0.062644 
 -0.107021 -0.072170 0.089853 
 0.432966 -0.283199 -0.032466 
 0.151080 -0.440221 -0.096497 
 0.198367 -0.147018 -0.197391 
 -0.448021 -0.192978 0.074334 
 0.059655 0.207774 0.066346 
 0.311813 0.041254 -0.093046 
 0.244806 -0.288319 -0.115270 
 -0.203431 -0.535879 -0.019438 
 -0.161396 -0.292387 -0.184048 
 0.306328 0.857837 0.076440 
 -0.112840 -0.233813 -0.195340 
 -0.155776 0.017963 0.080591 
 -0.096047 0.020463 0.080657 
 -0.271203 0.626412 -0.031247 
 0.308631 -0.491567 0.184034 
 0.128563 0.205107 0.082704 
 -0.003850 0.357301 0.019101 
 -0.305534 0.198225 -0.025937 
 0.043678 0.113803 0.086820 
 -0.193506 -0.138520 0.055950 
 -0.446807 -0.175261 0.077936 
 0.342868 0.123475 -0.068996 
 0.197083 0.120342 -0.078240 
 0.356831 -0.048548 -0.074257 
 0.041603 -0.198922 -0.232074 
 -0.084280 -0.675483 0.162956 
 -0.271721 -0.313846 -0.125789 
 0.000683 0.075829 0.089997 
 0.179750 -0.512442 0.165404 
 0.290790 0.564376 0.068586 
 0.306070 0.739469 0.059452 
 0.258856 0.691550 0.030459 
 0.101618 0.517460 0.021560 
 0.155301 0.202634 0.107385 
 -0.277950 0.271445 -0.030667 
 -0.328488 0.891843 0.077684 
 0.280811 -0.075256 -0.123484 
 -0.255326 0.676903 -0.017122 
 0.101564 0.551562 0.025491 
 -0.212349 -0.196847 -0.150759 
 0.310372 -0.555192 0.215922 
 0.024942 -0.708890 0.178403 
 -0.204679 -0.182465 0.072495 
 -0.232130 -0.736535 0.089466 
 0.202864 -0.086946 -0.159261 
 0.344407 -0.044706 -0.091962 
 -0.198303 0.206389 0.035166 
 -0.334953 0.046090 0.007836 
 0.343079 -0.012146 -0.087139 
 0.138253 0.728328 0.012067 
 -0.371334 -0.532604 -0.078155 
 -0.277209 0.744418 -0.003085 
 0.001502 0.023757 0.082492 
 -0.271004 -0.445839 -0.104306 
 -0.321248 0.112104 -0.045274 
 -0.038670 -0.163099 -0.179864 
 0.197242 -0.425991 -0.073756 
 -0.300278 -0.532428 -0.061033 
 0.228087 -0.676481 0.299211 
 0.059644 0.463898 0.021339 
 -0.208956 0.331293 0.034886 
 -0.155216 -0.569988 0.037634 
 0.249736 -0.140005 -0.145519 
 0.343117 -0.027961 -0.089552 
 0.014885 -0.152867 -0.211679 
 0.150626 -0.423097 -0.094051 
 0.152479 -0.024381 -0.282362 
 -0.241610 0.452187 -0.042295 
 -0.323560 0.007460 0.021569 
 -0.226242 0.039001 0.067171 
 -0.189580 -0.679216 0.089726 
 0.405756 -0.182850 -0.084579 
 0.416522 -0.271052 -0.078952 
 -0.098473 -0.285498 -0.195918 
 -0.006100 0.168618 0.073664 
 0.280762 -0.040968 -0.118760 
 0.074730 -0.062768 -0.280151 
 -0.206961 0.529252 0.023187 
 -0.446802 -0.175033 0.076881 
 0.433492 -0.282654 -0.032465 
 -0.155805 0.035650 0.084098 
 -0.073930 -0.515169 0.122246 
 -0.084788 -0.398969 0.161597 
 -0.214333 0.155217 0.021027 
 0.406065 0.025801 -0.013289 
 0.170813 0.132365 -0.059643 
 0.118913 -0.370125 -0.099775 
 -0.081139 -0.303484 -0.191643 
 0.400344 0.066878 -0.037302 
 -0.339446 -0.268251 -0.178764 
 0.222918 -0.686046 0.267676 
 0.357055 -0.459612 0.209038 
 -0.134241 -0.269759 -0.194102 
 -0.239303 0.641520 -0.015568 
 -0.101432 0.096090 0.062005 
 0.374507 -0.147458 -0.093269 
 0.166131 0.046878 -0.142706 
 -0.277256 0.779983 0.001862 
 -0.240127 0.393362 -0.010376 
 0.166318 -0.441160 -0.089732 
 -0.288846 0.879744 0.038499 
 0.056788 -0.558837 0.174272 
 0.169861 0.709972 0.023091 
 0.181914 -0.244190 -0.095597 
 -0.253637 -0.071969 0.066716 
 -0.192976 0.399752 0.051685 
 -0.239484 -0.179184 0.058567 
 0.132110 0.600835 0.045987 
 0.141253 -0.208020 -0.244487 
 -0.102805 -0.151925 -0.165601 
 0.163797 0.764821 0.001486 
 0.148163 0.765757 -0.005223 
 0.244384 0.533147 0.043501 
 0.259260 0.860648 0.056309 
 0.075652 0.034635 0.048449 
 0.164008 -0.511477 0.160591 
 -0.285815 -0.181915 -0.155754 
 0.140956 -0.023035 -0.219292 
 0.055587 -0.558825 0.173096 
 0.304833 0.654930 0.047316 
 0.040546 -0.610698 0.158054 
 0.117234 0.635871 0.044506 
 0.280762 -0.040968 -0.118802 
 0.274290 0.548262 0.059410 
 -0.269783 -0.161196 0.047169 
 0.335836 0.906712 0.097136 
 -0.244578 -0.369365 -0.108828 
 0.061997 -0.537805 0.163004 
 -0.387500 -0.566654 -0.090118 
 -0.094855 -0.736028 0.176881 
 0.280734 -0.024100 -0.116244 
 -0.293901 0.324327 -0.031013 
 0.138302 0.652183 0.042264 
 0.151103 -0.009084 -0.198103 
 -0.118262 -0.134301 -0.169919 
 -0.106456 -0.415028 0.081534 
 0.321307 0.687806 0.058881 
 -0.243161 -0.229291 -0.169309 
 0.280833 -0.040968 -0.118657 
 0.216893 0.495917 0.054053 
 -0.139139 -0.646803 0.115659 
 0.389349 -0.148382 -0.086428 
 -0.258676 0.022003 0.050776 
 -0.301534 -0.625444 0.006719 
 0.141227 -0.191062 -0.242084 
 -0.226030 0.001644 0.062150 
 -0.192308 -0.479970 -0.033342 
 -0.095666 -0.128579 0.100114 
 0.187267 -0.086138 -0.165934 
 0.432110 -0.255264 -0.070201 
 -0.101475 0.132328 0.066992 
 -0.289510 0.368779 0.005855 
 0.265596 -0.124123 -0.137395 
 -0.101070 -0.542916 0.092434 
 0.373843 0.104798 -0.056901 
 0.264341 0.617704 0.051295 
 0.342976 0.056207 -0.076747 
 -0.224937 0.262836 0.019141 
 -0.069730 0.077046 0.073301 
 0.105272 -0.515371 0.159435 
 -0.192949 0.078527 0.046674 
 -0.117552 0.096762 0.055109 
 -0.230445 0.156689 0.014320 
 -0.276914 0.572586 -0.028710 
 -0.278597 0.340683 -0.020733 
 -0.247422 0.680053 0.082238 
 -0.290135 0.049471 0.001520 
 -0.150155 0.325148 0.072939 
 0.016732 0.264758 0.044016 
 -0.052995 0.041321 0.076134 
 -0.366425 0.631928 -0.072230 
 0.182382 -0.004581 -0.142934 
 -0.177278 -0.274184 -0.189015 
 0.133490 0.354287 0.050620 
 0.318476 -0.449726 0.166478 
 -0.339388 0.737799 -0.072542 
 -0.304971 0.102698 0.000778 
 -0.319318 0.916799 0.140130 
 -0.326168 0.411094 -0.031400 
 0.311021 0.921481 0.116661 
 0.164950 0.461627 0.039947 
 -0.406668 0.573351 -0.043894 
 -0.151382 0.307783 0.071240 
 -0.213660 0.492611 0.029093 
 -0.196976 0.568596 0.006379 
 -0.065606 -0.151388 -0.162854 
 -0.307169 -0.553346 -0.052899 
 -0.182806 -0.640748 0.084077 
 -0.342198 0.413743 -0.040088 
 0.181806 0.012379 -0.140519 
 0.027556 0.114762 0.079952 
 -0.237318 -0.109039 0.067598 
 0.116255 0.321007 0.039847 
 0.290149 0.722298 0.050316 
 -0.013910 0.024712 0.075608 
 0.059255 0.498097 0.025494 
 -0.309347 0.850303 -0.002578 
 -0.264638 -0.651268 0.046508 
 0.389739 0.070229 -0.055495 
 0.046545 -0.688302 0.177107 
 -0.084990 -0.423505 0.116849 
 -0.340044 0.905413 0.101968 
 0.431954 -0.255262 -0.069853 
 -0.161649 -0.275129 -0.181595 
 -0.134350 -0.201556 -0.186439 
 0.249657 -0.089555 -0.140346 
 -0.192974 0.399752 0.050489 
 0.307940 -0.359710 -0.098278 
 -0.213763 0.388642 0.014191 
 -0.296098 0.142664 -0.015759 
 0.211792 -0.584356 0.169245 
 -0.290176 -0.490694 -0.077330 
 -0.128591 0.074669 0.074598 
 -0.096500 0.212139 0.107329 
 0.234173 -0.155570 -0.155568 
 -0.085781 -0.610862 0.131184 
 -0.034600 -0.613817 0.152210 
 0.343361 -0.145595 -0.106444 
 -0.289228 0.214707 -0.016559 
 -0.128235 -0.511527 0.030996 
 0.400382 0.051068 -0.039718 
 0.225023 -0.617902 0.224444 
 0.368433 0.803366 0.096417 
 -0.090086 -0.135335 0.128772 
 -0.069094 -0.382282 0.171136 
 0.249140 0.476997 0.065619 
 0.016663 0.187452 0.071984 
 0.228903 0.458745 0.067011 
 -0.273162 0.231010 -0.007450 
 -0.220678 0.074250 0.060846 
 -0.330102 -0.144412 0.050252 
 0.186405 0.776372 0.039555 
 0.233245 -0.088616 -0.145917 
 0.149293 0.301978 0.050981 
 0.244630 0.347649 0.100381 
 0.165253 0.353339 0.065146 
 0.149039 0.532352 0.042969 
 -0.346617 -0.648200 0.011473 
 0.013486 -0.652058 0.168161 
 0.198067 -0.425999 -0.075150 
 0.244831 -0.305548 -0.117840 
 -0.228824 0.502553 -0.017196 
 -0.230448 0.156180 0.013667 
 0.181615 0.461577 0.046715 
 0.326039 0.920548 0.122008 
 0.027359 0.225411 0.055139 
 0.181970 -0.278151 -0.100312 
 0.172247 -0.158061 -0.223988 
 0.151178 -0.060376 -0.205571 
 -0.171982 0.018931 0.075023 
 0.032671 0.281020 0.051863 
 -0.335962 -0.075770 0.071086 
 -0.057121 -0.428729 0.141872 
 -0.084990 -0.423505 0.116670 
 0.405670 -0.132505 -0.077022 
 -0.106704 -0.397488 0.084051 
 -0.177399 -0.205794 -0.176250 
 -0.224448 0.599361 0.026004 
 0.312174 -0.026016 -0.102898 
 -0.047754 0.164700 0.081755 
 0.217090 0.672758 0.038798 
 -0.196959 0.550092 0.003905 
 0.132897 0.447373 0.023967 
 0.062206 -0.212907 -0.238624 
 0.342955 0.073025 -0.077315 
 0.439941 -0.300555 0.036247 
 -0.004417 0.339196 0.016636 
 0.289892 0.893853 0.074581 
 -0.090870 -0.135327 0.127216 
 -0.177557 0.294669 0.044095 
 0.187629 -0.672982 0.213842 
 0.139544 -0.605040 0.160774 
 -0.253116 0.093506 0.050023 
 -0.262684 0.839929 0.058163 
 0.120792 -0.209454 -0.240289 
 -0.101167 -0.511628 0.097481 
 0.171361 -0.706563 0.201733 
 -0.261244 0.761358 0.006228 
 -0.141366 -0.000459 0.086012 
 0.110015 -0.106469 -0.243359 
 0.109544 -0.232317 -0.221017 
 -0.065391 -0.288777 -0.182401 
 0.405814 -0.216588 -0.090609 
 0.312673 -0.305136 -0.101959 
 0.233605 0.154891 -0.072072 
 0.151860 -0.100789 -0.251973 
 -0.246246 0.615128 0.032743 
 -0.293222 0.762902 -0.007451 
 -0.270246 -0.692550 0.052110 
 0.160396 0.273880 0.106246 
 0.182394 -0.129314 -0.201279 
 0.030146 -0.689489 0.170100 
 -0.292758 0.487352 -0.047333 
 -0.223043 0.469291 -0.032987 
 -0.257489 0.195344 -0.005278 
 0.176353 -0.649946 0.198460 
 -0.144777 0.093060 0.069048 
 0.218550 0.292489 0.106864 
 0.275097 0.531274 0.057035 
 0.280223 0.127204 -0.094525 
 0.107476 0.118724 0.075757 
 -0.239217 0.589876 -0.023086 
 0.076048 0.034440 0.048450 
 0.258856 0.672142 0.029616 
 -0.129861 -0.172357 -0.153305 
 -0.296141 0.889275 0.091476 
 -0.331851 -0.180218 0.045201 
 0.171637 -0.386384 -0.093273 
 0.032781 0.367089 0.063953 
 0.011568 0.011873 0.057592 
 0.063408 -0.085383 -0.260329 
 0.258787 0.744227 0.039321 
 -0.025731 -0.077141 0.124517 
 0.046357 -0.178339 -0.240471 
 -0.342192 0.414830 -0.038268 
 -0.101143 -0.509176 0.097481 
 0.177916 -0.714823 0.230630 
 0.211965 -0.531873 0.176777 
 0.229469 -0.024222 -0.125304 
 -0.166217 0.291355 0.062350 
 -0.074113 -0.410135 0.137468 
 -0.166445 0.368590 0.032308 
 -0.377127 -0.634632 -0.041353 
 0.405846 -0.182956 -0.084579 
 -0.145948 -0.156394 -0.157637 
 0.132577 0.498528 0.031308 
 0.311028 0.673713 0.040291 
 0.075199 0.335384 0.050793 
 -0.414160 -0.490706 -0.103825 
 -0.124571 -0.600924 0.088639 
 0.181102 -0.278142 -0.100416 
 0.405960 -0.311342 -0.061756 
 -0.292925 0.393549 -0.020146 
 0.405658 -0.133773 -0.077340 
 -0.196359 -0.426353 -0.095675 
 -0.220679 0.074250 0.061152 
 -0.165792 -0.735734 0.159409 
 0.321606 0.670296 0.056455 
 -0.229777 0.225685 0.024298 
 -0.193626 -0.089312 0.063482 
 0.305817 0.739471 0.059112 
 0.385344 -0.302635 -0.097149 
 0.075580 -0.062777 -0.280149 
 0.234003 -0.054847 -0.141089 
 0.282559 -0.514849 0.196225 
 -0.414174 -0.490705 -0.104549 
 0.213633 -0.381916 -0.100353 
 -0.063945 0.216829 0.082340 
 -0.253764 -0.002816 0.076728 
 -0.276713 -0.350373 -0.120079 
 -0.271224 0.643427 -0.032477 
 -0.272056 0.643435 -0.028778 
 -0.224870 0.314898 0.025929 
 -0.281238 -0.113493 0.076238 
 0.122362 -0.703636 0.180050 
 0.405942 -0.294455 -0.059333 
 -0.277682 0.254135 -0.033150 
 -0.262053 0.287796 -0.021316 
 -0.035588 -0.543173 0.163153 
 -0.149540 -0.595499 0.063925 
 0.203039 -0.187214 -0.173740 
 0.059274 0.336021 0.043884 
 -0.287278 0.696629 -0.028197 
 -0.138727 -0.489687 0.015069 
 -0.054891 -0.128194 -0.181990 
 0.089633 -0.666461 0.172252 
 0.295254 0.741757 0.041584 
 -0.052410 -0.128218 -0.181984 
 0.154891 0.279092 0.077366 
 -0.353928 -0.451923 -0.099984 
 0.058273 0.463912 0.021335 
 0.400365 0.049726 -0.038287 
 -0.290226 0.101006 0.007689 
 -0.272023 -0.444815 -0.104308 
 -0.242224 -0.246467 -0.173167 
 0.075051 0.420791 0.063014 
 -0.096501 0.212307 0.108163 
 -0.392442 0.589718 -0.034039 
 0.119722 -0.209444 -0.240291 
 -0.203498 -0.181163 0.072497 
 0.290906 0.496742 0.058839 
 -0.196955 0.550575 0.004135 
 -0.253711 -0.038507 0.071750 
 0.040541 -0.610698 0.160147 
 0.265249 -0.090487 -0.132264 
 -0.351363 0.838582 -0.035757 
 0.274417 0.757746 0.048458 
 0.150593 -0.406420 -0.091604 
 -0.193771 -0.001748 0.076034 
 -0.321272 0.129765 -0.043510 
 0.171629 -0.387149 -0.093273 
 0.064842 0.132726 0.083802 
 -0.089251 -0.135343 0.128774 
 0.353383 -0.284274 -0.108098 
 -0.300713 -0.515747 -0.058527 
 -0.112622 0.196848 0.098748 
 0.405828 -0.214872 -0.089406 
 -0.008145 -0.707683 0.164370 
 0.280306 0.702913 0.070192 
 -0.331770 -0.197808 0.042677 
 -0.103176 0.061606 0.057013 
 -0.166672 0.239226 0.054370 
 0.171316 0.312505 0.089107 
 0.234509 -0.346237 -0.100863 
 0.008322 -0.744027 0.166312 
 -0.318890 0.489197 -0.071501 
 -0.195403 -0.380271 -0.129238 
 0.251582 0.435420 0.100300 
 -0.335821 -0.707244 0.021508 
 0.307968 -0.393531 -0.103132 
 -0.015824 0.042085 0.078094 
 0.197770 -0.313475 -0.098549 
 -0.144971 -0.073888 0.086818 
 -0.132762 -0.440266 -0.029093 
 -0.033530 0.147189 0.086147 
 -0.303228 0.731406 -0.030087 
 0.374499 -0.148185 -0.093099 
 -0.084602 -0.610874 0.132314 
 -0.254949 0.473635 -0.046649 
 0.312735 0.074878 -0.088416 
 -0.070915 -0.326403 -0.176537 
 0.352783 0.787392 0.085804 
 0.171320 -0.669429 0.206854 
 -0.128181 -0.406189 0.046059 
 -0.237230 -0.161422 0.061090 
 -0.208216 0.477412 0.015285 
 -0.129192 -0.074145 0.093759 
 0.233802 -0.038172 -0.138676 
 0.063001 -0.743203 0.176512 
 -0.208415 -0.493888 -0.042756 
 0.008178 -0.690979 0.173924 
 0.439870 -0.285199 0.038691 
 -0.194516 0.078543 0.046670 
 0.048596 -0.654039 0.182181 
 0.354435 0.001996 -0.067012 
 0.244595 0.363781 0.101570 
 0.311677 0.125741 -0.081179 
 -0.095796 -0.268498 -0.193469 
 -0.220965 -0.162734 0.068051 
 0.359710 -0.342316 -0.087915 
 -0.007803 -0.743050 0.159168 
 0.008509 -0.690983 0.172973 
 -0.209777 -0.121789 0.051538 
 -0.084238 -0.691840 0.160412 
 -0.208445 0.615689 0.034715 
 -0.320267 0.784013 -0.029508 
 0.144484 0.239916 0.094339 
 0.202923 -0.120313 -0.164088 
 0.156022 -0.050333 -0.174611 
 -0.322645 -0.554687 -0.059839 
 0.249616 -0.073799 -0.136829 
 0.326596 0.073963 -0.081747 
 0.166242 -0.061301 -0.198669 
 0.312653 -0.287421 -0.099536 
 -0.335377 0.882601 0.017927 
 0.286268 -0.465483 0.150286 
 -0.406670 0.573351 -0.043143 
 0.391586 -0.006458 -0.024833 
 -0.004406 0.340139 0.015866 
 -0.197056 0.136865 0.025621 
 -0.258190 -0.229704 -0.176118 
 0.290903 0.496373 0.058686 
 -0.150677 0.290398 0.068747 
 0.133371 0.448300 0.023969 
 -0.324236 0.472019 -0.063182 
 0.027405 0.209687 0.051810 
 -0.024864 -0.573215 0.135629 
 0.171467 0.031705 -0.155714 
 -0.220680 0.074250 0.061813 
 0.249127 0.475525 0.065124 
 -0.330135 -0.666838 0.016098 
 0.342893 0.106659 -0.070238 
 0.311748 -0.537712 0.218436 
 -0.161585 -0.171627 -0.166874 
 -0.014861 0.111494 0.088058 
 0.164098 -0.563963 0.151939 
 0.334590 -0.450993 0.173333 
 -0.286269 -0.018114 0.060347 
 -0.386273 -0.432090 -0.111311 
 -0.178491 -0.561088 0.002634 
 -0.291164 0.040709 0.039403 
 0.139333 0.185765 0.099833 
 0.120908 -0.115639 -0.265609 
 -0.355064 -0.549543 -0.073724 
 0.109341 -0.249338 -0.223431 
 -0.069156 0.111797 0.078290 
 -0.129650 -0.311220 -0.173986 
 -0.231910 -0.655767 0.060522 
 0.152075 -0.060385 -0.205321 
 0.280825 -0.073866 -0.123484 
 -0.257088 0.248333 0.002194 
 -0.248511 0.713256 0.087223 
 0.090998 0.479451 0.037360 
 0.154083 0.669957 0.050827 
 -0.194011 -0.017785 0.073523 
 0.305562 0.891665 0.081398 
 -0.301601 -0.578785 -0.027933 
 0.025964 -0.180491 -0.235954 
 0.311319 0.921478 0.115282 
 0.227264 0.828707 0.036845 
 0.038094 0.427450 0.020625 
 0.384780 0.033818 -0.049370 
 0.243520 0.584098 0.049174 
 0.337920 0.889782 0.094714 
 0.312666 -0.305736 -0.101680 
 0.123408 0.152244 0.086351 
 -0.157794 -0.379773 -0.126707 
 -0.036859 0.021887 0.079612 
 -0.015799 0.024731 0.075604 
 0.169759 0.778914 0.032824 
 -0.245289 0.777532 0.015946 
 0.274560 0.673703 0.037522 
 0.218546 -0.138079 -0.159828 
 0.250900 0.342085 0.128094 
 -0.271963 -0.463184 -0.106799 
 -0.333140 -0.495545 -0.070112 
 -0.067810 -0.694263 0.167618 
 -0.303340 -0.061847 0.087100 
 -0.294049 0.410867 -0.017271 
 0.027337 0.388556 0.037651 
 -0.335905 -0.131782 0.063505 
 -0.075306 -0.427735 0.134880 
 -0.068098 0.163920 0.085774 
 -0.063803 -0.016165 0.089485 
 0.204658 -0.187678 -0.173736 
 0.252907 -0.640993 0.248256 
 0.227890 0.517891 0.034325 
 0.134756 -0.292179 -0.123064 
 0.327929 -0.127849 -0.110704 
 0.264972 0.077682 -0.109531 
 -0.194309 -0.542629 -0.001796 
 -0.285510 0.096815 0.036157 
 0.264935 0.476053 0.070861 
 0.470080 -0.224044 0.019533 
 0.213344 -0.175368 -0.153737 
 -0.068738 0.198682 0.090760 
 0.266059 -0.397675 -0.094706 
 -0.270182 -0.748022 0.044498 
 -0.335054 -0.688104 0.024047 
 0.259265 0.583156 0.057232 
 0.212851 0.366902 0.087983 
 0.289959 0.841871 0.069254 
 0.298642 -0.159638 -0.128872 
 -0.319135 0.645494 -0.049269 
 0.343010 0.106658 -0.070246 
 -0.192848 -0.542235 -0.001793 
 -0.297486 -0.147008 0.064571 
 -0.198874 0.136883 0.025616 
 0.037517 0.428466 0.020623 
 -0.286331 0.016670 0.065720 
 -0.346551 -0.649193 0.011473 
 -0.255205 0.608638 -0.026886 
 0.181790 0.030537 -0.138102 
 -0.305098 -0.489742 -0.084241 
 -0.277288 0.796679 0.003481 
 -0.226288 -0.265793 -0.167422 
 -0.233639 -0.702157 0.094552 
 0.240580 0.268620 0.140401 
 -0.390640 0.590280 -0.034035 
 0.140016 -0.255192 -0.128707 
 -0.051847 -0.612830 0.145952 
 0.151914 -0.134190 -0.255852 
 -0.257429 -0.556264 -0.032071 
 -0.239019 0.469375 -0.038881 
 0.371650 -0.414863 0.180618 
 0.032725 0.169553 0.076455 
 0.384714 0.086356 -0.041568 
 0.070818 0.536391 0.009142 
 0.182252 -0.425055 -0.081107 
 0.187769 -0.159880 -0.217343 
 -0.374558 -0.339126 -0.120059 
 0.124192 -0.411862 -0.077049 
 0.337199 0.719573 0.070445 
 -0.085513 -0.675539 0.162953 
 -0.097226 -0.076078 0.107642 
 0.353803 -0.403043 0.134253 
 0.312191 -0.322618 -0.104384 
 0.233161 -0.511939 0.175266 
 -0.208292 0.530430 0.023183 
 0.265030 0.044467 -0.113264 
 -0.417135 -0.231142 0.013399 
 0.208974 -0.652107 0.213099 
 0.119038 -0.437248 -0.110029 
 -0.068250 -0.594193 0.140214 
 0.089053 -0.106971 -0.239969 
 0.088378 -0.106964 -0.239161 
 -0.209030 -0.495524 -0.042757 
 0.293556 0.809760 0.051273 
 -0.252059 -0.534730 -0.040235 
 0.327297 0.107590 -0.076485 
 -0.256849 0.809219 0.042293 
 -0.041451 -0.412086 0.153352 
 0.117420 0.534972 0.029437 
 0.243576 0.550485 0.045936 
 0.374543 -0.163516 -0.095512 
 0.118258 0.338108 0.042309 
 0.155298 0.202375 0.107385 
 -0.085676 0.078007 0.066405 
 0.383937 0.101187 -0.039153 
 0.186197 0.132009 -0.052916 
 0.197984 -0.146171 -0.197392 
 -0.238811 0.521016 -0.032406 
 0.212395 0.459697 0.061200 
 -0.257064 0.663913 0.061965 
 -0.337529 0.236228 -0.034728 
 0.355583 -0.431256 0.171383 
 0.117586 0.372864 0.047222 
 0.420965 -0.318415 -0.097214 
 -0.285687 -0.269126 -0.166531 
 -0.159174 -0.463584 -0.017011 
 -0.352763 -0.452004 -0.099981 
 0.225226 0.252353 0.131101 
 -0.166130 0.239220 0.054928 
 -0.188692 -0.111953 0.089524 
 0.107233 0.212353 0.047076 
 0.180222 -0.514058 0.165406 
 -0.180303 -0.426827 -0.088807 
 0.048484 -0.067715 -0.265131 
 0.202353 0.310610 0.102730 
 0.405866 -0.250222 -0.094020 
 0.153824 0.372739 0.049775 
 0.311808 0.040704 -0.093245 
 0.296007 0.143087 -0.085439 
 0.353753 -0.080926 -0.079098 
 -0.314374 -0.714289 0.056837 
 0.437182 -0.337985 -0.092953 
 -0.303785 -0.690048 0.038076 
 0.075147 0.370292 0.055623 
 0.264569 -0.056847 -0.127744 
 -0.319364 0.783445 -0.029506 
 0.338437 -0.344665 -0.082434 
 -0.362608 -0.212778 0.026199 
 -0.333140 -0.495545 -0.070234 
 -0.166368 -0.735728 0.158951 
 -0.350380 -0.593412 -0.050457 
 0.242791 0.109588 -0.099293 
 -0.296226 0.941647 0.098957 
 0.233563 -0.071802 -0.143504 
 0.070539 0.426557 0.034213 
 -0.228699 0.414582 -0.028828 
 0.082033 0.209288 0.062215 
 -0.287278 0.676604 -0.030667 
 -0.090435 -0.398378 0.091012 
 -0.039274 -0.326741 -0.163006 
 0.151780 -0.050690 -0.245944 
 -0.085462 0.182272 0.082713 
 0.164016 -0.511191 0.158464 
 0.248729 -0.089546 -0.139245 
 -0.394525 -0.632666 -0.048335 
 0.094699 -0.592520 0.173255 
 -0.031625 0.146949 0.086151 
 -0.193830 -0.140251 0.055949 
 -0.004744 0.168642 0.073667 
 0.274540 -0.178562 -0.127011 
 -0.244514 -0.403301 -0.113794 
 0.103046 -0.335079 -0.102115 
 -0.335500 0.606052 -0.021760 
 -0.106558 -0.485194 0.071623 
 -0.278719 0.842577 0.051295 
 -0.144723 0.058210 0.065490 
 -0.084951 -0.398831 0.161596 
 -0.228514 -0.389139 -0.103951 
 -0.117606 0.132063 0.060662 
 0.155748 -0.335640 -0.092699 
 0.121331 -0.588120 0.156327 
 0.198051 0.350483 0.078735 
 0.117589 0.584716 0.036778 
 0.101676 0.390702 0.042885 
 -0.182128 0.170670 0.037003 
 0.049652 0.280056 0.058434 
 -0.236497 -0.599931 -0.001841 
 -0.319355 0.784004 -0.030582 
 0.296524 -0.142801 -0.125801 
 0.149058 0.514627 0.041258 
 -0.138733 -0.490043 0.015815 
 -0.276831 0.520873 -0.034799 
 -0.386041 -0.083960 0.091945 
 -0.253757 -0.746041 0.052684 
 0.048798 0.152760 0.080833 
 0.274384 0.774177 0.050885 
 0.233799 0.400486 0.088604 
 0.217999 0.122053 -0.082758 
 0.171308 0.183855 0.112661 
 -0.294020 0.393559 -0.019777 
 -0.024404 -0.653659 0.164967 
 0.260435 -0.255435 -0.104609 
 0.029463 -0.688350 0.170099 
 -0.112342 0.021429 0.073470 
 -0.231950 -0.639123 0.063056 
 0.273473 0.910456 0.070296 
 0.184058 -0.136051 -0.243349 
 0.275170 -0.461159 0.130760 
 0.186295 0.369878 0.063344 
 0.192664 -0.651086 0.205439 
 -0.122944 -0.414054 0.074941 
 -0.271207 -0.445837 -0.104306 
 -0.352136 -0.182205 0.049071 
 -0.090347 -0.451082 0.083293 
 -0.128788 0.197188 0.091834 
 0.185866 0.387940 0.065797 
 -0.308481 0.256039 -0.046882 
 -0.054476 -0.128198 -0.181385 
 0.282558 -0.514849 0.196961 
 -0.224978 0.278783 0.020948 
 -0.144713 0.075634 0.067416 
 0.164069 -0.546468 0.154268 
 -0.129886 -0.174440 -0.151522 
 -0.297945 -0.716602 0.063872 
 -0.324672 0.454786 -0.066369 
 -0.304225 -0.443906 -0.117196 
 -0.177339 -0.240360 -0.183472 
 -0.229756 0.355108 0.003064 
 -0.237438 -0.038872 0.079049 
 0.065019 0.080871 0.077770 
 -0.102236 -0.152298 -0.165599 
 0.302386 -0.466301 0.157088 
 0.291569 0.638933 0.038185 
 -0.073964 -0.498196 0.124065 
 -0.254911 -0.464154 -0.099910 
 0.107421 0.153199 0.079480 
 -0.334046 0.046081 0.008531 
 -0.268195 -0.177279 0.044656 
 0.118971 -0.275151 -0.127366 
 0.298530 -0.321702 -0.111079 
 0.291929 -0.342915 -0.102563 
 -0.047631 0.096067 0.072111 
 -0.290131 0.049471 -0.000079 
 -0.346541 -0.648200 0.011454 
 -0.313754 -0.182792 0.052184 
 -0.002824 -0.544371 0.176358 
 0.048605 0.296923 0.060901 
 0.296562 -0.178511 -0.131290 
 -0.401109 -0.196891 0.025781 
 -0.067811 -0.694263 0.168098 
 0.148873 0.693034 0.025002 
 -0.281365 -0.077627 0.081287 
 -0.112456 -0.110110 0.095667 
 0.321616 0.670892 0.054845 
 0.218985 -0.609879 0.196650 
 -0.203689 -0.538229 -0.019438 
 -0.173005 0.018941 0.074655 
 -0.244554 -0.387097 -0.111311 
 -0.223200 0.553978 -0.020636 
 0.421351 -0.183886 -0.077993 
 -0.293931 0.341634 -0.027945 
 0.249404 0.061797 -0.118739 
 0.326284 -0.539545 0.225373 
 0.228245 0.442387 0.064563 
 0.176414 0.238009 0.107687 
 0.171501 0.015549 -0.158127 
 -0.069314 0.184076 0.088264 
 -0.358432 -0.410194 -0.123138 
 -0.111446 -0.735042 0.170747 
 -0.325454 0.540982 -0.053290 
 -0.160982 0.363122 0.060944 
 0.093968 -0.248965 -0.230103 
 0.064867 0.115441 0.083199 
 0.041707 -0.710627 0.185420 
 0.139514 -0.704620 0.187825 
 -0.054354 -0.195404 -0.191735 
 0.262199 -0.552290 0.195096 
 -0.085285 0.077931 0.066406 
 -0.269159 -0.200090 -0.149818 
 0.024962 -0.727326 0.176757 
 -0.269776 -0.160465 0.047169 
 0.127406 -0.648226 0.177522 
 -0.118384 -0.286818 -0.191940 
 -0.026022 -0.058481 0.127024 
 0.213382 -0.191249 -0.156154 
 -0.371342 -0.533375 -0.078155 
 0.085720 0.443736 0.043462 
 0.358309 0.122545 -0.061160 
 -0.336780 -0.705769 0.021505 
 -0.128582 0.075487 0.074330 
 -0.070077 -0.211788 -0.200910 
 -0.322624 -0.552509 -0.059839 
 -0.007800 -0.743050 0.158016 
 0.230025 -0.219750 -0.112414 
 -0.230215 0.632036 0.041236 
 0.227277 0.810557 0.035609 
 -0.417383 -0.231139 0.013530 
 0.167292 -0.094850 -0.203480 
 0.030158 -0.688357 0.169944 
 -0.041457 -0.413198 0.151387 
 -0.324657 -0.244926 -0.125780 
 -0.193589 -0.106043 0.060970 
 -0.261839 0.338658 -0.013864 
 0.030162 -0.688357 0.167985 
 0.280825 -0.073853 -0.123484 
 0.227262 0.828756 0.038035 
 0.390318 -0.264154 -0.103318 
 0.151816 -0.026843 -0.200508 
 -0.351258 0.768697 -0.045976 
 0.245254 -0.586304 0.183573 
 -0.182656 0.205431 0.042488 
 -0.294012 0.394193 -0.020148 
 0.180522 0.615735 0.068734 
 -0.248229 0.244049 0.019890 
 -0.224105 0.391945 -0.002699 
 0.307108 -0.214121 -0.116940 
 -0.339415 0.754966 -0.070525 
 0.117699 0.304301 0.037394 
 -0.293873 0.307220 -0.032566 
 -0.008504 -0.571466 0.142617 
 0.311780 0.058070 -0.090832 
 0.290708 -0.410051 0.146675 
 0.479856 -0.183466 0.002223 
 -0.336500 -0.389901 -0.124383 
 0.179407 0.615053 0.068731 
 -0.215928 -0.703151 0.101590 
 0.077130 -0.538768 0.171725 
 -0.293248 0.780397 -0.004844 
 0.400423 0.016046 -0.044009 
 0.078476 0.209323 0.062206 
 -0.145711 -0.190817 -0.162544 
 -0.326124 0.395476 -0.032976 
 0.218519 -0.121178 -0.157415 
 -0.416217 -0.213539 0.015929 
 -0.118627 -0.151877 -0.172366 
 -0.002677 0.012814 0.051318 
 0.258654 0.809923 0.049446 
 -0.335945 -0.094668 0.068559 
 0.327298 0.107596 -0.076920 
 0.117236 0.635871 0.043879 
 0.032600 -0.003632 0.051650 
 -0.171954 0.001459 0.072927 
 0.312038 -0.093281 -0.112763 
 0.124173 -0.413665 -0.076653 
 0.118979 -0.274389 -0.127473 
 -0.355121 -0.514449 -0.068703 
 0.342763 0.750459 0.104405 
 -0.245213 0.415542 -0.036405 
 0.059719 0.000712 0.036661 
 0.204755 -0.702731 0.258119 
 0.155842 -0.385741 -0.099539 
 -0.226211 0.001239 0.062150 
 -0.337379 0.217499 -0.037218 
 -0.352177 0.768706 -0.045641 
 0.385156 -0.319825 -0.099565 
 0.197477 -0.022349 -0.138157 
 0.041866 0.447767 0.012096 
 -0.189392 0.037382 0.070229 
 -0.340774 0.524692 -0.063184 
 -0.260673 -0.352605 -0.113328 
 -0.165876 0.134950 0.039410 
 -0.302399 -0.625435 0.006224 
 0.358314 0.850834 0.126071 
 0.326260 -0.521493 0.227884 
 0.110113 -0.155287 -0.250568 
 0.343188 -0.079775 -0.096792 
 0.390204 -0.216841 -0.096079 
 0.328317 -0.307831 -0.095258 
 -0.257794 0.663920 0.062780 
 0.137607 -0.567885 0.165805 
 0.279370 0.878229 0.055117 
 0.175126 0.255236 0.110604 
 0.217234 0.478887 0.051610 
 -0.198199 -0.610167 0.040465 
 0.289997 0.723499 0.050315 
 0.172067 -0.108623 -0.216778 
 0.312211 -0.194182 -0.128850 
 0.342958 -0.212858 -0.116099 
 0.007793 -0.555910 0.151116 
 0.169768 0.760363 0.031805 
 0.185317 -0.490872 0.156977 
 0.250639 -0.055931 -0.134413 
 0.439920 -0.299988 0.036247 
 -0.352409 0.433183 -0.053425 
 0.151929 -0.050691 -0.244623 
 0.078376 -0.247477 -0.236056 
 -0.346525 -0.646562 0.011473 
 0.296185 0.058602 -0.097505 
 0.180357 0.689743 0.037865 
 -0.277236 0.762204 0.000936 
 -0.102752 -0.186394 -0.170247 
 -0.213065 -0.407400 -0.100061 
 -0.177307 -0.257087 -0.186002 
 0.096702 0.173918 0.064759 
 0.155598 -0.670370 0.199867 
 0.140949 -0.023034 -0.216312 
 -0.221101 -0.659327 0.078234 
 -0.308003 0.735901 -0.058597 
 0.106790 0.426868 0.036783 
 0.154534 -0.368701 -0.097589 
 -0.257702 -0.574593 -0.034582 
 -0.304316 -0.391841 -0.108396 
 0.123081 0.264140 0.061279 
 0.276586 0.531259 0.056979 
 0.121648 -0.533886 0.163879 
 0.334593 -0.450652 0.173374 
 -0.261799 0.322539 -0.016347 
 -0.197578 0.387805 0.021058 
 -0.230674 0.225694 0.024295 
 0.310036 -0.520476 0.220942 
 -0.101187 -0.492885 0.100885 
 -0.055950 -0.111203 -0.179555 
 -0.241714 -0.172341 0.030104 
 0.107125 0.281625 0.056930 
 0.229116 -0.268406 -0.119696 
 -0.229326 -0.406438 -0.106930 
 -0.301476 0.026672 0.019196 
 0.212956 0.060920 -0.120274 
 -0.318808 -0.016471 0.046195 
 -0.166206 0.292363 0.061854 
 -0.150107 -0.234713 -0.197818 
 0.257855 -0.619852 0.237495 
 0.008172 -0.608749 0.144552 
 -0.085026 -0.406476 0.119605 
 -0.293931 0.341634 -0.028104 
 -0.070026 -0.246303 -0.205783 
 -0.276490 0.589820 -0.025346 
 -0.229033 0.602236 -0.002354 
 0.058239 0.463912 0.021335 
 0.133183 0.548959 0.038649 
 -0.087012 -0.134940 -0.156388 
 -0.303309 0.731406 -0.029293 
 -0.105099 -0.485208 0.071468 
 -0.320522 -0.321461 -0.107283 
 -0.166226 -0.612109 0.053963 
 0.296304 -0.008266 -0.108257 
 0.170705 -0.202605 -0.189502 
 0.245259 -0.585942 0.183131 
 0.353726 -0.083597 -0.079097 
 -0.310874 0.307987 -0.039437 
 -0.094330 -0.718258 0.179433 
 -0.256850 0.808692 0.040303 
 0.042913 0.208737 0.059504 
 0.089689 -0.701685 0.168103 
 0.000597 0.127893 0.097040 
 -0.167156 0.239231 0.054369 
 0.196355 0.597047 0.073813 
 -0.350548 -0.575869 -0.048049 
 0.228396 0.568052 0.041636 
 -0.273136 0.213655 -0.008481 
 -0.138947 -0.570960 0.044541 
 -0.221122 -0.076094 0.080637 
 -0.161591 -0.172546 -0.167767 
 0.072677 -0.106034 -0.245815 
 0.265627 -0.269155 -0.116963 
 0.274311 0.826100 0.058165 
 0.296385 -0.058716 -0.113961 
 -0.309298 0.835335 -0.004397 
 -0.304217 -0.443907 -0.120544 
 -0.182190 0.188048 0.039995 
 0.196490 -0.531194 0.169837 
 0.011482 0.356032 0.025911 
 0.169464 -0.101735 -0.245181 
 -0.089921 -0.647430 0.136901 
 0.242772 0.777041 0.037464 
 0.273572 0.758263 0.048456 
 -0.272973 0.861504 0.043628 
 0.354171 -0.250602 -0.103263 
 -0.037875 -0.146127 -0.177685 
 0.182062 0.615027 0.068737 
 -0.228196 -0.406449 -0.106927 
 -0.418104 -0.231132 0.013396 
 0.187094 0.725494 0.032257 
 0.232735 0.723015 0.052439 
 0.211095 0.569008 0.034895 
 0.213636 -0.381916 -0.101661 
 0.201226 0.673699 0.031681 
 -0.213735 0.371458 0.012857 
 0.132523 0.354296 0.051556 
 0.305985 0.638008 0.044772 
 -0.397963 -0.492554 -0.097616 
 0.281732 -0.270096 -0.110513 
 -0.032886 -0.295731 -0.210727 
 0.390212 -0.215657 -0.094717 
 0.311950 -0.042831 -0.103804 
 0.043393 0.208732 0.057900 
 -0.258330 -0.228347 -0.176119 
 -0.287691 0.627172 -0.038079 
 -0.196953 0.550575 0.003129 
 0.242890 0.861871 0.049598 
 -0.100693 -0.692298 0.153127 
 0.211737 -0.728686 0.283271 
 -0.238921 0.607087 -0.020055 
 0.343035 0.022574 -0.082782 
 0.078288 -0.197696 -0.229536 
 -0.208868 0.279229 0.027135 
 0.370271 -0.404006 0.141463 
 -0.193491 -0.157750 0.052336 
 -0.226282 0.034919 0.067171 
 0.006528 0.328411 -0.007704 
 -0.368951 -0.353284 -0.133175 
 -0.176601 -0.561107 0.004285 
 0.244849 -0.303752 -0.117840 
 0.374077 0.103927 -0.056901 
 -0.139157 -0.648535 0.115853 
 0.058659 0.336341 0.043883 
 -0.112427 -0.127604 0.093392 
 -0.264658 -0.653091 0.046951 
 -0.134013 0.306586 0.078139 
 -0.293793 0.358941 -0.025115 
 -0.254316 -0.599227 -0.008805 
 0.264185 0.720812 0.065731 
 -0.182280 0.257044 0.049970 
 0.343316 -0.145595 -0.107039 
 -0.308689 0.453832 -0.058152 
 0.374582 -0.198823 -0.100339 
 -0.342312 -0.410563 -0.115172 
 -0.335866 -0.077509 0.071087 
 0.374622 -0.214378 -0.102752 
 -0.212096 -0.407409 -0.100059 
 0.165468 0.369509 0.067603 
 -0.285949 -0.211376 0.032566 
 0.279978 0.618131 0.058024 
 0.327547 -0.044030 -0.098638 
 -0.128038 -0.494034 0.033069 
 0.091196 -0.631253 0.176970 
 -0.128734 -0.073617 0.093761 
 -0.004349 0.305803 0.011057 
 0.265551 -0.217630 -0.109945 
 0.244737 -0.659736 0.308742 
 -0.111979 -0.092619 0.098192 
 0.024935 -0.709645 0.178242 
 0.180817 0.446186 0.044265 
 -0.335467 0.647245 -0.056100 
 0.016742 0.265362 0.042299 
 0.310711 0.125348 -0.081181 
 0.280536 0.093379 -0.099351 
 -0.263398 0.253194 -0.026287 
 0.455727 -0.301497 0.043004 
 0.243196 0.675576 0.023569 
 -0.103400 0.078986 0.059505 
 0.138999 0.262909 0.068007 
 0.048691 0.245233 0.053491 
 0.276511 0.639863 0.031477 
 0.234147 -0.138567 -0.153155 
 0.254701 0.267685 0.147226 
 0.085926 0.535454 0.015906 
 -0.312314 0.945508 0.092061 
 0.222533 0.269595 0.133565 
 0.327626 -0.095077 -0.105878 
 -0.267350 -0.516897 -0.044659 
 0.185446 0.793804 0.041986 
 0.218972 -0.611470 0.195573 
 -0.228987 0.586705 -0.004827 
 0.171665 -0.448897 -0.061207 
 0.302396 -0.465348 0.157088 
 0.241553 -0.638181 0.228900 
 0.138461 0.568735 0.029503 
 0.296328 -0.025082 -0.108965 
 -0.275002 0.074195 0.051366 
 0.074385 0.497157 0.033027 
 0.431927 -0.147357 -0.013055 
 0.358940 -0.163344 -0.102780 
 0.186262 0.406581 0.068252 
 0.140753 -0.023033 -0.218053 
 -0.193868 -0.729921 0.134560 
 -0.352346 -0.059296 0.066626 
 0.432988 -0.281039 -0.032466 
 0.048925 0.064545 0.068397 
 0.295055 0.809745 0.051277 
 -0.326664 0.291636 -0.048787 
 0.257531 -0.460182 0.125428 
 0.011301 0.167003 0.080535 
 0.295348 0.691536 0.032473 
 -0.188045 -0.094417 0.092043 
 -0.085371 0.130138 0.073450 
 0.377698 -0.380146 0.121509 
 -0.303249 -0.114217 0.080009 
 0.166396 -0.408421 -0.084838 
 0.185308 -0.491571 0.157710 
 0.149147 0.463556 0.033181 
 -0.239244 0.607268 -0.020055 
 -0.068402 -0.506257 0.153399 
 0.249856 -0.200672 -0.115360 
 -0.305067 0.879907 0.031639 
 -0.086270 -0.593199 0.133717 
 0.353684 -0.048517 -0.074189 
 0.106239 -0.038151 -0.303664 
 0.343339 -0.162779 -0.108858 
 0.134699 -0.354018 -0.091096 
 -0.240752 -0.493600 -0.055933 
 0.374031 0.138429 -0.052606 
 0.217440 0.689712 0.040844 
 -0.064180 -0.304438 -0.184842 
 -0.272048 0.213645 -0.009671 
 -0.197170 -0.471362 -0.062944 
 0.342808 0.157109 -0.062491 
 -0.370091 -0.451264 -0.106897 
 -0.270995 0.506589 -0.048539 
 0.116714 0.584725 0.036776 
 -0.008519 -0.572546 0.144199 
 -0.309265 0.798590 -0.008391 
 0.109525 -0.234252 -0.221017 
 -0.032880 -0.294974 -0.210382 
 -0.052968 0.023943 0.074311 
 -0.193290 0.113380 0.052126 
 -0.270522 -0.692012 0.052110 
 0.091551 0.085202 0.062241 
 -0.241015 0.020096 0.057722 
 -0.224349 0.528651 0.016326 
 0.059619 0.207775 0.066346 
 0.155262 0.218891 0.109859 
 -0.008484 -0.590121 0.140090 
 -0.150211 0.342527 0.076230 
 -0.247640 0.244043 0.019892 
 0.280786 0.110381 -0.096938 
 -0.303086 -0.293395 -0.137023 
 0.259320 0.549195 0.053116 
 -0.300175 -0.514958 -0.058526 
 0.311001 0.690600 0.042136 
 -0.107124 -0.021331 0.097375 
 0.226897 0.828711 0.038034 
 -0.336563 -0.355795 -0.119401 
 0.172811 -0.274040 -0.118040 
 0.187241 0.405022 0.068254 
 0.432096 -0.256562 -0.069853 
 -0.017493 -0.092514 -0.174453 
 -0.052653 -0.542188 0.155336 
 -0.220974 -0.163669 0.068051 
 -0.353755 -0.550460 -0.073721 
 0.343373 0.089837 -0.072658 
 -0.117649 0.147907 0.062590 
 -0.303899 -0.061841 0.087589 
 0.027435 0.338236 0.030185 
 -0.345663 -0.601892 -0.022350 
 0.384812 0.016979 -0.053277 
 0.149395 0.336217 0.055366 
 0.358546 0.072093 -0.068333 
 0.078379 -0.247477 -0.237182 
 -0.128585 0.075142 0.074330 
 0.117494 0.482414 0.020896 
 -0.261800 -0.484888 -0.091741 
 -0.038711 -0.127624 -0.175251 
 0.259731 0.159162 -0.085359 
 0.250250 0.376426 0.132405 
 -0.224359 0.409232 -0.001038 
 -0.144403 -0.108176 0.081798 
 0.247827 0.078629 -0.115114 
 0.359683 -0.324953 -0.084279 
 0.169833 0.726976 0.025524 
 0.164040 -0.528973 0.156631 
 0.432112 -0.255000 -0.069853 
 0.171544 0.566835 0.043563 
 -0.397965 -0.492819 -0.097616 
 0.042793 0.447758 0.012099 
 0.295285 -0.159605 -0.128880 
 0.151178 -0.060376 -0.205256 
 0.181747 0.512727 0.054055 
 0.291376 0.909497 0.077011 
 0.354691 -0.363281 -0.078149 
 -0.103482 -0.350567 -0.154087 
 0.264948 0.095221 -0.106024 
 -0.245257 0.760294 0.012433 
 -0.135241 -0.133345 -0.176688 
 0.043395 0.499044 0.020531 
 0.218742 -0.309838 -0.102724 
 -0.188471 -0.128053 0.087007 
 0.197029 0.333373 0.075695 
 0.244505 -0.659136 0.308742 
 0.276256 -0.340924 -0.109126 
 -0.338874 -0.533921 -0.065474 
 0.248429 0.721752 0.059166 
 -0.198383 0.474352 0.033476 
 -0.292625 -0.333381 -0.124463 
 0.355188 -0.267452 -0.105678 
 -0.074065 -0.446487 0.132356 
 -0.369633 -0.084940 0.095294 
 -0.085202 0.045677 0.061419 
 0.136430 -0.133064 -0.263232 
 -0.256908 -0.492634 -0.064508 
 0.151431 -0.211307 -0.227379 
 -0.221050 -0.110011 0.075072 
 -0.161204 0.250850 0.086693 
 -0.004329 -0.256439 -0.220343 
 -0.289446 0.119164 0.010191 
 0.151832 -0.084089 -0.249421 
 -0.399269 -0.537871 -0.065424 
 -0.380973 -0.475178 -0.088174 
 -0.192005 -0.560146 -0.004301 
 -0.166421 -0.641301 0.089607 
 0.266321 -0.497005 0.191641 
 0.311026 0.921481 0.114652 
 -0.274320 0.925203 0.091674 
 -0.245145 0.691342 0.003545 
 -0.295077 0.341646 -0.027602 
 