-0.097277 -0.490873 -0.038529 
 -0.242113 -0.581727 -0.099319 
 0.311334 0.574984 0.070451 
 -0.048486 -0.650904 0.086587 
 -0.323402 -0.144025 -0.102266 
 0.416281 0.620079 0.113140 
 -0.335904 0.368906 -0.041241 
 0.273425 -0.065436 -0.270572 
 0.081250 -0.760675 0.253118 
 -0.237605 -0.691032 0.021068 
 -0.214634 0.580341 0.037201 
 -0.019249 -0.744081 0.137047 
 0.084790 -0.769485 0.278874 
 -0.175426 0.014653 0.007724 
 -0.065303 -0.507359 0.098835 
 0.239103 0.557388 0.037317 
 0.242331 0.087543 -0.191653 
 -0.152479 -0.629384 0.018130 
 -0.153426 -0.431232 -0.146368 
 0.019142 -0.729594 0.137017 
 -0.204580 -0.184592 -0.100770 
 -0.290042 0.855692 0.036743 
 0.022837 -0.571974 0.077306 
 0.097195 -0.734222 0.269310 
 -0.376111 -0.210803 -0.068555 
 -0.064869 -0.418500 -0.008770 
 -0.055669 -0.380096 -0.046095 
 -0.148012 0.133793 0.030123 
 -0.178964 -0.184274 -0.111628 
 0.254780 0.488044 0.085410 
 0.289454 -0.269913 -0.307352 
 0.474807 0.748075 0.105922 
 -0.268552 0.356452 -0.004454 
 0.472734 0.720094 0.100155 
 -0.329744 0.750306 -0.112608 
 0.051833 -0.546230 0.099572 
 0.263089 -0.350082 0.165882 
 -0.246806 0.275910 -0.004743 
 -0.085616 -0.701839 0.105677 
 -0.236487 0.846036 0.067224 
 -0.168791 0.080921 -0.014001 
 -0.152098 0.149152 0.041003 
 -0.020237 -0.462643 0.095728 
 0.170869 -0.547209 0.216474 
 0.265788 0.455463 0.086729 
 0.326054 -0.014692 -0.159677 
 0.047457 0.022541 0.125544 
 -0.384565 -0.162349 -0.066851 
 0.264785 -0.386082 0.186004 
 0.172811 -0.464548 0.132571 
 -0.217179 0.350898 -0.000407 
 0.278703 -0.322152 0.179058 
 -0.179223 -0.189382 -0.086505 
 0.269618 0.501716 0.095544 
 -0.344031 0.705643 -0.103136 
 -0.254642 0.009163 -0.013870 
 0.005460 -0.727299 0.129538 
 0.042563 0.181691 0.122522 
 0.181108 -0.093838 -0.328360 
 -0.276736 0.469166 -0.016152 
 -0.066533 -0.398360 -0.031098 
 -0.332633 0.414638 -0.032259 
 -0.079925 -0.037684 0.078864 
 0.272782 -0.254807 -0.301047 
 -0.143174 -0.588678 -0.019401 
 0.032301 -0.733750 0.144478 
 0.260670 -0.063148 -0.277049 
 -0.331631 0.654404 -0.080479 
 0.215179 0.544089 0.047079 
 0.152787 0.334288 0.063502 
 -0.129445 -0.509926 -0.084470 
 -0.292206 0.407279 -0.010846 
 -0.087958 -0.494676 -0.022178 
 0.115261 0.372700 0.047712 
 -0.184620 -0.633568 -0.025435 
 0.041439 0.166084 0.120950 
 0.167805 0.458339 0.043762 
 0.091170 0.357344 0.055966 
 -0.174516 -0.144008 -0.077474 
 -0.133844 0.022468 0.031553 
 -0.049351 0.178772 0.094370 
 -0.227845 -0.466446 -0.182937 
 0.181129 -0.092483 -0.328355 
 -0.104731 -0.101416 0.103004 
 -0.199603 -0.609728 -0.055007 
 -0.310059 0.348234 -0.029554 
 0.055002 -0.448560 0.092783 
 0.217313 -0.476570 0.180857 
 -0.098169 0.139357 0.071675 
 0.297941 -0.145460 -0.013102 
 0.420370 0.666098 0.087106 
 0.423561 0.711760 0.095013 
 -0.206764 -0.041277 -0.019060 
 -0.123532 -0.434219 -0.069473 
 0.096246 -0.734198 0.266790 
 -0.269244 0.657196 -0.030663 
 0.299006 -0.121326 -0.142952 
 0.230318 0.034411 -0.219295 
 0.489646 0.788835 0.121622 
 -0.254945 0.244688 -0.001776 
 0.282119 0.497620 0.102710 
 -0.224347 -0.407759 -0.233778 
 0.044193 0.230828 0.105830 
 -0.132997 -0.063334 0.067867 
 -0.199377 0.562061 0.067086 
 -0.168812 -0.133916 -0.049224 
 -0.347197 0.401746 -0.042573 
 0.201385 -0.155740 -0.387830 
 0.196999 -0.322840 0.131798 
 0.106437 -0.438094 0.099089 
 -0.166888 0.062793 0.007742 
 0.384017 0.655525 0.087374 
 -0.194638 0.435971 0.049694 
 -0.048442 -0.650897 0.084530 
 -0.319678 0.621843 -0.078166 
 -0.081672 -0.535711 0.085278 
 -0.079906 -0.088390 0.096596 
 0.012478 -0.810706 0.194027 
 0.302222 0.683848 0.057780 
 0.346315 0.036099 -0.115643 
 0.324046 0.620474 0.060831 
 -0.110304 -0.719688 0.113055 
 0.444873 0.824851 0.126251 
 0.029388 -0.480132 0.096787 
 -0.170502 -0.453144 -0.184636 
 -0.282478 -0.521653 -0.137478 
 0.357960 0.660190 0.075391 
 0.022555 0.092638 0.099271 
 -0.201856 0.378832 0.012928 
 -0.047138 -0.506406 0.097263 
 0.311941 0.053366 -0.108364 
 0.074305 -0.672965 0.154131 
 0.143601 0.490734 0.034258 
 0.195002 0.308346 0.104513 
 -0.332754 0.637755 -0.082508 
 -0.238217 0.632645 0.031509 
 -0.318013 -0.520420 -0.134582 
 0.296343 -0.166744 0.018631 
 -0.105270 -0.103749 0.102985 
 -0.305978 0.634539 -0.070308 
 -0.127488 -0.531273 -0.061989 
 0.295564 -0.198047 -0.057512 
 -0.008938 0.170520 0.115790 
 0.292188 -0.029302 -0.229321 
 -0.068264 0.104541 0.071307 
 0.420369 0.664955 0.086323 
 -0.330466 0.444311 -0.026252 
 -0.267174 0.672275 -0.028017 
 -0.250045 0.548112 -0.037273 
 -0.330212 0.444954 -0.026244 
 -0.262677 0.122833 -0.025827 
 -0.254766 0.820669 0.028300 
 -0.138811 -0.624603 0.062546 
 -0.350858 -0.627454 -0.083839 
 0.287698 -0.001603 -0.215373 
 0.338918 -0.016735 -0.153166 
 -0.281553 0.249698 -0.016516 
 -0.001472 -0.640923 0.102769 
 -0.011073 0.141099 0.108446 
 -0.316319 0.716120 -0.085605 
 -0.150147 -0.416193 -0.143343 
 -0.040200 0.116931 0.089048 
 0.204333 0.357435 0.072519 
 -0.162568 0.122080 0.020353 
 -0.325189 0.743796 -0.061659 
 -0.346204 0.674798 -0.108732 
 -0.223725 -0.647900 -0.025596 
 -0.359898 -0.653375 -0.044277 
 -0.165415 -0.119683 0.041757 
 -0.364663 0.827329 -0.059647 
 0.179027 0.378112 0.061040 
 -0.121888 0.189018 0.065951 
 0.137411 -0.566958 0.169371 
 -0.313627 0.906033 0.031044 
 -0.267070 0.837684 0.022925 
 -0.314710 0.591077 -0.067845 
 0.187885 -0.260408 0.137080 
 0.217098 -0.418694 0.129141 
 0.256931 -0.271841 0.173850 
 -0.169882 0.064573 -0.017643 
 0.260668 -0.064608 -0.278027 
 0.054545 0.262715 0.093196 
 0.230893 -0.479703 0.261451 
 0.168907 0.473205 0.044898 
 -0.312633 -0.215949 -0.143701 
 -0.257766 0.542607 0.006182 
 0.040165 0.135732 0.113547 
 0.234045 -0.143516 -0.319240 
 -0.150559 -0.416187 -0.143352 
 -0.309656 0.772593 -0.048757 
 -0.197591 -0.631133 -0.033726 
 -0.031336 -0.479929 0.110786 
 -0.229373 0.024196 -0.022277 
 -0.049941 0.053619 0.086120 
 -0.010299 0.030602 0.105237 
 -0.205540 0.284272 0.020351 
 -0.191083 -0.013532 -0.006412 
 -0.307060 -0.000177 -0.021604 
 -0.184016 -0.450743 -0.193286 
 0.184510 -0.549655 0.223277 
 -0.266615 -0.167583 -0.084564 
 -0.012192 0.125780 0.106777 
 0.001727 -0.527183 0.098449 
 -0.341406 -0.033918 0.000607 
 -0.008915 0.171515 0.115430 
 -0.111940 -0.681868 0.093740 
 -0.082583 -0.604109 0.098545 
 -0.118336 -0.101312 0.094411 
 0.284028 -0.189086 -0.103229 
 -0.137611 -0.139890 0.053594 
 -0.261480 0.495576 -0.002825 
 0.165259 0.229251 0.139759 
 -0.035664 0.000828 0.110078 
 -0.262056 0.448061 0.015793 
 -0.306942 -0.486651 -0.146202 
 0.257993 0.441825 0.093102 
 0.232915 0.383434 0.090754 
 0.281080 0.484247 0.099783 
 0.176788 0.396552 0.035426 
 -0.049655 0.053616 0.085599 
 0.055773 0.228450 0.113118 
 0.063480 -0.692338 0.168169 
 -0.317128 0.117286 -0.058320 
 -0.290182 0.553230 -0.059204 
 -0.191001 -0.584310 -0.094508 
 0.021383 -0.768811 0.156486 
 -0.169849 0.080940 -0.014664 
 -0.316329 0.715536 -0.085608 
 0.116386 0.335647 0.067497 
 0.288172 0.087502 -0.115445 
 0.279551 -0.149555 -0.147165 
 -0.320269 0.395875 -0.027904 
 -0.210859 -0.126392 -0.071296 
 0.194658 -0.368372 0.123467 
 -0.207049 0.453596 0.046708 
 -0.288382 0.691070 -0.048699 
 0.031113 0.263524 0.105912 
 0.146275 0.196501 0.161369 
 -0.048574 0.068845 0.089072 
 -0.185073 -0.022982 0.046098 
 0.318540 0.667210 0.052588 
 -0.333543 0.399324 -0.035261 
 -0.088046 -0.500699 0.074965 
 -0.303849 0.875680 0.006952 
 -0.180834 -0.640338 -0.000190 
 0.270876 -0.435827 0.193606 
 -0.321151 0.036924 -0.048198 
 -0.303598 -0.090419 -0.057562 
 -0.220873 0.425570 0.032705 
 -0.011385 0.015687 0.102230 
 -0.174926 -0.713815 0.100862 
 0.273437 -0.065361 -0.271053 
 -0.270358 -0.018946 -0.026994 
 -0.302378 0.455335 -0.010676 
 -0.334664 0.039988 -0.055588 
 0.278001 -0.159653 -0.246737 
 -0.387636 -0.208398 -0.074676 
 -0.302430 0.160584 -0.041962 
 0.093033 0.125439 0.142909 
 0.036487 -0.800959 0.221246 
 -0.384559 0.872595 -0.014686 
 0.090180 -0.643918 0.167029 
 -0.048477 -0.650903 0.086196 
 0.158842 -0.528122 0.139218 
 0.364163 0.628159 0.085156 
 -0.306782 0.394486 -0.020503 
 -0.194624 0.226821 0.078582 
 0.278705 -0.322152 0.178978 
 -0.254386 0.636672 0.000567 
 0.249183 -0.291869 -0.332590 
 0.323575 0.620483 0.060389 
 0.193724 -0.165401 -0.344667 
 -0.075474 -0.025881 0.107423 
 -0.124013 -0.434156 -0.069483 
 0.207033 -0.272125 -0.343370 
 -0.157847 -0.602623 -0.029750 
 -0.143172 -0.588416 -0.019309 
 -0.114497 0.221297 0.062038 
 0.285496 -0.257092 -0.292602 
 -0.194190 0.500218 0.036885 
 -0.383172 0.888397 -0.011681 
 -0.095887 -0.373540 -0.068078 
 -0.335770 0.023950 -0.058608 
 0.267753 0.011651 -0.201118 
 -0.188004 -0.590488 -0.069726 
 0.256347 -0.147221 -0.232602 
 -0.292630 -0.139545 -0.059208 
 0.098507 -0.611920 0.164031 
 -0.196311 -0.435075 -0.196236 
 -0.195236 -0.097644 -0.057953 
 -0.229521 0.537758 0.020903 
 -0.331219 0.444970 -0.026265 
 0.041691 -0.632899 0.128150 
 -0.288702 0.870859 0.039746 
 0.317480 -0.010912 -0.175929 
 -0.285459 0.580969 -0.029197 
 0.051392 -0.788546 0.231866 
 0.116770 -0.359468 0.105648 
 0.350724 -0.033550 -0.148853 
 -0.049540 0.003263 0.102678 
 -0.364230 0.827322 -0.059638 
 0.171215 -0.301868 0.120748 
 -0.250984 0.833283 0.055670 
 -0.219951 0.770731 0.014771 
 -0.318968 -0.018652 -0.005930 
 -0.316503 0.747914 -0.103416 
 -0.221379 -0.448183 -0.188792 
 -0.184032 -0.449948 -0.191917 
 0.194782 -0.284256 -0.351348 
 -0.226768 0.598468 0.032859 
 0.276807 -0.287566 0.159641 
 -0.151730 -0.036034 0.013782 
 -0.154503 -0.736337 0.121918 
 0.201327 -0.262159 0.144675 
 -0.065863 -0.507354 0.099970 
 -0.320530 0.086971 -0.064363 
 0.279863 0.067342 -0.173684 
 -0.068027 -0.538159 0.091846 
 0.410884 0.650838 0.102381 
 0.318561 0.558051 0.085140 
 0.158890 0.505267 0.044417 
 -0.099259 0.124177 0.068666 
 -0.254608 -0.461419 -0.196095 
 -0.128819 -0.458696 -0.100658 
 0.457371 0.691233 0.087299 
 0.061075 0.089826 0.093572 
 -0.061804 -0.080390 0.131915 
 -0.231011 0.118970 -0.019607 
 -0.268962 -0.177679 -0.112416 
 -0.141777 -0.185285 0.044504 
 -0.230317 0.318726 0.011630 
 0.308715 0.058126 -0.133897 
 -0.313784 0.908602 0.031049 
 -0.198102 -0.744464 0.096045 
 -0.256024 0.572905 0.012168 
 0.350430 0.615792 0.074643 
 -0.171871 0.160721 0.080223 
 -0.206642 0.501311 0.029556 
 0.326060 -0.014262 -0.159676 
 0.092760 0.175835 0.125029 
 -0.174736 -0.698383 0.103916 
 -0.362307 -0.594532 -0.084901 
 0.484588 0.700954 0.104333 
 0.221656 -0.439690 0.151925 
 -0.282557 0.374462 -0.008846 
 0.010412 0.061362 0.109491 
 0.225204 -0.061109 -0.273547 
 -0.250252 -0.643017 -0.040481 
 -0.301059 0.125766 -0.023301 
 -0.155630 -0.752802 0.118698 
 0.151562 0.231655 0.132288 
 0.183522 -0.238779 -0.347738 
 0.180045 -0.177483 -0.355550 
 -0.107003 -0.084078 0.080495 
 0.312213 -0.261685 -0.280119 
 0.187692 -0.168471 -0.397577 
 0.301572 0.464423 0.119795 
 0.272202 0.582606 0.047671 
 -0.126571 -0.794701 0.153704 
 0.267972 0.486891 0.091161 
 0.448925 0.751990 0.091777 
 0.173018 -0.054515 -0.363785 
 -0.307541 -0.538089 -0.129586 
 -0.372891 -0.193790 -0.065472 
 -0.218870 0.520199 0.025215 
 0.025796 0.138160 0.106181 
 -0.092288 0.030428 0.056742 
 -0.071575 -0.758883 0.129461 
 0.214166 0.529296 0.041921 
 -0.225686 -0.502393 -0.163878 
 -0.279961 -0.165164 -0.091926 
 0.103684 0.108532 0.147223 
 -0.245841 0.525340 0.010522 
 -0.232114 0.103758 -0.021995 
 -0.023642 -0.016863 0.114371 
 0.299299 0.592646 0.068316 
 -0.223216 -0.109306 -0.075646 
 0.232882 0.383428 0.092322 
 -0.297898 0.171573 -0.013658 
 0.270347 -0.108458 -0.279582 
 -0.185054 0.387927 0.048738 
 -0.177700 0.304811 0.075676 
 -0.238812 -0.136333 -0.088984 
 0.123673 0.319521 0.080840 
 -0.011746 -0.540107 0.088011 
 -0.141801 -0.754394 0.125483 
 0.270490 -0.436268 0.193597 
 -0.129075 0.208504 0.052486 
 0.232092 -0.102800 -0.300489 
 0.260910 0.629194 0.050612 
 -0.255633 -0.578344 -0.106093 
 -0.170091 -0.548387 -0.115438 
 -0.184053 -0.450749 -0.191509 
 -0.252844 0.384815 0.006434 
 0.286093 -0.159750 -0.095641 
 -0.330838 0.894594 -0.004742 
 -0.097412 0.077315 0.050562 
 -0.034798 0.241700 0.087440 
 0.321582 0.492652 0.124272 
 0.280578 0.469677 0.096863 
 0.010368 0.058521 0.109480 
 -0.218380 0.725029 -0.003271 
 0.185681 -0.105641 -0.340256 
 -0.036077 0.000576 0.110069 
 0.224472 -0.342868 0.144169 
 0.234551 -0.247928 -0.322141 
 0.269116 -0.169763 -0.265717 
 0.387746 0.760950 0.083534 
 0.408456 0.682483 0.082129 
 0.123070 0.206302 0.110867 
 -0.220617 -0.039143 -0.026442 
 -0.198213 -0.206675 0.008967 
 0.322164 0.080617 -0.086270 
 0.177534 -0.583434 0.226996 
 0.192630 -0.383530 0.120932 
 0.043554 -0.769393 0.218322 
 -0.233771 -0.036725 -0.033809 
 -0.180491 0.239701 0.089092 
 0.362594 0.613466 0.081745 
 0.258336 -0.128701 -0.326528 
 -0.110599 -0.436629 -0.061088 
 -0.016563 0.065040 0.095442 
 0.382932 0.640837 0.086003 
 0.061369 0.327620 0.070414 
 0.332725 0.508088 0.108421 
 0.120536 0.289544 0.075090 
 -0.238529 0.086217 -0.017115 
 -0.075367 -0.076820 0.123925 
 0.244192 0.046874 -0.209416 
 -0.040129 -0.601579 0.086473 
 -0.135106 -0.042939 0.046253 
 -0.290970 -0.635680 -0.061664 
 0.281079 -0.180184 -0.224271 
 0.072251 -0.758365 0.236468 
 0.234316 0.350761 0.112801 
 0.224902 -0.201924 -0.320386 
 0.097283 0.275360 0.081392 
 0.213807 -0.294933 0.145805 
 0.249646 -0.347707 0.158824 
 0.434357 0.678407 0.098564 
 -0.320084 0.412131 -0.024914 
 -0.301335 0.470539 -0.005510 
 -0.256611 -0.195580 -0.108322 
 -0.306917 -0.486349 -0.147123 
 -0.171690 0.211786 0.064951 
 -0.154169 -0.410426 -0.169081 
 0.263124 -0.209659 -0.299486 
 -0.337154 0.941184 0.022373 
 -0.183999 -0.132060 -0.056608 
 0.277493 0.118995 -0.118019 
 -0.167766 -0.626908 0.010266 
 0.458892 0.835861 0.135223 
 -0.167990 0.046816 0.004734 
 -0.062097 0.071262 0.083326 
 -0.115251 0.030665 0.068747 
 -0.150309 -0.399830 -0.140387 
 -0.022443 0.224496 0.091790 
 0.132883 -0.508938 0.127027 
 -0.064466 0.005715 0.095255 
 -0.290205 0.856055 0.036740 
 -0.259693 0.561016 -0.016234 
 0.218272 -0.288804 -0.337455 
 -0.147347 0.025714 0.025484 
 -0.333786 0.624257 -0.086580 
 -0.007823 0.187388 0.118801 
 0.306894 -0.187084 -0.040271 
 -0.261943 0.530200 -0.022217 
 0.193247 -0.434828 0.137547 
 0.151558 0.367162 0.043667 
 -0.214135 -0.607102 -0.062439 
 -0.280921 0.374895 -0.008810 
 -0.020193 -0.460922 0.094938 
 0.186944 0.471370 0.044302 
 0.177122 0.260038 0.126997 
 0.365229 0.642864 0.087434 
 -0.178640 -0.106077 -0.025315 
 0.290495 -0.235087 -0.263159 
 0.286226 -0.067717 -0.266264 
 -0.109608 0.081962 0.043231 
 -0.265163 -0.167604 -0.084968 
 0.255092 -0.271071 0.173814 
 -0.386669 -0.208409 -0.075922 
 0.317172 -0.212231 -0.073844 
 -0.364518 -0.625979 -0.091301 
 -0.304702 0.507717 -0.050183 
 0.264974 -0.386084 0.185765 
 0.103063 0.387588 0.043423 
 0.361037 0.584052 0.075947 
 0.304915 -0.187057 -0.039064 
 -0.153434 0.058821 0.014788 
 -0.011011 0.015880 0.102239 
 0.324338 -0.219844 -0.191793 
 0.232707 -0.516663 0.208029 
 0.027554 0.168509 0.112167 
 0.324376 -0.219838 -0.193568 
 -0.203880 0.114129 -0.005339 
 -0.162505 -0.493310 -0.149387 
 0.162792 -0.595236 0.217071 
 0.192481 0.327135 0.084917 
 -0.134145 -0.181033 0.098456 
 0.279208 -0.122979 -0.203677 
 -0.177878 -0.067168 0.018037 
 -0.347020 -0.516584 -0.149412 
 0.150231 0.314749 0.095530 
 -0.306340 0.285520 -0.025244 
 0.374488 0.581707 0.083074 
 -0.149624 -0.681232 0.097585 
 -0.324498 -0.159371 -0.105134 
 0.280607 0.010481 -0.194272 
 0.255702 -0.157025 -0.332202 
 0.338530 -0.087972 -0.175981 
 0.277914 -0.270934 0.162636 
 -0.345579 -0.049259 -0.001609 
 0.270612 -0.290881 -0.343836 
 0.342475 -0.059025 -0.170436 
 -0.235110 -0.759213 0.095699 
 0.243626 0.399587 0.075595 
 0.363108 0.613456 0.082315 
 -0.266000 0.702476 -0.021726 
 -0.230123 0.784561 0.035934 
 -0.208256 0.128519 0.006665 
 -0.072632 0.044301 0.059288 
 -0.282091 0.198949 -0.000232 
 0.094473 -0.472344 0.111295 
 -0.141678 -0.185801 0.044505 
 0.165392 -0.504493 0.170980 
 -0.357993 -0.608936 -0.097037 
 -0.140713 -0.738817 0.129932 
 -0.275325 0.533855 -0.029539 
 -0.345022 0.656796 -0.085818 
 0.218874 -0.337747 0.118378 
 -0.194320 0.724915 -0.014148 
 0.239483 -0.034536 -0.261036 
 -0.193298 -0.043997 -0.010829 
 0.038749 -0.595906 0.108626 
 -0.148456 0.009377 0.022471 
 -0.207601 0.143618 0.009665 
 0.239509 -0.297256 0.160480 
 0.278064 -0.330583 -0.370471 
 -0.214819 -0.022747 -0.032409 
 -0.322412 0.237535 -0.016415 
 -0.240421 0.600360 0.025507 
 0.158256 -0.081788 -0.376332 
 -0.320288 0.396900 -0.026257 
 -0.323121 0.849068 -0.031779 
 0.172798 -0.464550 0.133182 
 0.151571 0.367852 0.043573 
 0.349640 0.031167 -0.090062 
 0.264162 -0.334913 0.169576 
 0.031012 0.149034 0.134894 
 0.216412 -0.306628 -0.402241 
 -0.286402 0.153889 -0.009302 
 0.290870 -0.233611 -0.263146 
 0.194810 -0.353186 0.126602 
 0.349661 0.032526 -0.090057 
 0.376891 0.792570 0.081449 
 0.053638 0.199784 0.107145 
 -0.062075 0.070585 0.081758 
 -0.334806 0.384117 -0.038632 
 0.154679 0.461595 0.035591 
 0.119940 -0.558406 0.135013 
 -0.305573 0.114893 -0.050987 
 -0.014001 -0.623090 0.098566 
 -0.112750 0.126492 0.061291 
 -0.125937 -0.413295 -0.091363 
 0.302129 0.097651 -0.106788 
 0.148119 -0.547955 0.154486 
 0.164133 -0.460431 0.116425 
 0.051660 0.119042 0.117880 
 -0.265165 0.486679 -0.031179 
 -0.108549 -0.456732 -0.039879 
 -0.034496 -0.706028 0.110217 
 -0.266953 0.262338 -0.007220 
 0.239496 -0.299737 0.159246 
 -0.165828 0.076120 0.010740 
 0.138984 -0.588450 0.192405 
 -0.122898 -0.419036 -0.067894 
 -0.254879 0.572938 0.012192 
 0.008160 -0.584467 0.068271 
 -0.045378 -0.778597 0.141423 
 0.241090 -0.019946 -0.258173 
 0.111920 -0.659711 0.225294 
 -0.170914 -0.125003 -0.011966 
 0.279707 0.517523 0.077743 
 -0.263029 0.514934 -0.025207 
 -0.316160 0.148286 -0.052326 
 0.079491 -0.431201 0.084348 
 -0.081685 -0.535391 0.085279 
 -0.095101 -0.460062 -0.032083 
 0.176564 0.196704 0.140938 
 0.327866 -0.071196 -0.180328 
 0.416757 0.633515 0.116029 
 -0.326368 0.720481 -0.127108 
 -0.251678 0.633642 0.024214 
 -0.373422 -0.210845 -0.068498 
 -0.115614 -0.019857 0.085195 
 -0.192105 0.514976 0.039903 
 -0.117373 -0.019829 0.085158 
 0.280296 0.532323 0.082659 
 0.384638 0.717024 0.073012 
 -0.094021 -0.570181 0.096271 
 0.183204 -0.063797 -0.323371 
 -0.197587 -0.629681 -0.032848 
 0.182479 -0.335598 0.121328 
 0.283071 -0.112024 -0.272619 
 -0.126604 -0.479736 -0.078462 
 -0.164000 -0.558661 -0.074160 
 0.009836 -0.787074 0.171496 
 0.494039 0.832637 0.128789 
 -0.128559 -0.545668 -0.065274 
 0.191737 -0.112310 -0.384704 
 -0.045197 -0.778603 0.142296 
 -0.102530 -0.073064 0.109061 
 0.281853 0.010461 -0.194072 
 -0.084550 -0.485335 0.004113 
 0.163575 0.398908 0.030692 
 -0.230488 0.008063 -0.024785 
 -0.047386 -0.635499 0.089780 
 -0.137393 -0.124146 0.056601 
 0.165878 -0.616868 0.238373 
 0.175683 -0.434100 0.138986 
 0.158231 -0.081792 -0.375123 
 -0.304624 0.423557 -0.014530 
 0.186737 -0.169461 -0.397600 
 0.410021 0.650853 0.101806 
 0.231333 -0.138464 -0.343034 
 0.214951 -0.279763 0.148804 
 0.207354 -0.293832 -0.381376 
 -0.139926 -0.594859 0.005198 
 -0.109210 -0.757310 0.134518 
 -0.125915 -0.413291 -0.092407 
 0.285501 -0.133599 -0.152886 
 -0.158740 -0.646765 0.023631 
 0.297499 -0.160271 -0.015789 
 0.493628 0.771604 0.144882 
 0.299355 0.593457 0.066232 
 -0.052669 -0.584972 0.081846 
 -0.132961 0.002588 0.055279 
 -0.333926 -0.481507 -0.160398 
 -0.306660 0.511066 -0.075453 
 -0.181948 -0.076873 -0.011522 
 -0.187792 -0.156752 -0.087797 
 0.475248 0.747317 0.105929 
 -0.167767 -0.165615 0.030888 
 -0.117802 0.174473 0.053867 
 -0.254751 0.820245 0.027261 
 0.326684 -0.014438 -0.159663 
 -0.302127 0.537977 -0.044822 
 -0.254808 0.668527 -0.020734 
 0.139271 0.448231 0.025433 
 0.342608 0.523304 0.092528 
 0.168891 0.473202 0.045647 
 -0.264436 0.835694 0.049016 
 0.229296 -0.251619 0.162118 
 0.075073 0.291263 0.096260 
 -0.079894 -0.088388 0.096017 
 0.250772 -0.347686 0.158848 
 -0.295240 0.016446 -0.034700 
 0.276127 -0.051070 -0.268176 
 0.258029 0.057071 -0.199546 
 -0.288499 0.677338 -0.051653 
 0.305254 -0.008613 -0.184131 
 -0.127492 -0.531938 -0.062275 
 0.037878 -0.611253 0.104690 
 -0.334800 0.384118 -0.038902 
 -0.288301 0.501932 -0.018853 
 -0.231645 -0.081176 -0.054007 
 0.217625 -0.150088 -0.353019 
 -0.249831 0.119440 -0.018470 
 -0.191363 0.481603 0.058368 
 0.033855 -0.721172 0.147529 
 -0.338705 0.780042 -0.088288 
 0.363155 0.613464 0.080084 
 0.239073 0.557383 0.038771 
 -0.229174 0.568130 0.026859 
 0.277863 -0.222289 0.071291 
 -0.106971 -0.134452 0.097141 
 -0.375364 0.842334 -0.038678 
 -0.279169 -0.616741 -0.077439 
 0.254846 -0.297450 -0.378663 
 0.220202 -0.439405 0.151895 
 0.322085 0.711245 0.063551 
 0.066832 -0.600804 0.123506 
 0.088252 -0.729756 0.250151 
 -0.210818 -0.742131 0.088524 
 0.119656 -0.618694 0.188465 
 0.093223 -0.501667 0.105285 
 0.292237 -0.027379 -0.230221 
 -0.329924 0.576255 -0.078159 
 0.086237 0.085037 0.108191 
 0.292446 0.562754 0.069288 
 0.513302 0.740358 0.127127 
 -0.111929 -0.681195 0.093743 
 0.165254 0.228762 0.139592 
 0.099619 0.256321 0.104697 
 -0.050418 0.213117 0.074098 
 0.328150 0.014589 -0.154601 
 0.228203 -0.266985 0.159239 
 0.428616 0.768595 0.106599 
 -0.172128 -0.489113 -0.165600 
 0.253218 -0.073974 -0.296931 
 -0.149770 -0.510807 -0.146321 
 -0.320474 0.236751 -0.016377 
 0.035192 0.027072 0.118212 
 0.412537 0.712330 0.087959 
 -0.302467 0.570780 -0.063529 
 0.290712 -0.210729 -0.223003 
 0.053590 0.196698 0.107134 
 0.061763 -0.655986 0.149062 
 -0.315854 0.697236 -0.063309 
 0.023540 -0.790951 0.180033 
 -0.147659 -0.075647 0.058264 
 0.251239 -0.263059 -0.326776 
 -0.306416 -0.762943 0.054773 
 0.163544 0.263398 0.119715 
 -0.136704 0.101843 0.031480 
 -0.291922 0.062306 -0.027380 
 0.067458 -0.466254 0.095875 
 -0.221395 -0.449158 -0.188796 
 0.289738 0.639219 0.067834 
 0.302020 0.464413 0.120608 
 0.026946 0.153330 0.109178 
 -0.253167 0.802500 0.049782 
 -0.342246 -0.018502 0.003605 
 -0.211159 0.233344 0.044684 
 -0.260156 0.561024 -0.016244 
 -0.304326 0.507708 -0.049331 
 -0.215038 -0.584851 -0.084527 
 0.250421 -0.207042 -0.308180 
 0.268808 0.027219 -0.198251 
 0.006822 -0.660719 0.116200 
 -0.326234 0.730985 -0.064629 
 0.226990 -0.458998 0.165440 
 0.216425 -0.305831 -0.402238 
 -0.119466 -0.117070 0.092531 
 -0.274262 0.548291 -0.026109 
 0.248797 -0.117712 -0.305479 
 -0.271776 0.313601 -0.013459 
 0.279359 0.564896 0.062626 
 0.165721 0.430161 0.036917 
 -0.318301 -0.557035 -0.115641 
 -0.220761 0.770743 0.014754 
 0.164784 0.365485 0.049934 
 0.445785 0.708081 0.083120 
 -0.319246 0.102072 -0.061350 
 0.416866 0.800873 0.105280 
 0.106720 -0.668837 0.197136 
 0.167814 0.458341 0.043323 
 0.250052 0.661022 0.049301 
 -0.259427 0.293867 -0.009107 
 0.290661 0.036023 -0.173725 
 -0.219443 0.711024 -0.006245 
 -0.319091 -0.742231 0.050306 
 -0.012500 0.206123 0.096085 
 -0.176652 0.285621 0.096758 
 0.383566 0.702376 0.071252 
 -0.191002 0.295662 0.030716 
 0.472696 0.718114 0.100462 
 -0.077294 -0.042451 0.104379 
 0.189175 -0.486846 0.163055 
 -0.264083 -0.152395 -0.081501 
 0.417319 0.633834 0.116042 
 -0.301629 0.770052 -0.032066 
 -0.079511 -0.460641 0.037549 
 -0.191039 -0.587238 -0.094890 
 0.340339 -0.073495 -0.173321 
 -0.239265 0.697152 -0.007460 
 -0.081707 -0.536806 0.085273 
 -0.295635 0.251960 -0.023902 
 0.176069 0.246564 0.124032 
 0.192164 -0.450118 0.134159 
 -0.325184 0.923605 0.026713 
 0.372690 0.733994 0.070113 
 -0.259252 -0.189273 -0.133422 
 -0.237727 -0.121819 -0.086426 
 0.211783 -0.024519 -0.300202 
 0.207384 -0.291894 -0.381329 
 0.238022 -0.260764 -0.333880 
 -0.185514 -0.399891 -0.208058 
 0.150506 0.265812 0.112442 
 0.235570 -0.234026 -0.319108 
 0.301799 -0.106769 -0.140034 
 0.310257 0.096344 -0.090461 
 0.411250 0.697691 0.085060 
 -0.151440 -0.416178 -0.141861 
 -0.281525 0.251469 -0.016510 
 0.293272 -0.178141 -0.084058 
 0.279300 -0.330602 -0.370445 
 0.402183 0.606295 0.103112 
 0.272137 0.582596 0.050765 
 -0.091178 -0.106200 0.110555 
 -0.172399 0.009858 0.033112 
 -0.137243 -0.601048 0.031268 
 0.003760 -0.511851 0.101500 
 0.084689 -0.400227 0.081214 
 -0.323741 0.835222 -0.034747 
 -0.287349 0.782741 -0.020560 
 -0.302829 0.754964 -0.036150 
 0.040750 -0.513184 0.098298 
 -0.264123 -0.640564 -0.047936 
 0.277724 -0.231311 -0.269482 
 -0.345159 0.674783 -0.109057 
 0.180479 -0.281942 -0.358588 
 -0.288060 0.707513 -0.045733 
 -0.288411 0.692428 -0.048695 
 0.202377 -0.143480 -0.385014 
 0.147432 0.181333 0.158289 
 0.199638 -0.157429 -0.387872 
 0.065454 -0.429926 0.076959 
 0.263462 -0.104995 -0.295660 
 0.107969 -0.421980 0.102110 
 0.179019 0.377640 0.061038 
 0.272056 -0.312705 -0.383626 
 -0.019187 -0.745929 0.137042 
 -0.163105 -0.523520 -0.155319 
 -0.193252 0.739391 -0.011180 
 -0.309142 0.204535 -0.014279 
 0.002376 0.139073 0.117148 
 0.223878 -0.216857 -0.323949 
 0.210632 -0.109648 -0.326349 
 -0.073265 -0.466624 -0.008807 
 0.079626 0.129762 0.135570 
 -0.191367 0.482709 0.059422 
 -0.217274 0.741754 -0.000286 
 0.164967 -0.504370 0.170972 
 0.107751 0.448322 0.055239 
 0.027132 0.103413 0.125965 
 -0.178947 -0.080885 0.015026 
 -0.193509 0.435950 0.050426 
 -0.183517 -0.193802 0.019243 
 -0.134968 0.007232 0.030126 
 -0.293770 0.616332 -0.063588 
 -0.209995 -0.394012 -0.222532 
 0.263311 0.643910 0.054968 
 0.176079 0.245967 0.124030 
 -0.222569 0.425596 0.032670 
 -0.220241 -0.039146 -0.027213 
 0.356950 0.645514 0.070543 
 -0.235228 0.133228 -0.008436 
 0.401438 0.606452 0.103096 
 0.376631 0.596392 0.086002 
 0.145090 -0.511349 0.134810 
 -0.218200 0.316727 0.018968 
 -0.277389 -0.125836 -0.048782 
 -0.223889 -0.694537 0.027642 
 0.278522 0.067362 -0.173470 
 0.276489 -0.354546 0.173508 
 -0.078354 -0.416940 -0.016138 
 0.280519 0.067331 -0.173428 
 -0.180559 -0.184248 -0.112011 
 -0.265995 0.702342 -0.022074 
 0.111065 -0.735566 0.274359 
 0.239528 0.461929 0.072439 
 0.072652 0.325260 0.077651 
 0.077683 -0.514761 0.094856 
 -0.280453 0.029291 -0.026018 
 -0.122582 -0.419046 -0.066478 
 0.324065 0.089694 -0.057818 
 0.121599 0.304540 0.078052 
 -0.346421 0.867785 -0.016653 
 0.310456 -0.233019 -0.202674 
 -0.291378 0.112139 -0.043599 
 -0.220791 0.070921 -0.022075 
 0.256331 -0.146586 -0.231346 
 -0.351991 0.824940 -0.052739 
 -0.196743 0.265423 0.033781 
 0.132128 -0.493643 0.130422 
 0.195907 -0.337507 0.129444 
 -0.331810 0.687086 -0.098831 
 -0.267490 0.657170 -0.030982 
 0.313130 0.651665 0.059088 
 0.456828 0.808727 0.129444 
 -0.003073 0.062850 0.102122 
 -0.178894 -0.184275 -0.111627 
 0.167753 -0.279649 -0.366456 
 -0.233739 -0.036270 -0.033807 
 -0.220530 0.695510 -0.009185 
 -0.296408 -0.147655 -0.087372 
 0.337474 0.570877 0.083847 
 0.279351 0.564434 0.062625 
 0.364140 0.628155 0.086222 
 0.239100 0.558454 0.038274 
 -0.298728 0.583370 -0.035223 
 0.199064 0.455825 0.047885 
 -0.274009 0.280752 -0.018699 
 -0.226061 0.270305 0.018985 
 0.273540 0.391216 0.116590 
 0.103919 0.354970 0.063206 
 -0.211571 -0.562382 -0.115873 
 0.221677 -0.358615 0.141133 
 0.256668 -0.142649 0.073003 
 -0.287648 0.550702 -0.034215 
 0.191013 0.423913 0.051279 
 0.355530 0.677323 0.050874 
 -0.062130 -0.648732 0.078888 
 0.263525 -0.265337 -0.319963 
 0.297873 -0.084407 -0.258921 
 -0.061701 0.246079 0.073762 
 -0.215752 0.565709 0.036125 
 0.283987 -0.189092 -0.101264 
 0.036463 -0.802487 0.221241 
 0.294246 0.483389 0.106973 
 0.141090 0.336616 0.056301 
 0.301690 0.099778 -0.106790 
 -0.341464 0.792362 -0.051024 
 0.262096 -0.223917 -0.302329 
 -0.100348 0.108996 0.065651 
 -0.141765 -0.754389 0.123783 
 -0.100344 0.109283 0.065658 
 0.276907 -0.228992 0.107977 
 0.305841 0.512801 0.095994 
 -0.139841 0.146744 0.049527 
 -0.348222 0.611581 -0.096583 
 -0.078361 -0.417428 -0.016140 
 0.126749 -0.646689 0.235563 
 -0.008938 0.171512 0.116515 
 0.203404 -0.211761 -0.346229 
 0.153287 0.246718 0.135280 
 -0.207959 -0.041552 -0.019086 
 0.189761 -0.600131 0.231409 
 0.236029 -0.114786 -0.310038 
 -0.194643 0.225738 0.078663 
 -0.244408 0.306328 0.001272 
 -0.266567 0.077155 -0.035333 
 0.023885 0.058984 0.116855 
 0.026947 0.153412 0.109180 
 0.284760 -0.082108 -0.266937 
 0.228085 -0.321496 -0.398677 
 -0.062081 0.070219 0.081757 
 -0.277889 0.110034 -0.035971 
 -0.329491 0.684520 -0.073568 
 0.475839 0.761843 0.108804 
 0.046925 0.280988 0.079858 
 -0.274028 0.280749 -0.017783 
 0.193770 -0.165403 -0.344222 
 0.085427 -0.769496 0.279283 
 0.048659 -0.705331 0.159292 
 0.028891 0.008619 0.124348 
 0.247523 0.346940 0.120028 
 0.082258 -0.468706 0.103933 
 -0.121822 -0.403866 -0.064412 
 0.080997 -0.417135 0.087362 
 -0.082490 -0.376334 -0.060752 
 0.363106 0.612602 0.081752 
 0.198024 -0.307679 0.137774 
 -0.207568 0.053277 -0.017345 
 0.178875 0.426264 0.043251 
 0.364192 0.628163 0.083760 
 0.037421 -0.543781 0.092142 
 -0.230245 0.552956 0.024278 
 0.239271 0.509779 0.055819 
 0.192792 -0.179766 -0.349537 
 -0.295103 -0.556154 -0.125871 
 -0.077669 -0.056688 0.101374 
 0.248816 -0.362845 0.155832 
 0.331171 0.508113 0.108389 
 -0.215486 -0.667702 -0.014059 
 -0.177857 -0.066485 0.017549 
 0.278719 -0.322150 0.178318 
 -0.308652 0.863014 -0.021486 
 0.121014 -0.543101 0.139107 
 0.092950 -0.435547 0.091715 
 0.325463 0.587963 0.080170 
 0.263714 -0.034380 -0.272314 
 -0.196572 0.245819 0.056194 
 0.286161 -0.067727 -0.263187 
 0.072943 0.087443 0.100867 
 -0.163654 0.106286 0.016750 
 0.188033 0.486944 0.046561 
 -0.344982 0.416939 -0.039600 
 -0.295977 0.878563 0.146772 
 0.049530 -0.689877 0.161115 
 0.193781 -0.165297 -0.344666 
 -0.344338 -0.609559 -0.089581 
 0.239254 0.509776 0.056582 
 0.130720 -0.721243 0.275831 
 0.193394 -0.554549 0.240544 
 -0.232791 -0.096992 -0.054781 
 -0.238483 0.089169 -0.017104 
 0.152775 0.333523 0.063499 
 -0.107336 -0.391115 -0.052260 
 -0.186454 0.432231 0.066842 
 -0.256912 0.790408 0.021316 
 -0.065965 -0.434126 -0.011777 
 0.240574 -0.299759 0.160494 
 0.194304 -0.269833 -0.351060 
 -0.183576 -0.193804 0.020200 
 0.334127 0.062546 -0.082087 
 -0.085780 0.121195 0.076038 
 -0.133167 -0.466701 -0.128794 
 -0.260516 0.278709 -0.012112 
 -0.096138 -0.490499 -0.038504 
 -0.080166 -0.475510 0.034535 
 -0.105690 -0.537926 -0.038901 
 -0.076588 -0.042371 0.104394 
 0.317151 -0.213517 -0.073803 
 -0.123190 -0.701685 0.107139 
 0.304494 0.046789 -0.162265 
 0.483544 0.686580 0.101535 
 -0.150873 -0.525903 -0.148301 
 -0.264074 -0.152394 -0.081938 
 -0.213394 0.202798 0.040921 
 -0.014908 -0.805322 0.178962 
 -0.303906 0.476142 -0.030843 
 0.243085 -0.174522 -0.316868 
 -0.353808 -0.121192 -0.043870 
 0.087653 0.100164 0.111188 
 0.227096 0.559716 0.031145 
 0.427698 0.768604 0.108022 
 0.268062 0.085082 -0.177596 
 -0.274008 0.548288 -0.026547 
 0.178130 -0.396283 0.109449 
 -0.051489 0.150011 0.087695 
 -0.149842 -0.495700 -0.142094 
 0.100045 -0.402677 0.088593 
 0.262688 -0.090595 -0.292859 
 -0.302453 0.571689 -0.063526 
 0.081448 -0.762901 0.253114 
 0.123684 0.319523 0.080295 
 0.018626 -0.679300 0.120597 
 -0.277039 0.469175 -0.017455 
 -0.215544 0.172267 0.033141 
 -0.262735 0.748727 -0.013123 
 0.217626 -0.150513 -0.353367 
 0.210969 0.484893 0.033945 
 -0.360903 0.855061 -0.027184 
 0.167735 -0.279243 -0.365315 
 -0.306933 0.235077 -0.009313 
 0.227105 -0.282159 0.156820 
 -0.246512 0.166114 -0.010879 
 0.178056 -0.126326 -0.396036 
 -0.302275 0.888463 0.035372 
 0.074325 -0.672580 0.153482 
 -0.079481 -0.504899 0.091219 
 0.214377 -0.455561 0.158088 
 -0.080592 -0.520306 0.088541 
 -0.233039 0.163688 -0.002805 
 -0.238809 -0.136989 -0.089658 
 -0.167080 -0.114731 0.016394 
 -0.190312 -0.049670 0.013660 
 -0.186626 0.342270 0.039759 
 0.219968 0.337312 0.104284 
 -0.220811 0.070918 -0.021156 
 0.163593 0.398911 0.029872 
 -0.156387 -0.440505 -0.171987 
 -0.289043 -0.725105 0.034399 
 -0.345284 0.882926 -0.016205 
 0.274469 -0.051044 -0.268347 
 -0.249413 0.743359 -0.005826 
 -0.096177 -0.475005 -0.035522 
 -0.004096 -0.786006 0.163972 
 -0.360878 0.812336 -0.072931 
 -0.125656 -0.679569 0.086243 
 0.443341 0.780898 0.116597 
 0.274856 -0.226015 -0.295947 
 0.173463 -0.515083 0.149628 
 0.323631 -0.065756 -0.205767 
 0.090154 -0.644605 0.167776 
 0.038724 -0.648256 0.125072 
 0.229719 -0.138438 -0.343284 
 -0.291237 0.647200 -0.057622 
 0.273537 0.392150 0.117423 
 -0.190995 0.530548 0.042125 
 0.347800 0.752573 0.058249 
 0.311066 0.622819 0.051749 
 -0.201331 -0.139195 -0.091655 
 -0.149592 -0.681227 0.096049 
 -0.186324 0.197902 0.054538 
 0.058837 0.074713 0.090559 
 -0.210800 -0.741999 0.087771 
 0.086592 -0.753869 0.280185 
 0.204052 -0.196424 -0.343395 
 0.036637 -0.793407 0.186509 
 -0.064404 -0.447773 0.047108 
 -0.241096 0.241828 0.005604 
 0.311541 -0.215574 -0.199797 
 -0.195934 0.405534 0.044410 
 0.099591 0.256348 0.106080 
 0.252854 -0.317342 0.164841 
 -0.105905 -0.068647 0.083520 
 -0.001722 0.077828 0.105132 
 -0.210865 -0.126758 -0.071298 
 0.227073 -0.335786 -0.402084 
 0.250103 -0.102698 -0.302632 
 -0.178967 -0.081756 0.015284 
 0.249820 -0.102696 -0.301874 
 0.341668 -0.043203 -0.167607 
 0.436015 0.646178 0.116731 
 0.129169 -0.376906 0.109357 
 0.012614 -0.813052 0.194022 
 -0.186321 0.198114 0.054539 
 -0.046709 -0.741221 0.122046 
 -0.252847 0.225358 0.020674 
 0.040501 -0.633551 0.128123 
 0.345180 0.022181 -0.118517 
 -0.087945 0.091737 0.070023 
 0.273493 0.391209 0.118795 
 -0.343341 0.689806 -0.106072 
 0.166788 0.214136 0.136670 
 0.155012 -0.397591 0.121079 
 0.194667 -0.530679 0.208554 
 0.184606 -0.224380 -0.347394 
 -0.310177 0.917567 0.059542 
 -0.229509 -0.481301 -0.185931 
 0.085269 -0.707683 0.225381 
 0.215101 -0.508734 0.174817 
 -0.264424 0.835692 0.048434 
 0.025282 0.122979 0.103196 
 0.181332 -0.350778 0.121151 
 0.207943 -0.293841 -0.381324 
 -0.304651 0.474010 -0.030866 
 -0.281506 0.374445 -0.008824 
 0.322873 -0.234341 -0.195655 
 -0.334103 0.054286 -0.052586 
 0.276088 -0.166652 -0.212277 
 -0.187525 0.417749 0.063466 
 -0.302475 0.571438 -0.062642 
 -0.169056 -0.474067 -0.163574 
 -0.077649 -0.445346 0.040589 
 0.084149 -0.723206 0.222682 
 0.262642 0.629167 0.050648 
 -0.204477 0.532954 0.036931 
 0.343496 0.633155 0.061027 
 0.326059 -0.014428 -0.159709 
 -0.319106 0.543674 -0.076822 
 0.151974 -0.682581 0.243654 
 0.342885 0.633307 0.061014 
 -0.309726 0.847922 -0.024831 
 0.309108 -0.092925 -0.218468 
 0.149293 -0.496129 0.137892 
 0.005678 0.234012 0.109480 
 0.266856 0.472043 0.090736 
 0.119549 0.171501 0.140785 
 0.261364 0.408477 0.114569 
 -0.258355 -0.001422 -0.042535 
 -0.269111 -0.575907 -0.115657 
 -0.182458 -0.178494 0.022197 
 -0.219463 0.709768 -0.006250 
 -0.100345 0.124243 0.068643 
 0.397595 0.714692 0.080695 
 0.328215 -0.022997 -0.197174 
 0.308735 0.058218 -0.134771 
 -0.042504 -0.800809 0.165017 
 0.003125 -0.527205 0.098478 
 -0.182385 0.018009 -0.008617 
 -0.295511 -0.555779 -0.125879 
 -0.283682 0.644505 -0.041390 
 -0.053667 0.119694 0.081686 
 -0.149603 -0.665689 0.099679 
 -0.213149 -0.607116 -0.062862 
 0.275660 -0.282591 -0.315837 
 -0.331459 -0.136380 -0.056259 
 -0.107284 0.202800 0.075916 
 0.035011 -0.702565 0.150593 
 -0.316144 0.682149 -0.066116 
 0.256995 -0.434262 0.186221 
 -0.397937 -0.162028 -0.074283 
 0.149907 -0.592795 0.209054 
 0.099615 0.081335 0.115513 
 0.270035 -0.340941 -0.390169 
 0.078161 -0.566410 0.110177 
 -0.022430 0.225294 0.091793 
 -0.181995 -0.078243 -0.010336 
 0.048171 -0.774296 0.171464 
 0.171891 -0.047126 -0.326785 
 0.067010 0.195391 0.114465 
 0.315368 -0.242896 0.164675 
 -0.037568 0.161153 0.098046 
 0.091869 -0.450011 0.088858 
 -0.115058 0.096191 0.055272 
 0.215401 0.007517 -0.231755 
 0.276538 -0.351391 0.173520 
 -0.140695 -0.738455 0.129326 
 -0.282348 0.264787 -0.013547 
 -0.050447 -0.552764 0.088143 
 0.166329 -0.428951 0.122439 
 -0.242821 -0.663412 -0.027213 
 0.474776 0.747321 0.106804 
 -0.305263 0.215690 0.012401 
 0.299316 -0.215235 -0.206815 
 0.098319 0.290388 0.086267 
 -0.248536 0.445648 0.020814 
 0.193726 -0.368357 0.123438 
 0.272222 -0.149269 -0.297235 
 -0.290430 -0.108160 -0.053171 
 0.227426 -0.282161 0.156130 
 0.411621 0.727542 0.090812 
 0.114907 0.160151 0.111350 
 -0.207383 0.068492 -0.011712 
 0.222018 0.352240 0.105585 
 0.206981 -0.273052 -0.341574 
 -0.275085 -0.504662 -0.143270 
 0.098332 0.291273 0.086297 
 0.243023 -0.423506 0.143812 
 -0.291601 0.647131 -0.057630 
 0.010372 -0.554232 0.073092 
 -0.331186 0.654394 -0.079515 
 -0.172254 -0.124982 -0.011994 
 -0.306378 0.200380 0.010318 
 -0.279131 -0.425225 -0.206198 
 0.229342 -0.003391 -0.262306 
 0.324848 -0.014409 -0.159702 
 -0.127086 -0.589988 0.053069 
 -0.121877 0.189991 0.066183 
 -0.127741 0.054001 0.029804 
 -0.196865 -0.704805 0.067874 
 -0.250967 0.834543 0.055784 
 -0.154505 -0.736668 0.121778 
 0.155739 0.475567 0.038090 
 -0.207444 -0.194555 -0.129240 
 -0.121667 -0.147999 0.086466 
 0.263139 -0.209336 -0.299972 
 -0.050413 0.163566 0.090056 
 0.302907 -0.233765 0.122258 
 0.039627 -0.528495 0.096514 
 0.389851 0.790239 0.088985 
 0.384003 0.655523 0.088014 
 -0.232091 -0.719457 0.067502 
 0.280833 -0.188022 -0.261324 
 -0.278151 0.454102 -0.019157 
 -0.150628 0.119686 0.027089 
 0.242259 0.601905 0.047020 
 -0.253967 0.369600 0.005061 
 0.139060 0.336648 0.056259 
 0.006059 0.203629 0.103539 
 -0.307095 0.619460 -0.071546 
 0.122110 0.152851 0.163602 
 0.255310 0.599317 0.055094 
 0.125596 -0.663704 0.233418 
 -0.236021 0.727844 -0.001471 
 -0.224791 -0.625990 -0.047714 
 0.072853 0.087448 0.099829 
 0.411605 0.726566 0.090809 
 -0.061320 0.196398 0.089348 
 0.228587 -0.307196 -0.395326 
 0.192793 -0.553910 0.240534 
 0.325728 -0.084073 -0.183208 
 0.173232 -0.207707 -0.351093 
 -0.238544 -0.557547 -0.129147 
 0.384646 0.717025 0.072615 
 0.043482 0.247237 0.108787 
 0.472725 0.719534 0.100153 
 0.225274 0.449443 0.064624 
 0.101886 -0.372251 0.094621 
 0.217267 -0.288788 -0.337476 
 -0.127081 -0.575828 -0.008843 
 0.286021 -0.114901 -0.247330 
 0.308083 0.698906 0.050996 
 0.081132 -0.702572 0.201751 
 -0.065851 -0.508075 0.098821 
 -0.310053 0.348627 -0.029552 
 -0.300737 -0.044605 -0.048522 
 -0.238416 -0.737030 0.073436 
 0.181862 -0.267558 -0.355498 
 -0.104981 -0.544674 0.058338 
 0.254111 0.071950 -0.185153 
 -0.022564 -0.001596 0.118113 
 0.183192 -0.063668 -0.322669 
 -0.280937 0.373875 -0.008814 
 0.066419 -0.429941 0.076979 
 0.229741 -0.003397 -0.262301 
 0.303443 -0.276054 0.177262 
 -0.272619 0.295960 -0.016467 
 -0.331655 0.654400 -0.079321 
 -0.252449 0.039702 -0.008072 
 -0.117745 0.178062 0.053880 
 -0.046064 -0.492817 0.100297 
 -0.150684 -0.416185 -0.143355 
 -0.307771 -0.191098 -0.112639 
 0.305531 0.560407 0.075902 
 -0.301336 0.888448 0.035392 
 0.221428 -0.070464 -0.301766 
 0.178601 0.226851 0.147438 
 -0.125681 -0.681129 0.086238 
 -0.033502 -0.758957 0.126497 
 -0.337237 0.353699 -0.044286 
 -0.087861 -0.500702 0.074912 
 0.151966 -0.680818 0.245365 
 0.236057 -0.114782 -0.311359 
 0.125645 -0.662172 0.232238 
 -0.290925 -0.635673 -0.063780 
 0.174684 -0.047170 -0.326726 
 0.273072 -0.298796 -0.380808 
 -0.195252 -0.098649 -0.057957 
 0.401063 0.773279 0.092385 
 0.008215 0.029782 0.103512 
 -0.384809 -0.162345 -0.066856 
 -0.270343 -0.018862 -0.027678 
 -0.171637 0.160713 0.081398 
 0.003924 -0.691512 0.108482 
 -0.169106 -0.474074 -0.161218 
 0.022817 -0.571382 0.078708 
 -0.185641 0.163156 0.073977 
 0.299909 -0.180209 0.006704 
 0.082484 -0.625505 0.153512 
 0.124850 -0.739171 0.281781 
 -0.307773 -0.190768 -0.112257 
 -0.223061 0.489889 0.019178 
 0.201638 -0.157461 -0.387830 
 -0.257983 0.776046 0.018297 
 -0.302701 0.144001 -0.044958 
 -0.205638 -0.198607 -0.104114 
 0.111044 -0.736881 0.274354 
 0.040940 -0.528511 0.095218 
 -0.134953 0.007234 0.029410 
 0.077457 -0.447573 0.081315 
 -0.249833 0.119312 -0.018470 
 -0.084324 -0.740144 0.125012 
 0.036458 -0.802837 0.221239 
 -0.112298 -0.577584 0.061226 
 0.000938 0.108241 0.111153 
 0.346331 0.022163 -0.118493 
 -0.304608 0.424595 -0.014526 
 0.146392 -0.511370 0.135102 
 -0.348935 -0.530786 -0.152443 
 -0.061720 -0.648459 0.078898 
 0.285149 -0.082115 -0.266880 
 0.182957 -0.100685 -0.365336 
 0.238035 0.542625 0.034926 
 0.012163 -0.643369 0.109818 
 -0.166933 0.061238 0.008718 
 0.107357 0.448242 0.055230 
 0.012194 -0.643364 0.108359 
 0.135062 -0.478333 0.133479 
 -0.334554 -0.533226 -0.145930 
 -0.272309 0.341638 -0.007514 
 0.323297 -0.234351 -0.194553 
 0.251453 -0.190246 -0.303601 
 -0.264269 0.666419 0.022779 
 0.335084 0.077260 -0.079203 
 -0.201187 0.344829 0.032372 
 0.244158 -0.400490 0.184836 
 -0.203660 0.329518 0.029337 
 0.138227 -0.680123 0.237756 
 -0.086409 -0.515885 0.000115 
 -0.052326 0.117912 0.081708 
 -0.216982 0.006774 -0.017406 
 0.263613 -0.350091 0.166181 
 0.118813 -0.573500 0.133614 
 0.269198 -0.148234 -0.225584 
 -0.137232 -0.124571 0.056603 
 -0.199528 0.250219 0.030544 
 0.282669 0.038853 -0.188376 
 0.262932 -0.280308 -0.322795 
 0.111896 -0.659714 0.226403 
 0.271846 -0.290901 -0.343852 
 0.415813 0.785899 0.102385 
 0.266043 -0.214576 -0.276698 
 -0.164539 0.076431 0.010769 
 -0.138876 0.071612 0.025263 
 -0.280488 0.689778 -0.030164 
 -0.097262 -0.490479 -0.038989 
 -0.156000 0.238632 0.078373 
 -0.266885 0.421244 -0.017979 
 -0.075182 0.198825 0.081631 
 -0.299398 0.191583 -0.035925 
 0.286188 -0.067255 -0.264084 
 -0.119612 -0.116660 0.092529 
 -0.314890 0.162992 -0.049314 
 0.250464 0.109048 -0.133833 
 0.202757 -0.012738 -0.279132 
 -0.322942 -0.179614 -0.083097 
 -0.123204 -0.700656 0.108604 
 0.193229 -0.284230 -0.351858 
 -0.003224 0.093079 0.108083 
 -0.304052 -0.463503 -0.176988 
 0.279349 0.564314 0.062624 
 0.457681 0.691603 0.087307 
 0.370134 0.657873 0.081016 
 0.225360 0.512148 0.048138 
 -0.117802 0.235669 0.074998 
 0.139265 0.234036 0.125012 
 0.490871 0.789010 0.121648 
 -0.147714 -0.076216 0.060431 
 -0.277164 0.735070 -0.025022 
 0.342643 0.523840 0.091266 
 -0.265309 -0.152376 -0.081554 
 0.104874 -0.616224 0.180549 
 -0.204519 -0.724409 0.082215 
 0.271366 -0.094216 -0.276343 
 -0.014912 -0.805757 0.178813 
 -0.231397 -0.065961 -0.048786 
 0.202725 -0.014732 -0.279139 
 0.052530 0.198202 0.107117 
 -0.318326 0.118842 -0.058340 
 0.251018 0.005273 -0.238105 
 -0.191119 0.768101 -0.005244 
 -0.013891 -0.623090 0.098330 
 -0.272873 0.795490 -0.011489 
 -0.058032 0.057095 0.068710 
 -0.086806 -0.517602 0.000101 
 -0.261107 0.154305 -0.019819 
 -0.133744 -0.180744 0.098466 
 -0.234527 -0.447009 -0.196090 
 0.053856 -0.635324 0.135570 
 -0.266495 -0.618913 -0.070026 
 -0.232336 0.522614 0.017869 
 0.084248 0.341684 0.062203 
 0.089071 -0.660007 0.163786 
 0.295676 -0.175059 -0.018953 
 0.229356 -0.002449 -0.262306 
 0.179995 -0.110044 -0.393187 
 -0.291100 -0.445504 -0.191580 
 -0.260544 -0.031882 -0.048552 
 0.285188 0.421290 0.104594 
 -0.319986 0.086836 -0.064352 
 -0.208005 0.103020 -0.033682 
 -0.292432 -0.681174 -0.010194 
 0.303564 -0.232523 0.122276 
 0.249614 -0.349739 0.158817 
 0.102518 -0.372261 0.094634 
 -0.279849 0.233007 0.005814 
 -0.091491 -0.055331 0.093953 
 0.300433 -0.108140 -0.140067 
 0.210806 0.532556 0.018896 
 -0.122760 -0.111698 0.067733 
 0.262510 -0.350073 0.166158 
 -0.150947 0.089236 0.021118 
 0.037749 -0.559111 0.089148 
 0.230768 -0.421666 0.136489 
 -0.010003 0.156824 0.112790 
 0.356788 0.014089 -0.077508 
 0.289559 0.116688 -0.110975 
 -0.007692 -0.477119 0.100139 
 0.100016 -0.402681 0.089976 
 -0.318333 0.117308 -0.059159 
 0.184560 -0.224387 -0.345226 
 -0.364528 -0.625345 -0.090357 
 0.160500 -0.513808 0.142243 
 0.302715 -0.272212 -0.299068 
 -0.252611 0.700078 -0.015414 
 -0.053674 0.117936 0.080723 
 -0.303947 -0.105388 -0.060563 
 -0.048496 0.018534 0.105366 
 -0.282644 0.828003 -0.012802 
 -0.186473 0.431038 0.066838 
 0.132340 -0.577879 0.141019 
 -0.327291 0.908445 0.025100 
 -0.108840 -0.584092 0.086638 
 0.315257 0.681627 0.064382 
 -0.322515 -0.188326 -0.120029 
 -0.335493 0.023735 -0.058603 
 0.260340 0.394383 0.110210 
 0.233136 -0.087559 -0.297643 
 0.228396 0.604030 0.039855 
 0.239463 -0.300175 0.160470 
 0.157270 -0.096113 -0.381078 
 0.318407 0.725850 0.073615 
 -0.239610 0.800524 0.057132 
 -0.320437 0.621859 -0.079247 
 0.375460 0.792594 0.081082 
 -0.017657 0.048610 0.091747 
 0.191536 -0.600159 0.231446 
 -0.262977 -0.137182 -0.079290 
 -0.213850 -0.022760 -0.033057 
 -0.112260 -0.575167 0.061235 
 0.407916 0.621486 0.096111 
 -0.358505 -0.570089 -0.115954 
 0.262290 0.629173 0.050404 
 -0.091257 -0.056129 0.093955 
 -0.252921 0.618472 0.021157 
 0.233938 -0.072953 -0.294804 
 0.444893 0.824855 0.125279 
 -0.064399 -0.447772 0.046868 
 0.036402 -0.574410 0.084422 
 -0.185748 -0.611992 -0.047588 
 -0.335018 -0.719818 0.020626 
 -0.064266 -0.044878 0.111780 
 0.192821 0.293375 0.105072 
 0.262378 0.643929 0.053533 
 -0.185058 -0.022979 0.045373 
 0.170968 -0.084065 -0.370301 
 0.121544 -0.475646 0.126087 
 0.421809 0.648534 0.109446 
 0.174257 -0.272515 0.126759 
 -0.091197 -0.055335 0.093959 
 0.267943 0.486979 0.092600 
 -0.064561 -0.679260 0.072797 
 -0.290408 -0.106760 -0.053166 
 -0.265695 0.092386 -0.031863 
 -0.209192 -0.650364 -0.017701 
 -0.206499 -0.179458 -0.126260 
 -0.240099 0.072314 -0.020130 
 -0.099460 -0.520903 -0.044033 
 -0.344457 -0.033869 0.000448 
 -0.262200 -0.062350 -0.054560 
 0.265262 -0.319739 0.171893 
 0.093055 0.126092 0.142365 
 -0.303503 0.440777 -0.011517 
 -0.315427 -0.088016 -0.064920 
 -0.165075 -0.523489 -0.155360 
 -0.302841 0.145344 -0.044957 
 0.362040 0.598751 0.080143 
 0.304532 0.049184 -0.162256 
 -0.285275 0.314283 -0.020830 
 -0.054862 0.102724 0.078671 
 0.140069 -0.588467 0.192428 
 -0.149053 0.119666 0.025698 
 -0.053700 0.117608 0.081678 
 -0.023454 0.160541 0.105430 
 0.317539 0.543296 0.080487 
 -0.214456 0.381232 0.005599 
 -0.231365 0.743141 -0.007604 
 -0.291397 0.110916 -0.043603 
 0.166014 0.331886 0.070838 
 -0.179748 0.290376 0.072641 
 -0.070429 0.074723 0.065046 
 0.374028 0.581713 0.083437 
 -0.116172 -0.019849 0.085450 
 0.276726 -0.265859 -0.312989 
 0.102650 0.373633 0.040489 
 0.119360 -0.506510 0.119632 
 -0.340800 0.792350 -0.050686 
 -0.234145 0.148453 -0.005074 
 0.505846 0.815695 0.136850 
 0.141580 0.414916 0.045040 
 0.446195 0.839495 0.128143 
 0.155717 0.474763 0.038521 
 0.212928 0.562081 0.024372 
 -0.216409 0.365582 0.002582 
 -0.230709 0.552965 0.023853 
 -0.332180 0.654410 -0.079536 
 0.182666 -0.100672 -0.367629 
 -0.060995 -0.633047 0.081934 
 -0.125674 -0.680731 0.086239 
 0.115206 0.420933 0.030865 
 -0.064181 -0.009570 0.090683 
 -0.313761 0.193468 -0.043319 
 0.303943 -0.046704 -0.226095 
 0.138885 0.317104 0.088337 
 0.421433 0.680589 0.089221 
 -0.076671 0.056705 0.071372 
 -0.189449 0.545709 0.045909 
 0.388800 0.774421 0.085305 
 -0.280714 -0.661798 -0.024523 
 0.337784 0.049164 -0.094239 
 -0.098692 -0.722123 0.120527 
 0.158200 -0.478942 0.122565 
 0.491918 0.803631 0.124534 
 0.265235 -0.321145 0.172160 
 0.289452 -0.269913 -0.307264 
 -0.321841 -0.163733 -0.080021 
 -0.181929 -0.076870 -0.012409 
 0.260331 0.393585 0.110043 
 0.147483 -0.496670 0.137852 
 0.150404 0.401009 0.023845 
 -0.083597 0.151717 0.082057 
 -0.143168 -0.588180 -0.019308 
 -0.305348 -0.507550 -0.123846 
 -0.100367 0.107842 0.065653 
 -0.292856 0.282412 -0.018183 
 0.283372 -0.161882 -0.158647 
 0.081772 -0.685745 0.204804 
 0.104267 -0.700854 0.263836 
 -0.355403 -0.100906 -0.065899 
 -0.047153 0.209196 0.099491 
 -0.127483 -0.531272 -0.062212 
 0.349392 0.032151 -0.090064 
 -0.174508 -0.592922 -0.061067 
 0.413721 0.756296 0.096025 
 -0.319643 -0.034003 -0.009824 
 0.249769 -0.408770 0.210713 
 0.253769 0.476531 0.082490 
 -0.227611 0.239183 0.012977 
 0.224552 0.464319 0.065142 
 0.004423 0.219148 0.106479 
 -0.162298 0.122078 0.019762 
 0.196978 -0.051696 -0.313460 
 0.350232 0.735945 0.081894 
 -0.203629 -0.068829 -0.034032 
 -0.173967 0.339862 0.047106 
 0.203617 0.358382 0.072507 
 0.138391 0.371329 0.036460 
 0.305902 0.514130 0.094081 
 -0.351625 -0.643204 -0.086877 
 0.061596 -0.707771 0.165531 
 -0.247330 -0.444620 -0.203377 
 0.280745 -0.302010 -0.364304 
 -0.259767 0.561017 -0.016176 
 -0.024367 0.158738 0.105405 
 0.188076 0.471355 0.043649 
 0.446035 0.839498 0.128139 
 -0.225604 0.270298 0.018994 
 0.251560 -0.248676 -0.324087 
 0.256687 -0.143029 -0.327639 
 -0.261817 -0.047110 -0.051467 
 -0.182229 0.083334 -0.021250 
 0.175321 0.261031 0.126962 
 0.313044 -0.020662 -0.204220 
 0.174944 -0.485680 0.155642 
 0.159340 -0.477374 0.122594 
 -0.178916 -0.107367 -0.025325 
 0.133417 -0.442744 0.113838 
 -0.324491 -0.159255 -0.105368 
 -0.254199 0.669880 -0.020717 
 0.203773 0.000592 -0.276284 
 -0.292611 0.232634 -0.001571 
 0.330905 0.648610 0.056799 
 0.267625 0.534673 0.075155 
 -0.206616 0.502976 0.029562 
 0.200397 -0.292520 0.138460 
 0.308719 0.058361 -0.133896 
 0.289954 -0.354911 0.181023 
 0.179229 0.329511 0.077966 
 -0.310182 0.918894 0.060775 
 -0.306483 -0.038155 -0.002408 
 0.191530 0.273645 0.137192 
 0.073375 -0.741504 0.239547 
 -0.269065 -0.575900 -0.117874 
 -0.181029 0.138777 0.024404 
 0.450126 0.766575 0.094665 
 0.239459 -0.300444 0.160469 
 -0.013197 -0.555446 0.084173 
 -0.071127 -0.742604 0.132516 
 -0.255772 0.805540 0.024275 
 -0.153757 0.058825 0.015094 
 0.285988 -0.115877 -0.246509 
 -0.298678 -0.218371 -0.136344 
 0.129173 -0.376639 0.109358 
 0.302840 -0.206256 -0.178586 
 0.114615 -0.389271 0.098989 
 -0.229064 0.174696 0.025566 
 0.285022 -0.133591 -0.152896 
 -0.240345 0.682580 -0.010093 
 -0.271800 0.810082 -0.008508 
 0.022859 -0.768834 0.156517 
 -0.245449 0.340526 -0.018102 
 0.279540 -0.149487 -0.146586 
 -0.135559 -0.721211 0.123424 
 -0.330304 0.561146 -0.079665 
 -0.317999 0.542902 -0.076802 
 -0.021288 0.190179 0.111438 
 -0.357949 -0.608045 -0.098458 
 -0.085777 0.121364 0.076039 
 0.099398 0.305594 0.089265 
 -0.295590 0.617088 -0.063624 
 0.288630 0.102101 -0.113855 
 -0.268459 0.181962 0.004173 
 -0.317215 0.667453 -0.069247 
 -0.004171 0.047411 0.099351 
 0.356930 0.644893 0.071022 
 -0.167840 -0.165627 0.034354 
 -0.353055 0.928447 0.012312 
 0.184687 -0.070968 -0.359677 
 -0.086763 -0.464720 -0.016183 
 0.162499 0.383737 0.028103 
 -0.059165 0.040398 0.066647 
 0.296229 -0.116340 -0.169125 
 0.409506 0.697244 0.085022 
 -0.149512 -0.005569 0.018026 
 -0.195459 -0.191392 0.011865 
 0.114478 0.419668 0.030845 
 -0.013226 -0.556258 0.084968 
 -0.046687 -0.739809 0.122051 
 0.125608 -0.599659 0.181950 
 -0.093736 -0.035250 0.071442 
 0.205218 0.271246 0.144538 
 0.172111 -0.449290 0.135924 
 -0.197582 0.420787 0.047358 
 0.080661 -0.762888 0.253098 
 0.304116 -0.233784 0.122283 
 -0.139602 -0.155819 0.050549 
 0.211725 0.499694 0.038059 
 0.408923 0.633965 0.099453 
 -0.346116 0.416955 -0.039183 
 0.125722 -0.624976 0.213810 
 0.060650 -0.672005 0.146015 
 0.252538 -0.248692 -0.324066 
 0.204510 -0.401105 0.124787 
 -0.235074 0.442797 0.028307 
 -0.178907 -0.106795 -0.025323 
 0.053216 -0.530733 0.102603 
 -0.164499 0.122113 0.019716 
 0.023642 -0.790948 0.179009 
 0.417302 0.632765 0.116038 
 0.054673 0.213314 0.111277 
 0.349730 -0.044689 -0.151348 
 0.458671 0.691213 0.087326 
 0.178089 -0.398033 0.110099 
 0.300477 -0.106744 -0.141140 
 -0.163220 -0.051700 0.028456 
 -0.182421 -0.471296 -0.169877 
 0.123721 -0.624695 0.213769 
 -0.086932 -0.485312 0.077482 
 -0.293324 0.282418 -0.017882 
 -0.253263 0.074733 -0.027497 
 -0.107316 -0.391022 -0.053145 
 -0.273904 0.706777 -0.038412 
 -0.266327 0.702483 -0.022080 
 -0.307898 0.377571 -0.023547 
 0.274186 -0.036634 -0.265394 
 -0.138539 -0.738849 0.129370 
 0.221451 -0.373197 0.138156 
 0.005489 0.233007 0.109472 
 -0.216832 0.317115 0.018998 
 -0.050357 -0.569606 0.085123 
 0.033384 -0.665708 0.131102 
 0.255723 -0.157351 -0.333438 
 -0.346104 0.416957 -0.039754 
 -0.310723 0.757521 -0.052349 
 -0.092934 -0.554740 0.100243 
 0.193896 -0.093399 -0.321382 
 0.030094 -0.711822 0.121084 
 0.443813 0.693567 0.080215 
 0.206622 -0.097158 -0.314558 
 -0.269634 0.341679 -0.007457 
 -0.125300 -0.500851 -0.056423 
 -0.245883 0.522682 0.010513 
 0.349638 0.031065 -0.090062 
 -0.207940 0.143623 0.009658 
 -0.087277 -0.515871 0.000097 
 0.186682 -0.194145 -0.341285 
 -0.256965 0.493671 0.022632 
 -0.306353 0.284833 -0.025152 
 0.292430 0.562751 0.070022 
 0.227175 -0.297345 0.153149 
 0.263610 -0.090606 -0.293625 
 0.321666 0.477424 0.121363 
 0.280704 0.530934 0.082663 
 -0.279490 0.044561 -0.023159 
 -0.359111 -0.571133 -0.115970 
 -0.181958 -0.075927 -0.010327 
 0.414185 0.756287 0.096607 
 0.423552 0.710035 0.094136 
 -0.182994 -0.437390 -0.188957 
 -0.207345 0.067363 -0.014362 
 -0.203137 0.154565 0.038535 
 -0.073289 -0.468124 -0.008812 
 -0.214467 0.187532 0.036890 
 -0.320049 -0.033996 -0.009824 
 0.168565 -0.363556 0.108792 
 0.122625 -0.639452 0.210721 
 0.148049 0.181323 0.158440 
 0.302824 -0.205939 -0.177558 
 -0.232093 -0.719458 0.067587 
 0.420391 0.666407 0.086329 
 -0.138487 -0.139318 0.053578 
 -0.116859 0.096220 0.055234 
 0.145956 0.215919 0.138572 
 0.194889 0.308328 0.109849 
 -0.095006 -0.408703 -0.046908 
 -0.319109 -0.743366 0.050302 
 0.278724 0.454850 0.093916 
 -0.170098 -0.402310 -0.200753 
 0.221955 0.452938 0.035386 
 -0.180790 -0.769873 0.125928 
 -0.108739 -0.472864 -0.042868 
 -0.048564 0.069594 0.089138 
 0.255453 -0.296511 -0.378647 
 -0.255669 0.009181 -0.014273 
 0.134565 -0.545187 0.147075 
 -0.291711 0.213254 0.020087 
 -0.300980 0.785151 -0.029093 
 -0.339140 -0.108290 -0.032316 
 0.082278 -0.685750 0.204032 
 0.299418 0.434701 0.115119 
 0.293007 0.065028 -0.166411 
 0.066010 -0.429931 0.075756 
 0.473733 0.731690 0.103030 
 0.073366 -0.742801 0.238978 
 0.081004 -0.468680 0.102239 
 0.265634 -0.076255 -0.289979 
 -0.250073 0.546742 -0.036994 
 -0.230475 0.008964 -0.024713 
 -0.121601 -0.046552 0.053642 
 -0.263803 -0.755343 0.080547 
 -0.177016 -0.506000 -0.159678 
 -0.148258 -0.717127 0.115918 
 -0.387618 -0.208395 -0.075530 
 -0.149109 0.119658 0.028341 
 0.070366 -0.720679 0.216889 
 0.281208 0.010471 -0.194086 
 -0.315853 0.457747 -0.015879 
 0.323197 0.094082 -0.083620 
 0.141062 -0.343531 0.097236 
 0.277361 -0.078524 -0.283543 
 0.091863 -0.450012 0.089111 
 -0.319143 -0.745494 0.050294 
 -0.148306 -0.720217 0.115906 
 0.298711 -0.055604 -0.254302 
 -0.205582 -0.702416 0.060465 
 0.217167 0.621281 0.035642 
 -0.322528 0.835202 -0.034722 
 -0.006876 0.251594 0.106561 
 0.293995 -0.154391 -0.041624 
 -0.220255 -0.039015 -0.026434 
 -0.060779 -0.633051 0.081938 
 -0.164321 -0.068912 0.024317 
 0.304070 0.062749 -0.159424 
 -0.248306 -0.048285 -0.044187 
 0.130277 -0.361882 0.111323 
 -0.367675 0.915692 0.001656 
 -0.088053 -0.501234 0.074906 
 0.213582 0.562072 0.023989 
 0.314259 0.003090 -0.163831 
 0.179197 0.326492 0.077955 
 0.003166 0.138661 0.117164 
 0.173380 -0.272500 0.126419 
 -0.341475 0.593979 -0.082468 
 -0.349417 0.371319 -0.046649 
 -0.204494 0.502583 0.029605 
 0.251597 0.443919 0.076615 
 -0.239879 0.257487 0.008617 
 -0.202689 -0.537030 -0.155237 
 -0.049605 0.003263 0.103043 
 -0.176726 0.124513 0.012377 
 0.266280 0.472056 0.089655 
 0.049282 -0.758245 0.174870 
 0.335066 0.076140 -0.079207 
 -0.320416 -0.483324 -0.153573 
 -0.168670 -0.152664 -0.026967 
 0.092254 0.110914 0.139920 
 -0.127018 -0.589978 0.049853 
 0.132855 -0.510171 0.127440 
 -0.293389 0.062282 -0.027411 
 -0.085313 -0.500617 0.003132 
 0.061786 -0.654515 0.149067 
 -0.277892 0.110034 -0.035856 
 -0.133196 0.222872 0.065363 
 0.274247 -0.121640 -0.290793 
 -0.122032 -0.633323 0.095426 
 0.275414 -0.367670 0.171473 
 0.051656 0.118162 0.117378 
 0.272066 -0.312048 -0.383624 
 -0.242779 -0.660750 -0.027204 
 -0.260947 -0.047123 -0.051547 
 -0.150809 -0.071342 0.032227 
 0.055780 0.228360 0.113118 
 -0.220382 0.770737 0.014762 
 -0.191003 0.530546 0.042497 
 0.277436 0.655174 0.063600 
 -0.209672 0.053310 -0.017389 
 -0.297639 0.916493 0.066891 
 -0.151317 -0.643868 0.077358 
 -0.177198 -0.174265 -0.083496 
 0.445138 0.839512 0.128120 
 -0.369726 0.886535 -0.004333 
 -0.288323 0.502354 -0.017509 
 0.323027 0.022198 -0.107059 
 0.298272 0.577909 0.064010 
 0.430892 0.813641 0.115265 
 0.114616 -0.389885 0.098463 
 -0.183243 0.193771 0.079204 
 -0.154869 -0.410417 -0.168465 
 -0.090743 0.060893 0.063991 
 -0.078264 0.058486 0.071344 
 -0.252064 0.818719 0.052784 
 -0.254753 0.820671 0.027706 
 0.365235 0.643401 0.087567 
 0.284621 -0.166218 -0.058897 
 0.221095 0.353689 0.105570 
 -0.135344 -0.497763 -0.134761 
 -0.332374 -0.501917 -0.138996 
 -0.192440 -0.704875 0.067967 
 -0.334674 0.039342 -0.055591 
 0.154371 0.412552 0.052492 
 0.232127 0.383438 0.092821 
 0.225887 -0.046674 -0.270869 
 0.171727 -0.478919 0.129948 
 -0.306642 0.235071 -0.008975 
 -0.114137 0.036347 0.035163 
 0.256439 -0.157367 -0.332188 
 -0.199579 -0.608152 -0.055001 
 0.321583 0.492284 0.123917 
 0.181514 -0.267034 -0.355504 
 -0.246876 -0.093964 -0.062157 
 0.241293 0.073105 -0.194518 
 0.112758 -0.659726 0.225944 
 -0.192491 0.141168 0.017073 
 0.267844 0.472031 0.089688 
 -0.396817 -0.144566 -0.070676 
 0.277806 -0.160564 -0.246744 
 -0.280480 0.263784 -0.013511 
 -0.126213 -0.466198 -0.075484 
 -0.306411 -0.762593 0.054775 
 -0.033455 -0.758958 0.126498 
 0.311091 0.575570 0.070448 
 -0.342842 0.462587 -0.030393 
 -0.371812 0.902881 -0.026735 
 0.296654 -0.183859 -0.056677 
 -0.314026 0.712298 -0.060314 
 0.335103 0.078450 -0.079199 
 0.125631 -0.661461 0.233427 
 0.212399 -0.060663 -0.280706 
 0.001608 0.138686 0.117131 
 -0.288320 0.502512 -0.017508 
 -0.279612 0.094816 -0.039246 
 -0.359907 -0.653945 -0.044267 
 -0.290002 0.677362 -0.051684 
 -0.036062 0.001535 0.110072 
 -0.318855 -0.505119 -0.131960 
 -0.282989 0.843120 -0.010317 
 0.263923 -0.243443 -0.279867 
 0.041105 -0.784515 0.215220 
 -0.188813 0.326664 0.036729 
 0.291960 0.562760 0.069764 
 0.211810 -0.214580 -0.330183 
 0.100069 -0.694639 0.238804 
 0.259128 -0.128713 -0.326511 
 -0.001506 -0.643172 0.102729 
 -0.331354 0.546137 -0.084106 
 0.186289 -0.467139 0.140326 
 -0.252817 0.225363 0.019244 
 0.337395 0.058032 -0.055091 
 0.240345 0.524872 0.058246 
 -0.278633 -0.447326 -0.184271 
 0.259493 -0.147093 -0.304194 
 0.174940 -0.434096 0.141131 
 -0.182972 -0.435940 -0.188951 
 0.482187 0.671980 0.098557 
 -0.123220 -0.701652 0.108600 
 -0.199518 0.005260 -0.019041 
 0.164168 -0.458177 0.116433 
 0.228076 -0.321498 -0.398138 
 -0.234649 -0.462098 -0.199048 
 0.210818 0.532558 0.018304 
 0.244183 0.046338 -0.209418 
 -0.306152 -0.136238 -0.066012 
 -0.330722 -0.612808 -0.082134 
 0.091683 -0.568851 0.119291 
 -0.346557 -0.552148 -0.129911 
 0.285990 -0.116875 -0.247337 
 0.283063 -0.112539 -0.272621 
 -0.188828 -0.503623 -0.166953 
 -0.260354 0.848372 0.076990 
 0.081397 -0.639943 0.150477 
 0.322157 0.079478 -0.086782 
 -0.305150 0.860551 0.003958 
 0.200876 -0.453877 0.150711 
 0.279688 0.517520 0.078647 
 -0.268847 0.623951 -0.010929 
 0.300708 -0.213508 0.100186 
 -0.305698 0.409333 -0.017531 
 -0.118609 0.235680 0.075433 
 -0.068312 0.105133 0.074039 
 -0.300002 0.141029 -0.018497 
 0.298397 0.115161 -0.094640 
 0.269172 -0.149895 -0.225590 
 -0.231905 0.569595 0.001402 
 0.223018 0.467738 0.038182 
 -0.250483 0.730259 -0.007874 
 -0.073019 0.229244 0.088364 
 -0.128919 -0.407559 -0.116872 
 0.205431 0.373272 0.074693 
 0.093345 -0.419540 0.094712 
 0.222838 -0.231248 -0.326352 
 0.011415 -0.540696 0.077337 
 -0.129069 -0.494886 -0.081488 
 -0.296478 0.331207 -0.025167 
 0.145987 0.215724 0.136983 
 0.327763 -0.057669 -0.177493 
 -0.193529 0.242174 0.081692 
 -0.303047 -0.463520 -0.176591 
 0.067613 -0.533376 0.110032 
 0.306972 -0.099166 -0.183758 
 -0.347192 0.401747 -0.042798 
 0.238392 -0.314358 0.157475 
 0.231387 0.368535 0.089884 
 0.284063 0.039435 -0.188344 
 -0.297803 0.171569 -0.013039 
 -0.093456 -0.085954 0.088821 
 -0.153131 -0.775544 0.141051 
 0.164171 -0.460408 0.116426 
 -0.006691 -0.763877 0.142321 
 0.178987 0.378003 0.062858 
 -0.133024 -0.063979 0.068695 
 -0.324167 0.835231 -0.035483 
 0.078364 -0.447591 0.082237 
 -0.170559 -0.134267 -0.049262 
 -0.332401 -0.502693 -0.138276 
 0.037303 -0.793418 0.186867 
 -0.197515 -0.631137 -0.032852 
 0.259850 0.096556 -0.156309 
 0.494009 0.832780 0.130305 
 -0.176578 -0.066507 0.018067 
 -0.261441 0.497102 -0.003540 
 0.218291 0.404294 0.062774 
 -0.196567 0.246179 0.056232 
 -0.303948 0.739865 -0.037326 
 0.135003 -0.442075 0.113874 
 0.092950 -0.435557 0.091715 
 -0.284530 -0.047077 -0.041072 
 -0.308550 0.253298 -0.031268 
 0.190087 -0.600137 0.231740 
 -0.190183 -0.073232 -0.026946 
 0.072241 -0.758365 0.236448 
 -0.203416 -0.568267 -0.099251 
 -0.291712 0.214026 0.020738 
 0.286175 -0.068088 -0.264088 
 -0.266403 0.225671 0.013189 
 0.290375 -0.181092 -0.144940 
 0.131767 -0.524211 0.125091 
 0.214383 -0.455151 0.158090 
 -0.345196 0.689835 -0.106111 
 0.102547 -0.549889 0.103594 
 0.427763 0.768614 0.104939 
 -0.136724 0.102028 0.032579 
 0.230538 -0.421108 0.136486 
 -0.184494 -0.399907 -0.208036 
 0.093061 0.127195 0.142915 
 0.236036 -0.471266 0.217102 
 -0.176411 -0.571501 -0.084585 
 0.164771 0.365483 0.050530 
 -0.266639 0.654222 -0.006862 
 0.272441 0.375418 0.114473 
 0.041480 0.166787 0.119525 
 0.190462 0.258611 0.133822 
 -0.148500 -0.666169 0.099701 
 -0.324138 0.838049 -0.034746 
 0.292373 -0.201919 0.120930 
 0.255841 0.504083 0.089284 
 -0.093582 -0.554730 0.100209 
 -0.258939 0.576154 -0.013250 
 0.293231 -0.015438 -0.227379 
 -0.237245 -0.774819 0.093068 
 -0.226512 0.205225 0.032368 
 0.425418 0.724662 0.097918 
 -0.192462 0.467119 0.056414 
 0.264200 0.106719 -0.127949 
 -0.106203 0.217954 0.079346 
 -0.220915 0.440798 0.035687 
 0.034987 -0.702872 0.151500 
 0.290506 -0.234363 -0.263156 
 -0.134516 -0.722239 0.123442 
 -0.138866 0.072566 0.025474 
 -0.166781 -0.671170 0.063756 
 -0.309059 0.934552 0.062553 
 0.273212 -0.137427 -0.294405 
 -0.091455 -0.493739 0.049487 
 0.258039 0.363790 0.104316 
 -0.345345 -0.610482 -0.089605 
 0.108028 -0.472709 0.118695 
 -0.093663 -0.525072 0.043421 
 0.171975 -0.069862 -0.366620 
 -0.155233 -0.425459 -0.172726 
 0.135061 0.183724 0.151122 
 -0.263611 0.466760 -0.009688 
 -0.007951 0.235164 0.102126 
 0.206616 -0.097159 -0.314285 
 -0.181911 -0.471680 -0.169868 
 -0.178664 0.304827 0.075496 
 -0.113855 0.110286 0.058278 
 0.008558 -0.584859 0.068278 
 -0.167817 -0.166416 0.032700 
 -0.115350 -0.776016 0.138251 
 0.224306 0.434619 0.057160 
 -0.098348 -0.504928 -0.041530 
 0.242633 -0.203240 -0.322512 
 0.206805 0.341687 0.095389 
 -0.275961 0.039983 0.002305 
 0.072838 0.087446 0.100520 
 0.157221 -0.096121 -0.378772 
 -0.079961 -0.504892 0.091354 
 0.389174 0.609427 0.095995 
 0.123822 -0.563811 0.162314 
 -0.144430 -0.507630 -0.091849 
 -0.186341 0.197941 0.055373 
 -0.318383 0.117300 -0.056779 
 0.207666 -0.082765 -0.312360 
 0.196318 -0.240624 -0.342851 
 0.228077 -0.321292 -0.398137 
 -0.064864 -0.418168 -0.008769 
 -0.013286 0.110674 0.103772 
 -0.278359 0.110043 -0.036234 
 -0.351959 -0.642657 -0.086882 
 0.197364 -0.074277 -0.352741 
 -0.015441 -0.570777 0.081915 
 -0.231098 0.353320 -0.007763 
 0.290984 -0.192831 -0.085155 
 -0.169468 -0.118718 -0.046126 
 -0.179337 -0.707337 0.076024 
 0.285901 0.671636 0.047710 
 0.350713 -0.033782 -0.148495 
 -0.318969 -0.018652 -0.005874 
 0.408960 0.636318 0.099462 
 -0.186786 -0.590507 -0.069718 
 0.111898 -0.660252 0.225925 
 -0.180371 0.083308 -0.021949 
 -0.196741 -0.397539 -0.214849 
 0.241408 0.539841 0.061172 
 0.293479 -0.243396 0.175942 
 -0.252891 0.384808 0.008680 
 0.048212 0.022529 0.125560 
 -0.304262 -0.492283 -0.120404 
 0.199043 0.454173 0.047662 
 0.019999 0.244932 0.119812 
 -0.091258 -0.004717 0.077372 
 -0.281539 0.250555 -0.016513 
 0.040759 -0.512747 0.098217 
 0.040036 -0.808893 0.246929 
 -0.281813 0.592740 0.000473 
 -0.196287 0.420767 0.047385 
 0.275423 -0.367669 0.171018 
 -0.296704 0.186426 -0.010640 
 -0.195763 -0.728902 0.099150 
 -0.127837 -0.741280 0.136848 
 -0.201102 -0.163000 -0.132215 
 0.079725 -0.603236 0.131445 
 -0.088508 0.106599 0.072996 
 -0.297629 -0.148853 -0.087402 
 -0.252203 -0.734563 0.065299 
 0.234172 -0.072956 -0.294918 
 0.111128 -0.736694 0.274357 
 0.287378 -0.298657 -0.312219 
 -0.118314 0.000141 0.063038 
 0.258442 -0.162794 -0.307037 
 -0.013998 -0.623225 0.098327 
 -0.233519 0.505968 0.014865 
 -0.301608 0.159364 -0.041949 
 -0.166962 -0.772806 0.133489 
 -0.100366 0.108993 0.066489 
 -0.398971 -0.173165 -0.077300 
 -0.084804 -0.634423 0.093308 
 -0.320406 -0.744267 0.050272 
 0.218903 -0.169970 -0.330757 
 0.231960 0.633529 0.045718 
 -0.292950 0.858163 0.011259 
 -0.306229 -0.136235 -0.066599 
 -0.353190 -0.070287 -0.060820 
 -0.111061 -0.719676 0.113039 
 0.200894 -0.454162 0.149673 
 0.298631 -0.215229 -0.205386 
 0.314958 -0.053673 -0.184502 
 -0.200817 0.378815 0.012949 
 -0.110574 -0.719106 0.113051 
 -0.150837 -0.072355 0.032822 
 -0.369590 0.885345 -0.004334 
 0.195884 -0.338017 0.130176 
 -0.192163 -0.027094 -0.008671 
 -0.338638 0.822129 -0.045048 
 -0.138382 -0.609144 0.064959 
 0.090286 0.195133 0.104954 
 -0.221600 0.440808 0.035924 
 0.299753 0.607405 0.069128 
 0.055783 0.228450 0.113041 
 0.137234 0.403632 0.017320 
 0.265831 -0.180567 -0.293786 
 -0.334242 0.807530 -0.055267 
 -0.201184 0.344973 0.032372 
 0.074582 0.291267 0.097430 
 -0.189443 -0.539851 -0.147915 
 0.290362 0.050546 -0.169311 
 0.118836 -0.455709 0.103454 
 -0.237784 -0.121828 -0.083731 
 0.181482 -0.527957 0.201132 
 0.301916 0.607371 0.069173 
 0.051780 -0.789109 0.231873 
 0.036372 -0.574067 0.086119 
 -0.297445 0.830559 -0.020141 
 0.353968 0.009968 -0.139892 
 -0.196676 0.246181 0.056193 
 -0.191777 -0.151944 -0.113006 
 -0.248558 0.445645 0.021841 
 0.294863 -0.166722 0.018850 
 -0.223866 -0.124241 -0.078634 
 -0.133043 -0.165713 0.101496 
 -0.072579 0.046408 0.059296 
 -0.277631 0.853294 0.044067 
 0.276663 -0.022266 -0.262521 
 0.322154 0.079478 -0.086651 
 0.244375 0.631192 0.052616 
 -0.051832 0.024182 0.080112 
 -0.169870 0.065751 -0.017319 
 -0.148745 -0.091513 0.054311 
 -0.195984 -0.433327 -0.196223 
 0.196302 -0.241632 -0.342854 
 0.091283 -0.629195 0.169556 
 -0.375367 0.842155 -0.038678 
 0.191416 0.409030 0.048374 
 -0.051880 0.021154 0.080101 
 0.059059 -0.738655 0.159422 
 -0.095103 -0.460787 -0.032520 
 -0.239580 0.073577 -0.020115 
 -0.087589 0.216452 0.078425 
 -0.337145 0.822514 -0.045015 
 0.067070 -0.414706 0.080236 
 -0.120484 -0.030395 0.056194 
 -0.287220 0.517102 -0.015634 
 -0.168878 0.096114 -0.011669 
 -0.301370 0.586903 -0.060544 
 -0.093903 -0.394952 -0.045805 
 0.038329 0.135761 0.113508 
 -0.208513 -0.650373 -0.018114 
 0.489865 0.774218 0.116733 
 -0.142862 -0.478859 -0.147994 
 0.203379 -0.128876 -0.380919 
 -0.093428 -0.085949 0.087507 
 0.298654 -0.200700 -0.203984 
 0.128060 -0.392309 0.107127 
 -0.237237 0.727863 -0.001496 
 -0.124640 -0.581966 0.016442 
 0.377921 0.807212 0.085222 
 0.153000 0.246724 0.134849 
 0.227431 0.477939 0.068108 
 -0.063209 -0.663855 0.074934 
 0.433567 0.678427 0.096294 
 0.293515 -0.137277 -0.136374 
 0.300743 -0.186002 -0.201095 
 0.280829 -0.188022 -0.261144 
 -0.113831 -0.560617 0.001571 
 0.331480 0.723402 0.078222 
 -0.154680 -0.461394 -0.152305 
 -0.146576 -0.061190 0.061285 
 0.289953 -0.355240 0.180860 
 0.181016 0.426227 0.044151 
 -0.286018 -0.044696 -0.041096 
 0.261736 -0.365249 0.163167 
 -0.352834 -0.643185 -0.086902 
 0.283700 0.053942 -0.184746 
 0.319130 0.667201 0.052601 
 -0.257586 0.808116 -0.001181 
 -0.171149 -0.164256 -0.055222 
 0.159122 -0.529073 0.139220 
 0.288749 -0.248023 -0.266020 
 -0.210707 0.218046 0.042802 
 0.074942 -0.725355 0.169975 
 -0.214837 -0.022746 -0.032409 
 -0.229166 -0.665256 -0.019856 
 -0.314199 0.787550 -0.036397 
 -0.221170 0.489855 0.020391 
 0.014844 -0.477681 0.089420 
 -0.109725 -0.651265 0.099735 
 0.199211 -0.537615 0.234388 
 0.100043 0.256309 0.106090 
 -0.293751 0.617060 -0.063937 
 0.077010 -0.581726 0.109741 
 0.132842 -0.508945 0.128981 
 0.205957 0.286293 0.145865 
 0.163411 0.398909 0.031036 
 0.054166 0.213326 0.110118 
 -0.169061 -0.474067 -0.163371 
 0.116075 -0.552032 0.111003 
 0.271380 -0.094214 -0.276995 
 0.220420 -0.085054 -0.305858 
 -0.309718 0.348850 -0.029544 
 0.272792 -0.254797 -0.301526 
 0.145293 -0.527320 0.131819 
 -0.305937 0.099654 -0.054692 
 0.021680 0.027360 0.111198 
 0.355746 -0.000516 -0.080612 
 0.204817 0.269502 0.144523 
 0.250397 -0.206253 -0.306450 
 -0.158038 -0.601547 -0.029751 
 0.141294 -0.702051 0.262280 
 0.151775 -0.441271 0.112071 
 -0.228766 0.382774 -0.001768 
 0.193133 -0.319110 0.106709 
 -0.333511 0.672417 -0.101813 
 -0.268160 0.672290 -0.027812 
 -0.232419 0.522613 0.018318 
 -0.346084 0.641499 -0.089802 
 0.181300 -0.092582 -0.328352 
 -0.315637 0.787573 -0.036428 
 0.102550 -0.549888 0.103441 
 0.180466 -0.282470 -0.358351 
 -0.049572 -0.666307 0.082698 
 0.202561 0.009820 -0.238373 
 -0.174913 -0.195507 -0.061254 
 -0.138418 -0.609150 0.066675 
 -0.079764 -0.088388 0.095324 
 0.048354 0.296411 0.082844 
 -0.265779 -0.701591 0.002103 
 -0.305926 0.860563 0.003941 
 -0.223610 0.251039 0.041317 
 -0.154605 -0.736335 0.121777 
 -0.252151 0.190364 0.039945 
 0.145963 0.215720 0.138124 
 0.287937 0.594972 0.059126 
 -0.152462 -0.628840 0.017753 
 0.227081 0.574496 0.033375 
 -0.010091 0.206967 0.096139 
 0.093282 -0.666368 0.189663 
 -0.319019 0.016676 -0.025984 
 -0.168690 -0.154123 -0.027137 
 0.270371 -0.106922 -0.279576 
 0.310636 -0.261660 -0.280153 
 -0.307563 0.878722 -0.018500 
 -0.106878 -0.068192 0.083501 
 0.461856 0.749456 0.098847 
 -0.100107 -0.505664 -0.041570 
 0.065952 0.180645 0.111477 
 0.121598 -0.595215 0.156922 
 -0.268927 0.421275 -0.017849 
 0.285449 -0.133598 -0.152972 
 -0.023406 -0.687028 0.095177 
 0.400569 0.729305 0.083761 
 0.423541 0.710550 0.095009 
 -0.297481 0.878826 0.146742 
 0.198222 -0.307674 0.135439 
 0.185209 -0.103089 -0.340258 
 0.285591 0.609768 0.061967 
 0.145290 -0.527520 0.131818 
 -0.291650 -0.138681 -0.059184 
 0.343623 0.695198 0.046681 
 0.382500 0.686111 0.067944 
 -0.238244 0.630968 0.031503 
 -0.087097 -0.485311 0.077946 
 0.313157 0.653340 0.059094 
 -0.236184 0.426270 0.025296 
 0.102020 0.373645 0.039921 
 0.402172 0.606438 0.103730 
 0.137391 -0.627747 0.221245 
 0.310278 -0.261655 -0.280160 
 0.112681 -0.405084 0.095964 
 0.291751 -0.196958 -0.220749 
 -0.064103 -0.058627 0.108788 
 -0.223817 0.251042 0.041405 
 0.173376 -0.272299 0.126741 
 -0.288367 0.692043 -0.048696 
 0.267644 0.536314 0.075507 
 -0.268787 0.873919 0.161600 
 -0.210251 -0.695954 0.035140 
 0.003601 -0.744277 0.126466 
 -0.277661 0.674980 -0.044407 
 0.302428 0.018547 -0.167995 
 -0.255480 -0.180086 -0.107201 
 0.047778 0.280975 0.079876 
 0.186301 -0.466971 0.139881 
 0.282747 -0.082077 -0.266980 
 -0.194556 0.101397 -0.026334 
 -0.186650 0.356109 0.042736 
 0.217279 -0.477712 0.181600 
 0.061778 -0.655022 0.149066 
 0.273085 -0.297943 -0.380805 
 -0.302685 0.144976 -0.044955 
 -0.050663 -0.681711 0.079101 
 -0.346120 0.416145 -0.039627 
 -0.359760 -0.031395 -0.006943 
 -0.280717 -0.661799 -0.024378 
 -0.202963 0.363759 0.009930 
 0.153851 0.348825 0.066452 
 -0.151976 -0.659358 0.074240 
 0.408451 0.683071 0.082795 
 -0.244860 0.306337 0.000720 
 -0.355038 -0.100915 -0.065006 
 0.238595 0.432232 0.066526 
 0.305255 -0.209909 -0.080893 
 0.040779 -0.513179 0.096909 
 0.313918 -0.020678 -0.203675 
 0.288711 -0.192004 -0.245455 
 0.158842 -0.528173 0.139217 
 0.244381 0.366168 0.097094 
 -0.166742 -0.150318 0.037341 
 0.375069 0.596413 0.086940 
 -0.026952 -0.064434 0.105389 
 -0.069137 -0.552796 0.089695 
 -0.373248 -0.584053 -0.124795 
 -0.254643 0.009163 -0.013791 
 -0.295775 0.361651 -0.019188 
 0.244701 -0.174546 -0.317311 
 -0.198127 -0.609576 -0.054975 
 -0.255752 -0.007707 -0.017273 
 -0.204280 -0.724414 0.082703 
 0.121651 0.460486 0.065413 
 -0.316335 0.715157 -0.085609 
 -0.176708 0.285617 0.098176 
 0.322246 0.094096 -0.083409 
 0.281178 0.081844 -0.170569 
 0.042399 0.232141 0.105796 
 0.184587 -0.224383 -0.346525 
 0.331470 0.650175 0.056817 
 -0.086884 0.106569 0.074174 
 0.112917 0.252442 0.113373 
 -0.219389 0.286290 0.012977 
 0.376132 0.610521 0.088873 
 0.294263 -0.169965 -0.044514 
 0.046069 0.299940 0.057197 
 0.256903 0.517602 0.091273 
 0.471893 0.835522 0.142321 
 -0.202982 0.329507 0.029351 
 -0.135223 -0.095004 0.062645 
 0.151313 -0.645325 0.225701 
 -0.250526 0.833275 0.055789 
 -0.188028 -0.592053 -0.069749 
 -0.293503 0.665240 -0.079974 
 0.136306 -0.582306 0.166633 
 -0.079492 -0.505409 0.091363 
 -0.226672 -0.604674 -0.071913 
 -0.281141 0.641496 -0.016480 
 -0.035918 -0.049769 0.126699 
 -0.221738 0.130804 -0.001124 
 -0.187019 0.542923 0.071440 
 -0.164489 -0.119693 0.040552 
 0.300531 -0.213502 0.099430 
 -0.219393 0.472773 0.041689 
 -0.200299 -0.025183 -0.025022 
 -0.003922 -0.786006 0.163349 
 0.317827 -0.010918 -0.175922 
 0.263596 -0.350091 0.166181 
 0.019936 0.077499 0.094159 
 -0.260620 0.848861 0.076986 
 -0.270716 0.326923 -0.010460 
 -0.084607 -0.485344 0.006832 
 -0.266365 0.228057 0.013198 
 0.411539 0.650827 0.102395 
 -0.334208 0.002643 -0.036435 
 -0.323354 0.206979 -0.022423 
 0.133225 -0.426800 0.116821 
 0.275496 -0.036655 -0.265299 
 -0.155255 -0.440514 -0.174368 
 -0.155858 -0.455556 -0.177329 
 0.142557 0.477150 0.031327 
 -0.276078 0.674957 -0.044939 
 0.141423 -0.572348 0.195476 
 0.279958 -0.180164 -0.224943 
 -0.341491 0.910875 0.016333 
 0.151916 -0.682590 0.246450 
 0.202764 -0.012289 -0.279130 
 -0.378237 -0.044058 -0.008511 
 0.287455 -0.211117 0.091583 
 0.239166 -0.491285 0.166816 
 -0.213933 -0.504775 -0.156436 
 -0.216625 0.157000 0.029476 
 0.357961 0.660196 0.073924 
 0.112977 -0.405089 0.095970 
 -0.009920 0.206083 0.096140 
 -0.098289 -0.520920 -0.044513 
 -0.118891 0.159305 0.050862 
 -0.128339 -0.494894 -0.082482 
 -0.286531 0.568311 -0.030880 
 -0.253261 0.652015 0.001704 
 -0.175869 -0.542258 -0.141614 
 -0.309725 0.847922 -0.024873 
 -0.312516 -0.215948 -0.144240 
 0.113491 -0.405101 0.097191 
 -0.115256 0.065700 0.049295 
 -0.065259 0.135550 0.077337 
 0.020754 -0.768801 0.156467 
 0.072864 0.087450 0.099305 
 -0.251175 0.089947 -0.024467 
 0.198581 0.534894 0.011013 
 -0.199500 0.250224 0.029231 
 -0.117518 0.250304 0.077988 
 -0.295084 -0.555783 -0.126512 
 -0.318057 0.427329 -0.022664 
 0.079106 0.227724 0.102410 
 0.283866 0.091955 -0.142260 
 0.185149 -0.260532 -0.327605 
 -0.268864 0.623948 -0.010107 
 0.126754 -0.646689 0.235320 
 0.423050 0.650783 0.109480 
 -0.141071 0.041188 0.020014 
 -0.369774 0.885343 -0.002976 
 0.230817 -0.480246 0.188245 
 0.234550 -0.247765 -0.321949 
 -0.219429 0.470455 0.041681 
 0.265873 -0.319749 0.172178 
 0.307802 -0.092904 -0.218495 
 -0.071645 -0.568951 0.086619 
 0.277359 -0.078524 -0.283412 
 -0.098445 -0.630731 0.084970 
 0.313003 0.069014 -0.105479 
 0.103978 0.143160 0.127137 
 0.351751 -0.019354 -0.145628 
 0.209272 0.320930 0.117857 
 -0.183346 -0.633588 -0.025409 
 0.340974 0.011585 -0.146922 
 -0.269403 0.406095 -0.020834 
 0.312745 0.053681 -0.108346 
 0.261985 -0.365255 0.163726 
 -0.100344 0.108997 0.065455 
 0.143634 0.492789 0.034202 
 -0.275664 -0.504652 -0.143471 
 0.219397 -0.099442 -0.309035 
 -0.215551 0.172266 0.033445 
 -0.194723 0.451197 0.053382 
 0.230454 0.403265 0.069952 
 -0.356560 -0.016042 -0.003858 
 0.242279 0.074250 -0.194494 
 0.277900 -0.330580 -0.370475 
 0.321075 0.696568 0.058682 
 0.104134 -0.586596 0.124147 
 0.265278 -0.318368 0.172170 
 -0.254339 0.637232 -0.001285 
 0.136158 -0.627382 0.221220 
 -0.263010 0.515621 -0.025563 
 0.304948 -0.186664 -0.040311 
 -0.262180 -0.047104 -0.051573 
 0.282625 0.499357 0.102726 
 -0.301027 0.930204 0.079005 
 0.178519 -0.507151 0.178382 
 0.030473 -0.465458 0.099875 
 0.267971 0.084158 -0.177601 
 -0.253168 0.802938 0.050150 
 0.170970 -0.084064 -0.370400 
 -0.214648 0.547292 0.056694 
 0.255432 -0.297460 -0.378363 
 0.323600 -0.066324 -0.204738 
 -0.238338 0.397420 0.019292 
 -0.186007 -0.609729 -0.047586 
 -0.078343 -0.416847 -0.016592 
 0.012860 -0.627978 0.113218 
 0.408433 0.681048 0.082123 
 -0.258227 0.542609 0.007612 
 0.242423 -0.446602 0.175840 
 0.182447 -0.335603 0.122837 
 -0.085849 -0.470491 0.080986 
 0.301093 -0.018383 -0.209311 
 -0.109107 0.081954 0.043242 
 0.244913 -0.126409 -0.333483 
 -0.228180 -0.502354 -0.163930 
 0.266320 -0.304573 0.176287 
 0.316547 -0.048317 -0.219110 
 -0.219490 0.301519 0.015958 
 0.194824 -0.353184 0.125956 
 -0.152089 0.151290 0.042186 
 0.298565 -0.145470 -0.013116 
 -0.027620 -0.620398 0.090879 
 -0.214811 -0.483723 -0.178594 
 0.048132 -0.652745 0.141605 
 -0.111950 -0.682233 0.093937 
 -0.128498 -0.479706 -0.078501 
 0.445955 0.840297 0.128140 
 0.518833 0.813473 0.141562 
 -0.262752 0.747637 -0.013127 
 -0.252873 0.386260 0.008928 
 -0.344216 0.898055 -0.012443 
 -0.048563 0.068846 0.088547 
 0.005515 0.184307 0.126161 
 -0.189109 -0.058596 -0.023672 
 -0.062417 -0.663871 0.075862 
 -0.204457 0.299099 0.023355 
 -0.295046 0.251950 -0.023805 
 0.097230 -0.611538 0.164006 
 0.042568 0.181261 0.121936 
 -0.304963 0.649603 -0.064313 
 -0.185077 -0.024522 0.045093 
 -0.305318 -0.507545 -0.125268 
 -0.273506 0.170958 -0.024858 
 0.236227 -0.344151 0.151483 
 -0.141315 -0.185807 0.044512 
 -0.166924 0.061239 0.008282 
 -0.146899 0.024879 0.025491 
 -0.047871 -0.703576 0.102678 
 0.397007 0.653378 0.095254 
 0.175063 0.279979 0.104161 
 -0.010305 0.030252 0.105236 
 -0.165135 -0.135013 0.038762 
 -0.128510 -0.575803 -0.009437 
 0.243149 0.031884 -0.212468 
 -0.117026 0.065728 0.049258 
 0.200883 -0.453462 0.150713 
 0.294603 0.022661 -0.184218 
 0.052553 -0.598222 0.116062 
 0.340978 0.011849 -0.146921 
 -0.230131 0.008959 -0.024774 
 -0.265934 0.026845 -0.018604 
 -0.208110 0.439262 0.043040 
 0.318985 0.667204 0.052254 
 0.470691 0.674282 0.091515 
 -0.059918 -0.617603 0.084977 
 0.244987 0.365409 0.097104 
 0.021721 -0.587286 0.075215 
 0.166863 -0.363528 0.108263 
 0.082489 -0.624839 0.153816 
 -0.037228 -0.684163 0.087715 
 0.343680 0.538598 0.095123 
 -0.233690 0.148449 -0.005065 
 -0.020403 -0.761414 0.134733 
 -0.278635 -0.164663 -0.091896 
 0.138229 -0.680122 0.237679 
 -0.037166 -0.014434 0.107039 
 0.377933 0.807214 0.084636 
 0.289828 -0.181082 -0.145298 
 -0.278055 0.453998 -0.019155 
 -0.089097 -0.075502 0.116487 
 0.218417 -0.403528 0.132585 
 0.304942 -0.187053 -0.040327 
 -0.171325 -0.118688 -0.046301 
 0.241305 0.074265 -0.194219 
 -0.196842 0.405546 0.044934 
 -0.264719 0.107618 -0.028856 
 -0.327195 0.923637 0.026671 
 0.282688 -0.162758 -0.158665 
 0.058448 -0.755890 0.229395 
 -0.277217 0.733864 -0.023421 
 -0.276772 0.853281 0.044003 
 0.054131 -0.635329 0.135926 
 -0.318062 0.428053 -0.021887 
 0.427238 0.815087 0.089175 
 -0.110702 -0.488061 -0.045892 
 0.304461 0.545644 0.073590 
 -0.175905 -0.542264 -0.139942 
 -0.277182 0.735067 -0.024145 
 -0.094902 0.184710 0.080700 
 0.296631 -0.175074 -0.018933 
 0.181122 -0.092947 -0.328356 
 -0.256608 -0.195367 -0.108322 
 0.240778 -0.269385 0.166447 
 0.240382 0.074280 -0.194533 
 0.330600 0.540945 0.088273 
 -0.093865 -0.393523 -0.046510 
 0.191204 0.360741 0.065311 
 0.299719 -0.199557 -0.203958 
 -0.345608 -0.500267 -0.146385 
 0.370996 0.657906 0.081035 
 -0.097916 -0.735704 0.117505 
 0.487934 0.744998 0.112995 
 0.078105 -0.568417 0.111370 
 0.064601 -0.562500 0.103971 
 -0.257349 0.822927 0.001782 
 0.311978 -0.072308 -0.250145 
 -0.277292 -0.638119 -0.056650 
 0.017246 0.216438 0.113811 
 -0.265806 -0.428831 -0.197759 
 -0.180267 -0.147961 0.028315 
 -0.073204 -0.466625 -0.008805 
 0.003666 -0.512581 0.101496 
 -0.254750 0.820672 0.027537 
 -0.188840 0.327071 0.038308 
 0.207616 -0.167706 -0.337685 
 0.324728 -0.014407 -0.159704 
 -0.155006 -0.736328 0.121769 
 0.093278 -0.434785 0.091725 
 0.298543 -0.146840 -0.013094 
 -0.231431 0.301982 0.008619 
 0.209277 0.320931 0.117610 
 0.040498 -0.632883 0.128802 
 -0.011839 0.031140 0.105206 
 -0.132369 -0.467945 -0.128781 
 0.382373 0.626149 0.082352 
 0.097241 -0.610823 0.164008 
 -0.259584 0.860620 0.079978 
 0.040216 -0.648280 0.125103 
 -0.001441 -0.639027 0.102744 
 0.301026 -0.041227 -0.253249 
 0.325433 0.587958 0.081592 
 -0.342336 0.578642 -0.085446 
 0.289414 -0.270685 -0.306040 
 -0.255536 -0.461399 -0.197572 
 -0.260636 0.847813 0.076982 
 -0.064832 -0.419270 -0.008772 
 0.085430 -0.769496 0.279137 
 -0.075178 0.198826 0.081426 
 0.267950 -0.171278 -0.265747 
 -0.088661 0.201293 0.074611 
 -0.281114 0.492045 -0.063818 
 0.065237 -0.496797 0.091456 
 0.168034 -0.279657 -0.365310 
 -0.349376 0.371325 -0.048568 
 0.285979 -0.115879 -0.246081 
 0.268023 0.082579 -0.177605 
 0.329908 0.650200 0.056784 
 0.488777 0.759607 0.115850 
 0.276577 0.000670 -0.222456 
 -0.322435 0.366258 -0.033912 
 0.079311 0.178235 0.119871 
 0.177129 0.260495 0.126999 
 0.267574 0.486892 0.092592 
 0.059407 0.089848 0.094565 
 0.142130 -0.328362 0.101111 
 0.225280 0.434595 0.059338 
 0.180010 -0.178205 -0.354467 
 0.333438 0.038894 -0.122685 
 0.241313 0.074409 -0.194513 
 -0.243680 0.554921 0.016515 
 -0.318018 0.543651 -0.075332 
 -0.201319 -0.139122 -0.092159 
 -0.280921 0.374437 -0.009186 
 0.221425 -0.070610 -0.301767 
 -0.350861 -0.627793 -0.083944 
 0.237484 -0.275244 -0.336709 
 -0.387641 -0.210399 -0.075949 
 0.019093 -0.731305 0.138031 
 -0.010225 -0.478674 0.100080 
 0.293233 -0.178148 -0.082166 
 0.030085 -0.711224 0.121974 
 -0.365392 0.827336 -0.058473 
 -0.267484 0.370288 -0.001453 
 -0.321209 -0.722170 0.027826 
 0.161018 -0.498307 0.145248 
 -0.228281 0.039426 -0.019329 
 0.223858 -0.312482 0.150105 
 -0.249818 0.120419 -0.018371 
 