0.217747 0.953839 0.132395 
 0.196013 0.967255 0.134246 
 0.258483 0.855264 0.201307 
 0.241069 0.883668 0.171039 
 0.219250 0.897135 0.172898 
 0.199718 0.918019 0.158686 
 0.182558 0.946265 0.128396 
 0.160824 0.959681 0.130248 
 0.139090 0.973096 0.132100 
 0.249381 0.849129 0.163308 
 0.227562 0.862597 0.165167 
 0.208020 0.883525 0.150964 
 0.186229 0.896975 0.152821 
 0.164439 0.910425 0.154677 
 0.147370 0.938692 0.124398 
 0.125636 0.952107 0.126250 
 0.253275 0.799511 0.187667 
 0.238112 0.835580 0.141386 
 0.216322 0.849031 0.143242 
 0.194531 0.862481 0.145099 
 0.177385 0.890871 0.114845 
 0.155650 0.904287 0.116697 
 0.133916 0.917702 0.118548 
 0.112182 0.931118 0.120400 
 0.272602 0.802805 0.099736 
 0.250867 0.816220 0.101588 
 0.229133 0.829636 0.103440 
 0.207399 0.843051 0.105292 
 0.185665 0.856467 0.107143 
 0.163931 0.869882 0.108995 
 0.142196 0.883298 0.110847 
 0.120462 0.896713 0.112698 
 0.098728 0.910129 0.114550 
 0.274319 0.745513 0.140113 
 0.254716 0.766592 0.125943 
 0.237413 0.795231 0.095738 
 0.215679 0.808646 0.097590 
 0.193945 0.822062 0.099442 
 0.172211 0.835477 0.101293 
 0.150476 0.848893 0.103145 
 0.128742 0.862308 0.104997 
 0.107008 0.875724 0.106849 
 0.085274 0.889139 0.108700 
 0.267428 0.747411 0.086185 
 0.245693 0.760826 0.088037 
 0.223959 0.774242 0.089888 
 0.202225 0.787657 0.091740 
 0.175855 0.785899 0.125647 
 0.158757 0.814488 0.095444 
 0.137022 0.827904 0.097295 
 0.110483 0.826250 0.131217 
 0.093554 0.854735 0.100999 
 0.059524 0.830652 0.183050 
 0.037648 0.844155 0.184914 
 0.249528 0.711054 0.112356 
 0.232239 0.739837 0.082187 
 0.210505 0.753252 0.084038 
 0.188771 0.766668 0.085890 
 0.162366 0.764856 0.119782 
 0.140575 0.778306 0.121638 
 0.123568 0.806914 0.091445 
 0.096994 0.805207 0.125352 
 0.080100 0.833745 0.095149 
 0.045982 0.809527 0.177162 
 0.024107 0.823030 0.179026 
 0.002232 0.836532 0.180890 
 0.236039 0.690011 0.106491 
 0.218785 0.718848 0.076337 
 0.197051 0.732263 0.078188 
 0.175317 0.745679 0.080040 
 0.148877 0.743812 0.113917 
 0.131848 0.772510 0.083744 
 0.110114 0.785925 0.085595 
 0.083505 0.784163 0.119486 
 0.061714 0.797613 0.121343 
 0.032441 0.788401 0.171274 
 0.010565 0.801904 0.173138 
 -0.011310 0.815407 0.175002 
 -0.020291 0.866418 0.096706 
 -0.042025 0.879834 0.098557 
 0.222550 0.668967 0.100626 
 0.200760 0.682417 0.102482 
 0.183597 0.711274 0.072339 
 0.161863 0.724690 0.074190 
 0.140129 0.738105 0.076042 
 0.118394 0.751521 0.077894 
 0.096660 0.764936 0.079746 
 0.070016 0.763119 0.113621 
 0.048225 0.776570 0.115478 
 0.018899 0.767276 0.165386 
 -0.002976 0.780779 0.167250 
 -0.024851 0.794281 0.169114 
 -0.038938 0.830371 0.122904 
 -0.068602 0.821287 0.172841 
 -0.077213 0.872260 0.094559 
 -0.098948 0.885676 0.096411 
 -0.120682 0.899091 0.098263 
 -0.147891 0.897623 0.132187 
 -0.172447 0.903649 0.150083 
 -0.194266 0.917116 0.151942 
 0.228605 0.626690 0.108890 
 0.209061 0.647923 0.094760 
 0.191877 0.676869 0.064637 
 0.170143 0.690285 0.066489 
 0.148409 0.703700 0.068340 
 0.126675 0.717116 0.070192 
 0.104940 0.730531 0.072044 
 0.083206 0.743947 0.073896 
 0.056527 0.742076 0.107756 
 0.034736 0.755526 0.109613 
 0.005358 0.746150 0.159498 
 -0.016517 0.759653 0.161362 
 -0.038393 0.773156 0.163226 
 -0.060268 0.786658 0.165090 
 -0.082143 0.800161 0.166953 
 -0.096008 0.836228 0.120752 
 -0.117799 0.849678 0.122609 
 -0.139589 0.863129 0.124465 
 -0.155870 0.891517 0.094265 
 -0.183171 0.890029 0.128178 
 -0.207773 0.896045 0.146069 
 -0.229592 0.909513 0.147928 
 0.215099 0.605619 0.103018 
 0.195572 0.626879 0.088895 
 0.178423 0.655880 0.058787 
 0.156689 0.669296 0.060639 
 0.134955 0.682711 0.062490 
 0.113220 0.696127 0.064342 
 0.091486 0.709542 0.066194 
 0.069752 0.722958 0.068046 
 0.043038 0.721032 0.101891 
 0.021247 0.734482 0.103748 
 -0.008184 0.725025 0.153611 
 -0.030059 0.738528 0.155474 
 -0.051934 0.752030 0.157338 
 -0.073810 0.765533 0.159202 
 -0.095685 0.779035 0.161066 
 -0.109497 0.815184 0.114887 
 -0.131288 0.828635 0.116743 
 -0.153078 0.842085 0.118600 
 -0.174869 0.855535 0.120457 
 -0.196660 0.868986 0.122313 
 -0.221279 0.874974 0.140196 
 -0.243098 0.888442 0.142055 
 -0.264917 0.901910 0.143914 
 0.310686 0.517209 0.087850 
 0.288868 0.530677 0.089709 
 0.267049 0.544145 0.091568 
 0.251906 0.581229 0.045530 
 0.230172 0.594644 0.047382 
 0.208437 0.608060 0.049234 
 0.191323 0.637115 0.019139 
 0.169646 0.650496 0.020986 
 0.143235 0.648306 0.054789 
 0.121501 0.661722 0.056641 
 0.099766 0.675137 0.058492 
 0.078032 0.688553 0.060344 
 0.056298 0.701968 0.062196 
 0.029549 0.699988 0.096026 
 0.007758 0.713439 0.097883 
 -0.021725 0.703899 0.147723 
 -0.043600 0.717402 0.149586 
 -0.065476 0.730905 0.151450 
 -0.087351 0.744407 0.153314 
 -0.109226 0.757910 0.155178 
 -0.122986 0.794141 0.109022 
 -0.144777 0.807591 0.110878 
 -0.166567 0.821041 0.112735 
 -0.188358 0.834492 0.114591 
 -0.212967 0.840436 0.132465 
 -0.231939 0.861392 0.118305 
 -0.256605 0.867371 0.136183 
 -0.284229 0.865931 0.170088 
 -0.306104 0.879434 0.171951 
 0.368857 0.479747 0.028570 
 0.347123 0.493162 0.030422 
 0.299338 0.504090 0.066026 
 0.281920 0.533409 0.035977 
 0.260186 0.546824 0.037829 
 0.242937 0.576038 0.007764 
 0.223531 0.597301 -0.006349 
 0.199582 0.602800 0.011458 
 0.177904 0.616180 0.013305 
 0.156226 0.629561 0.015152 
 0.134549 0.642942 0.016999 
 0.112871 0.656322 0.018846 
 0.091193 0.669703 0.020692 
 0.064578 0.667564 0.054494 
 0.042844 0.680979 0.056346 
 0.021110 0.694395 0.058198 
 -0.005731 0.692395 0.092017 
 -0.030103 0.698155 0.109862 
 -0.051922 0.711622 0.111721 
 -0.079017 0.709779 0.145562 
 -0.100892 0.723282 0.147426 
 -0.117379 0.752026 0.117297 
 -0.136475 0.773097 0.103157 
 -0.158266 0.786547 0.105013 
 -0.180056 0.799998 0.106870 
 -0.201847 0.813448 0.108726 
 -0.226473 0.819365 0.126592 
 -0.248292 0.832832 0.128451 
 -0.275895 0.831303 0.162336 
 -0.297770 0.844805 0.164200 
 -0.319646 0.858308 0.166064 
 0.381263 0.461439 -0.010999 
 0.359585 0.474820 -0.009152 
 0.333669 0.472173 0.024572 
 0.316229 0.501581 -0.005458 
 0.294552 0.514962 -0.003611 
 0.275078 0.536304 -0.017710 
 0.253428 0.549667 -0.015865 
 0.236299 0.578884 -0.045921 
 0.219283 0.608031 -0.075987 
 0.193113 0.605541 -0.042241 
 0.171520 0.618869 -0.040402 
 0.149927 0.632197 -0.038562 
 0.123531 0.629847 -0.004798 
 0.099452 0.635388 0.013011 
 0.077774 0.648768 0.014858 
 0.051124 0.646574 0.048644 
 0.024361 0.644450 0.082439 
 0.000028 0.650148 0.100271 
 -0.021791 0.663616 0.102130 
 -0.048808 0.661648 0.135947 
 -0.065429 0.690551 0.105848 
 -0.092559 0.688654 0.139674 
 -0.106383 0.725152 0.093579 
 -0.128173 0.738603 0.095435 
 -0.144484 0.767314 0.065310 
 -0.166218 0.780729 0.067161 
 -0.187952 0.794145 0.069013 
 -0.215336 0.792404 0.102861 
 -0.237127 0.805854 0.104718 
 -0.261799 0.811761 0.122578 
 -0.289437 0.810177 0.156448 
 -0.311312 0.823680 0.158312 
 -0.339119 0.822201 0.192196 
 0.407152 0.397522 0.011315 
 0.385417 0.410937 0.013167 
 0.367843 0.440504 -0.016834 
 0.348274 0.461944 -0.030915 
 0.326625 0.475307 -0.029070 
 0.309305 0.504717 -0.059092 
 0.283326 0.502033 -0.025381 
 0.266119 0.531374 -0.055412 
 0.244526 0.544702 -0.053573 
 0.227488 0.573939 -0.083619 
 0.205951 0.587232 -0.081784 
 0.184415 0.600526 -0.079949 
 0.162878 0.613819 -0.078114 
 0.141342 0.627113 -0.076279 
 0.110129 0.608939 -0.010625 
 0.088480 0.622303 -0.008781 
 0.064355 0.627834 0.009023 
 0.037670 0.625585 0.042794 
 0.010872 0.623407 0.076574 
 -0.013479 0.629077 0.094398 
 -0.032709 0.650307 0.080287 
 -0.057116 0.656013 0.098116 
 -0.078935 0.669480 0.099975 
 -0.098081 0.690658 0.085857 
 -0.119872 0.704109 0.087713 
 -0.136204 0.732909 0.057608 
 -0.157938 0.746325 0.059460 
 -0.185244 0.744460 0.093283 
 -0.201406 0.773156 0.063163 
 -0.228825 0.771360 0.096996 
 -0.259227 0.762047 0.146833 
 -0.281103 0.775549 0.148697 
 -0.308832 0.773946 0.182556 
 -0.330764 0.787483 0.184424 
 -0.352695 0.801021 0.186293 
 0.567571 0.269208 -0.009349 
 0.545837 0.282624 -0.007497 
 0.524103 0.296039 -0.005645 
 0.502368 0.309455 -0.003794 
 0.480634 0.322870 -0.001942 
 0.458900 0.336286 -0.000090 
 0.443120 0.374220 -0.045965 
 0.419458 0.379428 -0.028209 
 0.397780 0.392808 -0.026362 
 0.376102 0.406189 -0.024516 
 0.354424 0.419570 -0.022669 
 0.339124 0.457207 -0.068583 
 0.317531 0.470536 -0.066743 
 0.295938 0.483864 -0.064904 
 0.278766 0.513260 -0.094920 
 0.252752 0.510521 -0.061224 
 0.235693 0.539847 -0.091251 
 0.214156 0.553140 -0.089416 
 0.192620 0.566434 -0.087581 
 0.171083 0.579727 -0.085746 
 0.149546 0.593021 -0.083911 
 0.128010 0.606315 -0.082076 
 0.101600 0.603820 -0.048346 
 0.075078 0.601395 -0.014608 
 0.050936 0.606899 0.003188 
 0.024216 0.604596 0.036944 
 -0.002617 0.602363 0.070709 
 -0.026985 0.608006 0.088526 
 -0.046198 0.629264 0.074422 
 -0.070623 0.634942 0.092244 
 -0.092442 0.648409 0.094102 
 -0.111570 0.669615 0.079992 
 -0.133361 0.683065 0.081848 
 -0.155151 0.696515 0.083705 
 -0.176942 0.709966 0.085561 
 -0.198733 0.723416 0.087418 
 -0.214860 0.752167 0.057313 
 -0.242314 0.750317 0.091131 
 -0.272769 0.740921 0.140945 
 -0.294644 0.754424 0.142809 
 -0.316519 0.767926 0.144672 
 -0.338395 0.781429 0.146536 
 -0.360270 0.794932 0.148400 
 0.575851 0.234804 -0.017050 
 0.554117 0.248219 -0.015199 
 0.532383 0.261635 -0.013347 
 0.510649 0.275050 -0.011495 
 0.488914 0.288466 -0.009644 
 0.467180 0.301881 -0.007792 
 0.451368 0.339949 -0.053636 
 0.429719 0.353312 -0.051792 
 0.408069 0.366676 -0.049947 
 0.386419 0.380039 -0.048103 
 0.364770 0.393402 -0.046258 
 0.347351 0.423026 -0.076235 
 0.325758 0.436355 -0.074395 
 0.304165 0.449683 -0.072555 
 0.282571 0.463011 -0.070715 
 0.265434 0.492461 -0.100717 
 0.243898 0.505755 -0.098882 
 0.222361 0.519049 -0.097047 
 0.200825 0.532342 -0.095212 
 0.179288 0.545636 -0.093377 
 0.157751 0.558929 -0.091543 
 0.136215 0.572223 -0.089708 
 0.114678 0.585516 -0.087873 
 0.093142 0.598810 -0.086038 
 0.066641 0.596295 -0.052318 
 0.037517 0.585964 -0.002646 
 0.010762 0.583607 0.031094 
 -0.016106 0.581319 0.064844 
 -0.040491 0.586935 0.082653 
 -0.059687 0.608220 0.068557 
 -0.084129 0.613871 0.086371 
 -0.103268 0.635120 0.072270 
 -0.125059 0.648571 0.074127 
 -0.141378 0.677515 0.044057 
 -0.163112 0.690931 0.045908 
 -0.184846 0.704346 0.047760 
 -0.212222 0.702372 0.081553 
 -0.228314 0.731177 0.051463 
 -0.255803 0.729273 0.085266 
 -0.280499 0.735081 0.103101 
 -0.302318 0.748548 0.104960 
 -0.330061 0.746801 0.138784 
 -0.351936 0.760303 0.140648 
 -0.373811 0.773806 0.142512 
 0.562397 0.213814 -0.022900 
 0.536962 0.210566 0.010709 
 0.515172 0.224017 0.012565 
 0.493381 0.237467 0.014422 
 0.471590 0.250917 0.016278 
 0.453726 0.280892 -0.013642 
 0.435975 0.310797 -0.043573 
 0.416317 0.332405 -0.057619 
 0.394667 0.345768 -0.055774 
 0.377170 0.375517 -0.085726 
 0.355577 0.388845 -0.083886 
 0.333984 0.402173 -0.082046 
 0.312391 0.415502 -0.080207 
 0.290798 0.428830 -0.078367 
 0.273639 0.458369 -0.108349 
 0.252103 0.471663 -0.106514 
 0.230566 0.484957 -0.104679 
 0.213633 0.514356 -0.134678 
 0.192153 0.527615 -0.132848 
 0.170673 0.540874 -0.131018 
 0.144420 0.538131 -0.097339 
 0.122883 0.551424 -0.095504 
 0.101346 0.564718 -0.093669 
 0.079810 0.578011 -0.091835 
 0.053274 0.575442 -0.058130 
 0.026625 0.572943 -0.024418 
 -0.002692 0.562618 0.025245 
 -0.029595 0.560275 0.058979 
 -0.059223 0.550141 0.108668 
 -0.075817 0.579332 0.078639 
 -0.097636 0.592800 0.080498 
 -0.119455 0.606267 0.082357 
 -0.138548 0.627527 0.068262 
 -0.154832 0.656526 0.038207 
 -0.176566 0.669942 0.040058 
 -0.198300 0.683357 0.041910 
 -0.225711 0.681329 0.075688 
 -0.241768 0.710188 0.045614 
 -0.269292 0.708229 0.079401 
 -0.294006 0.714010 0.097229 
 -0.321727 0.712173 0.131033 
 -0.343602 0.725675 0.132897 
 -0.365478 0.739178 0.134760 
 -0.387353 0.752681 0.136624 
 0.639333 0.156056 -0.067877 
 0.614146 0.152579 -0.034305 
 0.592412 0.165994 -0.032454 
 0.570677 0.179410 -0.030602 
 0.548943 0.192825 -0.028750 
 0.527209 0.206241 -0.026899 
 0.505475 0.219656 -0.025047 
 0.483741 0.233072 -0.023195 
 0.462006 0.246487 -0.021343 
 0.440272 0.259903 -0.019492 
 0.428583 0.314679 -0.097057 
 0.406990 0.328007 -0.095217 
 0.385397 0.341335 -0.093378 
 0.363803 0.354664 -0.091538 
 0.346454 0.384397 -0.121485 
 0.324917 0.397690 -0.119650 
 0.303381 0.410984 -0.117815 
 0.281844 0.424278 -0.115980 
 0.260308 0.437571 -0.114145 
 0.238771 0.450865 -0.112310 
 0.221817 0.480354 -0.142290 
 0.200337 0.493612 -0.140460 
 0.178856 0.506871 -0.138630 
 0.157376 0.520130 -0.136800 
 0.135896 0.533389 -0.134970 
 0.114416 0.546647 -0.133140 
 0.088015 0.543919 -0.099466 
 0.066478 0.557213 -0.097631 
 0.039907 0.554590 -0.063942 
 0.013224 0.552036 -0.030245 
 -0.016146 0.541628 0.019395 
 -0.043084 0.539232 0.053114 
 -0.072764 0.529016 0.102780 
 -0.089323 0.558261 0.072766 
 -0.111142 0.571729 0.074625 
 -0.132961 0.585196 0.076484 
 -0.152037 0.606483 0.062396 
 -0.168286 0.635537 0.032357 
 -0.190020 0.648952 0.034209 
 -0.211754 0.662368 0.036060 
 -0.233488 0.675783 0.037912 
 -0.255223 0.689199 0.039764 
 -0.282781 0.687185 0.073536 
 -0.307512 0.692939 0.091356 
 -0.335268 0.691047 0.125145 
 -0.357144 0.704550 0.127009 
 -0.379019 0.718052 0.128872 
 -0.400894 0.731555 0.130736 
 0.644160 0.104758 -0.043859 
 0.622426 0.118174 -0.042007 
 0.600692 0.131589 -0.040155 
 0.578957 0.145005 -0.038304 
 0.557223 0.158420 -0.036452 
 0.535489 0.171836 -0.034600 
 0.513755 0.185251 -0.032748 
 0.492021 0.198667 -0.030897 
 0.470286 0.212082 -0.029045 
 0.452492 0.242166 -0.058936 
 0.430814 0.255547 -0.057089 
 0.409137 0.268928 -0.055242 
 0.393623 0.307154 -0.101029 
 0.376196 0.337011 -0.130951 
 0.354659 0.350305 -0.129117 
 0.333122 0.363598 -0.127282 
 0.311586 0.376892 -0.125447 
 0.290049 0.390185 -0.123612 
 0.268512 0.403479 -0.121777 
 0.246976 0.416773 -0.119942 
 0.225439 0.430066 -0.118107 
 0.203903 0.443360 -0.116272 
 0.187040 0.472868 -0.146241 
 0.165560 0.486127 -0.144411 
 0.144079 0.499386 -0.142581 
 0.122599 0.512645 -0.140751 
 0.101119 0.525903 -0.138921 
 0.074683 0.523121 -0.105263 
 0.053146 0.536414 -0.103428 
 0.026540 0.533736 -0.069754 
 -0.000178 0.531129 -0.036072 
 -0.029600 0.520639 0.013545 
 -0.056573 0.518188 0.047249 
 -0.086306 0.507890 0.096892 
 -0.100154 0.545089 0.050962 
 -0.121945 0.558539 0.052818 
 -0.143735 0.571989 0.054675 
 -0.160006 0.601132 0.024655 
 -0.181740 0.614548 0.026507 
 -0.197840 0.643586 -0.003528 
 -0.219518 0.656967 -0.001681 
 -0.246942 0.654794 0.032062 
 -0.268677 0.668210 0.033914 
 -0.296270 0.666142 0.067671 
 -0.321019 0.671868 0.085483 
 -0.342838 0.685335 0.087342 
 -0.370685 0.683424 0.121121 
 -0.392560 0.696927 0.122985 
 -0.414436 0.710430 0.124848 
 0.725138 -0.195047 0.303210 
 0.705940 -0.164020 0.273457 
 0.683613 -0.150238 0.275360 
 0.661286 -0.136457 0.277262 
 0.630706 0.083769 -0.049709 
 0.612495 0.114186 -0.079546 
 0.590817 0.127567 -0.077699 
 0.569140 0.140948 -0.075852 
 0.543769 0.137431 -0.042302 
 0.522035 0.150847 -0.040450 
 0.500301 0.164262 -0.038598 
 0.478567 0.177678 -0.036747 
 0.456832 0.191093 -0.034895 
 0.439073 0.221232 -0.064771 
 0.417395 0.234612 -0.062924 
 0.401849 0.272972 -0.108681 
 0.380256 0.286301 -0.106841 
 0.362864 0.316213 -0.136748 
 0.341327 0.329506 -0.134913 
 0.319790 0.342800 -0.133078 
 0.298254 0.356093 -0.131244 
 0.276717 0.369387 -0.129409 
 0.255181 0.382681 -0.127574 
 0.233644 0.395974 -0.125739 
 0.212107 0.409268 -0.123904 
 0.190571 0.422561 -0.122069 
 0.169034 0.435855 -0.120234 
 0.152263 0.465383 -0.150193 
 0.130783 0.478642 -0.148363 
 0.109302 0.491901 -0.146533 
 0.087822 0.505159 -0.144703 
 0.066342 0.518418 -0.142873 
 0.039814 0.515616 -0.109225 
 0.013174 0.512884 -0.075566 
 -0.013579 0.510221 -0.041899 
 -0.037838 0.515606 -0.024138 
 -0.070062 0.497144 0.041384 
 -0.091853 0.510595 0.043240 
 -0.113643 0.524045 0.045097 
 -0.135434 0.537495 0.046953 
 -0.157224 0.550946 0.048810 
 -0.173460 0.580143 0.018805 
 -0.195194 0.593559 0.020657 
 -0.211260 0.622652 -0.009363 
 -0.232937 0.636032 -0.007516 
 -0.260396 0.633805 0.026212 
 -0.282131 0.647221 0.028064 
 -0.303865 0.660636 0.029916 
 -0.331550 0.658548 0.063662 
 -0.353340 0.671999 0.065519 
 -0.375131 0.685449 0.067375 
 -0.406102 0.675801 0.117097 
 0.711282 -0.216663 0.297186 
 0.692119 -0.185581 0.267448 
 0.673068 -0.154570 0.237701 
 0.647465 -0.158019 0.271252 
 0.625138 -0.144237 0.273155 
 0.617252 0.062780 -0.055559 
 0.595518 0.076195 -0.053707 
 0.573784 0.089611 -0.051855 
 0.555721 0.120013 -0.081687 
 0.530315 0.116442 -0.048152 
 0.512365 0.146774 -0.077993 
 0.490687 0.160155 -0.076146 
 0.469009 0.173536 -0.074299 
 0.447332 0.186916 -0.072452 
 0.427659 0.208686 -0.086461 
 0.406009 0.222049 -0.084616 
 0.388482 0.252120 -0.114493 
 0.371069 0.282121 -0.144380 
 0.349532 0.295415 -0.142545 
 0.327995 0.308708 -0.140710 
 0.306459 0.322002 -0.138875 
 0.284922 0.335295 -0.137040 
 0.263386 0.348589 -0.135205 
 0.241849 0.361882 -0.133370 
 0.220312 0.375176 -0.131536 
 0.198776 0.388469 -0.129701 
 0.177239 0.401763 -0.127866 
 0.155702 0.415056 -0.126031 
 0.138966 0.444639 -0.155974 
 0.112629 0.441644 -0.122361 
 0.091093 0.454937 -0.120526 
 0.074525 0.484415 -0.150484 
 0.048019 0.481524 -0.116856 
 0.026483 0.494818 -0.115021 
 -0.000193 0.492031 -0.081378 
 -0.026981 0.489314 -0.047726 
 -0.051257 0.494672 -0.029973 
 -0.078243 0.492076 0.003697 
 -0.105342 0.489551 0.037375 
 -0.127132 0.503001 0.039232 
 -0.148923 0.516451 0.041088 
 -0.165179 0.545738 0.011104 
 -0.186914 0.559154 0.012955 
 -0.208648 0.572569 0.014807 
 -0.224679 0.601717 -0.015198 
 -0.246356 0.615097 -0.013351 
 -0.268034 0.628478 -0.011504 
 -0.295585 0.626231 0.022214 
 -0.317319 0.639647 0.024066 
 -0.345039 0.637505 0.057797 
 -0.366829 0.650955 0.059653 
 -0.388620 0.664405 0.061510 
 0.697427 -0.238279 0.291161 
 0.681552 -0.189823 0.229810 
 0.659282 -0.176077 0.231707 
 0.637011 -0.162330 0.233604 
 0.614741 -0.148584 0.235502 
 0.625532 0.028375 -0.063260 
 0.603798 0.041791 -0.061409 
 0.582064 0.055206 -0.059557 
 0.563979 0.085698 -0.089368 
 0.542301 0.099078 -0.087522 
 0.520624 0.112459 -0.085675 
 0.498946 0.125840 -0.083828 
 0.477268 0.139220 -0.081981 
 0.457556 0.161052 -0.095977 
 0.433913 0.165982 -0.078287 
 0.414257 0.187778 -0.092288 
 0.392608 0.201141 -0.090444 
 0.375116 0.231267 -0.120305 
 0.357737 0.261323 -0.150177 
 0.336200 0.274616 -0.148342 
 0.314664 0.287910 -0.146507 
 0.293127 0.301203 -0.144672 
 0.267150 0.297909 -0.111106 
 0.250054 0.327790 -0.141002 
 0.228517 0.341084 -0.139167 
 0.202371 0.337894 -0.105587 
 0.185444 0.367671 -0.135497 
 0.163907 0.380964 -0.133662 
 0.142371 0.394258 -0.131828 
 0.120834 0.407552 -0.129993 
 0.099297 0.420845 -0.128158 
 0.077761 0.434139 -0.126323 
 0.056224 0.447432 -0.124488 
 0.034687 0.460726 -0.122653 
 0.013151 0.474019 -0.120818 
 -0.013560 0.471178 -0.087190 
 -0.040383 0.468406 -0.053553 
 -0.064676 0.473737 -0.035808 
 -0.091697 0.471087 -0.002153 
 -0.118830 0.468507 0.031510 
 -0.140621 0.481957 0.033366 
 -0.162412 0.495408 0.035223 
 -0.178634 0.524749 0.005254 
 -0.200368 0.538164 0.007105 
 -0.222102 0.551580 0.008957 
 -0.238098 0.580782 -0.021032 
 -0.259775 0.594163 -0.019185 
 -0.281453 0.607544 -0.017339 
 -0.309039 0.605242 0.016364 
 -0.330773 0.618658 0.018216 
 -0.358528 0.616461 0.051932 
 -0.380318 0.629911 0.053788 
 -0.402109 0.643362 0.055645 
 0.709131 -0.256268 0.251625 
 0.686804 -0.242486 0.253527 
 0.667766 -0.211331 0.223815 
 0.645496 -0.197584 0.225713 
 0.624926 -0.175185 0.211799 
 0.602684 -0.161456 0.213694 
 0.612078 0.007386 -0.069110 
 0.590344 0.020802 -0.067258 
 0.568610 0.034217 -0.065407 
 0.550560 0.064763 -0.095203 
 0.528882 0.078144 -0.093356 
 0.507205 0.091524 -0.091509 
 0.485527 0.104905 -0.089662 
 0.463849 0.118286 -0.087815 
 0.444155 0.140144 -0.101804 
 0.422505 0.153507 -0.099960 
 0.404935 0.183757 -0.129796 
 0.383342 0.197085 -0.127956 
 0.361749 0.210414 -0.126117 
 0.344405 0.240524 -0.155973 
 0.322869 0.253818 -0.154138 
 0.301332 0.267111 -0.152303 
 0.279795 0.280405 -0.150469 
 0.253784 0.277056 -0.116918 
 0.232191 0.290384 -0.115078 
 0.215185 0.320285 -0.144964 
 0.184360 0.300503 -0.079670 
 0.167411 0.330369 -0.109559 
 0.145818 0.343698 -0.107720 
 0.124225 0.357026 -0.105880 
 0.107502 0.386753 -0.135789 
 0.085966 0.400047 -0.133955 
 0.064429 0.413340 -0.132120 
 0.042892 0.426634 -0.130285 
 0.021356 0.439927 -0.128450 
 -0.005333 0.436996 -0.094842 
 -0.026926 0.450325 -0.093002 
 -0.053784 0.447499 -0.059380 
 -0.078095 0.452802 -0.041642 
 -0.105151 0.450098 -0.008003 
 -0.132320 0.447463 0.025645 
 -0.154110 0.460914 0.027501 
 -0.175901 0.474364 0.029358 
 -0.192088 0.503760 -0.000596 
 -0.213822 0.517175 0.001256 
 -0.235556 0.530591 0.003107 
 -0.251517 0.559847 -0.026867 
 -0.273195 0.573228 -0.025020 
 -0.294872 0.586609 -0.023173 
 -0.316550 0.599989 -0.021326 
 -0.344227 0.597668 0.012366 
 -0.372017 0.595417 0.046067 
 -0.393807 0.608868 0.047923 
 -0.415598 0.622318 0.049780 
 0.695310 -0.277829 0.245615 
 0.677884 -0.237853 0.200127 
 0.655642 -0.224124 0.202022 
 0.633400 -0.210394 0.203917 
 0.614595 -0.179306 0.174203 
 0.595903 -0.148288 0.144481 
 0.582648 -0.091405 0.067321 
 0.571480 -0.026070 -0.025674 
 0.551493 -0.003992 -0.039630 
 0.533421 0.026643 -0.069405 
 0.511687 0.040059 -0.067553 
 0.489953 0.053474 -0.065701 
 0.472108 0.083970 -0.095497 
 0.450430 0.097351 -0.093650 
 0.430753 0.119237 -0.107631 
 0.409103 0.132600 -0.105787 
 0.391569 0.162904 -0.135608 
 0.369975 0.176232 -0.133768 
 0.348382 0.189561 -0.131929 
 0.331073 0.219726 -0.161770 
 0.309537 0.233019 -0.159935 
 0.288000 0.246313 -0.158100 
 0.266464 0.259606 -0.156265 
 0.240417 0.256203 -0.122730 
 0.218824 0.269531 -0.120890 
 0.197231 0.282859 -0.119051 
 0.175638 0.296188 -0.117211 
 0.154045 0.309516 -0.115371 
 0.132452 0.322845 -0.113531 
 0.110859 0.336173 -0.111692 
 0.094171 0.365955 -0.141586 
 0.072634 0.379248 -0.139751 
 0.051097 0.392542 -0.137916 
 0.029561 0.405835 -0.136081 
 0.008024 0.419129 -0.134247 
 -0.018700 0.416143 -0.100654 
 -0.040293 0.429472 -0.098814 
 -0.061886 0.442800 -0.096974 
 -0.088836 0.439954 -0.063363 
 -0.113192 0.445248 -0.045630 
 -0.140339 0.442524 -0.012001 
 -0.162073 0.455940 -0.010150 
 -0.183807 0.469355 -0.008298 
 -0.205542 0.482771 -0.006446 
 -0.221581 0.512151 -0.036396 
 -0.243258 0.525532 -0.034549 
 -0.264936 0.538913 -0.032702 
 -0.286614 0.552293 -0.030855 
 -0.308292 0.565674 -0.029008 
 -0.326981 0.586950 -0.043073 
 -0.351647 0.592435 -0.025314 
 -0.373325 0.605816 -0.023467 
 -0.395003 0.619197 -0.021620 
 0.703816 -0.313172 0.237703 
 0.684735 -0.281838 0.208032 
 0.664116 -0.259332 0.194140 
 0.641874 -0.245603 0.196035 
 0.623047 -0.214426 0.166341 
 0.600861 -0.200731 0.168232 
 0.582204 -0.169659 0.138524 
 0.569037 -0.112640 0.061403 
 0.554332 -0.064449 0.000061 
 0.536154 -0.033673 -0.029688 
 0.516213 -0.011585 -0.043638 
 0.498233 0.019070 -0.073403 
 0.476499 0.032485 -0.071551 
 0.454765 0.045901 -0.069700 
 0.437011 0.076416 -0.099485 
 0.417351 0.098329 -0.113458 
 0.395702 0.111692 -0.111614 
 0.378202 0.142051 -0.141420 
 0.356609 0.155379 -0.139580 
 0.339278 0.185634 -0.169402 
 0.317742 0.198927 -0.167567 
 0.296205 0.212221 -0.165732 
 0.274669 0.225514 -0.163897 
 0.248643 0.222021 -0.130382 
 0.227050 0.235350 -0.128542 
 0.205457 0.248678 -0.126702 
 0.183864 0.262007 -0.124862 
 0.162271 0.275335 -0.123023 
 0.140678 0.288663 -0.121183 
 0.119085 0.301992 -0.119343 
 0.097492 0.315320 -0.117504 
 0.080839 0.345156 -0.147383 
 0.059302 0.358450 -0.145548 
 0.037766 0.371744 -0.143713 
 0.016229 0.385037 -0.141878 
 -0.005308 0.398331 -0.140043 
 -0.032067 0.395291 -0.106465 
 -0.053660 0.408619 -0.104626 
 -0.080588 0.405684 -0.071035 
 -0.104933 0.410933 -0.053312 
 -0.132059 0.408119 -0.019703 
 -0.153793 0.421535 -0.017851 
 -0.175527 0.434950 -0.016000 
 -0.197262 0.448366 -0.014148 
 -0.218996 0.461781 -0.012296 
 -0.235000 0.491217 -0.042230 
 -0.256677 0.504597 -0.040383 
 -0.278355 0.517978 -0.038537 
 -0.300033 0.531359 -0.036690 
 -0.318733 0.552679 -0.050745 
 -0.334370 0.581888 -0.080710 
 -0.355963 0.595216 -0.078870 
 -0.377556 0.608545 -0.077030 
 -0.408422 0.598262 -0.027455 
 0.715490 -0.330838 0.198243 
 0.693219 -0.317092 0.200140 
 0.672590 -0.294541 0.186259 
 0.650347 -0.280812 0.188154 
 0.631499 -0.249545 0.158480 
 0.609313 -0.235851 0.160370 
 0.590635 -0.204689 0.130683 
 0.568505 -0.191029 0.132568 
 0.555426 -0.133874 0.055484 
 0.540790 -0.085575 -0.005827 
 0.522648 -0.054744 -0.035560 
 0.502724 -0.032629 -0.049503 
 0.484779 -0.001919 -0.079253 
 0.463045 0.011496 -0.077401 
 0.441311 0.024911 -0.075550 
 0.423592 0.055482 -0.105320 
 0.401914 0.068862 -0.103473 
 0.382300 0.090785 -0.117441 
 0.364835 0.121198 -0.147232 
 0.343242 0.134527 -0.145392 
 0.321649 0.147855 -0.143552 
 0.300056 0.161183 -0.141713 
 0.282873 0.191422 -0.171529 
 0.256870 0.187840 -0.138033 
 0.235277 0.201169 -0.136194 
 0.209104 0.197691 -0.102685 
 0.192091 0.227825 -0.132514 
 0.170498 0.241154 -0.130674 
 0.144155 0.237781 -0.097151 
 0.127311 0.267811 -0.126995 
 0.105718 0.281139 -0.125155 
 0.084125 0.294467 -0.123316 
 0.067507 0.324358 -0.153180 
 0.045970 0.337651 -0.151345 
 0.024434 0.350945 -0.149510 
 0.002897 0.364239 -0.147675 
 -0.018639 0.377532 -0.145840 
 -0.045433 0.374438 -0.112277 
 -0.067026 0.387766 -0.110438 
 -0.093989 0.384776 -0.076862 
 -0.118352 0.389998 -0.059147 
 -0.145513 0.387130 -0.025553 
 -0.167247 0.400546 -0.023701 
 -0.188981 0.413961 -0.021849 
 -0.210716 0.427377 -0.019998 
 -0.226741 0.456901 -0.049912 
 -0.248419 0.470282 -0.048065 
 -0.270096 0.483663 -0.046218 
 -0.288835 0.505046 -0.060261 
 -0.313452 0.510424 -0.042524 
 -0.332134 0.531772 -0.056572 
 -0.347736 0.561035 -0.086521 
 -0.369329 0.574364 -0.084682 
 -0.390922 0.587692 -0.082842 
 0.701704 -0.352345 0.192249 
 0.681063 -0.329750 0.178377 
 0.658821 -0.316021 0.180272 
 0.636579 -0.302292 0.182167 
 0.617766 -0.270971 0.152508 
 0.595580 -0.257276 0.154398 
 0.576936 -0.226059 0.124726 
 0.558405 -0.194912 0.095045 
 0.539987 -0.163835 0.065352 
 0.523538 -0.124118 0.019862 
 0.505374 -0.093198 -0.009851 
 0.483498 -0.079695 -0.007988 
 0.467444 -0.040222 -0.053512 
 0.449591 -0.009493 -0.083251 
 0.427857 0.003922 -0.081399 
 0.410173 0.034547 -0.111154 
 0.388495 0.047928 -0.109307 
 0.366817 0.061308 -0.107460 
 0.340920 0.057584 -0.073993 
 0.325600 0.096604 -0.119579 
 0.308282 0.127002 -0.149364 
 0.286689 0.140331 -0.147525 
 0.265096 0.153659 -0.145685 
 0.243503 0.166987 -0.143845 
 0.221910 0.180316 -0.142005 
 0.200317 0.193644 -0.140166 
 0.178724 0.206972 -0.138326 
 0.157131 0.220301 -0.136486 
 0.130754 0.216873 -0.102978 
 0.113945 0.246958 -0.132807 
 0.092352 0.260286 -0.130967 
 0.070759 0.273614 -0.129127 
 0.054175 0.303560 -0.158976 
 0.027572 0.300271 -0.125448 
 0.005979 0.313600 -0.123608 
 -0.010435 0.343440 -0.153472 
 -0.031971 0.356734 -0.151637 
 -0.064092 0.337143 -0.086378 
 -0.085741 0.350506 -0.084533 
 -0.110094 0.355683 -0.066828 
 -0.131771 0.369063 -0.064981 
 -0.158967 0.366141 -0.031403 
 -0.180701 0.379556 -0.029551 
 -0.202435 0.392972 -0.027699 
 -0.224170 0.406387 -0.025848 
 -0.240160 0.435967 -0.055747 
 -0.261838 0.449347 -0.053900 
 -0.283516 0.462728 -0.052053 
 -0.305193 0.476109 -0.050206 
 -0.326871 0.489489 -0.048359 
 -0.348549 0.502870 -0.046512 
 -0.361103 0.540182 -0.092333 
 -0.382696 0.553511 -0.090494 
 -0.404289 0.566839 -0.088654 
 0.689537 -0.364959 0.170495 
 0.670589 -0.333479 0.140866 
 0.648404 -0.319784 0.142756 
 0.626218 -0.306090 0.144647 
 0.604032 -0.292396 0.146537 
 0.585367 -0.261090 0.116885 
 0.563237 -0.247430 0.118770 
 0.544741 -0.216229 0.089103 
 0.526358 -0.185097 0.059426 
 0.504342 -0.171507 0.061302 
 0.491832 -0.114323 -0.015739 
 0.469957 -0.100821 -0.013875 
 0.453955 -0.061266 -0.059377 
 0.436137 -0.030483 -0.089101 
 0.414402 -0.017067 -0.087249 
 0.392668 -0.003652 -0.085398 
 0.370934 0.009764 -0.083546 
 0.349200 0.023179 -0.081694 
 0.331720 0.053754 -0.111448 
 0.310042 0.067135 -0.109601 
 0.290548 0.089060 -0.123562 
 0.268899 0.102423 -0.121717 
 0.247249 0.115786 -0.119873 
 0.225600 0.129150 -0.118028 
 0.203950 0.142513 -0.116184 
 0.182301 0.155876 -0.114339 
 0.160651 0.169239 -0.112495 
 0.139002 0.182603 -0.110650 
 0.117352 0.195966 -0.108806 
 0.100578 0.226105 -0.138619 
 0.078985 0.239433 -0.136779 
 0.052404 0.236056 -0.103272 
 0.035799 0.266090 -0.133100 
 0.014206 0.279418 -0.131260 
 -0.007387 0.292747 -0.129420 
 -0.023766 0.322642 -0.159268 
 -0.050574 0.319403 -0.125741 
 -0.077494 0.316235 -0.092205 
 -0.099143 0.329598 -0.090361 
 -0.120793 0.342961 -0.088516 
 -0.145190 0.348129 -0.070816 
 -0.166868 0.361509 -0.068969 
 -0.194155 0.358567 -0.035401 
 -0.215889 0.371983 -0.033549 
 -0.237624 0.385398 -0.031698 
 -0.259358 0.398814 -0.029846 
 -0.275257 0.428413 -0.059735 
 -0.302826 0.425645 -0.026142 
 -0.318612 0.455174 -0.056041 
 -0.340290 0.468555 -0.054194 
 -0.361968 0.481935 -0.052347 
 -0.383646 0.495316 -0.050500 
 -0.405323 0.508697 -0.048653 
 -0.427001 0.522077 -0.046806 
 0.675768 -0.386439 0.164509 
 0.656856 -0.354904 0.134895 
 0.634670 -0.341210 0.136785 
 0.612484 -0.327516 0.138675 
 0.590298 -0.313821 0.140565 
 0.571668 -0.282461 0.110928 
 0.549539 -0.268801 0.112814 
 0.531078 -0.237545 0.083162 
 0.512729 -0.206359 0.053500 
 0.486932 -0.210296 0.086923 
 0.474453 -0.152941 0.009924 
 0.456415 -0.121946 -0.019763 
 0.440466 -0.082310 -0.065242 
 0.418676 -0.068859 -0.063385 
 0.400948 -0.038056 -0.093099 
 0.379214 -0.024641 -0.091248 
 0.357480 -0.011225 -0.089396 
 0.339979 0.019439 -0.119130 
 0.318301 0.032819 -0.117283 
 0.296623 0.046200 -0.115436 
 0.274946 0.059581 -0.113589 
 0.255497 0.081516 -0.127544 
 0.233848 0.094879 -0.125700 
 0.209912 0.099723 -0.108048 
 0.190549 0.121605 -0.122011 
 0.166557 0.126484 -0.104355 
 0.147250 0.148332 -0.118322 
 0.125600 0.161695 -0.116477 
 0.101524 0.166626 -0.098814 
 0.079846 0.180007 -0.096967 
 0.058168 0.193387 -0.095120 
 0.036490 0.206768 -0.093273 
 0.017352 0.228511 -0.107255 
 -0.004297 0.241875 -0.105410 
 -0.025947 0.255238 -0.103566 
 -0.047596 0.268601 -0.101721 
 -0.069246 0.281964 -0.099877 
 -0.090895 0.295328 -0.098032 
 -0.112545 0.308691 -0.096188 
 -0.134194 0.322054 -0.094343 
 -0.155844 0.335417 -0.092499 
 -0.180287 0.340575 -0.074804 
 -0.201965 0.353955 -0.072957 
 -0.229343 0.350994 -0.039399 
 -0.251078 0.364409 -0.037547 
 -0.272812 0.377825 -0.035696 
 -0.288676 0.407478 -0.065569 
 -0.316280 0.404656 -0.031992 
 -0.332032 0.434239 -0.061875 
 -0.353709 0.447620 -0.060028 
 -0.375387 0.461001 -0.058182 
 -0.403217 0.458318 -0.024585 
 -0.424951 0.471733 -0.022734 
 -0.440420 0.501143 -0.052641 
 0.643122 -0.376330 0.128923 
 0.620936 -0.362635 0.130813 
 0.598751 -0.348941 0.132704 
 0.576565 -0.335247 0.134594 
 0.554379 -0.321552 0.136484 
 0.535840 -0.290172 0.106858 
 0.513710 -0.276513 0.108743 
 0.495341 -0.245237 0.079102 
 0.473268 -0.231612 0.080982 
 0.460877 -0.174121 0.004021 
 0.438945 -0.160583 0.005890 
 0.424984 -0.112092 -0.055333 
 0.405187 -0.089903 -0.069251 
 0.387494 -0.059045 -0.098949 
 0.365760 -0.045630 -0.097097 
 0.344026 -0.032214 -0.095246 
 0.322292 -0.018799 -0.093394 
 0.300558 -0.005383 -0.091542 
 0.278823 0.008032 -0.089691 
 0.257089 0.021448 -0.087839 
 0.235355 0.034863 -0.085987 
 0.213621 0.048279 -0.084135 
 0.196493 0.078788 -0.113883 
 0.174815 0.092169 -0.112036 
 0.153138 0.105549 -0.110189 
 0.133848 0.127425 -0.124149 
 0.109782 0.132311 -0.106495 
 0.088104 0.145691 -0.104649 
 0.066427 0.159072 -0.102802 
 0.044749 0.172453 -0.100955 
 0.023071 0.185833 -0.099108 
 0.003951 0.207604 -0.113082 
 -0.017699 0.220967 -0.111237 
 -0.039348 0.234330 -0.109393 
 -0.060998 0.247694 -0.107548 
 -0.082647 0.261057 -0.105704 
 -0.104297 0.274420 -0.103859 
 -0.125946 0.287783 -0.102015 
 -0.150351 0.292879 -0.084332 
 -0.172029 0.306259 -0.082485 
 -0.193706 0.319640 -0.080639 
 -0.221063 0.316589 -0.047101 
 -0.242798 0.330004 -0.045249 
 -0.264532 0.343420 -0.043397 
 -0.286266 0.356835 -0.041546 
 -0.308000 0.370251 -0.039694 
 -0.329734 0.383666 -0.037842 
 -0.351469 0.397082 -0.035990 
 -0.373203 0.410497 -0.034139 
 -0.394937 0.423913 -0.032287 
 -0.416671 0.437328 -0.030435 
 -0.438405 0.450744 -0.028583 
 0.629388 -0.397755 0.122952 
 0.607203 -0.384061 0.124842 
 0.585017 -0.370366 0.126732 
 0.562831 -0.356672 0.128622 
 0.540645 -0.342978 0.130513 
 0.522141 -0.311543 0.100901 
 0.500012 -0.297883 0.102787 
 0.477882 -0.284224 0.104672 
 0.455753 -0.270565 0.106557 
 0.441439 -0.221703 0.045400 
 0.425369 -0.181764 -0.000014 
 0.411478 -0.133163 -0.061206 
 0.391698 -0.110947 -0.075116 
 0.374040 -0.080035 -0.104799 
 0.352306 -0.066619 -0.102947 
 0.330572 -0.053204 -0.101096 
 0.308838 -0.039788 -0.099244 
 0.287103 -0.026373 -0.097392 
 0.260954 -0.030245 -0.063976 
 0.243635 0.000458 -0.093689 
 0.221901 0.013874 -0.091837 
 0.195582 0.010106 -0.058407 
 0.178432 0.040705 -0.088134 
 0.161396 0.071234 -0.117871 
 0.139718 0.084614 -0.116024 
 0.118041 0.097995 -0.114177 
 0.096363 0.111376 -0.112330 
 0.074685 0.124756 -0.110483 
 0.053007 0.138137 -0.108636 
 0.031330 0.151518 -0.106789 
 0.009652 0.164898 -0.104943 
 -0.012026 0.178279 -0.103096 
 -0.033704 0.191660 -0.101249 
 -0.055381 0.205040 -0.099402 
 -0.077059 0.218421 -0.097555 
 -0.096049 0.240149 -0.111531 
 -0.117699 0.253513 -0.109686 
 -0.142092 0.258563 -0.092014 
 -0.163770 0.271944 -0.090167 
 -0.185448 0.285324 -0.088320 
 -0.212783 0.282184 -0.054802 
 -0.234517 0.295600 -0.052951 
 -0.256252 0.309015 -0.051099 
 -0.283813 0.306014 -0.017563 
 -0.305604 0.319464 -0.015706 
 -0.327394 0.332915 -0.013850 
 -0.349185 0.346365 -0.011993 
 -0.370976 0.359815 -0.010137 
 -0.392766 0.373266 -0.008280 
 -0.414557 0.386716 -0.006424 
 -0.436348 0.400167 -0.004567 
 -0.458138 0.413617 -0.002711 
 0.593469 -0.405486 0.118871 
 0.567736 -0.409691 0.152234 
 0.545494 -0.395962 0.154129 
 0.526912 -0.364403 0.124541 
 0.508442 -0.332914 0.094945 
 0.486313 -0.319254 0.096830 
 0.464184 -0.305595 0.098716 
 0.442054 -0.291936 0.100601 
 0.427810 -0.242965 0.039474 
 0.407793 -0.220565 0.025595 
 0.393916 -0.171820 -0.035563 
 0.378208 -0.131991 -0.080981 
 0.360586 -0.101024 -0.110649 
 0.338852 -0.087608 -0.108797 
 0.317118 -0.074193 -0.106946 
 0.291046 -0.078189 -0.073555 
 0.269255 -0.064739 -0.071698 
 0.247464 -0.051288 -0.069842 
 0.225674 -0.037838 -0.067985 
 0.201601 -0.033024 -0.050348 
 0.179782 -0.019556 -0.048489 
 0.164978 0.019716 -0.093983 
 0.143244 0.033131 -0.092132 
 0.126299 0.063680 -0.121859 
 0.104622 0.077061 -0.120012 
 0.078042 0.073378 -0.086577 
 0.056307 0.086793 -0.084725 
 0.034573 0.100209 -0.082873 
 0.012839 0.113624 -0.081021 
 -0.003767 0.143964 -0.110777 
 -0.025445 0.157345 -0.108930 
 -0.047123 0.170725 -0.107083 
 -0.068800 0.184106 -0.105236 
 -0.090478 0.197487 -0.103389 
 -0.112156 0.210867 -0.101543 
 -0.133834 0.224248 -0.099696 
 -0.155511 0.237629 -0.097849 
 -0.177189 0.251009 -0.096002 
 -0.198867 0.264390 -0.094155 
 -0.226237 0.261195 -0.060652 
 -0.253721 0.258070 -0.027141 
 -0.275511 0.271520 -0.025285 
 -0.297302 0.284970 -0.023428 
 -0.319093 0.298421 -0.021572 
 -0.343871 0.303670 -0.003875 
 -0.365690 0.317138 -0.002016 
 -0.393596 0.314274 0.031532 
 -0.409327 0.344074 0.001702 
 -0.431146 0.357541 0.003561 
 -0.452965 0.371009 0.005420 
 -0.471627 0.392573 -0.008576 
 0.553967 -0.431171 0.146247 
 0.535364 -0.399523 0.116679 
 0.513178 -0.385829 0.118570 
 0.494744 -0.354285 0.088989 
 0.472614 -0.340625 0.090874 
 0.450485 -0.326966 0.092759 
 0.428356 -0.313307 0.094645 
 0.410204 -0.281937 0.065040 
 0.392165 -0.250637 0.035424 
 0.376284 -0.210586 -0.009951 
 0.362646 -0.161837 -0.071092 
 0.342929 -0.139584 -0.084989 
 0.325398 -0.108598 -0.114647 
 0.303664 -0.095182 -0.112795 
 0.281930 -0.081767 -0.110944 
 0.220333 -0.225235 0.174672 
 0.202576 -0.194109 0.145032 
 0.180390 -0.180415 0.146923 
 0.183496 -0.071422 -0.024677 
 0.161621 -0.057919 -0.022814 
 0.146813 -0.018531 -0.068280 
 0.129790 0.012142 -0.097982 
 0.108056 0.025557 -0.096130 
 0.086322 0.038973 -0.094278 
 0.064588 0.052388 -0.092426 
 0.042853 0.065804 -0.090575 
 0.021119 0.079220 -0.088723 
 -0.000615 0.092635 -0.086871 
 -0.022349 0.106051 -0.085020 
 -0.044083 0.119466 -0.083168 
 -0.060542 0.149790 -0.112918 
 -0.082220 0.163171 -0.111071 
 -0.103897 0.176552 -0.109224 
 -0.125575 0.189932 -0.107377 
 -0.147253 0.203313 -0.105530 
 -0.168931 0.216694 -0.103684 
 -0.190608 0.230074 -0.101837 
 -0.212286 0.243455 -0.099990 
 -0.239691 0.240206 -0.066502 
 -0.267210 0.237026 -0.033006 
 -0.289000 0.250476 -0.031150 
 -0.310791 0.263927 -0.029293 
 -0.335558 0.269132 -0.011606 
 -0.357377 0.282599 -0.009747 
 -0.379196 0.296067 -0.007888 
 -0.407138 0.293149 0.025644 
 -0.429013 0.306651 0.027508 
 -0.444653 0.336470 -0.002311 
 -0.466472 0.349938 -0.000452 
 0.566002 -0.448337 0.106928 
 0.543816 -0.434642 0.108818 
 0.521630 -0.420948 0.110708 
 0.499444 -0.407254 0.112598 
 0.481045 -0.375656 0.083032 
 0.458916 -0.361996 0.084918 
 0.436786 -0.348337 0.086803 
 0.414657 -0.334677 0.088689 
 0.396540 -0.303253 0.059099 
 0.374467 -0.289629 0.060979 
 0.356520 -0.258309 0.031374 
 0.334503 -0.244719 0.033250 
 0.304010 -0.266380 0.098116 
 0.271144 -0.296697 0.178750 
 0.248873 -0.282951 0.180648 
 0.226603 -0.269204 0.182545 
 0.206564 -0.246715 0.168686 
 0.188843 -0.215534 0.139061 
 0.166657 -0.201840 0.140951 
 0.153738 -0.153383 0.079785 
 0.138700 -0.113738 0.034365 
 0.130951 -0.048231 -0.058376 
 0.111533 -0.026124 -0.072289 
 0.094602 0.004568 -0.101980 
 0.072868 0.017984 -0.100128 
 0.051133 0.031399 -0.098276 
 0.029399 0.044815 -0.096425 
 0.007665 0.058230 -0.094573 
 -0.014069 0.071646 -0.092721 
 -0.035803 0.085061 -0.090869 
 -0.057538 0.098477 -0.089018 
 -0.079272 0.111892 -0.087166 
 -0.095639 0.142236 -0.116906 
 -0.117316 0.155617 -0.115059 
 -0.138994 0.168998 -0.113212 
 -0.160672 0.182378 -0.111365 
 -0.182350 0.195759 -0.109518 
 -0.204027 0.209140 -0.107671 
 -0.225705 0.222520 -0.105824 
 -0.253145 0.219216 -0.072352 
 -0.280699 0.215982 -0.038871 
 -0.302489 0.229433 -0.037015 
 -0.327246 0.234593 -0.019338 
 -0.349065 0.248060 -0.017479 
 -0.376928 0.245018 0.016029 
 -0.398804 0.258521 0.017892 
 -0.426837 0.255583 0.051414 
 -0.442554 0.285526 0.021620 
 -0.464430 0.299029 0.023484 
 -0.486305 0.312531 0.025347 
 0.552268 -0.469762 0.100956 
 0.530083 -0.456068 0.102846 
 0.507897 -0.442374 0.104737 
 0.485711 -0.428679 0.106627 
 0.467347 -0.397026 0.077076 
 0.445217 -0.383367 0.078962 
 0.423088 -0.369708 0.080847 
 0.400958 -0.356048 0.082732 
 0.378829 -0.342389 0.084618 
 0.356699 -0.328730 0.086503 
 0.330410 -0.332820 0.119858 
 0.308224 -0.319125 0.121748 
 0.286038 -0.305431 0.123639 
 0.263852 -0.291737 0.125529 
 0.235087 -0.304458 0.174653 
 0.212817 -0.290711 0.176551 
 0.192796 -0.268195 0.162699 
 0.175109 -0.236960 0.133090 
 0.162147 -0.188324 0.071963 
 0.140074 -0.174699 0.073844 
 0.125089 -0.134973 0.028447 
 0.112663 -0.086668 -0.032726 
 0.098044 -0.047168 -0.078154 
 0.076254 -0.033718 -0.076298 
 0.059414 -0.003005 -0.105978 
 0.032672 -0.006817 -0.072585 
 0.010882 0.006633 -0.070728 
 -0.010909 0.020084 -0.068871 
 -0.032700 0.033534 -0.067015 
 -0.054490 0.046984 -0.065158 
 -0.076281 0.060435 -0.063302 
 -0.092726 0.090903 -0.093016 
 -0.114460 0.104319 -0.091164 
 -0.130735 0.134683 -0.120894 
 -0.157928 0.131150 -0.087461 
 -0.174091 0.161444 -0.117200 
 -0.195769 0.174825 -0.115353 
 -0.217446 0.188205 -0.113506 
 -0.244865 0.184812 -0.080054 
 -0.266599 0.198227 -0.078202 
 -0.294188 0.194938 -0.044736 
 -0.315978 0.208389 -0.042880 
 -0.340752 0.213522 -0.025211 
 -0.362571 0.226989 -0.023352 
 -0.390470 0.223892 0.010141 
 -0.412345 0.237395 0.012004 
 -0.440413 0.234403 0.045511 
 -0.462345 0.247940 0.047379 
 -0.484277 0.261478 0.049248 
 -0.506209 0.275015 0.051117 
 0.542165 -0.473035 0.063578 
 0.520036 -0.459376 0.065464 
 0.494163 -0.463799 0.098765 
 0.475777 -0.432057 0.069234 
 0.453648 -0.418397 0.071120 
 0.431518 -0.404738 0.073005 
 0.409389 -0.391079 0.074891 
 0.387260 -0.377419 0.076776 
 0.365130 -0.363760 0.078661 
 0.343001 -0.350100 0.080547 
 0.316676 -0.354245 0.113887 
 0.294491 -0.340551 0.115777 
 0.272305 -0.326856 0.117667 
 0.245754 -0.330862 0.151027 
 0.221301 -0.325965 0.168659 
 0.199031 -0.312219 0.170556 
 0.179027 -0.289674 0.156712 
 0.165966 -0.240825 0.095630 
 0.148483 -0.209640 0.066022 
 0.131114 -0.178525 0.036404 
 0.111477 -0.156207 0.022529 
 0.094305 -0.125214 -0.007106 
 0.072373 -0.111677 -0.005238 
 0.062765 -0.054761 -0.082163 
 0.040974 -0.041311 -0.080306 
 0.019183 -0.027861 -0.078450 
 -0.002607 -0.014410 -0.076593 
 -0.024398 -0.000960 -0.074737 
 -0.046189 0.012490 -0.072880 
 -0.070613 0.017370 -0.055249 
 -0.092432 0.030837 -0.053391 
 -0.111561 0.052842 -0.067310 
 -0.127914 0.083329 -0.097014 
 -0.149648 0.096745 -0.095162 
 -0.171383 0.110160 -0.093311 
 -0.193117 0.123576 -0.091459 
 -0.214851 0.136991 -0.089607 
 -0.236585 0.150407 -0.087755 
 -0.258319 0.163822 -0.085904 
 -0.280054 0.177238 -0.084052 
 -0.307677 0.173895 -0.050602 
 -0.332440 0.178983 -0.032942 
 -0.360261 0.175762 0.000525 
 -0.382136 0.189264 0.002389 
 -0.404011 0.202767 0.004253 
 -0.432058 0.199685 0.037739 
 -0.453990 0.213223 0.039608 
 -0.475921 0.226760 0.041476 
 -0.497853 0.240297 0.043345 
 -0.519785 0.253835 0.045214 
 0.528467 -0.494406 0.057622 
 0.506337 -0.480746 0.059507 
 0.484208 -0.467087 0.061393 
 0.462079 -0.453428 0.063278 
 0.439949 -0.439768 0.065164 
 0.417820 -0.426109 0.067049 
 0.395690 -0.412450 0.068934 
 0.373561 -0.398790 0.070820 
 0.351431 -0.385131 0.072705 
 0.329302 -0.371471 0.074591 
 0.302943 -0.375670 0.107915 
 0.280757 -0.361976 0.109805 
 0.258571 -0.348282 0.111696 
 0.231986 -0.352342 0.145041 
 0.207515 -0.347472 0.162665 
 0.185245 -0.333726 0.164562 
 0.162974 -0.319979 0.166460 
 0.147642 -0.279810 0.121147 
 0.125456 -0.266116 0.123037 
 0.124593 -0.173469 -0.016746 
 0.102661 -0.159931 -0.014878 
 0.085580 -0.128919 -0.044501 
 0.068612 -0.097976 -0.074135 
 0.046794 -0.084508 -0.072276 
 0.027485 -0.062355 -0.086171 
 0.003156 -0.057572 -0.068558 
 -0.018663 -0.044105 -0.066699 
 -0.040482 -0.030637 -0.064840 
 -0.062301 -0.017169 -0.062981 
 -0.089423 -0.020898 -0.029591 
 -0.105939 0.009767 -0.059263 
 -0.127758 0.023234 -0.057404 
 -0.146840 0.045248 -0.071319 
 -0.168631 0.058698 -0.069462 
 -0.184837 0.089171 -0.099161 
 -0.206571 0.102587 -0.097309 
 -0.228305 0.116002 -0.095457 
 -0.250039 0.129418 -0.093605 
 -0.271773 0.142833 -0.091754 
 -0.299375 0.139401 -0.058323 
 -0.324127 0.144444 -0.040674 
 -0.345946 0.157912 -0.038815 
 -0.373802 0.154636 -0.005363 
 -0.395677 0.168139 -0.003499 
 -0.423702 0.164968 0.029968 
 -0.445634 0.178505 0.031836 
 -0.467566 0.192043 0.033705 
 -0.489498 0.205580 0.035573 
 -0.511429 0.219118 0.037442 
 0.514768 -0.515777 0.051666 
 0.492639 -0.502117 0.053551 
 0.470509 -0.488458 0.055437 
 0.448380 -0.474798 0.057322 
 0.426251 -0.461139 0.059207 
 0.404121 -0.447479 0.061093 
 0.381992 -0.433820 0.062978 
 0.359862 -0.420161 0.064864 
 0.337733 -0.406501 0.066749 
 0.315604 -0.392842 0.068634 
 0.289209 -0.397096 0.101944 
 0.267023 -0.383401 0.103834 
 0.244837 -0.369707 0.105724 
 0.218217 -0.373822 0.139054 
 0.193729 -0.368979 0.156671 
 0.171459 -0.355233 0.158568 
 0.151490 -0.332634 0.144739 
 0.133908 -0.301236 0.115175 
 0.121156 -0.252273 0.054140 
 0.103856 -0.221049 0.024552 
 0.084255 -0.198677 0.010692 
 0.067153 -0.167574 -0.018912 
 0.055106 -0.119047 -0.080007 
 0.033287 -0.105579 -0.078149 
 0.011468 -0.092111 -0.076290 
 -0.010351 -0.078644 -0.074431 
 -0.032170 -0.065176 -0.072572 
 -0.059213 -0.069029 -0.039207 
 -0.081089 -0.055526 -0.037343 
 -0.102964 -0.042023 -0.035479 
 -0.124839 -0.028521 -0.033616 
 -0.141264 0.002163 -0.063277 
 -0.160329 0.024204 -0.077184 
 -0.182120 0.037655 -0.075328 
 -0.203911 0.051105 -0.073471 
 -0.225701 0.064555 -0.071614 
 -0.241759 0.095013 -0.101307 
 -0.269283 0.091456 -0.067901 
 -0.291073 0.104906 -0.066045 
 -0.315815 0.109905 -0.048405 
 -0.343593 0.106505 -0.014978 
 -0.371483 0.103175 0.018459 
 -0.399487 0.099914 0.051906 
 -0.424539 0.105105 0.069571 
 -0.446556 0.118695 0.071447 
 -0.468572 0.132285 0.073323 
 -0.496886 0.129216 0.106797 
 -0.518959 0.142840 0.108677 
 0.501069 -0.537147 0.045710 
 0.478940 -0.523488 0.047595 
 0.456811 -0.509829 0.049480 
 0.434681 -0.496169 0.051366 
 0.412552 -0.482510 0.053251 
 0.390422 -0.468850 0.055137 
 0.368293 -0.455191 0.057022 
 0.346164 -0.441532 0.058907 
 0.324034 -0.427872 0.060793 
 0.301905 -0.414213 0.062678 
 0.275475 -0.418521 0.095972 
 0.253290 -0.404827 0.097862 
 0.231104 -0.391133 0.099753 
 0.208918 -0.377438 0.101643 
 0.182206 -0.381573 0.134962 
 0.159964 -0.367843 0.136857 
 0.137721 -0.354114 0.138752 
 0.124870 -0.304937 0.077761 
 0.107492 -0.273589 0.048199 
 0.090227 -0.242310 0.018627 
 0.075508 -0.202292 -0.026684 
 0.053576 -0.188754 -0.024816 
 0.036622 -0.157667 -0.054414 
 0.019781 -0.126650 -0.084021 
 -0.002038 -0.113182 -0.082162 
 -0.029004 -0.117159 -0.048822 
 -0.045676 -0.086247 -0.078444 
 -0.072755 -0.090154 -0.045095 
 -0.094630 -0.076652 -0.043231 
 -0.116506 -0.063149 -0.041367 
 -0.138381 -0.049646 -0.039503 
 -0.154771 -0.018908 -0.069150 
 -0.173818 0.003161 -0.083049 
 -0.195609 0.016611 -0.081193 
 -0.217400 0.030061 -0.079336 
 -0.239190 0.043512 -0.077480 
 -0.260981 0.056962 -0.075623 
 -0.282772 0.070412 -0.073766 
 -0.307503 0.075367 -0.056137 
 -0.335259 0.071877 -0.022730 
 -0.363128 0.068458 0.010687 
 -0.391110 0.065108 0.044115 
 -0.416151 0.070253 0.061769 
 -0.438168 0.083843 0.063645 
 -0.466404 0.080650 0.097094 
 -0.488477 0.094274 0.098975 
 -0.510550 0.107899 0.100856 
 -0.532623 0.121524 0.102736 
 0.505786 -0.590583 0.069209 
 0.487371 -0.558518 0.039753 
 0.465241 -0.544859 0.041639 
 0.443112 -0.531199 0.043524 
 0.420983 -0.517540 0.045409 
 0.398853 -0.503881 0.047295 
 0.380777 -0.472025 0.017810 
 0.354594 -0.476562 0.051066 
 0.332465 -0.462902 0.052951 
 0.310336 -0.449243 0.054836 
 0.288206 -0.435584 0.056722 
 0.261742 -0.439946 0.090001 
 0.239556 -0.426252 0.091891 
 0.217370 -0.412558 0.093781 
 0.195184 -0.398864 0.095671 
 0.172998 -0.385169 0.097562 
 0.146195 -0.389323 0.130871 
 0.128627 -0.357781 0.101342 
 0.111171 -0.326308 0.071805 
 0.093828 -0.294906 0.042258 
 0.076599 -0.263572 0.012701 
 0.057032 -0.241146 -0.001144 
 0.040000 -0.209934 -0.030719 
 0.023080 -0.178793 -0.060301 
 0.001205 -0.165290 -0.058438 
 -0.020670 -0.151787 -0.056574 
 -0.042546 -0.138285 -0.054710 
 -0.064421 -0.124782 -0.052846 
 -0.086296 -0.111280 -0.050983 
 -0.108172 -0.097777 -0.049119 
 -0.130047 -0.084274 -0.047255 
 -0.151922 -0.070772 -0.045391 
 -0.168277 -0.039979 -0.075022 
 -0.190096 -0.026511 -0.073163 
 -0.209098 -0.004433 -0.087058 
 -0.230889 0.009018 -0.085201 
 -0.252679 0.022468 -0.083345 
 -0.274470 0.035918 -0.081488 
 -0.296261 0.049369 -0.079632 
 -0.321009 0.054296 -0.062010 
 -0.354772 0.033740 0.002916 
 -0.382733 0.030301 0.036323 
 -0.407764 0.035402 0.053968 
 -0.435922 0.032084 0.087392 
 -0.457995 0.045709 0.089273 
 -0.480068 0.059334 0.091153 
 -0.502141 0.072958 0.093034 
 -0.524213 0.086583 0.094914 
 -0.546286 0.100207 0.096795 
 0.492052 -0.612008 0.063237 
 0.473672 -0.579889 0.033797 
 0.451543 -0.566230 0.035682 
 0.429413 -0.552570 0.037568 
 0.407284 -0.538911 0.039453 
 0.385155 -0.525251 0.041339 
 0.367113 -0.493341 0.011869 
 0.340896 -0.497933 0.045109 
 0.318766 -0.484273 0.046995 
 0.296637 -0.470614 0.048880 
 0.270194 -0.475066 0.082139 
 0.248008 -0.461372 0.084029 
 0.225822 -0.447677 0.085920 
 0.208119 -0.415976 0.056422 
 0.185990 -0.402317 0.058307 
 0.159265 -0.406595 0.091590 
 0.137079 -0.392900 0.093480 
 0.114893 -0.379206 0.095371 
 0.097473 -0.347679 0.065849 
 0.075343 -0.334020 0.067734 
 0.058092 -0.302597 0.038198 
 0.040953 -0.271244 0.008651 
 0.026423 -0.231114 -0.036622 
 0.004492 -0.217577 -0.034753 
 -0.012336 -0.186416 -0.064326 
 -0.034212 -0.172913 -0.062462 
 -0.056087 -0.159410 -0.060598 
 -0.077962 -0.145908 -0.058734 
 -0.099838 -0.132405 -0.056871 
 -0.121713 -0.118903 -0.055007 
 -0.143588 -0.105400 -0.053143 
 -0.165464 -0.091897 -0.051279 
 -0.181784 -0.061050 -0.080895 
 -0.203602 -0.047582 -0.079036 
 -0.222587 -0.025477 -0.092923 
 -0.244378 -0.012026 -0.091066 
 -0.266168 0.001424 -0.089210 
 -0.287959 0.014875 -0.087353 
 -0.309750 0.028325 -0.085497 
 -0.334516 0.033225 -0.067883 
 -0.374356 -0.004506 0.028531 
 -0.399376 0.000551 0.046166 
 -0.427513 -0.002856 0.079570 
 -0.449586 0.010768 0.081451 
 -0.471658 0.024393 0.083332 
 -0.500021 0.021125 0.116754 
 -0.522150 0.034785 0.118640 
 -0.544279 0.048444 0.120525 
 -0.559950 0.078891 0.090854 
 0.456133 -0.619740 0.059156 
 0.437844 -0.587601 0.029726 
 0.415715 -0.573941 0.031612 
 0.393585 -0.560282 0.033497 
 0.371456 -0.546622 0.035382 
 0.353449 -0.514657 0.005928 
 0.331376 -0.501033 0.007809 
 0.309303 -0.487408 0.009689 
 0.287230 -0.473784 0.011570 
 0.265157 -0.460159 0.013451 
 0.238679 -0.464666 0.046695 
 0.216550 -0.451006 0.048580 
 0.194421 -0.437347 0.050465 
 0.172291 -0.423688 0.052351 
 0.150162 -0.410028 0.054236 
 0.128033 -0.396369 0.056122 
 0.105903 -0.382709 0.058007 
 0.078974 -0.386937 0.091289 
 0.061644 -0.355390 0.061778 
 0.039515 -0.341731 0.063663 
 0.022355 -0.310289 0.034137 
 0.007821 -0.270042 -0.011108 
 -0.009085 -0.238757 -0.040656 
 -0.025878 -0.207541 -0.070213 
 -0.047753 -0.194038 -0.068350 
 -0.069628 -0.180536 -0.066486 
 -0.091504 -0.167033 -0.064622 
 -0.113379 -0.153531 -0.062758 
 -0.135254 -0.140028 -0.060895 
 -0.157130 -0.126525 -0.059031 
 -0.179005 -0.113023 -0.057167 
 -0.195290 -0.082121 -0.086768 
 -0.217109 -0.068653 -0.084909 
 -0.238928 -0.055185 -0.083050 
 -0.260747 -0.041717 -0.081191 
 -0.279657 -0.019619 -0.095075 
 -0.304384 -0.014782 -0.077473 
 -0.326203 -0.001314 -0.075614 
 -0.354008 -0.005002 -0.042257 
 -0.387967 -0.025741 0.022613 
 -0.413005 -0.020711 0.040240 
 -0.441176 -0.024173 0.073629 
 -0.469461 -0.027564 0.107027 
 -0.485322 0.003076 0.077391 
 -0.507395 0.016701 0.079271 
 -0.529468 0.030326 0.081152 
 -0.551541 0.043950 0.083032 
 0.442399 -0.641165 0.053184 
 0.424145 -0.608971 0.023770 
 0.402016 -0.595312 0.025655 
 0.379887 -0.581653 0.027541 
 0.357757 -0.567993 0.029426 
 0.335628 -0.554334 0.031311 
 0.317712 -0.522349 0.001868 
 0.295639 -0.508725 0.003748 
 0.273566 -0.495100 0.005629 
 0.247110 -0.499696 0.038853 
 0.224981 -0.486037 0.040738 
 0.202851 -0.472377 0.042624 
 0.180722 -0.458718 0.044509 
 0.158593 -0.445059 0.046395 
 0.136463 -0.431399 0.048280 
 0.114334 -0.417740 0.050165 
 0.092204 -0.404080 0.052051 
 0.070075 -0.390421 0.053936 
 0.043054 -0.394668 0.087208 
 0.020868 -0.380974 0.089098 
 0.008691 -0.331605 0.028196 
 -0.005790 -0.291277 -0.017026 
 -0.022661 -0.259937 -0.046559 
 -0.044593 -0.246399 -0.044691 
 -0.061295 -0.215164 -0.074238 
 -0.083170 -0.201661 -0.072374 
 -0.105045 -0.188159 -0.070510 
 -0.126921 -0.174656 -0.068646 
 -0.148796 -0.161154 -0.066783 
 -0.170671 -0.147651 -0.064919 
 -0.192547 -0.134148 -0.063055 
 -0.208796 -0.103192 -0.092640 
 -0.230615 -0.089724 -0.090782 
 -0.252434 -0.076256 -0.088923 
 -0.274253 -0.062788 -0.087064 
 -0.296072 -0.049321 -0.085205 
 -0.317891 -0.035853 -0.083346 
 -0.345674 -0.039630 -0.050009 
 -0.373570 -0.043337 -0.016662 
 -0.404617 -0.055563 0.032439 
 -0.426634 -0.041973 0.034314 
 -0.454840 -0.045489 0.067688 
 -0.483159 -0.048935 0.101071 
 -0.498986 -0.018240 0.071450 
 -0.527418 -0.021616 0.104842 
 -0.549547 -0.007957 0.106727 
 -0.571677 0.005703 0.108613 
 0.424755 -0.681179 0.078499 
 0.410447 -0.630342 0.017814 
 0.388317 -0.616683 0.019699 
 0.366188 -0.603023 0.021584 
 0.344058 -0.589364 0.023470 
 0.321929 -0.575705 0.025355 
 0.304049 -0.543666 -0.004073 
 0.281976 -0.530041 -0.002193 
 0.255541 -0.534726 0.031011 
 0.233411 -0.521067 0.032897 
 0.211282 -0.507408 0.034782 
 0.189153 -0.493748 0.036667 
 0.167023 -0.480089 0.038553 
 0.144894 -0.466429 0.040438 
 0.122765 -0.452770 0.042324 
 0.100635 -0.439110 0.044209 
 0.078506 -0.425451 0.046094 
 0.051506 -0.429788 0.079346 
 0.029321 -0.416094 0.081237 
 0.007135 -0.402399 0.083127 
 -0.004972 -0.352922 0.022255 
 -0.019402 -0.312511 -0.022944 
 -0.036238 -0.281117 -0.052462 
 -0.058169 -0.267579 -0.050594 
 -0.074836 -0.236289 -0.080125 
 -0.102033 -0.240504 -0.046857 
 -0.118587 -0.209284 -0.076398 
 -0.145896 -0.213430 -0.043120 
 -0.167828 -0.199892 -0.041251 
 -0.189760 -0.186355 -0.039382 
 -0.211692 -0.172817 -0.037514 
 -0.227963 -0.141771 -0.067079 
 -0.249839 -0.128269 -0.065215 
 -0.265941 -0.097327 -0.094795 
 -0.287760 -0.083859 -0.092936 
 -0.309578 -0.070392 -0.091077 
 -0.337340 -0.074258 -0.057760 
 -0.359215 -0.060755 -0.055897 
 -0.393202 -0.081782 0.008903 
 -0.418246 -0.076825 0.026513 
 -0.446431 -0.080430 0.059867 
 -0.468504 -0.066805 0.061747 
 -0.496858 -0.070306 0.095115 
 -0.518987 -0.056647 0.097000 
 -0.541117 -0.042987 0.098886 
 -0.563246 -0.029328 0.100771 
 -0.585375 -0.015668 0.102656 
 0.414932 -0.684016 0.041241 
 0.396748 -0.651713 0.011857 
 0.374619 -0.638054 0.013743 
 0.352489 -0.624394 0.015628 
 0.330360 -0.610735 0.017513 
 0.308230 -0.597075 0.019399 
 0.290385 -0.564982 -0.010014 
 0.268312 -0.551357 -0.008134 
 0.246239 -0.537733 -0.006253 
 0.219713 -0.542438 0.026940 
 0.197583 -0.528779 0.028826 
 0.180020 -0.496859 -0.000611 
 0.157947 -0.483235 0.001269 
 0.131195 -0.487800 0.034482 
 0.109066 -0.474141 0.036367 
 0.086936 -0.460481 0.038253 
 0.064807 -0.446822 0.040138 
 0.037773 -0.451213 0.073375 
 0.015587 -0.437519 0.075265 
 -0.006599 -0.423825 0.077155 
 -0.023710 -0.392184 0.047680 
 -0.040709 -0.360613 0.018194 
 -0.055001 -0.320174 -0.026989 
 -0.071746 -0.288759 -0.056497 
 -0.093677 -0.275222 -0.054628 
 -0.115609 -0.261684 -0.052760 
 -0.137541 -0.248147 -0.050891 
 -0.159473 -0.234609 -0.049023 
 -0.181405 -0.221072 -0.047154 
 -0.203336 -0.207534 -0.045286 
 -0.225268 -0.193997 -0.043417 
 -0.241505 -0.162897 -0.072967 
 -0.263380 -0.149394 -0.071103 
 -0.285255 -0.135892 -0.069240 
 -0.307131 -0.122389 -0.067376 
 -0.329006 -0.108886 -0.065512 
 -0.350881 -0.095384 -0.063648 
 -0.384825 -0.116589 0.001111 
 -0.409858 -0.111676 0.018711 
 -0.431875 -0.098086 0.020587 
 -0.460095 -0.101746 0.053926 
 -0.482167 -0.088122 0.055806 
 -0.504240 -0.074497 0.057687 
 -0.532686 -0.078017 0.091044 
 -0.554815 -0.064358 0.092929 
 -0.576945 -0.050699 0.094815 
 0.401198 -0.705441 0.035270 
 0.383049 -0.673084 0.005901 
 0.360920 -0.659425 0.007786 
 0.338790 -0.645765 0.009672 
 0.312455 -0.650664 0.042831 
 0.294532 -0.618446 0.013443 
 0.276721 -0.586298 -0.015955 
 0.254648 -0.572674 -0.014075 
 0.232575 -0.559049 -0.012194 
 0.210502 -0.545425 -0.010314 
 0.188429 -0.531800 -0.008433 
 0.166357 -0.518175 -0.006552 
 0.144284 -0.504551 -0.004672 
 0.122211 -0.490926 -0.002791 
 0.095367 -0.495512 0.030411 
 0.073238 -0.481852 0.032297 
 0.051108 -0.468193 0.034182 
 0.024039 -0.472639 0.067403 
 0.001853 -0.458944 0.069294 
 -0.020332 -0.445250 0.071184 
 -0.037409 -0.413555 0.041723 
 -0.059538 -0.399896 0.043609 
 -0.071224 -0.350374 -0.017227 
 -0.090601 -0.327836 -0.031034 
 -0.112589 -0.314264 -0.029161 
 -0.129186 -0.282864 -0.058663 
 -0.151117 -0.269327 -0.056794 
 -0.173049 -0.255789 -0.054926 
 -0.194981 -0.242252 -0.053057 
 -0.216913 -0.228714 -0.051189 
 -0.244518 -0.232830 -0.017920 
 -0.260776 -0.201640 -0.047451 
 -0.288495 -0.205685 -0.014174 
 -0.310483 -0.192113 -0.012300 
 -0.326572 -0.161027 -0.041846 
 -0.348503 -0.147490 -0.039977 
 -0.376448 -0.151396 -0.006680 
 -0.398436 -0.137824 -0.004807 
 -0.423487 -0.132938 0.012785 
 -0.451685 -0.136687 0.046104 
 -0.473758 -0.123063 0.047985 
 -0.495831 -0.109438 0.049865 
 -0.517904 -0.095813 0.051746 
 -0.546385 -0.099388 0.085088 
 -0.568514 -0.085729 0.086973 
 -0.590643 -0.072069 0.088858 
 0.361207 -0.731890 0.062434 
 0.343093 -0.699478 0.033079 
 0.320907 -0.685784 0.034969 
 0.298721 -0.672089 0.036859 
 0.280833 -0.639817 0.007486 
 0.258703 -0.626158 0.009372 
 0.240984 -0.593990 -0.020016 
 0.218911 -0.580366 -0.018135 
 0.196838 -0.566741 -0.016255 
 0.174766 -0.553117 -0.014374 
 0.152693 -0.539492 -0.012494 
 0.130620 -0.525867 -0.010613 
 0.108547 -0.512243 -0.008732 
 0.081668 -0.516883 0.024455 
 0.059539 -0.503223 0.026340 
 0.037410 -0.489564 0.028226 
 0.015280 -0.475904 0.030111 
 -0.006849 -0.462245 0.031996 
 -0.034066 -0.466676 0.065212 
 -0.051108 -0.434926 0.035767 
 -0.073237 -0.421267 0.037653 
 -0.095367 -0.407607 0.039538 
 -0.106869 -0.358046 -0.021277 
 -0.128885 -0.344456 -0.019402 
 -0.148189 -0.321926 -0.033206 
 -0.170177 -0.308354 -0.031332 
 -0.192165 -0.294781 -0.029459 
 -0.214153 -0.281209 -0.027585 
 -0.236142 -0.267637 -0.025712 
 -0.258130 -0.254064 -0.023839 
 -0.274353 -0.222820 -0.053355 
 -0.302106 -0.226920 -0.020092 
 -0.324095 -0.213347 -0.018219 
 -0.346083 -0.199775 -0.016345 
 -0.368071 -0.186203 -0.014472 
 -0.390059 -0.172631 -0.012599 
 -0.415099 -0.167790 0.004984 
 -0.437116 -0.154200 0.006859 
 -0.465349 -0.158004 0.040163 
 -0.487422 -0.144379 0.042043 
 -0.509495 -0.130754 0.043924 
 -0.537954 -0.134419 0.077246 
 -0.560083 -0.120759 0.079131 
 0.347439 -0.753370 0.056447 
 0.325196 -0.739640 0.058342 
 0.302954 -0.725911 0.060237 
 0.280712 -0.712182 0.062132 
 0.262802 -0.679820 0.032778 
 0.245005 -0.647529 0.003415 
 0.227321 -0.615306 -0.025957 
 0.205248 -0.601682 -0.024076 
 0.183175 -0.588057 -0.022196 
 0.161102 -0.574433 -0.020315 
 0.139029 -0.560808 -0.018435 
 0.116956 -0.547184 -0.016554 
 0.094883 -0.533559 -0.014673 
 0.067970 -0.538253 0.018499 
 0.050737 -0.506310 -0.010912 
 0.023711 -0.510934 0.022269 
 0.001582 -0.497275 0.024155 
 -0.020548 -0.483616 0.026040 
 -0.042677 -0.469956 0.027926 
 -0.064806 -0.456297 0.029811 
 -0.086936 -0.442637 0.031696 
 -0.109065 -0.428978 0.033582 
 -0.125846 -0.397313 0.004132 
 -0.147919 -0.383689 0.006013 
 -0.164531 -0.352128 -0.023452 
 -0.186547 -0.338538 -0.021576 
 -0.208563 -0.324949 -0.019700 
 -0.230580 -0.311359 -0.017824 
 -0.252596 -0.297769 -0.015949 
 -0.274613 -0.284179 -0.014073 
 -0.293729 -0.261726 -0.027884 
 -0.315717 -0.248154 -0.026010 
 -0.340662 -0.243410 -0.008445 
 -0.359694 -0.221009 -0.022263 
 -0.381682 -0.207437 -0.020390 
 -0.403670 -0.193865 -0.018517 
 -0.428728 -0.189051 -0.000942 
 -0.450745 -0.175462 0.000933 
 -0.479013 -0.179320 0.034222 
 -0.494778 -0.148282 0.004685 
 -0.523159 -0.152071 0.037983 
 -0.545232 -0.138446 0.039864 
 -0.573782 -0.142130 0.073175 
 0.333670 -0.774849 0.050461 
 0.315626 -0.742329 0.021136 
 0.293440 -0.728634 0.023026 
 0.271254 -0.714940 0.024916 
 0.249068 -0.701246 0.026807 
 0.231306 -0.668899 -0.002541 
 0.213657 -0.636623 -0.031898 
 0.191584 -0.622998 -0.030018 
 0.169511 -0.609374 -0.028137 
 0.147438 -0.595749 -0.026256 
 0.125365 -0.582124 -0.024376 
 0.103292 -0.568500 -0.022495 
 0.081219 -0.554875 -0.020615 
 0.054271 -0.559624 0.012542 
 0.037074 -0.527626 -0.016853 
 0.010012 -0.532305 0.016313 
 -0.007072 -0.500377 -0.013092 
 -0.034246 -0.504986 0.020084 
 -0.056376 -0.491327 0.021969 
 -0.078505 -0.477667 0.023855 
 -0.100634 -0.464008 0.025740 
 -0.122764 -0.450349 0.027626 
 -0.139510 -0.418629 -0.001809 
 -0.161583 -0.405005 0.000072 
 -0.183656 -0.391380 0.001952 
 -0.200176 -0.359800 -0.027502 
 -0.222192 -0.346210 -0.025626 
 -0.244209 -0.332621 -0.023750 
 -0.266225 -0.319031 -0.021874 
 -0.285352 -0.296533 -0.035675 
 -0.301506 -0.265180 -0.065161 
 -0.329329 -0.269389 -0.031929 
 -0.354291 -0.264672 -0.014371 
 -0.376308 -0.251082 -0.012496 
 -0.398324 -0.237493 -0.010620 
 -0.420340 -0.223903 -0.008744 
 -0.448531 -0.227885 0.024520 
 -0.470604 -0.214261 0.026400 
 -0.492677 -0.200636 0.028281 
 -0.508406 -0.169544 -0.001241 
 -0.543222 -0.190820 0.063448 
 -0.565351 -0.177160 0.065333 
 0.319902 -0.796329 0.044474 
 0.297659 -0.782600 0.046369 
 0.275417 -0.768871 0.048264 
 0.253175 -0.755142 0.050159 
 0.235335 -0.722671 0.020835 
 0.217608 -0.690270 -0.008497 
 0.199993 -0.657939 -0.037839 
 0.177920 -0.644314 -0.035959 
 0.155847 -0.630690 -0.034078 
 0.133774 -0.617065 -0.032197 
 0.111702 -0.603441 -0.030317 
 0.089629 -0.589816 -0.028436 
 0.067556 -0.576192 -0.026556 
 0.040572 -0.580995 0.006586 
 0.023410 -0.548942 -0.022794 
 0.001337 -0.535318 -0.020914 
 -0.020736 -0.521693 -0.019033 
 -0.042809 -0.508069 -0.017153 
 -0.070074 -0.512698 0.016013 
 -0.092204 -0.499038 0.017898 
 -0.114333 -0.485379 0.019784 
 -0.136463 -0.471720 0.021669 
 -0.158592 -0.458060 0.023555 
 -0.180721 -0.444401 0.025440 
 -0.197319 -0.412697 -0.003989 
 -0.219392 -0.399072 -0.002108 
 -0.241465 -0.385447 -0.000227 
 -0.257837 -0.353883 -0.029676 
 -0.279854 -0.340293 -0.027800 
 -0.301870 -0.326703 -0.025925 
 -0.323887 -0.313113 -0.024049 
 -0.342940 -0.290623 -0.037847 
 -0.367920 -0.285934 -0.020297 
 -0.389936 -0.272344 -0.018421 
 -0.411953 -0.258754 -0.016546 
 -0.433969 -0.245165 -0.014670 
 -0.462194 -0.249202 0.018578 
 -0.484267 -0.235577 0.020459 
 -0.506340 -0.221952 0.022340 
 -0.528413 -0.208328 0.024220 
 -0.550486 -0.194703 0.026101 
 -0.572559 -0.181079 0.027981 
 0.304027 -0.827277 0.054079 
 0.283891 -0.804080 0.040382 
 0.261648 -0.790351 0.042277 
 0.239406 -0.776622 0.044172 
 0.221601 -0.744096 0.014864 
 0.203909 -0.711641 -0.014453 
 0.186329 -0.679255 -0.043780 
 0.164257 -0.665631 -0.041900 
 0.142184 -0.652006 -0.040019 
 0.120111 -0.638382 -0.038138 
 0.098038 -0.624757 -0.036258 
 0.075965 -0.611133 -0.034377 
 0.053892 -0.597508 -0.032497 
 0.031819 -0.583883 -0.030616 
 0.009746 -0.570259 -0.028736 
 -0.012327 -0.556634 -0.026855 
 -0.034400 -0.543010 -0.024974 
 -0.061644 -0.547728 0.008171 
 -0.083773 -0.534069 0.010057 
 -0.105902 -0.520409 0.011942 
 -0.128032 -0.506750 0.013828 
 -0.150161 -0.493090 0.015713 
 -0.172291 -0.479431 0.017598 
 -0.194420 -0.465771 0.019484 
 -0.210983 -0.434013 -0.009930 
 -0.233056 -0.420388 -0.008049 
 -0.255129 -0.406764 -0.006169 
 -0.277202 -0.393139 -0.004288 
 -0.299275 -0.379515 -0.002407 
 -0.315499 -0.347965 -0.031850 
 -0.334563 -0.325430 -0.045638 
 -0.359532 -0.320785 -0.028099 
 -0.381549 -0.307196 -0.026223 
 -0.403565 -0.293606 -0.024347 
 -0.425582 -0.280016 -0.022472 
 -0.447598 -0.266427 -0.020596 
 -0.475858 -0.270518 0.012637 
 -0.497931 -0.256893 0.014518 
 -0.520004 -0.243269 0.016399 
 -0.542077 -0.229644 0.018279 
 -0.564150 -0.216020 0.020160 
 -0.599275 -0.237409 0.084801 
 -0.621461 -0.223714 0.086691 
 0.290241 -0.848784 0.048084 
 0.267971 -0.835038 0.049982 
 0.247880 -0.811831 0.036291 
 0.230053 -0.779216 0.007002 
 0.207867 -0.765522 0.008892 
 0.190210 -0.733012 -0.020410 
 0.172666 -0.700572 -0.049721 
 0.150593 -0.686947 -0.047841 
 0.128520 -0.673323 -0.045960 
 0.106447 -0.659698 -0.044080 
 0.084374 -0.646073 -0.042199 
 0.062301 -0.632449 -0.040318 
 0.040228 -0.618824 -0.038438 
 0.018155 -0.605200 -0.036557 
 -0.003918 -0.591575 -0.034677 
 -0.025991 -0.577951 -0.032796 
 -0.048064 -0.564326 -0.030915 
 -0.070136 -0.550701 -0.029035 
 -0.097472 -0.555440 0.004100 
 -0.119601 -0.541780 0.005986 
 -0.141731 -0.528121 0.007871 
 -0.163860 -0.514461 0.009757 
 -0.185989 -0.500802 0.011642 
 -0.208119 -0.487142 0.013527 
 -0.230248 -0.473483 0.015413 
 -0.252377 -0.459824 0.017298 
 -0.274507 -0.446164 0.019184 
 -0.290866 -0.414456 -0.010229 
 -0.312939 -0.400831 -0.008348 
 -0.335011 -0.387206 -0.006468 
 -0.351145 -0.355637 -0.035901 
 -0.373161 -0.342047 -0.034025 
 -0.401230 -0.346333 -0.000826 
 -0.417194 -0.314868 -0.030273 
 -0.439210 -0.301278 -0.028397 
 -0.461227 -0.287688 -0.026522 
 -0.489522 -0.291834 0.006696 
 -0.511595 -0.278210 0.008577 
 -0.533668 -0.264585 0.010457 
 -0.555741 -0.250961 0.012338 
 -0.577814 -0.237336 0.014219 
 -0.606447 -0.241273 0.047465 
 -0.628577 -0.227613 0.049350 
 0.234111 -0.833311 0.030304 
 0.211869 -0.819582 0.032199 
 0.194134 -0.786947 0.002921 
 0.176511 -0.754383 -0.026366 
 0.154382 -0.740723 -0.024481 
 0.132253 -0.727064 -0.022595 
 0.114856 -0.694639 -0.051901 
 0.092783 -0.681014 -0.050021 
 0.070710 -0.667390 -0.048140 
 0.048637 -0.653765 -0.046259 
 0.026564 -0.640140 -0.044379 
 0.004492 -0.626516 -0.042498 
 -0.017581 -0.612891 -0.040618 
 -0.039654 -0.599267 -0.038737 
 -0.061727 -0.585642 -0.036856 
 -0.089041 -0.590470 -0.003741 
 -0.111170 -0.576810 -0.001856 
 -0.133300 -0.563151 0.000030 
 -0.155429 -0.549491 0.001915 
 -0.177559 -0.535832 0.003800 
 -0.199688 -0.522173 0.005686 
 -0.221817 -0.508513 0.007571 
 -0.243947 -0.494854 0.009457 
 -0.266076 -0.481194 0.011342 
 -0.288205 -0.467535 0.013227 
 -0.304529 -0.435772 -0.016170 
 -0.326602 -0.422147 -0.014289 
 -0.348675 -0.408523 -0.012409 
 -0.361786 -0.367899 -0.057475 
 -0.383774 -0.354327 -0.055602 
 -0.408806 -0.349719 -0.038075 
 -0.427751 -0.327182 -0.051855 
 -0.449739 -0.313610 -0.049982 
 -0.474856 -0.308950 -0.032447 
 -0.496872 -0.295360 -0.030572 
 -0.525259 -0.299526 0.002636 
 -0.553758 -0.303622 0.035852 
 -0.569404 -0.272277 0.006397 
 -0.591477 -0.258652 0.008278 
 -0.613550 -0.245028 0.010158 
 -0.642275 -0.248984 0.043394 
 0.202586 -0.822067 -0.004941 
 0.180400 -0.808373 -0.003051 
 0.162813 -0.775754 -0.032322 
 0.140683 -0.762094 -0.030437 
 0.118554 -0.748435 -0.028551 
 0.101192 -0.715955 -0.057842 
 0.079120 -0.702331 -0.055962 
 0.057047 -0.688706 -0.054081 
 0.034974 -0.675081 -0.052200 
 0.012901 -0.661457 -0.050320 
 -0.009172 -0.647832 -0.048439 
 -0.031245 -0.634208 -0.046559 
 -0.053318 -0.620583 -0.044678 
 -0.075391 -0.606958 -0.042798 
 -0.102740 -0.611841 -0.009697 
 -0.124869 -0.598181 -0.007812 
 -0.146999 -0.584522 -0.005927 
 -0.169128 -0.570862 -0.004041 
 -0.191257 -0.557203 -0.002156 
 -0.213387 -0.543544 -0.000270 
 -0.235516 -0.529884 0.001615 
 -0.257645 -0.516225 0.003500 
 -0.279775 -0.502565 0.005386 
 -0.301904 -0.488906 0.007271 
 -0.318193 -0.457088 -0.022111 
 -0.340266 -0.443463 -0.020231 
 -0.362339 -0.429839 -0.018350 
 -0.378402 -0.398161 -0.047752 
 -0.406485 -0.402590 -0.014589 
 -0.422435 -0.370981 -0.044001 
 -0.441362 -0.348417 -0.057773 
 -0.472704 -0.361716 -0.008947 
 -0.494776 -0.348091 -0.007066 
 -0.516849 -0.334467 -0.005186 
 -0.545327 -0.338652 0.028010 
 -0.567457 -0.324993 0.029896 
 -0.589586 -0.311333 0.031781 
 -0.611715 -0.297674 0.033667 
 -0.633845 -0.284014 0.035552 
 0.166667 -0.829798 -0.009022 
 0.149114 -0.797125 -0.038279 
 0.126985 -0.783465 -0.036393 
 0.104855 -0.769806 -0.034508 
 0.087529 -0.737272 -0.063783 
 0.065456 -0.723647 -0.061903 
 0.043383 -0.710022 -0.060022 
 0.021310 -0.696398 -0.058142 
 -0.005792 -0.701509 -0.025081 
 -0.022836 -0.669149 -0.054380 
 -0.044909 -0.655524 -0.052500 
 -0.066982 -0.641900 -0.050619 
 -0.094309 -0.646871 -0.017539 
 -0.116438 -0.633211 -0.015654 
 -0.138568 -0.619552 -0.013768 
 -0.160697 -0.605893 -0.011883 
 -0.182827 -0.592233 -0.009998 
 -0.204956 -0.578574 -0.008112 
 -0.227085 -0.564914 -0.006227 
 -0.249215 -0.551255 -0.004341 
 -0.271344 -0.537595 -0.002456 
 -0.293474 -0.523936 -0.000571 
 -0.315603 -0.510277 0.001315 
 -0.337732 -0.496617 0.003200 
 -0.353930 -0.464780 -0.026172 
 -0.376003 -0.451155 -0.024291 
 -0.392031 -0.419422 -0.053678 
 -0.420149 -0.423906 -0.020530 
 -0.436064 -0.392243 -0.049927 
 -0.458080 -0.378653 -0.048051 
 -0.486367 -0.383033 -0.014888 
 -0.508440 -0.369408 -0.013008 
 -0.536897 -0.373682 0.020169 
 -0.565466 -0.377887 0.053355 
 -0.587652 -0.364193 0.055245 
 -0.609838 -0.350499 0.057135 
 -0.632023 -0.336804 0.059025 
 -0.647544 -0.305385 0.029596 
 0.130747 -0.837529 -0.013103 
 0.113286 -0.804836 -0.042349 
 0.091157 -0.791177 -0.040464 
 0.069027 -0.777517 -0.038579 
 0.051792 -0.744963 -0.067844 
 0.029719 -0.731339 -0.065963 
 0.007646 -0.717714 -0.064083 
 -0.019490 -0.722880 -0.031037 
 -0.036500 -0.690465 -0.060322 
 -0.058573 -0.676840 -0.058441 
 -0.080646 -0.663216 -0.056560 
 -0.108008 -0.668242 -0.023495 
 -0.130137 -0.654582 -0.021610 
 -0.152267 -0.640923 -0.019725 
 -0.179855 -0.645809 0.013359 
 -0.202040 -0.632115 0.015250 
 -0.224226 -0.618421 0.017140 
 -0.246412 -0.604727 0.019030 
 -0.262913 -0.572626 -0.010298 
 -0.285043 -0.558966 -0.008412 
 -0.307172 -0.545307 -0.006527 
 -0.329302 -0.531648 -0.004641 
 -0.351431 -0.517988 -0.002756 
 -0.373560 -0.504329 -0.000871 
 -0.395690 -0.490669 0.001015 
 -0.411739 -0.458847 -0.028352 
 -0.433812 -0.445223 -0.026471 
 -0.455885 -0.431598 -0.024590 
 -0.477958 -0.417973 -0.022710 
 -0.506337 -0.422372 0.010442 
 -0.528466 -0.408713 0.012327 
 -0.550595 -0.395053 0.014213 
 -0.572725 -0.381394 0.016098 
 -0.594854 -0.367734 0.017983 
 -0.623571 -0.371924 0.051164 
 -0.645757 -0.358230 0.053054 
 0.099587 -0.826207 -0.048306 
 0.077458 -0.812547 -0.046420 
 0.060201 -0.779904 -0.075666 
 0.033199 -0.785229 -0.042649 
 0.016055 -0.752655 -0.071904 
 -0.006018 -0.739030 -0.070024 
 -0.028091 -0.725406 -0.068143 
 -0.050163 -0.711781 -0.066263 
 -0.072236 -0.698157 -0.064382 
 -0.099577 -0.703272 -0.031337 
 -0.121706 -0.689613 -0.029452 
 -0.143836 -0.675953 -0.027566 
 -0.171402 -0.680929 0.005498 
 -0.193588 -0.667235 0.007388 
 -0.221324 -0.672106 0.040468 
 -0.237960 -0.639846 0.011168 
 -0.260146 -0.626152 0.013059 
 -0.282332 -0.612458 0.014949 
 -0.298742 -0.580337 -0.014369 
 -0.326703 -0.585069 0.018729 
 -0.343000 -0.553018 -0.010598 
 -0.365130 -0.539359 -0.008712 
 -0.387259 -0.525700 -0.006827 
 -0.409388 -0.512040 -0.004942 
 -0.425403 -0.480163 -0.034293 
 -0.447476 -0.466539 -0.032412 
 -0.469549 -0.452914 -0.030531 
 -0.497906 -0.457402 0.002600 
 -0.526376 -0.461821 0.035741 
 -0.548561 -0.448126 0.037631 
 -0.577201 -0.452441 0.070788 
 -0.602698 -0.447698 0.088318 
 -0.624968 -0.433951 0.090215 
 0.063759 -0.833918 -0.052377 
 0.041630 -0.820259 -0.050491 
 0.019500 -0.806600 -0.048606 
 0.002392 -0.773971 -0.077845 
 -0.019681 -0.760347 -0.075965 
 -0.041754 -0.746722 -0.074084 
 -0.063827 -0.733098 -0.072204 
 -0.085900 -0.719473 -0.070323 
 -0.113276 -0.724643 -0.037293 
 -0.135405 -0.710984 -0.035408 
 -0.157535 -0.697324 -0.033523 
 -0.185136 -0.702354 -0.000474 
 -0.207322 -0.688660 0.001416 
 -0.235093 -0.693586 0.034481 
 -0.251694 -0.661272 0.005197 
 -0.273879 -0.647577 0.007087 
 -0.296065 -0.633883 0.008977 
 -0.318251 -0.620189 0.010867 
 -0.340437 -0.606495 0.012758 
 -0.362623 -0.592800 0.014648 
 -0.378828 -0.560730 -0.014669 
 -0.400958 -0.547070 -0.012783 
 -0.423087 -0.533411 -0.010898 
 -0.445217 -0.519752 -0.009012 
 -0.467346 -0.506092 -0.007127 
 -0.489475 -0.492433 -0.005242 
 -0.511605 -0.478773 -0.003356 
 -0.546485 -0.501379 0.061011 
 -0.568727 -0.487649 0.062906 
 -0.590969 -0.473920 0.064801 
 -0.613212 -0.460191 0.066696 
 -0.638754 -0.455459 0.084221 
 0.005802 -0.827970 -0.054562 
 -0.016328 -0.814311 -0.052677 
 -0.033345 -0.781663 -0.081906 
 -0.055418 -0.768039 -0.080025 
 -0.077491 -0.754414 -0.078145 
 -0.099564 -0.740789 -0.076264 
 -0.126974 -0.746014 -0.043250 
 -0.149104 -0.732354 -0.041364 
 -0.171233 -0.718695 -0.039479 
 -0.193363 -0.705035 -0.037593 
 -0.221055 -0.710085 -0.004555 
 -0.243241 -0.696391 -0.002665 
 -0.265427 -0.682697 -0.000775 
 -0.287613 -0.669003 0.001116 
 -0.309799 -0.655308 0.003006 
 -0.331985 -0.641614 0.004896 
 -0.354170 -0.627920 0.006786 
 -0.376356 -0.614225 0.008676 
 -0.392527 -0.582101 -0.020625 
 -0.420728 -0.586837 0.012457 
 -0.442914 -0.573143 0.014347 
 -0.465100 -0.559448 0.016237 
 -0.487285 -0.545754 0.018128 
 -0.509471 -0.532060 0.020018 
 -0.538011 -0.536588 0.053129 
 -0.563459 -0.531952 0.070637 
 -0.585729 -0.518205 0.072534 
 -0.608000 -0.504459 0.074432 
 -0.630270 -0.490712 0.076329 
 -0.047009 -0.802979 -0.087847 
 -0.069082 -0.789355 -0.085966 
 -0.091154 -0.775730 -0.084086 
 -0.113227 -0.762105 -0.082205 
 -0.135300 -0.748481 -0.080325 
 -0.162802 -0.753725 -0.047320 
 -0.184932 -0.740066 -0.045435 
 -0.207061 -0.726406 -0.043550 
 -0.229191 -0.712747 -0.041664 
 -0.256975 -0.717817 -0.008636 
 -0.279161 -0.704122 -0.006746 
 -0.301347 -0.690428 -0.004856 
 -0.323532 -0.676734 -0.002966 
 -0.345718 -0.663039 -0.001075 
 -0.367904 -0.649345 0.000815 
 -0.390090 -0.635651 0.002705 
 -0.412276 -0.621957 0.004595 
 -0.434462 -0.608262 0.006485 
 -0.456647 -0.594568 0.008376 
 -0.485053 -0.599255 0.041458 
 -0.501019 -0.567180 0.012156 
 -0.529537 -0.571797 0.045248 
 -0.551780 -0.558068 0.047143 
 -0.577245 -0.553459 0.064643 
 -0.599515 -0.539712 0.066540 
 -0.621786 -0.525966 0.068438 
 -0.644056 -0.512219 0.070335 
 -0.060673 -0.824296 -0.093788 
 -0.082746 -0.810671 -0.091908 
 -0.104818 -0.797047 -0.090027 
 -0.132242 -0.802415 -0.057048 
 -0.154372 -0.788755 -0.055162 
 -0.176501 -0.775096 -0.053277 
 -0.198631 -0.761437 -0.051391 
 -0.226337 -0.766631 -0.018388 
 -0.248523 -0.752936 -0.016498 
 -0.270709 -0.739242 -0.014608 
 -0.292894 -0.725548 -0.012718 
 -0.315080 -0.711853 -0.010827 
 -0.337266 -0.698159 -0.008937 
 -0.359452 -0.684465 -0.007047 
 -0.387610 -0.689380 0.025996 
 -0.409852 -0.675651 0.027891 
 -0.426009 -0.643382 -0.001376 
 -0.454337 -0.648193 0.031681 
 -0.476579 -0.634464 0.033576 
 -0.501949 -0.629952 0.051059 
 -0.521064 -0.607005 0.037366 
 -0.546490 -0.602459 0.054854 
 -0.568760 -0.588713 0.056751 
 -0.591031 -0.574966 0.058648 
 -0.613301 -0.561220 0.060546 
 -0.635572 -0.547473 0.062443 
 -0.118482 -0.818363 -0.095968 
 -0.168071 -0.810126 -0.061118 
 -0.190200 -0.796467 -0.059233 
 -0.212329 -0.782807 -0.057348 
 -0.240070 -0.788056 -0.024360 
 -0.262256 -0.774361 -0.022469 
 -0.290167 -0.779506 0.010534 
 -0.312409 -0.765777 0.012429 
 -0.334652 -0.752047 0.014324 
 -0.356894 -0.738318 0.016219 
 -0.382112 -0.733939 0.033680 
 -0.410389 -0.738856 0.066714 
 -0.432716 -0.725075 0.068616 
 -0.455043 -0.711294 0.070518 
 -0.477370 -0.697512 0.072420 
 -0.505930 -0.702255 0.105479 
 -0.528313 -0.688439 0.107386 
 -0.550697 -0.674623 0.109293 
 -0.560276 -0.623966 0.048859 
 -0.582546 -0.610220 0.050757 
 -0.604817 -0.596473 0.052654 
 -0.627087 -0.582727 0.054552 
 -0.253804 -0.809481 -0.030331 
 -0.275990 -0.795787 -0.028441 
 -0.303936 -0.800986 0.004548 
 -0.326178 -0.787257 0.006443 
 -0.348420 -0.773528 0.008338 
 -0.373627 -0.769192 0.025788 
 -0.395898 -0.755446 0.027686 
 -0.424210 -0.760418 0.060704 
 -0.446537 -0.746636 0.062607 
 -0.468864 -0.732855 0.064509 
 -0.491191 -0.719074 0.066411 
 -0.519786 -0.723871 0.099455 
 -0.548493 -0.728599 0.132507 
 -0.570933 -0.714748 0.134419 
 -0.593373 -0.700897 0.136331 
 -0.615813 -0.687046 0.138243 
 -0.618603 -0.617981 0.046660 
 -0.640873 -0.604234 0.048557 
 -0.362189 -0.795007 0.002351 
 -0.415704 -0.795761 0.052793 
 -0.438031 -0.781979 0.054695 
 -0.466491 -0.786936 0.087709 
 -0.488875 -0.773120 0.089616 
 -0.511258 -0.759304 0.091523 
 -0.533642 -0.745488 0.093430 
 -0.562384 -0.750270 0.126467 
 -0.584824 -0.736419 0.128379 
 -0.607264 -0.722568 0.130291 
 -0.629704 -0.708717 0.132203 
 -0.576275 -0.771941 0.120427 
 -0.605166 -0.776709 0.153460 
 -0.627662 -0.762823 0.155376 
 -0.643595 -0.730388 0.126163 
 