-0.203108 -0.573484 -0.020045 
 0.568320 -0.393578 0.142256 
 -0.308828 0.485526 -0.040806 
 0.020930 -0.626721 -0.080464 
 -0.562090 -0.479758 0.045770 
 -0.247247 0.581543 0.043297 
 -0.419728 0.122539 0.045910 
 0.640726 0.221793 -0.062364 
 -0.059502 -0.776171 -0.040048 
 0.148609 -0.690065 -0.072603 
 -0.067462 0.530516 -0.132558 
 0.347233 -0.635790 0.036889 
 -0.039947 -0.765856 -0.032115 
 0.019109 0.016955 -0.041733 
 -0.345554 -0.634354 0.072381 
 0.162418 0.647329 0.029512 
 -0.282162 -0.032484 -0.005301 
 -0.172929 -0.724427 -0.074911 
 0.308263 -0.301141 0.027283 
 0.533162 -0.531634 0.114385 
 0.332826 -0.099848 0.090617 
 -0.247427 0.749245 0.142530 
 0.675734 -0.243429 0.162678 
 0.161715 -0.608663 -0.059219 
 -0.111840 -0.332766 0.022421 
 0.487634 -0.174805 0.104316 
 0.278187 -0.247315 0.055125 
 -0.477777 -0.065872 -0.077851 
 0.346626 -0.100358 0.128780 
 -0.186589 0.433940 0.047098 
 0.461066 -0.113569 0.101973 
 0.052889 0.885084 0.148188 
 -0.308950 0.167363 0.123729 
 -0.365202 0.677388 0.042620 
 -0.207890 0.598411 0.057117 
 0.333045 -0.335461 -0.001338 
 -0.005745 -0.311971 0.062595 
 0.275074 0.402503 -0.173942 
 0.485486 -0.527857 0.098352 
 -0.155574 0.788260 0.212523 
 -0.313571 -0.071127 -0.020418 
 0.362571 0.341712 -0.132636 
 -0.073721 -0.429853 -0.041196 
 0.088977 -0.401999 -0.029199 
 -0.453216 0.286050 0.018671 
 -0.319475 -0.142978 -0.063804 
 0.472914 0.292717 -0.098766 
 -0.252487 -0.345087 -0.012826 
 0.195941 -0.237488 0.060036 
 0.702632 -0.084816 0.190754 
 -0.182122 0.253880 -0.121012 
 -0.172260 -0.358051 -0.002543 
 0.392981 -0.056637 0.000303 
 -0.546253 0.283817 0.134178 
 -0.481742 0.419315 0.088471 
 0.352542 0.159495 -0.089784 
 0.513613 -0.539960 0.106515 
 -0.287088 0.089969 0.006657 
 0.419851 0.071772 -0.108542 
 -0.320636 0.273014 0.031158 
 -0.361237 -0.557096 0.024920 
 0.314533 0.514610 -0.131037 
 -0.259129 -0.146634 -0.010658 
 -0.332682 -0.459154 -0.020483 
 -0.229451 -0.713930 -0.010382 
 0.552716 -0.523410 0.122770 
 0.620804 0.213611 -0.070953 
 -0.418011 0.404158 0.009724 
 -0.439857 0.368029 0.031907 
 0.145472 0.433039 -0.117177 
 0.205450 -0.413895 -0.055423 
 -0.723748 0.040506 -0.039449 
 -0.154842 -0.543624 -0.050449 
 0.160352 0.464702 -0.125295 
 0.493352 -0.469958 0.074364 
 0.316858 0.376299 -0.194873 
 -0.195059 0.395459 -0.109999 
 -0.469127 0.156056 0.000862 
 0.696988 0.114081 0.177443 
 -0.389090 -0.147157 -0.088207 
 0.180290 0.304124 -0.137463 
 -0.243095 -0.620783 -0.005560 
 0.419829 0.072282 -0.111304 
 0.446980 0.136886 -0.125519 
 0.562658 -0.414348 0.105020 
 0.238981 0.435275 -0.183584 
 0.527920 -0.159511 0.120034 
 -0.596454 -0.696383 0.159031 
 0.452710 0.375887 -0.063291 
 0.411997 0.092853 -0.109304 
 0.078682 0.774179 0.129063 
 -0.278317 0.690223 0.075209 
 0.561507 0.214825 -0.125294 
 0.093356 -0.379941 0.009130 
 0.161780 -0.609644 -0.059789 
 -0.592692 0.338681 0.124051 
 0.334697 0.060411 -0.140203 
 -0.115389 -0.047195 0.135455 
 -0.248506 0.819455 0.216832 
 -0.009097 0.230535 -0.078060 
 -0.470754 0.329930 0.018535 
 0.171217 -0.359310 -0.027726 
 -0.541299 0.021757 -0.008580 
 -0.646062 -0.347896 -0.085251 
 0.234280 0.627599 0.068707 
 0.466770 0.068074 -0.092326 
 -0.341566 0.185450 0.047421 
 0.493139 0.006524 -0.090026 
 0.439536 -0.093693 0.062987 
 -0.083807 -0.408913 -0.041986 
 0.076690 0.101989 -0.094856 
 0.104015 0.758845 0.152901 
 0.297463 0.541736 -0.018534 
 0.020933 -0.626922 -0.078101 
 -0.711132 0.232416 0.136207 
 0.151584 -0.417498 -0.041876 
 -0.067630 -0.117111 0.079453 
 0.335758 -0.745627 0.052216 
 -0.100227 0.697292 0.073026 
 -0.638526 -0.223077 -0.036796 
 -0.250884 0.557997 0.005433 
 0.356386 -0.606628 0.043979 
 0.057615 0.985290 0.160883 
 0.418235 -0.229090 0.073662 
 -0.432926 -0.707885 0.099921 
 0.339183 -0.404639 -0.006842 
 0.049163 0.736545 0.113902 
 0.205610 0.243267 -0.133110 
 -0.038089 0.349065 -0.141470 
 -0.318751 -0.617039 0.050881 
 0.286364 0.232636 -0.138686 
 0.222603 -0.534635 -0.029869 
 -0.031175 0.497968 -0.121405 
 -0.400978 0.160076 0.023419 
 -0.109959 0.531490 -0.081090 
 -0.232312 0.488816 0.036469 
 0.300251 -0.420626 -0.022515 
 -0.548439 -0.386106 -0.022413 
 0.427869 0.128747 -0.134475 
 -0.063600 0.553021 -0.095492 
 0.408437 -0.351079 0.023731 
 0.241786 -0.102144 0.140084 
 0.224994 0.327164 -0.148701 
 0.552014 0.237087 -0.126054 
 0.051083 0.164550 -0.097176 
 0.079785 0.773434 0.129065 
 -0.593177 0.121397 0.017050 
 -0.029411 0.613392 -0.043507 
 -0.191843 0.418232 -0.073007 
 -0.593124 0.120563 0.017049 
 0.104998 0.165857 -0.110885 
 0.051806 0.834740 0.141863 
 -0.072696 -0.649877 -0.080661 
 0.131298 -0.646095 -0.074156 
 -0.396418 -0.176391 -0.095337 
 -0.288299 -0.133947 -0.018056 
 -0.046869 0.215396 -0.093707 
 0.130027 -0.555790 -0.031608 
 0.072236 0.221908 -0.083114 
 0.153003 0.715264 0.047873 
 0.014922 -0.412786 -0.023724 
 -0.300217 0.009755 -0.006240 
 0.300091 0.528086 -0.101796 
 -0.178161 0.022193 0.154162 
 -0.160272 0.620900 0.042958 
 0.108621 0.655802 -0.056239 
 0.326355 -0.564101 0.004316 
 0.055877 -0.710492 -0.074976 
 -0.195679 -0.226236 0.055267 
 -0.028717 0.779873 0.059326 
 -0.146811 0.345666 -0.114793 
 0.034820 0.224958 -0.046594 
 0.484602 -0.276289 0.091717 
 0.114317 0.960598 0.178273 
 -0.139605 0.769046 0.183195 
 0.021672 0.546388 -0.115371 
 -0.477478 -0.458754 0.011689 
 -0.178495 -0.429813 -0.044449 
 -0.358851 -0.395488 -0.021115 
 0.047346 0.082688 -0.057610 
 0.640730 0.221796 -0.063495 
 -0.617820 0.010422 -0.004714 
 0.155362 -0.304481 0.037907 
 -0.648827 0.189672 0.088737 
 0.615549 -0.018622 0.133529 
 -0.172342 0.426489 -0.065166 
 0.147072 0.263742 -0.133631 
 -0.020411 -0.218980 0.067759 
 0.014659 -0.413351 -0.023726 
 -0.294816 0.612839 -0.006066 
 0.493255 -0.468464 0.074920 
 0.359815 -0.255227 0.050542 
 -0.127418 -0.076990 0.128493 
 -0.140810 -0.011492 0.163776 
 0.371494 0.244359 -0.106941 
 -0.116275 0.238884 -0.148658 
 -0.440762 -0.223701 -0.066093 
 -0.636011 -0.318225 -0.079029 
 -0.445007 -0.707445 0.062367 
 0.128329 -0.384167 -0.013438 
 -0.114205 -0.286189 0.042558 
 -0.693360 -0.148401 -0.048002 
 0.058403 -0.438281 -0.044173 
 0.394505 0.133894 -0.111921 
 0.253520 0.345174 -0.187805 
 0.540840 -0.472748 0.091168 
 -0.206106 -0.670799 -0.047637 
 0.410178 0.120693 -0.140402 
 0.220507 -0.110628 0.132982 
 0.285580 0.016269 -0.162608 
 -0.059762 0.433782 -0.107071 
 0.266290 0.422937 -0.174706 
 -0.228193 -0.090456 0.057061 
 0.189513 0.500743 -0.110578 
 -0.071923 -0.551868 -0.053104 
 -0.048927 0.462786 -0.098154 
 -0.494472 0.191716 0.025668 
 -0.113352 0.488312 -0.170133 
 -0.624774 0.130656 0.022993 
 -0.120932 -0.002532 0.171800 
 -0.541296 0.021758 -0.009309 
 0.114200 -0.605358 -0.077062 
 0.363028 0.265288 -0.107108 
 -0.303456 0.356157 0.028380 
 -0.277245 -0.775035 0.048389 
 0.243649 -0.696639 -0.039609 
 -0.333343 -0.078879 -0.027718 
 0.152893 0.716929 0.049153 
 0.097254 0.406673 -0.087454 
 -0.520611 -0.115228 -0.049278 
 -0.353796 -0.311163 -0.062255 
 -0.282103 0.210026 0.071309 
 0.409099 0.043577 -0.117459 
 0.070267 -0.299668 0.057622 
 -0.140732 0.370237 -0.092777 
 -0.318643 0.506456 -0.041594 
 -0.661815 -0.009875 -0.005164 
 0.144137 0.337119 -0.143632 
 -0.452521 -0.100538 -0.106490 
 -0.389529 -0.197595 -0.092505 
 -0.029226 0.702912 0.082453 
 -0.301953 0.202322 0.062823 
 -0.401419 -0.669239 0.115310 
 -0.406870 0.708623 0.048013 
 0.531661 -0.451890 0.090081 
 -0.072244 -0.379484 -0.034857 
 -0.251798 -0.120268 0.012726 
 -0.433340 -0.327460 -0.041561 
 -0.370815 0.226226 0.008064 
 -0.589886 -0.228348 -0.020706 
 0.285057 -0.631246 -0.017594 
 0.657248 0.226443 -0.040292 
 -0.102939 -0.112993 0.099927 
 0.107955 0.465643 -0.126475 
 -0.271514 -0.129328 0.005368 
 0.106912 -0.160631 0.085418 
 -0.132808 -0.341248 0.014870 
 0.513161 0.373307 -0.011644 
 0.207964 0.291686 -0.126903 
 0.161745 -0.771443 -0.010420 
 -0.398023 0.685103 0.048796 
 0.231076 -0.475412 -0.053091 
 0.020898 -0.626364 -0.078100 
 0.030801 -0.425787 -0.052830 
 -0.314521 0.555269 -0.035256 
 -0.191500 0.274049 -0.121794 
 0.153105 0.316560 -0.143926 
 -0.172248 -0.358307 -0.001436 
 -0.262538 0.478292 -0.009272 
 0.612216 -0.068650 0.127053 
 -0.250975 0.559505 0.004191 
 0.505554 0.007095 -0.050798 
 0.645991 0.288678 -0.004231 
 0.119399 -0.363235 -0.015081 
 -0.214429 -0.425567 -0.023713 
 -0.161895 -0.695291 -0.067608 
 -0.266159 -0.744084 0.055628 
 0.245178 0.364640 -0.188569 
 -0.285660 -0.433837 -0.033061 
 -0.318227 0.322954 0.037539 
 0.154162 0.929359 0.172549 
 0.218969 -0.271410 0.031489 
 0.227358 0.099702 -0.090976 
 0.446423 0.228199 -0.082235 
 -0.257315 -0.766566 0.057455 
 -0.171117 -0.260683 0.026882 
 0.609194 0.104667 -0.036745 
 -0.081736 -0.581186 -0.060226 
 0.500065 -0.239078 0.068427 
 -0.296796 -0.256856 -0.067628 
 -0.104809 0.466892 -0.169363 
 -0.593234 0.122296 0.017052 
 0.120973 -0.534373 -0.032390 
 -0.375056 0.721061 0.093819 
 -0.339171 -0.151069 -0.071553 
 0.098846 0.579257 -0.083456 
 0.316892 -0.673384 0.021913 
 -0.056236 -0.358321 0.039894 
 0.179729 0.073245 -0.061308 
 -0.228229 -0.089922 0.057648 
 -0.015924 0.782866 0.094005 
 -0.360022 -0.446292 -0.028637 
 -0.075851 0.805498 0.093617 
 -0.233886 0.661565 0.056975 
 -0.150548 -0.136518 0.113819 
 -0.181015 0.612470 0.035043 
 -0.477240 -0.715702 0.016799 
 -0.445007 -0.707393 0.061461 
 0.509486 -0.116812 0.118474 
 -0.479467 0.351158 0.015681 
 0.042678 -0.236827 0.055258 
 0.121848 0.015855 -0.038824 
 0.176658 -0.702106 -0.063965 
 -0.477357 -0.458746 0.011553 
 -0.347807 -0.634497 0.072372 
 -0.217029 -0.062081 0.064835 
 0.200165 0.190228 -0.124232 
 0.196844 -0.392491 -0.054658 
 0.128419 0.769993 0.145651 
 0.031324 0.623175 -0.087383 
 -0.355456 0.358100 0.028003 
 -0.379129 -0.023854 -0.039092 
 -0.298825 -0.655368 0.037644 
 0.655009 -0.172498 0.131126 
 -0.067740 0.763228 0.042068 
 0.243674 0.258682 -0.117624 
 -0.526971 -0.296338 -0.038219 
 0.153258 0.193688 -0.141594 
 0.239393 -0.152048 0.134561 
 -0.200009 -0.298556 0.011082 
 -0.284478 0.159333 0.064909 
 0.261026 0.217520 -0.115712 
 0.097765 0.953996 0.155183 
 0.435136 -0.653593 0.100169 
 0.137411 0.596146 -0.069047 
 -0.218894 0.568843 0.049189 
 -0.213876 0.069336 0.047673 
 -0.357702 0.305591 0.021616 
 -0.319475 -0.142979 -0.063752 
 -0.238294 0.104655 0.075266 
 0.387795 -0.570426 0.058956 
 0.328689 -0.514001 0.008581 
 -0.201759 0.720772 0.122034 
 0.654627 -0.080557 0.173830 
 0.361189 0.510270 -0.114866 
 -0.353210 -0.058574 -0.066763 
 0.588807 0.204456 -0.116902 
 0.287396 -0.581337 -0.011294 
 0.059265 0.143143 -0.096406 
 -0.007128 -0.820949 -0.059755 
 0.266536 0.421974 -0.174707 
 -0.514618 -0.565747 0.086212 
 -0.488638 -0.488607 0.005542 
 -0.133894 -0.150045 0.084448 
 -0.245785 -0.416986 -0.017612 
 -0.524413 -0.514167 0.056137 
 0.226876 0.601435 0.046473 
 -0.398814 0.442827 -0.027760 
 0.363984 -0.758286 0.062249 
 -0.186412 0.433952 0.046758 
 -0.006403 0.859979 0.124470 
 -0.489578 -0.331250 -0.028068 
 0.464477 -0.376451 0.040683 
 0.625439 0.010146 0.140586 
 0.254860 0.589470 0.055078 
 0.098785 0.236388 -0.105413 
 0.596113 0.319688 -0.051784 
 0.094246 -0.774450 -0.034924 
 0.009734 0.564740 -0.101412 
 0.233868 -0.425857 -0.046806 
 -0.133967 -0.294608 0.036681 
 -0.490427 -0.048567 -0.064448 
 0.216052 0.572352 0.039251 
 0.502731 0.329449 -0.084123 
 0.286413 0.155738 -0.113571 
 0.161541 0.694742 0.049927 
 0.053932 -0.127697 0.038838 
 -0.515543 0.183179 0.018728 
 0.128399 0.224699 -0.096847 
 0.579492 0.144829 -0.077249 
 -0.516696 0.132246 0.010795 
 -0.131951 0.252944 -0.118969 
 0.659040 0.118348 0.031908 
 -0.507895 0.109950 0.013108 
 0.274632 -0.359218 -0.024848 
 0.015823 -0.807846 -0.066496 
 -0.053523 -0.371903 -0.026953 
 -0.563449 -0.038921 -0.022939 
 0.502147 0.112206 -0.108067 
 -0.325177 0.527594 -0.042367 
 0.534638 -0.402627 0.096382 
 0.604597 -0.334957 0.195634 
 -0.465089 -0.715247 0.054294 
 -0.110212 0.311112 -0.104429 
 -0.314314 -0.294808 -0.045130 
 -0.482806 0.700133 0.053120 
 -0.560084 -0.161058 -0.034978 
 -0.697983 -0.062123 0.076700 
 -0.431343 0.346791 0.033055 
 0.194392 0.590531 0.000510 
 -0.354558 -0.058660 -0.066768 
 -0.001165 0.692934 0.091140 
 0.707666 0.163518 0.054061 
 -0.229132 -0.090516 0.057643 
 -0.086576 -0.345704 0.031148 
 -0.407411 -0.502092 0.015242 
 0.349626 -0.063151 0.067487 
 -0.078654 0.824525 0.162706 
 -0.026824 0.752277 0.088785 
 0.076537 0.302517 -0.122551 
 0.542346 0.208639 -0.133058 
 0.464374 -0.014011 -0.052205 
 -0.421832 -0.062690 -0.090941 
 0.581160 -0.234824 0.131004 
 -0.525777 -0.597494 0.078915 
 0.476614 -0.586542 0.122301 
 0.518130 0.193489 -0.110177 
 -0.398004 0.065534 -0.018893 
 -0.172396 0.591810 0.035828 
 -0.246471 -0.290293 -0.020157 
 0.132463 -0.361672 0.023674 
 -0.393446 -0.076064 -0.082628 
 -0.405547 0.541549 -0.053103 
 -0.595595 0.070917 0.010619 
 0.187258 0.631904 0.050658 
 -0.607380 0.040188 0.003388 
 -0.404503 -0.104863 -0.089537 
 -0.554816 -0.313837 -0.016776 
 -0.454871 -0.151093 -0.112447 
 -0.159414 -0.646816 -0.061413 
 0.162578 0.036034 -0.038216 
 0.209363 -0.613954 -0.042725 
 0.445082 0.011524 -0.106243 
 -0.072391 -0.773274 -0.077684 
 -0.657094 0.093132 0.007719 
 0.090678 -0.240836 0.071971 
 -0.021068 0.307661 -0.141483 
 0.433773 -0.068576 0.045832 
 -0.025455 -0.320700 0.055007 
 0.030599 0.778471 0.112480 
 0.346867 0.523876 -0.086614 
 -0.339242 0.264271 0.023200 
 0.707986 0.030314 0.271752 
 -0.071776 -0.551859 -0.053104 
 -0.603250 -0.054463 -0.038940 
 -0.004642 -0.421679 -0.032247 
 0.156853 -0.207725 0.065615 
 -0.289689 0.828990 0.167368 
 0.466634 0.067390 -0.092328 
 -0.041824 0.145124 -0.099211 
 -0.203462 -0.745893 -0.038412 
 -0.346916 0.854941 0.151745 
 0.462238 0.263730 -0.105280 
 -0.452412 -0.100531 -0.106417 
 0.578037 0.312651 -0.059481 
 -0.492058 -0.651553 0.051890 
 -0.164479 0.184328 -0.088811 
 -0.354969 -0.612978 0.071635 
 -0.240117 -0.091294 0.019898 
 -0.246884 0.749280 0.142501 
 -0.597514 0.236355 0.111104 
 0.572135 -0.085292 0.111563 
 -0.387595 -0.147062 -0.088201 
 0.258959 0.659341 0.113301 
 -0.357374 0.054028 0.026490 
 0.010008 -0.181054 0.082182 
 0.173634 0.563989 -0.059728 
 0.620782 -0.089489 0.127263 
 0.223493 0.494323 -0.132342 
 0.543826 -0.422610 0.097165 
 0.359108 0.509407 -0.114876 
 -0.075625 -0.428590 -0.041200 
 -0.620595 0.204929 0.064721 
 0.107949 0.370923 -0.153973 
 -0.433009 0.527201 -0.029346 
 -0.263847 -0.248011 -0.021211 
 -0.487665 -0.518531 0.034576 
 0.658475 0.226521 -0.040257 
 -0.579371 -0.169474 -0.044973 
 -0.114208 -0.286191 0.043366 
 -0.358791 -0.396370 -0.022243 
 -0.132808 -0.341248 0.014848 
 0.573940 0.060848 -0.021684 
 0.111871 -0.655454 -0.082883 
 -0.147317 0.391203 -0.093547 
 0.215641 -0.229135 0.069181 
 -0.292074 0.258533 0.039904 
 -0.502575 0.410776 0.081302 
 0.036344 -0.164869 0.060283 
 0.115452 0.118153 -0.079031 
 -0.588644 -0.228270 -0.019951 
 -0.145019 -0.324188 0.028536 
 -0.491509 -0.651516 0.051137 
 0.297812 0.368186 -0.200592 
 -0.145017 -0.324187 0.027877 
 0.194966 0.213562 -0.140089 
 0.121180 -0.455138 -0.056814 
 -0.436189 -0.728865 0.063387 
 0.231863 0.474893 -0.131617 
 -0.443540 -0.385838 -0.018249 
 0.635852 0.169192 -0.054351 
 -0.242871 -0.188991 -0.007744 
 0.261434 -0.438444 -0.037651 
 -0.460279 0.134845 -0.000524 
 0.188959 0.360085 -0.160581 
 -0.500465 0.410909 0.081311 
 0.482788 -0.497634 0.067290 
 -0.193220 -0.319843 0.010078 
 0.492641 0.253668 -0.112468 
 0.276154 -0.107618 0.119411 
 -0.565353 -0.343456 -0.024002 
 -0.339039 -0.387048 -0.014876 
 -0.498234 -0.311308 -0.029428 
 0.611068 -0.068723 0.127237 
 -0.194818 -0.146945 0.030224 
 0.167168 -0.796138 0.005257 
 0.120073 0.494544 -0.118911 
 -0.172385 0.591628 0.035827 
 -0.502479 0.438330 0.049654 
 -0.321256 0.649131 0.022936 
 -0.202558 0.019814 0.078433 
 0.247167 0.185224 -0.106254 
 0.336906 0.354173 -0.141096 
 0.061941 -0.372909 0.014161 
 -0.181246 -0.290206 0.019039 
 0.640462 -0.127275 0.113128 
 0.239814 -0.577079 -0.027789 
 0.196124 -0.693224 -0.056999 
 0.154433 0.554345 -0.068129 
 -0.448574 0.389255 0.030154 
 -0.097427 -0.345729 -0.008807 
 0.051425 0.718689 0.046476 
 -0.400474 -0.228020 -0.101704 
 0.580427 0.224859 -0.118651 
 -0.225494 -0.665762 -0.003983 
 0.057823 0.033547 -0.026018 
 -0.577002 -0.118461 -0.038206 
 0.464386 -0.045088 -0.005385 
 0.420616 -0.180218 0.079960 
 -0.000254 -0.051924 0.025524 
 0.449330 0.418712 -0.026781 
 -0.479469 0.351151 0.016301 
 0.362335 0.047535 -0.131714 
 -0.282730 0.210720 0.071308 
 -0.238722 0.728279 0.143290 
 0.702200 -0.084848 0.192966 
 0.224100 0.495474 -0.132337 
 -0.618560 -0.215533 -0.028774 
 0.536753 -0.051947 0.102176 
 -0.435964 0.001620 -0.055735 
 -0.604520 -0.673906 0.158227 
 -0.688986 -0.170420 -0.032517 
 -0.488422 -0.518579 0.034573 
 0.603655 -0.047810 0.126465 
 -0.598653 -0.207014 -0.021228 
 -0.284967 0.783238 0.132934 
 0.448742 0.435828 0.040981 
 -0.452491 -0.101018 -0.106418 
 0.287848 0.480127 -0.162204 
 -0.267634 0.349656 0.008678 
 0.449673 -0.284805 0.045043 
 0.382195 0.273453 -0.099864 
 0.024126 -0.576445 -0.071781 
 -0.400795 -0.032381 -0.046641 
 -0.402438 -0.608503 0.054679 
 0.428576 0.345671 -0.110008 
 0.285572 -0.330971 -0.017789 
 0.682577 -0.091057 0.182899 
 -0.583813 -0.097063 -0.037347 
 0.278117 0.552634 0.026251 
 0.446352 -0.242196 0.082298 
 0.544195 -0.503819 0.121986 
 -0.592070 -0.025758 -0.031733 
 0.482930 -0.036907 0.001905 
 -0.313616 -0.070477 -0.019409 
 -0.476294 -0.745381 0.047020 
 -0.383753 -0.600074 0.062862 
 0.137474 0.595156 -0.069049 
 -0.311243 -0.720072 0.075569 
 0.444737 -0.674722 0.100955 
 0.468372 0.194183 -0.111120 
 0.289449 -0.450998 -0.030208 
 0.174816 -0.073511 0.070355 
 0.129223 0.616390 -0.069817 
 -0.491649 0.242757 0.033153 
 -0.362798 -0.037545 -0.067553 
 -0.130447 -0.434567 -0.028045 
 0.178492 -0.400701 -0.064031 
 0.465900 -0.234595 0.089070 
 0.162975 0.345283 -0.136952 
 0.292579 0.085771 -0.118398 
 -0.342906 0.570340 -0.043934 
 0.114109 0.698700 0.031776 
 -0.251933 0.480384 0.028539 
 -0.096100 -0.328485 0.045289 
 0.601659 0.283074 -0.103790 
 -0.718164 0.157216 0.092918 
 0.601791 0.280997 -0.103794 
 -0.275165 0.448394 -0.016406 
 -0.349597 0.661836 0.013972 
 0.578275 -0.285592 0.124700 
 -0.414658 -0.287345 -0.063726 
 0.473771 -0.476968 0.066509 
 -0.143944 -0.369283 0.007306 
 0.598727 0.152978 -0.069545 
 -0.252106 -0.599303 -0.006352 
 0.643806 -0.318257 0.209900 
 0.080025 -0.808618 -0.027095 
 -0.294519 0.874989 0.205770 
 0.567281 -0.313523 0.117623 
 -0.368657 -0.344835 -0.053403 
 0.444723 -0.674537 0.101487 
 -0.595905 -0.330720 -0.032827 
 0.473457 0.247022 -0.120159 
 -0.413755 -0.668854 0.076167 
 -0.662455 0.108629 0.073935 
 0.377493 0.176988 -0.112364 
 0.068611 -0.580945 -0.055255 
 -0.156059 -0.209360 0.068981 
 -0.137521 -0.585802 -0.046718 
 0.620841 -0.090465 0.128017 
 0.362318 0.047784 -0.131405 
 -0.085924 0.353268 -0.158303 
 -0.488713 -0.487354 0.004317 
 0.127567 0.769939 0.145675 
 -0.050701 -0.238971 0.104675 
 -0.062439 -0.286485 0.045481 
 -0.034367 -0.362853 -0.019043 
 -0.227853 -0.716716 -0.010382 
 0.052503 -0.795823 -0.035785 
 -0.383720 -0.600587 0.062727 
 0.683173 0.178435 0.030224 
 0.570673 -0.435279 0.105797 
 -0.572422 -0.398196 -0.015731 
 -0.003642 0.910349 0.130813 
 0.146291 0.689019 0.026944 
 -0.386024 -0.763889 0.110987 
 0.103324 0.058254 -0.040380 
 -0.117840 -0.577418 -0.039620 
 -0.186940 0.375269 -0.109223 
 0.243271 0.042525 -0.141691 
 -0.340689 -0.357606 -0.044655 
 0.050863 0.884955 0.148192 
 -0.554834 -0.441476 -0.014139 
 -0.714819 -0.137654 -0.004750 
 0.051867 0.834744 0.141863 
 -0.319472 -0.143039 -0.063623 
 0.124076 0.544092 -0.113258 
 -0.003247 0.628589 -0.064326 
 0.111481 0.517072 -0.120248 
 -0.211142 0.469999 0.073333 
 -0.648243 0.189711 0.087684 
 -0.095472 0.797034 0.085707 
 0.604544 0.065809 0.041299 
 -0.666406 0.014795 -0.020552 
 -0.094284 -0.133174 0.100709 
 -0.026068 -0.320412 0.055005 
 0.294957 0.135151 -0.113018 
 0.146664 0.003096 -0.030221 
 0.492487 0.300527 -0.091062 
 -0.071815 0.595021 -0.042924 
 -0.358827 -0.159739 -0.080564 
 0.408453 -0.351336 0.023812 
 -0.051289 -0.589477 -0.066426 
 0.268750 0.471992 -0.167889 
 -0.123975 0.402703 -0.100689 
 0.630046 0.193208 -0.070422 
 0.196855 -0.140684 0.087771 
 0.124213 0.174945 -0.103098 
 0.073135 0.498464 -0.135763 
 -0.134269 -0.789017 -0.035094 
 -0.372778 0.582124 -0.052624 
 -0.172893 0.591405 0.035825 
 0.150296 0.644885 -0.009613 
 0.186264 0.611590 -0.000261 
 0.373350 -0.001188 -0.099902 
 -0.096629 -0.184359 0.094319 
 -0.140101 0.748640 0.130863 
 0.357886 -0.526525 0.019365 
 0.044521 -0.328706 0.012598 
 0.674122 -0.072254 0.182839 
 -0.301601 0.657905 0.030183 
 -0.148530 -0.615267 -0.054971 
 0.122745 -0.625708 -0.074935 
 0.416493 -0.661880 0.092273 
 -0.043389 -0.563284 -0.044407 
 -0.422653 -0.646299 0.076918 
 0.552937 0.238154 -0.126048 
 0.262714 0.615184 0.077323 
 0.302142 0.283288 -0.094387 
 -0.040352 0.585422 -0.050459 
 0.134531 0.921865 0.164650 
 0.541963 -0.472676 0.090867 
 0.266512 0.422951 -0.174705 
 -0.569900 0.034578 -0.017038 
 0.340601 0.405713 -0.150102 
 0.098008 0.083027 -0.056195 
 -0.413839 -0.429101 0.022272 
 -0.041049 0.867578 0.145991 
 0.101792 -0.463373 -0.064671 
 -0.304492 -0.235706 -0.069176 
 0.330664 -0.384469 -0.008093 
 0.449332 0.418713 -0.027334 
 0.428235 0.269195 -0.083771 
 -0.296507 0.681507 0.067263 
 -0.678964 0.202530 0.078803 
 -0.202016 -0.345399 -0.010179 
 0.449405 0.434848 0.040981 
 0.253078 -0.498156 -0.014410 
 -0.380934 0.478369 -0.050400 
 0.119401 -0.793836 -0.011279 
 -0.186148 -0.167681 0.031014 
 0.404118 -0.138385 0.078405 
 0.315957 -0.789090 0.091993 
 0.085476 0.358523 -0.146662 
 0.316187 0.270608 -0.123918 
 0.303242 0.191558 -0.136999 
 0.021429 -0.388245 -0.001660 
 -0.497228 -0.724166 0.008745 
 -0.443885 0.497744 -0.038046 
 0.227261 0.601459 0.046474 
 -0.481820 -0.019026 -0.057285 
 -0.468638 0.611489 -0.034049 
 -0.162427 -0.137260 0.077352 
 0.110948 0.295830 -0.144357 
 -0.577483 0.244965 0.119179 
 -0.148001 0.391160 -0.093897 
 0.602255 -0.385317 0.189935 
 0.156026 -0.207777 0.065234 
 -0.007547 0.029636 -0.050364 
 0.103802 -0.584580 -0.076501 
 -0.044351 0.650646 0.038094 
 0.095722 -0.329930 0.014205 
 -0.603708 -0.673855 0.158230 
 -0.537259 -0.356893 -0.015187 
 -0.211395 0.410756 -0.080881 
 -0.539684 -0.407270 -0.021618 
 0.360596 0.460537 -0.121039 
 -0.059770 0.577152 -0.059504 
 -0.483391 0.221897 0.033945 
 0.506497 -0.389167 0.087787 
 -0.233953 0.662764 0.054762 
 0.242593 0.503597 -0.125482 
 -0.278249 0.689160 0.075207 
 -0.550784 -0.182304 -0.032648 
 -0.340590 0.783384 0.146123 
 0.337064 -0.455264 -0.013127 
 -0.195563 0.397055 -0.109997 
 0.070947 0.726573 0.055098 
 -0.256617 0.147046 0.073681 
 -0.356479 -0.109186 -0.073940 
 0.137732 0.730576 0.078685 
 0.374953 -0.728933 0.069750 
 0.394941 0.427015 -0.111816 
 -0.726910 -0.049150 0.066959 
 -0.214032 0.691113 0.114526 
 0.450127 0.484383 0.047218 
 -0.365867 0.676926 0.042616 
 -0.223287 -0.133942 0.021474 
 0.227650 -0.292356 0.032270 
 -0.434750 -0.407908 -0.016434 
 -0.342861 0.569573 -0.042938 
 -0.276813 0.621092 0.003725 
 0.242823 -0.305056 0.003112 
 0.602278 -0.385592 0.188701 
 0.336925 0.110604 -0.134007 
 -0.426013 0.482861 -0.066991 
 0.151125 -0.417600 -0.041878 
 -0.061138 0.213915 -0.131501 
 -0.442945 0.092204 0.001057 
 0.033581 -0.358780 0.005465 
 -0.019033 0.926518 0.157859 
 0.122651 0.863266 0.203862 
 0.693342 0.028915 0.233474 
 0.370751 0.027241 -0.129062 
 -0.460688 -0.263866 -0.043746 
 -0.014312 -0.354465 -0.011945 
 0.364507 -0.155605 0.062686 
 -0.066892 -0.450998 -0.041324 
 0.066222 0.350457 -0.153706 
 0.184353 -0.221392 0.074304 
 -0.144689 -0.179686 0.077566 
 0.440815 0.347111 -0.070621 
 -0.164158 0.716160 0.085692 
 0.034549 -0.404988 -0.013468 
 -0.031970 0.219102 -0.070886 
 -0.009268 -0.189429 0.074923 
 0.420641 -0.180215 0.079502 
 -0.110060 0.620580 0.044525 
 -0.398351 0.442937 -0.027758 
 0.446596 0.136861 -0.125003 
 0.018872 0.016941 -0.042264 
 -0.197369 -0.692742 -0.046850 
 -0.213714 -0.552436 -0.020593 
 -0.421335 -0.565782 0.053078 
 -0.086833 0.776060 0.086492 
 -0.325037 0.625388 -0.014767 
 -0.255910 0.602630 0.042138 
 -0.143838 -0.514160 -0.041110 
 0.267856 -0.589016 -0.018763 
 -0.515591 -0.535637 0.057168 
 0.108492 0.654833 -0.056241 
 0.490084 -0.126655 0.110612 
 -0.532892 0.427696 0.005161 
 -0.316962 0.506564 -0.042495 
 0.158793 -0.157327 0.071956 
 -0.684033 -0.071075 -0.019641 
 0.505611 0.006257 -0.051899 
 -0.169839 -0.450904 -0.041606 
 0.560223 0.136677 -0.084953 
 0.498639 -0.146995 0.110553 
 -0.146732 0.344470 -0.115681 
 -0.470202 -0.591582 0.066437 
 0.346268 -0.635852 0.037294 
 0.475358 -0.347329 0.048508 
 -0.068436 0.686459 0.064657 
 0.306226 0.347427 -0.201949 
 0.072738 0.223005 -0.083109 
 0.714462 0.005268 0.287865 
 -0.600304 -0.432989 -0.045691 
 0.529788 -0.201707 0.081586 
 0.207964 0.291712 -0.127386 
 0.073120 0.498777 -0.136935 
 -0.111150 0.666939 0.065896 
 0.640460 -0.127277 0.113763 
 0.111649 0.514414 -0.120253 
 -0.192576 0.049404 0.085291 
 0.288884 0.064432 -0.156413 
 0.295707 0.541269 -0.018541 
 0.073345 -0.198664 0.071218 
 0.084038 0.049174 -0.048218 
 -0.671727 0.248937 0.152434 
 -0.113190 -0.475593 -0.026472 
 -0.462590 0.489425 -0.045972 
 -0.442941 0.092155 0.001057 
 -0.371432 0.226187 0.008062 
 0.542339 0.208742 -0.132963 
 -0.472417 0.511363 -0.046761 
 -0.255745 0.001756 0.025942 
 -0.110007 0.619734 0.044524 
 0.085123 0.689984 -0.027552 
 -0.323762 -0.591872 0.035262 
 -0.264809 0.169911 0.072895 
 0.345694 0.010856 -0.108415 
 0.187532 -0.672333 -0.056014 
 0.200260 0.188724 -0.124235 
 -0.005747 -0.311972 0.062990 
 0.468201 -0.184154 0.096456 
 0.182053 0.181329 -0.131984 
 0.346570 -0.099325 0.126302 
 -0.502487 0.438325 0.051757 
 0.181366 -0.601335 -0.051362 
 -0.520641 0.246888 0.106479 
 -0.567605 0.086800 -0.010895 
 -0.117156 -0.496742 -0.063364 
 -0.178750 -0.094739 0.074406 
 -0.383781 -0.599636 0.062729 
 0.480318 0.363513 -0.055463 
 0.070339 0.372854 -0.117313 
 -0.358574 0.702874 0.064720 
 0.293416 -0.149259 0.119543 
 0.420619 0.288379 -0.084536 
 -0.072289 -0.007893 0.188724 
 -0.171113 -0.260681 0.025946 
 0.010390 0.796531 0.073180 
 0.367366 0.439945 -0.119132 
 0.579535 -0.155594 0.106060 
 -0.124253 -0.360285 0.015258 
 -0.203144 0.526569 0.051538 
 0.228472 0.698433 0.073249 
 -0.551270 0.470084 0.003575 
 -0.368057 0.795224 0.137331 
 -0.373816 -0.067016 -0.073279 
 0.346503 -0.098422 0.128783 
 0.490289 -0.126087 0.110614 
 0.517787 0.193469 -0.110825 
 -0.388368 0.501111 -0.051175 
 -0.507293 -0.445953 0.002719 
 -0.292475 0.490858 -0.017995 
 -0.060663 0.577093 -0.058387 
 -0.314642 0.557163 -0.035253 
 0.149643 0.644844 -0.009615 
 0.060265 0.562826 -0.100879 
 -0.175967 0.402995 -0.102165 
 0.255795 0.394364 -0.182911 
 0.313062 0.418754 -0.159124 
 0.190656 0.522163 -0.058187 
 -0.469118 0.156062 -0.001656 
 -0.440966 -0.831810 0.049043 
 0.656948 -0.030465 0.181715 
 -0.055539 -0.134035 0.064607 
 -0.230840 0.401622 -0.089067 
 -0.443652 0.238363 0.050634 
 -0.031039 0.729654 0.050092 
 -0.024848 -0.654430 -0.064079 
 0.402683 -0.138476 0.078399 
 -0.216987 -0.205214 0.015881 
 -0.738152 -0.079231 0.059523 
 0.198884 0.614986 0.037872 
 0.222105 -0.110527 0.133205 
 0.161682 -0.770408 -0.011145 
 -0.094091 0.497083 -0.163017 
 0.130046 0.427716 -0.140018 
 0.428626 0.344803 -0.108762 
 -0.402135 0.592040 -0.046400 
 -0.543578 -0.552783 0.078956 
 0.005602 0.140343 -0.082225 
 0.015846 -0.807843 -0.067643 
 0.005595 0.140339 -0.080418 
 0.397673 0.014827 -0.122461 
 0.157948 0.624073 -0.009975 
 0.381924 0.349870 -0.125065 
 -0.383732 0.368085 0.019247 
 0.468207 -0.184241 0.096456 
 0.157689 -0.488571 -0.047399 
 0.253516 0.345319 -0.189076 
 0.682389 -0.000165 0.226116 
 -0.441391 0.092489 0.001063 
 0.561387 0.216749 -0.125867 
 -0.396188 -0.710675 0.079318 
 -0.563644 -0.419588 -0.014934 
 0.152600 0.316527 -0.143191 
 0.404053 0.472265 -0.037038 
 -0.133601 -0.033432 0.164563 
 -0.341671 -0.057713 -0.029154 
 -0.479437 -0.017952 -0.057273 
 -0.245459 -0.210562 -0.045384 
 0.323191 -0.222454 0.040669 
 -0.452516 -0.100535 -0.107923 
 0.420528 0.289779 -0.084037 
 -0.181888 0.535051 0.058898 
 0.004998 0.889356 0.131598 
 -0.097870 0.274775 -0.171556 
 0.233566 0.382958 -0.174947 
 0.524783 0.015286 -0.045912 
 -0.013817 -0.749518 -0.053960 
 0.017927 -0.676995 -0.084421 
 -0.514189 -0.187329 -0.055758 
 -0.637078 0.100308 0.015750 
 0.042101 -0.377889 0.006258 
 0.371610 -0.225971 0.057168 
 0.459636 -0.163576 0.095676 
 0.240044 -0.262986 0.039373 
 -0.199192 0.576792 0.057901 
 -0.313850 -0.421064 -0.042285 
 0.399082 0.232267 -0.098451 
 -0.443645 0.238367 0.048846 
 -0.314365 0.556936 -0.035252 
 0.332983 -0.334506 -0.001079 
 -0.509496 0.277409 0.114486 
 -0.622702 0.246367 0.169472 
 -0.468701 -0.480115 0.012495 
 0.545483 -0.372371 0.103463 
 0.303484 0.112253 -0.112255 
 0.690999 -0.021144 0.226897 
 0.206713 0.639968 0.060094 
 0.256944 -0.618216 -0.026148 
 -0.261447 -0.197981 -0.015691 
 -0.172365 -0.358060 -0.001436 
 -0.299416 0.729764 0.088607 
 0.246625 -0.346801 -0.032110 
 -0.128727 -0.434026 -0.028038 
 0.190504 0.700004 0.126330 
 -0.361152 -0.210732 -0.085843 
 -0.445717 0.041482 -0.005345 
 0.671273 0.227642 -0.002345 
 0.282622 0.273773 -0.102136 
 0.277348 0.253139 -0.139370 
 0.046119 0.530892 -0.094140 
 0.295503 0.505124 -0.138744 
 -0.344089 0.757946 0.108990 
 0.095196 -0.613634 -0.083571 
 0.524768 0.015278 -0.042133 
 0.259851 -0.568084 -0.019928 
 -0.623319 0.245042 0.169467 
 0.269617 -0.538958 -0.012853 
 0.127565 -0.384216 -0.013441 
 -0.343267 -0.281653 -0.053870 
 -0.404529 -0.104436 -0.089770 
 0.129512 0.427683 -0.140384 
 -0.404885 -0.578430 0.025232 
 -0.722531 0.082599 0.048734 
 -0.360284 0.632391 0.006393 
 -0.238379 -0.518740 0.005546 
 0.484058 -0.036835 0.001909 
 -0.233810 -0.433951 -0.030311 
 0.073950 -0.198624 0.070335 
 -0.109728 0.026294 0.178993 
 -0.360500 -0.015522 -0.030736 
 -0.337363 -0.655805 0.071499 
 0.255781 0.394501 -0.181636 
 -0.181682 -0.560795 -0.027294 
 0.549576 -0.193405 0.091162 
 0.468564 -0.326375 0.047250 
 -0.242889 -0.142071 0.013514 
 0.573963 0.060430 -0.020634 
 0.426772 -0.551841 0.074718 
 0.571200 0.336402 -0.074127 
 -0.048077 0.771562 0.049947 
 0.494814 -0.339041 0.054327 
 -0.434746 -0.407905 -0.017526 
 -0.101214 0.165389 -0.101459 
 0.275880 -0.770744 0.030641 
 -0.360119 0.255786 0.015106 
 0.592581 0.033311 0.047858 
 0.193767 -0.097819 0.123413 
 -0.061218 0.136337 -0.105932 
 0.149952 0.644863 -0.009614 
 -0.039824 0.867655 0.145996 
 -0.234958 -0.018376 0.063254 
 -0.211342 0.409926 -0.080962 
 0.269411 -0.223720 0.054349 
 -0.012590 0.181900 -0.084338 
 0.140676 -0.446770 -0.049392 
 -0.389875 -0.544822 0.016832 
 0.138852 -0.054376 -0.006411 
 -0.657643 0.211145 0.086468 
 -0.039880 -0.766902 -0.032117 
 -0.507960 0.110964 0.013262 
 0.010033 -0.656851 -0.085201 
 -0.320479 0.270536 0.031153 
 -0.292158 0.035730 0.015166 
 -0.177112 0.634889 0.072188 
 0.211096 -0.139993 0.124955 
 0.075416 0.548216 -0.130725 
 -0.287079 0.712549 0.074424 
 0.470635 -0.135747 0.102753 
 0.460158 0.416747 0.026501 
 -0.045840 -0.282094 0.068382 
 0.203570 0.269383 -0.164072 
 -0.150524 -0.281522 0.064763 
 -0.431665 0.718732 0.106901 
 0.222600 -0.534636 -0.029198 
 -0.373817 -0.651799 0.093864 
 0.072833 -0.342062 0.021565 
 -0.069306 -0.500338 -0.046759 
 0.241856 0.286443 -0.148623 
 0.640526 0.113649 0.008519 
 -0.208356 -0.225347 0.016672 
 0.599398 0.233982 -0.109942 
 -0.101619 0.289707 -0.104642 
 -0.290873 0.231979 0.071390 
 -0.072286 -0.007891 0.187732 
 -0.661784 0.108238 0.073936 
 0.577241 -0.205984 0.099749 
 0.304837 -0.702731 0.014683 
 -0.462183 0.686016 0.009229 
 0.171062 0.016290 -0.037438 
 -0.130775 0.658548 0.057988 
 -0.473566 -0.694439 0.053494 
 0.079987 -0.808018 -0.027093 
 0.107087 0.809316 0.158578 
 0.521332 -0.481058 0.085606 
 -0.179088 0.823619 0.241045 
 -0.515529 -0.536538 0.055965 
 -0.268703 -0.556802 -0.007930 
 0.292527 0.086642 -0.119226 
 0.210486 -0.484206 -0.060934 
 0.220224 -0.505045 -0.060152 
 -0.050676 -0.239290 0.103468 
 -0.377210 0.423943 0.010743 
 0.180507 0.522174 -0.111345 
 -0.050489 0.489744 -0.130996 
 -0.036676 0.823433 0.109439 
 -0.270506 0.549640 -0.003717 
 0.691339 0.127503 0.077705 
 0.501834 -0.489362 0.077452 
 -0.051951 0.193198 -0.130500 
 -0.677129 -0.189864 -0.046415 
 0.412770 -0.662116 0.092259 
 0.066218 -0.680012 -0.067878 
 0.051343 -0.257923 0.056044 
 0.138901 -0.783465 -0.003792 
 -0.179922 -0.480309 -0.051046 
 0.036415 0.254578 -0.092467 
 -0.161220 -0.328507 0.005248 
 0.121051 0.448278 -0.141415 
 -0.550668 0.042995 -0.009314 
 -0.211727 -0.374862 -0.016037 
 -0.614551 -0.339120 -0.040076 
 0.532566 0.365892 -0.069607 
 0.428258 0.051736 -0.107900 
 -0.294118 -0.523026 0.020362 
 0.540268 0.128583 -0.092659 
 0.286424 0.064276 -0.156423 
 0.540260 0.128715 -0.092659 
 0.640417 0.267414 -0.042630 
 -0.402981 0.571413 -0.098189 
 0.721845 -0.033764 0.235566 
 0.335752 -0.745631 0.053691 
 -0.052028 0.194422 -0.130722 
 0.293611 -0.651703 -0.015902 
 0.521156 0.429752 0.149340 
 0.122058 -0.534800 -0.032387 
 -0.269170 -0.078317 0.011147 
 0.392928 0.302158 -0.094041 
 0.181023 0.521772 -0.111344 
 -0.240532 0.509931 0.035685 
 -0.367693 0.103499 -0.003917 
 0.249370 -0.233813 0.046466 
 -0.172278 -0.499890 -0.050260 
 0.080008 -0.270282 0.064761 
 0.026959 0.948177 0.146890 
 0.016984 -0.505321 -0.067350 
 0.192112 -0.570916 -0.044280 
 0.710706 -0.104345 0.191533 
 -0.095490 0.797171 0.088044 
 -0.653956 -0.130183 -0.031956 
 0.582788 -0.056183 0.118622 
 -0.012900 -0.354377 -0.011127 
 -0.360180 0.256742 0.015237 
 0.361236 0.509543 -0.115157 
 0.313120 -0.142213 0.128886 
 0.623626 0.307669 -0.043316 
 0.123731 -0.152656 0.093337 
 -0.320535 0.244697 0.061742 
 -0.677682 0.202626 0.078808 
 -0.145834 -0.564692 -0.047905 
 -0.218563 -0.510568 0.015222 
 0.122771 -0.626261 -0.072637 
 -0.325599 0.527566 -0.041728 
 -0.050497 0.489873 -0.131014 
 -0.353793 0.539673 -0.051052 
 -0.319048 -0.142952 -0.063621 
 0.058350 0.513279 -0.106384 
 0.432897 -0.413937 0.026055 
 -0.353548 0.540241 -0.051050 
 -0.218900 0.736457 0.151471 
 -0.177455 -0.188761 0.031946 
 0.598860 -0.145384 0.113902 
 -0.609048 -0.011071 -0.003044 
 0.182060 0.588534 -0.037579 
 -0.163049 0.156152 -0.058156 
 -0.289797 0.310612 0.045288 
 -0.575240 -0.292778 -0.055017 
 0.534570 -0.401558 0.096384 
 -0.257514 -0.319839 -0.027115 
 0.138117 0.729260 0.078684 
 -0.378543 -0.023818 -0.038680 
 -0.337717 0.664590 0.051355 
 0.112119 0.036622 -0.039604 
 0.260917 0.219257 -0.116084 
 0.218139 -0.795725 0.008005 
 0.058417 -0.438441 -0.045339 
 -0.017540 -0.009861 0.024413 
 0.529146 -0.380663 0.095618 
 -0.330606 0.446254 -0.003183 
 -0.319948 0.001422 -0.014830 
 -0.215159 -0.776656 -0.045588 
 0.543168 -0.422652 0.097198 
 -0.108936 -0.375232 -0.013758 
 0.570859 0.088422 -0.052940 
 -0.515567 -0.013443 -0.036477 
 -0.007705 -0.694470 -0.064098 
 -0.155094 0.549371 0.038735 
 -0.092859 -0.387318 -0.042770 
 -0.272428 -0.353514 -0.019982 
 -0.456345 -0.737406 0.055093 
 0.327026 0.297550 -0.116962 
 -0.247105 -0.497520 0.006333 
 0.603476 -0.255524 0.170487 
 -0.166361 0.184247 -0.088819 
 0.243666 0.040640 -0.141694 
 0.282654 -0.680146 -0.023893 
 0.466177 0.143711 -0.117300 
 0.476302 0.439769 0.117626 
 0.494209 0.055502 -0.083838 
 -0.553520 -0.058913 -0.022139 
 0.590448 -0.126896 0.112691 
 0.353681 0.285771 -0.108475 
 -0.544336 -0.255679 -0.039809 
 -0.005868 -0.311979 0.062958 
 0.196160 -0.693847 -0.056107 
 -0.592090 -0.025442 -0.031733 
 0.420071 -0.322167 0.030794 
 0.577660 -0.113712 0.142829 
 0.198467 -0.643437 -0.049805 
 0.052888 0.885083 0.148460 
 -0.282658 0.065214 0.022332 
 -0.184130 -0.340990 0.012654 
 -0.646498 0.023274 -0.012608 
 0.209009 0.509817 -0.102830 
 0.068653 -0.299770 0.057195 
 0.064686 -0.177575 0.069184 
 -0.038144 -0.176721 0.067147 
 -0.033233 -0.281824 0.106256 
 -0.456642 0.641023 -0.028698 
 0.384200 0.399049 -0.118754 
 0.008462 0.066001 -0.074167 
 -0.659662 0.092075 0.007707 
 -0.214080 -0.425547 -0.022637 
 0.174931 -0.448367 -0.070315 
 -0.647802 0.023191 -0.012661 
 -0.119467 -0.404564 -0.020900 
 -0.350333 0.438653 -0.011112 
 0.495614 -0.289176 0.062135 
 -0.422365 0.403882 0.009707 
 0.155230 -0.082100 0.062352 
 0.316524 0.345951 -0.148804 
 0.423002 -0.272165 0.037080 
 -0.111741 -0.090498 0.099138 
 -0.318955 -0.142946 -0.063621 
 -0.337017 -0.768087 0.127416 
 0.034829 0.224813 -0.046594 
 0.160762 0.141781 -0.093767 
 0.246032 -0.647416 -0.033500 
 -0.056190 0.813303 0.101526 
 0.176659 -0.702112 -0.063965 
 -0.668860 0.181140 0.080076 
 -0.572502 -0.539809 0.068376 
 0.323966 0.031770 -0.147162 
 0.175660 -0.199413 0.071139 
 -0.593235 -0.075828 -0.038143 
 0.436699 0.031198 -0.107215 
 0.077954 -0.430122 -0.034131 
 -0.252353 0.794887 0.178469 
 0.085132 0.750278 0.144993 
 0.023483 -0.783198 -0.044651 
 0.650695 0.040529 0.185741 
 0.128514 0.474466 -0.118713 
 -0.138431 0.039608 0.170209 
 0.080706 0.667310 -0.064799 
 0.387987 0.513508 -0.038569 
 0.097149 0.406664 -0.086279 
 0.408196 0.429823 -0.073676 
 -0.691901 0.240936 0.144263 
 0.430048 0.411542 -0.034731 
 0.100177 0.675549 -0.057481 
 0.287163 -0.451144 -0.029588 
 -0.002005 0.690432 0.091132 
 0.434810 -0.494149 0.050791 
 0.269461 0.274082 -0.140133 
 -0.437817 0.649347 -0.018974 
 -0.429611 0.027488 -0.034184 
 -0.584373 -0.665282 0.166393 
 0.128695 -0.384144 -0.013436 
 -0.565980 -0.343304 -0.024004 
 0.648359 -0.009572 0.181913 
 0.579266 -0.364299 0.148022 
 -0.337472 0.664608 0.050113 
 0.086132 0.331335 -0.115777 
 -0.367019 0.677272 0.042613 
 -0.107031 0.438040 -0.124096 
 0.680067 -0.050588 0.220189 
 0.573320 -0.085217 0.111422 
 -0.405620 -0.803242 0.132617 
 0.616829 0.159574 -0.061848 
 -0.175908 0.686646 0.078545 
 0.153097 -0.587243 -0.059996 
 -0.346163 -0.634390 0.070628 
 0.239020 0.434624 -0.183162 
 -0.470485 -0.293442 -0.050932 
 0.402583 -0.661046 0.054204 
 -0.276957 -0.455003 -0.033680 
 0.344596 -0.352849 -0.015655 
 0.132708 0.155228 -0.102323 
 -0.208000 -0.081997 0.065630 
 -0.441844 -0.306223 -0.042159 
 0.360958 0.509525 -0.114869 
 -0.170736 -0.450956 -0.043909 
 -0.111655 -0.090722 0.099138 
 -0.292636 -0.361956 -0.027944 
 -0.295597 0.130216 0.057526 
 -0.449333 0.389204 0.031471 
 -0.581181 -0.248758 -0.019159 
 -0.713982 -0.137121 -0.004745 
 0.607608 -0.169138 0.114672 
 0.015133 -0.413321 -0.023724 
 0.664373 0.026103 0.156260 
 0.005824 0.607868 -0.065034 
 -0.431044 0.718461 0.106903 
 -0.363527 -0.260850 -0.092549 
 0.310670 0.446844 -0.189642 
 0.521471 -0.483085 0.083000 
 0.153338 -0.749387 -0.011199 
 0.165479 0.397417 -0.130735 
 -0.401556 -0.669248 0.115309 
 0.414783 -0.423507 0.018220 
 -0.563611 -0.420144 -0.014193 
 0.308891 -0.442717 -0.021056 
 0.208798 -0.613967 -0.042727 
 0.485519 0.153188 -0.109592 
 0.064474 -0.321012 0.020507 
 -0.295796 -0.257339 -0.067625 
 -0.184073 0.799490 0.203724 
 0.390639 0.252917 -0.100107 
 -0.253207 -0.345134 -0.012022 
 -0.103105 -0.110386 0.099932 
 -0.201303 0.070624 0.086165 
 -0.096543 -0.741788 -0.050349 
 -0.119481 -0.547537 -0.067985 
 -0.467441 -0.767405 0.048745 
 -0.213305 0.069374 0.047010 
 -0.215149 -0.252311 -0.005373 
 0.060355 -0.530084 -0.087325 
 0.200778 -0.593033 -0.044445 
 0.664296 0.027308 0.156262 
 0.027867 0.476144 -0.121488 
 0.506967 0.007187 -0.051891 
 -0.273113 0.642903 0.038895 
 -0.350607 -0.038286 -0.029947 
 -0.552421 -0.531257 0.077895 
 0.181334 -0.602245 -0.051364 
 0.097515 -0.421789 -0.028925 
 0.082673 0.049088 -0.048224 
 0.565991 -0.142960 0.135746 
 0.124214 0.175732 -0.103096 
 0.254631 -0.668520 -0.032532 
 0.160908 -0.770459 -0.010421 
 0.654799 -0.289332 0.217950 
 -0.244676 0.031346 0.030049 
 -0.269161 -0.078461 0.011147 
 -0.085122 0.353319 -0.158300 
 -0.323796 -0.591283 0.034217 
 0.385273 -0.409673 0.009603 
 -0.024897 -0.653663 -0.064078 
 -0.244046 -0.210474 -0.044614 
 0.689057 0.155364 0.045555 
 -0.392552 0.391215 0.017806 
 0.155404 -0.536831 -0.053695 
 0.096084 0.109904 -0.087492 
 0.111536 0.516200 -0.120249 
 0.155520 -0.538655 -0.053931 
 0.120778 -0.347155 0.037891 
 0.425424 -0.393027 0.025283 
 0.296022 0.459652 -0.160082 
 0.313037 -0.140903 0.128922 
 -0.303050 -0.391496 -0.036221 
 0.016136 0.636846 -0.059672 
 -0.389883 -0.053382 -0.045844 
 -0.121070 0.281906 -0.112469 
 -0.360074 -0.506028 0.032079 
 0.395251 0.492838 -0.037806 
 0.413751 -0.422200 0.018219 
 0.112589 -0.434181 -0.057323 
 -0.319941 0.001355 -0.015667 
 0.396768 0.183455 -0.104644 
 -0.006929 -0.312047 0.062954 
 0.668010 -0.222483 0.163217 
 -0.151313 -0.252265 0.034169 
 -0.156070 -0.209273 0.070376 
 -0.465351 0.033058 -0.013326 
 -0.376245 -0.116225 -0.081052 
 -0.128331 -0.383596 -0.021687 
 0.273033 -0.454959 -0.052041 
 0.632452 -0.060318 0.135082 
 -0.213131 0.811769 0.194926 
 0.195276 -0.191059 0.081928 
 -0.293882 -0.062072 -0.012559 
 -0.257406 -0.048948 0.018321 
 -0.297363 0.514911 -0.033955 
 -0.205014 -0.573603 -0.020590 
 -0.378290 0.074596 -0.011086 
 -0.045656 0.369830 -0.142725 
 -0.449381 0.019073 -0.042145 
 -0.447162 -0.027933 -0.063323 
 0.657243 0.226441 -0.038990 
 -0.537354 -0.355399 -0.015184 
 0.499440 0.372351 -0.047442 
 0.326908 0.298200 -0.116961 
 0.385825 0.154416 -0.111604 
 0.180407 -0.177840 0.109370 
 0.426823 -0.552637 0.074717 
 0.534312 -0.100000 0.095896 
 0.183270 0.230701 -0.126425 
 -0.355202 -0.694678 0.095468 
 -0.079907 0.568832 -0.066213 
 -0.067715 0.761709 0.042065 
 0.068763 0.744893 0.122052 
 -0.634628 0.243899 0.131794 
 -0.318985 0.099191 0.012548 
 0.247384 0.414817 -0.182032 
 -0.248505 0.819455 0.216440 
 -0.186264 -0.165852 0.031017 
 -0.078784 0.657141 0.059541 
 -0.211148 0.469996 0.074724 
 -0.434747 -0.407906 -0.017139 
 -0.062938 -0.572882 -0.052320 
 0.062727 -0.766484 -0.026341 
 0.152946 -0.053552 0.031318 
 0.277194 -0.770661 0.030646 
 0.131258 -0.034207 -0.007188 
 0.386059 0.154430 -0.111214 
 0.462569 0.436236 0.079279 
 0.381731 0.273424 -0.099983 
 -0.505212 -0.237711 -0.023804 
 -0.201722 0.672744 0.098388 
 0.023281 -0.576498 -0.071784 
 -0.392162 0.620420 -0.039280 
 -0.160765 -0.019223 0.155754 
 0.086577 -0.451064 -0.037072 
 -0.669783 -0.163868 -0.024491 
 -0.443447 -0.387295 -0.018252 
 0.679956 -0.193218 0.170300 
 0.146943 -0.517912 -0.054477 
 0.356875 -0.528319 0.019357 
 0.216519 0.572382 0.039423 
 0.061922 0.392284 -0.118086 
 0.298009 -0.471839 -0.028868 
 -0.235435 -0.260640 -0.013326 
 -0.113548 -0.090842 0.099131 
 -0.395995 -0.363030 -0.031808 
 0.619546 -0.218047 0.146719 
 0.457764 0.164132 -0.118064 
 -0.688385 0.144303 0.100612 
 -0.217148 -0.060198 0.064839 
 0.543717 0.348737 -0.086024 
 0.063963 -0.731475 -0.074359 
 0.455900 0.038801 -0.099287 
 -0.045187 -0.329034 0.047056 
 0.680102 -0.051123 0.219798 
 0.490407 0.424702 0.087862 
 0.261822 0.094546 -0.112274 
 -0.144908 -0.180837 0.077563 
 0.009778 0.564066 -0.101719 
 -0.557257 -0.363957 -0.023208 
 -0.006226 -0.312002 0.062957 
 -0.647249 -0.202429 -0.037592 
 0.530655 -0.280670 0.107337 
 -0.158816 -0.421431 -0.036976 
 -0.499133 -0.027286 -0.065177 
 -0.237174 -0.069250 0.056855 
 -0.006352 0.157640 -0.067292 
 0.379317 -0.246920 0.057381 
 -0.389513 -0.544218 0.016834 
 0.363189 0.262790 -0.107711 
 0.079532 -0.268219 0.064764 
 0.092409 -0.664401 -0.089876 
 -0.305693 -0.582920 0.043280 
 0.481445 -0.104907 0.109836 
 -0.427266 0.482782 -0.066996 
 -0.300212 0.009757 -0.007470 
 -0.057871 -0.185123 0.058795 
 -0.629828 -0.243361 -0.035999 
 -0.008059 0.809600 0.118131 
 -0.723252 0.082552 0.049708 
 0.686572 -0.213146 0.171073 
 0.097640 0.955970 0.155187 
 -0.438243 -0.780318 0.056694 
 -0.077828 0.707411 0.065869 
 0.626177 0.010484 0.140590 
 0.205436 0.087887 -0.083170 
 0.158561 0.510937 -0.103913 
 0.086928 -0.086196 0.037972 
 0.062633 0.659160 -0.072580 
 0.483799 -0.036852 0.001908 
 0.644086 0.148696 -0.053379 
 -0.429005 0.628268 -0.018187 
 -0.447990 0.619928 -0.024410 
 -0.712039 0.232358 0.136300 
 -0.284676 0.783255 0.133661 
 -0.011085 0.089295 -0.126863 
 -0.384493 -0.712337 0.116911 
 0.627689 0.112788 -0.029770 
 0.000835 -0.051857 0.026924 
 -0.458534 -0.790142 0.048617 
 -0.259478 0.578350 0.003404 
 0.403813 -0.451264 0.010932 
 -0.348435 0.516240 -0.035357 
 0.261861 0.093949 -0.112637 
 0.079339 0.617734 -0.071038 
 -0.324075 -0.245633 -0.076343 
 -0.417579 0.799521 0.120188 
 -0.180866 -0.480014 -0.051049 
 -0.446186 -0.758792 0.055898 
 0.582157 -0.405899 0.112880 
 0.246186 -0.727711 -0.008667 
 -0.210770 -0.132906 0.059230 
 0.189192 0.436265 -0.182992 
 -0.511119 0.457921 0.050018 
 -0.389521 -0.197590 -0.094615 
 0.400571 0.065386 -0.116262 
 0.104345 -0.350577 0.011278 
 -0.434642 0.554169 -0.061443 
 -0.105358 -0.307351 0.044498 
 0.261867 0.093857 -0.112637 
 -0.186585 0.433942 0.045971 
 0.579174 -0.456179 0.106575 
 -0.018357 -0.168313 0.074133 
 -0.444168 -0.121644 -0.105633 
 0.345850 -0.555798 0.013092 
 0.298872 -0.127531 0.158353 
 -0.092224 -0.015925 0.180617 
 0.286243 -0.376290 -0.039133 
 0.413628 0.142660 -0.103112 
 0.085691 -0.057582 0.006397 
 -0.212139 -0.374885 -0.017339 
 0.233437 0.306628 -0.149047 
 -0.525418 0.153080 0.011523 
 -0.478766 -0.352396 -0.027831 
 0.475362 -0.347361 0.048019 
 -0.350718 -0.036525 -0.029943 
 0.064674 0.682286 -0.035361 
 0.590290 0.344533 -0.066395 
 0.342881 0.454731 -0.143933 
 0.070429 0.173192 -0.089369 
 -0.456219 -0.737396 0.053693 
 -0.158282 0.030238 0.162184 
 -0.319954 0.001521 -0.014830 
 -0.556580 -0.059107 -0.022151 
 -0.584537 0.318184 0.124851 
 -0.056237 0.340912 -0.149738 
 -0.111174 0.667309 0.065898 
 0.420529 0.289780 -0.084302 
 0.145533 0.432074 -0.117179 
 -0.747003 -0.057710 0.060488 
 -0.511829 -0.136449 -0.048181 
 -0.501718 0.411863 0.081308 
 0.601767 0.281370 -0.103794 
 0.422986 -0.130426 0.086260 
 0.159576 0.463190 -0.125301 
 -0.374951 -0.621488 0.062798 
 -0.422803 0.583147 -0.054314 
 -0.624947 -0.143013 -0.024549 
 -0.336530 0.833452 0.152544 
 -0.044983 0.419361 -0.136488 
 -0.346846 0.853833 0.151743 
 -0.668932 0.182311 0.079610 
 0.120339 0.638765 -0.070585 
 -0.715269 0.019152 -0.037520 
 -0.509127 0.277434 0.113737 
 -0.422758 0.403857 0.009706 
 0.687249 0.155248 0.046301 
 0.057481 -0.580215 -0.092992 
 0.521903 -0.481017 0.083006 
 -0.082888 0.402324 -0.152059 
 0.244603 0.135771 -0.114175 
 -0.470543 -0.042203 -0.056491 
 -0.282470 -0.176772 -0.053688 
 -0.478236 0.126527 -0.008499 
 0.019090 0.774115 0.074361 
 -0.160424 -0.020459 0.155753 
 -0.395384 0.340431 0.012078 
 -0.203870 0.790099 0.195720 
 0.178995 -0.652144 -0.057665 
 0.337887 0.250452 -0.085108 
 0.369091 -0.607336 0.082019 
 0.149966 -0.325630 0.000757 
 -0.349221 0.802886 0.145327 
 -0.191997 -0.366459 -0.008258 
 0.461755 -0.110204 0.101983 
 -0.172494 -0.311371 0.019828 
 0.243501 0.038907 -0.141698 
 0.158565 0.510940 -0.105032 
 0.598888 -0.145827 0.113901 
 -0.665838 0.113971 0.006922 
 -0.050360 0.165668 -0.099987 
 -0.266086 -0.745202 0.055166 
 0.174628 -0.450763 -0.070321 
 0.005432 0.140333 -0.082782 
 0.208115 0.368334 -0.151685 
 -0.079311 -0.224861 0.095905 
 0.241771 -0.526352 -0.021489 
 0.320202 -0.494785 0.009942 
 -0.128825 -0.222233 0.079142 
 0.358795 0.411457 -0.127213 
 0.409289 -0.351283 0.023734 
 -0.618500 -0.216485 -0.028776 
 -0.219340 -0.734661 -0.009585 
 -0.050889 0.838185 0.138852 
 0.432839 0.150123 -0.095389 
 -0.358858 -0.505949 0.030869 
 0.165230 0.583238 -0.060629 
 0.036379 0.255211 -0.093419 
 -0.540663 0.238973 0.098447 
 -0.118483 0.209313 -0.103008 
 -0.178214 0.022192 0.153289 
 0.525279 0.172953 -0.109419 
 0.109427 0.859739 0.165452 
 0.199100 0.002743 -0.028837 
 -0.068219 0.311906 -0.156916 
 0.313372 0.527824 -0.063344 
 0.204323 0.486207 -0.140066 
 0.157186 0.624022 -0.008846 
 0.035315 -0.718883 -0.082859 
 0.038047 -0.667197 -0.076537 
 0.679800 -0.193228 0.170300 
 0.083818 -0.312670 0.028509 
 -0.577504 0.245279 0.119424 
 -0.525784 -0.043046 -0.043665 
 -0.620597 0.204928 0.065439 
 -0.345764 0.854699 0.151749 
 0.313146 0.417396 -0.158559 
 -0.387536 -0.493097 0.023113 
 -0.001616 -0.210636 0.075707 
 -0.419378 -0.263615 -0.079294 
 -0.332873 -0.078848 -0.028366 
 0.108003 0.370126 -0.154832 
 0.092595 0.026682 -0.047446 
 0.208608 -0.301771 0.024390 
 0.149885 -0.325636 0.001189 
 -0.244022 -0.241079 -0.014117 
 -0.064553 -0.400577 -0.033925 
 -0.193227 -0.319847 0.011872 
 -0.027800 0.614613 -0.043498 
 -0.151396 -0.106678 0.083176 
 0.471676 0.416001 0.080056 
 -0.531798 0.478497 0.012565 
 -0.294817 0.440435 -0.024355 
 -0.357781 0.306838 0.021619 
 0.374758 -0.111440 0.137465 
 0.259132 0.217401 -0.116095 
 0.033698 -0.294969 0.078860 
 0.193522 0.458561 -0.145256 
 0.049883 0.958976 0.140461 
 0.432776 0.151124 -0.095387 
 -0.471713 0.105163 -0.007717 
 0.027266 -0.697898 -0.083637 
 0.515088 -0.410059 0.087471 
 -0.529225 -0.094721 -0.050071 
 -0.020493 0.876015 0.153925 
 0.464341 -0.044351 -0.005877 
 0.477622 -0.296433 0.054305 
 0.292598 -0.651765 -0.016819 
 0.164408 0.853882 0.250914 
 0.096084 0.109904 -0.087688 
 0.616452 0.161032 -0.061846 
 0.614536 -0.018687 0.133631 
 0.719171 -0.033932 0.234786 
 -0.573303 -0.509762 0.038603 
 0.185369 -0.266815 0.052920 
 -0.308898 0.030900 -0.008861 
 0.669048 0.177388 -0.008129 
 -0.229908 0.539375 0.042273 
 0.118075 0.838710 0.164731 
 0.244696 -0.697448 -0.039607 
 0.315338 0.467797 -0.152109 
 -0.353801 -0.311166 -0.060964 
 0.337716 -0.615772 0.036102 
 -0.366390 0.326612 0.020827 
 0.083410 0.527562 -0.128776 
 -0.365835 0.057969 -0.025142 
 0.239771 -0.576426 -0.027383 
 -0.359406 -0.015455 -0.029532 
 0.057748 0.371144 -0.155184 
 -0.671169 0.249549 0.152437 
 0.409497 0.337530 -0.116464 
 -0.368088 0.005689 -0.031747 
 0.150676 0.665297 0.043037 
 -0.009301 0.089409 -0.127348 
 -0.472360 0.510441 -0.046367 
 -0.534823 -0.434197 -0.006108 
 -0.188690 0.843455 0.240243 
 -0.048050 -0.155656 0.065390 
 0.492103 -0.218200 0.067654 
 -0.189228 0.324781 -0.115508 
 0.296427 0.212201 -0.137831 
 0.296374 0.043831 -0.154242 
 -0.163881 0.716957 0.085695 
 0.520055 0.242643 -0.104010 
 0.053910 -0.207028 0.062404 
 -0.082923 0.402950 -0.153155 
 0.476222 -0.297456 0.054298 
 0.307092 -0.651280 0.021130 
 -0.234388 -0.641730 -0.005791 
 -0.259236 -0.146644 -0.009315 
 -0.431838 0.121524 0.008247 
 0.014587 -0.367099 -0.002437 
 -0.351465 0.235306 0.016026 
 -0.039673 -0.770163 -0.032123 
 0.437480 0.031247 -0.107007 
 0.600759 0.125207 -0.038574 
 -0.312163 0.377532 0.029008 
 -0.362467 0.561223 -0.049877 
 0.316677 0.513876 -0.131031 
 0.006088 -0.535395 -0.073347 
 0.183721 -0.551238 -0.045061 
 -0.387562 -0.492689 0.023267 
 0.308619 -0.208796 0.070464 
 0.227206 0.517937 -0.095089 
 -0.244703 -0.239644 -0.014116 
 0.117061 -0.413464 -0.020197 
 -0.178154 0.021196 0.154160 
 0.119235 -0.791230 -0.011274 
 -0.342948 0.571009 -0.043932 
 -0.029974 0.251234 -0.116658 
 -0.674655 -0.335070 -0.095887 
 -0.104722 0.740115 0.109482 
 0.268081 -0.225539 0.054340 
 -0.124809 -0.171246 0.085549 
 0.648794 0.247507 -0.041024 
 -0.172997 -0.581939 -0.025786 
 -0.020296 -0.551750 -0.050656 
 0.549227 -0.193429 0.091915 
 0.208414 0.368265 -0.151684 
 -0.105194 -0.017520 0.143600 
 -0.440225 -0.604446 0.074825 
 -0.502505 0.438671 0.050815 
 -0.502611 0.440346 0.050818 
 0.304740 0.485171 -0.137976 
 -0.341499 -0.201914 -0.078500 
 0.196126 -0.693314 -0.056106 
 0.134156 -0.266554 0.051361 
 -0.609056 -0.010912 -0.003441 
 -0.264637 0.167194 0.072890 
 0.591303 -0.284877 0.163010 
 0.143668 -0.567914 -0.060782 
 0.275687 -0.107226 0.119410 
 0.294968 0.505570 -0.138745 
 -0.256693 0.602584 0.040467 
 0.399817 -0.329330 0.022955 
 0.458126 0.089021 -0.093091 
 -0.134022 -0.789002 -0.034958 
 -0.124479 0.732942 0.102237 
 0.458084 0.089683 -0.093090 
 0.296250 0.459668 -0.160596 
 0.008375 -0.484372 -0.067840 
 0.215378 0.572309 0.039419 
 -0.619162 -0.215534 -0.028776 
 -0.578599 -0.118565 -0.036568 
 0.112552 -0.433583 -0.057590 
 0.025022 -0.274025 0.078508 
 -0.059795 0.434309 -0.107233 
 0.188947 0.360078 -0.157438 
 -0.040441 0.586829 -0.050553 
 0.464366 -0.044738 -0.005877 
 0.139746 -0.053556 -0.006406 
 -0.039055 0.518716 -0.123997 
 -0.294838 0.440762 -0.024313 
 -0.621330 -0.266665 -0.035208 
 0.403082 -0.451310 0.011159 
 0.262261 0.048787 -0.133951 
 -0.032457 0.847333 0.146779 
 -0.277999 0.689833 0.075209 
 0.538342 -0.222553 0.085058 
 0.009187 0.066045 -0.073282 
 0.280124 0.303791 -0.133173 
 0.510336 -0.209993 0.075139 
 0.438542 0.390441 -0.033964 
 0.432222 0.150181 -0.095391 
 0.029368 -0.317672 0.041753 
 0.139183 -0.496812 -0.055253 
 -0.682942 -0.069808 -0.019634 
 -0.572354 -0.509701 0.038220 
 0.023480 -0.783200 -0.043923 
 0.079557 0.774235 0.129066 
 0.285713 0.014177 -0.162612 
 0.354692 0.284216 -0.108475 
 -0.394612 0.087841 0.017811 
 -0.400348 0.160185 0.023422 
 0.409480 -0.209432 0.072880 
 0.400252 -0.711324 0.048099 
 -0.426491 0.302416 -0.003057 
 -0.047233 -0.443191 -0.032511 
 -0.133589 0.423449 -0.101468 
 0.268235 -0.748399 0.029864 
 -0.493948 -0.702291 0.045420 
 -0.452406 -0.102354 -0.106421 
 0.043817 -0.329436 0.012593 
 0.352492 0.160274 -0.089783 
 0.246005 -0.346838 -0.033465 
 -0.249595 0.074420 0.068073 
 -0.344878 0.617015 -0.022678 
 -0.057913 -0.184434 0.058232 
 0.242101 -0.526330 -0.021837 
 0.019372 0.496820 -0.122394 
 0.200213 0.189457 -0.124125 
 -0.171147 -0.450982 -0.043910 
 0.153385 0.900429 0.218935 
 -0.002911 -0.720132 -0.046834 
 0.042902 -0.379768 0.006257 
 -0.284820 -0.227328 -0.059742 
 -0.190490 0.418317 -0.073019 
 0.396928 0.180926 -0.104649 
 0.181996 0.044365 -0.030389 
 0.127926 -0.813020 -0.010491 
 0.272325 -0.409316 -0.032457 
 0.318106 -0.623232 0.029574 
 -0.113096 -0.332558 0.022417 
 -0.139328 0.039089 0.170205 
 0.077175 -0.650992 -0.060781 
 0.492559 0.254833 -0.110341 
 0.090076 0.457310 -0.134225 
 0.460843 0.355329 -0.062893 
 0.525858 -0.080905 0.095115 
 -0.266420 -0.219027 -0.052555 
 0.565578 -0.140788 0.135749 
 0.374954 -0.728934 0.070141 
 0.319270 -0.623155 0.028230 
 0.216213 0.039113 -0.051796 
 0.226534 -0.655754 -0.041168 
 -0.210235 0.547754 0.051334 
 -0.086847 0.776280 0.086492 
 0.026072 0.303413 -0.123577 
 -0.592320 -0.407273 -0.023198 
 0.542408 0.207657 -0.132965 
 0.058128 -0.581794 -0.092993 
 -0.224610 -0.184353 0.015096 
 0.238969 0.205866 -0.108723 
 -0.372210 -0.239488 -0.092986 
 -0.029735 -0.341676 0.017465 
 0.016995 0.918853 0.138728 
 -0.401331 -0.668949 0.115311 
 0.120452 0.637050 -0.071667 
 0.555271 0.286062 -0.119235 
 0.193526 0.458564 -0.146284 
 0.072828 0.221587 -0.083112 
 -0.121767 -0.311704 0.022074 
 -0.039686 0.518670 -0.121315 
 -0.431876 0.122047 0.009421 
 -0.357876 0.308330 0.021622 
 -0.061239 0.459822 -0.138031 
 -0.524434 0.006058 -0.037273 
 0.556413 -0.343355 0.109362 
 -0.240704 -0.091333 0.020808 
 -0.178219 0.022189 0.154534 
 0.165175 0.583234 -0.060501 
 0.463572 -0.585889 0.083396 
 -0.402848 -0.054351 -0.083416 
 -0.071579 -0.551846 -0.053377 
 -0.594588 -0.460218 -0.030209 
 -0.510885 -0.056913 -0.072411 
 -0.355922 -0.776783 0.119325 
 -0.374948 -0.621486 0.061964 
 0.278013 0.175372 -0.114555 
 -0.135174 -0.535201 -0.040762 
 0.253012 -0.497132 -0.014039 
 0.446232 0.304752 -0.107230 
 0.222863 0.354330 -0.181010 
 -0.499854 -0.390535 -0.005739 
 -0.007272 -0.613560 -0.086760 
 0.724862 -0.012098 0.273315 
 -0.584392 -0.097100 -0.037349 
 -0.469087 -0.591512 0.067047 
 0.217943 -0.634828 -0.041050 
 -0.391781 -0.249553 -0.100920 
 -0.205870 -0.176004 0.023052 
 -0.541302 0.021755 -0.007690 
 -0.221466 0.664333 0.094474 
 -0.031128 0.497342 -0.123229 
 0.109951 0.743187 0.069335 
 0.399072 0.232373 -0.097563 
 0.069515 0.966957 0.146501 
 -0.106878 -0.690445 -0.080112 
 0.007649 -0.231742 0.076835 
 -0.366661 0.846177 0.143743 
 -0.481339 0.677649 0.001290 
 -0.125003 0.402784 -0.100692 
 -0.283929 -0.083133 -0.011673 
 -0.331725 0.474141 -0.034501 
 -0.427694 0.769847 0.113323 
 0.162325 -0.279233 0.060090 
 -0.023477 0.199322 -0.069413 
 0.016502 -0.413234 -0.023719 
 -0.186172 -0.023466 0.080009 
 -0.172007 -0.021516 0.117866 
 0.070241 0.841964 0.149766 
 0.050546 0.834659 0.142176 
 -0.433003 0.527205 -0.031169 
 -0.287166 -0.277881 -0.066858 
 -0.676870 0.082169 -0.000319 
 0.160125 -0.437706 -0.041095 
 0.110286 -0.484633 -0.063894 
 0.246163 -0.649495 -0.033314 
 -0.271513 -0.129328 0.005104 
 -0.012492 0.429523 -0.090195 
 -0.514421 0.184667 0.018736 
 0.057456 -0.044965 -0.001515 
 0.169438 -0.317308 0.008621 
 0.460128 0.417308 0.024888 
 0.565925 0.314572 -0.111906 
 0.275892 -0.107213 0.119410 
 0.542143 -0.422717 0.097159 
 -0.431206 0.347889 0.033058 
 -0.276927 -0.455522 -0.032748 
 -0.354863 -0.281937 -0.091500 
 0.132772 0.154246 -0.102672 
 0.289451 -0.450997 -0.030797 
 -0.557096 -0.110889 -0.028562 
 0.181307 0.589175 -0.037581 
 0.720105 0.094643 0.216283 
 0.104068 -0.161268 0.085406 
 -0.620375 -0.037957 -0.010265 
 0.684047 -0.172584 0.207944 
 0.315953 -0.789093 0.093258 
 0.152412 -0.749446 -0.011202 
 -0.331981 0.474123 -0.033792 
 0.064187 0.442451 -0.111850 
 0.063873 0.914474 0.155796 
 0.010379 -0.181032 0.082873 
 0.173267 0.723597 0.056990 
 -0.402199 -0.053591 -0.083412 
 0.309671 -0.442667 -0.021739 
 0.564374 0.189200 -0.094029 
 0.099410 0.237100 -0.105409 
 -0.098506 0.417279 -0.121954 
 -0.483255 -0.149980 -0.039716 
 0.055418 -0.711518 -0.074980 
 -0.087807 0.590628 -0.066984 
 -0.208464 -0.080835 0.065631 
 0.129734 -0.475535 -0.056033 
 -0.159394 0.760370 0.175213 
 0.243110 -0.194373 0.098036 
 0.302049 -0.672605 -0.016037 
 0.414508 0.501025 -0.030061 
 -0.020981 0.594512 -0.042727 
 0.701928 0.008338 0.233995 
 0.300605 -0.501540 0.002086 
 -0.246465 -0.290290 -0.021772 
 0.130627 -0.555751 -0.031606 
 0.057962 0.513257 -0.107246 
 0.716913 -0.085401 0.229237 
 0.529786 0.426961 0.218512 
 0.002046 0.118449 -0.119821 
 0.067737 0.588752 -0.078212 
 0.639128 -0.211060 0.154574 
 0.045403 -0.185931 0.061618 
 0.620828 -0.090270 0.128017 
 0.538413 -0.223611 0.084098 
 0.087466 0.800960 0.149215 
 0.446305 -0.543242 0.082598 
 0.415951 0.191346 -0.096920 
 0.682586 -0.091192 0.182898 
 0.343339 -0.213392 0.048530 
 -0.270255 -0.637875 0.015726 
 0.009775 0.564064 -0.100971 
 -0.455339 -0.151122 -0.112778 
 0.589990 0.097139 -0.045215 
 0.278727 -0.559123 -0.012071 
 0.601959 -0.255620 0.170107 
 0.473036 -0.397293 0.042556 
 0.616730 0.161046 -0.060304 
 0.597623 0.152910 -0.070319 
 0.272293 -0.408890 -0.031132 
 -0.188023 0.774753 0.166444 
 0.211587 -0.483051 -0.060927 
 -0.421837 -0.062689 -0.091343 
 -0.299858 0.729348 0.088605 
 0.053173 -0.349890 0.013381 
 0.128943 0.616390 -0.069818 
 0.012709 0.587005 -0.064267 
 0.144090 -0.111464 0.055339 
 -0.724926 0.040429 -0.038319 
 -0.318986 0.099190 0.012931 
 0.051121 0.163925 -0.096634 
 -0.333193 -0.028332 -0.022002 
 -0.006333 0.157417 -0.068555 
 -0.171118 -0.260684 0.027119 
 0.166464 0.603461 -0.008069 
 -0.587521 0.215351 0.111910 
 -0.020577 0.681616 0.083235 
 -0.238159 0.132960 0.044648 
 -0.439091 -0.634738 0.106029 
 -0.074449 0.382697 -0.151285 
 0.479136 -0.155295 0.103535 
 0.145042 -0.237168 0.058247 
 0.293678 -0.351098 -0.017013 
 -0.011182 -0.492703 -0.074128 
 -0.411045 0.102237 0.046491 
 -0.414316 0.077797 0.009826 
 -0.234360 -0.163250 0.014195 
 -0.398067 0.066543 -0.019046 
 -0.356073 -0.694302 0.095465 
 0.161972 -0.388404 -0.034799 
 -0.157687 -0.180558 0.039763 
 -0.342101 0.185416 0.047363 
 -0.231453 -0.383263 -0.024797 
 -0.062047 0.383609 -0.113495 
 -0.376025 -0.117560 -0.081054 
 0.125650 0.224525 -0.096858 
 -0.094496 -0.133188 0.100719 
 0.313443 -0.723682 0.016106 
 0.681092 -0.093250 0.182888 
 0.203527 -0.714195 -0.055332 
 -0.146733 0.344469 -0.115379 
 -0.646058 -0.347894 -0.086351 
 -0.086760 0.776150 0.086492 
 0.546221 -0.151281 0.127393 
 0.466590 0.068062 -0.091989 
 0.110284 -0.484600 -0.063894 
 0.138908 -0.783600 -0.003366 
 0.473850 -0.478215 0.066506 
 -0.588047 -0.149385 -0.043773 
 -0.294636 0.873816 0.205767 
 -0.261492 -0.197325 -0.014872 
 -0.059892 0.435836 -0.107230 
 0.055653 0.463682 -0.111769 
 -0.446580 0.041428 -0.005348 
 -0.122461 0.637527 0.058771 
 -0.051111 -0.400571 0.003679 
 -0.130639 -0.434147 -0.028045 
 -0.443048 -0.276977 -0.072481 
 -0.086864 0.198782 -0.111191 
 -0.396585 -0.711828 0.079314 
 0.199109 0.002663 -0.029857 
 -0.059544 -0.775584 -0.038628 
 -0.441015 -0.831112 0.050220 
 -0.248588 0.075045 0.068078 
 0.671236 0.228208 -0.001932 
 0.504408 0.425141 0.126224 
 0.189131 -0.119594 0.086990 
 -0.015618 -0.451035 -0.038019 
 0.072730 -0.340422 0.021293 
 -0.221220 0.517886 0.043613 
 0.410778 -0.301372 0.029400 
 -0.041074 0.867573 0.147543 
 0.316256 0.269502 -0.123672 
 -0.159450 -0.421472 -0.036763 
 -0.066895 -0.451000 -0.040495 
 0.233436 0.306628 -0.148730 
 0.155133 -0.304495 0.037906 
 -0.395980 -0.824776 0.135170 
 0.242573 0.503857 -0.124615 
 -0.573178 0.348198 0.132126 
 -0.435053 0.217076 0.050742 
 0.315577 0.376218 -0.195040 
 0.146487 0.385658 -0.138487 
 -0.214455 -0.776616 -0.043365 
 -0.086857 0.776425 0.086492 
 -0.185465 -0.247364 0.055209 
 -0.565901 0.275307 0.126455 
 0.380420 -0.338438 0.015116 
 0.118136 0.587607 -0.076823 
 0.047087 0.004358 -0.033096 
 0.344272 -0.766643 0.055125 
 -0.120695 0.157630 -0.109295 
 -0.417296 0.657779 -0.010158 
 -0.576374 0.177320 0.046285 
 0.352535 0.313129 -0.139574 
 0.289459 0.388239 -0.203470 
 0.243876 0.525169 -0.072179 
 -0.008553 -0.694527 -0.062513 
 -0.459791 -0.501466 0.013145 
 0.337662 -0.614901 0.035733 
 -0.258097 -0.048992 0.018087 
 0.443283 -0.513263 0.051574 
 -0.240981 0.846722 0.238751 
 -0.190865 -0.269093 0.017335 
 -0.401019 -0.669214 0.115311 
 -0.003924 0.408205 -0.090075 
 0.259274 -0.568120 -0.020436 
 0.081488 -0.363276 0.022073 
 0.113045 -0.434152 -0.057590 
 -0.066432 -0.165944 0.057439 
 0.289334 -0.309409 0.019427 
 -0.729262 -0.101469 0.060467 
 -0.300935 0.282274 0.039121 
 -0.653022 -0.031543 -0.003573 
 0.484387 0.104150 -0.115765 
 -0.172996 -0.581939 -0.025895 
 -0.131947 0.252946 -0.119979 
 -0.013814 0.132074 -0.091712 
 -0.312138 -0.720129 0.075566 
 -0.554855 -0.441140 -0.014138 
 0.346809 -0.717678 0.061456 
 0.229856 0.557480 0.009861 
 0.054752 -0.459054 -0.081164 
 0.110363 -0.232450 0.077839 
 -0.311151 0.223515 0.062536 
 -0.601035 -0.258164 -0.025935 
 0.269486 0.273715 -0.140529 
 0.657229 0.149632 -0.015089 
 -0.346173 -0.634395 0.073141 
 -0.129725 0.611042 0.036623 
 0.464168 -0.284654 0.083856 
 0.185962 -0.421614 -0.062063 
 -0.051948 0.193200 -0.131142 
 0.382270 0.272285 -0.099984 
 0.045296 -0.106661 0.036285 
 -0.487552 -0.548623 0.064837 
 0.323145 -0.221741 0.040922 
 0.487709 -0.175994 0.104314 
 -0.244685 0.031341 0.032311 
 0.445261 0.306972 -0.107229 
 0.035813 -0.718847 -0.085326 
 -0.020375 -0.139460 0.043399 
 0.631654 -0.268429 0.178772 
 -0.209717 0.238423 -0.099006 
 0.224224 -0.110392 0.132996 
 0.141857 -0.080517 0.024469 
 0.245775 -0.647432 -0.033311 
 -0.049694 0.694749 0.074551 
 0.179781 0.072378 -0.060556 
 -0.149494 -0.136451 0.113823 
 -0.361636 0.561280 -0.051831 
 -0.255764 -0.766465 0.056428 
 0.289735 -0.450981 -0.029578 
 -0.334062 -0.078924 -0.028370 
 -0.084981 -0.459261 -0.048323 
 -0.369000 0.403097 0.011530 
 0.454910 0.039300 -0.099290 
 -0.110208 0.311115 -0.105520 
 0.453684 0.284207 -0.106472 
 -0.051958 -0.543490 -0.044040 
 -0.176978 0.403655 -0.102167 
 0.068042 0.323194 -0.123668 
 0.196987 0.107711 -0.084441 
 -0.047582 0.215350 -0.093710 
 -0.163513 -0.522539 -0.049823 
 0.207082 -0.744368 -0.023218 
 -0.234613 0.438262 0.031623 
 -0.331661 0.243035 0.022376 
 0.725118 -0.012082 0.273316 
 -0.427797 -0.019553 -0.055374 
 0.105219 -0.745096 -0.028560 
 0.235101 -0.676336 -0.040389 
 -0.074699 -0.269364 0.059379 
 -0.121813 -0.597953 -0.077276 
 0.051448 0.163947 -0.097176 
 -0.506186 -0.445882 0.002253 
 0.357732 -0.687595 0.068574 
 -0.324170 -0.244087 -0.077040 
 0.181275 -0.601342 -0.051011 
 0.665543 -0.051355 0.180231 
 0.126162 0.067650 -0.047598 
 0.283804 -0.113320 0.187809 
 0.042600 -0.568186 -0.063906 
 -0.397277 0.289706 0.007346 
 0.532275 0.382964 -0.001448 
 0.268371 -0.750541 0.029860 
 0.005714 0.138610 -0.082785 
 0.101073 -0.211407 0.079046 
 0.031862 -0.597450 -0.070781 
 0.400251 -0.711325 0.048330 
 0.563225 0.031431 -0.028663 
 -0.368470 0.507855 -0.043268 
 -0.281186 0.737693 0.096561 
 0.590030 0.096505 -0.045381 
 0.474543 0.124025 -0.116535 
 0.357214 -0.606574 0.043386 
 0.053204 -0.350422 0.014046 
 -0.184470 -0.341931 0.012651 
 -0.250451 -0.167782 -0.007453 
 -0.037973 0.349073 -0.141956 
 0.357189 -0.606227 0.043983 
 -0.205572 -0.175985 0.023053 
 -0.481658 0.677629 0.001288 
 -0.097435 -0.345734 -0.006702 
 0.022599 -0.039830 0.019828 
 0.023287 0.799290 0.111702 
 -0.150880 -0.665822 -0.061063 
 0.494672 0.443911 0.140734 
 0.243974 0.523633 -0.072182 
 -0.048367 0.626652 0.000231 
 -0.521497 0.031079 -0.000514 
 -0.685511 0.105127 -0.001111 
 0.630267 0.049708 0.063427 
 0.159676 0.829192 0.213200 
 -0.121183 0.283682 -0.112465 
 -0.666780 0.014771 -0.020681 
 0.570614 -0.342748 0.148821 
 0.551152 0.328213 -0.083221 
 0.629354 -0.110519 0.128794 
 0.369043 0.027137 -0.130955 
 -0.229645 -0.539967 0.008031 
 -0.048372 0.626649 0.001549 
 0.313777 -0.673582 0.021900 
 -0.447401 -0.758869 0.055809 
 -0.027934 0.800819 0.110220 
 0.193481 0.132990 -0.100283 
 -0.445353 0.042016 -0.005342 
 -0.369048 -0.374355 -0.023038 
 0.208821 0.509805 -0.102831 
 -0.548594 -0.383664 -0.022408 
 0.388206 0.035300 -0.123231 
 0.625207 0.139701 -0.061084 
 0.248121 0.185288 -0.107952 
 -0.227650 0.758147 0.150481 
 0.509480 0.212332 -0.110944 
 -0.421815 -0.062944 -0.091344 
 -0.349165 0.516194 -0.035360 
 -0.673761 -0.265138 -0.037368 
 0.047462 0.080849 -0.057613 
 0.345442 0.088864 -0.133789 
 0.518895 -0.230835 0.076871 
 -0.486707 -0.548910 0.064840 
 0.079125 -0.521827 -0.078833 
 -0.164287 0.737471 0.137947 
 0.036364 0.455468 -0.120992 
 -0.653857 -0.256197 -0.029334 
 -0.145512 -0.818574 -0.042122 
 0.465883 -0.234399 0.090154 
 -0.092172 -0.016749 0.180615 
 0.308373 0.398313 -0.195793 
 0.023270 0.799559 0.111668 
 0.440048 -0.171917 0.087818 
 -0.311526 -0.164112 -0.062840 
 -0.493648 0.242630 0.033145 
 0.581930 0.364349 -0.068594 
 0.040974 0.554610 -0.109771 
 -0.384449 -0.569905 0.032397 
 0.147079 0.263746 -0.135502 
 0.343494 -0.555946 0.012272 
 -0.023304 0.902536 0.122905 
 -0.099762 -0.540536 -0.061799 
 -0.083402 -0.248197 0.059576 
 -0.114095 -0.141528 0.092738 
 0.704274 0.058370 0.240313 
 0.204698 -0.258844 0.060818 
 -0.020607 0.682149 0.082095 
 -0.384653 -0.795412 0.140734 
 -0.421594 0.748401 0.114106 
 -0.462763 0.083954 -0.006849 
 0.126635 0.566897 -0.076052 
 -0.124864 -0.729452 -0.058266 
 0.018998 0.775581 0.074297 
 0.699823 0.184178 0.053948 
 0.477880 0.019508 -0.060942 
 0.670571 0.048857 0.193939 
 0.621864 -0.297349 0.171680 
 -0.427220 0.628382 -0.018180 
 -0.404935 -0.690325 0.077231 
 0.662830 0.248180 -0.002181 
 0.033726 -0.295403 0.078859 
 -0.463561 0.230785 0.041949 
 -0.419926 -0.264586 -0.079299 
 0.710554 -0.012988 0.236362 
 0.035800 -0.718854 -0.081902 
 0.533136 0.318414 -0.090914 
 -0.009689 0.712257 0.090355 
 0.131327 0.841894 0.206246 
 -0.300699 -0.340748 -0.028278 
 0.029973 -0.425839 -0.052833 
 0.262802 -0.187012 0.105475 
 -0.673885 -0.091151 -0.018837 
 -0.048426 -0.747687 -0.032906 
 -0.000016 -0.051911 0.026921 
 0.243613 -0.617852 -0.064107 
 -0.383582 0.600369 -0.038494 
 -0.001673 0.458532 -0.083815 
 0.417383 -0.230370 0.073656 
 -0.044298 -0.660795 -0.071974 
 -0.152581 -0.491813 -0.042331 
 -0.569900 0.034577 -0.016870 
 -0.671233 0.249545 0.152437 
 -0.394870 -0.742365 0.110746 
 -0.374862 -0.622938 0.063523 
 0.230209 0.455708 -0.183924 
 -0.662390 0.107611 0.073933 
 -0.028953 0.251299 -0.116654 
 -0.118480 -0.547470 -0.069702 
 0.430305 -0.294389 0.037849 
 0.185045 -0.029515 -0.020822 
 0.067504 -0.094533 0.030073 
 0.239045 0.434242 -0.183163 
 -0.331366 -0.459072 -0.019864 
 0.011156 -0.434119 -0.060710 
 -0.550681 -0.183836 -0.034186 
 0.409243 0.261042 -0.091495 
 0.236404 0.156410 -0.115018 
 -0.451646 0.113113 0.000265 
 0.156033 -0.207773 0.063563 
 -0.161892 -0.695290 -0.068298 
 0.384363 -0.459548 0.003393 
 -0.025297 -0.383857 -0.018666 
 -0.083786 0.326471 -0.127558 
 0.389157 -0.125259 0.106732 
 0.127813 0.663061 -0.048455 
 -0.048999 0.607750 -0.051328 
 0.216143 0.572358 0.039422 
 -0.171690 0.486802 0.090421 
 0.438757 0.080424 -0.100818 
 -0.363450 0.608722 -0.030583 
 0.409228 -0.301472 0.030008 
 0.490019 -0.125626 0.110614 
 -0.085566 -0.711793 -0.042404 
 -0.572359 -0.271017 -0.017687 
 0.411501 -0.048176 0.008106 
 -0.176203 -0.683215 -0.038892 
 -0.094211 -0.134321 0.100717 
 -0.691197 0.002646 -0.013997 
 0.504598 -0.599214 0.130982 
 -0.299392 0.729377 0.088674 
 -0.483870 0.024704 -0.021302 
 0.178148 -0.701434 -0.063958 
 0.392670 0.377730 -0.117993 
 -0.394622 0.088038 0.017256 
 0.145272 0.689681 0.026942 
 -0.172905 -0.724758 -0.075549 
 -0.200885 0.499491 0.082296 
 0.394900 0.427603 -0.110742 
 0.317399 -0.462634 -0.020963 
 0.253259 0.116612 -0.113402 
 -0.594696 -0.458481 -0.030787 
 0.578467 0.145364 -0.077251 
 -0.265904 -0.425423 -0.025428 
 -0.426611 0.700066 0.038845 
 -0.614578 -0.339121 -0.040845 
 0.026100 0.871600 0.170566 
 0.054276 -0.459084 -0.081166 
 -0.257211 0.096276 0.067288 
 -0.299715 -0.691255 0.082824 
 -0.023820 0.381246 -0.150949 
 0.682950 0.181942 0.030231 
 -0.142970 -0.767675 -0.035745 
 0.155747 0.874679 0.249113 
 -0.278289 0.689815 0.074809 
 -0.344087 0.757952 0.108458 
 -0.314115 -0.421083 -0.041096 
 0.710118 0.163674 0.054070 
 -0.074009 0.612595 0.023119 
 0.010704 -0.434148 -0.060716 
 0.609203 0.104672 -0.039026 
 -0.134681 0.703526 0.094413 
 -0.068737 0.734132 0.088062 
 -0.232253 0.488823 0.034988 
 0.549268 -0.194023 0.091159 
 -0.551597 0.470065 0.002943 
 -0.418420 0.202593 0.021076 
 0.159482 0.464646 -0.124926 
 -0.111131 0.619327 0.044519 
 0.006163 -0.536568 -0.073349 
 -0.246155 -0.417012 -0.016142 
 -0.350093 -0.527283 0.031735 
 0.704144 0.060418 0.240317 
 0.328559 0.129940 -0.134231 
 -0.484937 0.024633 -0.019967 
 -0.121758 -0.311809 0.021629 
 -0.340380 0.495332 -0.034575 
 -0.294769 0.439675 -0.024316 
 -0.284069 0.783295 0.132937 
 0.186599 -0.672390 -0.056888 
 0.364453 -0.627611 0.044758 
 -0.071809 0.595025 -0.044486 
 0.078580 0.074846 -0.064022 
 0.265097 -0.135868 0.112288 
 -0.098351 0.274745 -0.171893 
 0.716854 -0.084464 0.229239 
 -0.233072 -0.210062 -0.007350 
 0.544369 0.348774 -0.083977 
 -0.655220 0.043927 -0.013452 
 -0.597899 -0.695769 0.159027 
 0.253798 -0.497081 -0.014405 
 0.064190 -0.321031 0.021051 
 -0.362797 -0.037545 -0.067751 
 -0.185993 -0.789366 -0.036898 
 0.295473 0.505603 -0.138927 
 0.375340 0.125733 -0.120118 
 0.159452 -0.659740 -0.065791 
 -0.696217 0.027577 -0.029502 
 -0.389980 0.191098 0.030613 
 0.610667 -0.418606 0.121518 
 -0.006351 0.761918 0.096690 
 0.390554 0.470369 -0.075211 
 -0.107734 -0.213716 0.087408 
 0.244023 0.559810 0.048979 
 0.560052 0.060985 -0.059897 
 -0.143871 -0.513616 -0.041546 
 0.091275 0.028250 -0.047447 
 0.689693 0.057138 0.201444 
 0.030230 -0.425439 -0.052832 
 -0.016820 0.406908 -0.127929 
 0.543728 0.100746 -0.061429 
 0.065810 0.680828 -0.035360 
 0.366909 0.146043 -0.119327 
 0.419378 -0.322836 0.030789 
 0.289608 -0.530621 -0.004993 
 0.377620 0.174969 -0.112008 
 -0.347878 0.150462 0.106754 
 0.590455 0.033176 0.047850 
 0.543167 -0.422653 0.097445 
 -0.563595 -0.292351 -0.016557 
 0.085626 -0.753620 -0.035682 
 -0.267788 0.352078 0.008683 
 0.153000 0.715262 0.048702 
 -0.727301 -0.049175 0.066957 
 0.461276 0.353361 -0.062896 
 -0.214752 -0.009918 0.072653 
 -0.561130 0.012910 -0.016521 
 0.079662 -0.270305 0.065489 
 -0.519934 0.480331 0.049227 
 0.031745 0.155672 -0.103128 
 -0.528477 0.051601 -0.001302 
 -0.142961 0.223850 -0.126572 
 -0.150020 0.602650 0.028721 
 -0.267492 -0.269502 -0.057802 
 0.442423 0.505137 0.046449 
 0.108116 0.608057 -0.077600 
 -0.307182 0.871543 0.167270 
 0.382774 0.493060 -0.075969 
 0.364607 0.097027 -0.125547 
 0.177330 -0.480017 -0.039539 
 -0.055497 0.813942 0.101530 
 -0.257306 -0.766652 0.056422 
 0.170124 0.673580 0.050898 
 -0.489647 -0.745394 0.009539 
 -0.346220 -0.633610 0.072380 
 0.504164 -0.439171 0.081446 
 -0.303451 0.461349 -0.025098 
 -0.171233 -0.114607 0.075195 
 -0.235984 0.010174 0.032292 
 -0.375156 0.348876 0.019462 
 -0.195798 -0.226242 0.054411 
 0.121492 -0.124212 0.062476 
 -0.642174 0.145123 0.051703 
 0.022700 -0.039801 0.019829 
 0.060392 -0.816903 -0.034921 
 -0.339176 -0.151005 -0.071553 
 -0.005744 -0.311970 0.062384 
 0.532563 0.365891 -0.068874 
 -0.187914 0.773037 0.166440 
 -0.371330 0.119153 0.061673 
 -0.441484 -0.686341 0.098460 
 0.520992 0.432335 0.149345 
 0.128028 0.769968 0.145650 
 -0.654804 -0.326617 -0.086490 
 0.287617 0.339708 -0.209619 
 0.557429 -0.122064 0.134968 
 -0.341514 -0.201727 -0.077911 
 0.577652 -0.205958 0.099777 
 -0.404886 -0.691175 0.078514 
 -0.696766 0.165854 0.101018 
 -0.048901 0.606236 -0.051885 
 0.508013 -0.259957 0.069018 
 0.420307 -0.005044 -0.083644 
 0.058477 0.938666 0.139387 
 0.434272 -0.413850 0.026061 
 0.386052 0.154558 -0.111603 
 -0.546033 -0.335437 -0.015982 
 0.102167 -0.131987 0.054569 
 0.293842 -0.259175 0.025736 
 0.252817 -0.416744 -0.038968 
 0.280213 0.302417 -0.133514 
 0.050268 0.736615 0.114055 
 -0.370007 -0.535727 0.024856 
 0.394950 0.426870 -0.111816 
 0.286225 -0.375974 -0.039591 
 -0.161685 0.087499 0.100308 
 -0.011180 -0.492702 -0.074611 
 -0.637791 0.219667 0.094956 
 -0.572719 0.348227 0.131810 
 0.590648 -0.334997 0.156700 
 -0.218902 0.736456 0.152011 
 0.614504 -0.018174 0.133526 
 -0.350097 -0.527285 0.032700 
 -0.206025 -0.031139 0.072016 
 0.491042 0.392213 -0.047590 
 0.243160 -0.697546 -0.039613 
 0.269580 0.273720 -0.140133 
 -0.424297 -0.113250 -0.097702 
 -0.009545 0.555836 -0.108765 
 -0.465126 0.033072 -0.013339 
 0.452184 0.457363 0.078500 
 0.525995 -0.380863 0.095895 
 -0.111659 0.338504 -0.135606 
 -0.493971 0.045840 -0.022099 
 -0.521551 -0.115288 -0.049282 
 0.293391 -0.195780 0.099530 
 0.039908 0.601225 -0.086158 
 0.157921 -0.489739 -0.047401 
 -0.453444 0.545862 -0.069429 
 0.527851 0.298356 -0.127986 
 -0.481957 0.678325 0.001289 
 -0.520372 -0.638535 0.043018 
 -0.407405 -0.501574 0.015243 
 -0.642968 0.145073 0.051292 
 -0.191995 -0.366457 -0.008754 
 -0.177452 -0.188759 0.031087 
 0.578262 -0.285385 0.124701 
 -0.264957 -0.218934 -0.052549 
 -0.007215 -0.614463 -0.086762 
 -0.129629 0.017713 0.171003 
 -0.361702 0.031557 -0.009513 
 -0.272424 -0.129385 0.004759 
 0.251029 0.483056 -0.123876 
 0.512759 -0.460155 0.081527 
 0.149834 0.112841 -0.100782 
 -0.703916 0.050121 -0.030290 
 0.286659 0.232655 -0.138601 
 0.710557 -0.012939 0.234776 
 0.005481 0.142279 -0.082778 
 -0.030968 0.497985 -0.123227 
 0.175206 -0.452701 -0.070323 
 0.501950 0.113650 -0.108064 
 -0.292872 0.035393 0.015163 
 -0.116141 0.381845 -0.099915 
 0.100836 0.486352 -0.128491 
 -0.182824 -0.145731 0.067999 
 0.113446 0.146013 -0.108994 
 0.420645 -0.180298 0.079960 
 -0.155106 0.695098 0.086480 
 -0.347179 -0.716919 0.096264 
 -0.191994 -0.366457 -0.009118 
 -0.264211 0.478182 -0.007728 
 0.007127 -0.534531 -0.073341 
 -0.493411 0.242645 0.033146 
 0.009508 -0.181087 0.082870 
 -0.419008 -0.264527 -0.079295 
 -0.490469 0.320152 0.009108 
 -0.210150 0.860917 0.201341 
 0.676803 -0.114604 0.144606 
 -0.036286 -0.413251 -0.024718 
 -0.236071 -0.018447 0.063250 
 0.165233 0.853587 0.250916 
 0.381954 0.055978 -0.123988 
 -0.422483 0.326638 0.033849 
 0.064377 -0.323942 0.020501 
 0.293374 0.085823 -0.119225 
 -0.628446 0.081231 0.016550 
 0.562674 -0.414344 0.103233 
 0.468219 -0.184504 0.097525 
 0.082124 -0.551506 -0.048148 
 -0.026854 0.752755 0.088786 
 -0.173287 0.426476 -0.065170 
 0.708262 -0.063764 0.228457 
 -0.143799 -0.370788 0.007303 
 0.262321 -0.296751 0.011039 
 0.066456 0.012657 -0.025779 
 -0.560643 -0.161093 -0.034981 
 -0.266202 -0.298648 -0.028440 
 0.213922 -0.433311 -0.054644 
 0.522344 -0.020403 0.018440 
 -0.269877 -0.176163 -0.016477 
 0.421077 0.477367 -0.013985 
 0.603647 -0.047813 0.127697 
 0.362907 0.340179 -0.132638 
 0.435276 0.108196 -0.131945 
 0.023255 -0.576500 -0.071810 
 0.036530 -0.496997 -0.058489 
 0.220233 -0.505195 -0.060153 
 0.540837 -0.472749 0.091913 
 -0.251802 -0.599784 -0.006351 
 -0.367115 0.846148 0.143741 
 -0.318300 0.841805 0.161550 
 -0.177197 0.636157 0.073226 
 -0.109207 0.311178 -0.105413 
 0.125999 0.941311 0.163865 
 -0.432835 -0.092300 -0.098488 
 -0.337582 0.062602 0.035356 
 -0.273776 -0.198300 -0.053337 
 -0.105216 -0.720705 -0.048893 
 0.451108 0.484515 0.047222 
 -0.060478 0.213958 -0.131866 
 -0.082568 -0.581182 -0.060229 
 -0.286818 0.089986 0.006557 
 -0.377660 0.423814 0.010741 
 -0.389397 -0.199558 -0.094561 
 0.149256 -0.467668 -0.047173 
 0.153089 0.242968 -0.134305 
 -0.064933 -0.337180 0.039165 
 -0.182208 -0.289674 0.019037 
 0.096078 0.109900 -0.085880 
 -0.406743 -0.157113 -0.096133 
 0.524554 -0.510684 0.113772 
 0.127553 0.770158 0.145648 
 -0.519070 0.081229 0.005345 
 0.345292 0.229600 -0.084346 
 0.191321 -0.069180 0.093425 
 -0.404845 -0.803195 0.133652 
 -0.097576 -0.038868 0.143449 
 -0.225144 -0.039531 0.064050 
 0.052459 -0.350468 0.013377 
 0.036468 0.053441 -0.064358 
 -0.198678 -0.645527 -0.024957 
 0.149791 0.112842 -0.102514 
 0.377598 0.175336 -0.112367 
 -0.179770 -0.094804 0.074402 
 0.263256 0.531300 -0.065945 
 -0.029205 0.702578 0.082452 
 0.071108 0.795253 0.127165 
 -0.021346 -0.602024 -0.057737 
 -0.016466 0.406928 -0.126562 
 -0.252772 -0.680434 0.018264 
 0.029380 -0.317848 0.041753 
 0.034183 -0.547018 -0.064686 
 -0.155575 -0.766930 -0.074249 
 -0.524045 0.352919 0.066854 
 -0.624959 -0.142910 -0.023136 
 0.178932 -0.731740 -0.034157 
 -0.160806 -0.310919 0.057576 
 0.397452 -0.430284 0.010394 
 0.264115 0.143983 -0.105211 
 -0.400092 0.756964 0.121773 
 0.188511 -0.119633 0.086988 
 0.147671 0.484021 -0.110956 
 -0.564774 -0.313947 -0.054218 
 0.328969 -0.200417 0.077986 
 0.010128 -0.182997 0.082868 
 0.142008 -0.082827 0.023261 
 0.113002 0.145987 -0.110113 
 0.121261 0.448290 -0.140787 
 0.464513 0.312837 -0.097445 
 0.000632 0.934891 0.169171 
 -0.097944 -0.234872 0.087924 
 -0.098876 -0.792630 -0.055908 
 -0.079338 0.655912 0.059536 
 -0.247838 0.749219 0.142497 
 0.147782 -0.517707 -0.054474 
 -0.085324 0.354744 -0.158297 
 -0.448589 0.761950 0.105318 
 -0.205017 -0.573605 -0.019662 
 -0.603910 0.309693 0.116780 
 0.590238 -0.335600 0.156697 
 -0.079895 0.657071 0.059536 
 0.090290 0.256904 -0.106186 
 -0.236070 -0.260789 -0.013328 
 0.420814 0.072339 -0.108537 
 0.707912 0.031486 0.271754 
 -0.376763 -0.403801 -0.030216 
 0.132907 0.152089 -0.102329 
 -0.555868 0.333151 0.101070 
 -0.404890 -0.578433 0.026606 
 0.300058 0.528569 -0.101442 
 0.719004 0.058916 0.278867 
 0.090766 -0.492579 -0.072124 
 0.068767 0.744896 0.120955 
 0.235137 -0.676905 -0.040390 
 0.092231 0.901808 0.164020 
 0.582295 -0.263953 0.162228 
 0.568849 -0.264113 0.123919 
 0.030920 0.826300 0.133999 
 -0.645601 -0.377413 -0.055112 
 0.247004 -0.597407 -0.027015 
 -0.068988 0.234369 -0.132273 
 0.441110 -0.263965 0.044181 
 0.504923 0.084389 -0.076625 
 0.510337 -0.209992 0.074774 
 -0.213889 -0.552446 -0.020842 
 0.050640 0.833207 0.141855 
 0.415531 0.500322 -0.030059 
 0.543990 0.023466 -0.035434 
 -0.320197 -0.143025 -0.063626 
 0.196263 -0.695466 -0.056111 
 -0.132159 -0.434243 -0.028051 
 0.411374 0.092810 -0.107693 
 0.421106 0.476918 -0.014056 
 0.250977 0.483866 -0.123848 
 0.120994 -0.534872 -0.029893 
 0.371474 0.244754 -0.108105 
 -0.306265 -0.633949 0.035860 
 -0.297871 0.562371 -0.012411 
 -0.082569 -0.581170 -0.060229 
 -0.288250 0.757628 0.095776 
 0.192849 -0.522151 -0.037989 
 0.129615 -0.555814 -0.032502 
 -0.301672 -0.185123 -0.062049 
 0.188029 0.698545 0.126317 
 0.243246 0.607224 0.069486 
 0.442468 -0.121815 0.093511 
 -0.297475 -0.655714 0.037648 
 -0.188042 0.775059 0.166444 
 0.487724 -0.176196 0.103700 
 -0.013604 -0.749505 -0.053959 
 -0.468321 0.010711 -0.050501 
 0.401010 -0.013233 -0.092122 
 -0.466518 0.010825 -0.050097 
 0.264829 0.551064 -0.011343 
 -0.482652 -0.673585 0.052691 
 0.470546 -0.134409 0.103883 
 -0.433018 0.121977 0.008243 
 0.618212 0.161143 -0.061839 
 -0.234634 -0.017050 0.063259 
 -0.531319 0.478529 0.011557 
 0.042382 0.905997 0.147410 
 -0.417864 -0.184884 -0.103235 
 -0.400479 0.131937 0.053913 
 -0.257832 0.096236 0.067285 
 0.127806 0.378347 -0.146228 
 -0.113622 0.488849 -0.170133 
 0.243271 0.258656 -0.117626 
 -0.196738 -0.387697 -0.046266 
 0.230166 0.557499 0.009862 
 -0.490370 -0.488714 0.004308 
 -0.661992 -0.236352 -0.030130 
 0.132991 0.154259 -0.102324 
 -0.529531 0.269733 0.105684 
 0.083879 0.527589 -0.127300 
 0.692492 0.128115 0.077711 
 0.361293 0.508632 -0.114870 
 -0.345214 -0.252556 -0.084275 
 0.131370 -0.647147 -0.075452 
 -0.167482 -0.400345 -0.037479 
 -0.132805 -0.341247 0.014243 
 0.533121 -0.531008 0.114892 
 0.379299 -0.246681 0.057943 
 -0.009726 -0.189460 0.075538 
 -0.134545 -0.789035 -0.034960 
 -0.015925 0.782866 0.094125 
 0.374462 0.511494 -0.075197 
 0.265724 -0.719187 -0.000947 
 0.618449 -0.139460 0.124035 
 -0.553147 -0.233313 -0.041163 
 -0.274559 -0.404936 -0.026365 
 0.124417 0.172521 -0.103102 
 0.466811 0.377560 -0.025451 
 -0.534975 0.193068 0.062355 
 0.261033 0.294453 -0.140899 
 -0.442454 0.694418 0.017388 
 -0.309354 -0.113568 -0.056482 
 0.308713 0.396717 -0.195795 
 -0.035396 -0.808276 -0.068635 
 -0.035750 -0.126580 0.072556 
 -0.235648 -0.641812 -0.004774 
 -0.441183 -0.071049 -0.099271 
 0.502043 0.283349 -0.105539 
 0.132882 -0.425825 -0.049731 
 0.346711 -0.716136 0.061459 
 -0.282472 -0.176773 -0.053267 
 -0.058873 -0.696471 -0.064223 
 0.577527 -0.113720 0.142828 
 0.449718 0.109144 -0.095247 
 0.477640 -0.586541 0.122304 
 0.255197 -0.367636 -0.033703 
 0.513664 -0.540788 0.107010 
 -0.252488 -0.345087 -0.012517 
 0.494457 0.384046 0.035812 
 -0.662173 -0.287423 -0.036563 
 0.126583 -0.576067 -0.068630 
 -0.451902 0.738013 0.068293 
 -0.009499 0.555130 -0.109201 
 -0.260465 -0.099586 0.011936 
 -0.391868 -0.248144 -0.101420 
 -0.015929 0.782864 0.095207 
 0.167007 -0.178387 0.073400 
 -0.131200 -0.657440 -0.053746 
 -0.455627 0.468231 -0.045193 
 -0.258001 -0.050521 0.018315 
 -0.538935 0.072767 -0.000494 
 0.357699 -0.687070 0.068575 
 -0.099575 -0.234975 0.087918 
 -0.683881 0.056585 -0.022271 
 0.070039 0.638385 -0.071045 
 -0.585858 -0.352254 -0.032028 
 0.008380 -0.484369 -0.069180 
 0.477638 -0.296696 0.054305 
 -0.456307 -0.736083 0.055096 
 0.230865 0.557544 0.009865 
 -0.546056 -0.335014 -0.016874 
 -0.139862 -0.636352 -0.055240 
 0.145227 0.690378 0.026943 
 0.175082 -0.450734 -0.070325 
 0.155577 -0.539557 -0.053701 
 0.178919 0.522073 -0.111352 
 0.001337 0.740857 0.095554 
 -0.457884 -0.185683 -0.067679 
 0.603460 -0.255249 0.170113 
 -0.116302 -0.047253 0.135071 
 0.373754 0.293991 -0.099906 
 -0.009420 -0.030928 0.026134 
 -0.221244 0.518288 0.043236 
 0.089367 0.646618 -0.065282 
 0.222537 -0.455010 -0.053146 
 0.409091 0.043572 -0.115253 
 -0.506304 0.111069 0.013116 
 0.620774 -0.298682 0.171673 
 0.070862 0.816663 0.180850 
 -0.493779 -0.178856 -0.046903 
 0.534614 -0.101772 0.095893 
 -0.163067 0.156479 -0.058821 
 0.089865 0.180428 -0.081749 
 -0.526591 -0.297129 -0.038220 
 0.545532 -0.373133 0.103462 
 0.158496 -0.346584 0.001586 
 -0.069529 0.733678 0.088058 
 -0.430627 0.122128 0.008253 
 0.513080 0.389164 0.058866 
 0.620622 -0.296281 0.171677 
 -0.170265 0.000805 0.154954 
 -0.573120 0.129678 0.025074 
 -0.583449 -0.430095 -0.022971 
 0.492569 0.254839 -0.112943 
 0.233514 -0.505435 -0.022281 
 0.103275 -0.634475 -0.082795 
 -0.465080 -0.715384 0.054294 
 0.235254 -0.220780 0.073897 
 0.277448 -0.246441 0.055124 
 0.155543 -0.539029 -0.053699 
 -0.439314 0.598849 -0.026714 
 0.110886 0.296791 -0.144091 
 -0.397645 0.806754 0.128528 
 -0.011016 -0.492691 -0.074906 
 -0.349355 -0.180776 -0.078695 
 0.315375 0.345878 -0.148809 
 -0.562111 0.159483 0.031409 
 0.244871 0.058387 -0.090942 
 -0.038369 0.299559 -0.148192 
 0.018533 0.775551 0.074362 
 0.023344 0.731215 0.037839 
 0.018992 0.775578 0.075759 
 -0.607317 -0.156616 -0.051771 
 -0.029482 0.614507 -0.043554 
 -0.662841 -0.236406 -0.030134 
 0.220801 -0.504935 -0.060150 
 -0.004093 0.208650 -0.062268 
 0.189094 0.699914 0.126324 
 0.317051 0.052092 -0.147922 
 -0.139944 -0.635169 -0.053476 
 0.398357 0.400694 -0.080633 
 -0.036504 0.820724 0.109433 
 0.136508 0.642369 -0.047274 
 0.027591 0.754858 0.075144 
 0.479223 -0.156656 0.103532 
 -0.397545 -0.126057 -0.088992 
 0.678736 0.028606 0.194718 
 -0.332693 -0.459022 -0.019868 
 0.113826 -0.069895 0.015805 
 -0.237780 -0.311433 -0.020443 
 -0.404300 -0.803158 0.132622 
 -0.161082 -0.330711 0.005723 
 -0.159584 -0.644141 -0.061408 
 0.078655 0.073636 -0.063655 
 0.198128 0.661147 0.059318 
 0.018997 0.775581 0.074410 
 -0.154977 -0.398952 0.000143 
 -0.295604 0.130211 0.059422 
 0.483706 -0.036859 0.002465 
 0.591121 0.033218 0.047687 
 0.542397 0.207838 -0.132965 
 -0.233814 -0.433953 -0.029322 
 -0.190946 -0.124468 0.066623 
 -0.220371 -0.111738 0.058434 
 0.396869 0.181854 -0.104647 
 -0.009211 -0.694568 -0.062516 
 -0.260629 0.024532 0.009018 
 -0.297391 0.515331 -0.033687 
 -0.614013 0.112652 0.009024 
 0.736283 0.016646 0.280432 
 0.325067 -0.359430 -0.023622 
 0.380133 -0.628187 0.082810 
 -0.691278 0.121138 0.063339 
 0.312237 -0.250939 0.032564 
 0.502117 0.112204 -0.108067 
 -0.026366 0.130921 -0.127184 
 -0.575419 -0.292100 -0.055016 
 0.563670 0.265470 -0.119138 
 0.650693 0.040528 0.186318 
 0.239027 -0.263052 0.039857 
 0.225693 0.403476 -0.174968 
 -0.326966 0.573767 -0.021110 
 0.151589 -0.417578 -0.041876 
 -0.284074 0.014521 0.015953 
 0.400706 -0.238497 0.065809 
 0.163697 0.583140 -0.060507 
 -0.427515 0.482767 -0.067762 
 0.601625 -0.385354 0.188699 
 -0.274866 -0.723842 0.054948 
 0.296285 -0.797468 0.082553 
 0.654989 -0.288892 0.217952 
 -0.317255 0.721083 0.080652 
 -0.566050 -0.342195 -0.024001 
 0.218672 -0.795689 0.006949 
 -0.654806 -0.326618 -0.085885 
 -0.004817 -0.565238 -0.080446 
 -0.136013 0.703442 0.094408 
 0.181294 -0.762274 -0.002519 
 0.153060 -0.586659 -0.059995 
 0.659881 0.198897 -0.008894 
 0.286354 0.232631 -0.136143 
 -0.049930 0.215201 -0.093719 
 0.646043 -0.059661 0.172776 
 -0.380230 0.765321 0.130116 
 -0.332317 0.017554 -0.000761 
 0.153219 -0.589166 -0.060000 
 0.671131 0.227632 -0.001934 
 -0.423679 -0.163617 -0.104049 
 0.500979 0.234283 -0.111704 
 -0.367310 0.103523 -0.003915 
 0.446358 -0.543988 0.081214 
 0.072386 -0.787447 -0.027875 
 0.528481 0.221863 -0.103248 
 0.254795 -0.748661 -0.008145 
 -0.336804 -0.100806 -0.065198 
 -0.599238 -0.177939 -0.050155 
 -0.535056 0.194394 0.061504 
 0.057934 0.513637 -0.106384 
 -0.423707 -0.730811 0.100721 
 0.204653 -0.258134 0.060820 
 0.617355 0.241003 -0.102277 
 -0.099847 -0.539173 -0.062339 
 0.640055 0.267390 -0.041789 
 0.287939 0.064371 -0.155989 
 -0.535607 0.194357 0.062355 
 0.174223 -0.073790 0.070352 
 0.098535 0.625955 -0.063253 
 -0.163471 0.737521 0.138793 
 -0.459928 -0.501478 0.014385 
 -0.079713 -0.226536 0.095900 
 0.034406 0.455342 -0.120403 
 -0.332292 -0.028275 -0.021998 
 -0.340182 -0.357948 -0.044653 
 -0.035726 -0.126963 0.072555 
 -0.370993 0.457615 -0.049610 
 0.000430 0.538047 -0.123486 
 -0.327692 0.863044 0.159744 
 0.040249 0.135426 -0.104210 
 -0.252180 -0.120940 0.012723 
 -0.291867 0.413233 0.006327 
 -0.552043 -0.531230 0.076514 
 -0.180506 0.823529 0.241039 
 0.207500 0.708171 0.132991 
 0.354443 -0.576689 0.011883 
 0.505866 -0.599135 0.131479 
 0.136370 0.921125 0.164656 
 -0.651455 -0.304898 -0.050456 
 -0.386023 -0.763888 0.110733 
 0.223423 0.495432 -0.132525 
 0.667149 -0.222534 0.161423 
 -0.109575 -0.518211 -0.062584 
 -0.255131 -0.319686 -0.027643 
 -0.266034 0.862123 0.213970 
 0.491148 0.390570 -0.048212 
 -0.219605 -0.735082 -0.009587 
 -0.231527 -0.382064 -0.025286 
 -0.693441 -0.147120 -0.048020 
 -0.506187 -0.445883 0.002540 
 0.178694 0.472827 -0.115526 
 0.113566 -0.070224 0.015804 
 0.092686 -0.774550 -0.034904 
 0.631637 -0.268145 0.178313 
 0.395246 0.492837 -0.037806 
 -0.396305 -0.471766 0.023115 
 -0.360753 0.030034 -0.009513 
 0.246248 -0.728668 -0.008827 
 0.085118 0.750534 0.144333 
 -0.417426 0.174525 0.054018 
 0.077960 -0.430119 -0.035675 
 0.051474 0.736691 0.114060 
 0.517102 0.193424 -0.110181 
 -0.373737 -0.651048 0.093866 
 0.596180 -0.106271 0.150682 
 0.160928 0.647237 0.028486 
 -0.258385 -0.049010 0.018317 
 0.284984 0.366337 -0.240652 
 0.555283 0.285924 -0.119899 
 0.209273 -0.060927 0.101234 
 -0.171795 0.488432 0.091041 
 0.587801 -0.384196 0.150383 
 0.196923 -0.140680 0.087771 
 -0.566292 0.275281 0.127063 
 0.553599 0.162053 -0.100957 
 0.317772 -0.543272 0.003644 
 -0.202648 -0.523007 -0.013669 
 0.682407 -0.000358 0.224690 
 0.169113 0.121072 -0.095445 
 -0.083685 0.324880 -0.127561 
 0.315610 0.050992 -0.147930 
 -0.290868 0.231982 0.069819 
 0.102685 0.317430 -0.145122 
 0.202579 -0.542974 -0.037206 
 0.212498 -0.484078 -0.060926 
 0.127891 -0.384195 -0.013439 
 -0.086318 -0.712371 -0.042408 
 0.180566 0.588439 -0.037585 
 0.207684 0.059871 -0.052465 
 -0.129903 -0.273035 0.073001 
 0.020909 -0.626537 -0.078100 
 -0.283299 -0.383084 -0.027279 
 -0.260775 0.026840 0.009023 
 0.516816 -0.138775 0.119245 
 -0.444975 -0.707949 0.062366 
 0.581557 0.117572 -0.045981 
 0.023352 0.731092 0.037839 
 0.192092 -0.572147 -0.044283 
 -0.261551 0.695497 0.098148 
 -0.554824 -0.313681 -0.017323 
 -0.426627 0.455567 -0.036474 
 0.466250 0.377522 -0.024342 
 -0.046190 -0.488737 -0.052768 
 