0.232718 -0.613022 0.020888 
 0.228152 -0.782765 0.052281 
 -0.068796 0.636192 0.066828 
 -0.200528 -0.563432 -0.018335 
 -0.220267 -0.077515 -0.071511 
 -0.215689 0.784909 0.088535 
 0.583531 -0.002525 0.065137 
 0.349308 -0.265039 0.045182 
 -0.068672 -0.736271 -0.013311 
 -0.541688 -0.552487 0.141122 
 0.184273 0.456829 -0.092588 
 -0.309450 -0.661955 0.035772 
 -0.068528 -0.736118 -0.013311 
 -0.309997 0.179231 -0.060075 
 0.121406 -0.521685 -0.023936 
 -0.278974 0.709847 0.070882 
 0.170167 0.044129 -0.140043 
 -0.347287 -0.513021 0.061991 
 -0.363030 -0.278478 0.033624 
 -0.206579 -0.679346 0.017305 
 -0.549478 0.017020 0.082868 
 0.253436 0.710483 0.166902 
 0.088706 -0.585911 -0.036434 
 0.081472 -0.758029 0.011385 
 0.260171 -0.399349 -0.019166 
 -0.271464 -0.263812 0.017093 
 -0.366351 -0.185972 -0.007665 
 -0.341018 0.330018 -0.066134 
 -0.526472 0.008101 0.085610 
 0.060259 0.485082 -0.061511 
 -0.253368 -0.182043 -0.020747 
 -0.022798 0.868224 0.184918 
 -0.323178 0.479791 -0.046642 
 0.140305 0.742848 0.116377 
 -0.194244 0.775196 0.093008 
 -0.295582 -0.365485 0.036145 
 0.384480 -0.513511 0.109488 
 0.578515 -0.061980 0.110003 
 -0.233359 -0.630665 -0.014779 
 -0.159316 0.946593 0.084105 
 0.265465 -0.028876 -0.130808 
 0.300650 0.037751 -0.151133 
 0.263555 -0.548628 0.033102 
 -0.535709 -0.191863 0.011309 
 -0.176214 0.564831 -0.010974 
 0.439184 -0.237453 0.097641 
 -0.131419 0.151771 -0.081397 
 0.032725 -0.220980 -0.091942 
 -0.462394 -0.093976 0.035513 
 -0.058054 -0.345130 -0.072212 
 -0.279245 0.458338 -0.041250 
 0.217506 -0.378807 -0.024580 
 -0.502796 -0.000968 0.072242 
 -0.137050 0.595945 0.016319 
 -0.257692 0.752776 0.080755 
 -0.028961 0.025729 -0.110158 
 -0.206579 -0.679346 0.017781 
 0.409232 0.041184 -0.165582 
 0.311297 -0.292586 0.000777 
 -0.080556 0.435204 0.009053 
 0.124402 -0.451583 0.018289 
 -0.077794 0.383123 -0.012982 
 0.551611 -0.328481 0.159571 
 0.159587 -0.382654 -0.001660 
 0.254453 -0.777807 0.091616 
 -0.177406 -0.684732 -0.010797 
 0.333353 -0.247687 -0.006405 
 -0.079590 0.615497 0.062664 
 -0.046438 0.571837 0.063913 
 -0.205753 0.447482 -0.029015 
 -0.350362 -0.365355 0.026481 
 -0.029623 0.364455 -0.040721 
 0.249395 -0.629163 0.055915 
 0.602014 0.038056 0.089959 
 -0.401012 -0.513357 0.052172 
 -0.180342 0.293486 0.009785 
 -0.038848 0.467169 0.020058 
 0.174256 0.274927 -0.097455 
 -0.373057 0.012847 -0.021584 
 0.393981 -0.175871 0.029199 
 -0.265897 0.336600 -0.000940 
 0.222439 -0.635226 0.016412 
 0.311450 -0.292586 0.001583 
 0.216067 -0.174569 -0.087672 
 -0.432641 -0.469848 0.051023 
 0.203735 0.217069 -0.150860 
 -0.228406 -0.285491 0.022770 
 -0.020891 -0.371088 -0.033097 
 0.360730 0.005995 -0.143152 
 0.243453 -0.221773 -0.054228 
 -0.044598 0.752258 0.117639 
 0.195596 0.689132 0.120333 
 0.207510 -0.141929 -0.102503 
 0.392444 -0.659175 0.129699 
 0.080944 -0.758029 0.010492 
 -0.240135 0.722344 0.045175 
 0.179708 -0.189678 -0.061124 
 0.589913 -0.302992 0.203387 
 0.245301 0.851727 0.146772 
 0.568263 -0.083388 0.104601 
 -0.115218 0.584930 0.019018 
 -0.492539 -0.213360 0.017235 
 -0.202615 0.357879 0.013623 
 0.327569 -0.211331 -0.036168 
 -0.320252 0.677714 0.057921 
 0.415143 -0.392563 0.111420 
 0.486771 0.100502 -0.110614 
 -0.424837 -0.025873 0.015812 
 -0.343491 -0.102601 -0.063141 
 0.290618 -0.542286 0.072494 
 -0.417542 0.285010 -0.067776 
 0.035836 0.689724 0.091602 
 0.486259 0.153839 -0.105089 
 -0.199456 -0.563645 -0.018335 
 -0.212156 0.660444 0.009674 
 -0.427947 -0.300279 0.019757 
 -0.230971 0.063384 -0.075049 
 -0.482154 -0.714220 0.117589 
 -0.173686 0.817637 0.101357 
 0.054661 0.077708 -0.157484 
 -0.155778 0.732848 0.061622 
 -0.342359 -0.620344 0.034508 
 0.307621 0.871042 0.160513 
 -0.309514 -0.278935 0.043088 
 0.082605 -0.537442 0.001939 
 -0.141235 -0.504662 -0.034430 
 -0.012734 0.709199 0.118892 
 0.353513 -0.015049 -0.146957 
 -0.348352 0.524930 -0.080414 
 0.141296 -0.532454 -0.021229 
 -0.407268 0.307733 -0.063623 
 -0.043403 -0.633840 -0.031290 
 0.140411 0.423723 -0.087594 
 0.449331 0.125135 -0.148666 
 0.199780 0.480435 -0.121668 
 0.075340 0.561571 -0.085811 
 -0.177589 -0.478092 -0.073070 
 -0.484624 0.096573 0.086322 
 0.197366 -0.162123 -0.107277 
 0.236538 0.456702 -0.084910 
 -0.125181 -0.477980 -0.063493 
 0.371705 -0.382513 0.036647 
 -0.223119 0.314832 0.004372 
 0.154641 -0.087786 -0.106417 
 0.222854 0.044806 -0.130604 
 -0.045017 0.752258 0.115390 
 -0.155736 0.446074 -0.003831 
 0.172425 0.541357 -0.084529 
 -0.005254 0.479019 0.010594 
 -0.155736 0.446074 -0.003414 
 0.416529 -0.088425 -0.058704 
 -0.078515 0.849044 0.123113 
 -0.420778 -0.445741 0.039141 
 -0.583582 -0.473317 0.125269 
 0.405089 -0.207305 0.028185 
 0.477901 -0.264276 0.136533 
 0.532385 -0.056024 0.049999 
 -0.256693 -0.511301 -0.006188 
 -0.111085 0.247543 -0.067540 
 0.226257 0.541229 -0.076642 
 0.327689 -0.626571 0.121139 
 -0.195271 0.253772 -0.031022 
 -0.259324 0.500987 -0.031747 
 0.128757 0.104907 -0.209079 
 -0.145526 0.754263 0.065291 
 0.307532 0.444009 -0.055131 
 -0.416368 -0.540105 0.080251 
 -0.004170 -0.768594 -0.005660 
 -0.187480 -0.011803 -0.075256 
 -0.156010 0.859971 0.109706 
 0.158179 0.304107 -0.063364 
 -0.341899 0.382920 -0.060535 
 -0.147976 -0.413866 -0.060579 
 0.218547 0.840645 0.105997 
 -0.169568 0.925517 0.079942 
 0.195249 0.423686 -0.094493 
 -0.124289 -0.152571 -0.062166 
 0.284275 -0.505698 0.041459 
 -0.036586 -0.193411 -0.066786 
 0.621844 -0.292019 0.212681 
 0.348547 -0.265039 0.045580 
 0.623961 -0.069879 0.182925 
 -0.481068 -0.137915 0.027109 
 -0.276179 0.620574 -0.057037 
 -0.199725 -0.182172 -0.011409 
 0.021301 0.470410 -0.019351 
 -0.063818 0.228353 -0.094689 
 0.165368 -0.269200 -0.039170 
 0.327689 -0.626571 0.121265 
 0.192999 0.617306 0.061260 
 -0.401012 -0.512099 0.052289 
 -0.346370 -0.252843 0.005578 
 -0.408328 0.215898 -0.005454 
 0.425363 -0.120114 -0.044147 
 -0.201216 0.180604 -0.056101 
 0.101686 0.233102 -0.115125 
 0.411828 -0.241938 0.058923 
 0.301676 -0.162378 -0.087670 
 0.055887 -0.531587 0.031265 
 -0.513595 -0.202730 0.014504 
 0.152626 -0.292200 -0.028013 
 0.468712 -0.048147 -0.129849 
 -0.552871 -0.217711 0.040145 
 0.100763 -0.087658 -0.115894 
 -0.223119 0.316746 0.004372 
 -0.223064 -0.609116 -0.010235 
 0.265778 -0.756202 0.095818 
 0.176201 -0.151467 -0.110682 
 0.333512 -0.356773 0.001141 
 0.205029 -0.236703 -0.028180 
 0.000931 0.429019 -0.027623 
 0.387397 0.104116 -0.162136 
 0.509708 -0.253807 0.143439 
 0.397040 0.190618 -0.066635 
 -0.577053 -0.264399 0.047435 
 0.082790 0.421402 -0.065692 
 -0.206503 0.501599 -0.023416 
 0.087203 0.476582 -0.091498 
 -0.285485 0.548022 -0.066715 
 0.435764 -0.143247 0.039805 
 -0.202895 0.357879 0.012699 
 -0.032238 -0.666102 -0.033343 
 -0.343078 0.275511 -0.055525 
 -0.056432 0.497635 0.054129 
 -0.550186 -0.380366 0.023796 
 -0.350867 -0.681778 0.077713 
 0.265465 -0.029235 -0.131968 
 0.224690 0.539534 -0.076642 
 -0.248231 0.468936 -0.034385 
 -0.180793 0.221532 -0.048713 
 -0.234200 -0.007937 -0.117177 
 0.523889 0.075755 -0.072535 
 0.381707 -0.361572 0.040811 
 -0.577379 -0.044160 0.054094 
 0.059832 0.377654 -0.056698 
 -0.165726 0.711445 0.057458 
 0.623961 -0.069879 0.183383 
 0.497508 0.016199 -0.117571 
 0.020477 0.117499 -0.142451 
 0.450350 -0.268950 0.096982 
 -0.076741 0.741591 0.111127 
 0.503966 0.087892 -0.075202 
 0.066193 -0.509788 0.035450 
 0.182904 0.773654 0.127411 
 -0.379017 -0.524267 0.055031 
 0.363661 -0.556608 0.101106 
 0.518873 -0.287211 0.158313 
 -0.411556 0.067398 0.062219 
 0.007289 0.377773 -0.065810 
 0.189611 -0.020407 -0.126719 
 -0.417427 -0.594534 0.074542 
 0.348547 -0.265039 0.046142 
 -0.309114 0.125785 -0.066432 
 0.332132 0.222502 -0.074410 
 0.499402 -0.274238 0.139254 
 0.250586 -0.311392 -0.028387 
 0.241255 -0.386232 -0.038805 
 0.555879 -0.162521 0.127457 
 0.002509 0.200319 -0.102917 
 -0.427050 -0.670708 0.064603 
 0.129874 0.775026 0.119242 
 -0.243347 -0.487914 -0.017160 
 -0.199249 -0.563432 -0.018335 
 0.338928 -0.659044 0.119591 
 -0.280023 0.817300 0.080868 
 0.540015 0.059736 -0.020056 
 0.658659 -0.155828 0.265586 
 0.217506 -0.377773 -0.024580 
 0.040792 0.568879 -0.005494 
 -0.080269 -0.281117 -0.067979 
 -0.155778 0.732241 0.061622 
 -0.424837 -0.026123 0.016449 
 0.232701 -0.093424 -0.126834 
 0.392444 -0.659273 0.129224 
 0.277052 -0.468486 0.010416 
 -0.485263 -0.413053 0.031693 
 0.255266 -0.776103 0.091616 
 -0.382581 0.442733 -0.129346 
 0.186423 -0.388480 -0.031432 
 -0.104716 0.499391 0.011959 
 0.118738 0.807203 0.119642 
 -0.433773 -0.155547 0.000306 
 -0.119530 0.066789 -0.088428 
 0.030529 0.032859 -0.149436 
 -0.550548 -0.380366 0.022709 
 -0.005139 -0.144215 -0.124184 
 -0.503691 0.053251 0.076891 
 -0.517276 -0.315382 0.035348 
 -0.185899 -0.375615 -0.030332 
 -0.272699 0.033296 -0.086039 
 0.073489 0.453242 -0.062953 
 -0.155736 0.446074 -0.003143 
 -0.345044 -0.455075 0.051569 
 0.220825 0.751611 0.165016 
 0.439184 -0.238331 0.098443 
 0.256071 0.393441 -0.070129 
 -0.276541 -0.706329 0.036276 
 0.395041 -0.545899 0.107323 
 -0.140778 0.077268 -0.092911 
 0.510479 -0.252742 0.143439 
 -0.131665 0.849174 0.112420 
 0.089510 -0.313424 -0.039519 
 -0.126961 0.904253 0.085355 
 0.222076 0.626748 0.084635 
 -0.336777 0.132534 -0.035808 
 -0.172799 0.763315 0.096149 
 0.013161 -0.510084 0.025823 
 0.055887 -0.531735 0.032258 
 -0.155949 -0.257493 -0.011419 
 -0.089618 0.593375 0.058500 
 0.312730 -0.399478 -0.009629 
 -0.150963 0.055999 -0.093807 
 -0.449079 -0.605341 0.069616 
 -0.124676 -0.152571 -0.062166 
 0.119463 -0.520070 -0.023936 
 0.463973 -0.190626 0.074121 
 0.589020 -0.248678 0.209702 
 -0.405307 -0.313174 0.022488 
 0.057225 0.678751 0.090817 
 0.246642 0.476251 -0.079514 
 -0.088958 0.541187 0.052879 
 -0.253883 0.287484 -0.055350 
 0.200995 -0.623690 0.013452 
 -0.052143 -0.435533 -0.045589 
 -0.201963 0.880157 0.134572 
 0.374538 -0.025635 -0.144305 
 0.418626 -0.280383 0.092142 
 0.437693 -0.100062 -0.056357 
 0.447528 -0.492092 0.124214 
 0.048280 -0.196310 -0.120265 
 -0.192363 0.378158 0.016863 
 0.632190 -0.271051 0.214523 
 0.219515 0.840645 0.107059 
 -0.642804 -0.572052 0.188484 
 0.291436 0.366472 -0.015683 
 -0.118125 0.709458 0.099688 
 -0.312643 0.339569 -0.042043 
 -0.124379 0.510131 0.009260 
 0.456400 -0.252278 0.133812 
 0.466192 0.005741 -0.124324 
 -0.331986 -0.597762 0.038213 
 0.131718 -0.760831 0.037193 
 0.254323 0.654825 0.161299 
 -0.047829 -0.323778 -0.068052 
 0.116725 0.273844 -0.074282 
 0.118655 0.083919 -0.213161 
 0.317384 -0.231201 -0.041683 
 -0.467843 -0.524152 0.106919 
 0.399822 -0.073801 -0.093783 
 -0.570099 -0.602462 0.164718 
 0.387397 0.104274 -0.161794 
 0.030351 -0.317850 -0.017900 
 -0.070926 -0.206145 -0.058232 
 -0.277562 0.082952 -0.064244 
 0.207976 -0.399220 -0.028733 
 -0.097963 -0.199548 -0.028519 
 -0.351976 0.666087 0.052931 
 -0.133504 0.668499 0.058343 
 -0.583187 -0.694810 0.118350 
 0.060751 0.484560 -0.061511 
 -0.063541 0.892706 0.163103 
 -0.494213 0.128475 0.087796 
 -0.071579 -0.574517 0.003640 
 -0.245858 -0.124268 -0.047465 
 -0.383700 0.655216 0.046043 
 -0.090733 0.235401 -0.064851 
 0.092014 0.038259 -0.188969 
 -0.466041 -0.632007 0.095471 
 0.240211 0.421018 -0.036776 
 -0.296593 -0.419563 0.030473 
 0.134276 -0.279223 -0.046014 
 0.566051 -0.141056 0.131632 
 0.292073 0.313378 -0.022364 
 -0.241901 0.218658 -0.009576 
 -0.109345 0.087838 -0.084643 
 -0.343471 0.795965 0.067516 
 0.089789 -0.164169 -0.109332 
 -0.206503 0.500858 -0.023914 
 0.137241 0.125895 -0.204997 
 0.426372 -0.371548 0.115606 
 0.126870 0.294443 -0.070162 
 -0.092490 0.343315 -0.054417 
 -0.460409 0.032330 0.083373 
 0.360982 0.164014 -0.127925 
 -0.340552 -0.343750 0.030066 
 -0.542884 -0.607267 0.135376 
 0.363193 -0.556711 0.101106 
 0.214711 0.132766 -0.156250 
 0.373832 -0.329394 0.042268 
 -0.225968 0.763444 0.085761 
 0.206624 -0.771609 0.049557 
 0.068202 -0.629298 -0.044754 
 0.034386 -0.520909 0.027406 
 0.593742 0.018548 0.067521 
 -0.196819 -0.032898 -0.079403 
 0.231104 0.771573 0.169824 
 -0.030714 0.133649 -0.098857 
 -0.302896 0.414367 -0.033307 
 -0.078706 0.561197 0.059227 
 0.304580 0.335732 -0.033493 
 0.115484 0.083919 -0.213161 
 -0.022686 0.687734 0.112664 
 -0.471677 0.063741 0.084847 
 0.509708 -0.252742 0.140668 
 0.326116 -0.473566 0.052003 
 0.111659 -0.365595 0.025385 
 0.457847 -0.470543 0.127086 
 -0.115332 0.925661 0.089518 
 -0.163407 0.837799 0.105532 
 0.461219 0.041057 -0.155237 
 0.208131 -0.140938 -0.102503 
 -0.453998 -0.019022 0.045387 
 -0.111102 0.194719 -0.073124 
 -0.083288 -0.448106 -0.052459 
 0.079944 -0.376262 0.019759 
 -0.167906 -0.717121 -0.012833 
 0.183840 -0.133353 -0.088910 
 0.141531 0.196404 -0.162799 
 -0.090691 0.700547 0.069742 
 -0.080076 -0.118582 -0.066718 
 -0.532125 -0.175727 0.048196 
 0.070120 0.101517 -0.184477 
 0.193048 0.601404 -0.024636 
 0.297909 0.195771 -0.134620 
 -0.309973 0.699179 0.064980 
 0.480888 0.083033 -0.147441 
 0.207393 0.006375 -0.171393 
 0.397182 -0.269586 0.087436 
 0.270488 -0.066858 -0.083344 
 -0.554487 -0.328869 0.044483 
 -0.113862 0.030947 -0.057422 
 -0.511405 -0.500958 0.101406 
 0.521704 -0.503061 0.135683 
 -0.088385 -0.725293 -0.016032 
 -0.195410 0.468610 -0.024867 
 0.397255 -0.489472 0.097399 
 -0.001993 0.303549 -0.075505 
 -0.420116 -0.062362 0.047323 
 0.364537 -0.500167 0.088359 
 -0.120518 0.817878 0.110959 
 -0.050872 0.376055 -0.042721 
 -0.108577 0.443385 0.040180 
 -0.162959 -0.167344 -0.036638 
 -0.577053 -0.263854 0.047435 
 0.178582 0.158541 -0.194180 
 0.310421 -0.610416 0.085809 
 0.458738 -0.523805 0.121852 
 0.345661 0.829647 0.128713 
 0.416066 -0.391629 0.111420 
 -0.007636 0.177719 -0.106549 
 -0.365790 -0.500090 0.043175 
 0.243532 0.956935 0.157930 
 -0.014166 0.066313 -0.069925 
 0.019871 0.117499 -0.140622 
 0.092014 0.038191 -0.188788 
 -0.015701 -0.408265 -0.002168 
 0.293419 0.125515 -0.176831 
 0.073889 -0.489925 0.055841 
 0.488207 -0.241862 0.140719 
 0.253436 0.708552 0.165126 
 -0.208265 0.606551 -0.012218 
 -0.101602 -0.269945 -0.070679 
 0.383854 -0.154060 -0.055916 
 -0.239563 0.668757 0.041012 
 0.366304 0.062298 -0.170300 
 0.132970 -0.225221 -0.040415 
 0.249688 0.333902 -0.026616 
 -0.090494 -0.302089 -0.072132 
 -0.316918 0.534380 -0.073540 
 -0.455632 -0.458937 0.048298 
 0.143030 0.264637 -0.104236 
 0.263555 -0.549495 0.033110 
 -0.274914 0.620574 -0.056995 
 0.085416 0.260599 -0.081081 
 0.171570 0.612049 -0.010941 
 -0.228313 0.009880 -0.080648 
 0.011602 -0.263796 -0.100215 
 0.371100 -0.275808 0.047889 
 -0.072682 0.154990 -0.104383 
 0.133278 -0.279223 -0.046014 
 -0.036586 -0.193411 -0.068861 
 0.260171 -0.398801 -0.019181 
 -0.436047 0.006265 0.017920 
 0.070639 -0.779550 0.006845 
 -0.071232 0.456557 0.013205 
 -0.461272 -0.094705 0.035513 
 0.070866 0.346734 -0.057765 
 -0.279136 0.763574 0.076410 
 0.133496 -0.225848 -0.040415 
 -0.402712 0.272632 -0.031828 
 0.210720 -0.031035 -0.122452 
 0.180091 -0.338442 0.006667 
 -0.015227 -0.407475 -0.002168 
 -0.178800 0.293524 0.009785 
 0.158908 -0.328878 0.003961 
 0.467322 -0.133795 0.047056 
 -0.415653 -0.332752 0.018618 
 0.120347 -0.575271 -0.029420 
 -0.165961 0.424721 -0.007109 
 -0.207904 -0.054222 -0.082419 
 0.467276 -0.394932 0.137358 
 -0.381244 0.115711 0.021812 
 -0.233041 -0.466393 -0.014819 
 0.382869 0.153429 -0.123916 
 0.524597 -0.020172 0.019768 
 -0.256674 0.752776 0.079231 
 -0.272227 -0.592712 0.016187 
 0.067295 -0.249237 -0.036434 
 0.055889 0.024088 -0.163024 
 0.414490 -0.448864 0.122061 
 0.470109 -0.338826 0.126697 
 -0.015281 -0.204137 -0.064330 
 0.509444 -0.362798 0.148923 
 -0.058936 -0.291685 -0.065029 
 -0.395660 0.146906 0.039700 
 -0.518691 -0.673450 0.132397 
 0.231817 0.293697 -0.051209 
 -0.091611 0.703079 0.069742 
 -0.334264 0.817430 0.072551 
 0.141895 0.689211 0.110756 
 0.075197 0.119101 -0.149277 
 -0.289546 0.221936 -0.052733 
 0.100352 0.163361 -0.173645 
 0.364084 -0.610382 0.095448 
 0.048280 -0.195717 -0.121351 
 -0.110945 -0.345145 -0.080438 
 0.142927 -0.793387 0.036033 
 -0.427354 -0.616508 0.070312 
 0.232381 0.346810 -0.045647 
 -0.102586 0.625552 0.059957 
 0.309308 -0.456702 0.017286 
 0.004195 0.678880 0.084896 
 0.500106 -0.328130 0.133604 
 0.247418 -0.164346 -0.081453 
 0.275958 -0.735469 0.100020 
 -0.267675 0.157750 -0.054486 
 -0.408199 0.361179 -0.055963 
 -0.392098 -0.069351 0.015999 
 -0.258099 -0.240653 0.005939 
 -0.240883 0.095306 -0.073597 
 -0.008511 0.231736 -0.101475 
 -0.089842 0.593375 0.057707 
 0.271010 -0.268883 -0.021442 
 0.525046 0.075755 -0.071935 
 0.221712 0.697884 0.158594 
 -0.079387 -0.334372 -0.073585 
 -0.316918 0.536376 -0.073540 
 0.075741 0.066288 -0.154165 
 -0.264059 -0.148105 -0.019287 
 0.478891 -0.025889 -0.125757 
 0.026714 -0.376133 0.008895 
 0.591998 -0.190406 0.180766 
 0.012355 -0.264531 -0.100215 
 -0.124225 -0.246826 -0.006430 
 0.077365 0.066288 -0.154817 
 0.185689 0.830033 0.100207 
 -0.214553 0.336471 0.008536 
 0.019871 0.117806 -0.142451 
 0.050550 0.303348 -0.064949 
 -0.061063 0.477909 0.017285 
 -0.168843 -0.403097 -0.061226 
 -0.328294 0.261493 -0.020403 
 -0.409967 -0.424080 0.042846 
 -0.286507 0.293782 -0.009369 
 0.041150 -0.447807 0.054583 
 0.494133 -0.126076 0.086612 
 -0.372421 -0.300409 0.029422 
 -0.079387 -0.333741 -0.073585 
 0.509105 -0.100671 0.057869 
 0.387079 0.223965 -0.081564 
 -0.249044 -0.328589 0.014223 
 -0.168796 -0.663625 -0.006606 
 0.001634 0.251928 -0.097386 
 -0.392098 -0.070399 0.017070 
 0.282806 -0.041790 -0.111835 
 0.072326 -0.558907 -0.001977 
 0.065567 -0.458793 0.057308 
 0.291196 0.366472 -0.015277 
 0.237581 -0.707321 0.059674 
 -0.548569 -0.626551 0.115067 
 0.095933 -0.052946 -0.146970 
 -0.200345 -0.511781 -0.012685 
 0.174558 -0.206204 -0.098605 
 -0.374308 0.731935 0.055853 
 -0.222068 0.567211 -0.053064 
 -0.062941 0.174543 -0.100258 
 0.273834 -0.527783 0.037285 
 -0.426387 -0.300279 0.019757 
 -0.224513 -0.337392 0.001545 
 0.511258 -0.003816 -0.033078 
 0.043598 -0.051781 -0.156610 
 0.242461 0.583830 -0.052050 
 0.203610 0.551843 -0.078207 
 0.075340 0.560988 -0.084513 
 0.281504 -0.410090 -0.017346 
 0.163951 -0.066602 -0.102297 
 -0.325000 0.639918 -0.029687 
 0.164306 -0.065477 -0.102297 
 0.067895 0.540472 -0.104959 
 0.130759 0.721439 0.112689 
 -0.007727 -0.553539 0.017452 
 -0.450955 0.107338 0.093273 
 -0.423193 -0.502447 0.049547 
 0.287400 -0.447077 0.014579 
 0.448451 -0.381867 0.118326 
 0.194766 -0.586169 -0.016238 
 0.110980 -0.650266 -0.038665 
 -0.508210 -0.651171 0.137403 
 0.308531 0.924628 0.166134 
 0.057685 -0.596551 -0.043297 
 -0.166265 -0.075676 -0.078158 
 -0.580606 -0.624673 0.160451 
 0.380188 -0.253288 0.052053 
 0.055533 0.024584 -0.163024 
 0.042041 -0.500679 0.048926 
 -0.306733 0.557062 -0.069404 
 -0.005010 0.018646 -0.122577 
 -0.311015 -0.500221 0.052833 
 -0.139011 -0.029202 -0.102285 
 0.307889 -0.722990 0.106953 
 -0.090494 -0.301758 -0.072132 
 0.271010 -0.268883 -0.021997 
 0.439712 0.156680 -0.147237 
 -0.070926 -0.206183 -0.058220 
 0.057225 0.678751 0.096532 
 0.148244 -0.253483 -0.074361 
 0.230163 -0.354180 -0.036681 
 0.406251 -0.578599 0.106555 
 -0.586543 -0.339188 0.036613 
 -0.519595 -0.617286 0.138143 
 0.041150 -0.447953 0.053961 
 0.510334 -0.417052 0.142807 
 -0.334652 -0.546087 0.060515 
 -0.504586 0.106891 0.083583 
 0.327283 0.751352 0.184853 
 0.297261 0.477675 -0.070075 
 0.196976 -0.684190 0.040475 
 -0.242945 0.149457 -0.067999 
 -0.598722 -0.252301 0.046238 
 -0.097468 0.464794 0.043095 
 0.070379 -0.096934 -0.122692 
 -0.068983 -0.149818 -0.068826 
 -0.023276 0.868224 0.184506 
 -0.294451 -0.011316 -0.094334 
 0.289571 0.069735 -0.149701 
 -0.056998 0.838247 0.124736 
 0.455968 -0.252612 0.133812 
 0.207303 0.356874 -0.031980 
 0.172425 0.541357 -0.087166 
 0.136139 0.368905 -0.060480 
 0.133063 0.509770 -0.096956 
 -0.303695 0.628646 -0.027150 
 -0.148179 0.915022 0.083025 
 -0.414518 -0.005254 0.020003 
 0.417452 0.114704 -0.155401 
 -0.252275 0.074435 -0.077745 
 0.364537 -0.500167 0.089707 
 -0.082719 0.041545 -0.049911 
 -0.076154 -0.009013 -0.088635 
 -0.110224 0.141073 -0.078838 
 0.127926 0.561444 -0.075062 
 0.422080 -0.223813 0.063087 
 -0.125181 -0.478222 -0.065642 
 -0.456706 -0.365094 0.007151 
 0.050550 0.303348 -0.066445 
 -0.047159 0.447827 -0.000397 
 0.398996 -0.323312 0.081745 
 0.378397 -0.419969 0.067715 
 0.437693 -0.099710 -0.056357 
 0.114586 0.378906 -0.063159 
 -0.101368 -0.692947 -0.014807 
 0.121391 0.645465 0.102429 
 -0.091589 0.700547 0.069742 
 -0.299694 0.720644 0.069399 
 -0.363142 0.699309 0.054083 
 0.406126 -0.414084 0.107234 
 -0.096524 -0.050599 -0.095933 
 -0.207230 0.913827 0.105740 
 -0.509828 -0.458807 0.038578 
 -0.509172 -0.090640 -0.007179 
 -0.047652 -0.323778 -0.066733 
 0.141479 0.689262 0.110756 
 -0.587439 -0.284900 0.043783 
 0.037943 -0.736378 0.005666 
 -0.664781 -0.562628 0.185703 
 -0.497426 -0.325701 0.038086 
 0.033497 -0.467715 0.034194 
 0.154161 -0.088826 -0.106417 
 -0.314788 0.661242 -0.025724 
 0.416586 -0.046128 -0.139263 
 0.204928 0.499029 -0.084849 
 0.097349 0.817972 0.117522 
 -0.223064 -0.609230 -0.010588 
 0.387397 0.104274 -0.162307 
 -0.375178 0.480245 -0.056181 
 -0.325346 0.407762 -0.088630 
 -0.299771 0.200906 -0.055732 
 -0.082034 -0.174052 -0.055891 
 0.084995 0.850150 0.118042 
 -0.435398 -0.321884 0.015555 
 -0.334900 0.079567 -0.041429 
 -0.195291 -0.450806 -0.040850 
 -0.032467 0.239839 -0.087329 
 -0.158607 0.159151 -0.051273 
 0.173536 0.698882 0.117626 
 -0.293483 0.650652 -0.023002 
 0.121049 -0.302812 -0.033925 
 -0.212867 0.335750 0.008536 
 -0.167649 -0.553949 -0.011429 
 -0.208702 0.732983 0.052045 
 -0.454278 -0.665137 0.093987 
 -0.325640 0.100101 -0.037265 
 -0.289577 -0.156316 -0.057899 
 -0.605248 -0.683116 0.115583 
 0.064252 0.272985 -0.082768 
 0.540625 -0.188629 0.155996 
 -0.162906 0.142439 -0.088222 
 0.341991 -0.599706 0.092724 
 0.012885 -0.510084 0.026669 
 0.255668 0.551716 -0.069871 
 -0.351976 0.666772 0.052931 
 0.457338 -0.015303 -0.128417 
 0.018430 0.776046 0.131416 
 -0.365188 0.140577 -0.006138 
 0.622014 -0.125759 0.194566 
 -0.210189 0.607609 -0.012218 
 -0.071288 0.456038 0.013205 
 -0.575260 -0.371788 0.036104 
 0.437209 -0.513641 0.120749 
 -0.370187 0.228448 -0.031437 
 -0.134953 -0.595908 -0.009946 
 -0.006057 0.657472 0.080473 
 -0.526256 -0.117146 0.021646 
 0.026776 -0.376133 0.009299 
 0.570228 -0.409690 0.103454 
 -0.029505 0.486847 0.024210 
 -0.378812 0.047518 -0.052463 
 0.471617 0.062045 -0.151523 
 0.204482 0.499029 -0.084693 
 -0.281510 0.565464 -0.030052 
 0.036562 -0.639368 -0.051292 
 0.222076 0.628440 0.084635 
 -0.295670 0.524129 -0.070851 
 0.194925 0.689132 0.119975 
 0.107361 0.063808 -0.217243 
 0.164774 0.894220 0.101510 
 -0.103849 -0.585212 -0.003267 
 -0.039730 0.467169 0.020293 
 0.025584 0.667955 0.087439 
 0.032943 0.262456 -0.090227 
 0.358479 -0.107521 -0.105260 
 0.163947 0.590894 -0.031435 
 -0.602710 -0.626417 0.105290 
 -0.289078 0.384508 -0.050996 
 0.588767 -0.039266 0.112844 
 0.227450 0.647082 0.121582 
 0.534782 0.001096 0.022913 
 0.119622 0.753617 0.112598 
 0.573140 -0.341379 0.161087 
 -0.471847 -0.170715 0.025639 
 -0.155510 -0.107727 -0.079610 
 0.242461 0.582317 -0.053439 
 0.220337 0.608721 0.031322 
 -0.439023 -0.213348 0.026900 
 -0.575457 -0.371788 0.036047 
 0.043598 -0.051614 -0.156421 
 -0.290302 0.795835 0.077355 
 -0.426060 -0.300279 0.019757 
 0.514412 -0.041441 0.012599 
 -0.289959 0.436336 -0.045397 
 0.391551 -0.604582 0.134896 
 0.330856 0.807827 0.157599 
 -0.000857 0.803762 0.181985 
 -0.183518 -0.156575 -0.038916 
 0.343847 -0.335420 0.002829 
 0.458400 -0.306479 0.128162 
 0.405701 -0.578287 0.106555 
 -0.310965 -0.145585 -0.061205 
 0.270006 -0.586121 0.064178 
 0.064839 0.272985 -0.083759 
 -0.566279 -0.022498 0.058306 
 -0.198573 0.020085 -0.073804 
 0.514928 -0.136845 0.089318 
 0.243620 0.633360 0.157092 
 0.327689 -0.626571 0.120315 
 0.550888 -0.068707 0.068179 
 0.111666 -0.215121 -0.043803 
 -0.258099 -0.238664 0.005939 
 -0.048834 0.679009 0.074397 
 -0.133504 0.667385 0.058708 
 0.216728 -0.174888 -0.087672 
 -0.290802 0.168491 -0.057185 
 -0.586543 -0.337802 0.037523 
 0.205018 -0.564760 -0.014604 
 0.133999 -0.429315 0.022463 
 -0.164294 0.892233 0.112728 
 0.131643 0.667853 0.107448 
 -0.254342 0.826420 0.121666 
 0.244230 -0.591558 0.024761 
 -0.489624 -0.512264 0.102161 
 -0.014400 -0.257513 -0.070827 
 0.307532 0.443777 -0.055131 
 -0.177393 -0.246696 -0.013684 
 0.266851 0.520419 -0.071307 
 -0.166030 0.711445 0.056588 
 0.340753 -0.393620 0.029777 
 -0.091611 0.290080 -0.058017 
 -0.424837 -0.027455 0.015812 
 0.251462 -0.516366 0.034571 
 0.426372 -0.371042 0.115057 
 -0.187672 -0.268161 -0.018029 
 0.138266 0.315225 -0.066042 
 0.104847 -0.426535 0.068375 
 -0.309450 -0.662876 0.035015 
 -0.042294 -0.566408 0.028836 
 -0.119631 0.763185 0.104624 
 0.050277 0.180883 -0.130124 
 -0.111981 0.247480 -0.067540 
 -0.081151 -0.227498 -0.062152 
 -0.450036 0.053120 0.087543 
 -0.175620 -0.353357 -0.025338 
 -0.021433 0.207956 -0.089535 
 0.113859 0.378906 -0.063159 
 -0.141075 0.773982 0.103153 
 -0.110825 -0.345002 -0.080438 
 0.136139 0.368250 -0.061655 
 -0.099724 0.215576 -0.068988 
 0.091990 -0.108842 -0.120014 
 0.486259 0.153175 -0.106880 
 0.282984 -0.355484 -0.027142 
 -0.242945 0.148260 -0.067999 
 -0.187223 0.650258 -0.003924 
 0.253276 -0.570093 0.028317 
 0.234794 0.560985 -0.072538 
 -0.291112 0.437013 -0.045397 
 0.007289 0.377258 -0.065810 
 0.207510 -0.140938 -0.102574 
 0.145278 0.619547 0.019693 
 0.029989 0.138819 -0.138342 
 -0.048834 0.679009 0.073991 
 0.158900 0.571944 -0.067596 
 0.099109 -0.499518 0.042357 
 -0.170974 0.368519 0.021277 
 0.345376 -0.335420 0.002829 
 -0.520499 -0.564959 0.143889 
 0.589949 -0.248678 0.209060 
 0.383832 -0.513511 0.108305 
 -0.271464 -0.264469 0.017909 
 0.589020 -0.248678 0.208164 
 -0.527809 0.008101 0.084985 
 -0.333192 0.817430 0.071227 
 0.080944 -0.758029 0.009182 
 -0.197172 0.575979 -0.013670 
 0.297909 0.194805 -0.134558 
 0.259700 -0.607642 0.058902 
 0.557982 -0.316313 0.196454 
 0.041105 -0.447953 0.054583 
 0.533469 -0.151724 0.123094 
 -0.103554 0.375282 -0.051742 
 0.172628 0.753488 0.123247 
 -0.506456 -0.018891 0.034322 
 -0.306905 0.250965 -0.017488 
 0.561040 -0.255059 0.169420 
 -0.005139 -0.142745 -0.124184 
 -0.132267 0.849174 0.112420 
 0.633275 -0.103951 0.198757 
 -0.165341 -0.332685 -0.018943 
 0.309988 -0.457846 0.017286 
 0.021621 0.595246 0.044974 
 -0.267971 0.731184 0.075057 
 0.102780 0.640944 0.014167 
 0.303901 0.851128 0.123463 
 0.091144 0.092826 -0.183263 
 -0.528531 0.008101 0.085610 
 -0.177389 -0.246696 -0.014067 
 0.183840 -0.132336 -0.089389 
 -0.269152 0.785038 0.080692 
 -0.199804 -0.087231 -0.068811 
 -0.047949 0.624940 0.069534 
 0.183401 0.509643 -0.088881 
 -0.280023 0.817094 0.082153 
 -0.299694 0.720644 0.067519 
 0.234962 0.402537 -0.072683 
 -0.014766 0.457694 0.006446 
 0.559168 -0.047354 0.073219 
 0.614961 -0.091400 0.179645 
 0.295310 0.261817 -0.044426 
 0.174256 0.275025 -0.097455 
 0.154864 -0.713016 0.029383 
 -0.068095 -0.259591 -0.063826 
 -0.155964 -0.001627 -0.068412 
 -0.029505 0.489230 0.024210 
 -0.238900 0.542169 -0.024660 
 -0.130797 0.794579 0.106785 
 -0.224736 -0.555178 -0.004930 
 -0.289577 -0.156316 -0.057487 
 -0.262487 0.053211 -0.081892 
 -0.321476 0.426415 -0.052106 
 -0.341697 0.687969 0.057106 
 0.333238 -0.356773 -0.001324 
 -0.426456 -0.670895 0.064603 
 0.108312 0.466350 -0.088827 
 -0.226926 0.458209 -0.032342 
 0.494730 -0.125834 0.086612 
 0.062487 0.698273 0.131208 
 -0.038027 -0.248979 -0.056974 
 0.201352 0.055419 -0.133272 
 -0.541460 -0.607700 0.135376 
 0.202448 0.055419 -0.133271 
 0.427261 -0.424909 0.108868 
 -0.353248 0.720773 0.058566 
 0.300518 0.037751 -0.150300 
 -0.057317 0.551196 0.059750 
 -0.292993 -0.252973 0.013481 
 -0.306836 -0.441222 0.026271 
 -0.222402 0.315062 0.004372 
 -0.129604 -0.209090 -0.035389 
 -0.312112 0.447740 -0.048093 
 0.226225 -0.154564 -0.083546 
 0.141736 -0.586442 -0.026850 
 -0.399174 0.058287 -0.054732 
 0.658659 -0.156241 0.265586 
 0.509022 0.039637 -0.113478 
 0.520014 -0.231424 0.147625 
 0.138379 0.074878 -0.210508 
 0.458877 -0.015303 -0.128417 
 -0.284065 0.063384 -0.084588 
 -0.344102 -0.196797 -0.005880 
 0.019871 0.117424 -0.142451 
 -0.285324 0.240196 -0.014989 
 0.050977 0.588475 -0.001357 
 0.128990 0.828596 0.123455 
 -0.071242 0.332617 -0.050461 
 0.559842 -0.047354 0.073219 
 -0.403308 -0.036646 0.018536 
 -0.047171 -0.746944 -0.012144 
 -0.021072 -0.697929 -0.034520 
 0.255360 -0.048306 -0.134912 
 -0.197774 0.468807 -0.024867 
 0.342555 -0.599706 0.091325 
 -0.354408 -0.218318 -0.008725 
 -0.239616 -0.254083 0.024825 
 -0.411847 -0.166387 0.003340 
 -0.119439 0.709458 0.099688 
 0.105672 -0.327492 -0.005616 
 -0.062296 0.084194 -0.042257 
 -0.260205 0.554685 -0.027356 
 -0.279883 0.817300 0.082153 
 -0.297810 -0.365485 0.036145 
 -0.168608 0.582168 0.009467 
 -0.175993 0.618207 -0.005375 
 -0.046797 -0.215251 -0.071729 
 0.079339 -0.661986 -0.046211 
 -0.018510 -0.004422 -0.111602 
 -0.048711 -0.269744 -0.061127 
 -0.309973 0.699099 0.063994 
 -0.455523 -0.555998 0.105435 
 -0.412448 0.121476 0.068433 
 0.217506 -0.377060 -0.024580 
 0.194040 0.742719 0.125522 
 -0.416546 -0.277995 0.023959 
 0.273834 -0.525251 0.037285 
 -0.322512 0.785168 0.071090 
 0.517726 -0.341249 0.152656 
 0.094206 0.214141 -0.135530 
 0.369936 -0.276288 0.047889 
 0.396888 -0.036220 -0.141924 
 0.523190 -0.173248 0.120569 
 0.205449 0.392036 -0.079581 
 -0.101963 0.392499 0.002236 
 0.122991 0.864171 0.092108 
 -0.059256 -0.660730 -0.005283 
 -0.402724 -0.036963 0.018536 
 0.142927 -0.793531 0.035726 
 -0.176749 0.618207 -0.003673 
 0.096431 -0.730884 -0.016650 
 -0.514124 -0.202730 0.014493 
 -0.319052 0.050987 -0.075249 
 0.207295 0.006375 -0.171393 
 -0.228784 0.458209 -0.031711 
 0.076045 -0.434826 0.045286 
 0.507283 0.142589 -0.101225 
 0.099118 0.710799 0.104259 
 0.161356 -0.489636 -0.012820 
 -0.361430 -0.074330 -0.028680 
 0.277667 -0.468486 0.011066 
 0.284009 -0.354309 -0.027142 
 0.317730 -0.029363 -0.121605 
 -0.256570 0.287484 -0.055350 
 0.151938 -0.564631 -0.022686 
 0.561114 -0.047666 0.073219 
 0.232718 -0.613022 0.020450 
 -0.177317 -0.354150 -0.025338 
 -0.088590 -0.504792 -0.025755 
 0.574026 -0.341379 0.162295 
 -0.435625 0.006265 0.017279 
 -0.282573 -0.614634 0.011985 
 -0.046478 0.108674 -0.070641 
 -0.174483 0.870768 0.106993 
 -0.041168 -0.566408 0.026713 
 -0.154202 -0.107041 -0.079610 
 0.668102 -0.190243 0.281230 
 -0.529171 -0.694548 0.128140 
 -0.108577 0.443385 0.038222 
 -0.316693 -0.055355 -0.086462 
 0.260799 -0.290207 -0.024239 
 -0.031591 0.187985 -0.093451 
 -0.299694 0.721738 0.068168 
 0.086212 0.851159 0.118042 
 0.212328 0.023821 -0.134707 
 -0.005043 0.479019 0.010594 
 -0.355297 -0.164451 -0.003381 
 -0.190594 0.272973 0.005622 
 -0.392940 -0.343620 0.021018 
 0.160509 -0.436050 -0.007281 
 0.060234 -0.119371 -0.126535 
 -0.272179 0.639072 -0.020306 
 -0.068672 -0.734993 -0.013311 
 0.360982 0.164014 -0.125181 
 -0.102238 -0.639079 -0.008917 
 -0.081398 0.435204 0.009053 
 -0.376641 0.371791 -0.051933 
 -0.183965 0.795577 0.096708 
 0.378397 -0.419969 0.067412 
 0.202999 0.392036 -0.079581 
 0.201788 0.708681 0.157300 
 -0.200128 -0.235899 -0.016781 
 -0.009854 0.230744 -0.101475 
 0.252069 -0.364907 -0.033985 
 0.174372 0.100233 -0.167096 
 0.062841 -0.210690 -0.085117 
 0.273994 0.749459 0.175251 
 -0.043403 -0.633930 -0.031598 
 0.120115 -0.521685 -0.023936 
 0.413136 -0.615964 0.137282 
 0.306996 -0.669915 0.112626 
 0.190376 0.088244 -0.131835 
 -0.485367 0.040570 0.096861 
 -0.203940 0.002893 -0.110352 
 0.247418 -0.164611 -0.080865 
 -0.237006 0.436884 -0.035858 
 0.303606 0.213606 -0.097774 
 0.580115 -0.265892 0.172144 
 -0.286467 0.546070 -0.066715 
 -0.110062 -0.398447 -0.084671 
 -0.308555 -0.718062 0.030085 
 0.140126 0.796118 0.121998 
 -0.076154 -0.008062 -0.088983 
 -0.162520 0.784779 0.101133 
 0.001690 -0.477738 0.026909 
 -0.506534 -0.651171 0.136653 
 -0.057999 0.784520 0.119100 
 -0.244593 -0.597776 -0.013312 
 0.262828 0.783392 0.176712 
 -0.012677 -0.257513 -0.070484 
 0.151104 -0.511593 -0.017065 
 0.017030 -0.044200 -0.126607 
 -0.274012 -0.484284 0.027532 
 -0.209000 -0.531085 -0.016871 
 0.149153 -0.253483 -0.075486 
 -0.036813 0.593695 0.068077 
 0.274146 0.272473 -0.045813 
 0.119302 0.435749 -0.090265 
 -0.105402 0.893484 0.087191 
 -0.155778 0.732196 0.061622 
 -0.394502 0.022455 -0.022758 
 -0.272227 -0.591610 0.016187 
 -0.413773 0.431901 -0.136153 
 -0.296653 0.274004 -0.013532 
 -0.664781 -0.562337 0.186471 
 0.045859 -0.771578 0.020638 
 0.374843 -0.478647 0.093860 
 -0.455002 -0.665137 0.093987 
 0.177776 -0.505439 0.021863 
 0.585750 -0.098720 0.139981 
 0.137313 -0.318109 0.001254 
 0.569328 0.068477 0.002140 
 -0.376169 0.479919 -0.056181 
 0.196173 -0.367547 -0.027280 
 0.358799 -0.243906 0.049346 
 -0.345276 0.311990 -0.102701 
 0.398955 -0.377039 0.077135 
 0.171608 -0.468228 -0.007737 
 0.413597 -0.350932 0.049575 
 0.091543 -0.108842 -0.119838 
 0.413597 -0.351212 0.047681 
 0.236383 -0.131256 -0.079421 
 0.101515 0.657213 0.099722 
 0.015145 -0.343871 0.010356 
 -0.482816 -0.714220 0.117619 
 -0.413932 0.431714 -0.136153 
 -0.334212 -0.654664 0.049120 
 0.060342 0.202011 -0.128444 
 -0.345044 -0.456485 0.051569 
 0.425539 -0.164600 0.036313 
 0.599366 -0.227073 0.215155 
 0.272955 0.272473 -0.045853 
 -0.005172 0.603885 0.074132 
 -0.054536 0.303033 -0.084994 
 -0.376798 -0.153625 -0.007108 
 0.188942 -0.537701 0.021506 
 0.448418 -0.546976 0.117661 
 0.175292 0.915572 0.107266 
 -0.509868 -0.293721 0.039561 
 0.031769 -0.698493 -0.024918 
 -0.052532 -0.381947 -0.037603 
 -0.148179 0.913954 0.082648 
 0.479605 -0.067369 -0.045438 
 -0.145670 -0.236029 -0.007638 
 0.406251 -0.577101 0.106555 
 -0.108577 0.443465 0.038931 
 0.142645 0.265268 -0.104236 
 -0.484871 -0.029759 0.037922 
 0.153286 -0.035796 -0.100855 
 0.271891 -0.322258 -0.025442 
 0.049674 0.356415 -0.060447 
 -0.293483 0.650430 -0.023002 
 0.296311 -0.691387 0.108424 
 0.177776 -0.505439 0.023927 
 0.037943 -0.736378 0.006381 
 -0.225968 0.763444 0.086510 
 0.119302 0.434548 -0.089059 
 -0.301659 0.828097 0.079440 
 0.439184 -0.238008 0.098443 
 0.168720 0.378778 -0.053682 
 -0.006216 -0.617830 -0.057949 
 -0.301041 0.828097 0.079440 
 0.243157 0.685889 0.162728 
 -0.241182 0.041086 -0.079196 
 -0.138087 -0.338871 -0.048487 
 -0.238464 0.382145 -0.025209 
 0.281038 0.345260 -0.020652 
 0.488867 -0.004845 -0.122552 
 -0.136409 0.488779 0.005107 
 0.342346 -0.185814 -0.065602 
 0.206624 -0.771968 0.050048 
 -0.020836 -0.167896 -0.097877 
 0.163947 0.590512 -0.031435 
 -0.255800 0.288551 -0.055350 
 0.152399 0.710670 0.114920 
 -0.184191 0.098664 -0.096495 
 0.632190 -0.270413 0.212780 
 -0.569503 -0.670241 0.106081 
 -0.552871 -0.217711 0.038595 
 -0.328163 0.191588 -0.078784 
 0.079339 -0.660906 -0.046758 
 -0.036813 0.592490 0.068077 
 -0.222235 0.261476 -0.001579 
 -0.282516 -0.560192 0.017658 
 -0.455632 -0.459293 0.048281 
 0.354231 -0.521688 0.087194 
 -0.525221 0.064146 0.075158 
 0.236575 0.121602 -0.153590 
 -0.042517 -0.686845 -0.037234 
 0.086567 0.582699 -0.080404 
 0.343925 -0.543445 0.082121 
 0.032468 -0.221260 -0.091942 
 0.098959 -0.564398 -0.032263 
 0.433236 -0.060405 -0.103928 
 0.209500 -0.494772 0.030388 
 -0.018922 -0.520443 0.018917 
 0.293473 0.124893 -0.176831 
 0.070379 -0.098776 -0.122692 
 -0.322930 -0.685654 0.047650 
 0.237260 -0.186289 -0.084990 
 -0.191479 0.325702 0.012115 
 0.489695 -0.460570 0.134425 
 0.394692 0.016453 -0.136368 
 -0.182401 -0.304572 0.012637 
 0.582768 -0.211955 0.177802 
 0.333622 -0.151850 -0.083359 
 0.405361 -0.524350 0.113157 
 -0.427264 -0.616279 0.070312 
 -0.022309 0.260451 -0.083756 
 -0.157706 -0.434060 -0.064742 
 -0.117582 -0.295684 -0.042467 
 -0.505583 -0.539095 0.132071 
 -0.023276 0.868665 0.184918 
 0.575471 -0.119591 0.135509 
 0.137313 -0.318018 0.001254 
 0.439384 0.102878 -0.152747 
 0.395458 0.190618 -0.068077 
 -0.555556 -0.056463 0.056832 
 0.229282 -0.300805 -0.030998 
 0.026211 -0.131952 -0.117640 
 0.272772 -0.375634 -0.031693 
 0.050154 0.784261 0.139457 
 -0.074852 0.261608 -0.093245 
 0.600259 -0.279036 0.207589 
 -0.218300 0.479533 -0.027563 
 0.277667 -0.468486 0.009446 
 -0.339328 -0.397828 0.025010 
 0.440456 0.104147 -0.152747 
 0.322424 -0.532384 0.080822 
 -0.036813 0.594159 0.068077 
 -0.098992 -0.472530 -0.024294 
 -0.079590 0.614783 0.062016 
 0.143182 -0.202888 -0.036268 
 0.072888 0.171915 -0.143737 
 -0.259364 -0.350138 0.010762 
 -0.342448 0.168619 -0.066737 
 0.456400 -0.252367 0.133812 
 0.205962 -0.718031 0.055214 
 -0.341899 0.383766 -0.061266 
 -0.359935 0.250368 -0.027273 
 -0.466942 -0.577800 0.099916 
 -0.126791 0.904253 0.084785 
 -0.449079 -0.604383 0.067563 
 -0.303695 0.629191 -0.027491 
 -0.119351 -0.188881 -0.032405 
 0.249705 -0.258156 -0.021628 
 0.458738 -0.524076 0.121852 
 0.378213 0.030753 -0.172056 
 0.446638 -0.438154 0.129663 
 -0.531230 -0.228607 0.041088 
 0.203408 0.815738 0.135738 
 0.008248 0.698402 0.121606 
 -0.581513 -0.568073 0.166212 
 -0.249632 -0.086145 -0.094684 
 0.353241 0.212887 -0.071977 
 0.143270 0.090805 -0.173631 
 0.235666 0.509516 -0.078808 
 0.164138 0.254640 -0.102228 
 -0.226388 0.458209 -0.031711 
 -0.255645 0.357139 0.003123 
 -0.211079 0.659986 0.009674 
 -0.032467 0.239839 -0.086233 
 0.256747 0.498902 -0.074853 
 -0.200345 -0.509564 -0.013836 
 -0.022686 0.687734 0.117089 
 -0.451571 -0.496483 0.078982 
 0.395562 -0.036220 -0.143059 
 0.050154 0.784261 0.138169 
 0.304391 0.092001 -0.178260 
 0.048220 -0.386668 0.011609 
 -0.514283 -0.202730 0.014504 
 0.468485 -0.338826 0.125421 
 -0.178280 -0.192773 -0.008432 
 0.123689 -0.682444 -0.040798 
 0.130759 0.721439 0.111634 
 0.256730 0.165397 -0.145404 
 0.141011 0.743405 0.116377 
 0.037763 0.441419 -0.052695 
 -0.016948 -0.313166 -0.059881 
 -0.103199 -0.270203 -0.070679 
 0.165528 -0.693596 0.033568 
 0.467276 -0.394131 0.137358 
 0.250444 0.598957 0.187662 
 0.010652 -0.688413 -0.027632 
 0.119463 -0.521685 -0.025447 
 0.182710 0.227654 -0.151455 
 0.532987 -0.371302 0.134281 
 -0.237617 -0.744202 0.006104 
 0.235374 -0.446948 0.005003 
 -0.233930 -0.412526 -0.009034 
 0.549830 -0.222665 0.169121 
 0.528801 -0.265762 0.162504 
 -0.466628 0.121607 0.058203 
 0.143030 0.265268 -0.105110 
 0.252389 -0.516791 0.034571 
 -0.341554 0.170551 -0.066737 
 0.012363 -0.210561 -0.094631 
 0.011778 0.273143 -0.093235 
 -0.099958 0.625552 0.059957 
 0.280273 -0.099132 -0.084786 
 0.289833 0.069380 -0.149701 
 -0.099837 -0.377204 -0.081891 
 0.327689 -0.626571 0.119922 
 -0.204643 -0.145806 -0.042052 
 0.225562 0.488416 -0.081925 
 0.300099 0.742460 0.145861 
 -0.422794 0.101159 0.063665 
 0.408365 0.093717 -0.159335 
 -0.244593 -0.598089 -0.013312 
 -0.416042 -0.651274 0.068832 
 0.132912 0.244308 -0.108345 
 0.092884 -0.516195 0.005765 
 -0.033124 -0.612375 -0.027341 
 -0.399174 0.057626 -0.055169 
 -0.178945 -0.520390 -0.009964 
 -0.533186 -0.489942 0.098650 
 0.237260 -0.185558 -0.083633 
 -0.507415 -0.090640 -0.006401 
 -0.270128 0.031333 -0.086039 
 -0.034486 0.900173 0.186385 
 -0.201614 0.180604 -0.057008 
 0.032725 -0.221260 -0.092355 
 -0.309114 0.124472 -0.065491 
 -0.298117 0.325960 -0.007911 
 -0.115419 -0.663313 0.000972 
 0.296650 -0.691868 0.108424 
 0.088706 -0.585915 -0.036427 
 -0.312140 0.339569 -0.043066 
 -0.127957 -0.061169 -0.101708 
 -0.399012 -0.402419 0.047566 
 0.099168 -0.771708 0.030277 
 -0.205476 -0.145806 -0.042052 
 0.072205 0.400218 -0.068515 
 -0.425347 -0.026123 0.015812 
 0.179411 0.648771 0.079236 
 -0.062941 0.176202 -0.100623 
 -0.119351 -0.188881 -0.030352 
 0.080944 -0.758029 0.010405 
 -0.509262 -0.239502 0.045248 
 -0.267331 0.157750 -0.056186 
 -0.203550 -0.294096 0.009916 
 0.437693 -0.099081 -0.055001 
 -0.376945 -0.632844 0.043642 
 -0.426456 -0.670708 0.064571 
 0.120128 -0.628857 -0.035177 
 -0.149276 0.233851 -0.043552 
 0.406406 -0.151651 0.017027 
 0.438517 0.156680 -0.147596 
 0.098347 -0.499518 0.042357 
 -0.112565 -0.552866 -0.001802 
 -0.223783 -0.555178 -0.004930 
 -0.283792 0.063384 -0.083534 
 -0.493318 0.075391 0.082109 
 -0.025676 0.561068 0.068021 
 -0.234979 -0.522790 -0.003463 
 -0.417542 0.286381 -0.069311 
 0.136139 0.368250 -0.060548 
 -0.235164 -0.523595 -0.003463 
 0.401718 -0.637570 0.133426 
 -0.092841 -0.563691 0.000789 
 0.247251 0.195898 -0.143972 
 -0.506456 -0.018891 0.034860 
 0.038421 -0.257641 -0.059835 
 0.194046 0.530743 -0.083413 
 -0.088603 0.183610 -0.070435 
 -0.237547 0.436884 -0.035858 
 0.192112 -0.425410 -0.000491 
 0.329880 0.155294 -0.133330 
 -0.034220 -0.612375 -0.027424 
 -0.476680 -0.282956 0.046075 
 -0.222235 0.260894 -0.001249 
 0.020670 0.011731 -0.153545 
 0.383832 -0.513511 0.109073 
 0.024080 -0.542130 0.024359 
 0.010598 -0.157326 -0.088895 
 -0.166176 -0.023152 -0.072560 
 0.094206 0.212027 -0.135530 
 0.338106 -0.094802 -0.107931 
 0.332730 -0.512140 0.083586 
 -0.200345 -0.509564 -0.013576 
 -0.058936 -0.291685 -0.066464 
 0.246185 0.797778 0.141151 
 0.480267 -0.536668 0.124576 
 0.284163 -0.042350 -0.111835 
 0.326789 -0.063046 -0.106493 
 -0.144641 0.700295 0.060165 
 0.231898 -0.613022 0.020586 
 0.167059 0.188858 -0.192752 
 0.455157 0.142716 -0.111694 
 0.283295 0.104527 -0.180913 
 0.602317 -0.168857 0.186460 
 0.369936 -0.274717 0.047889 
 0.569627 -0.409335 0.103454 
 0.553054 -0.162521 0.127457 
 0.433236 -0.059913 -0.103928 
 0.056405 -0.027704 -0.168564 
 0.404470 -0.471010 0.117870 
 -0.282573 -0.614270 0.012858 
 -0.155949 -0.257493 -0.012264 
 0.333135 -0.004464 -0.149905 
 0.184513 -0.607578 -0.021463 
 0.183401 0.509643 -0.087645 
 -0.201963 0.880157 0.136934 
 -0.012407 0.710293 0.118892 
 -0.198053 0.628903 -0.008071 
 0.204906 0.164395 -0.154818 
 0.366429 0.115359 -0.164789 
 0.245301 0.849762 0.146103 
 -0.325640 0.100975 -0.034655 
 -0.086088 0.720126 0.106576 
 0.131136 0.508862 -0.096956 
 -0.153627 -0.107727 -0.079610 
 -0.519067 -0.314508 0.035348 
 -0.538845 -0.590524 0.171760 
 0.078754 -0.132154 -0.107888 
 -0.529171 -0.694942 0.126930 
 -0.016591 -0.057517 -0.117171 
 0.055914 -0.028726 -0.168564 
 -0.212867 0.336471 0.008554 
 -0.328294 0.262918 -0.020403 
 0.352504 -0.164602 -0.061883 
 0.242215 0.616121 0.087334 
 -0.409967 -0.424080 0.045666 
 0.072485 0.719737 0.135607 
 0.405158 -0.109609 -0.063155 
 -0.480422 -0.282956 0.046512 
 0.613527 -0.200003 0.184717 
 -0.207904 -0.054549 -0.083550 
 -0.008616 -0.499258 0.022675 
 -0.322477 -0.467664 0.054307 
 -0.509357 -0.459441 0.038578 
 0.313265 0.302708 -0.019052 
 -0.269536 0.479662 -0.037731 
 -0.125276 -0.574387 -0.005987 
 -0.127957 -0.061169 -0.102428 
 -0.341554 0.168619 -0.065965 
 -0.189579 -0.066903 -0.064787 
 -0.046064 -0.472659 -0.014816 
 0.144017 -0.108970 -0.110277 
 0.319660 0.267885 0.012710 
 0.462449 -0.190302 0.074121 
 -0.215323 0.211300 -0.039328 
 -0.628623 -0.534380 0.228304 
 0.467676 -0.448994 0.131701 
 0.367228 -0.500167 0.090492 
 -0.016271 -0.313166 -0.060534 
 0.039234 0.213869 -0.128686 
 -0.065969 0.013206 -0.083581 
 -0.198573 0.018971 -0.073804 
 0.241271 0.421018 -0.035966 
 0.569627 -0.409431 0.103454 
 0.383832 -0.513511 0.108467 
 -0.121287 0.172605 -0.077260 
 -0.077395 -0.483327 -0.021580 
 0.305055 -0.516496 0.044173 
 0.436138 -0.004718 -0.131078 
 0.442585 -0.177962 0.071414 
 0.019343 0.170383 -0.136904 
 -0.331099 -0.268067 0.041601 
 0.133999 -0.430118 0.021357 
 -0.343319 0.276742 -0.055525 
 0.448418 -0.544629 0.117661 
 0.046492 -0.771578 0.022982 
 0.097667 -0.499518 0.042357 
 -0.238911 -0.197057 0.014310 
 -0.310325 0.806633 0.075265 
 -0.222235 0.262437 -0.001249 
 0.005019 -0.121282 -0.120349 
 0.168503 -0.011097 -0.129300 
 -0.121404 0.869924 0.116595 
 0.507283 0.142363 -0.102428 
 0.022935 -0.542430 0.024359 
 0.218547 0.840660 0.107059 
 0.142973 -0.639626 -0.032471 
 -0.173686 0.816780 0.101357 
 -0.247684 -0.124268 -0.045159 
 -0.140778 0.077268 -0.090474 
 0.274146 0.272603 -0.045853 
 0.039070 -0.109268 -0.129490 
 0.236095 0.509516 -0.078078 
 -0.360610 -0.074330 -0.028680 
 -0.537853 0.096704 0.076632 
 0.061601 0.751999 0.136843 
 0.039875 0.762796 0.134330 
 -0.239563 0.668757 0.039698 
 0.186989 0.832398 0.100207 
 0.457097 -0.154147 0.042904 
 0.163839 -0.596809 -0.024143 
 -0.485367 0.040243 0.096789 
 -0.242063 0.095306 -0.074603 
 0.142757 -0.639626 -0.032471 
 -0.237134 0.795906 0.087581 
 0.106710 -0.709420 -0.012064 
 -0.225968 0.762102 0.086120 
 -0.065378 0.013206 -0.084498 
 -0.364270 0.753035 0.060027 
 -0.357099 0.090335 -0.044135 
 0.308582 0.872787 0.160513 
 0.177776 -0.505439 0.023317 
 0.110095 -0.596680 -0.034890 
 -0.409072 -0.478298 0.036724 
 -0.379839 -0.692585 0.070102 
 -0.456511 0.196627 0.068077 
 -0.013027 0.335427 -0.074061 
 0.212998 0.572943 -0.075206 
 0.450350 -0.269715 0.097018 
 0.291823 -0.279609 -0.017396 
 0.402790 -0.637489 0.133426 
 0.073627 0.666011 0.129747 
 0.180091 -0.339646 0.005074 
 -0.065969 0.013206 -0.083154 
 0.087203 0.477520 -0.091498 
 -0.201720 -0.619955 -0.007863 
 0.026089 -0.131952 -0.117377 
 0.165164 0.026888 -0.176714 
 -0.417839 -0.540105 0.080134 
 -0.549478 0.019011 0.083243 
 0.559150 -0.255053 0.169420 
 -0.279726 -0.393236 0.002403 
 0.101688 -0.086898 -0.115894 
 -0.038243 -0.048169 -0.119853 
 0.196173 -0.366026 -0.027280 
 0.002509 0.198718 -0.102917 
 -0.133135 0.435333 -0.000499 
 -0.439663 0.074781 0.091369 
 -0.043208 -0.566408 0.026713 
 -0.062941 0.175109 -0.100258 
 0.137670 0.582572 -0.070953 
 -0.019680 0.101143 -0.100464 
 0.450302 0.072051 -0.154176 
 0.270153 0.027292 -0.157887 
 0.099994 -0.564502 -0.032263 
 0.143270 0.090497 -0.173849 
 -0.222235 0.261476 -0.000988 
 0.393865 0.016453 -0.136399 
 -0.186134 0.668628 0.049131 
 -0.348352 0.524930 -0.080318 
 -0.140740 0.773982 0.102610 
 -0.306905 0.250965 -0.018118 
 -0.205622 0.447482 -0.029379 
 0.573319 -0.024101 0.061958 
 -0.006760 0.124610 -0.112599 
 -0.257692 0.752776 0.077427 
 0.164306 -0.066533 -0.102297 
 -0.274338 -0.171246 -0.024346 
 0.599376 0.038056 0.089831 
 0.052360 -0.480342 0.054195 
 0.062207 0.700652 0.131208 
 0.647870 -0.231482 0.255686 
 0.233280 0.935632 0.153850 
 0.104830 0.357842 -0.067279 
 0.242009 0.956935 0.158014 
 -0.305059 0.629191 -0.027150 
 -0.321139 0.731441 0.065351 
 0.188126 0.245574 -0.115216 
 -0.167258 0.585059 0.009467 
 -0.079590 0.615012 0.062664 
 -0.492795 0.074912 0.082109 
 -0.333776 -0.489109 0.050095 
 -0.244593 -0.597633 -0.013312 
 0.081190 0.366984 -0.053639 
 -0.151842 0.109234 -0.089861 
 0.580788 -0.158613 0.183459 
 -0.495108 0.182764 0.093483 
 0.382006 0.153429 -0.123446 
 -0.141962 0.827709 0.108204 
 0.406384 -0.109296 -0.063155 
 -0.110347 0.550557 0.047783 
 -0.067856 0.924236 0.131832 
 -0.531884 -0.530601 0.145174 
 -0.364652 0.286252 -0.056054 
 -0.320718 -0.630319 0.036790 
 -0.536602 -0.138041 0.017445 
 0.324328 0.840387 0.125992 
 0.196173 -0.367127 -0.027620 
 -0.252894 -0.181498 -0.020747 
 0.109960 -0.270256 -0.032472 
 0.070229 -0.098186 -0.122692 
 0.253166 0.283129 -0.048531 
 -0.138087 -0.338871 -0.049614 
 -0.306733 0.557253 -0.069404 
 -0.233372 0.293653 0.000151 
 0.255266 -0.776787 0.091616 
 -0.339659 -0.397828 0.024539 
 0.199057 0.055419 -0.133271 
 0.523597 -0.020172 0.018710 
 0.074343 -0.190197 -0.080981 
 -0.016468 -0.638870 -0.061202 
 0.041526 -0.677028 -0.020744 
 -0.043765 -0.103963 -0.092977 
 -0.309596 0.394364 -0.053692 
 -0.124487 -0.478222 -0.063493 
 0.075741 0.066480 -0.154817 
 -0.528545 -0.391262 0.027588 
 -0.095150 0.914892 0.090641 
 0.122852 -0.098314 -0.114463 
 0.190901 -0.425410 -0.000411 
 0.261120 0.357338 -0.038849 
 0.603350 -0.112921 0.174983 
 -0.212433 0.588479 -0.048537 
 0.335410 0.104401 -0.171671 
 0.126679 0.104907 -0.209079 
 0.279645 -0.208382 -0.079627 
 -0.015250 0.816653 0.130163 
 0.049214 -0.086014 -0.125370 
 -0.209797 0.428774 -0.067436 
 -0.238019 0.489606 -0.030259 
 -0.338064 0.546199 -0.076229 
 -0.331418 0.710027 0.061280 
 -0.025671 -0.757769 -0.008805 
 -0.021072 -0.700063 -0.034520 
 -0.008616 -0.498269 0.023103 
 -0.487252 -0.101480 -0.003676 
 -0.208046 0.607609 -0.012218 
 0.415438 0.005868 -0.133738 
 -0.277090 0.620574 -0.056995 
 0.243604 0.956935 0.158014 
 0.613014 -0.091400 0.179645 
 0.111668 -0.365595 0.025191 
 0.183425 -0.281588 -0.020220 
 0.554488 -0.381198 0.137581 
 0.266337 -0.029235 -0.130808 
 0.085416 0.261765 -0.081081 
 -0.204347 0.109363 -0.099184 
 -0.493432 -0.160425 0.022907 
 -0.536063 -0.137785 0.017445 
 -0.230090 0.009569 -0.080648 
 0.331345 -0.567318 0.093841 
 0.088628 -0.258743 -0.035171 
 0.172425 0.539314 -0.086081 
 -0.413050 0.175554 0.073540 
 0.012654 0.222839 -0.098797 
 0.102536 0.640944 0.013741 
 0.067895 0.540237 -0.104959 
 -0.125061 0.510131 0.010004 
 -0.441701 -0.051495 0.044605 
 -0.407883 0.307733 -0.063623 
 0.405673 -0.524350 0.112212 
 -0.165678 0.424721 -0.007352 
 0.175000 0.915025 0.107266 
 0.122852 -0.097801 -0.113216 
 0.549012 0.026052 -0.006673 
 0.005415 -0.747074 -0.000963 
 0.206624 -0.770395 0.049557 
 -0.362323 0.341117 -0.067489 
 0.107601 0.839381 0.119946 
 -0.392098 -0.069351 0.018796 
 -0.136317 -0.446044 -0.061107 
 -0.355310 -0.643754 0.046384 
 0.018983 0.773594 0.131416 
 -0.417542 0.286381 -0.068415 
 0.467276 -0.395056 0.136415 
 -0.199725 -0.181865 -0.011145 
 0.015610 -0.343871 0.010033 
 -0.193237 -0.124397 -0.037888 
 -0.423056 -0.135912 0.004497 
 -0.397974 0.380830 -0.053864 
 0.510334 -0.416735 0.144194 
 -0.086133 0.665491 0.100941 
 -0.024459 0.795188 0.125478 
 -0.352129 -0.681778 0.077080 
 0.246059 0.195898 -0.143972 
 -0.234200 -0.006889 -0.117177 
 -0.367164 -0.611365 0.047860 
 -0.115610 0.531484 0.013412 
 0.188613 0.367694 -0.051004 
 0.346327 0.072856 -0.174784 
 0.142927 -0.793272 0.035726 
 -0.255688 0.287484 -0.055350 
 -0.133521 0.381887 -0.007155 
 -0.189260 0.650258 -0.003924 
 0.473341 -0.116514 0.083905 
 0.643067 -0.194731 0.224397 
 -0.310860 0.752906 0.068873 
 0.457097 -0.153988 0.042245 
 0.145278 0.621381 0.019119 
 -0.293122 -0.011316 -0.094777 
 0.288078 0.829263 0.152185 
 -0.075275 -0.061298 -0.094452 
 -0.203013 -0.348747 0.004266 
 0.115693 0.325881 -0.068721 
 -0.289774 0.221936 -0.051579 
 0.158459 -0.178979 -0.064607 
 0.260750 0.620478 0.191504 
 0.106051 -0.030780 -0.144535 
 0.266750 -0.338941 -0.062365 
 0.081024 0.366860 -0.053639 
 -0.116147 -0.456813 -0.059329 
 -0.335231 -0.654664 0.049126 
 0.246950 -0.685772 0.066321 
 0.551611 -0.330539 0.159841 
 0.566215 0.011666 0.028833 
 0.374403 -0.588674 0.099639 
 0.030003 0.368505 -0.079433 
 -0.067799 -0.736118 -0.013311 
 0.446685 -0.438154 0.128976 
 0.521544 -0.449033 0.141340 
 -0.046406 0.518251 0.058293 
 0.216421 0.592098 -0.021958 
 -0.078000 0.383123 -0.012839 
 -0.469169 -0.332621 0.009043 
 -0.064055 -0.623042 -0.034312 
 0.111175 -0.365595 0.025385 
 -0.312295 -0.186102 0.002460 
 0.444210 0.174346 -0.110503 
 -0.229394 0.009880 -0.080648 
 -0.481301 -0.246071 0.015497 
 0.127462 0.104907 -0.209618 
 -0.454700 -0.664486 0.093987 
 0.243403 0.582317 -0.052050 
 0.376528 0.083286 -0.166218 
 0.257417 -0.143134 -0.076739 
 -0.201963 0.880157 0.138218 
 -0.355297 -0.163497 -0.003479 
 -0.198573 0.021157 -0.073804 
 0.289727 -0.185686 -0.075501 
 0.279512 -0.675063 0.073236 
 -0.497426 -0.326278 0.036682 
 -0.148339 -0.360601 -0.054958 
 0.541802 -0.032906 0.054146 
 0.539511 -0.244213 0.166038 
 0.054956 -0.424000 0.042565 
 -0.333907 0.817430 0.072551 
 -0.333192 0.815908 0.072551 
 0.074396 0.294169 -0.079536 
 0.541292 -0.351280 0.155380 
 -0.427354 -0.616279 0.070063 
 -0.533915 -0.065951 0.059938 
 -0.239302 0.382145 -0.024946 
 -0.149586 0.359499 0.022276 
 0.014407 -0.563951 0.020173 
 -0.091952 -0.617559 -0.005144 
 0.414790 -0.448864 0.122381 
 -0.101963 0.392495 0.000747 
 -0.254382 0.826420 0.123994 
 -0.206456 -0.418544 -0.038106 
 0.349680 -0.318625 0.039562 
 -0.101368 -0.693738 -0.014567 
 -0.223464 0.890983 0.134613 
 0.349431 -0.319111 0.039562 
 0.245316 0.195898 -0.143972 
 -0.542126 -0.250268 0.038296 
 0.292073 0.313378 -0.023507 
 0.054688 0.076901 -0.157484 
 -0.408199 0.360230 -0.058017 
 -0.476680 -0.281697 0.046512 
 0.357839 -0.462898 0.057848 
 0.026751 0.420207 -0.057559 
 0.524597 -0.020843 0.018710 
 0.206392 0.499029 -0.084849 
 -0.392098 -0.069503 0.017070 
 0.078754 -0.133812 -0.107888 
 0.153558 0.446343 -0.099828 
 0.067895 0.540450 -0.104959 
 0.242819 -0.073419 -0.122792 
 0.106710 -0.709311 -0.012603 
 0.068548 -0.098186 -0.122692 
 -0.079402 0.901206 0.127658 
 0.194925 0.689339 0.120333 
 -0.131395 -0.389093 -0.088743 
 0.582569 -0.265892 0.170934 
 0.237445 0.070110 -0.159115 
 -0.203013 -0.347963 0.002215 
 0.184449 0.122307 -0.163165 
 0.122852 -0.098876 -0.113216 
 0.459628 -0.578676 0.116194 
 -0.328421 -0.430840 0.023540 
 -0.064694 0.282883 -0.089119 
 -0.194654 -0.124397 -0.037525 
 -0.581513 -0.569588 0.166212 
 -0.045017 0.752258 0.117332 
 0.228400 -0.246555 -0.025484 
 0.581197 -0.211955 0.177802 
 -0.081427 0.311561 -0.055131 
 0.449434 0.125135 -0.149539 
 -0.314521 -0.242133 0.012246 
 -0.602710 -0.626394 0.105350 
 -0.154822 0.554105 -0.008278 
 0.289178 -0.599576 0.084351 
 0.011116 0.449529 -0.024051 
 -0.421177 -0.708872 0.095259 
 0.001690 -0.480251 0.027288 
 0.019871 0.119595 -0.142451 
 -0.544288 -0.088257 0.055358 
 -0.030772 0.027460 -0.110158 
 -0.394961 -0.289241 0.026690 
 0.593297 -0.134442 0.171273 
 0.115413 0.680565 0.070544 
 0.005019 -0.121282 -0.119494 
 -0.016468 -0.637283 -0.061202 
 0.146559 0.389434 -0.056360 
 0.588298 -0.248678 0.209060 
 0.252389 -0.515273 0.034571 
 0.030991 0.815461 0.188900 
 0.006474 -0.747074 -0.000963 
 0.363327 -0.610546 0.095448 
 -0.335132 0.079567 -0.041429 
 -0.005431 0.479019 0.011094 
 0.021617 0.011731 -0.153486 
 -0.115108 0.030947 -0.057422 
 -0.539454 -0.662047 0.129630 
 -0.244145 -0.434047 -0.012476 
 -0.395399 -0.605472 0.077291 
 0.259469 -0.399349 -0.019181 
 0.143270 0.090805 -0.172139 
 0.016442 -0.725553 0.003319 
 0.055533 0.024088 -0.162296 
 0.330340 0.222502 -0.074648 
 0.515244 -0.136845 0.089318 
 -0.189237 -0.214434 -0.012606 
 -0.307132 0.072340 -0.071097 
 -0.203902 -0.295372 0.009916 
 -0.602710 -0.627079 0.105290 
 -0.395216 -0.605472 0.077060 
 -0.027505 -0.025635 -0.115728 
 -0.495330 -0.572548 0.130584 
 -0.058292 0.657601 0.070991 
 -0.185739 0.901477 0.108454 
 0.214682 0.185439 -0.151067 
 -0.504586 0.107824 0.083583 
 0.208731 -0.140938 -0.102503 
 -0.333776 -0.489181 0.050095 
 -0.381244 0.115711 0.022210 
 0.610589 -0.259546 0.211791 
 -0.505481 0.161687 0.090483 
 0.416570 -0.558432 0.110746 
 0.154549 0.872867 0.098904 
 0.092884 -0.514697 0.005765 
 -0.321139 0.731441 0.061733 
 0.117946 -0.007753 -0.155021 
 -0.184164 0.436756 -0.026319 
 -0.111981 0.246850 -0.067540 
 0.180091 -0.339646 0.005879 
 0.152421 0.446343 -0.099828 
 0.583586 -0.002777 0.065137 
 -0.125373 0.510131 0.009260 
 0.061626 0.432058 -0.066259 
 0.049758 0.233767 -0.124576 
 0.046814 -0.617508 -0.047461 
 0.509708 -0.253058 0.143439 
 0.127462 0.105515 -0.209079 
 0.281038 0.345260 -0.020559 
 -0.189854 -0.706281 -0.014988 
 -0.111102 0.194308 -0.072781 
 -0.577053 -0.263654 0.047435 
 -0.315498 -0.002459 -0.080856 
 0.547759 -0.126239 0.096189 
 0.205733 -0.717961 0.055214 
 0.072845 -0.491181 0.055841 
 -0.162906 0.141201 -0.086782 
 0.268539 -0.643418 0.074702 
 -0.167649 -0.551716 -0.011429 
 -0.285516 0.240196 -0.016394 
 -0.403774 0.452680 -0.132028 
 -0.325520 0.031631 -0.095579 
 -0.400506 -0.456637 0.041879 
 -0.003913 -0.289564 -0.071936 
 0.510281 -0.100671 0.058062 
 0.104847 -0.426163 0.068414 
 -0.484863 -0.550090 0.135067 
 0.574030 -0.395927 0.156638 
 -0.347029 0.111744 -0.038343 
 -0.202615 0.357879 0.013006 
 0.222076 0.627896 0.084635 
 0.119302 0.434036 -0.090265 
 0.052297 0.659036 0.057433 
 -0.083600 0.093456 -0.044980 
 0.196332 0.904832 0.109235 
 -0.325618 -0.524866 0.064733 
 0.240374 -0.332856 -0.033951 
 0.245164 0.956935 0.158014 
 0.118040 0.807203 0.119291 
 -0.047159 0.446297 -0.000397 
 0.406406 -0.150615 0.017027 
 -0.090727 0.648687 0.064121 
 0.238712 0.883350 0.115365 
 -0.422687 -0.133998 0.004497 
 -0.394500 0.421231 -0.133471 
 0.325874 -0.626571 0.121029 
 0.389158 -0.094929 -0.098480 
 0.390269 -0.094929 -0.098480 
 -0.057070 0.837620 0.124736 
 -0.078790 0.849044 0.122022 
 0.171570 0.608816 -0.010941 
 -0.176387 -0.043624 -0.076271 
 -0.214737 0.479533 -0.027563 
 -0.394068 -0.345093 0.021018 
 -0.382566 -0.376092 0.019547 
 -0.467416 -0.577800 0.101195 
 0.499402 -0.274688 0.139254 
 0.125995 0.346353 -0.064600 
 -0.206503 0.501049 -0.023416 
 -0.147670 0.020349 -0.064265 
 -0.514937 -0.148652 0.020176 
 -0.008511 0.230013 -0.101475 
 0.070989 0.048844 -0.190316 
 0.414790 -0.445538 0.122061 
 -0.454649 -0.458937 0.048281 
 -0.078706 0.559472 0.057043 
 0.234889 -0.446948 0.003939 
 -0.346144 0.060079 -0.045592 
 0.549830 -0.222294 0.170886 
 -0.200345 -0.509319 -0.012685 
 -0.383627 0.351844 -0.071987 
 0.280582 0.345260 -0.019809 
 -0.282201 -0.043367 -0.095786 
 0.250586 -0.311444 -0.028387 
 -0.022309 0.262703 -0.083756 
 -0.041642 -0.456087 0.021847 
 -0.605248 -0.685483 0.115583 
 -0.417336 -0.648963 0.068832 
 -0.067205 0.636192 0.066828 
 0.290756 0.243757 -0.079991 
 0.171767 0.806080 0.128868 
 0.132970 -0.225443 -0.040415 
 0.246969 0.530616 -0.073974 
 -0.111102 0.194211 -0.073124 
 -0.178844 -0.520390 -0.011183 
 0.296135 -0.221901 -0.044499 
 -0.111981 0.247543 -0.068497 
 -0.025854 0.436370 0.002319 
 0.144140 0.039582 -0.179374 
 -0.004170 -0.768594 -0.006025 
 0.126759 0.561444 -0.075062 
 0.509708 -0.252742 0.143303 
 -0.382829 -0.376009 0.019547 
 0.281361 0.663520 0.200827 
 -0.501901 -0.057501 0.066522 
 -0.298182 -0.696500 0.034298 
 0.329118 0.153556 -0.133330 
 0.225071 0.488416 -0.082182 
 -0.108215 -0.219623 -0.032682 
 0.028062 -0.660777 -0.055788 
 -0.058771 -0.129308 -0.064585 
 -0.256693 -0.511950 -0.005943 
 0.168576 0.378778 -0.053682 
 -0.058054 -0.345130 -0.071660 
 0.061480 0.202011 -0.126014 
 0.343436 -0.037457 -0.151337 
 0.282540 0.399706 -0.030763 
 -0.025201 -0.483457 -0.011978 
 0.207977 -0.289142 -0.033779 
 -0.090025 -0.302296 -0.072132 
 -0.158591 -0.381689 -0.059982 
 -0.077628 0.793664 0.116387 
 -0.254912 -0.620947 -0.017503 
 0.045429 0.002988 -0.166694 
 -0.100719 -0.325129 -0.076285 
 -0.322601 -0.207622 -0.002070 
 0.222439 -0.634487 0.016421 
 0.241901 0.421018 -0.035966 
 0.295153 -0.072622 -0.113274 
 -0.524720 0.064146 0.075158 
 -0.570932 -0.423688 0.015297 
 -0.018922 -0.520779 0.018876 
 0.015173 -0.628297 -0.054331 
 0.467276 -0.394506 0.137358 
 0.445968 -0.381867 0.118326 
 -0.244236 -0.433849 -0.012476 
 0.291667 0.685041 0.206944 
 -0.274012 -0.484509 0.029396 
 -0.111102 0.195217 -0.073124 
 0.210315 0.730146 0.161475 
 0.413206 -0.615964 0.137627 
 -0.374308 0.731571 0.054795 
 0.276306 0.433441 -0.061911 
 0.219091 -0.268754 -0.029631 
 -0.029623 0.365195 -0.040033 
 0.204604 0.165331 -0.154818 
 0.221410 0.044806 -0.130604 
 -0.041749 0.165880 -0.097576 
 0.018998 0.170383 -0.137544 
 -0.005424 -0.142494 -0.124184 
 0.321731 0.361433 -0.078381 
 -0.233681 0.599177 -0.052389 
 -0.044131 0.698532 0.112391 
 0.246949 0.143224 -0.149497 
 0.027662 -0.429859 0.002061 
 0.179344 0.292896 -0.060686 
 -0.209117 -0.257364 -0.021513 
 -0.566824 -0.022498 0.056661 
 -0.339555 -0.343750 0.030683 
 -0.563244 -0.239372 0.035838 
 -0.268655 0.426287 -0.042633 
 -0.102675 0.321172 -0.057820 
 -0.445272 0.163717 0.066606 
 0.141054 0.196152 -0.162799 
 0.184513 -0.605975 -0.021437 
 -0.481301 -0.246071 0.016171 
 -0.219878 0.031204 -0.075296 
 0.487128 0.100566 -0.110614 
 0.170436 -0.361055 0.002504 
 0.226632 0.275641 -0.088004 
 0.337370 -0.094802 -0.108159 
 0.137512 0.125895 -0.204825 
 -0.252275 0.073982 -0.078238 
 -0.675315 -0.584335 0.181821 
 -0.100719 -0.324840 -0.076285 
 -0.387937 -0.655979 0.039423 
 0.156950 0.304569 -0.063364 
 0.328792 -0.211331 -0.037546 
 -0.185739 0.903182 0.108454 
 -0.202269 -0.294096 0.009916 
 0.416066 -0.392563 0.112834 
 -0.382829 -0.375312 0.019547 
 -0.454700 -0.665005 0.093987 
 -0.400772 -0.513357 0.052289 
 -0.232487 0.240067 -0.006513 
 0.327621 0.913859 0.168840 
 -0.412448 0.122707 0.067867 
 0.000931 0.428260 -0.028649 
 0.186885 0.313634 -0.040231 
 0.094206 0.213587 -0.135530 
 -0.129273 0.741720 0.101149 
 0.331345 -0.566625 0.094191 
 0.273834 -0.530142 0.037285 
 0.555274 -0.382127 0.137581 
 0.514412 -0.041441 0.014256 
 0.141736 -0.585802 -0.026850 
 0.049214 -0.087530 -0.123406 
 -0.088073 -0.725293 -0.016032 
 0.154864 -0.715916 0.029383 
 0.593162 -0.134442 0.171273 
 0.386903 -0.290640 0.083206 
 0.039234 0.212639 -0.128324 
 0.332822 -0.356773 -0.001324 
 0.316753 -0.648177 0.116827 
 0.413136 -0.615964 0.137968 
 0.021621 0.594285 0.044974 
 -0.223624 -0.390408 -0.004105 
 0.086212 0.851590 0.118042 
 0.560444 -0.201116 0.175077 
 0.305558 -0.516496 0.043313 
 0.270006 -0.587336 0.064123 
 0.001062 0.198904 -0.102917 
 -0.482718 -0.137915 0.027109 
 0.195414 -0.738997 0.051023 
 -0.295670 0.524802 -0.070488 
 -0.219059 0.711575 0.048636 
 -0.145511 0.467426 0.001711 
 -0.180046 0.293524 0.009785 
 0.111804 0.254768 -0.110073 
 -0.283465 -0.560192 0.017166 
 -0.164294 0.892578 0.111167 
 -0.106709 -0.069839 -0.101044 
 -0.157527 0.606411 0.013619 
 -0.206456 -0.418544 -0.038453 
 0.272395 0.378433 -0.034729 
 -0.253055 0.127358 -0.072146 
 -0.605248 -0.683801 0.115184 
 0.648286 -0.178385 0.261373 
 0.070360 0.773464 0.141018 
 0.516417 0.163633 -0.098336 
 0.453874 -0.071945 -0.101260 
 -0.368350 0.429159 -0.094222 
 0.443416 0.174346 -0.110410 
 -0.042517 -0.686394 -0.037234 
 0.028209 -0.278545 -0.065092 
 -0.366915 -0.611155 0.047860 
 0.305271 -0.052418 -0.108479 
 -0.293811 -0.580711 0.013456 
 0.244416 0.903348 0.151876 
 -0.031899 -0.135929 -0.095239 
 0.065516 -0.510214 0.035450 
 0.247097 0.265013 -0.085333 
 -0.572531 -0.423688 0.014284 
 0.381205 -0.626101 0.130694 
 -0.476680 -0.282956 0.046949 
 -0.075275 -0.060768 -0.094219 
 -0.384615 -0.267937 0.032869 
 -0.091611 0.291494 -0.059267 
 -0.057370 0.426123 -0.004544 
 -0.281968 0.404389 -0.030608 
 0.350055 -0.318625 0.039562 
 0.279749 -0.674734 0.073236 
 -0.092884 0.343315 -0.053683 
 0.179537 0.066033 -0.135939 
 0.237231 -0.707321 0.062130 
 -0.293122 -0.010468 -0.094334 
 -0.653044 -0.595401 0.184205 
 0.241962 0.314969 -0.046128 
 -0.519230 -0.261164 0.041035 
 0.415680 -0.501420 0.116403 
 0.303266 0.213606 -0.098123 
 0.259108 -0.087531 -0.087464 
 0.394948 -0.036220 -0.141924 
 -0.536600 0.095559 0.076632 
 0.120303 -0.521685 -0.023936 
 -0.047662 0.679009 0.075155 
 -0.146501 -0.413866 -0.060579 
 -0.372483 -0.354487 0.024309 
 -0.414110 0.431901 -0.136153 
 -0.328294 0.260774 -0.020403 
 -0.003259 -0.089024 -0.134847 
 0.052643 -0.328816 -0.015193 
 -0.343465 -0.196797 -0.004944 
 -0.271712 -0.263812 0.017909 
 -0.173540 0.243031 -0.028110 
 -0.286288 0.240196 -0.014989 
 -0.004170 -0.769147 -0.005149 
 -0.048444 -0.068059 -0.123979 
 0.067318 -0.573862 -0.039134 
 -0.301052 0.469769 -0.043946 
 0.350316 -0.374037 0.033941 
 0.142431 -0.204523 -0.036268 
 -0.438666 -0.583019 0.071792 
 -0.098815 0.752388 0.108037 
 -0.140778 0.076706 -0.091117 
 -0.337331 0.133153 -0.035808 
 0.242461 0.583008 -0.052050 
 -0.550186 -0.380366 0.022359 
 -0.200345 -0.509564 -0.013145 
 0.265465 -0.029235 -0.130699 
 0.251952 -0.570093 0.028935 
 0.001171 0.552172 0.036669 
 0.489225 -0.459833 0.134425 
 0.594424 0.018548 0.069284 
 -0.131472 0.151771 -0.080657 
 -0.554023 -0.274121 0.050178 
 -0.015642 0.455475 0.006446 
 0.235706 0.174933 -0.148065 
 -0.173091 0.119769 -0.092358 
 0.531591 -0.056024 0.048671 
 0.226406 -0.575529 -0.009051 
 -0.404731 -0.681358 0.067352 
 0.099021 0.499284 -0.103727 
 0.031192 0.369491 -0.079433 
 -0.027379 -0.281073 -0.056296 
 0.602317 -0.169080 0.186184 
 -0.509423 -0.596390 0.142399 
 -0.399219 -0.621896 0.040900 
 0.172671 -0.302941 -0.024373 
 -0.565770 -0.293609 0.045959 
 0.222435 0.044806 -0.130604 
 -0.198639 -0.088255 -0.068811 
 -0.265273 -0.738886 0.035722 
 -0.391550 0.094157 0.017866 
 0.099870 -0.771708 0.030855 
 -0.016271 -0.313029 -0.059881 
 -0.221640 0.137955 -0.064808 
 0.436318 -0.459703 0.125354 
 -0.409967 -0.425067 0.043353 
 -0.158872 0.533493 -0.044998 
 0.571527 -0.179567 0.179268 
 -0.421308 -0.708872 0.095259 
 0.201352 0.055696 -0.133271 
 0.351200 -0.425798 0.027819 
 -0.354396 -0.478429 0.047356 
 -0.602710 -0.626109 0.105290 
 -0.378576 -0.045891 0.004019 
 -0.247413 0.774241 0.084071 
 0.231991 0.719349 0.164930 
 -0.525332 0.063787 0.075158 
 0.281222 -0.247558 -0.015499 
 -0.342359 -0.619423 0.037201 
 0.413136 -0.615964 0.138804 
 0.137313 -0.316307 0.001254 
 -0.473467 0.171457 0.096222 
 -0.348352 0.523214 -0.080366 
 -0.367164 -0.611155 0.046676 
 -0.347029 0.111744 -0.039058 
 0.118738 0.807203 0.119665 
 0.309253 -0.457846 0.017286 
 -0.214709 0.088094 -0.104084 
 -0.110938 0.838377 0.115134 
 -0.539813 -0.358704 0.026647 
 -0.164197 0.316085 -0.018564 
 0.443511 0.174346 -0.110410 
 0.057014 0.606966 0.035478 
 -0.202615 0.357879 0.011132 
 -0.327982 0.566501 -0.072093 
 -0.292241 -0.064646 -0.099933 
 -0.018761 0.761208 0.157614 
 -0.236307 0.436884 -0.035858 
 0.418416 0.114704 -0.155263 
 0.046814 -0.617959 -0.047628 
 -0.067727 0.120222 -0.073330 
 -0.155474 -0.311220 -0.016989 
 0.361934 -0.350803 0.038105 
 0.172492 -0.521814 -0.013751 
 0.055840 0.606966 0.036377 
 -0.276541 -0.707745 0.037036 
 0.131522 -0.607449 -0.031014 
 -0.121404 0.870639 0.117426 
 -0.235773 0.168362 -0.045839 
 0.115287 0.202868 -0.132862 
 -0.090288 -0.139906 -0.072239 
 0.418772 0.181638 -0.079442 
 -0.482945 0.096199 0.086322 
 0.360568 -0.350803 0.038818 
 0.543073 -0.459963 0.144405 
 -0.317064 0.229556 -0.021860 
 0.254012 0.708552 0.166902 
 0.132997 -0.076983 -0.109095 
 -0.109829 0.194308 -0.073124 
 -0.225968 0.763444 0.085408 
 0.150963 0.002733 -0.148250 
 0.621844 -0.292019 0.210357 
 0.131297 -0.132208 -0.097702 
 -0.157037 -0.381689 -0.059122 
 0.052643 -0.329385 -0.015193 
 -0.370085 -0.408565 0.018077 
 0.271056 0.640939 0.196800 
 0.168324 0.325753 -0.058925 
 0.149959 0.002733 -0.148518 
 -0.136058 -0.706411 -0.005367 
 -0.224513 -0.338727 0.001545 
 0.561040 -0.254290 0.169420 
 -0.352992 0.415457 -0.059084 
 -0.110239 0.836288 0.115134 
 -0.239616 -0.253103 0.025167 
 0.510597 -0.306609 0.138444 
 -0.222618 0.568629 -0.053064 
 -0.163859 0.194436 -0.082638 
 0.213854 0.413165 -0.075487 
 0.094527 -0.448084 0.062603 
 -0.063818 0.229297 -0.093606 
 -0.389965 -0.545956 0.050812 
 0.309321 0.763869 0.149271 
 0.318235 -0.701164 0.111155 
 0.101454 -0.236965 -0.047258 
 -0.252275 0.073982 -0.077831 
 -0.216043 -0.113628 -0.040942 
 -0.398299 -0.142800 -0.010143 
 -0.044131 0.697646 0.112004 
 0.186670 -0.703731 0.036289 
 0.277826 0.806816 0.147570 
 -0.311264 0.447283 -0.048093 
 0.241086 0.370777 -0.041527 
 -0.212745 -0.588164 -0.006397 
 -0.120518 0.816912 0.111884 
 0.533236 -0.425169 0.129209 
 -0.529188 0.046054 0.038664 
 -0.249632 -0.086705 -0.094541 
 0.099843 -0.618088 -0.037413 
 0.061696 0.751999 0.136843 
 0.110036 -0.543093 -0.028100 
 0.310995 -0.195637 -0.072819 
 0.427672 -0.535190 0.114937 
 -0.260205 0.554289 -0.027356 
 0.555159 -0.382127 0.137581 
 -0.027379 -0.281073 -0.057531 
 -0.025671 -0.758517 -0.007870 
 -0.067727 0.118678 -0.073330 
 -0.076741 0.742533 0.110751 
 -0.008456 0.783922 0.161430 
 -0.042084 -0.156760 -0.098561 
 0.338928 -0.660444 0.119559 
 -0.480260 -0.065077 0.069260 
 0.131301 0.175108 -0.166892 
 -0.037846 -0.725423 -0.006405 
 -0.242063 0.096129 -0.073597 
 -0.484863 -0.549716 0.134835 
 0.083651 0.687350 0.133922 
 0.051481 0.410874 -0.072480 
 -0.308493 -0.278935 0.043288 
 -0.245483 -0.544339 -0.008517 
 0.215270 -0.544599 -0.008946 
 -0.375178 0.479919 -0.056048 
 -0.187332 0.650258 -0.003924 
 0.169271 -0.634358 0.006652 
 0.073889 -0.492299 0.055841 
 0.029756 0.314018 -0.068698 
 -0.306733 0.555985 -0.069404 
 0.377346 0.082220 -0.166218 
 0.296650 -0.691387 0.106296 
 -0.196178 -0.396326 -0.033688 
 0.078754 -0.132031 -0.107888 
 0.017905 -0.096094 -0.132168 
 0.183408 0.227654 -0.151953 
 0.159587 -0.382464 -0.002000 
 0.338928 -0.659044 0.120003 
 0.127858 0.052374 -0.214590 
 -0.179912 0.170516 -0.054312 
 -0.211428 0.159977 -0.061155 
 0.564689 0.011666 0.029672 
 0.437209 -0.513641 0.119951 
 -0.485263 -0.413053 0.032471 
 0.090476 -0.693083 -0.048441 
 0.352874 -0.577726 0.096915 
 0.609272 0.002449 0.121171 
 -0.371283 -0.094708 -0.032855 
 -0.353756 0.774500 0.064202 
 0.150876 0.551970 -0.088748 
 0.292073 0.313912 -0.021252 
 0.199387 0.480453 -0.121668 
 0.326929 -0.307856 0.036855 
 0.115243 0.680565 0.071137 
 -0.224805 -0.391005 -0.004105 
 -0.177393 -0.246696 -0.013932 
 -0.191216 -0.598406 -0.003126 
 0.310238 -0.141194 -0.083550 
 -0.502796 -0.001195 0.072209 
 -0.564874 -0.350099 0.041179 
 -0.230971 0.063404 -0.075049 
 0.398648 0.125262 -0.158054 
 -0.654247 -0.540872 0.189981 
 0.212364 0.730146 0.161475 
 0.070460 0.223139 -0.121485 
 -0.449079 -0.604887 0.067563 
 0.147563 0.146889 -0.200916 
 -0.081427 0.311348 -0.055370 
 0.298494 0.477675 -0.070075 
 -0.347287 -0.513488 0.062773 
 0.120160 0.541484 -0.095734 
 -0.289078 0.381824 -0.050996 
 -0.103147 -0.585212 -0.003374 
 -0.104024 0.053284 -0.053274 
 -0.317575 -0.002028 -0.080856 
 0.425840 -0.371042 0.115606 
 0.207281 -0.399432 -0.028733 
 0.182366 0.774896 0.127411 
 0.358799 -0.243630 0.049839 
 -0.044805 0.878654 0.182194 
 -0.519826 -0.261164 0.041035 
 0.429277 0.030627 -0.162340 
 -0.075847 -0.566777 0.013081 
 -0.093896 0.483171 -0.029884 
 0.326318 -0.382969 0.187795 
 -0.353068 -0.571275 -0.056783 
 0.172673 0.702577 0.051285 
 0.356284 0.609131 -0.034244 
 0.178416 0.757120 0.176438 
 -0.013731 -0.322550 0.105181 
 0.279049 -0.381199 0.183885 
 0.227601 0.547392 -0.079000 
 -0.056764 -0.489071 0.054761 
 0.067158 -0.217817 -0.004736 
 -0.283236 0.863980 0.144437 
 -0.202309 0.835545 0.099989 
 0.350993 0.430594 -0.067207 
 -0.533890 -0.152897 -0.055990 
 0.245795 0.580096 -0.059721 
 0.555585 0.158047 -0.089157 
 0.103159 0.410934 -0.123363 
 0.046711 0.607167 0.105267 
 0.017645 -0.619457 -0.042398 
 