0.137871 0.977514 0.115569 
 0.164543 0.982026 0.090222 
 0.179392 0.979234 0.094442 
 0.090904 0.970507 0.100561 
 0.105811 0.967703 0.104798 
 0.120718 0.964900 0.109034 
 0.135625 0.962097 0.113270 
 0.162306 0.966669 0.087932 
 0.177155 0.963877 0.092152 
 0.192003 0.961084 0.096371 
 0.073751 0.957893 0.094027 
 0.088658 0.955089 0.098263 
 0.103565 0.952286 0.102499 
 0.110540 0.944540 0.126423 
 0.133379 0.946679 0.110971 
 0.160068 0.951312 0.085642 
 0.174917 0.948520 0.089862 
 0.189766 0.945727 0.094081 
 0.071505 0.942475 0.091728 
 0.086412 0.939672 0.095964 
 0.093342 0.931893 0.119871 
 0.108288 0.929082 0.124118 
 0.123234 0.926271 0.128365 
 0.146040 0.928458 0.112908 
 0.180502 0.938168 0.067857 
 0.195312 0.935382 0.072065 
 0.061198 0.922056 0.109072 
 0.084166 0.924255 0.093665 
 0.099073 0.921451 0.097901 
 0.113980 0.918648 0.102137 
 0.128887 0.915844 0.106373 
 0.147727 0.915560 0.100760 
 0.170443 0.917805 0.085282 
 0.185292 0.915013 0.089502 
 0.200140 0.912221 0.093721 
 0.052106 0.914444 0.082894 
 0.067013 0.911640 0.087130 
 0.081920 0.908837 0.091366 
 0.096827 0.906034 0.095602 
 0.111734 0.903230 0.099838 
 0.126641 0.900427 0.104075 
 0.141548 0.897624 0.108311 
 0.156455 0.894820 0.112547 
 0.163568 0.886924 0.136497 
 0.178514 0.884114 0.140744 
 0.049860 0.899026 0.080595 
 0.064767 0.896223 0.084831 
 0.079674 0.893420 0.089067 
 0.098578 0.893165 0.083477 
 0.113466 0.890365 0.087708 
 0.124395 0.885010 0.101776 
 0.139302 0.882206 0.106012 
 0.146370 0.874277 0.129945 
 0.161316 0.871467 0.134192 
 0.176262 0.868656 0.138440 
 0.047614 0.883609 0.078296 
 0.062521 0.880806 0.082532 
 0.077428 0.878002 0.086769 
 0.092335 0.875199 0.091005 
 0.107242 0.872396 0.095241 
 0.122149 0.869592 0.099477 
 0.129172 0.861631 0.123393 
 0.144118 0.858820 0.127641 
 0.159064 0.856009 0.131888 
 0.174010 0.853199 0.136135 
 0.004766 0.879168 0.053502 
 0.019653 0.876368 0.057732 
 0.030460 0.870995 0.071761 
 0.045367 0.868192 0.075998 
 0.060275 0.865388 0.080234 
 0.075182 0.862585 0.084470 
 0.090089 0.859782 0.088706 
 0.104996 0.856978 0.092942 
 0.111974 0.848984 0.116841 
 0.126920 0.846173 0.121089 
 0.141866 0.843362 0.125336 
 0.149000 0.835339 0.149279 
 0.163985 0.832521 0.153537 
 -0.061228 0.872398 0.044046 
 -0.054683 0.864443 0.067818 
 -0.031414 0.866791 0.052518 
 -0.016507 0.863988 0.056754 
 -0.001600 0.861184 0.060990 
 0.013307 0.858381 0.065227 
 0.028214 0.855578 0.069463 
 0.043121 0.852774 0.073699 
 0.058029 0.849971 0.077935 
 0.072936 0.847168 0.082171 
 0.087843 0.844364 0.086407 
 0.102750 0.841561 0.090643 
 0.117657 0.838758 0.094879 
 0.132564 0.835954 0.099115 
 0.139614 0.827905 0.123031 
 0.154560 0.825094 0.127278 
 0.161727 0.817023 0.151226 
 -0.078381 0.859784 0.037511 
 -0.063474 0.856980 0.041747 
 -0.056935 0.848986 0.065513 
 -0.033660 0.851374 0.050219 
 -0.018753 0.848570 0.054455 
 -0.003846 0.845767 0.058692 
 0.011061 0.842964 0.062928 
 0.025968 0.840160 0.067164 
 0.032741 0.832122 0.090996 
 0.047687 0.829311 0.095243 
 0.070690 0.831750 0.079872 
 0.085597 0.828947 0.084108 
 0.100504 0.826143 0.088344 
 0.107470 0.818069 0.112232 
 0.130318 0.820537 0.096817 
 0.145225 0.817733 0.101053 
 0.152308 0.809637 0.124973 
 -0.095535 0.847170 0.030976 
 -0.080627 0.844366 0.035212 
 -0.065720 0.841563 0.039448 
 -0.050813 0.838760 0.043684 
 -0.035906 0.835956 0.047921 
 -0.020999 0.833153 0.052157 
 -0.006092 0.830349 0.056393 
 0.008815 0.827546 0.060629 
 0.023722 0.824743 0.064865 
 0.038629 0.821939 0.069101 
 0.045435 0.813854 0.092939 
 0.068444 0.816333 0.077573 
 0.083351 0.813529 0.081809 
 0.098258 0.810726 0.086045 
 0.113165 0.807923 0.090282 
 0.128072 0.805119 0.094518 
 0.135110 0.796990 0.118421 
 0.150056 0.794179 0.122668 
 -0.106276 0.826502 0.048162 
 -0.082874 0.828949 0.032913 
 -0.067966 0.826145 0.037150 
 -0.053059 0.823342 0.041386 
 -0.038152 0.820539 0.045622 
 -0.023245 0.817735 0.049858 
 -0.008338 0.814932 0.054094 
 0.006569 0.812129 0.058330 
 0.021476 0.809325 0.062566 
 0.036383 0.806522 0.066802 
 0.051290 0.803719 0.071038 
 0.066197 0.800915 0.075274 
 0.081105 0.798112 0.079511 
 0.096012 0.795309 0.083747 
 0.110919 0.792505 0.087983 
 0.125826 0.789702 0.092219 
 0.140733 0.786899 0.096455 
 0.155640 0.784095 0.100691 
 -0.108528 0.811045 0.045858 
 -0.085120 0.813531 0.030615 
 -0.070213 0.810728 0.034851 
 -0.055305 0.807925 0.039087 
 -0.040398 0.805121 0.043323 
 -0.025491 0.802318 0.047559 
 -0.010584 0.799515 0.051795 
 0.004323 0.796711 0.056031 
 0.019230 0.793908 0.060267 
 0.034137 0.791105 0.064503 
 0.049044 0.788301 0.068740 
 0.063951 0.785498 0.072976 
 0.078858 0.782695 0.077212 
 0.093766 0.779891 0.081448 
 0.112652 0.779784 0.075867 
 0.135458 0.782383 0.060454 
 0.150307 0.779591 0.064674 
 0.165156 0.776799 0.068893 
 -0.102273 0.800917 0.024080 
 -0.087366 0.798114 0.028316 
 -0.072459 0.795311 0.032552 
 -0.057552 0.792507 0.036788 
 -0.042644 0.789704 0.041024 
 -0.027737 0.786901 0.045260 
 -0.012830 0.784097 0.049496 
 0.002077 0.781294 0.053732 
 0.016984 0.778491 0.057969 
 0.023733 0.770292 0.081777 
 0.038679 0.767481 0.086024 
 0.053625 0.764670 0.090271 
 0.068571 0.761860 0.094518 
 0.083517 0.759049 0.098765 
 0.106427 0.761670 0.083385 
 0.121334 0.758867 0.087621 
 0.136241 0.756064 0.091857 
 0.162919 0.761441 0.066603 
 -0.104519 0.785500 0.021781 
 -0.089612 0.782697 0.026017 
 -0.074705 0.779893 0.030253 
 -0.059798 0.777090 0.034489 
 -0.044890 0.774287 0.038725 
 -0.029983 0.771483 0.042961 
 -0.015076 0.768680 0.047197 
 -0.000169 0.765876 0.051434 
 0.014738 0.763073 0.055670 
 0.021481 0.754834 0.079472 
 0.036427 0.752023 0.083719 
 0.059459 0.754663 0.068378 
 0.066319 0.746402 0.092214 
 0.089273 0.749056 0.076850 
 0.104181 0.746253 0.081086 
 0.119088 0.743450 0.085322 
 0.133995 0.740646 0.089559 
 -0.115284 0.764672 0.038943 
 -0.091858 0.767279 0.023718 
 -0.076951 0.764476 0.027954 
 -0.062044 0.761673 0.032190 
 -0.047137 0.758869 0.036427 
 -0.032229 0.756066 0.040663 
 -0.017322 0.753263 0.044899 
 -0.002415 0.750459 0.049135 
 0.012492 0.747656 0.053371 
 0.019229 0.739377 0.077167 
 0.034175 0.736566 0.081415 
 0.049121 0.733755 0.085662 
 0.064067 0.730945 0.089909 
 0.087027 0.733639 0.074551 
 0.101935 0.730836 0.078788 
 0.116842 0.728033 0.083024 
 0.131749 0.725229 0.087260 
 0.146656 0.722426 0.091496 
 -0.109011 0.754665 0.017183 
 -0.094104 0.751862 0.021419 
 -0.079197 0.749059 0.025655 
 -0.064290 0.746255 0.029892 
 -0.045198 0.746192 0.024378 
 -0.034475 0.740648 0.038364 
 -0.019568 0.737845 0.042600 
 -0.004661 0.735042 0.046836 
 0.010246 0.732238 0.051072 
 0.025153 0.729435 0.055308 
 0.031923 0.721108 0.079110 
 0.054967 0.723828 0.063780 
 0.069874 0.721025 0.068016 
 0.084781 0.718222 0.072253 
 0.099688 0.715418 0.076489 
 0.114596 0.712615 0.080725 
 0.129503 0.709812 0.084961 
 0.144410 0.707008 0.089197 
 -0.126164 0.742051 0.010648 
 -0.111257 0.739248 0.014884 
 -0.096350 0.736444 0.019121 
 -0.081443 0.733641 0.023357 
 -0.062329 0.733594 0.017852 
 -0.047441 0.730794 0.022082 
 -0.036722 0.725231 0.036065 
 -0.021814 0.722428 0.040301 
 -0.006907 0.719624 0.044537 
 0.008000 0.716821 0.048773 
 0.014726 0.708461 0.072558 
 0.029671 0.705651 0.076805 
 0.044617 0.702840 0.081052 
 0.059563 0.700030 0.085299 
 0.074509 0.697219 0.089546 
 0.097442 0.700001 0.074190 
 0.112349 0.697198 0.078426 
 0.127257 0.694394 0.082662 
 0.142164 0.691591 0.086898 
 -0.128410 0.726634 0.008350 
 -0.109235 0.726596 0.002864 
 -0.094347 0.723796 0.007095 
 -0.083689 0.718224 0.021058 
 -0.064572 0.718197 0.015556 
 -0.049684 0.715397 0.019787 
 -0.034796 0.712597 0.024017 
 -0.024060 0.707010 0.038002 
 -0.009153 0.704207 0.042238 
 0.005754 0.701404 0.046474 
 0.020661 0.698600 0.050711 
 0.027420 0.690193 0.074500 
 0.042365 0.687383 0.078747 
 0.057311 0.684572 0.082994 
 0.072257 0.681761 0.087242 
 0.095196 0.684584 0.071891 
 0.110103 0.681780 0.076127 
 0.125011 0.678977 0.080363 
 0.139918 0.676174 0.084599 
 -0.130656 0.711216 0.006051 
 -0.102936 0.716769 -0.018868 
 -0.088087 0.713977 -0.014648 
 -0.073238 0.711184 -0.010429 
 -0.066815 0.702799 0.013260 
 -0.043540 0.705600 -0.001990 
 -0.028691 0.702807 0.002230 
 -0.013843 0.700015 0.006449 
 -0.011399 0.688790 0.039940 
 0.003508 0.685986 0.044176 
 0.018415 0.683183 0.048412 
 0.025168 0.674736 0.072195 
 0.040114 0.671925 0.076442 
 0.055059 0.669114 0.080690 
 0.070005 0.666304 0.084937 
 0.092950 0.669166 0.069592 
 0.107857 0.666363 0.073828 
 0.122764 0.663560 0.078064 
 0.137672 0.660756 0.082301 
 -0.128609 0.698601 -0.005958 
 -0.105173 0.701412 -0.021158 
 -0.090324 0.698620 -0.016938 
 -0.083946 0.690202 0.006734 
 -0.060626 0.693035 -0.008499 
 -0.045778 0.690242 -0.004280 
 -0.039283 0.681803 0.019426 
 -0.024395 0.679003 0.023656 
 -0.013646 0.673372 0.037641 
 0.001262 0.670569 0.041877 
 0.016169 0.667766 0.046113 
 0.022916 0.659278 0.069890 
 0.037862 0.656468 0.074138 
 0.052808 0.653657 0.078385 
 0.067753 0.650846 0.082632 
 0.090704 0.653749 0.067293 
 0.105611 0.650945 0.071530 
 0.120518 0.648142 0.075766 
 0.135425 0.645339 0.080002 
 -0.130852 0.683204 -0.008254 
 -0.107410 0.686055 -0.023448 
 -0.092561 0.683262 -0.019228 
 -0.077713 0.680470 -0.015009 
 -0.062864 0.677678 -0.010789 
 -0.048015 0.674885 -0.006569 
 -0.033166 0.672093 -0.002350 
 -0.030799 0.660758 0.031106 
 -0.015892 0.657955 0.035342 
 -0.009228 0.649442 0.059091 
 0.005718 0.646631 0.063339 
 0.020664 0.643821 0.067586 
 0.035610 0.641010 0.071833 
 0.050556 0.638199 0.076080 
 0.065502 0.635389 0.080327 
 0.088458 0.638332 0.064995 
 0.103365 0.635528 0.069231 
 0.118272 0.632725 0.073467 
 0.133179 0.629921 0.077703 
 -0.152302 0.667768 -0.005082 
 -0.133095 0.667806 -0.010550 
 -0.109648 0.670698 -0.025738 
 -0.094799 0.667905 -0.021518 
 -0.088432 0.659407 0.002142 
 -0.065101 0.662321 -0.013079 
 -0.050252 0.659528 -0.008859 
 -0.043769 0.651008 0.014834 
 -0.033045 0.645341 0.028807 
 -0.018138 0.642538 0.033043 
 -0.011480 0.633985 0.056787 
 0.003466 0.631174 0.061034 
 0.018412 0.628363 0.065281 
 0.033358 0.625553 0.069528 
 0.048304 0.622742 0.073775 
 0.063250 0.619931 0.078022 
 0.078196 0.617121 0.082269 
 0.093142 0.614310 0.086517 
 0.108087 0.611499 0.090764 
 0.123033 0.608689 0.095011 
 0.137979 0.605878 0.099258 
 -0.154548 0.652350 -0.007381 
 -0.135338 0.652409 -0.012845 
 -0.120451 0.649609 -0.008615 
 -0.097036 0.652548 -0.023808 
 -0.090675 0.644010 -0.000154 
 -0.075788 0.641210 0.004077 
 -0.052489 0.644171 -0.011149 
 -0.046012 0.635611 0.012538 
 -0.035291 0.629923 0.026508 
 -0.028678 0.621338 0.050235 
 -0.013732 0.618527 0.054482 
 0.001214 0.615716 0.058729 
 0.016160 0.612906 0.062976 
 0.031106 0.610095 0.067223 
 0.046052 0.607284 0.071470 
 0.060998 0.604474 0.075717 
 0.075944 0.601663 0.079965 
 0.090890 0.598852 0.084212 
 0.105836 0.596042 0.088459 
 0.112876 0.587376 0.112306 
 0.127860 0.584558 0.116564 
 -0.156794 0.636933 -0.009679 
 -0.141887 0.634130 -0.005443 
 -0.122694 0.634212 -0.010911 
 -0.107806 0.631412 -0.006680 
 -0.097165 0.625720 0.007265 
 -0.078031 0.625813 0.001781 
 -0.063143 0.623013 0.006012 
 -0.048255 0.620213 0.010242 
 -0.037537 0.614506 0.024209 
 -0.030930 0.605880 0.047930 
 -0.015984 0.603069 0.052177 
 -0.001038 0.600259 0.056424 
 0.013908 0.597448 0.060671 
 0.020710 0.588786 0.084446 
 0.043800 0.591827 0.069166 
 0.058746 0.589016 0.073413 
 0.065664 0.580332 0.097221 
 0.080648 0.577514 0.101479 
 0.095633 0.574696 0.105737 
 0.106662 0.568930 0.119793 
 0.121666 0.566109 0.124057 
 -0.159040 0.621516 -0.011978 
 -0.139825 0.621614 -0.017437 
 -0.124937 0.618815 -0.013206 
 -0.110049 0.616015 -0.008976 
 -0.099411 0.610302 0.004966 
 -0.084504 0.607499 0.009202 
 -0.065386 0.607616 0.003716 
 -0.054690 0.601892 0.017674 
 -0.039783 0.599089 0.021911 
 -0.033182 0.590423 0.045625 
 -0.018236 0.587612 0.049872 
 -0.003290 0.584801 0.054119 
 0.003467 0.576106 0.077877 
 0.018452 0.573288 0.082136 
 0.033437 0.570470 0.086394 
 0.048421 0.567652 0.090652 
 0.063406 0.564834 0.094910 
 0.074393 0.559056 0.108952 
 0.089397 0.556234 0.113216 
 0.104401 0.553412 0.117479 
 0.119405 0.550591 0.121743 
 -0.161286 0.606098 -0.014277 
 -0.146379 0.603295 -0.010041 
 -0.131472 0.600491 -0.005805 
 -0.112292 0.600618 -0.011272 
 -0.101657 0.594885 0.002667 
 -0.086750 0.592081 0.006903 
 -0.071843 0.589278 0.011140 
 -0.065325 0.580586 0.034826 
 -0.050379 0.577776 0.039073 
 -0.043745 0.569062 0.062792 
 -0.028760 0.566244 0.067050 
 -0.005542 0.569344 0.051815 
 0.001209 0.560608 0.075567 
 0.016194 0.557790 0.079825 
 0.031179 0.554972 0.084083 
 0.046163 0.552155 0.088341 
 0.061148 0.549337 0.092599 
 0.072132 0.543538 0.106638 
 0.087136 0.540716 0.110902 
 0.094217 0.531919 0.134748 
 0.109260 0.529090 0.139022 
 0.124303 0.526261 0.143297 
 -0.163532 0.590681 -0.016576 
 -0.148625 0.587877 -0.012340 
 -0.133718 0.585074 -0.008104 
 -0.118811 0.582271 -0.003868 
 -0.112415 0.573561 0.019780 
 -0.088996 0.576664 0.004605 
 -0.082523 0.567939 0.028274 
 -0.067577 0.565129 0.032521 
 -0.052631 0.562318 0.036768 
 -0.050162 0.550593 0.070215 
 -0.031018 0.550747 0.064739 
 -0.007794 0.553886 0.049510 
 -0.001049 0.545111 0.073256 
 0.013936 0.542293 0.077514 
 0.028921 0.539475 0.081772 
 0.043906 0.536657 0.086030 
 0.058890 0.533839 0.090288 
 0.073875 0.531021 0.094547 
 0.084876 0.525199 0.108588 
 0.091951 0.516361 0.132428 
 0.106994 0.513532 0.136703 
 0.122037 0.510703 0.140977 
 -0.174451 0.569346 0.000486 
 -0.150871 0.572460 -0.014639 
 -0.135964 0.569657 -0.010403 
 -0.121057 0.566853 -0.006166 
 -0.114667 0.558103 0.017475 
 -0.099721 0.555293 0.021722 
 -0.084775 0.552482 0.025969 
 -0.078230 0.543703 0.049654 
 -0.063245 0.540885 0.053912 
 -0.052422 0.535075 0.067901 
 -0.033276 0.535249 0.062429 
 -0.018291 0.532431 0.066687 
 -0.003306 0.529613 0.070945 
 0.011678 0.526795 0.075203 
 0.026663 0.523977 0.079461 
 0.041648 0.521159 0.083720 
 0.056633 0.518341 0.087978 
 0.071617 0.515523 0.092236 
 0.074641 0.503632 0.125834 
 0.089684 0.500803 0.130108 
 0.104727 0.497974 0.134383 
 -0.185381 0.547931 0.017536 
 -0.161757 0.551078 0.002429 
 -0.146811 0.548267 0.006676 
 -0.131865 0.545456 0.010923 
 -0.116919 0.542646 0.015170 
 -0.101973 0.539835 0.019417 
 -0.087027 0.537024 0.023664 
 -0.080488 0.528205 0.047343 
 -0.069687 0.522379 0.061324 
 -0.063012 0.513534 0.085041 
 -0.047969 0.510705 0.089316 
 -0.032926 0.507876 0.093591 
 -0.026096 0.499002 0.117352 
 -0.002840 0.502218 0.102140 
 0.012203 0.499390 0.106415 
 0.027246 0.496561 0.110690 
 0.054375 0.502844 0.085667 
 0.065350 0.496985 0.099697 
 0.072375 0.488074 0.123514 
 0.087418 0.485245 0.127788 
 0.086657 0.470209 0.171214 
 0.101777 0.467365 0.175511 
 -0.202623 0.535251 0.010967 
 -0.178954 0.538431 -0.004123 
 -0.164009 0.535620 0.000124 
 -0.149063 0.532809 0.004371 
 -0.134117 0.529999 0.008618 
 -0.127700 0.521161 0.032258 
 -0.104225 0.524378 0.017113 
 -0.097730 0.515525 0.040774 
 -0.086952 0.509683 0.054746 
 -0.071948 0.506861 0.059010 
 -0.056944 0.504040 0.063274 
 -0.037791 0.504253 0.057807 
 -0.035193 0.492318 0.091271 
 -0.028368 0.483404 0.115027 
 0.003073 0.492753 0.080328 
 0.022148 0.492982 0.074840 
 0.033081 0.487110 0.088856 
 0.048085 0.484288 0.093119 
 0.055065 0.475345 0.116919 
 0.070108 0.472516 0.121194 
 0.077205 0.463551 0.145027 
 0.092286 0.460715 0.149313 
 0.099499 0.451727 0.173179 
 -0.219866 0.522571 0.004398 
 -0.196152 0.525784 -0.010675 
 -0.189896 0.516935 0.012915 
 -0.166260 0.520163 -0.002181 
 -0.151315 0.517352 0.002066 
 -0.136369 0.514541 0.006313 
 -0.129957 0.505664 0.029947 
 -0.106477 0.508920 0.014808 
 -0.099988 0.500028 0.038464 
 -0.089213 0.494165 0.052432 
 -0.074208 0.491343 0.056696 
 -0.059204 0.488522 0.060960 
 -0.040049 0.488756 0.055496 
 -0.037459 0.476760 0.088951 
 -0.030640 0.467806 0.112701 
 0.004905 0.480302 0.068271 
 0.019890 0.477484 0.072529 
 0.034875 0.474666 0.076787 
 0.045825 0.468771 0.090806 
 0.052799 0.459787 0.114600 
 0.067842 0.456958 0.118874 
 0.074932 0.447953 0.142701 
 0.090014 0.445117 0.146987 
 -0.226511 0.504042 0.011746 
 -0.211507 0.501220 0.016009 
 -0.196502 0.498399 0.020273 
 -0.177169 0.498620 0.014862 
 -0.162185 0.495802 0.019120 
 -0.147200 0.492984 0.023378 
 -0.132215 0.490166 0.027637 
 -0.108729 0.493462 0.012503 
 -0.102246 0.484530 0.036153 
 -0.091473 0.478647 0.050119 
 -0.076469 0.475826 0.054382 
 -0.061465 0.473004 0.058646 
 -0.042307 0.473258 0.053186 
 -0.039726 0.461202 0.086631 
 -0.024683 0.458374 0.090906 
 -0.001448 0.461718 0.075701 
 0.013556 0.458896 0.079964 
 0.028560 0.456075 0.084228 
 0.035489 0.447058 0.108005 
 0.050532 0.444229 0.112280 
 0.065575 0.441400 0.116554 
 0.080618 0.438571 0.120829 
 0.095661 0.435742 0.125104 
 -0.237551 0.482420 0.028740 
 -0.213767 0.485702 0.013695 
 -0.194412 0.485940 0.008293 
 -0.179427 0.483122 0.012551 
 -0.155818 0.486437 -0.002543 
 -0.149458 0.477486 0.021068 
 -0.134473 0.474668 0.025326 
 -0.110981 0.478005 0.010198 
 -0.104504 0.469032 0.033842 
 -0.089519 0.466214 0.038100 
 -0.074534 0.463396 0.042358 
 -0.059549 0.460578 0.046617 
 -0.044565 0.457760 0.050875 
 -0.029580 0.454942 0.055133 
 -0.026949 0.442816 0.088586 
 -0.003709 0.446200 0.073387 
 0.011295 0.443378 0.077651 
 0.018180 0.434329 0.101411 
 0.033223 0.431500 0.105685 
 0.048266 0.428671 0.109960 
 0.063309 0.425842 0.114235 
 0.078352 0.423014 0.118509 
 0.093395 0.420185 0.122784 
 -0.239817 0.466862 0.026421 
 -0.216028 0.470185 0.011382 
 -0.196670 0.470442 0.005982 
 -0.181685 0.467624 0.010240 
 -0.158070 0.470979 -0.004848 
 -0.151715 0.461988 0.018757 
 -0.136731 0.459170 0.023015 
 -0.113232 0.462547 0.007893 
 -0.106761 0.453535 0.031531 
 -0.091777 0.450717 0.035789 
 -0.076792 0.447899 0.040048 
 -0.065986 0.441969 0.054018 
 -0.050982 0.439147 0.058282 
 -0.044259 0.430087 0.081992 
 -0.037457 0.421012 0.105724 
 -0.005970 0.430682 0.071073 
 0.000870 0.421600 0.094816 
 0.015913 0.418771 0.099091 
 0.030956 0.415942 0.103365 
 0.037951 0.406831 0.127152 
 0.061042 0.410284 0.111915 
 0.068115 0.401158 0.135724 
 0.083197 0.398322 0.140010 
 -0.242084 0.451305 0.024101 
 -0.218289 0.454667 0.009068 
 -0.198927 0.454945 0.003672 
 -0.183943 0.452127 0.007930 
 -0.160322 0.455522 -0.007153 
 -0.145376 0.452711 -0.002906 
 -0.138989 0.443673 0.020704 
 -0.115484 0.447090 0.005589 
 -0.100538 0.444279 0.009836 
 -0.094034 0.435219 0.033479 
 -0.070647 0.438658 0.018330 
 -0.068247 0.426451 0.051705 
 -0.053243 0.423629 0.055968 
 -0.046525 0.414529 0.079672 
 -0.031482 0.411700 0.083947 
 -0.016439 0.408871 0.088222 
 -0.001396 0.406042 0.092496 
 0.013647 0.403213 0.096771 
 0.028690 0.400384 0.101046 
 0.035679 0.391233 0.124827 
 0.058776 0.394727 0.109595 
 0.073819 0.391898 0.113870 
 0.088862 0.389069 0.118145 
 -0.235553 0.441971 0.002490 
 -0.220549 0.439149 0.006754 
 -0.205545 0.436328 0.011018 
 -0.186201 0.436629 0.005619 
 -0.162574 0.440064 -0.009458 
 -0.147628 0.437254 -0.005211 
 -0.132682 0.434443 -0.000963 
 -0.117736 0.431632 0.003284 
 -0.102790 0.428822 0.007531 
 -0.087844 0.426011 0.011778 
 -0.072899 0.423200 0.016025 
 -0.057953 0.420390 0.020272 
 -0.051338 0.411267 0.043942 
 -0.036353 0.408449 0.048201 
 -0.025495 0.402468 0.062182 
 -0.010491 0.399647 0.066446 
 -0.003663 0.390484 0.090177 
 0.011380 0.387655 0.094451 
 0.026423 0.384826 0.098726 
 0.033407 0.375635 0.122501 
 0.056509 0.379169 0.107275 
 0.071552 0.376340 0.111550 
 0.086595 0.373511 0.115825 
 -0.246617 0.420189 0.019461 
 -0.222810 0.423631 0.004440 
 -0.207806 0.420810 0.008704 
 -0.188458 0.421131 0.003308 
 -0.173474 0.418313 0.007566 
 -0.158489 0.415495 0.011824 
 -0.143504 0.412677 0.016083 
 -0.128519 0.409859 0.020341 
 -0.113535 0.407042 0.024599 
 -0.098550 0.404224 0.028857 
 -0.083565 0.401406 0.033115 
 -0.081144 0.389071 0.066483 
 -0.066101 0.386242 0.070758 
 -0.051058 0.383413 0.075033 
 -0.027756 0.386950 0.059868 
 -0.012752 0.384129 0.064132 
 -0.005929 0.374926 0.087857 
 0.009114 0.372097 0.092131 
 0.024157 0.369268 0.096406 
 0.039200 0.366440 0.100681 
 0.054243 0.363611 0.104956 
 0.069285 0.360782 0.109230 
 0.084328 0.357953 0.113505 
 -0.248883 0.404631 0.017142 
 -0.225071 0.408114 0.002127 
 -0.210067 0.405292 0.006390 
 -0.190716 0.405634 0.000997 
 -0.175731 0.402816 0.005255 
 -0.160747 0.399998 0.009514 
 -0.145762 0.397180 0.013772 
 -0.130777 0.394362 0.018030 
 -0.115792 0.391544 0.022288 
 -0.100808 0.388726 0.026546 
 -0.090033 0.382719 0.040500 
 -0.083411 0.373513 0.064163 
 -0.068368 0.370684 0.068438 
 -0.061629 0.361456 0.092135 
 -0.038282 0.365026 0.076988 
 -0.031465 0.355784 0.100706 
 -0.016383 0.352947 0.104992 
 -0.001302 0.350111 0.109278 
 0.013780 0.347275 0.113564 
 0.028862 0.344439 0.117849 
 0.043944 0.341603 0.122135 
 0.067019 0.345224 0.106911 
 0.082062 0.342395 0.111185 
 -0.251150 0.389073 0.014822 
 -0.236107 0.386244 0.019097 
 -0.212327 0.389774 0.004076 
 -0.197323 0.386953 0.008340 
 -0.177989 0.387318 0.002945 
 -0.163004 0.384500 0.007203 
 -0.148020 0.381682 0.011461 
 -0.137306 0.375666 0.025395 
 -0.122302 0.372845 0.029658 
 -0.103065 0.373228 0.024236 
 -0.088081 0.370410 0.028494 
 -0.085677 0.357955 0.061844 
 -0.070634 0.355126 0.066118 
 -0.063901 0.345858 0.089809 
 -0.040548 0.349468 0.074668 
 -0.033738 0.340185 0.098381 
 -0.018656 0.337349 0.102666 
 -0.003574 0.334513 0.106952 
 0.011508 0.331677 0.111238 
 0.026590 0.328841 0.115524 
 0.041671 0.326004 0.119809 
 0.056753 0.323168 0.124095 
 0.079795 0.326837 0.108865 
 -0.253417 0.373515 0.012502 
 -0.238374 0.370686 0.016777 
 -0.223331 0.367857 0.021051 
 -0.199584 0.371435 0.006026 
 -0.180247 0.371820 0.000634 
 -0.165262 0.369002 0.004892 
 -0.150277 0.366184 0.009150 
 -0.139567 0.360148 0.023081 
 -0.124563 0.357327 0.027345 
 -0.105323 0.357731 0.021925 
 -0.090338 0.354913 0.026183 
 -0.087944 0.342397 0.059524 
 -0.081255 0.333096 0.083198 
 -0.066174 0.330260 0.087483 
 -0.051092 0.327424 0.091769 
 -0.044248 0.318093 0.115488 
 -0.029128 0.315250 0.119784 
 -0.005846 0.318915 0.104626 
 0.009235 0.316079 0.108912 
 0.024317 0.313243 0.113198 
 0.039399 0.310406 0.117484 
 0.054481 0.307570 0.121769 
 -0.270726 0.360786 0.005908 
 -0.255683 0.357957 0.010182 
 -0.240640 0.355128 0.014457 
 -0.225597 0.352299 0.018732 
 -0.201844 0.355917 0.003713 
 -0.186840 0.353095 0.007976 
 -0.171836 0.350274 0.012240 
 -0.152535 0.350687 0.006839 
 -0.141828 0.344631 0.020767 
 -0.126824 0.341809 0.025031 
 -0.111819 0.338987 0.029295 
 -0.096815 0.336166 0.033558 
 -0.098610 0.320334 0.076586 
 -0.083528 0.317498 0.080872 
 -0.076768 0.308142 0.104562 
 -0.053364 0.311825 0.089443 
 -0.050648 0.299188 0.122869 
 -0.035508 0.296341 0.127171 
 -0.016285 0.296768 0.121749 
 0.006963 0.300481 0.106586 
 0.022045 0.297644 0.110872 
 0.037127 0.294808 0.115158 
 0.052208 0.291972 0.119444 
 -0.272993 0.345228 0.003588 
 -0.249118 0.348864 -0.011392 
 -0.242907 0.339570 0.012137 
 -0.219109 0.343221 -0.002865 
 -0.204105 0.340399 0.001399 
 -0.189101 0.337578 0.005662 
 -0.174097 0.334756 0.009926 
 -0.159093 0.331935 0.014190 
 -0.152649 0.322597 0.037785 
 -0.137606 0.319768 0.042060 
 -0.114080 0.323470 0.026981 
 -0.107520 0.314110 0.050610 
 -0.100882 0.304736 0.074260 
 -0.094167 0.295347 0.097934 
 -0.083210 0.289224 0.111930 
 -0.068070 0.286377 0.116232 
 -0.052930 0.283529 0.120534 
 -0.037790 0.280682 0.124837 
 -0.018563 0.281130 0.119418 
 -0.003443 0.278286 0.123715 
 0.019772 0.282046 0.108546 
 0.034854 0.279210 0.112832 
 0.049936 0.276374 0.117118 
 -0.275259 0.329670 0.001268 
 -0.260216 0.326841 0.005543 
 -0.245173 0.324012 0.009817 
 -0.230130 0.321183 0.014092 
 -0.206366 0.324882 -0.000915 
 -0.191362 0.322060 0.003349 
 -0.176357 0.319239 0.007612 
 -0.161353 0.316417 0.011876 
 -0.154915 0.307039 0.035466 
 -0.139872 0.304210 0.039740 
 -0.124829 0.301381 0.044015 
 -0.118236 0.291974 0.067649 
 -0.111565 0.282553 0.091305 
 -0.100631 0.276413 0.105293 
 -0.085491 0.273565 0.109595 
 -0.070351 0.270718 0.113897 
 -0.055211 0.267871 0.118200 
 -0.040071 0.265024 0.122502 
 -0.020842 0.265492 0.117086 
 0.002418 0.269285 0.101935 
 0.017500 0.266448 0.106221 
 0.032582 0.263612 0.110506 
 0.047664 0.260776 0.114792 
 -0.277526 0.314112 -0.001052 
 -0.253639 0.317829 -0.016020 
 -0.238635 0.315007 -0.011756 
 -0.223631 0.312185 -0.007493 
 -0.208626 0.309364 -0.003229 
 -0.193622 0.306542 0.001035 
 -0.178618 0.303721 0.005299 
 -0.163614 0.300899 0.009562 
 -0.148610 0.298077 0.013826 
 -0.142139 0.288652 0.037421 
 -0.127096 0.285823 0.041695 
 -0.112053 0.282994 0.045970 
 -0.113844 0.266914 0.088974 
 -0.102912 0.260754 0.102958 
 -0.087772 0.257907 0.107260 
 -0.072632 0.255060 0.111563 
 -0.057492 0.252213 0.115865 
 -0.042352 0.249366 0.120167 
 -0.023120 0.249853 0.114754 
 -0.007999 0.247010 0.119051 
 0.015228 0.250850 0.103895 
 0.030309 0.248014 0.108181 
 0.045391 0.245178 0.112466 
 -0.279792 0.298554 -0.003372 
 -0.255900 0.302311 -0.018334 
 -0.240895 0.299489 -0.014070 
 -0.225891 0.296668 -0.009806 
 -0.219620 0.287239 0.013727 
 -0.195883 0.291025 -0.001279 
 -0.189534 0.281581 0.022277 
 -0.165875 0.285381 0.007248 
 -0.159448 0.275923 0.030826 
 -0.144405 0.273094 0.035101 
 -0.129362 0.270265 0.039376 
 -0.114319 0.267436 0.043650 
 -0.116122 0.251276 0.086642 
 -0.101001 0.248433 0.090939 
 -0.090053 0.242249 0.104926 
 -0.074913 0.239402 0.109228 
 -0.059773 0.236555 0.113530 
 -0.044633 0.233707 0.117832 
 -0.025398 0.234215 0.112422 
 -0.010278 0.231372 0.116719 
 0.012955 0.235252 0.101569 
 0.028037 0.232416 0.105855 
 0.035084 0.222841 0.129610 
 0.050205 0.219998 0.133906 
 -0.243156 0.283972 -0.016384 
 -0.228152 0.281150 -0.012120 
 -0.221887 0.271681 0.011408 
 -0.206844 0.268852 0.015682 
 -0.191801 0.266023 0.019957 
 -0.176758 0.263194 0.024232 
 -0.161715 0.260365 0.028506 
 -0.146672 0.257536 0.032781 
 -0.140135 0.248016 0.056386 
 -0.125053 0.245180 0.060672 
 -0.118400 0.235638 0.084310 
 -0.107474 0.229438 0.098289 
 -0.092334 0.226591 0.102591 
 -0.077194 0.223744 0.106893 
 -0.062054 0.220896 0.111195 
 -0.046914 0.218049 0.115498 
 -0.031774 0.215202 0.119800 
 -0.012556 0.215733 0.114388 
 0.002565 0.212890 0.118684 
 0.017685 0.210046 0.122981 
 0.040846 0.213982 0.107815 
 0.055928 0.211146 0.112101 
 0.071010 0.208310 0.116386 
 0.190794 0.264547 -0.056176 
 0.205507 0.261780 -0.051995 
 0.227989 0.265843 -0.067354 
 0.242663 0.263084 -0.063184 
 0.257337 0.260324 -0.059014 
 0.272012 0.257565 -0.054844 
 -0.239196 0.258952 0.004813 
 -0.224153 0.256123 0.009088 
 -0.209110 0.253294 0.013362 
 -0.194067 0.250465 0.017637 
 -0.179024 0.247636 0.021912 
 -0.163981 0.244807 0.026187 
 -0.157489 0.235254 0.049774 
 -0.142407 0.232418 0.054060 
 -0.127326 0.229582 0.058346 
 -0.120678 0.220000 0.081978 
 -0.109755 0.213780 0.095954 
 -0.094615 0.210932 0.100256 
 -0.087793 0.201317 0.123938 
 -0.064335 0.205238 0.108861 
 -0.049195 0.202391 0.113163 
 -0.034055 0.199544 0.117465 
 -0.014834 0.200095 0.112056 
 0.000287 0.197252 0.116353 
 0.015407 0.194408 0.120649 
 0.038574 0.198384 0.105489 
 0.053656 0.195548 0.109775 
 0.068738 0.192711 0.114061 
 0.111573 0.213818 0.050132 
 0.162028 0.241825 -0.033375 
 0.180726 0.242475 -0.038933 
 0.203291 0.246564 -0.054264 
 0.225778 0.250667 -0.069617 
 0.240452 0.247908 -0.065447 
 0.255126 0.245148 -0.061277 
 0.269801 0.242388 -0.057107 
 0.288284 0.243079 -0.062726 
 0.302939 0.240323 -0.058562 
 -0.250252 0.236674 0.021734 
 -0.235171 0.233837 0.026020 
 -0.211377 0.237736 0.011043 
 -0.196334 0.234907 0.015317 
 -0.181291 0.232078 0.019592 
 -0.166248 0.229249 0.023867 
 -0.159762 0.219656 0.047449 
 -0.144680 0.216820 0.051734 
 -0.129598 0.213984 0.056020 
 -0.122957 0.204362 0.079647 
 -0.107836 0.201518 0.083943 
 -0.096897 0.195274 0.097921 
 -0.081757 0.192427 0.102224 
 -0.066617 0.189580 0.106526 
 -0.051477 0.186733 0.110828 
 -0.036336 0.183885 0.115130 
 -0.017112 0.184457 0.109724 
 -0.001992 0.181614 0.114021 
 0.013129 0.178770 0.118318 
 0.036302 0.182786 0.103163 
 0.059397 0.186816 0.087988 
 0.074440 0.183987 0.092262 
 0.109321 0.198361 0.047827 
 0.144009 0.212771 0.003337 
 0.186361 0.234114 -0.060714 
 0.201074 0.231347 -0.056533 
 0.223567 0.235491 -0.071880 
 0.238241 0.232731 -0.067710 
 0.252915 0.229971 -0.063540 
 0.271421 0.230678 -0.069151 
 0.286076 0.227922 -0.064986 
 0.300731 0.225166 -0.060822 
 -0.261320 0.214315 0.038644 
 -0.237443 0.218239 0.023694 
 -0.222361 0.215403 0.027980 
 -0.207279 0.212567 0.032266 
 -0.183557 0.216521 0.017272 
 -0.168515 0.213692 0.021547 
 -0.162034 0.204058 0.045123 
 -0.146952 0.201222 0.049409 
 -0.131870 0.198386 0.053694 
 -0.116789 0.195550 0.057980 
 -0.110114 0.185880 0.081612 
 -0.094994 0.183036 0.085908 
 -0.079873 0.180193 0.090205 
 -0.064752 0.177349 0.094502 
 -0.049632 0.174506 0.098799 
 -0.034511 0.171662 0.103096 
 -0.019390 0.168819 0.107392 
 -0.004270 0.165975 0.111689 
 0.018948 0.170024 0.096552 
 0.034029 0.167188 0.100838 
 0.057130 0.171258 0.085668 
 0.080153 0.175343 0.070476 
 0.107070 0.182903 0.045523 
 0.141772 0.197414 0.001048 
 0.176280 0.211961 -0.043483 
 0.198857 0.216130 -0.058802 
 0.221356 0.220314 -0.074143 
 0.236030 0.217554 -0.069973 
 0.250704 0.214795 -0.065803 
 0.265379 0.212035 -0.061633 
 0.280053 0.209276 -0.057463 
 0.294727 0.206516 -0.053293 
 -0.263599 0.198676 0.036312 
 -0.239715 0.202641 0.021368 
 -0.224634 0.199805 0.025654 
 -0.209552 0.196969 0.029940 
 -0.185824 0.200963 0.014953 
 -0.170781 0.198134 0.019227 
 -0.164306 0.188460 0.042797 
 -0.149225 0.185624 0.047083 
 -0.134143 0.182788 0.051369 
 -0.119061 0.179952 0.055654 
 -0.112392 0.170241 0.079280 
 -0.097272 0.167398 0.083577 
 -0.082151 0.164554 0.087873 
 -0.067031 0.161711 0.092170 
 -0.051910 0.158868 0.096467 
 -0.036789 0.156024 0.100764 
 -0.021669 0.153181 0.105061 
 -0.006548 0.150337 0.109357 
 0.008573 0.147494 0.113654 
 0.031757 0.151590 0.098512 
 0.054864 0.155700 0.083348 
 0.069907 0.152871 0.087623 
 0.104818 0.167446 0.043218 
 0.139535 0.182057 -0.001242 
 0.181927 0.203681 -0.065252 
 0.196640 0.200914 -0.061071 
 0.219145 0.205138 -0.076406 
 0.233819 0.202378 -0.072236 
 0.248493 0.199618 -0.068066 
 0.263168 0.196859 -0.063896 
 0.277842 0.194099 -0.059726 
 0.292516 0.191340 -0.055556 
 -0.285420 0.182465 0.039290 
 -0.265877 0.183038 0.033980 
 -0.241988 0.187043 0.019043 
 -0.218177 0.191062 0.004083 
 -0.203134 0.188234 0.008358 
 -0.188091 0.185405 0.012633 
 -0.173048 0.182576 0.016908 
 -0.166579 0.172862 0.040471 
 -0.142962 0.176918 0.025457 
 -0.136415 0.167190 0.049043 
 -0.121333 0.164354 0.053329 
 -0.114671 0.154603 0.076948 
 -0.099550 0.151760 0.081245 
 -0.084429 0.148916 0.085542 
 -0.069309 0.146073 0.089839 
 -0.054188 0.143229 0.094135 
 -0.039068 0.140386 0.098432 
 -0.023947 0.137542 0.102729 
 -0.008826 0.134699 0.107026 
 0.014403 0.138828 0.091900 
 0.029485 0.135992 0.096186 
 0.052597 0.140142 0.081028 
 0.075632 0.144308 0.065848 
 0.110519 0.158990 0.021447 
 0.153126 0.180718 -0.042486 
 0.171835 0.181448 -0.048032 
 0.194423 0.185697 -0.063340 
 0.216934 0.189961 -0.078669 
 0.231608 0.187202 -0.074499 
 0.246283 0.184442 -0.070329 
 0.260957 0.181683 -0.066159 
 0.287095 0.189513 -0.091320 
 0.301711 0.186764 -0.087167 
 -0.287701 0.166807 0.036955 
 -0.272561 0.163960 0.041257 
 -0.244260 0.171445 0.016717 
 -0.229178 0.168609 0.021003 
 -0.214097 0.165773 0.025288 
 -0.199015 0.162936 0.029574 
 -0.183933 0.160100 0.033860 
 -0.168851 0.157264 0.038146 
 -0.145228 0.161360 0.023137 
 -0.138688 0.151592 0.046717 
 -0.123606 0.148755 0.051003 
 -0.108524 0.145919 0.055289 
 -0.093442 0.143083 0.059574 
 -0.086708 0.133278 0.083210 
 -0.071587 0.130435 0.087507 
 -0.056466 0.127591 0.091804 
 -0.041346 0.124748 0.096100 
 -0.026225 0.121904 0.100397 
 -0.011105 0.119061 0.104694 
 0.012130 0.123230 0.089575 
 0.035288 0.127413 0.074434 
 0.050330 0.124584 0.078708 
 0.073371 0.128790 0.063535 
 0.112252 0.147093 0.009418 
 0.154860 0.168965 -0.054499 
 0.177494 0.173247 -0.069790 
 0.192207 0.170481 -0.065609 
 0.214723 0.174785 -0.080932 
 0.229397 0.172025 -0.076762 
 0.244072 0.169266 -0.072592 
 0.258746 0.166506 -0.068422 
 0.277244 0.167297 -0.074026 
 0.291899 0.164541 -0.069862 
 -0.285554 0.154605 0.025020 
 -0.270433 0.151762 0.029317 
 -0.246532 0.155847 0.014391 
 -0.231451 0.153011 0.018677 
 -0.216369 0.150175 0.022963 
 -0.201287 0.147338 0.027248 
 -0.177581 0.151460 0.012268 
 -0.162538 0.148631 0.016543 
 -0.147495 0.145802 0.020817 
 -0.132452 0.142973 0.025092 
 -0.125878 0.133157 0.048677 
 -0.110796 0.130321 0.052963 
 -0.095715 0.127485 0.057249 
 -0.080633 0.124649 0.061534 
 -0.065551 0.121813 0.065820 
 -0.050469 0.118976 0.070106 
 -0.035387 0.116140 0.074392 
 -0.020306 0.113304 0.078677 
 -0.005224 0.110468 0.082963 
 0.009858 0.107632 0.087249 
 0.033021 0.111855 0.072114 
 0.048064 0.109027 0.076389 
 0.071110 0.113272 0.061221 
 0.117974 0.138778 -0.012331 
 0.152638 0.153708 -0.056774 
 0.175277 0.158031 -0.072059 
 0.189990 0.155264 -0.067878 
 0.212512 0.159608 -0.083194 
 0.227186 0.156849 -0.079025 
 0.241861 0.154089 -0.074855 
 0.256535 0.151329 -0.070685 
 0.271209 0.148570 -0.066515 
 0.285883 0.145810 -0.062345 
 0.300557 0.143051 -0.058175 
 -0.287832 0.138967 0.022688 
 -0.272711 0.136124 0.026985 
 -0.248805 0.140249 0.012065 
 -0.233723 0.137413 0.016351 
 -0.218641 0.134577 0.020637 
 -0.203559 0.131740 0.024923 
 -0.188478 0.128904 0.029208 
 -0.173396 0.126068 0.033494 
 -0.149761 0.130244 0.018498 
 -0.143232 0.120396 0.042066 
 -0.128150 0.117559 0.046351 
 -0.113069 0.114723 0.050637 
 -0.097987 0.111887 0.054923 
 -0.082905 0.109051 0.059209 
 -0.067823 0.106215 0.063494 
 -0.052741 0.103378 0.067780 
 -0.037660 0.100542 0.072066 
 -0.022578 0.097706 0.076352 
 -0.007496 0.094870 0.080637 
 0.007586 0.092034 0.084923 
 0.030754 0.096297 0.069794 
 0.053846 0.100576 0.054643 
 0.068850 0.097754 0.058907 
 0.123707 0.130543 -0.034070 
 0.158347 0.145581 -0.078508 
 0.180953 0.149951 -0.093797 
 0.195627 0.147191 -0.089627 
 0.210301 0.144432 -0.085457 
 0.224975 0.141672 -0.081287 
 0.239650 0.138913 -0.077118 
 0.254324 0.136153 -0.072948 
 0.268998 0.133393 -0.068778 
 0.283672 0.130634 -0.064608 
 0.298346 0.127874 -0.060438 
 -0.281241 0.130323 0.001168 
 -0.266159 0.127487 0.005454 
 -0.251077 0.124651 0.009740 
 -0.235995 0.121815 0.014025 
 -0.220914 0.118979 0.018311 
 -0.205832 0.116142 0.022597 
 -0.190750 0.113306 0.026883 
 -0.175668 0.110470 0.031168 
 -0.152028 0.114686 0.016178 
 -0.145505 0.104798 0.039740 
 -0.130423 0.101961 0.044026 
 -0.115341 0.099125 0.048311 
 -0.100259 0.096289 0.052597 
 -0.085177 0.093453 0.056883 
 -0.070096 0.090617 0.061169 
 -0.055014 0.087780 0.065454 
 -0.039932 0.084944 0.069740 
 -0.024850 0.082108 0.074026 
 -0.009769 0.079272 0.078312 
 0.005313 0.076436 0.082597 
 0.028488 0.080740 0.067474 
 0.043531 0.077911 0.071749 
 0.126704 0.135898 -0.089139 
 0.149394 0.140293 -0.104400 
 0.164068 0.137534 -0.100230 
 0.182691 0.138363 -0.105792 
 0.193416 0.132015 -0.091890 
 0.212001 0.132851 -0.097463 
 0.226656 0.130095 -0.093299 
 0.241310 0.127339 -0.089134 
 0.255965 0.124583 -0.084970 
 0.266787 0.118217 -0.071041 
 0.281461 0.115458 -0.066871 
 0.296135 0.112698 -0.062701 
 -0.298595 0.117562 -0.005443 
 -0.283513 0.114725 -0.001158 
 -0.268431 0.111889 0.003128 
 -0.253350 0.109053 0.007414 
 -0.238268 0.106217 0.011700 
 -0.223186 0.103381 0.015985 
 -0.208104 0.100544 0.020271 
 -0.193022 0.097708 0.024557 
 -0.177941 0.094872 0.028843 
 -0.154294 0.099128 0.013858 
 -0.147777 0.089200 0.037414 
 -0.132695 0.086363 0.041700 
 -0.117613 0.083527 0.045986 
 -0.102532 0.080691 0.050271 
 -0.087450 0.077855 0.054557 
 -0.072368 0.075019 0.058843 
 -0.057286 0.072182 0.063129 
 -0.042205 0.069346 0.067414 
 -0.027123 0.066510 0.071700 
 -0.012041 0.063674 0.075986 
 0.003041 0.060838 0.080272 
 0.026221 0.065182 0.065155 
 0.041264 0.062353 0.069429 
 0.124487 0.120681 -0.091408 
 0.151174 0.128718 -0.116381 
 0.165829 0.125962 -0.112216 
 0.180483 0.123206 -0.108052 
 0.195138 0.120450 -0.103888 
 0.209793 0.117694 -0.099723 
 0.224448 0.114938 -0.095559 
 0.239102 0.112183 -0.091394 
 0.249902 0.105800 -0.077473 
 0.264576 0.103041 -0.073304 
 0.279250 0.100281 -0.069134 
 0.293924 0.097521 -0.064964 
 -0.300867 0.101963 -0.007769 
 -0.285786 0.099127 -0.003483 
 -0.270704 0.096291 0.000802 
 -0.255622 0.093455 0.005088 
 -0.240540 0.090619 0.009374 
 -0.225458 0.087782 0.013660 
 -0.210377 0.084946 0.017945 
 -0.195295 0.082110 0.022231 
 -0.180213 0.079274 0.026517 
 -0.156561 0.083571 0.011538 
 -0.150049 0.073601 0.035088 
 -0.134968 0.070765 0.039374 
 -0.119886 0.067929 0.043660 
 -0.104804 0.065093 0.047946 
 -0.089722 0.062257 0.052231 
 -0.074641 0.059420 0.056517 
 -0.059559 0.056584 0.060803 
 -0.044477 0.053748 0.065089 
 -0.029395 0.050912 0.069374 
 -0.006131 0.055282 0.054286 
 0.008912 0.052453 0.058560 
 0.015850 0.042403 0.082231 
 0.115623 0.115459 -0.117266 
 0.134311 0.116317 -0.122805 
 0.148966 0.113562 -0.118641 
 0.163621 0.110806 -0.114476 
 0.186186 0.115307 -0.129764 
 0.192930 0.105294 -0.106147 
 0.215418 0.109810 -0.121457 
 0.230034 0.107061 -0.117304 
 0.244650 0.104313 -0.113151 
 0.251549 0.094270 -0.089490 
 0.266204 0.091514 -0.085325 
 0.277039 0.085104 -0.071397 
 0.291713 0.082345 -0.067227 
 -0.288058 0.083529 -0.005809 
 -0.272976 0.080693 -0.001523 
 -0.257894 0.077857 0.002762 
 -0.242813 0.075021 0.007048 
 -0.227731 0.072184 0.011334 
 -0.212649 0.069348 0.015620 
 -0.197567 0.066512 0.019905 
 -0.182485 0.063676 0.024191 
 -0.158827 0.068013 0.009219 
 -0.152322 0.058003 0.032763 
 -0.137240 0.055167 0.037048 
 -0.122158 0.052331 0.041334 
 -0.107076 0.049495 0.045620 
 -0.091995 0.046659 0.049906 
 -0.076913 0.043822 0.054191 
 -0.061831 0.040986 0.058477 
 -0.038484 0.045381 0.043416 
 -0.023441 0.042553 0.047691 
 -0.008398 0.039724 0.051966 
 0.006645 0.036895 0.056240 
 0.098738 0.103042 -0.123698 
 0.113412 0.100283 -0.119528 
 0.132103 0.101161 -0.125065 
 0.146758 0.098405 -0.120901 
 0.169368 0.102939 -0.136171 
 0.183984 0.100191 -0.132018 
 0.198600 0.097442 -0.127865 
 0.213216 0.094693 -0.123711 
 0.231731 0.095604 -0.129297 
 0.242448 0.089196 -0.115405 
 0.249341 0.079114 -0.091750 
 0.263996 0.076358 -0.087585 
 0.267184 0.062580 -0.054136 
 0.281897 0.059813 -0.049955 
 -0.299223 0.060776 0.011030 
 -0.284103 0.057933 0.015326 
 -0.260167 0.062259 0.000437 
 -0.245085 0.059422 0.004722 
 -0.230003 0.056586 0.009008 
 -0.214921 0.053750 0.013294 
 -0.199840 0.050914 0.017580 
 -0.184758 0.048078 0.021865 
 -0.169676 0.045241 0.026151 
 -0.154594 0.042405 0.030437 
 -0.139512 0.039569 0.034723 
 -0.124431 0.036733 0.039008 
 -0.109349 0.033897 0.043294 
 -0.094267 0.031061 0.047580 
 -0.070836 0.035481 0.032547 
 -0.055793 0.032653 0.036822 
 -0.040750 0.029824 0.041097 
 -0.025707 0.026995 0.045371 
 0.132731 0.151675 -0.289204 
 0.147095 0.148974 -0.285122 
 0.161458 0.146273 -0.281041 
 0.123318 0.096069 -0.150885 
 0.137934 0.093320 -0.146732 
 0.152550 0.090572 -0.142579 
 0.167166 0.087823 -0.138425 
 0.185743 0.088743 -0.143992 
 0.200339 0.085998 -0.139844 
 0.214936 0.083253 -0.135696 
 0.229532 0.080508 -0.131548 
 0.240245 0.074080 -0.117659 
 0.247133 0.063957 -0.094010 
 0.257943 0.057511 -0.080092 
 0.257316 0.039975 -0.036888 
 0.272068 0.037200 -0.032696 
 -0.345207 0.040054 0.028809 
 -0.321091 0.044388 0.013975 
 -0.301501 0.045138 0.008698 
 -0.286381 0.042295 0.012995 
 -0.262439 0.046661 -0.001889 
 -0.247357 0.043824 0.002397 
 -0.232276 0.040988 0.006682 
 -0.217194 0.038152 0.010968 
 -0.202112 0.035316 0.015254 
 -0.187030 0.032480 0.019540 
 -0.171948 0.029643 0.023825 
 -0.156867 0.026807 0.028111 
 -0.141785 0.023971 0.032397 
 -0.126703 0.021135 0.036683 
 -0.111621 0.018299 0.040968 
 -0.096539 0.015462 0.045254 
 -0.073103 0.019923 0.030227 
 -0.066376 0.009790 0.053826 
 -0.043017 0.014266 0.038777 
 0.116203 0.139521 -0.295501 
 0.130567 0.136820 -0.291419 
 0.149011 0.137786 -0.297021 
 0.163355 0.135088 -0.292945 
 0.121116 0.080953 -0.153139 
 0.135731 0.078204 -0.148986 
 0.150347 0.075455 -0.144833 
 0.168947 0.076392 -0.150391 
 0.183543 0.073647 -0.146243 
 0.198140 0.070902 -0.142095 
 0.212736 0.068157 -0.137947 
 0.235145 0.072811 -0.153266 
 0.241930 0.062667 -0.129651 
 0.252659 0.056215 -0.115759 
 0.267275 0.053467 -0.111606 
 0.281891 0.050718 -0.107452 
 0.269845 0.021944 -0.034971 
 -0.347494 0.024356 0.026468 
 -0.332315 0.021502 0.030782 
 -0.317136 0.018647 0.035095 
 -0.293092 0.023035 0.020245 
 -0.273538 0.023813 0.014960 
 -0.249630 0.028226 0.000071 
 -0.234548 0.025390 0.004357 
 -0.219466 0.022554 0.008642 
 -0.204384 0.019718 0.012928 
 -0.189303 0.016882 0.017214 
 -0.174221 0.014045 0.021500 
 -0.159139 0.011209 0.025785 
 -0.144057 0.008373 0.030071 
 -0.128975 0.005537 0.034357 
 -0.113894 0.002701 0.038643 
 -0.090412 0.007194 0.023633 
 0.062587 0.125432 -0.290654 
 0.076989 0.122723 -0.286561 
 0.103817 0.131043 -0.311462 
 0.118161 0.128345 -0.307386 
 0.132505 0.125648 -0.303310 
 0.146850 0.122950 -0.299233 
 0.161194 0.120253 -0.295157 
 0.131047 0.076919 -0.184469 
 0.137554 0.066786 -0.160937 
 0.152151 0.064041 -0.156789 
 0.166748 0.061296 -0.152642 
 0.189278 0.065968 -0.167922 
 0.203836 0.063231 -0.163785 
 0.218393 0.060493 -0.159648 
 0.232951 0.057755 -0.155511 
 0.239730 0.047571 -0.131902 
 0.254327 0.044826 -0.127755 
 0.268923 0.042081 -0.123607 
 0.279689 0.035602 -0.109706 
 -0.349781 0.008658 0.024128 
 -0.334602 0.005803 0.028441 
 -0.319423 0.002949 0.032754 
 -0.295373 0.007377 0.017910 
 -0.275817 0.008175 0.012628 
 -0.251902 0.012628 -0.002255 
 -0.236820 0.009792 0.002031 
 -0.221739 0.006956 0.006317 
 -0.215334 -0.003199 0.029815 
 -0.191575 0.001284 0.014888 
 -0.176493 -0.001553 0.019174 
 -0.169972 -0.011730 0.042705 
 -0.154852 -0.014573 0.047002 
 -0.139731 -0.017417 0.051299 
 -0.116166 -0.012897 0.036317 
 0.041812 0.109560 -0.287323 
 0.060417 0.110536 -0.292875 
 0.074819 0.107828 -0.288782 
 0.085077 0.101423 -0.275028 
 0.103624 0.102411 -0.280597 
 0.126238 0.107109 -0.295849 
 0.140602 0.104408 -0.291768 
 0.142765 0.090575 -0.258635 
 0.136949 0.069291 -0.206092 
 0.151468 0.066561 -0.201966 
 0.157969 0.056387 -0.178440 
 0.172527 0.053650 -0.174303 
 0.187085 0.050912 -0.170167 
 0.201642 0.048175 -0.166030 
 0.216200 0.045437 -0.161893 
 0.230758 0.042699 -0.157756 
 0.245315 0.039962 -0.153619 
 0.259873 0.037224 -0.149482 
 0.232043 -0.006772 -0.038160 
 0.246814 -0.009550 -0.033963 
 0.261586 -0.012328 -0.029765 
 0.276357 -0.015106 -0.025568 
 0.291128 -0.017884 -0.021370 
 -0.352068 -0.007041 0.021787 
 -0.336889 -0.009895 0.026100 
 -0.321710 -0.012750 0.030413 
 -0.306532 -0.015604 0.034727 
 -0.282514 -0.011129 0.019877 
 -0.262974 -0.010307 0.014593 
 -0.247854 -0.013151 0.018890 
 -0.232733 -0.015994 0.023187 
 -0.217612 -0.018838 0.027483 
 -0.193847 -0.014314 0.012562 
 -0.178766 -0.017151 0.016848 
 -0.172251 -0.027368 0.040374 
 -0.157130 -0.030212 0.044670 
 -0.142009 -0.033055 0.048967 
 0.004091 0.078849 -0.245463 
 0.018610 0.076118 -0.241337 
 0.045688 0.084514 -0.266153 
 0.060149 0.081795 -0.262044 
 0.082904 0.086508 -0.277252 
 0.097326 0.083796 -0.273154 
 0.115857 0.084807 -0.278725 
 0.130259 0.082099 -0.274632 
 0.144662 0.079390 -0.270540 
 0.138812 0.058010 -0.218017 
 0.153311 0.055283 -0.213897 
 0.155776 0.041331 -0.180685 
 0.170333 0.038594 -0.176548 
 0.184891 0.035856 -0.172411 
 0.199449 0.033119 -0.168275 
 0.214007 0.030381 -0.164138 
 0.228564 0.027643 -0.160001 
 0.243122 0.024906 -0.155864 
 0.249928 0.014634 -0.132256 
 0.264525 0.011889 -0.128109 
 0.244589 -0.024827 -0.036241 
 0.259360 -0.027605 -0.032043 
 0.274131 -0.030383 -0.027846 
 0.288902 -0.033160 -0.023648 
 0.307433 -0.032149 -0.029219 
 0.329665 -0.027338 -0.044576 
 0.344378 -0.030105 -0.040395 
 -0.354355 -0.022739 0.019446 
 -0.339176 -0.025594 0.023759 
 -0.323997 -0.028448 0.028073 
 -0.308819 -0.031303 0.032386 
 -0.284795 -0.026787 0.017543 
 -0.269655 -0.029634 0.021845 
 -0.254515 -0.032481 0.026147 
 -0.235011 -0.031632 0.020855 
 -0.219891 -0.034476 0.025152 
 -0.204770 -0.037319 0.029448 
 -0.189649 -0.040163 0.033745 
 -0.174529 -0.043006 0.038042 
 -0.159408 -0.045850 0.042339 
 -0.021110 0.059127 -0.232572 
 -0.006553 0.056389 -0.228435 
 0.016423 0.061102 -0.243576 
 0.035131 0.062101 -0.249095 
 0.057970 0.066839 -0.264274 
 0.080731 0.071592 -0.279476 
 0.095153 0.068880 -0.275378 
 0.109575 0.066168 -0.271280 
 0.123997 0.063456 -0.267181 
 0.130273 0.053242 -0.243728 
 0.132574 0.039260 -0.210570 
 0.139025 0.029013 -0.187067 
 0.153582 0.026275 -0.182930 
 0.160150 0.016007 -0.159394 
 0.174746 0.013262 -0.155247 
 0.189343 0.010517 -0.151099 
 0.203939 0.007772 -0.146951 
 0.226371 0.012587 -0.162246 
 0.229234 -0.001501 -0.128928 
 0.243850 -0.004250 -0.124775 
 0.231451 -0.033535 -0.052454 
 0.246203 -0.036309 -0.048262 
 0.268596 -0.031487 -0.063569 
 0.283309 -0.034254 -0.059388 
 0.305585 -0.029409 -0.074727 
 0.320259 -0.032169 -0.070557 
 0.327448 -0.042554 -0.046845 
 0.334714 -0.052954 -0.023110 
 0.364282 -0.040448 -0.058047 
 0.378956 -0.043207 -0.053877 
 -0.356642 -0.038438 0.017105 
 -0.341463 -0.041292 0.021419 
 -0.326284 -0.044147 0.025732 
 -0.311106 -0.047001 0.030045 
 -0.287076 -0.042445 0.015208 
 -0.271936 -0.045292 0.019510 
 -0.252410 -0.044427 0.014226 
 -0.237289 -0.047270 0.018523 
 -0.222169 -0.050114 0.022820 
 -0.207048 -0.052957 0.027117 
 -0.183310 -0.048347 0.012197 
 -0.168229 -0.051183 0.016482 
 -0.046401 0.039340 -0.219715 
 -0.023304 0.044071 -0.234817 
 -0.008746 0.041333 -0.230680 
 0.014235 0.046086 -0.245815 
 0.032946 0.047105 -0.251331 
 0.055791 0.051884 -0.266504 
 0.070252 0.049164 -0.262395 
 0.092980 0.053965 -0.277602 
 0.107402 0.051253 -0.273504 
 0.121824 0.048541 -0.269405 
 0.128094 0.038287 -0.245958 
 0.134442 0.028018 -0.222489 
 0.136831 0.013957 -0.189312 
 0.151389 0.011219 -0.185175 
 0.157950 0.000911 -0.161645 
 0.172547 -0.001834 -0.157497 
 0.187144 -0.004579 -0.153350 
 0.201740 -0.007324 -0.149202 
 0.216337 -0.010069 -0.145054 
 0.227032 -0.016618 -0.131182 
 0.233885 -0.026981 -0.107569 
 0.229228 -0.048792 -0.054729 
 0.251666 -0.043937 -0.070019 
 0.266379 -0.046704 -0.065838 
 0.281092 -0.049470 -0.061657 
 0.303374 -0.044586 -0.076990 
 0.310518 -0.055004 -0.053295 
 0.332722 -0.050105 -0.068650 
 0.347397 -0.052865 -0.064480 
 0.365778 -0.051784 -0.070089 
 0.376745 -0.058384 -0.056140 
 0.391419 -0.061143 -0.051970 
 -0.358929 -0.054136 0.014765 
 -0.343750 -0.056991 0.019078 
 -0.328571 -0.059845 0.023391 
 -0.313393 -0.062700 0.027705 
 -0.289358 -0.058103 0.012873 
 -0.274218 -0.060951 0.017175 
 -0.259078 -0.063798 0.021478 
 -0.243937 -0.066645 0.025780 
 -0.228797 -0.069492 0.030082 
 -0.209327 -0.068596 0.024785 
 -0.185583 -0.063945 0.009871 
 -0.170501 -0.066781 0.014157 
 -0.048600 0.024244 -0.221966 
 -0.034004 0.021499 -0.217818 
 -0.010939 0.026277 -0.232925 
 0.003618 0.023540 -0.228788 
 0.026566 0.028340 -0.243928 
 0.045261 0.029383 -0.249446 
 0.068073 0.034209 -0.264625 
 0.090807 0.039049 -0.279826 
 0.105229 0.036337 -0.275728 
 0.119651 0.033625 -0.271629 
 0.125916 0.023331 -0.248188 
 0.128199 0.009228 -0.215048 
 0.134638 -0.001099 -0.191557 
 0.149195 -0.003837 -0.187420 
 0.155751 -0.014185 -0.163896 
 0.170348 -0.016930 -0.159748 
 0.184944 -0.019675 -0.155601 
 0.199541 -0.022420 -0.151453 
 0.214137 -0.025165 -0.147305 
 0.224830 -0.031734 -0.133436 
 0.239446 -0.034482 -0.129283 
 0.242466 -0.048724 -0.095932 
 0.257141 -0.051484 -0.091763 
 0.271815 -0.054243 -0.087593 
 0.286489 -0.057003 -0.083423 
 0.304951 -0.055917 -0.089007 
 0.319605 -0.058673 -0.084843 
 0.334260 -0.061429 -0.080678 
 0.345186 -0.068041 -0.066743 
 0.363570 -0.066940 -0.072349 
 0.374534 -0.073560 -0.058403 
 0.389208 -0.076320 -0.054233 
 -0.361216 -0.069835 0.012424 
 -0.346037 -0.072689 0.016737 
 -0.330858 -0.075544 0.021051 
 -0.315680 -0.078398 0.025364 
 -0.291639 -0.073762 0.010538 
 -0.276499 -0.076609 0.014841 
 -0.256967 -0.075703 0.009563 
 -0.241846 -0.078547 0.013860 
 -0.226725 -0.081390 0.018156 
 -0.202937 -0.076707 0.003259 
 -0.187855 -0.079543 0.007545 
 -0.069691 0.008122 -0.218757 
 -0.055075 0.005373 -0.214604 
 -0.036203 0.006403 -0.220069 
 -0.021606 0.003658 -0.215921 
 0.001425 0.008484 -0.231033 
 0.024379 0.013324 -0.246167 
 0.043076 0.014387 -0.251682 
 0.057576 0.011660 -0.247562 
 0.080355 0.016533 -0.262746 
 0.094815 0.013814 -0.258636 
 0.109276 0.011095 -0.254527 
 0.123737 0.008375 -0.250418 
 0.126011 -0.005788 -0.217287 
 0.132444 -0.016155 -0.193802 
 0.147002 -0.018893 -0.189665 
 0.153552 -0.029282 -0.166147 
 0.168148 -0.032026 -0.161999 
 0.182745 -0.034771 -0.157851 
 0.193396 -0.041353 -0.143997 
 0.211938 -0.040261 -0.149556 
 0.222628 -0.046850 -0.135690 
 0.237244 -0.049599 -0.131537 
 0.240255 -0.063901 -0.098195 
 0.254930 -0.066660 -0.094025 
 0.269604 -0.069420 -0.089856 
 0.284278 -0.072179 -0.085686 
 0.302743 -0.071073 -0.091267 
 0.317397 -0.073829 -0.087102 
 0.332052 -0.076585 -0.082938 
 0.342975 -0.083218 -0.069006 
 0.357649 -0.085977 -0.064836 
 0.372323 -0.088737 -0.060666 
 0.386997 -0.091496 -0.056496 
 -0.378682 -0.082679 0.005770 
 -0.372526 -0.093035 0.029171 
 -0.357308 -0.095896 0.033496 
 -0.333145 -0.091242 0.018710 
 -0.317967 -0.094096 0.023023 
 -0.289486 -0.085655 -0.001362 
 -0.278780 -0.092267 0.012506 
 -0.259245 -0.091342 0.007231 
 -0.244124 -0.094185 0.011528 
 -0.220291 -0.089469 -0.003352 
 -0.205209 -0.092305 0.000934 
 -0.086509 -0.004246 -0.225165 
 -0.071893 -0.006995 -0.221011 
 -0.052999 -0.005948 -0.226468 
 -0.038402 -0.008693 -0.222320 
 -0.023806 -0.011438 -0.218172 
 -0.000769 -0.006572 -0.233278 
 0.022191 -0.001691 -0.248406 
 0.040892 -0.000609 -0.253918 
 0.055391 -0.003336 -0.249798 
 0.078176 0.001578 -0.264976 
 0.084390 -0.008789 -0.241558 
 0.098890 -0.011516 -0.237437 
 0.113389 -0.014242 -0.233317 
 0.123823 -0.020804 -0.219526 
 0.122160 -0.038888 -0.176694 
 0.144809 -0.033949 -0.191910 
 0.151353 -0.044378 -0.168398 
 0.161962 -0.050972 -0.154557 
 0.176578 -0.053721 -0.150404 
 0.191194 -0.056469 -0.146251 
 0.209739 -0.055357 -0.151807 
 0.220426 -0.061966 -0.137944 
 0.235042 -0.064715 -0.133790 
 0.241915 -0.075206 -0.110184 
 0.256570 -0.077962 -0.106020 
 0.267393 -0.084596 -0.092118 
 0.285880 -0.083474 -0.097691 
 0.300534 -0.086230 -0.093527 
 0.315189 -0.088986 -0.089362 
 0.329844 -0.091741 -0.085198 
 0.340764 -0.098394 -0.071269 
 0.355438 -0.101154 -0.067099 
 0.370112 -0.103913 -0.062929 
 0.384786 -0.106673 -0.058759 
 -0.380969 -0.098377 0.003429 
 -0.374819 -0.108773 0.026825 
 -0.359601 -0.111635 0.031149 
 -0.344384 -0.114497 0.035473 
 -0.320254 -0.109795 0.020682 
 -0.291764 -0.101293 -0.003694 
 -0.276644 -0.104136 0.000603 
 -0.252727 -0.099394 -0.014249 
 -0.228888 -0.094638 -0.029123 
 -0.213845 -0.097467 -0.024848 
 -0.116347 -0.028025 -0.202799 
 -0.088712 -0.019362 -0.227418 
 -0.074096 -0.022111 -0.223265 
 -0.059480 -0.024859 -0.219112 
 -0.040602 -0.023790 -0.224571 
 -0.026005 -0.026535 -0.220423 
 -0.002962 -0.021628 -0.235523 
 0.020004 -0.016707 -0.250645 
 0.034522 -0.019438 -0.246519 
 0.049041 -0.022168 -0.242394 
 0.067706 -0.021058 -0.247914 
 0.082205 -0.023785 -0.243793 
 0.092598 -0.030359 -0.230016 
 0.107117 -0.033089 -0.225891 
 0.113500 -0.043529 -0.202428 
 0.115912 -0.057842 -0.169271 
 0.134557 -0.056729 -0.174797 
 0.145144 -0.063340 -0.160965 
 0.159760 -0.066088 -0.156811 
 0.174376 -0.068837 -0.152658 
 0.181088 -0.079339 -0.129102 
 0.203607 -0.074334 -0.144351 
 0.218223 -0.077083 -0.140198 
 0.232839 -0.079831 -0.136044 
 0.239707 -0.090362 -0.112444 
 0.254362 -0.093118 -0.108280 
 0.269017 -0.095874 -0.104115 
 0.283672 -0.098630 -0.099951 
 0.298326 -0.101386 -0.095787 
 0.312981 -0.104142 -0.091622 
 0.327636 -0.106898 -0.087458 
 0.338553 -0.113571 -0.073532 
 0.353227 -0.116330 -0.069362 
 0.367901 -0.119090 -0.065192 
 0.382575 -0.121849 -0.061022 
 -0.392330 -0.121650 0.020154 
 -0.377112 -0.124512 0.024478 
 -0.361894 -0.127374 0.028802 
 -0.346677 -0.130235 0.033127 
 -0.322541 -0.125493 0.018342 
 -0.294043 -0.116931 -0.006026 
 -0.270081 -0.112156 -0.020861 
 -0.246198 -0.107367 -0.035717 
 -0.231155 -0.110195 -0.031443 
 -0.163766 -0.067183 -0.142156 
 -0.148956 -0.069968 -0.137948 
 -0.103884 -0.045961 -0.200892 
 -0.084906 -0.044889 -0.206321 
 -0.061682 -0.039976 -0.221366 
 -0.042801 -0.038886 -0.226822 
 -0.028204 -0.041631 -0.222674 
 -0.005155 -0.036684 -0.237768 
 0.009402 -0.039422 -0.233631 
 0.032335 -0.034454 -0.248758 
 0.046854 -0.037184 -0.244633 
 0.065521 -0.036054 -0.250150 
 0.075892 -0.042645 -0.236381 
 0.090410 -0.045375 -0.232255 
 0.104929 -0.048105 -0.228129 
 0.111306 -0.058585 -0.204673 
 0.113710 -0.072959 -0.171525 
 0.128326 -0.075707 -0.167372 
 0.142941 -0.078456 -0.163218 
 0.157557 -0.081204 -0.159065 
 0.164225 -0.091739 -0.135526 
 0.178880 -0.094495 -0.131362 
 0.201405 -0.089450 -0.146605 
 0.208190 -0.100007 -0.123033 
 0.222845 -0.102763 -0.118869 
 0.237499 -0.105519 -0.114704 
 0.252154 -0.108275 -0.110540 
 0.266809 -0.111031 -0.106375 
 0.281464 -0.113787 -0.102211 
 0.296118 -0.116542 -0.098047 
 0.310773 -0.119298 -0.093882 
 0.325428 -0.122054 -0.089718 
 0.336342 -0.128747 -0.075795 
 0.351016 -0.131507 -0.071625 
 0.365690 -0.134266 -0.067455 
 0.380364 -0.137026 -0.063285 
 -0.403702 -0.145003 0.036866 
 -0.388445 -0.147872 0.041201 
 -0.373189 -0.150741 0.045537 
 -0.348969 -0.145974 0.030780 
 -0.333752 -0.148836 0.035104 
 -0.296321 -0.132569 -0.008358 
 -0.272354 -0.127754 -0.023187 
 -0.239657 -0.115259 -0.057174 
 -0.224652 -0.118080 -0.052910 
 -0.157268 -0.074819 -0.163598 
 -0.129460 -0.066065 -0.188155 
 -0.106095 -0.061137 -0.203155 
 -0.087114 -0.060046 -0.208581 
 -0.072459 -0.062802 -0.204416 
 -0.057804 -0.065558 -0.200252 
 -0.030404 -0.056727 -0.224925 
 -0.007349 -0.051740 -0.240013 
 0.007209 -0.054478 -0.235876 
 0.021767 -0.057216 -0.231739 
 0.036324 -0.059953 -0.227602 
 0.059185 -0.054930 -0.242746 
 0.065440 -0.065429 -0.219329 
 0.079997 -0.068166 -0.215192 
 0.094555 -0.070904 -0.211055 
 0.109113 -0.073642 -0.206918 
 0.111507 -0.088075 -0.173779 
 0.126123 -0.090823 -0.169626 
 0.132708 -0.101384 -0.146115 
 0.147363 -0.104140 -0.141950 
 0.162017 -0.106896 -0.137786 
 0.176672 -0.109652 -0.133622 
 0.191327 -0.112408 -0.129457 
 0.205982 -0.115164 -0.125293 
 0.220637 -0.117919 -0.121128 
 0.235291 -0.120675 -0.116964 
 0.249946 -0.123431 -0.112800 
 0.264601 -0.126187 -0.108635 
 0.279256 -0.128943 -0.104471 
 0.293910 -0.131699 -0.100307 
 0.308565 -0.134455 -0.096142 
 0.323220 -0.137211 -0.091978 
 0.334131 -0.143924 -0.078058 
 0.348805 -0.146683 -0.073888 
 0.363479 -0.149443 -0.069718 
 0.378153 -0.152202 -0.065548 
 -0.415086 -0.168437 0.053567 
 -0.390744 -0.163651 0.038849 
 -0.375487 -0.166520 0.043184 
 -0.360231 -0.169389 0.047519 
 -0.336045 -0.164574 0.032758 
 -0.303045 -0.152053 -0.001135 
 -0.274626 -0.143352 -0.025512 
 -0.259544 -0.146188 -0.021227 
 -0.191814 -0.102745 -0.131790 
 -0.159494 -0.090096 -0.165876 
 -0.131677 -0.081282 -0.190424 
 -0.108305 -0.076314 -0.205418 
 -0.089322 -0.075202 -0.210841 
 -0.074667 -0.077958 -0.206676 
 -0.051470 -0.072957 -0.221720 
 -0.036854 -0.075705 -0.217567 
 -0.018006 -0.074568 -0.223028 
 -0.003410 -0.077313 -0.218880 
 0.019573 -0.072272 -0.233984 
 0.025783 -0.082803 -0.210585 
 0.048689 -0.077747 -0.225710 
 0.054976 -0.088293 -0.202289 
 0.069573 -0.091038 -0.198141 
 0.084169 -0.093783 -0.193993 
 0.086536 -0.108273 -0.160868 
 0.101190 -0.111029 -0.156704 
 0.115845 -0.113785 -0.152539 
 0.126481 -0.120466 -0.138699 
 0.145155 -0.119296 -0.144210 
 0.155830 -0.125985 -0.130359 
 0.170504 -0.128745 -0.126190 
 0.189119 -0.127564 -0.131717 
 0.203774 -0.130320 -0.127553 
 0.226233 -0.125180 -0.142806 
 0.240849 -0.127929 -0.138653 
 0.255465 -0.130677 -0.134499 
 0.270081 -0.133426 -0.130346 
 0.284697 -0.136174 -0.126193 
 0.299312 -0.138923 -0.122039 
 0.313928 -0.141672 -0.117886 
 0.328544 -0.144420 -0.113733 
 0.335667 -0.155123 -0.090073 
 0.350321 -0.157879 -0.085909 
 0.364976 -0.160635 -0.081744 
 0.254219 -0.298984 0.254578 
 0.269534 -0.301864 0.258930 
 -0.417390 -0.184256 0.051208 
 -0.393043 -0.179430 0.036496 
 -0.377786 -0.182299 0.040831 
 -0.362530 -0.185168 0.045167 
 -0.338337 -0.180313 0.030411 
 -0.314223 -0.175443 0.015633 
 -0.299044 -0.178297 0.019946 
 -0.208900 -0.115310 -0.138300 
 -0.194052 -0.118102 -0.134080 
 -0.161719 -0.105373 -0.168154 
 -0.133894 -0.096499 -0.192693 
 -0.110516 -0.091490 -0.207681 
 -0.091530 -0.090359 -0.213101 
 -0.076875 -0.093114 -0.208936 
 -0.062220 -0.095870 -0.204772 
 -0.047565 -0.098626 -0.200607 
 -0.020206 -0.089664 -0.225279 
 -0.005609 -0.092409 -0.221131 
 0.008987 -0.095154 -0.216983 
 0.023584 -0.097899 -0.212836 
 0.038181 -0.100644 -0.208688 
 0.048639 -0.107313 -0.194900 
 0.063255 -0.110062 -0.190747 
 0.069673 -0.120673 -0.167292 
 0.084328 -0.123429 -0.163128 
 0.094922 -0.130124 -0.149302 
 0.109596 -0.132883 -0.145132 
 0.124270 -0.135643 -0.140962 
 0.138945 -0.138402 -0.136792 
 0.153619 -0.141162 -0.132622 
 0.168293 -0.143921 -0.128452 
 0.186911 -0.142721 -0.133977 
 0.201566 -0.145476 -0.129813 
 0.224031 -0.140296 -0.145060 
 0.238647 -0.143045 -0.140907 
 0.253262 -0.145793 -0.136753 
 0.267878 -0.148542 -0.132600 
 0.282494 -0.151291 -0.128447 
 0.297110 -0.154039 -0.124293 
 0.315515 -0.152798 -0.129879 
 0.326342 -0.159536 -0.115986 
 0.333459 -0.170279 -0.092333 
 0.213822 -0.317065 0.263023 
 0.236597 -0.311943 0.247865 
 0.251912 -0.314823 0.252217 
 0.267226 -0.317703 0.256569 
 0.282541 -0.320583 0.260921 
 0.297856 -0.323463 0.265273 
 -0.395341 -0.195209 0.034143 
 -0.380085 -0.198078 0.038479 
 -0.364828 -0.200947 0.042814 
 -0.340630 -0.196051 0.028064 
 -0.316510 -0.191141 0.013292 
 -0.301331 -0.193996 0.017605 
 -0.202312 -0.122881 -0.159709 
 -0.187502 -0.125666 -0.155500 
 -0.163945 -0.120650 -0.170432 
 -0.136110 -0.111715 -0.194962 
 -0.112727 -0.106667 -0.209944 
 -0.098053 -0.109426 -0.205774 
 -0.079083 -0.108271 -0.211196 
 -0.064428 -0.111027 -0.207032 
 -0.049773 -0.113783 -0.202867 
 -0.022405 -0.104760 -0.227530 
 -0.012027 -0.111435 -0.213768 
 0.006788 -0.110250 -0.219234 
 0.021385 -0.112995 -0.215086 
 0.035981 -0.115740 -0.210939 
 0.038155 -0.130318 -0.177881 
 0.052810 -0.133074 -0.173717 
 0.067465 -0.135830 -0.169552 
 0.078037 -0.142541 -0.155735 
 0.092711 -0.145300 -0.151565 
 0.107385 -0.148060 -0.147395 
 0.122059 -0.150819 -0.143225 
 0.136734 -0.153579 -0.139055 
 0.151408 -0.156339 -0.134885 
 0.166082 -0.159098 -0.130715 
 0.184703 -0.157877 -0.136237 
 0.199358 -0.160633 -0.132073 
 0.221828 -0.155412 -0.147314 
 0.236444 -0.158161 -0.143161 
 0.251060 -0.160910 -0.139007 
 0.269526 -0.159659 -0.144573 
 0.284122 -0.162404 -0.140425 
 0.298719 -0.165149 -0.136277 
 0.313316 -0.167894 -0.132129 
 0.327912 -0.170639 -0.127982 
 0.342509 -0.173384 -0.123834 
 0.222708 -0.320881 0.231399 
 0.238003 -0.323758 0.235746 
 0.253299 -0.326634 0.240092 
 0.268594 -0.329510 0.244438 
 0.283889 -0.332387 0.248785 
 0.299185 -0.335263 0.253131 
 -0.397640 -0.210987 0.031790 
 -0.382384 -0.213856 0.036126 
 -0.367127 -0.216725 0.040461 
 -0.351871 -0.219594 0.044797 
 -0.327705 -0.214652 0.030042 
 -0.228224 -0.143232 -0.147099 
 -0.204544 -0.138198 -0.161992 
 -0.189734 -0.140983 -0.157784 
 -0.166170 -0.135927 -0.172710 
 -0.147042 -0.134780 -0.178085 
 -0.123614 -0.129699 -0.193050 
 -0.100264 -0.124603 -0.208037 
 -0.085590 -0.127362 -0.203867 
 -0.066636 -0.126183 -0.209292 
 -0.051981 -0.128939 -0.205127 
 -0.028845 -0.123803 -0.220175 
 -0.014229 -0.126551 -0.216022 
 0.000387 -0.129300 -0.211868 
 0.015003 -0.132049 -0.207715 
 0.021292 -0.142718 -0.184305 
 0.031803 -0.149439 -0.170507 
 0.046478 -0.152198 -0.166338 
 0.061152 -0.154958 -0.162168 
 0.075826 -0.157717 -0.157998 
 0.090500 -0.160477 -0.153828 
 0.097081 -0.171201 -0.130336 
 0.119848 -0.165996 -0.145488 
 0.134523 -0.168755 -0.141318 
 0.149197 -0.171515 -0.137148 
 0.163871 -0.174275 -0.132978 
 0.182495 -0.173033 -0.138497 
 0.197150 -0.175789 -0.134333 
 0.219626 -0.170529 -0.149568 
 0.234242 -0.173277 -0.145414 
 0.252730 -0.172011 -0.150972 
 0.275032 -0.166717 -0.166256 
 0.289590 -0.169455 -0.162119 
 0.304147 -0.172193 -0.157982 
 0.318705 -0.174930 -0.153846 
 0.340813 -0.169601 -0.169186 
 0.205108 -0.333824 0.224694 
 0.220403 -0.336700 0.229040 
 0.235699 -0.339576 0.233387 
 0.250994 -0.342453 0.237733 
 0.266289 -0.345329 0.242080 
 0.281585 -0.348206 0.246426 
 0.296880 -0.351082 0.250773 
 -0.384682 -0.229635 0.033773 
 -0.369426 -0.232504 0.038109 
 -0.345216 -0.227528 0.023371 
 -0.329998 -0.230390 0.027695 
 -0.230461 -0.158589 -0.149389 
 -0.215612 -0.161381 -0.145169 
 -0.191965 -0.156300 -0.160068 
 -0.168396 -0.151204 -0.174988 
 -0.149264 -0.150037 -0.180360 
 -0.125831 -0.144915 -0.195319 
 -0.102475 -0.139779 -0.210300 
 -0.087801 -0.142539 -0.206130 
 -0.068844 -0.141340 -0.211552 
 -0.054189 -0.144095 -0.207387 
 -0.031047 -0.138919 -0.222429 
 -0.024880 -0.149607 -0.199058 
 -0.010225 -0.152363 -0.194894 
 0.004430 -0.155119 -0.190730 
 0.014918 -0.161856 -0.176940 
 0.029592 -0.164615 -0.172770 
 0.044267 -0.167375 -0.168600 
 0.058941 -0.170134 -0.164431 
 0.065438 -0.180884 -0.140967 
 0.080151 -0.183651 -0.136786 
 0.094864 -0.186418 -0.132605 
 0.117637 -0.181172 -0.147751 
 0.132312 -0.183932 -0.143581 
 0.146986 -0.186692 -0.139411 
 0.161660 -0.189451 -0.135241 
 0.180287 -0.188190 -0.140757 
 0.202808 -0.182896 -0.155975 
 0.221338 -0.181617 -0.161518 
 0.235934 -0.184362 -0.157371 
 0.258281 -0.179036 -0.172638 
 0.272838 -0.181773 -0.168501 
 0.287396 -0.184511 -0.164364 
 0.301954 -0.187249 -0.160227 
 0.316512 -0.189986 -0.156091 
 0.331069 -0.192724 -0.151954 
 0.202804 -0.349643 0.222335 
 0.218099 -0.352519 0.226682 
 0.233394 -0.355396 0.231028 
 0.248689 -0.358272 0.235375 
 0.271347 -0.353004 0.220195 
 0.286603 -0.355873 0.224530 
 0.309144 -0.350584 0.209318 
 0.324361 -0.353445 0.213642 
 -0.386981 -0.245414 0.031420 
 -0.362727 -0.240405 0.016700 
 -0.347509 -0.243267 0.021024 
 -0.332291 -0.246129 0.025348 
 -0.317074 -0.248991 0.029673 
 -0.209007 -0.168831 -0.166560 
 -0.194197 -0.171617 -0.162352 
 -0.170622 -0.166480 -0.177265 
 -0.151487 -0.165294 -0.182635 
 -0.128048 -0.160132 -0.197588 
 -0.104686 -0.154956 -0.212562 
 -0.090012 -0.157715 -0.208393 
 -0.075338 -0.160475 -0.204223 
 -0.056398 -0.159252 -0.209647 
 -0.041743 -0.162008 -0.205483 
 -0.031315 -0.168753 -0.191713 
 -0.016641 -0.171513 -0.187543 
 -0.001967 -0.174272 -0.183373 
 0.012707 -0.177032 -0.179203 
 0.019082 -0.187801 -0.155778 
 0.033795 -0.190567 -0.151597 
 0.048508 -0.193334 -0.147416 
 0.063221 -0.196101 -0.143236 
 0.077934 -0.198868 -0.139055 
 0.092647 -0.201635 -0.134874 
 0.107360 -0.204402 -0.130693 
 0.122073 -0.207169 -0.126512 
 0.144775 -0.201868 -0.141674 
 0.159449 -0.204627 -0.137504 
 0.178079 -0.203346 -0.143017 
 0.200606 -0.198013 -0.158229 
 0.219138 -0.196713 -0.163769 
 0.233735 -0.199458 -0.159621 
 0.256087 -0.194092 -0.174883 
 0.270645 -0.196829 -0.170746 
 0.285203 -0.199567 -0.166609 
 0.299760 -0.202305 -0.162472 
 0.321919 -0.196902 -0.177790 
 0.200327 -0.346290 0.176701 
 0.208022 -0.357307 0.200501 
 0.223279 -0.360176 0.204836 
 0.238535 -0.363045 0.209171 
 0.253791 -0.365914 0.213507 
 0.269048 -0.368783 0.217842 
 0.291633 -0.363460 0.202647 
 0.306851 -0.366322 0.206971 
 0.322068 -0.369184 0.211296 
 -0.380237 -0.253282 0.010029 
 -0.365019 -0.256144 0.014353 
 -0.349802 -0.259006 0.018677 
 -0.334584 -0.261867 0.023002 
 -0.319366 -0.264729 0.027326 
 -0.211238 -0.184149 -0.168844 
 -0.196428 -0.186934 -0.164635 
 -0.172847 -0.181757 -0.179543 
 -0.153710 -0.180551 -0.184910 
 -0.130265 -0.175349 -0.199857 
 -0.115552 -0.178116 -0.195676 
 -0.092223 -0.172892 -0.210655 
 -0.077549 -0.175651 -0.206486 
 -0.062875 -0.178411 -0.202316 
 -0.043951 -0.177164 -0.207743 
 -0.029296 -0.179920 -0.203578 
 -0.027274 -0.194717 -0.170590 
 -0.012561 -0.197483 -0.166409 
 0.002152 -0.200250 -0.162228 
 0.016865 -0.203017 -0.158047 
 0.031578 -0.205784 -0.153866 
 0.038064 -0.216615 -0.130414 
 0.052816 -0.219389 -0.126222 
 0.075717 -0.214085 -0.141323 
 0.090430 -0.216851 -0.137143 
 0.105143 -0.219618 -0.132962 
 0.119856 -0.222385 -0.128781 
 0.142564 -0.217044 -0.143937 
 0.157238 -0.219804 -0.139767 
 0.175871 -0.218503 -0.145277 
 0.198404 -0.213129 -0.160483 
 0.213020 -0.215877 -0.156330 
 0.231536 -0.214554 -0.161872 
 0.253894 -0.209148 -0.177128 
 0.268452 -0.211885 -0.172991 
 0.283009 -0.214623 -0.168854 
 0.297567 -0.217361 -0.164717 
 0.312125 -0.220098 -0.160581 
 0.198034 -0.362029 0.174354 
 0.205723 -0.373085 0.198148 
 0.220980 -0.375954 0.202483 
 0.236236 -0.378824 0.206819 
 0.251493 -0.381693 0.211154 
 0.266749 -0.384562 0.215489 
 0.289340 -0.379199 0.200300 
 0.304558 -0.382061 0.204625 
 -0.382530 -0.269021 0.007682 
 -0.367312 -0.271882 0.012006 
 -0.352095 -0.274744 0.016331 
 -0.222324 -0.207453 -0.152039 
 -0.207475 -0.210245 -0.147819 
 -0.175073 -0.197034 -0.181821 
 -0.155932 -0.195807 -0.187184 
 -0.141181 -0.198582 -0.182992 
 -0.117768 -0.193332 -0.197945 
 -0.103055 -0.196099 -0.193764 
 -0.079760 -0.190828 -0.208748 
 -0.065086 -0.193587 -0.204579 
 -0.050411 -0.196347 -0.200409 
 -0.035737 -0.199106 -0.196239 
 -0.037918 -0.218001 -0.153649 
 -0.023166 -0.220775 -0.149457 
 -0.008414 -0.223549 -0.145265 
 0.006338 -0.226323 -0.141073 
 0.016953 -0.233146 -0.127254 
 0.031725 -0.235923 -0.123056 
 0.050593 -0.234645 -0.128497 
 0.065345 -0.237420 -0.124305 
 0.080097 -0.240194 -0.120113 
 0.102927 -0.234835 -0.135230 
 0.125679 -0.229461 -0.150370 
 0.140353 -0.232221 -0.146200 
 0.159008 -0.230903 -0.151701 
 0.173663 -0.233659 -0.147536 
 0.196201 -0.228245 -0.162737 
 0.210817 -0.230994 -0.158584 
 0.229336 -0.229650 -0.164123 
 0.243933 -0.232395 -0.159975 
 0.266258 -0.226942 -0.175236 
 0.280816 -0.229679 -0.171099 
 0.295374 -0.232417 -0.166962 
 0.172912 -0.383126 0.187124 
 0.195741 -0.377767 0.172007 
 0.203425 -0.388864 0.195795 
 0.218681 -0.391733 0.200131 
 0.233938 -0.394602 0.204466 
 0.249194 -0.397471 0.208801 
 0.264451 -0.400340 0.213137 
 0.287047 -0.394938 0.197953 
 0.302265 -0.397799 0.202278 
 -0.224561 -0.222810 -0.154329 
 -0.200891 -0.217568 -0.169203 
 -0.186081 -0.220353 -0.164995 
 -0.162527 -0.215089 -0.179902 
 -0.143403 -0.213838 -0.185267 
 -0.128652 -0.216613 -0.181075 
 -0.113900 -0.219387 -0.176883 
 -0.090559 -0.214083 -0.191852 
 -0.075846 -0.216849 -0.187671 
 -0.061133 -0.219616 -0.183490 
 -0.046420 -0.222383 -0.179309 
 -0.061224 -0.253526 -0.107913 
 -0.046375 -0.256319 -0.103694 
 -0.031526 -0.259111 -0.099474 
 -0.087370 -0.331003 0.068261 
 -0.072191 -0.333857 0.072574 
 0.029499 -0.251200 -0.125334 
 0.056571 -0.241751 -0.150042 
 0.071284 -0.244518 -0.145861 
 0.085997 -0.247285 -0.141680 
 0.108794 -0.241878 -0.156802 
 0.123468 -0.244638 -0.152633 
 0.138142 -0.247397 -0.148463 
 0.156800 -0.246059 -0.153961 
 0.171455 -0.248815 -0.149796 
 0.193999 -0.243361 -0.164991 
 0.208615 -0.246110 -0.160837 
 0.227137 -0.244747 -0.166374 
 0.249507 -0.239260 -0.181618 
 0.264065 -0.241998 -0.177481 
 0.286318 -0.236489 -0.192758 
 0.300837 -0.239219 -0.188632 
 0.178231 -0.390644 0.165336 
 0.193449 -0.393506 0.169661 
 0.208666 -0.396367 0.173985 
 0.216382 -0.407512 0.197778 
 0.231639 -0.410381 0.202113 
 0.254319 -0.404953 0.186958 
 0.269537 -0.407814 0.191282 
 0.284755 -0.410676 0.195607 
 0.299972 -0.413538 0.199931 
 -0.226799 -0.238167 -0.156618 
 -0.211950 -0.240959 -0.152399 
 -0.188312 -0.235670 -0.167278 
 -0.164753 -0.230366 -0.182179 
 -0.149981 -0.233143 -0.177982 
 -0.135210 -0.235921 -0.173784 
 -0.120439 -0.238699 -0.169587 
 -0.101371 -0.237418 -0.174966 
 -0.086619 -0.240192 -0.170774 
 -0.071867 -0.242966 -0.166582 
 -0.057115 -0.245740 -0.162390 
 -0.063461 -0.268883 -0.110203 
 -0.048612 -0.271676 -0.105984 
 -0.104836 -0.343847 0.061607 
 -0.089657 -0.346702 0.065920 
 -0.074478 -0.349556 0.070234 
 0.054354 -0.256968 -0.152311 
 0.069067 -0.259734 -0.148130 
 0.095973 -0.250192 -0.172878 
 0.110628 -0.252948 -0.168714 
 0.125282 -0.255704 -0.164549 
 0.147949 -0.250232 -0.179705 
 0.162565 -0.252980 -0.175551 
 0.177181 -0.255729 -0.171398 
 0.191797 -0.258478 -0.167245 
 0.210341 -0.257098 -0.172773 
 0.224938 -0.259843 -0.168625 
 0.247314 -0.254316 -0.183863 
 0.261871 -0.257054 -0.179726 
 0.276429 -0.259791 -0.175589 
 0.290987 -0.262529 -0.171452 
 0.175938 -0.406383 0.162990 
 0.191156 -0.409244 0.167314 
 0.206373 -0.412106 0.171638 
 0.214084 -0.423291 0.195425 
 0.229340 -0.426160 0.199761 
 0.252026 -0.420691 0.184611 
 0.267244 -0.423553 0.188936 
 0.282462 -0.426415 0.193260 
 0.304993 -0.420917 0.178067 
 0.320171 -0.423772 0.182380 
 -0.266162 -0.270982 -0.115479 
 -0.237908 -0.261631 -0.139838 
 -0.223020 -0.264431 -0.135607 
 -0.190544 -0.250987 -0.169562 
 -0.175734 -0.253772 -0.165354 
 -0.152207 -0.248420 -0.180260 
 -0.137436 -0.251198 -0.176062 
 -0.122665 -0.253976 -0.171865 
 -0.107893 -0.256754 -0.167667 
 -0.093122 -0.259531 -0.163470 
 -0.078351 -0.262309 -0.159272 
 -0.080547 -0.281448 -0.116713 
 -0.074143 -0.292428 -0.093301 
 -0.059256 -0.295228 -0.089071 
 -0.107123 -0.359546 0.059266 
 -0.091944 -0.362400 0.063580 
 -0.076765 -0.365254 0.067893 
 0.093765 -0.265349 -0.175138 
 0.108419 -0.268105 -0.170974 
 0.123074 -0.270860 -0.166809 
 0.145747 -0.265348 -0.181959 
 0.160363 -0.268097 -0.177805 
 0.174979 -0.270846 -0.173652 
 0.189595 -0.273594 -0.169499 
 0.204211 -0.276343 -0.165345 
 0.222739 -0.274939 -0.170876 
 0.237335 -0.277684 -0.166728 
 0.251932 -0.280429 -0.162580 
 0.266528 -0.283174 -0.158433 
 0.158428 -0.419259 0.156319 
 0.173645 -0.422121 0.160643 
 0.181272 -0.433331 0.184402 
 0.196529 -0.436200 0.188737 
 0.211785 -0.439069 0.193072 
 0.227041 -0.441938 0.197408 
 0.242298 -0.444807 0.201743 
 0.257554 -0.447676 0.206079 
 0.272811 -0.450545 0.210414 
 0.295387 -0.445015 0.195238 
 0.310604 -0.447877 0.199562 
 -0.259497 -0.278299 -0.136837 
 -0.240151 -0.277029 -0.142134 
 -0.225263 -0.279829 -0.137903 
 -0.192775 -0.266304 -0.171846 
 -0.177965 -0.269089 -0.167638 
 -0.163155 -0.271874 -0.163429 
 -0.139661 -0.266475 -0.178340 
 -0.124890 -0.269253 -0.174143 
 -0.118725 -0.280229 -0.150804 
 -0.095348 -0.274808 -0.165748 
 -0.089105 -0.285800 -0.142386 
 -0.091274 -0.305026 -0.099828 
 -0.080612 -0.311939 -0.086004 
 -0.065705 -0.314743 -0.081768 
 -0.088477 -0.354638 0.008905 
 -0.085897 -0.369849 0.042019 
 -0.070757 -0.372696 0.046322 
 -0.055617 -0.375543 0.050624 
 0.099697 -0.272219 -0.196673 
 0.106211 -0.283261 -0.173234 
 0.128929 -0.277716 -0.188366 
 0.143545 -0.280465 -0.184213 
 0.158161 -0.283213 -0.180059 
 0.172777 -0.285962 -0.175906 
 0.187393 -0.288710 -0.171753 
 0.202009 -0.291459 -0.167599 
 0.216625 -0.294207 -0.163446 
 0.235136 -0.292780 -0.168979 
 0.249733 -0.295525 -0.164831 
 0.264329 -0.298270 -0.160683 
 0.156135 -0.434998 0.153972 
 0.171352 -0.437860 0.158296 
 0.178973 -0.449110 0.182049 
 0.194230 -0.451979 0.186384 
 0.209486 -0.454848 0.190720 
 0.224743 -0.457717 0.195055 
 0.232558 -0.469004 0.218864 
 0.255256 -0.463455 0.203726 
 0.270512 -0.466324 0.208061 
 0.293094 -0.460754 0.192891 
 0.308311 -0.463615 0.197215 
 -0.300558 -0.296276 -0.128583 
 -0.276650 -0.290913 -0.143372 
 -0.261743 -0.293717 -0.139136 
 -0.233511 -0.284238 -0.163488 
 -0.218662 -0.287031 -0.159268 
 -0.195007 -0.281621 -0.174130 
 -0.180197 -0.284406 -0.169921 
 -0.156658 -0.278974 -0.184815 
 -0.150576 -0.289976 -0.161504 
 -0.127116 -0.284530 -0.176420 
 -0.120956 -0.295546 -0.153087 
 -0.106146 -0.298331 -0.148879 
 -0.099871 -0.309370 -0.125512 
 -0.097765 -0.324554 -0.092539 
 -0.082858 -0.327357 -0.088303 
 -0.084787 -0.346711 -0.045685 
 -0.082370 -0.361953 -0.012623 
 -0.088178 -0.385507 0.039685 
 -0.073038 -0.388354 0.043987 
 -0.057898 -0.391201 0.048289 
 0.097495 -0.287335 -0.198927 
 0.112111 -0.290084 -0.194773 
 0.126727 -0.292832 -0.190620 
 0.145357 -0.291407 -0.196117 
 0.159954 -0.294152 -0.191969 
 0.174551 -0.296896 -0.187821 
 0.185191 -0.303826 -0.174006 
 0.203744 -0.302386 -0.179526 
 0.218340 -0.305131 -0.175378 
 0.232937 -0.307876 -0.171230 
 0.247533 -0.310621 -0.167082 
 0.138624 -0.447875 0.147301 
 0.153842 -0.450736 0.151625 
 0.169059 -0.453598 0.155949 
 0.176675 -0.464889 0.179696 
 0.184367 -0.476194 0.203466 
 0.207188 -0.470627 0.188367 
 0.214958 -0.481946 0.212159 
 0.230253 -0.484823 0.216505 
 0.245548 -0.487699 0.220852 
 0.260844 -0.490575 0.225198 
 0.283470 -0.484972 0.210044 
 0.298727 -0.487841 0.214379 
 -0.317755 -0.308923 -0.135134 
 -0.302810 -0.311733 -0.130887 
 -0.278896 -0.306331 -0.145671 
 -0.263989 -0.309134 -0.141435 
 -0.244637 -0.307823 -0.146725 
 -0.229750 -0.310623 -0.142495 
 -0.197238 -0.296938 -0.176414 
 -0.182428 -0.299723 -0.172205 
 -0.167618 -0.302508 -0.167997 
 -0.152808 -0.305293 -0.163788 
 -0.137998 -0.308078 -0.159580 
 -0.131806 -0.319142 -0.136241 
 -0.116957 -0.321935 -0.132021 
 -0.110648 -0.333021 -0.108650 
 -0.100011 -0.339971 -0.094838 
 -0.093567 -0.351082 -0.071427 
 -0.087044 -0.362209 -0.047995 
 -0.101407 -0.394157 0.023450 
 -0.090459 -0.401165 0.037350 
 -0.071166 -0.399844 0.032043 
 -0.056045 -0.402687 0.036340 
 0.095293 -0.302451 -0.201181 
 0.109909 -0.305200 -0.197027 
 0.128562 -0.303758 -0.202516 
 0.143158 -0.306503 -0.198368 
 0.157755 -0.309248 -0.194220 
 0.172351 -0.311993 -0.190072 
 0.186948 -0.314738 -0.185925 
 0.201544 -0.317483 -0.181777 
 0.223982 -0.311803 -0.196979 
 0.238540 -0.314540 -0.192842 
 0.253098 -0.317278 -0.188706 
 0.136331 -0.463613 0.144954 
 0.151549 -0.466475 0.149278 
 0.159119 -0.477798 0.173008 
 0.174376 -0.480667 0.177344 
 0.182063 -0.492013 0.201107 
 0.197358 -0.494889 0.205454 
 0.212653 -0.497765 0.209800 
 0.224222 -0.504891 0.223877 
 0.239537 -0.507771 0.228229 
 0.258539 -0.506394 0.222839 
 0.273834 -0.509271 0.227186 
 0.289130 -0.512147 0.231532 
 -0.320007 -0.324380 -0.137439 
 -0.296049 -0.318945 -0.152206 
 -0.281142 -0.321748 -0.147970 
 -0.266235 -0.324551 -0.143734 
 -0.237985 -0.314953 -0.168068 
 -0.231993 -0.326020 -0.144791 
 -0.208287 -0.320537 -0.159628 
 -0.184659 -0.315040 -0.174489 
 -0.169849 -0.317825 -0.170281 
 -0.155039 -0.320610 -0.166072 
 -0.148892 -0.331707 -0.142750 
 -0.134043 -0.334499 -0.138531 
 -0.127779 -0.345618 -0.115176 
 -0.112891 -0.348418 -0.110946 
 -0.102257 -0.355388 -0.097137 
 -0.095819 -0.366540 -0.073732 
 -0.080873 -0.369351 -0.069485 
 -0.095294 -0.401432 0.001927 
 -0.088564 -0.412638 0.025415 
 -0.073444 -0.415482 0.029711 
 -0.058323 -0.418325 0.034008 
 0.107706 -0.320316 -0.199281 
 0.126362 -0.318854 -0.204767 
 0.140959 -0.321599 -0.200619 
 0.163558 -0.315908 -0.215771 
 0.170152 -0.327089 -0.192323 
 0.184749 -0.329834 -0.188176 
 0.207231 -0.324121 -0.203361 
 0.221789 -0.326858 -0.199224 
 0.236347 -0.329596 -0.195087 
 0.118821 -0.476490 0.138283 
 0.134038 -0.479352 0.142607 
 0.149256 -0.482214 0.146932 
 0.164474 -0.485075 0.151256 
 0.172077 -0.496446 0.174991 
 0.179758 -0.507832 0.198749 
 0.202590 -0.502184 0.183662 
 0.210349 -0.513584 0.207441 
 0.225644 -0.516461 0.211788 
 0.240939 -0.519337 0.216134 
 0.256235 -0.522213 0.220481 
 0.271530 -0.525090 0.224827 
 0.286825 -0.527966 0.229173 
 -0.322259 -0.339838 -0.139744 
 -0.307313 -0.342649 -0.135497 
 -0.292367 -0.345459 -0.131250 
 -0.277422 -0.348270 -0.127003 
 -0.253574 -0.342772 -0.141797 
 -0.238667 -0.345576 -0.137561 
 -0.219348 -0.344217 -0.142856 
 -0.195676 -0.338687 -0.157699 
 -0.180827 -0.341479 -0.153479 
 -0.165978 -0.344272 -0.149260 
 -0.159797 -0.355416 -0.125933 
 -0.144910 -0.358216 -0.121703 
 -0.130022 -0.361016 -0.117472 
 -0.115134 -0.363815 -0.113242 
 -0.104503 -0.370806 -0.099436 
 -0.098070 -0.381998 -0.076037 
 -0.083125 -0.384808 -0.071790 
 -0.080774 -0.400224 -0.038766 
 -0.074127 -0.411456 -0.015308 
 -0.059084 -0.414284 -0.011033 
 -0.052321 -0.425538 0.012459 
 0.105504 -0.335432 -0.201535 
 0.124163 -0.333950 -0.207018 
 0.138760 -0.336695 -0.202870 
 0.161365 -0.330964 -0.218016 
 0.175922 -0.333702 -0.213879 
 0.190480 -0.336439 -0.209743 
 0.205038 -0.339177 -0.205606 
 0.219595 -0.341914 -0.201469 
 0.234153 -0.344652 -0.197332 
 0.116528 -0.492229 0.135936 
 0.131746 -0.495090 0.140261 
 0.146963 -0.497952 0.144585 
 0.162181 -0.500814 0.148909 
 0.169779 -0.512225 0.172638 
 0.177454 -0.523650 0.196390 
 0.192749 -0.526527 0.200736 
 0.208044 -0.529403 0.205083 
 0.219607 -0.536569 0.219153 
 0.234922 -0.539449 0.223505 
 0.253930 -0.538032 0.218122 
 0.269225 -0.540908 0.222468 
 -0.324511 -0.355295 -0.142049 
 -0.300542 -0.349779 -0.156804 
 -0.294619 -0.360917 -0.133555 
 -0.270727 -0.355386 -0.148332 
 -0.255820 -0.358190 -0.144095 
 -0.240913 -0.360993 -0.139859 
 -0.221591 -0.359615 -0.145152 
 -0.197913 -0.354044 -0.159989 
 -0.183064 -0.356837 -0.155769 
 -0.176928 -0.368014 -0.132460 
 -0.162041 -0.370813 -0.128229 
 -0.151471 -0.377813 -0.114443 
 -0.136563 -0.380616 -0.110207 
 -0.121656 -0.383420 -0.105970 
 -0.115268 -0.394644 -0.082589 
 -0.100322 -0.397455 -0.078342 
 -0.093818 -0.408702 -0.054928 
 -0.083034 -0.415741 -0.041080 
 -0.076394 -0.427013 -0.017627 
 -0.061351 -0.429842 -0.013353 
 -0.054594 -0.441136 0.010133 
 -0.039512 -0.443973 0.014419 
 -0.024430 -0.446809 0.018705 
 0.103302 -0.350549 -0.203789 
 0.130056 -0.340545 -0.228535 
 0.144613 -0.343282 -0.224398 
 0.159171 -0.346020 -0.220261 
 0.173729 -0.348758 -0.216124 
 0.188287 -0.351495 -0.211988 
 0.202844 -0.354233 -0.207851 
 0.217402 -0.356971 -0.203714 
 0.091197 -0.513658 0.148609 
 0.114235 -0.507967 0.133590 
 0.129453 -0.510829 0.137914 
 0.144670 -0.513691 0.142238 
 0.159888 -0.516553 0.146563 
 0.167480 -0.528004 0.170285 
 0.175149 -0.539469 0.194031 
 0.190444 -0.542346 0.198378 
 0.201985 -0.549528 0.212440 
 0.217300 -0.552408 0.216792 
 0.232614 -0.555288 0.221144 
 0.247929 -0.558168 0.225496 
 0.263244 -0.561048 0.229847 
 -0.302788 -0.365197 -0.159103 
 -0.296871 -0.376374 -0.135859 
 -0.281925 -0.379185 -0.131612 
 -0.258066 -0.373607 -0.146394 
 -0.243159 -0.376410 -0.142158 
 -0.228252 -0.379214 -0.137922 
 -0.208947 -0.377812 -0.143217 
 -0.194059 -0.380611 -0.138986 
 -0.183531 -0.387624 -0.125214 
 -0.168624 -0.390427 -0.120978 
 -0.153717 -0.393230 -0.116742 
 -0.138810 -0.396034 -0.112505 
 -0.132466 -0.407291 -0.089141 
 -0.117520 -0.410102 -0.084894 
 -0.102574 -0.412913 -0.080647 
 -0.096075 -0.424199 -0.057239 
 -0.085295 -0.431259 -0.043394 
 -0.078660 -0.442571 -0.019947 
 -0.063617 -0.445400 -0.015672 
 -0.056866 -0.456735 0.007807 
 -0.050037 -0.468083 0.031310 
 -0.034917 -0.470927 0.035606 
 -0.048410 -0.503616 0.107237 
 -0.033153 -0.506485 0.111573 
 0.127862 -0.355601 -0.230780 
 -0.014729 -0.525046 0.149151 
 0.004596 -0.523648 0.143862 
 0.015901 -0.530806 0.157855 
 0.031215 -0.533686 0.162207 
 0.058386 -0.523699 0.137585 
 0.065777 -0.535154 0.161248 
 0.088899 -0.529437 0.146256 
 0.111942 -0.523706 0.131243 
 0.127160 -0.526568 0.135567 
 0.142378 -0.529429 0.139892 
 0.157595 -0.532291 0.144216 
 0.165181 -0.543782 0.167933 
 0.172844 -0.555288 0.191672 
 0.188140 -0.558164 0.196019 
 0.199677 -0.565366 0.210078 
 0.214992 -0.568246 0.214430 
 0.222869 -0.579792 0.238230 
 0.245622 -0.574006 0.223134 
 0.260936 -0.576886 0.227486 
 -0.284177 -0.394642 -0.133917 
 -0.269231 -0.397453 -0.129670 
 -0.254285 -0.400264 -0.125423 
 -0.230498 -0.394631 -0.140221 
 -0.215591 -0.397434 -0.135985 
 -0.200684 -0.400238 -0.131749 
 -0.185777 -0.403041 -0.127513 
 -0.170870 -0.405844 -0.123276 
 -0.164610 -0.417128 -0.099940 
 -0.149664 -0.419938 -0.095693 
 -0.134718 -0.422749 -0.091446 
 -0.119772 -0.425560 -0.087199 
 -0.113318 -0.436879 -0.063808 
 -0.098333 -0.439697 -0.059549 
 -0.087556 -0.446777 -0.045708 
 -0.080927 -0.458129 -0.022267 
 -0.074220 -0.469496 0.001196 
 -0.059138 -0.472333 0.005482 
 -0.052315 -0.483722 0.028978 
 -0.041305 -0.490845 0.042885 
 -0.050708 -0.519394 0.104885 
 -0.043594 -0.530838 0.128464 
 -0.028299 -0.533714 0.132810 
 -0.017036 -0.540885 0.146789 
 0.002291 -0.539467 0.141503 
 0.013593 -0.546645 0.155493 
 0.028908 -0.549525 0.159845 
 0.056087 -0.539478 0.135232 
 0.063473 -0.550973 0.158889 
 0.086600 -0.545216 0.143903 
 0.109649 -0.539445 0.128896 
 0.132621 -0.533659 0.113867 
 0.140085 -0.545168 0.137545 
 0.155302 -0.548030 0.141869 
 0.162882 -0.559561 0.165580 
 0.170540 -0.571107 0.189314 
 0.182055 -0.578325 0.203364 
 0.197370 -0.581205 0.207716 
 0.205202 -0.592784 0.231499 
 0.220556 -0.595672 0.235862 
 0.235909 -0.598559 0.240225 
 -0.286429 -0.410100 -0.136222 
 -0.280408 -0.421379 -0.112958 
 -0.265423 -0.424197 -0.108700 
 -0.241591 -0.418532 -0.123480 
 -0.226645 -0.421342 -0.119233 
 -0.211700 -0.424153 -0.114986 
 -0.188023 -0.418458 -0.129811 
 -0.173116 -0.421262 -0.125575 
 -0.166862 -0.432585 -0.102245 
 -0.151916 -0.435396 -0.097998 
 -0.136970 -0.438206 -0.093751 
 -0.122024 -0.441017 -0.089503 
 -0.107078 -0.443828 -0.085256 
 -0.100591 -0.455195 -0.061860 
 -0.089816 -0.462295 -0.048021 
 -0.083193 -0.473687 -0.024587 
 -0.076492 -0.485094 -0.001130 
 -0.069714 -0.496516 0.022349 
 -0.058726 -0.503656 0.036248 
 -0.051812 -0.515104 0.059766 
 -0.053007 -0.535173 0.102532 
 -0.045899 -0.546657 0.126105 
 -0.034658 -0.553844 0.140076 
 -0.019344 -0.556724 0.144428 
 -0.004029 -0.559604 0.148780 
 0.011286 -0.562484 0.153132 
 0.026601 -0.565364 0.157483 
 0.053788 -0.555256 0.132880 
 0.061168 -0.566791 0.156530 
 0.084301 -0.560994 0.141550 
 0.107356 -0.555183 0.126549 
 0.130334 -0.549357 0.111526 
 0.137792 -0.560907 0.135198 
 0.145327 -0.572471 0.158892 
 0.152940 -0.584050 0.182609 
 0.164433 -0.591284 0.196651 
 0.179748 -0.594164 0.201003 
 0.187535 -0.605776 0.224769 
 0.202889 -0.608663 0.229131 
 0.225692 -0.602804 0.214059 
 0.241007 -0.605684 0.218411 
 -0.297650 -0.434059 -0.119527 
 -0.287131 -0.441131 -0.105763 
 -0.272127 -0.443953 -0.101499 
 -0.252696 -0.442513 -0.106753 
 -0.228897 -0.436800 -0.121538 
 -0.213951 -0.439611 -0.117291 
 -0.199005 -0.442421 -0.113044 
 -0.184060 -0.445232 -0.108797 
 -0.169114 -0.448043 -0.104550 
 -0.154168 -0.450853 -0.100302 
 -0.139222 -0.453664 -0.096055 
 -0.124276 -0.456475 -0.091808 
 -0.109330 -0.459285 -0.087561 
 -0.107081 -0.474991 -0.054599 
 -0.100503 -0.486416 -0.031181 
 -0.085460 -0.489245 -0.026906 
 -0.087113 -0.509311 0.015721 
 -0.071993 -0.512154 0.020018 
 -0.069278 -0.527948 0.053112 
 -0.062331 -0.539442 0.076635 
 -0.055306 -0.550952 0.100179 
 -0.048204 -0.562476 0.123747 
 -0.036966 -0.569683 0.137714 
 -0.021651 -0.572563 0.142066 
 -0.006336 -0.575443 0.146418 
 0.008978 -0.578323 0.150770 
 0.024293 -0.581203 0.155122 
 0.043568 -0.579734 0.149825 
 0.058864 -0.582610 0.154172 
 0.082003 -0.576773 0.139198 
 0.097259 -0.579642 0.143533 
 0.120281 -0.573783 0.128527 
 0.135499 -0.576645 0.132851 
 0.143028 -0.588249 0.156539 
 0.150635 -0.599868 0.180250 
 0.162126 -0.607123 0.194289 
 0.177440 -0.610003 0.198641 
 0.185222 -0.621655 0.222401 
 0.200576 -0.624542 0.226764 
 0.223384 -0.618643 0.211697 
 0.238699 -0.621523 0.216049 
 -0.299908 -0.449557 -0.121838 
 -0.289392 -0.456649 -0.108077 
 -0.274387 -0.459471 -0.103813 
 -0.259383 -0.462292 -0.099549 
 -0.239969 -0.460829 -0.104805 
 -0.224984 -0.463646 -0.100547 
 -0.201257 -0.457879 -0.115349 
 -0.186311 -0.460690 -0.111102 
 -0.171366 -0.463500 -0.106854 
 -0.156420 -0.466311 -0.102607 
 -0.141474 -0.469121 -0.098360 
 -0.135076 -0.480554 -0.074998 
 -0.120091 -0.483372 -0.070740 
 -0.109342 -0.490508 -0.056913 
 -0.102769 -0.501974 -0.033501 
 -0.096119 -0.513454 -0.010067 
 -0.089391 -0.524949 0.013389 
 -0.078428 -0.532126 0.027277 
 -0.071565 -0.543646 0.050772 
 -0.064624 -0.555181 0.074288 
 -0.057605 -0.566730 0.097827 
 -0.050508 -0.578295 0.121388 
 -0.039273 -0.585522 0.135352 
 -0.023959 -0.588402 0.139704 
 -0.008644 -0.591282 0.144056 
 0.006671 -0.594162 0.148408 
 0.021986 -0.597042 0.152760 
 0.041264 -0.595553 0.147466 
 0.052615 -0.602802 0.161464 
 0.071854 -0.601305 0.156159 
 0.094960 -0.595421 0.141180 
 0.117988 -0.589522 0.126180 
 0.117740 -0.609935 0.169199 
 0.133036 -0.612811 0.173545 
 0.144503 -0.620082 0.187576 
 0.152202 -0.631759 0.211307 
 0.167555 -0.634647 0.215670 
 0.175370 -0.646346 0.239436 
 0.190762 -0.649241 0.243810 
 0.206155 -0.652135 0.248184 
 0.221547 -0.655030 0.252558 
 -0.291652 -0.472167 -0.110391 
 -0.276648 -0.474989 -0.106127 
 -0.261644 -0.477810 -0.101863 
 -0.242227 -0.476326 -0.107116 
 -0.227242 -0.479144 -0.102858 
 -0.203509 -0.473336 -0.117653 
 -0.197273 -0.484780 -0.094342 
 -0.182288 -0.487598 -0.090083 
 -0.158672 -0.481768 -0.104912 
 -0.143726 -0.484579 -0.100665 
 -0.137334 -0.496052 -0.077309 
 -0.122349 -0.498870 -0.073051 
 -0.111602 -0.506026 -0.059226 
 -0.105036 -0.517532 -0.035821 
 -0.098391 -0.529052 -0.012393 
 -0.091670 -0.540587 0.011057 
 -0.076549 -0.543431 0.015354 
 -0.065570 -0.550631 0.029244 
 -0.058673 -0.562199 0.052744 
 -0.059903 -0.582509 0.095474 
 -0.044647 -0.585378 0.099809 
 -0.037517 -0.596990 0.123376 
 -0.026266 -0.604241 0.137343 
 -0.010951 -0.607121 0.141695 
 0.004363 -0.610001 0.146047 
 0.019678 -0.612881 0.150398 
 0.034993 -0.615761 0.154750 
 0.050308 -0.618641 0.159102 
 0.069550 -0.617124 0.153801 
 0.084845 -0.620001 0.158147 
 0.100140 -0.622877 0.162493 
 0.115436 -0.625753 0.166840 
 0.126881 -0.633041 0.180862 
 0.134535 -0.644751 0.204577 
 0.149888 -0.647639 0.208940 
 0.165242 -0.650526 0.213303 
 0.173051 -0.662266 0.237062 
 0.188443 -0.665160 0.241436 
 0.203835 -0.668055 0.245810 
 0.219228 -0.670949 0.250184 
 -0.278909 -0.490506 -0.108441 
 -0.272775 -0.501972 -0.085162 
 -0.257732 -0.504801 -0.080888 
 -0.229500 -0.494642 -0.105169 
 -0.214515 -0.497460 -0.100911 
 -0.199530 -0.500278 -0.096652 
 -0.184546 -0.503096 -0.092394 
 -0.169561 -0.505914 -0.088136 
 -0.154576 -0.508732 -0.083878 
 -0.139591 -0.511549 -0.079620 
 -0.128867 -0.518722 -0.065804 
 -0.113863 -0.521544 -0.061540 
 -0.107302 -0.533090 -0.038140 
 -0.100664 -0.544650 -0.014719 
 -0.093948 -0.556226 0.008726 
 -0.078827 -0.559069 0.013022 
 -0.063707 -0.561913 0.017319 
 -0.052711 -0.569136 0.031212 
 -0.062202 -0.598288 0.093121 
 -0.055117 -0.609932 0.116671 
 -0.043888 -0.617200 0.130629 
 -0.036667 -0.628870 0.154216 
 -0.021314 -0.631757 0.158579 
 0.002056 -0.625840 0.143685 
 0.017371 -0.628720 0.148037 
 0.032685 -0.631600 0.152389 
 0.048000 -0.634480 0.156741 
 0.063315 -0.637360 0.161093 
 0.082541 -0.635820 0.155788 
 0.097836 -0.638696 0.160135 
 0.109259 -0.646000 0.174148 
 0.124574 -0.648880 0.178500 
 0.132221 -0.660630 0.202209 
 0.139947 -0.672396 0.225940 
 0.155339 -0.675290 0.230314 
 0.163181 -0.687077 0.254078 
 0.178612 -0.689979 0.258463 
 0.194043 -0.692881 0.262848 
 -0.283918 -0.526214 -0.068473 
 -0.259999 -0.520359 -0.083207 
 -0.244956 -0.523188 -0.078933 
 -0.221153 -0.517311 -0.093700 
 -0.214870 -0.528845 -0.070383 
 -0.199827 -0.531674 -0.066108 
 -0.176140 -0.525775 -0.080909 
 -0.161136 -0.528597 -0.076645 
 -0.154698 -0.540161 -0.053284 
 -0.139655 -0.542990 -0.049010 
 -0.133100 -0.554576 -0.025616 
 -0.118018 -0.557412 -0.021330 
 -0.102936 -0.560249 -0.017044 
 -0.096226 -0.571864 0.006394 
 -0.081105 -0.574707 0.010691 
 -0.070132 -0.581948 0.024575 
 -0.071502 -0.602397 0.067248 
 -0.056284 -0.605258 0.071572 
 -0.057422 -0.625751 0.114312 
 -0.046196 -0.633039 0.128267 
 -0.030881 -0.635919 0.132619 
 -0.023627 -0.647637 0.156212 
 -0.008274 -0.650524 0.160575 
 0.015063 -0.644559 0.145675 
 0.030378 -0.647439 0.150027 
 0.045693 -0.650319 0.154379 
 0.061007 -0.653199 0.158731 
 0.076322 -0.656079 0.163083 
 0.091637 -0.658959 0.167435 
 0.106951 -0.661839 0.171787 
 0.114555 -0.673622 0.195478 
 0.122235 -0.685420 0.219193 
 0.129994 -0.697232 0.242928 
 0.145425 -0.700134 0.247313 
 0.153299 -0.711969 0.271083 
 0.168769 -0.714878 0.275479 
 -0.286190 -0.541812 -0.070799 
 -0.271108 -0.544648 -0.066513 
 -0.256027 -0.547484 -0.062228 
 -0.240945 -0.550321 -0.057942 
 -0.225863 -0.553157 -0.053656 
 -0.210781 -0.555993 -0.049370 
 -0.187050 -0.550061 -0.064154 
 -0.172007 -0.552890 -0.059879 
 -0.156964 -0.555719 -0.055604 
 -0.141921 -0.558548 -0.051329 
 -0.135372 -0.570174 -0.027942 
 -0.120290 -0.573010 -0.023656 
 -0.113625 -0.584658 -0.000235 
 -0.102693 -0.591912 0.013635 
 -0.095892 -0.603585 0.037095 
 -0.089013 -0.615273 0.060577 
 -0.082056 -0.626976 0.084080 
 -0.079133 -0.643118 0.117202 
 -0.063818 -0.645998 0.121554 
 -0.056648 -0.657741 0.145118 
 -0.041294 -0.660628 0.149481 
 -0.025941 -0.663516 0.153844 
 -0.010587 -0.666403 0.158207 
 0.004766 -0.669290 0.162570 
 0.020120 -0.672178 0.166933 
 0.043385 -0.666158 0.152017 
 0.058700 -0.669038 0.156369 
 0.074015 -0.671918 0.160721 
 0.089329 -0.674798 0.165073 
 0.104644 -0.677678 0.169425 
 0.112241 -0.689501 0.193111 
 0.119916 -0.701339 0.216819 
 0.135308 -0.704234 0.221193 
 0.135499 -0.725059 0.264301 
 0.139625 -0.741427 0.297764 
 0.155154 -0.744347 0.302176 
 -0.273381 -0.560246 -0.068839 
 -0.258299 -0.563083 -0.064553 
 -0.243217 -0.565919 -0.060268 
 -0.228135 -0.568755 -0.055982 
 -0.213054 -0.571591 -0.051696 
 -0.197972 -0.574427 -0.047410 
 -0.182890 -0.577264 -0.043125 
 -0.167808 -0.580100 -0.038839 
 -0.152726 -0.582936 -0.034553 
 -0.137645 -0.585772 -0.030267 
 -0.131024 -0.597453 -0.006863 
 -0.120114 -0.604723 0.006998 
 -0.113358 -0.616429 0.030441 
 -0.106523 -0.628150 0.053906 
 -0.107917 -0.648760 0.096555 
 -0.092621 -0.651636 0.100902 
 -0.081440 -0.658957 0.114840 
 -0.074315 -0.670733 0.138387 
 -0.058961 -0.673620 0.142750 
 -0.043607 -0.676507 0.147113 
 -0.028254 -0.679395 0.151476 
 -0.012900 -0.682282 0.155839 
 0.002453 -0.685169 0.160202 
 0.017807 -0.688057 0.164565 
 0.033160 -0.690944 0.168928 
 0.048514 -0.693831 0.173291 
 0.063867 -0.696718 0.177654 
 0.071420 -0.708575 0.201323 
 0.094574 -0.702493 0.186380 
 0.102205 -0.714364 0.210071 
 0.109912 -0.726249 0.233784 
 0.117698 -0.738149 0.257519 
 0.129364 -0.745561 0.271596 
 0.137286 -0.757487 0.295369 
 -0.260571 -0.578681 -0.066879 
 -0.254267 -0.590343 -0.043569 
 -0.239146 -0.593187 -0.039272 
 -0.224026 -0.596030 -0.034975 
 -0.208905 -0.598874 -0.030679 
 -0.193784 -0.601717 -0.026382 
 -0.178664 -0.604561 -0.022085 
 -0.163543 -0.607404 -0.017788 
 -0.148423 -0.610248 -0.013492 
 -0.133302 -0.613091 -0.009195 
 -0.130823 -0.629273 0.023787 
 -0.124034 -0.641027 0.047235 
 -0.125517 -0.661703 0.089850 
 -0.122688 -0.677950 0.122931 
 -0.099062 -0.671916 0.108127 
 -0.091981 -0.683725 0.131657 
 -0.076628 -0.686612 0.136020 
 -0.061274 -0.689499 0.140383 
 -0.045921 -0.692387 0.144746 
 -0.030567 -0.695274 0.149109 
 -0.015214 -0.698161 0.153472 
 0.000140 -0.701049 0.157835 
 0.015493 -0.703936 0.162198 
 0.022924 -0.715810 0.185828 
 0.038316 -0.718705 0.190202 
 0.045863 -0.730601 0.213864 
 0.061294 -0.733503 0.218249 
 0.076725 -0.736405 0.222634 
 0.084427 -0.748330 0.246342 
 0.099897 -0.751240 0.250738 
 0.111541 -0.758668 0.264806 
 0.127031 -0.761581 0.269207 
 0.134946 -0.773547 0.292975 
 -0.269720 -0.619282 -0.017373 
 -0.254541 -0.622136 -0.013060 
 -0.239362 -0.624990 -0.008747 
 -0.215517 -0.618956 -0.023485 
 -0.200377 -0.621803 -0.019183 
 -0.185237 -0.624651 -0.014880 
 -0.178647 -0.636408 0.008507 
 -0.163468 -0.639263 0.012820 
 -0.148289 -0.642117 0.017133 
 -0.141544 -0.653904 0.040564 
 -0.134721 -0.665706 0.064016 
 -0.131999 -0.681995 0.097061 
 -0.141637 -0.711738 0.158864 
 -0.117927 -0.705678 0.144088 
 -0.102535 -0.708573 0.148462 
 -0.087142 -0.711467 0.152836 
 -0.063588 -0.705378 0.138015 
 -0.056357 -0.717257 0.161584 
 -0.032881 -0.711153 0.146741 
 -0.017527 -0.714040 0.151104 
 -0.002173 -0.716928 0.155467 
 0.013180 -0.719815 0.159830 
 0.020604 -0.731730 0.183454 
 0.028106 -0.743659 0.207100 
 0.043538 -0.746560 0.211485 
 0.051156 -0.758512 0.235164 
 0.074400 -0.752364 0.220255 
 0.082096 -0.764330 0.243956 
 0.097566 -0.767239 0.248352 
 0.109207 -0.774688 0.262417 
 0.124697 -0.777601 0.266819 
 -0.280796 -0.643887 -0.000702 
 -0.265578 -0.646749 0.003622 
 -0.250361 -0.649610 0.007947 
 -0.226470 -0.643543 -0.006774 
 -0.202658 -0.637462 -0.021517 
 -0.196113 -0.649252 0.001853 
 -0.189490 -0.661057 0.025244 
 -0.174272 -0.663919 0.029568 
 -0.167533 -0.675746 0.052993 
 -0.160716 -0.687588 0.076440 
 -0.149621 -0.694954 0.090347 
 -0.151031 -0.715808 0.132966 
 -0.152285 -0.736692 0.175629 
 -0.128530 -0.730599 0.160870 
 -0.113099 -0.733501 0.165255 
 -0.097668 -0.736403 0.169640 
 -0.074069 -0.730281 0.154836 
 -0.058677 -0.733176 0.159210 
 -0.043284 -0.736070 0.163584 
 -0.027892 -0.738965 0.167958 
 -0.012500 -0.741860 0.172332 
 0.002893 -0.744754 0.176706 
 0.010350 -0.756716 0.200335 
 0.017885 -0.768693 0.223986 
 0.033355 -0.771602 0.228382 
 0.048825 -0.774511 0.232778 
 0.064295 -0.777420 0.237174 
 0.079765 -0.780330 0.241570 
 0.095235 -0.783239 0.245966 
 0.106874 -0.790707 0.260028 
 0.114739 -0.802746 0.283773 
 -0.283089 -0.659625 -0.003049 
 -0.267871 -0.662487 0.001275 
 -0.252654 -0.665349 0.005600 
 -0.228757 -0.659242 -0.009115 
 -0.213579 -0.662096 -0.004802 
 -0.207001 -0.673934 0.018573 
 -0.200345 -0.685787 0.041969 
 -0.185088 -0.688656 0.046305 
 -0.178316 -0.700530 0.069735 
 -0.167244 -0.707913 0.083634 
 -0.160336 -0.719813 0.107102 
 -0.161718 -0.740755 0.149720 
 -0.154616 -0.752691 0.173244 
 -0.139146 -0.755600 0.177640 
 -0.123676 -0.758510 0.182036 
 -0.108206 -0.761419 0.186432 
 -0.084562 -0.755264 0.171645 
 -0.060996 -0.749095 0.156837 
 -0.045603 -0.751990 0.161211 
 -0.030211 -0.754884 0.165585 
 -0.014819 -0.757779 0.169959 
 0.000574 -0.760673 0.174333 
 0.000084 -0.781783 0.217204 
 0.015554 -0.784692 0.221601 
 0.031024 -0.787602 0.225997 
 0.046494 -0.790511 0.230393 
 0.061964 -0.793420 0.234789 
 0.073561 -0.800901 0.248837 
 0.089050 -0.803814 0.253238 
 -0.270164 -0.678226 -0.001071 
 -0.254946 -0.681088 0.003253 
 -0.231045 -0.674940 -0.011456 
 -0.215866 -0.677795 -0.007142 
 -0.217900 -0.698696 0.035281 
 -0.211211 -0.710596 0.058683 
 -0.200181 -0.717992 0.072568 
 -0.193356 -0.729917 0.096008 
 -0.186454 -0.741857 0.119471 
 -0.187887 -0.762872 0.162066 
 -0.172417 -0.765781 0.166462 
 -0.161114 -0.773228 0.180424 
 -0.145625 -0.776141 0.184826 
 -0.130135 -0.779054 0.189228 
 -0.114646 -0.781967 0.193629 
 -0.095067 -0.780327 0.188443 
 -0.079597 -0.783237 0.192839 
 -0.056025 -0.777027 0.178036 
 -0.040593 -0.779929 0.182421 
 -0.025162 -0.782831 0.186806 
 -0.009731 -0.785733 0.191191 
 -0.002247 -0.797783 0.214819 
 0.013223 -0.800692 0.219215 
 0.028693 -0.803601 0.223611 
 0.040248 -0.811095 0.237645 
 0.055738 -0.814008 0.242046 
 0.063475 -0.826105 0.265746 
 0.079003 -0.829025 0.270158 
 -0.220199 -0.714475 0.032928 
 -0.213516 -0.726415 0.056325 
 -0.211023 -0.742909 0.089278 
 -0.204165 -0.754882 0.112723 
 -0.205687 -0.775963 0.155284 
 -0.190217 -0.778872 0.159681 
 -0.187317 -0.795442 0.192749 
 -0.156260 -0.801283 0.201575 
 -0.140732 -0.804203 0.205987 
 -0.125204 -0.807123 0.210400 
 -0.101490 -0.800899 0.195642 
 -0.086001 -0.803812 0.200044 
 -0.070511 -0.806725 0.204445 
 -0.050987 -0.805055 0.199245 
 -0.035517 -0.807964 0.203641 
 -0.020047 -0.810873 0.208037 
 -0.008554 -0.818376 0.222052 
 0.006936 -0.821289 0.226453 
 0.022425 -0.824202 0.230855 
 0.037915 -0.827115 0.235256 
 0.045607 -0.839245 0.258939 
 0.076663 -0.845085 0.267764 
 -0.213336 -0.758788 0.086910 
 -0.206484 -0.770801 0.110350 
 -0.057356 -0.825657 0.206458 
 -0.041866 -0.828570 0.210860 
 -0.026377 -0.831483 0.215261 
 -0.018846 -0.843624 0.238894 
 -0.003318 -0.846544 0.243306 
 