-0.109647 -0.624059 0.132234 
 -0.111537 -0.458274 -0.118033 
 -0.133548 0.817208 0.006353 
 -0.127147 -0.598410 -0.034392 
 0.230632 -0.040038 -0.260061 
 0.022264 0.709311 0.037564 
 0.270753 -0.129875 0.131736 
 -0.314717 0.191194 0.020284 
 -0.203005 -0.722518 -0.008956 
 -0.235980 -0.306654 -0.264451 
 0.042141 0.493009 0.037753 
 -0.224626 -0.445398 -0.198131 
 -0.201493 -0.755705 0.012639 
 -0.190383 0.071513 0.088693 
 -0.116259 -0.560354 0.111526 
 -0.038799 0.649575 0.022130 
 0.224768 0.045664 -0.104442 
 -0.105628 -0.458954 -0.140194 
 -0.273521 -0.166038 -0.043010 
 -0.174908 -0.593293 -0.109763 
 -0.322384 -0.025407 0.052782 
 0.122050 0.800517 0.083742 
 0.113653 -0.234736 -0.302754 
 -0.136366 -0.563050 -0.093515 
 0.076692 -0.710172 0.240195 
 0.142035 -0.078608 -0.312450 
 -0.262397 -0.148858 -0.000715 
 0.196404 -0.474399 0.309151 
 -0.314317 -0.038744 0.057138 
 -0.062830 0.626336 -0.006884 
 0.221537 -0.090052 -0.295085 
 0.095111 0.867081 0.072484 
 0.280305 -0.220671 0.191366 
 0.125817 0.720909 0.099233 
 0.035980 0.685152 0.045860 
 -0.303390 -0.188388 -0.050502 
 -0.395666 0.044235 0.009087 
 0.263550 -0.111488 0.083966 
 -0.180100 -0.641545 -0.055038 
 0.155432 0.740461 0.103219 
 0.284919 -0.124997 -0.040376 
 0.226630 0.070692 -0.083615 
 0.006348 -0.667151 0.151303 
 -0.013979 -0.819328 0.227361 
 0.010904 0.423525 0.049736 
 -0.318902 0.265510 0.032927 
 -0.166935 0.073041 0.112527 
 0.032886 -0.415700 0.104421 
 -0.260229 -0.107168 0.009515 
 0.200873 -0.229163 -0.244311 
 -0.219752 0.549065 -0.009057 
 0.081868 -0.640938 0.188888 
 -0.301376 -0.063396 0.065807 
 -0.124503 0.712773 -0.006578 
 0.072640 0.465725 0.120889 
 0.277910 -0.095806 -0.114143 
 -0.181968 -0.580832 -0.114385 
 0.255381 0.032540 -0.034835 
 0.110649 -0.657987 0.285336 
 -0.069119 0.424472 0.041568 
 -0.056228 -0.565870 0.138993 
 -0.084412 0.394051 0.034499 
 -0.241313 0.105143 0.074873 
 0.058342 -0.559068 0.127313 
 -0.129316 -0.774139 0.123137 
 -0.167877 -0.605758 -0.103279 
 -0.321857 0.203466 0.016481 
 0.076873 0.501158 0.048492 
 0.001566 0.556738 0.039189 
 -0.162348 0.499628 0.009829 
 -0.053241 -0.817992 0.186133 
 -0.057312 0.359760 0.039904 
 -0.088678 -0.630645 0.123354 
 0.268575 -0.154843 0.193218 
 -0.072161 -0.214777 -0.340402 
 -0.196364 0.388422 0.009365 
 0.016660 0.376651 0.060412 
 0.193917 0.278240 -0.071422 
 0.105516 0.027340 -0.210735 
 0.176341 -0.468677 0.234198 
 -0.238501 0.461464 -0.016117 
 -0.111684 -0.580835 0.084293 
 0.110665 -0.657411 0.284764 
 0.144567 -0.533942 0.217632 
 -0.047272 -0.335830 -0.255587 
 0.199152 0.242100 -0.088538 
 0.168916 -0.110589 -0.306219 
 -0.099842 -0.427254 0.071159 
 0.253565 0.023139 -0.065496 
 0.121565 -0.580501 0.243726 
 -0.015786 0.840936 0.028436 
 0.076954 0.785501 0.066230 
 0.159342 -0.537431 0.231610 
 -0.407993 -0.046905 -0.022917 
 -0.136354 -0.562083 -0.093455 
 0.053349 0.540422 0.059125 
 0.135782 -0.509154 0.185779 
 -0.281538 0.223233 0.059980 
 0.058343 0.970048 0.129136 
 0.261450 -0.146573 0.089684 
 -0.087327 0.694840 -0.018230 
 -0.387685 -0.105908 -0.015403 
 -0.192959 0.459223 -0.001516 
 -0.335034 0.249557 0.013342 
 0.054390 0.375576 0.097624 
 -0.368535 0.110015 0.047650 
 0.272806 0.012452 0.048888 
 0.063361 0.030730 -0.224310 
 0.193716 -0.039003 -0.294228 
 0.021519 -0.704484 0.188304 
 -0.258818 0.311434 0.002368 
 -0.037922 0.830541 0.032615 
 0.275235 -0.070336 0.147624 
 -0.127122 -0.597728 -0.035420 
 -0.081190 0.702613 -0.008935 
 -0.425982 -0.114357 -0.026750 
 0.246443 -0.057087 -0.161769 
 -0.272081 -0.533325 -0.192449 
 0.106458 0.574681 0.119870 
 0.203581 0.062881 -0.122361 
 -0.006234 0.737541 0.017535 
 -0.202523 -0.463329 -0.179995 
 0.101480 0.978370 0.131292 
 0.106500 -0.069037 -0.316706 
 -0.076385 -0.444336 -0.009461 
 -0.077083 -0.821438 0.164748 
 -0.065958 0.849701 0.036022 
 0.266174 -0.006149 -0.074833 
 0.267529 -0.174567 0.188322 
 -0.109069 -0.572056 0.115022 
 -0.286027 0.382311 -0.007822 
 -0.079125 -0.163460 -0.334085 
 -0.091196 0.655686 -0.028860 
 0.245567 0.058650 0.032420 
 0.077252 0.379139 0.120153 
 -0.142150 0.808311 -0.003170 
 -0.099343 -0.750219 0.129775 
 0.066743 0.077431 -0.182180 
 0.144569 -0.533791 0.217632 
 -0.127773 0.779251 -0.010961 
 -0.363234 -0.225348 -0.030883 
 0.102331 -0.717875 0.292315 
 -0.215627 0.426248 -0.003344 
 0.164868 -0.417558 0.163693 
 0.213298 0.074985 -0.096583 
 -0.036482 0.849152 0.037906 
 -0.119460 0.490265 0.007895 
 -0.008721 0.669420 0.025675 
 0.052286 0.276725 0.130309 
 -0.118894 0.490255 0.008549 
 0.223909 -0.196117 0.069427 
 0.015836 0.871766 0.066193 
 -0.166390 -0.681939 0.063162 
 -0.150998 -0.476434 -0.160756 
 0.157889 -0.597260 0.316230 
 -0.303844 0.240359 0.041564 
 0.255228 -0.119182 0.075412 
 -0.028245 -0.181820 -0.330008 
 -0.183357 0.345318 0.012465 
 0.081694 0.532439 0.086323 
 -0.005396 -0.761278 0.204125 
 -0.205453 0.346054 0.005156 
 -0.182260 0.555851 0.002525 
 0.144175 0.164328 -0.115511 
 0.056722 0.662790 0.047480 
 -0.002905 0.637437 0.026077 
 -0.165689 -0.646084 -0.039843 
 -0.220996 -0.310983 -0.250697 
 0.244436 -0.095750 -0.172801 
 0.090006 0.769901 0.045403 
 0.014167 0.257154 0.087874 
 0.217929 -0.409144 0.289099 
 0.089846 -0.148727 -0.308654 
 0.085205 0.943239 0.107273 
 0.079426 0.852933 0.055212 
 -0.028293 0.522026 0.046713 
 0.233398 -0.161269 -0.197217 
 0.038631 -0.676291 0.180407 
 0.253347 -0.227166 -0.163065 
 -0.272946 0.336997 -0.005715 
 -0.321857 0.203761 0.016735 
 0.265223 -0.198785 0.166582 
 -0.348456 -0.091507 0.012138 
 -0.044581 0.506386 0.027688 
 0.218614 -0.158618 -0.226265 
 -0.169820 0.717564 -0.020712 
 -0.183742 0.299142 0.045058 
 0.104234 -0.487961 0.130454 
 -0.006930 -0.761253 0.202940 
 0.051923 0.713121 0.053730 
 -0.073372 -0.214596 -0.340420 
 0.079347 -0.036840 -0.323460 
 -0.225955 0.132652 0.067183 
 0.203513 -0.319565 0.151343 
 -0.195372 0.123472 0.095324 
 -0.080470 0.231585 0.088131 
 -0.314192 0.232377 0.031735 
 0.148760 -0.571633 0.284196 
 -0.083452 -0.433174 -0.013564 
 -0.394978 -0.077329 -0.030504 
 0.102854 -0.508250 0.124451 
 0.300761 -0.060939 -0.038413 
 -0.031006 -0.764731 0.180014 
 0.150535 -0.413097 0.151914 
 -0.210379 0.413896 -0.000203 
 -0.096168 -0.245137 -0.326640 
 0.063792 -0.267234 -0.288902 
 0.150959 -0.512201 0.199730 
 0.101368 -0.686075 0.269224 
 0.128341 -0.548796 0.196860 
 0.015464 0.327065 0.077222 
 0.250677 0.083131 -0.029955 
 -0.274004 0.316617 -0.011611 
 0.254510 0.117510 0.025081 
 -0.126205 -0.641565 0.113147 
 0.037338 0.282308 0.116545 
 -0.124691 0.522611 0.009049 
 -0.055757 0.614177 -0.002711 
 -0.152090 0.600706 -0.030689 
 0.203739 -0.336014 0.162088 
 -0.186842 0.446895 0.000728 
 -0.126623 -0.586469 -0.062346 
 -0.259051 0.332498 0.007786 
 0.043624 0.318216 0.104058 
 -0.119068 -0.525587 -0.068723 
 -0.223842 -0.355693 -0.276200 
 0.277318 -0.113067 -0.044551 
 0.088527 0.519513 0.092552 
 -0.176316 0.524294 0.001381 
 -0.221346 0.290588 0.034098 
 0.203142 -0.044239 -0.202013 
 0.286440 -0.027480 0.068110 
 -0.390743 0.148059 0.036737 
 -0.352507 -0.036984 0.018859 
 0.000558 0.332159 0.062890 
 -0.112362 0.800587 0.024032 
 0.265188 -0.168403 0.144431 
 0.276569 -0.014120 0.003707 
 0.129131 0.138554 -0.107685 
 -0.291191 0.194645 0.044665 
 0.105309 0.524817 0.136753 
 0.278261 -0.015595 0.063968 
 -0.116666 -0.526965 0.090305 
 0.001798 0.959442 0.096892 
 -0.067007 -0.242155 -0.325425 
 0.032250 -0.762362 0.239927 
 -0.290117 0.215201 0.050179 
 0.122081 0.041433 -0.192198 
 -0.035222 0.370421 0.036556 
 0.289974 -0.125584 -0.063227 
 -0.165521 -0.381723 -0.253990 
 -0.314171 0.191185 0.020802 
 0.179852 0.048926 -0.176213 
 0.247963 0.172480 -0.011821 
 -0.296737 0.227789 0.045875 
 0.119122 -0.577396 0.183075 
 0.084676 -0.689968 0.222728 
 0.232543 -0.265889 0.134120 
 -0.191044 0.252875 0.084396 
 -0.236109 -0.721944 -0.068658 
 0.066840 0.896050 0.050762 
 -0.109802 -0.449655 -0.086709 
 -0.134457 -0.618365 -0.018165 
 -0.015215 -0.769329 0.194392 
 -0.005158 0.758479 0.020974 
 0.266305 -0.068526 0.110792 
 0.263345 -0.254761 0.167506 
 0.081853 -0.641355 0.189507 
 0.078268 0.398914 0.125475 
 0.209061 -0.203175 -0.229971 
 -0.006728 0.737553 0.015687 
 0.070689 0.017897 -0.220215 
 0.166666 -0.397354 0.170132 
 -0.408184 -0.046905 -0.022239 
 0.058404 -0.644383 0.166453 
 -0.132192 -0.597878 -0.012684 
 -0.129100 -0.774142 0.123140 
 0.230165 -0.334380 0.246047 
 0.058861 -0.592719 0.149128 
 -0.003955 0.429061 0.036563 
 0.129197 0.808682 0.093095 
 -0.305280 -0.102964 -0.005027 
 0.248473 -0.018126 -0.151958 
 0.276244 -0.046321 -0.129455 
 -0.117946 -0.525911 -0.068707 
 0.027968 -0.362983 0.110998 
 -0.290536 -0.049373 0.092116 
 -0.114429 -0.556533 0.028581 
 0.124627 -0.143018 -0.316775 
 0.191468 -0.031252 -0.183559 
 -0.154865 0.693039 -0.012301 
 -0.118918 0.490250 0.010141 
 0.060670 -0.286721 -0.294133 
 0.026772 0.938877 0.091441 
 -0.318633 0.265192 0.032930 
 0.020152 0.480455 0.042245 
 -0.217739 -0.414378 -0.241508 
 -0.389369 0.026358 -0.003504 
 0.221164 -0.001374 -0.146678 
 -0.279708 0.329040 -0.015863 
 0.082763 0.753154 0.064114 
 0.052466 -0.526211 0.128311 
 0.077372 0.824972 0.075722 
 0.114848 0.652765 0.074262 
 0.159134 0.057137 -0.166974 
 0.042809 0.672689 0.051561 
 -0.082615 -0.401337 -0.035308 
 -0.083432 -0.431913 -0.013724 
 0.224952 -0.135089 -0.285612 
 -0.012248 0.581046 0.032502 
 0.071116 -0.742729 0.286199 
 0.260856 -0.061010 -0.149008 
 -0.243923 -0.314484 -0.274054 
 0.233265 -0.161268 -0.197219 
 -0.116235 -0.558604 0.111532 
 0.178182 -0.480753 0.260810 
 0.168248 -0.547427 0.337101 
 -0.416847 -0.128035 -0.022363 
 -0.031070 0.816632 0.036769 
 -0.030410 0.685937 0.009575 
 -0.160766 0.724664 -0.011164 
 -0.234541 0.410504 -0.022679 
 -0.112009 -0.547905 0.061250 
 0.171063 -0.240806 -0.276756 
 0.041134 0.783790 0.072906 
 0.279638 -0.029782 -0.066689 
 -0.292263 0.174064 0.039083 
 0.210835 -0.233722 0.105417 
 -0.350239 0.023771 0.035413 
 0.033976 -0.395750 0.107678 
 -0.170581 0.442394 0.016581 
 -0.293063 0.394775 -0.013994 
 0.085215 0.944022 0.107276 
 -0.262450 -0.569532 -0.134865 
 0.033926 0.456138 0.051455 
 0.007502 0.712727 0.023989 
 0.217361 -0.461448 0.305002 
 -0.017790 0.452322 0.027955 
 -0.318642 0.264521 0.032928 
 0.275675 -0.003577 -0.022571 
 -0.166685 -0.553075 -0.120164 
 -0.085952 -0.171119 -0.343730 
 0.125451 0.729495 0.072138 
 0.194571 -0.229378 -0.220953 
 -0.051767 0.222626 0.115893 
 0.190415 0.091205 -0.114026 
 0.120976 -0.661464 0.322240 
 -0.151405 -0.589872 -0.086058 
 0.216609 -0.183988 0.065618 
 -0.249251 -0.610810 -0.115067 
 0.250660 0.083127 -0.028806 
 -0.018632 -0.486425 0.123910 
 0.252351 -0.245968 -0.168786 
 0.226354 -0.022341 -0.174412 
 0.073032 -0.617436 0.157698 
 0.245630 -0.234709 -0.172875 
 0.005320 0.485542 0.029521 
 0.086789 0.450655 0.101910 
 -0.287636 -0.561074 -0.184386 
 -0.062591 0.626218 -0.006880 
 0.074691 0.904293 0.059954 
 0.074554 0.086011 -0.172865 
 -0.150993 -0.665780 0.083100 
 0.227227 -0.108069 -0.249039 
 -0.086119 0.579698 0.003450 
 -0.199060 0.324063 0.036515 
 0.265326 -0.033343 -0.111954 
 -0.234017 -0.701320 -0.064256 
 0.041693 0.434645 0.081374 
 -0.090424 -0.775254 0.162127 
 0.088782 -0.483462 0.116883 
 0.233386 -0.231396 0.128586 
 -0.099946 0.604248 -0.005802 
 -0.236977 0.219461 0.074989 
 0.208744 0.041283 -0.149637 
 0.060002 0.546946 0.068550 
 0.105494 -0.399658 0.108278 
 -0.116989 0.539515 -0.008461 
 0.138429 0.194883 -0.114738 
 -0.324310 0.101122 0.049432 
 -0.015670 0.241965 0.098549 
 -0.129815 0.368323 0.042972 
 0.051149 0.062380 -0.200803 
 0.245950 0.135320 -0.022213 
 -0.339836 -0.156936 -0.049815 
 -0.249324 -0.643395 -0.093447 
 0.039186 -0.775033 0.246739 
 0.167508 0.186840 -0.087985 
 -0.367866 0.146193 0.044477 
 -0.047890 0.784339 0.012594 
 -0.105209 -0.438779 -0.135176 
 -0.040681 -0.118769 -0.329310 
 -0.085385 -0.433147 -0.013758 
 0.280319 -0.122692 0.141208 
 0.216640 -0.067855 -0.193854 
 0.110782 0.883561 0.092842 
 -0.158762 0.080295 0.122295 
 -0.228888 0.520972 -0.022479 
 -0.082744 0.654035 0.007557 
 -0.036629 0.513281 0.037194 
 0.170190 0.097140 -0.104284 
 0.091237 0.559217 0.101067 
 -0.275103 -0.056532 0.106340 
 -0.275038 0.316613 -0.011627 
 0.069688 -0.751154 0.252940 
 0.037147 -0.521692 0.114484 
 -0.363539 0.056177 0.043084 
 0.004727 0.927502 0.096054 
 -0.028968 0.858474 0.047354 
 0.269903 0.027180 -0.021463 
 0.152717 -0.524977 0.226983 
 -0.285568 -0.087863 0.074522 
 -0.221615 0.230117 0.076535 
 0.136257 -0.185904 -0.311923 
 -0.047471 -0.504850 0.134360 
 -0.196981 -0.544215 -0.149297 
 0.159049 -0.505279 0.209742 
 -0.118125 0.165248 0.138126 
 0.021226 0.689193 0.032288 
 0.269196 -0.181667 -0.166660 
 -0.393698 -0.055719 -0.024973 
 0.170684 0.128171 -0.126246 
 -0.004126 0.778049 0.026248 
 0.232719 0.187465 -0.052084 
 -0.130363 0.745067 -0.006521 
 0.278591 0.009989 0.024622 
 0.284624 -0.049780 -0.094636 
 -0.300710 0.186651 0.034880 
 0.187906 -0.252607 0.091823 
 0.077257 -0.291070 -0.280726 
 0.260444 -0.091090 -0.127473 
 -0.158755 -0.545147 -0.111723 
 -0.334770 0.020817 0.049632 
 -0.202998 -0.722685 -0.009585 
 -0.146097 0.524720 0.001934 
 -0.365637 0.029842 0.019218 
 -0.080650 0.311106 0.049778 
 0.103892 -0.015522 -0.236903 
 -0.417286 0.052376 0.017615 
 0.005824 0.824775 0.046220 
 -0.092511 0.376746 0.052508 
 -0.075983 0.436734 0.038507 
 0.219893 -0.187369 -0.189076 
 -0.126748 -0.641555 0.112482 
 0.167990 0.216557 -0.109589 
 0.013052 -0.733160 0.173056 
 -0.343529 -0.008169 0.034246 
 0.156476 0.904056 0.125823 
 -0.368524 0.125055 0.038957 
 -0.157899 0.198873 0.078487 
 -0.098802 -0.439476 -0.157639 
 0.144230 0.953537 0.138420 
 0.209303 0.031574 -0.123832 
 0.136413 0.156735 -0.125829 
 0.256781 -0.020036 -0.116038 
 -0.101011 -0.430398 0.054049 
 0.202310 0.145920 -0.062347 
 -0.114501 -0.538749 0.117051 
 0.163939 -0.589220 0.326101 
 0.121369 0.801921 0.083737 
 0.039538 0.380010 0.081744 
 0.217215 -0.168643 -0.257820 
 0.182648 -0.449551 0.217792 
 -0.102453 0.710554 0.001288 
 0.248919 0.073955 -0.060659 
 0.112996 -0.464096 0.129122 
 -0.099106 0.647313 -0.040350 
 0.202188 -0.195500 -0.250138 
 0.269066 -0.186672 0.215904 
 -0.018290 -0.306580 -0.291360 
 -0.051715 0.223046 0.115896 
 0.006348 -0.667151 0.151294 
 -0.036966 0.494261 0.031884 
 -0.059798 0.244847 0.085588 
 -0.011015 0.787902 0.022092 
 0.216717 -0.048509 -0.188775 
 0.017027 -0.463914 0.106389 
 -0.307599 0.178621 0.025320 
 -0.164642 0.109414 0.107068 
 0.095817 -0.495856 0.120752 
 -0.009101 -0.373280 0.099953 
 0.082957 -0.689952 0.224838 
 -0.284430 -0.083691 0.090227 
 -0.150632 -0.445555 -0.182001 
 -0.005142 0.393219 0.042159 
 -0.253116 -0.119741 0.014787 
 -0.007435 0.323707 0.053309 
 0.080495 0.483520 0.103038 
 0.111759 -0.464078 0.128892 
 -0.281713 0.289298 0.032843 
 0.289960 -0.126027 -0.062681 
 0.095920 -0.580564 0.159388 
 -0.101005 -0.430397 0.053629 
 -0.202173 0.401496 0.005139 
 0.096249 -0.580568 0.159393 
 0.217681 -0.261459 0.118812 
 -0.068425 -0.760599 0.158216 
 -0.091564 -0.441517 -0.023414 
 -0.119499 0.455474 0.013426 
 0.209247 -0.060355 -0.214412 
 -0.309991 0.074505 0.057491 
 0.170989 0.043065 -0.185450 
 -0.127556 -0.733030 0.134219 
 0.245738 0.104329 -0.000466 
 0.269723 -0.062614 0.044724 
 0.073487 0.465907 0.120902 
 -0.094793 -0.198408 -0.359173 
 0.054012 -0.453387 0.117898 
 0.270294 -0.064557 -0.113068 
 -0.385145 0.093838 0.031751 
 -0.270360 0.084958 0.068428 
 0.011719 -0.380296 0.091626 
 -0.221123 0.058657 0.055091 
 0.202330 -0.221825 -0.213899 
 0.111023 0.094255 -0.163394 
 -0.232866 -0.383593 -0.293087 
 0.229038 0.257743 -0.041303 
 0.014388 0.701271 0.026807 
 0.095296 0.449113 0.136544 
 0.122499 0.633617 0.105701 
 0.137966 0.204781 -0.141456 
 -0.252311 0.193543 0.081661 
 -0.134479 0.179043 0.096751 
 0.008879 -0.782410 0.229377 
 0.033968 -0.395752 0.108181 
 0.180099 -0.198742 -0.271716 
 -0.157513 -0.638089 -0.031211 
 -0.237009 -0.326762 -0.271250 
 -0.091634 0.663820 -0.055602 
 0.071954 0.513219 0.044373 
 0.062172 -0.738769 0.248600 
 0.103795 0.534982 0.109367 
 -0.249493 0.098904 0.065084 
 0.140097 -0.564576 0.265509 
 -0.092974 -0.433887 -0.066537 
 -0.190322 0.039209 0.110543 
 0.214654 -0.402177 0.243704 
 0.110610 -0.027913 -0.232404 
 0.171718 -0.061404 -0.322849 
 0.227399 -0.000426 -0.169253 
 -0.141006 0.275101 0.054223 
 -0.019144 0.593202 0.028746 
 0.122724 -0.601033 0.237815 
 0.265923 -0.052153 0.099759 
 -0.011078 0.913077 0.076826 
 0.194159 -0.218719 -0.248366 
 -0.173950 0.617380 -0.048756 
 0.210302 0.050801 -0.117762 
 0.233975 -0.094267 -0.282639 
 0.288306 -0.016827 -0.041262 
 -0.083303 -0.462593 0.107095 
 0.217823 -0.319590 0.181205 
 0.018332 -0.463934 0.106961 
 0.217300 -0.195653 -0.222022 
 0.210295 0.050260 -0.117764 
 0.063324 0.934054 0.111693 
 -0.221416 0.458893 -0.002188 
 0.136393 0.156077 -0.125135 
 -0.058626 0.295718 0.067829 
 0.002805 0.399584 0.051664 
 0.061082 -0.132489 -0.303870 
 -0.251466 0.320032 0.012068 
 0.042108 -0.220336 -0.326388 
 -0.240584 0.423429 -0.026909 
 -0.093463 -0.491174 0.091938 
 0.231809 -0.188936 0.079230 
 -0.302603 -0.167806 -0.044208 
 0.194486 -0.203205 -0.258982 
 0.246328 -0.146605 0.059869 
 0.241839 0.115484 0.054349 
 0.105107 -0.103161 -0.311316 
 -0.194481 -0.714639 0.000891 
 -0.131655 0.297984 0.052992 
 0.152721 -0.023946 -0.261578 
 0.284070 -0.125421 -0.040390 
 -0.083420 -0.405733 -0.051485 
 -0.100193 -0.510896 0.108240 
 0.033538 0.456143 0.051495 
 -0.100567 -0.389752 -0.091420 
 -0.271760 -0.625491 -0.112714 
 0.157779 -0.342019 0.113661 
 -0.109901 -0.497683 -0.053620 
 0.134595 -0.480958 0.147253 
 0.069292 0.342796 0.132692 
 -0.067238 0.523116 0.009792 
 -0.186128 0.197067 0.077776 
 0.021660 -0.672116 0.166274 
 -0.426001 -0.115298 -0.026314 
 0.125598 -0.124360 -0.309717 
 0.276560 -0.026792 0.015406 
 0.129160 -0.344665 0.115129 
 0.016456 0.742394 0.038695 
 0.075926 0.543754 0.082178 
 0.071093 0.381663 0.143358 
 0.076700 -0.710170 0.239620 
 0.172543 -0.330828 0.118147 
 -0.065149 0.543085 0.015132 
 0.172743 -0.345837 0.129163 
 0.056910 0.488591 0.052687 
 0.035515 0.829746 0.062916 
 0.050633 -0.173814 -0.307793 
 0.102240 0.068123 -0.177876 
 -0.080154 -0.202757 -0.346101 
 0.074793 -0.697520 0.212909 
 -0.324273 0.103166 0.048835 
 -0.119704 -0.580078 0.105983 
 -0.026158 -0.142677 -0.322506 
 -0.271811 -0.691729 -0.069596 
 0.171572 0.918371 0.144509 
 0.002789 -0.140438 -0.320204 
 0.235286 -0.107513 -0.197622 
 -0.271754 -0.625000 -0.112712 
 -0.328102 0.206427 0.039346 
 0.269181 -0.064217 -0.113084 
 -0.102898 -0.487497 0.054758 
 -0.159478 0.612943 -0.033658 
 0.281553 -0.110513 -0.110138 
 -0.069536 -0.155837 -0.324709 
 0.257817 -0.119884 -0.164461 
 -0.119902 -0.589950 0.073200 
 0.208944 -0.176937 -0.266994 
 0.109754 -0.624156 0.263055 
 0.212489 0.049086 0.082885 
 0.253328 -0.246561 -0.168773 
 -0.031071 0.817178 0.037340 
 0.096887 -0.474749 0.126200 
 0.090406 -0.649250 0.209898 
 -0.397635 0.018967 -0.012745 
 -0.129697 -0.772210 0.123137 
 -0.242672 -0.655956 -0.089994 
 -0.102259 -0.510872 0.109303 
 -0.288479 0.037983 0.070496 
 -0.053381 -0.266663 -0.317593 
 -0.265550 -0.031144 0.105327 
 0.152709 0.831094 0.121178 
 0.061741 0.548143 0.068580 
 0.112617 -0.254227 -0.306420 
 0.113096 0.135872 -0.152987 
 -0.126623 -0.608842 0.088845 
 -0.025573 0.400477 0.051444 
 0.128503 -0.396410 0.131754 
 0.234200 -0.172268 -0.168931 
 0.095125 0.868251 0.072617 
 0.147319 -0.028955 -0.196949 
 0.206820 0.125821 -0.090318 
 0.015862 0.871766 0.066194 
 -0.313370 0.252961 0.037215 
 0.264984 0.207805 0.011960 
 -0.001883 0.657287 0.032331 
 0.230061 0.277206 -0.036580 
 0.070473 0.435163 0.083039 
 -0.051930 0.518685 0.023495 
 0.072187 0.836993 0.072269 
 0.057941 0.031303 -0.201899 
 0.258273 0.060863 0.002354 
 0.238981 -0.045268 -0.166321 
 -0.417352 0.051229 0.017610 
 0.268551 -0.054156 -0.139810 
 0.052971 -0.287319 0.123332 
 0.120159 0.161079 -0.138534 
 -0.008800 0.697952 0.005137 
 0.159811 -0.629867 0.338773 
 -0.016039 -0.085174 -0.327576 
 -0.094749 -0.470478 -0.061202 
 -0.058640 0.294699 0.067826 
 -0.005253 0.363775 0.064029 
 -0.300410 0.145455 0.023952 
 -0.421241 0.127078 0.029889 
 0.203658 -0.221531 0.101964 
 0.022404 0.240589 0.135788 
 -0.118945 -0.274552 -0.313609 
 0.024334 0.749130 0.048115 
 0.021227 0.689173 0.032288 
 -0.038773 0.650826 0.021543 
 0.040642 0.415785 0.077598 
 -0.376830 0.102941 0.039918 
 0.277912 -0.154671 -0.152309 
 0.125174 0.701180 0.094168 
 -0.191745 -0.755693 0.066161 
 -0.347257 -0.038230 -0.003922 
 0.195721 -0.229390 -0.221916 
 -0.084261 0.903854 0.074051 
 -0.093687 -0.481788 -0.033975 
 -0.150457 -0.537951 -0.102039 
 -0.248740 -0.528772 -0.168787 
 -0.114185 -0.589528 0.051687 
 -0.094838 -0.479505 0.064527 
 0.158739 -0.405222 0.159470 
 0.019111 0.460549 0.037086 
 0.293023 -0.067637 -0.048150 
 -0.051027 0.722314 -0.003631 
 0.121636 0.820206 0.088961 
 -0.094630 -0.244599 -0.326615 
 0.249357 0.083144 -0.028547 
 0.277930 -0.239184 0.186027 
 0.233707 -0.413656 0.301990 
 -0.210675 0.127212 0.081251 
 0.238602 -0.203468 -0.171766 
 0.150630 0.789778 0.110690 
 -0.068738 -0.742975 0.147247 
 0.178507 0.011818 -0.186526 
 -0.384753 -0.185611 -0.044258 
 -0.147311 0.287351 0.049981 
 -0.174023 0.087206 0.108232 
 0.056068 0.793516 0.074880 
 0.031707 0.436249 0.046180 
 0.088192 -0.536133 0.133099 
 -0.223244 0.458918 -0.002216 
 0.027115 -0.246660 -0.319754 
 -0.128675 0.825029 0.015816 
 -0.244226 -0.709326 -0.074105 
 0.185556 0.019367 -0.175929 
 0.186079 -0.047436 -0.304614 
 -0.287280 -0.529125 -0.206463 
 -0.066777 0.257200 0.079743 
 0.205895 -0.378223 0.213056 
 0.127612 0.129624 -0.140000 
 0.016556 -0.745480 0.200582 
 -0.085303 -0.401301 -0.035349 
 -0.089270 0.818614 0.036510 
 0.005306 0.484507 0.029517 
 0.276559 0.006924 -0.049508 
 -0.055385 0.888546 0.085131 
 0.152403 0.069068 -0.171046 
 0.249514 -0.230124 0.158655 
 0.048096 0.367778 0.087460 
 -0.005123 0.393285 0.041028 
 -0.126114 -0.513017 -0.072985 
 -0.351303 0.004504 0.029933 
 -0.260513 0.186736 0.072913 
 -0.175578 -0.706458 0.063257 
 0.062364 0.615952 0.057175 
 -0.370021 -0.053120 0.000655 
 -0.084169 -0.461520 0.107086 
 -0.237195 0.001336 0.084522 
 0.045343 0.290082 0.126105 
 0.114325 0.034899 -0.200685 
 0.270164 0.017404 0.005568 
 -0.057896 0.734441 -0.008264 
 -0.109732 0.547324 0.001063 
 -0.125057 -0.525248 -0.046462 
 0.114858 0.653466 0.074265 
 -0.203195 0.593964 -0.010145 
 0.097838 0.777556 0.055314 
 0.229502 0.015409 -0.105560 
 0.153731 0.850401 0.126417 
 -0.110212 -0.374966 -0.155344 
 0.016224 0.376658 0.060035 
 0.090418 0.501205 0.146247 
 -0.088859 0.274021 0.063009 
 0.195483 -0.327389 0.143380 
 0.096349 0.498218 0.122157 
 -0.286940 -0.589457 -0.148079 
 -0.236926 0.514319 -0.032325 
 0.279490 -0.131188 0.108565 
 -0.000472 0.856358 0.047338 
 0.263489 -0.091698 0.089218 
 0.118981 0.732765 0.095284 
 -0.212804 0.087191 0.070310 
 -0.356679 -0.099175 -0.000174 
 0.228294 -0.114752 -0.206798 
 0.023289 0.728775 0.043102 
 0.058760 0.702333 0.059782 
 -0.322942 -0.120230 -0.024687 
 -0.126107 -0.513467 -0.073807 
 0.143124 -0.369667 0.123577 
 -0.132605 0.828889 0.037880 
 -0.426005 -0.115299 -0.026036 
 0.275482 -0.080049 0.032063 
 -0.227535 0.541186 -0.017317 
 -0.399995 -0.018041 -0.007525 
 0.140963 0.908419 0.112345 
 0.057065 0.813283 0.082455 
 0.225980 -0.169873 -0.206416 
 0.097709 -0.718536 0.315833 
 -0.270874 0.136355 0.051686 
 -0.397714 0.003900 -0.001971 
 0.165280 -0.041077 -0.295540 
 -0.008773 -0.695350 0.160026 
 -0.066774 0.257200 0.079559 
 -0.323670 -0.067935 0.041743 
 0.245437 -0.076419 -0.167159 
 0.225157 -0.207165 0.097060 
 0.049114 0.841894 0.021560 
 -0.007288 -0.761252 0.204096 
 0.255216 -0.119184 0.076231 
 0.097709 -0.439322 0.121051 
 0.170801 -0.061393 -0.322471 
 0.041781 0.652890 0.045946 
 0.086148 0.450663 0.101900 
 0.151639 -0.545936 0.221906 
 -0.196170 0.051800 0.106251 
 -0.076062 -0.124180 -0.324519 
 -0.079995 -0.622599 0.133204 
 -0.034302 -0.551776 0.137260 
 0.124460 0.657625 0.127286 
 0.080675 0.714283 0.055929 
 0.065448 0.670476 0.056765 
 -0.045181 -0.652977 0.132073 
 -0.144449 -0.570001 -0.104088 
 -0.012015 -0.446038 0.111719 
 -0.002907 0.637437 0.026245 
 0.218292 -0.124200 -0.289139 
 0.081468 0.473489 0.128382 
 -0.112370 0.800221 0.024225 
 0.094087 -0.725920 0.282471 
 -0.152664 0.364930 0.018500 
 0.069187 0.017917 -0.220238 
 0.021076 -0.639049 0.142524 
 -0.331458 0.113760 0.044008 
 0.204453 -0.104933 -0.314523 
 0.013299 0.257165 0.087859 
 -0.062316 -0.532639 0.141391 
 -0.224649 -0.447152 -0.198137 
 -0.371470 -0.231680 -0.041079 
 0.099498 0.566940 0.110520 
 -0.148576 0.206439 0.088213 
 -0.183386 0.344103 0.013354 
 -0.073720 -0.413408 0.127845 
 0.065722 0.057918 -0.187393 
 0.153175 -0.139907 -0.314641 
 -0.189947 0.251338 0.084408 
 0.022396 0.239955 0.135786 
 0.091409 0.579082 0.106343 
 0.180108 -0.198636 -0.272213 
 0.223316 0.290021 -0.039563 
 -0.213400 0.268369 0.067341 
 0.142514 -0.420622 0.140226 
 0.275514 -0.070965 0.147626 
 0.105684 -0.654392 0.224401 
 0.113092 0.135564 -0.152988 
 -0.053115 0.681872 -0.013861 
 -0.022691 -0.670154 0.152265 
 -0.096199 0.829557 0.032325 
 -0.227830 0.541190 -0.017290 
 -0.035187 0.373003 0.036565 
 0.153807 -0.524993 0.227359 
 -0.010694 0.803346 0.008678 
 -0.157743 0.117408 0.117759 
 0.041890 0.652893 0.044734 
 0.068189 0.584117 0.056049 
 -0.121848 -0.557390 0.134593 
 -0.164805 0.430435 0.020798 
 0.104522 -0.698272 0.297840 
 -0.214766 -0.327341 -0.262362 
 0.168244 -0.548086 0.336800 
 -0.395560 0.044325 0.009088 
 0.135153 -0.068122 -0.316491 
 0.181010 -0.524659 0.310613 
 -0.314328 -0.039502 0.057135 
 0.095261 0.449106 0.138847 
 -0.143449 -0.581928 -0.076617 
 0.011172 0.452799 0.027979 
 0.239443 0.175576 -0.046914 
 -0.030895 -0.677752 0.141569 
 -0.261575 0.167074 0.067433 
 -0.101804 -0.510878 0.109310 
 0.225461 -0.238135 0.118116 
 -0.135414 0.400886 0.043130 
 0.081553 0.872594 0.059023 
 -0.293866 -0.096822 0.066081 
 -0.236536 0.296023 0.020629 
 -0.293892 0.374371 -0.018993 
 0.027968 -0.362981 0.110346 
 0.103640 0.747516 0.054534 
 0.249233 -0.194861 0.152885 
 0.181242 -0.153302 -0.303969 
 0.067564 -0.718192 0.230730 
 -0.056868 0.754537 -0.002151 
 0.045461 0.552560 0.054951 
 -0.095382 0.836129 0.047834 
 0.100917 0.957911 0.126042 
 0.170215 0.097145 -0.105977 
 -0.314300 -0.038083 0.056567 
 0.218713 -0.108214 -0.300211 
 0.159060 -0.505277 0.209066 
 -0.125662 0.816653 0.041804 
 0.222212 -0.073182 -0.231007 
 -0.098752 0.799204 -0.005385 
 -0.057903 0.734439 -0.007770 
 -0.005183 0.757345 0.021662 
 -0.038768 0.649582 0.020109 
 -0.007783 0.498015 0.048320 
 0.008785 0.359350 0.077747 
 0.269821 -0.092642 0.066103 
 0.263468 -0.157478 0.116880 
 0.256005 0.211213 -0.024362 
 0.193289 0.278247 -0.071213 
 -0.152451 -0.653688 0.054886 
 -0.096281 -0.396277 0.108758 
 0.258957 -0.130249 -0.137795 
 0.052248 0.305081 0.108278 
 -0.094467 0.522832 0.009479 
 0.113231 0.533614 0.147887 
 -0.120136 -0.578509 -0.052102 
 0.192751 -0.058171 -0.301752 
 0.204670 -0.035537 -0.167906 
 0.232230 -0.345721 0.273786 
 0.047557 0.402499 0.080633 
 0.101358 -0.686077 0.269886 
 -0.236119 -0.723922 -0.069774 
 -0.070174 0.595522 0.021590 
 -0.169488 0.512223 0.005604 
 0.231836 -0.188386 0.077948 
 0.032220 0.756481 0.057537 
 -0.037073 -0.444116 0.127471 
 0.198655 0.098776 -0.105339 
 -0.242117 -0.622211 -0.111331 
 0.198653 0.099335 -0.104754 
 -0.369664 0.089243 0.045008 
 0.061701 0.324175 0.150559 
 0.231759 0.058826 -0.079208 
 -0.061190 0.646232 -0.001571 
 0.135183 -0.065915 -0.316484 
 -0.149670 -0.661448 0.098536 
 -0.217425 0.425551 -0.003374 
 -0.088065 -0.388262 0.117699 
 -0.227837 0.541189 -0.016820 
 0.159785 -0.537435 0.231035 
 -0.091478 -0.473129 -0.001800 
 0.108084 0.046781 -0.205527 
 0.263364 -0.254757 0.166280 
 0.284363 -0.021568 0.022947 
 0.159643 -0.556093 0.327298 
 0.190221 0.091207 -0.114029 
 0.281579 -0.004937 -0.046336 
 0.177284 -0.018555 -0.165118 
 0.101909 -0.016688 -0.310457 
 0.137293 0.156721 -0.125119 
 -0.236548 0.295136 0.020626 
 -0.042093 0.730027 0.006183 
 0.027800 0.958241 0.096715 
 -0.129536 0.368323 0.041979 
 0.269815 -0.093132 0.066102 
 0.070125 0.017908 -0.221338 
 -0.202480 -0.755691 0.012624 
 -0.135668 -0.450021 -0.167922 
 0.174030 -0.228206 0.085605 
 -0.139951 0.513743 0.006139 
 0.008497 -0.765850 0.218463 
 0.094191 -0.025960 -0.319650 
 0.184059 -0.087141 -0.314837 
 -0.276643 -0.123025 -0.009336 
 0.014365 0.701049 0.028138 
 0.066473 -0.551127 0.136939 
 0.175366 0.075381 -0.132545 
 -0.116888 0.530432 0.018606 
 0.001691 0.745645 0.025120 
 -0.303423 -0.188395 -0.048322 
 0.048134 0.338204 0.109448 
 -0.157124 0.745350 -0.005784 
 -0.010183 -0.394123 0.095280 
 -0.111333 -0.550162 -0.037527 
 0.122600 -0.233778 0.061019 
 -0.082053 -0.422739 0.118044 
 -0.130962 0.745071 -0.005450 
 -0.180043 -0.448223 -0.185161 
 0.151371 0.048307 -0.176228 
 0.081859 -0.640944 0.189509 
 0.101419 0.836560 0.071377 
 -0.367176 -0.148737 -0.016611 
 0.022251 -0.671720 0.166284 
 0.073064 0.523925 0.076862 
 -0.228669 0.091745 0.056236 
 -0.097490 0.221021 0.085145 
 -0.308109 0.178629 0.025098 
 0.286281 -0.055321 -0.051748 
 0.218485 -0.324012 0.164435 
 -0.085075 0.599682 0.008771 
 -0.092241 0.406349 0.029286 
 0.144953 0.795427 0.133956 
 -0.135297 -0.573983 -0.068356 
 0.070462 0.017900 -0.220219 
 -0.164475 -0.658178 -0.012605 
 -0.159102 0.745376 -0.005814 
 -0.099563 -0.147124 -0.351682 
 -0.395903 -0.077317 -0.030518 
 0.156105 -0.001947 -0.184203 
 0.284630 -0.049310 -0.094635 
 -0.169323 0.512222 0.005245 
 -0.091164 -0.535274 0.141068 
 0.284187 -0.082488 0.151815 
 0.122897 0.661738 0.083656 
 -0.057348 -0.586513 0.136330 
 0.152728 -0.023464 -0.261575 
 0.051293 -0.631862 0.162813 
 0.085324 -0.648785 0.233671 
 0.285283 -0.075209 -0.058480 
 -0.233775 0.395637 -0.011923 
 -0.117745 -0.548406 0.084194 
 0.268737 -0.093008 0.066086 
 -0.109663 -0.625418 0.132099 
 0.168395 -0.149062 -0.317103 
 -0.002933 -0.109002 -0.320274 
 -0.219931 0.099725 0.067133 
 -0.283898 -0.083700 0.090940 
 -0.158455 -0.597827 -0.095750 
 0.148490 0.113388 -0.122161 
 0.089994 0.769899 0.046206 
 -0.038688 -0.097467 -0.324078 
 0.227188 -0.115022 -0.206815 
 0.255395 -0.262536 0.157077 
 -0.293283 -0.496535 -0.205303 
 -0.077046 0.436749 0.038490 
 0.125100 -0.032214 -0.219928 
 0.114550 -0.608714 0.228540 
 -0.170834 0.223774 0.070112 
 -0.031453 0.665227 0.003904 
 0.150629 0.789712 0.110689 
 0.238987 0.022952 -0.096284 
 0.052261 0.274889 0.130302 
 0.102904 0.000677 -0.306217 
 -0.211435 0.393626 -0.005717 
 -0.074889 -0.778251 0.175844 
 -0.013448 -0.557191 0.128239 
 0.113437 -0.392350 0.117896 
 0.033300 0.436227 0.046204 
 -0.209931 -0.743406 0.008274 
 0.245108 0.134085 -0.022229 
 -0.142947 -0.529301 -0.092362 
 -0.069139 0.424468 0.042862 
 0.215957 -0.397649 0.260261 
 0.085147 0.634255 0.069458 
 -0.421236 0.127485 0.029891 
 -0.078136 0.587837 0.012081 
 -0.040939 0.932680 0.082107 
 0.212087 -0.096055 -0.304222 
 -0.133237 0.263724 0.058489 
 0.104225 -0.658604 0.207855 
 0.151944 0.171922 -0.105679 
 0.061744 -0.413583 0.104023 
 0.131895 0.847516 0.103585 
 -0.056823 -0.168844 -0.342701 
 -0.123409 -0.546791 0.107068 
 -0.384431 -0.043419 0.001184 
 -0.052833 -0.692711 0.145026 
 0.172233 0.136139 -0.094293 
 -0.283052 -0.062934 0.096468 
 0.237744 -0.083412 -0.176609 
 0.140573 -0.580773 0.273749 
 -0.177404 0.504363 -0.001365 
 0.241132 0.165495 -0.021093 
 -0.287082 0.361002 -0.014727 
 -0.151529 0.600694 -0.029446 
 0.151357 -0.189310 -0.298677 
 -0.241495 -0.430302 -0.238532 
 0.142816 0.784081 0.101335 
 0.094261 -0.282878 0.092789 
 0.092333 0.607837 0.084328 
 -0.082777 -0.444741 0.013334 
 -0.278970 -0.679094 -0.074318 
 0.033268 0.777277 0.062815 
 -0.102991 -0.232534 -0.330767 
 0.131238 0.881139 0.097749 
 -0.010920 -0.446060 0.114063 
 -0.086513 -0.589274 0.134601 
 0.127929 -0.344445 0.115111 
 -0.106430 -0.430133 -0.103087 
 0.013272 -0.221568 -0.327932 
 0.096872 -0.475890 0.126196 
 0.078580 0.472087 0.070024 
 0.250181 0.222068 -0.028428 
 -0.098106 0.666573 -0.033035 
 0.106706 0.804884 0.069766 
 -0.013054 0.749641 0.010913 
 0.078271 0.045024 -0.205748 
 -0.088027 -0.210414 -0.352573 
 0.216069 -0.329918 0.232981 
 -0.270807 0.377798 0.004564 
 -0.270483 -0.556997 -0.139301 
 -0.121803 -0.415437 -0.217871 
 -0.401794 0.046718 0.031878 
 -0.244772 -0.709319 -0.074113 
 -0.029304 -0.604069 0.130611 
 0.262442 -0.177329 0.110885 
 0.088241 -0.568097 0.155105 
 0.284071 -0.102353 0.146540 
 0.279291 -0.239200 0.185390 
 0.088296 -0.619682 0.171723 
 -0.328116 0.206424 0.040241 
 0.183550 -0.554162 0.351201 
 -0.381884 0.135356 0.041112 
 -0.028228 -0.583461 0.136094 
 -0.353057 0.120861 0.052144 
 0.142503 -0.421397 0.140224 
 -0.352677 0.120852 0.053178 
 0.166659 -0.497351 0.219085 
 0.010004 0.772771 0.039807 
 -0.096957 -0.447417 0.125830 
 -0.271733 -0.533330 -0.192475 
 0.222430 -0.310766 0.215225 
 -0.194932 -0.384671 -0.256203 
 -0.140425 0.215977 0.097926 
 0.061604 -0.285324 -0.294114 
 0.183366 -0.413347 0.212878 
 0.213633 -0.438236 0.249444 
 0.254559 0.210213 -0.024387 
 -0.076645 0.762308 0.007146 
 -0.145085 0.343984 0.049895 
 -0.254182 -0.140321 0.008789 
 -0.051280 -0.621070 0.134091 
 -0.366806 -0.007210 0.026486 
 0.154898 0.884192 0.120580 
 -0.098618 -0.692208 0.129852 
 -0.163159 -0.670274 0.013112 
 0.193511 -0.237570 -0.253509 
 0.072193 0.836733 0.071614 
 0.266605 -0.106396 0.019804 
 0.217562 -0.180473 -0.230771 
 -0.397728 0.002838 -0.001974 
 -0.090164 0.446016 0.040987 
 -0.051289 0.222620 0.115901 
 -0.286266 -0.109489 0.069000 
 0.164817 -0.235965 0.075319 
 0.113015 -0.597040 0.200922 
 -0.028446 0.330772 0.062813 
 0.025990 0.448389 0.042173 
 -0.110716 -0.643775 0.126712 
 -0.036436 -0.591893 0.126298 
 -0.149729 -0.537239 -0.102026 
 -0.047927 0.781543 0.012584 
 -0.098082 0.667215 -0.034045 
 -0.018751 0.781532 0.012675 
 -0.318626 0.265708 0.032932 
 0.251019 0.231645 0.004319 
 -0.103740 -0.451751 -0.108421 
 -0.018294 0.781526 0.012682 
 -0.004459 0.899925 0.080978 
 0.232233 -0.052807 -0.175508 
 0.187925 -0.163290 -0.299911 
 -0.207895 0.483927 -0.008933 
 -0.036598 0.514257 0.036021 
 0.275550 -0.033686 -0.001696 
 -0.029639 0.442057 0.025462 
 0.162957 -0.598527 0.292791 
 -0.097325 -0.419299 -0.152274 
 0.005034 -0.346039 0.092778 
 0.096351 0.498218 0.122017 
 -0.234066 0.410497 -0.022672 
 0.049221 0.805676 0.070665 
 0.201285 0.034459 -0.158857 
 -0.293045 0.394779 -0.015165 
 -0.309807 -0.669936 -0.101340 
 -0.030652 -0.764143 0.180021 
 -0.197699 0.082647 0.084384 
 -0.111055 -0.550165 -0.037522 
 0.078398 0.442250 0.092428 
 -0.212688 0.358452 0.000784 
 -0.047321 -0.309176 -0.292083 
 -0.020185 -0.306553 -0.291775 
 0.054209 -0.746572 0.238760 
 -0.304951 -0.008510 0.072537 
 0.181012 0.161951 -0.079812 
 -0.128325 -0.429465 -0.185199 
 -0.043122 0.729854 0.006166 
 0.039798 -0.742004 0.224598 
 0.032887 -0.416103 0.103987 
 -0.085456 -0.421608 -0.040742 
 0.272456 -0.093488 -0.016390 
 -0.006971 -0.621430 0.149026 
 0.128851 -0.209259 -0.310570 
 0.202318 0.146487 -0.062346 
 0.129246 -0.396275 0.131766 
 -0.208871 -0.380239 -0.268842 
 0.131954 -0.572860 0.253517 
 -0.194934 0.439018 -0.006653 
 -0.334522 0.041397 0.055144 
 0.255006 0.042602 -0.061761 
 0.196371 -0.127416 -0.311854 
 0.206916 -0.409944 0.234063 
 0.175280 -0.489436 0.228352 
 -0.388365 0.031554 0.013071 
 -0.237045 -0.326769 -0.268867 
 -0.139137 0.310284 0.048739 
 0.011618 -0.113321 -0.307845 
 0.209889 -0.161749 -0.277587 
 -0.143649 -0.398761 -0.236952 
 0.092473 0.868288 0.072448 
 0.247624 -0.172938 0.099213 
 0.081702 -0.553250 0.150846 
 0.263682 0.033934 0.017608 
 0.247630 0.098868 0.042890 
 -0.346284 -0.049514 0.023189 
 0.116975 -0.544860 0.160970 
 0.055448 -0.360582 0.111479 
 0.104622 -0.674327 0.218830 
 0.106039 0.785207 0.065015 
 -0.181321 0.319522 0.050500 
 -0.280001 0.349687 -0.010449 
 -0.146408 0.524724 0.001929 
 0.058418 -0.644163 0.165699 
 -0.084175 -0.737644 0.133036 
 0.265168 0.033915 0.017631 
 0.058384 -0.713979 0.193126 
 0.071505 0.454470 0.088257 
 0.060071 -0.151640 -0.309046 
 0.078804 0.501131 0.048994 
 0.126854 -0.468568 0.142954 
 -0.141502 0.194654 0.092488 
 0.055413 -0.100300 -0.305165 
 0.106567 0.126331 -0.162261 
 -0.311498 0.252937 0.037037 
 0.049847 -0.212763 -0.315960 
 0.217952 -0.409139 0.287576 
 -0.266474 0.248827 0.052315 
 -0.164903 -0.350645 -0.275205 
 0.079033 0.824951 0.075406 
 -0.243989 -0.313935 -0.274053 
 -0.051494 0.519145 0.023504 
 0.232052 -0.211030 -0.180974 
 0.129220 -0.581117 0.220386 
 -0.344138 -0.008165 0.035424 
 0.241129 0.066867 -0.069920 
 -0.362460 0.076564 0.048557 
 -0.036676 -0.800769 0.208737 
 0.098214 0.927266 0.087736 
 -0.040248 0.829337 0.032576 
 -0.199360 -0.629138 -0.112137 
 0.222293 -0.048273 -0.269200 
 0.254734 0.161556 -0.007730 
 0.142857 0.134675 -0.094285 
 0.024832 0.608802 0.047747 
 0.179587 0.282549 -0.084759 
 -0.168630 0.512211 0.005617 
 -0.244435 0.496250 -0.014957 
 -0.074332 0.690449 -0.002462 
 -0.147285 0.287491 0.048387 
 0.053467 0.589110 0.041224 
 -0.118151 -0.517292 -0.036378 
 0.089494 0.559240 0.101041 
 -0.093778 -0.178765 -0.353247 
 0.286376 -0.040698 -0.062220 
 0.105674 0.785213 0.064862 
 0.207276 0.115618 -0.063466 
 -0.077075 -0.476643 0.111389 
 -0.395867 -0.077317 -0.030518 
 -0.264807 0.104727 0.050982 
 0.225012 -0.188125 -0.213329 
 -0.124771 -0.606782 0.007868 
 0.042476 0.817669 0.066524 
 0.189827 0.190443 -0.065321 
 0.125828 0.720911 0.098475 
 0.030374 0.320919 0.090345 
 -0.097352 -0.415866 0.103944 
 0.217597 -0.169456 -0.257817 
 0.015513 -0.183792 -0.317535 
 -0.310253 0.075861 0.057491 
 0.113596 0.611178 0.107301 
 -0.156179 -0.650163 -0.004174 
 -0.116891 -0.559417 0.111520 
 0.191498 0.253984 -0.092820 
 -0.229949 0.040362 0.072524 
 -0.255807 -0.516510 -0.173061 
 0.058688 -0.611871 0.143697 
 -0.311613 -0.196969 -0.059484 
 0.193539 -0.485277 0.275886 
 -0.303106 0.290335 0.025340 
 0.081869 0.073725 -0.168759 
 -0.051725 0.222312 0.115893 
 0.014543 -0.659141 0.161611 
 0.105309 0.127591 -0.162276 
 0.025806 -0.405732 0.100150 
 -0.102554 0.298715 0.053535 
 0.071991 0.515993 0.044383 
 0.187260 -0.335198 0.131911 
 0.207400 0.124431 -0.090313 
 0.172401 -0.206259 -0.280654 
 -0.006958 -0.761259 0.204793 
 0.219019 -0.141851 -0.221138 
 -0.022709 0.702326 -0.008423 
 0.131530 0.847521 0.103579 
 0.143623 0.040675 -0.185478 
 0.250478 0.053761 -0.006719 
 -0.102978 -0.232531 -0.331670 
 -0.221448 -0.726501 -0.055636 
 -0.066718 0.183333 0.134950 
 -0.116677 -0.526967 0.091044 
 -0.096521 -0.430936 -0.126376 
 0.107570 0.046782 -0.203798 
 -0.116947 -0.517311 -0.035424 
 -0.157982 -0.545158 -0.111711 
 0.132515 -0.572557 0.253526 
 -0.340094 -0.051724 -0.000235 
 0.190281 -0.031233 -0.184527 
 0.130222 0.828163 0.098335 
 -0.181168 0.113972 0.092671 
 0.034306 -0.416124 0.104441 
 0.179849 0.048669 -0.176214 
 0.217729 -0.463164 0.305002 
 -0.084319 -0.346416 -0.264433 
 -0.103578 -0.659735 0.131046 
 0.113660 -0.234837 -0.303268 
 0.216482 -0.461436 0.304988 
 0.250396 -0.126895 -0.173656 
 -0.122608 -0.564273 0.018811 
 -0.136391 -0.594598 -0.072080 
 0.218808 -0.141848 -0.221142 
 0.022347 0.284640 0.102770 
 0.063377 0.029829 -0.226156 
 0.101205 0.678269 0.066004 
 -0.178921 0.185468 0.082065 
 0.238932 -0.222867 -0.177967 
 -0.144880 -0.581910 -0.076374 
 -0.417549 -0.076962 -0.038337 
 0.107743 0.145843 -0.157060 
 0.189742 -0.115701 -0.316680 
 0.203679 -0.221527 0.100569 
 -0.194302 -0.351334 -0.276111 
 -0.236086 -0.721939 -0.070213 
 0.058064 -0.188880 -0.319397 
 -0.213220 0.298527 0.044081 
 0.183391 -0.414128 0.210517 
 0.212333 0.049169 0.082882 
 -0.122094 -0.558609 0.134585 
 -0.116580 -0.598134 0.017675 
 -0.120110 -0.578503 -0.053781 
 0.177315 -0.018122 -0.166801 
 -0.281980 -0.042169 0.101999 
 0.008427 0.544450 0.045426 
 -0.022671 -0.193748 -0.327443 
 -0.259834 0.312094 0.002355 
 0.222347 0.289102 -0.039581 
 -0.021450 -0.193766 -0.327153 
 -0.399885 -0.038818 -0.013882 
 -0.137407 -0.625235 0.048069 
 0.210286 0.203680 -0.069587 
 -0.292966 -0.096830 0.064663 
 0.039326 -0.480893 0.125198 
 0.005013 0.645257 0.035281 
 -0.171999 0.233647 0.042739 
 -0.198748 0.513375 0.005010 
 0.029271 -0.561895 0.126543 
 0.238149 0.126476 -0.031081 
 -0.095736 -0.430949 -0.125557 
 -0.031864 -0.802052 0.185494 
 -0.212697 0.358450 0.001403 
 0.288307 -0.119443 -0.106160 
 -0.394861 0.044224 0.009099 
 0.148949 -0.244051 -0.298687 
 0.048740 -0.368499 0.101299 
 0.251137 -0.106903 -0.168508 
 -0.117245 0.228032 0.094279 
 0.201239 -0.308261 0.123604 
 0.060080 -0.726235 0.220922 
 -0.109920 -0.497632 -0.052337 
 0.209038 -0.232708 -0.208644 
 0.118840 0.905802 0.089539 
 -0.329833 -0.033491 0.042925 
 0.283838 -0.124982 -0.040392 
 0.188824 -0.217104 0.086141 
 -0.062715 0.785946 -0.001022 
 -0.109641 -0.623615 0.132235 
 -0.132046 0.146575 0.161886 
 0.233861 0.027992 0.084331 
 0.193828 0.139454 -0.071641 
 0.240483 -0.259644 0.143815 
 -0.307597 0.178622 0.025209 
 -0.237344 0.002151 0.084523 
 0.225622 -0.253685 0.129873 
 0.272465 -0.092390 -0.016017 
 0.143663 -0.301769 0.096228 
 -0.371796 0.049477 0.033207 
 -0.159076 -0.597819 -0.095760 
 0.224948 -0.135908 -0.286031 
 0.259451 0.006785 -0.078579 
 -0.105304 -0.512417 0.032963 
 -0.079150 0.742414 0.004164 
 0.041148 0.783793 0.071989 
 -0.044563 0.841426 0.028457 
 -0.152196 0.760898 -0.023327 
 0.175997 0.238851 -0.110731 
 0.243890 0.094556 -0.032616 
 0.071739 0.959419 0.126357 
 0.191764 0.007539 -0.173257 
 0.077157 0.612237 0.068480 
 0.070501 0.435163 0.082958 
 0.228277 -0.115992 -0.206802 
 -0.114419 -0.555807 0.028583 
 -0.219700 -0.673086 -0.073141 
 0.119589 -0.404123 0.122120 
 -0.293284 -0.496625 -0.205304 
 0.081751 -0.341402 0.124099 
 0.143665 -0.301922 0.095962 
 -0.201955 0.449623 -0.011158 
 -0.250206 0.320015 0.012087 
 0.176021 -0.522724 0.251028 
 0.114613 0.625497 0.096221 
 0.048866 -0.232108 -0.323328 
 0.107221 0.685855 0.075361 
 0.210025 -0.302049 0.133147 
 -0.031366 -0.801850 0.185502 
 0.213338 -0.340173 0.199201 
 0.209256 -0.060353 -0.215007 
 0.163355 -0.247727 -0.285164 
 -0.109417 -0.386136 -0.130710 
 -0.191741 -0.755692 0.065899 
 -0.093034 0.591339 -0.001619 
 -0.204716 0.544321 0.006156 
 0.025985 -0.277958 -0.298732 
 0.243429 -0.114589 -0.177709 
 0.105287 0.126347 -0.161915 
 0.229282 -0.096876 -0.201659 
 0.143264 -0.212911 -0.297625 
 0.158418 -0.472367 0.187249 
 -0.122239 0.620747 -0.023694 
 0.184447 -0.460956 0.243881 
 -0.244111 0.201554 0.091620 
 -0.204273 -0.710447 -0.036202 
 -0.348056 0.066717 0.046528 
 -0.410205 0.069600 0.000384 
 -0.097385 -0.416865 0.105215 
 -0.133341 0.232553 0.079752 
 0.287698 -0.138833 -0.111225 
 0.245407 -0.078946 -0.167418 
 0.041697 0.436749 0.082918 
 -0.280113 -0.001287 0.113056 
 -0.397383 0.044258 0.009061 
 -0.173013 0.152831 0.080901 
 0.088064 -0.168101 -0.313830 
 0.044133 -0.688839 0.184097 
 0.268076 0.018832 -0.053043 
 0.190787 -0.439677 0.225887 
 -0.149360 0.186395 0.082783 
 0.078604 -0.036834 -0.322378 
 -0.013415 -0.554736 0.128248 
 -0.257726 0.333793 0.007810 
 -0.366456 -0.006495 0.026494 
 -0.151447 -0.445544 -0.182014 
 -0.113918 -0.571288 0.138946 
 0.226325 -0.101724 -0.290598 
 -0.125164 0.844978 0.021237 
 -0.213567 0.358463 0.000888 
 0.050900 -0.348220 0.107265 
 0.276579 -0.102254 -0.071381 
 -0.033399 0.900595 0.081000 
 0.281692 -0.082455 0.151777 
 0.148919 -0.244058 -0.296696 
 0.064326 0.951715 0.117050 
 0.071502 -0.213669 -0.310524 
 0.104654 0.574705 0.119927 
 0.226344 -0.108381 -0.249053 
 0.241091 -0.006604 -0.156019 
 0.250357 0.222066 -0.028425 
 0.085775 -0.375308 0.122913 
 0.025630 0.608102 0.047756 
 0.152725 -0.023945 -0.261809 
 -0.296113 -0.001211 0.082413 
 0.007880 0.863455 0.056767 
 -0.019241 0.884456 0.062097 
 -0.081213 0.701050 -0.008790 
 0.063301 0.931941 0.111341 
 0.204272 -0.366435 0.184238 
 -0.083184 -0.485563 0.002492 
 -0.283354 -0.062785 0.096464 
 0.220675 0.009475 -0.173150 
 0.064766 -0.201796 -0.315329 
 0.022241 0.708971 0.038783 
 -0.010111 -0.285156 -0.292920 
 -0.054798 0.793996 0.008368 
 0.287311 -0.137539 -0.111226 
 -0.052011 0.702472 -0.012315 
 0.149529 0.029366 -0.181417 
 0.102111 0.978361 0.131301 
 -0.029316 -0.605001 0.130608 
 0.141253 -0.251575 -0.308410 
 -0.119945 -0.402622 -0.170283 
 -0.224819 -0.375777 -0.282625 
 -0.206008 0.074657 0.074613 
 -0.086585 0.344265 0.051747 
 -0.109869 0.840548 0.034879 
 -0.291185 0.195098 0.044698 
 0.116870 -0.637636 0.267364 
 -0.407080 -0.025527 -0.017385 
 -0.003094 0.796951 0.030766 
 0.096008 -0.612952 0.181446 
 0.287289 -0.138829 -0.110886 
 -0.062595 0.625888 -0.006881 
 -0.080409 -0.268698 -0.318342 
 0.063849 -0.373029 0.115752 
 0.271201 -0.025703 -0.102756 
 -0.166722 -0.646067 -0.040996 
 -0.321513 -0.025424 0.054244 
 -0.294144 0.373625 -0.018999 
 -0.361978 -0.170231 -0.046830 
 0.157589 -0.425432 0.152668 
 0.072803 -0.329433 0.119823 
 0.088282 -0.620749 0.171719 
 -0.143157 0.254821 0.048799 
 -0.105748 0.451036 0.027194 
 0.116536 0.054348 -0.196255 
 -0.371470 -0.231307 -0.040746 
 -0.186119 0.197960 0.078012 
 0.061331 0.596199 0.051900 
 0.155635 0.101458 -0.116427 
 0.264020 0.029344 0.001788 
 0.218881 0.064155 -0.092520 
 -0.084544 -0.422136 -0.040730 
 0.150935 0.152102 -0.111758 
 -0.219738 0.369374 -0.003356 
 0.254615 0.042610 -0.062503 
 0.016684 0.580739 0.033020 
 0.267321 -0.159378 0.175788 
 0.100372 0.595728 0.088494 
 -0.237251 0.295114 0.020616 
 -0.155371 0.486786 0.014052 
 0.271126 -0.117892 0.104398 
 0.122908 0.182307 -0.133303 
 0.073199 0.465718 0.120897 
 0.172914 -0.330758 0.118153 
 0.204664 -0.066612 -0.303163 
 0.266743 -0.154820 0.193617 
 -0.122882 -0.526099 0.112699 
 0.025928 0.768369 0.053397 
 0.213962 -0.370981 0.221431 
 0.156675 0.923712 0.131044 
 0.014318 0.275066 0.093204 
 0.144212 0.953534 0.139576 
 -0.049511 0.518653 0.023532 
 -0.038337 0.676728 -0.000257 
 0.199506 0.261546 -0.083370 
 0.052829 0.325997 0.113611 
 0.071948 0.512797 0.044372 
 -0.282282 -0.042882 0.101992 
 -0.077098 -0.143636 -0.328836 
 -0.104921 -0.232508 -0.330799 
 0.014508 0.307031 0.071283 
 0.174607 0.070753 -0.148479 
 0.233566 -0.245911 0.140774 
 0.084042 0.145935 -0.179734 
 0.239950 0.116265 -0.004478 
 -0.001061 0.834815 0.042064 
 0.210062 -0.300471 0.132082 
 -0.167670 0.739518 -0.015352 
 0.130223 0.828227 0.098335 
 -0.135876 -0.363523 -0.263496 
 -0.264802 0.344940 0.003068 
 -0.195960 -0.475634 -0.175756 
 -0.392880 -0.051499 -0.008691 
 0.128540 0.938310 0.120416 
 0.088302 -0.619257 0.171724 
 0.219368 -0.090022 -0.295118 
 0.081735 -0.472759 0.112281 
 0.127203 -0.396248 0.131735 
 0.230859 0.228344 -0.018853 
 0.188746 -0.165057 -0.299904 
 -0.165999 0.624174 -0.037852 
 -0.225488 0.418789 -0.013017 
 -0.128517 -0.774150 0.123149 
 -0.091368 -0.725724 0.128689 
 0.177992 0.104741 -0.096630 
 0.269733 -0.062611 0.044017 
 0.069834 -0.405683 0.113634 
 -0.050038 -0.180810 -0.338549 
 -0.015670 -0.223824 -0.328532 
 0.008226 -0.336999 0.124685 
 0.239228 -0.426063 0.306230 
 -0.363209 -0.223608 -0.031014 
 0.210306 0.051091 -0.117761 
 -0.119061 -0.558107 -0.047388 
 0.025707 0.916746 0.086157 
 0.164556 -0.438858 0.158314 
 0.035796 -0.574378 0.130819 
 -0.050952 0.538669 0.028818 
 0.262448 -0.175886 0.111741 
 -0.008076 0.460066 0.037721 
 0.215841 0.123203 -0.054073 
 0.144176 0.164328 -0.115599 
 0.134414 -0.621310 0.286971 
 0.043415 0.837449 0.071011 
 0.115645 -0.371585 0.123301 
 -0.170400 0.490683 0.000229 
 -0.182242 0.557018 0.002374 
 0.274905 -0.167041 0.197822 
 -0.144209 0.770416 -0.013810 
 -0.227492 -0.298831 -0.254904 
 -0.128667 -0.462334 -0.164821 
 0.163324 -0.249998 -0.285171 
 -0.340119 -0.052855 0.000405 
 0.039508 0.380003 0.083684 
 0.261324 0.029231 -0.057695 
 -0.044582 0.506474 0.027842 
 0.144219 0.953535 0.139147 
 0.265166 -0.157501 0.117050 
 0.044226 -0.533220 0.118605 
 0.105029 -0.520034 0.152476 
 0.076205 0.134990 -0.188012 
 0.270560 -0.101149 -0.048606 
 -0.052773 0.232809 0.088566 
 0.194322 0.046856 -0.162919 
 -0.365815 -0.086492 -0.002104 
 -0.392703 -0.051302 -0.008688 
 0.217622 -0.048528 -0.186977 
 0.036618 -0.729705 0.198837 
 0.054034 -0.452471 0.117211 
 -0.002097 0.657294 0.031118 
 0.091846 0.150185 -0.170456 
 -0.133235 0.262699 0.057420 
 -0.067035 0.829062 0.032503 
 0.050942 0.500721 0.048542 
 -0.017784 0.453066 0.028199 
 0.118876 0.021057 -0.271211 
 -0.294098 0.394787 -0.013578 
 -0.381174 0.019222 0.017789 
 -0.127077 0.467768 0.008560 
 0.154614 0.884422 0.120577 
 0.164569 -0.437785 0.158425 
 0.265298 -0.087179 0.104743 
 -0.106617 -0.361166 -0.262158 
 -0.097028 -0.419373 -0.152269 
 0.202575 -0.456931 0.289821 
 0.143581 0.774686 0.128693 
 0.110625 -0.027910 -0.233393 
 0.039471 -0.130590 -0.312398 
 -0.186385 -0.365429 -0.271905 
 -0.062294 0.901285 0.081233 
 -0.280591 0.289283 0.032928 
 -0.309984 0.074977 0.057493 
 0.225252 -0.174063 -0.222233 
 -0.076460 -0.454563 0.116870 
 0.234584 -0.114339 -0.229231 
 -0.289933 -0.108754 0.009520 
 0.215696 -0.381783 0.250316 
 -0.288478 0.038021 0.070497 
 -0.041483 0.749886 0.011465 
 0.116719 0.665045 0.106826 
 -0.223822 -0.355689 -0.277503 
 0.211480 0.203663 -0.069396 
 0.203256 -0.044239 -0.202508 
 -0.195140 -0.443753 -0.196544 
 0.031535 0.371028 0.073735 
 0.251008 0.230192 0.003772 
 0.220346 0.091788 -0.055296 
 -0.156259 -0.638106 -0.031192 
 -0.233774 0.395790 -0.011854 
 -0.133817 0.430455 0.021382 
 -0.053127 0.682602 -0.012436 
 0.238521 -0.168921 0.061428 
 0.214412 -0.318480 0.204577 
 0.017968 0.601060 0.038314 
 0.204284 -0.366789 0.183129 
 -0.012207 0.803357 0.011159 
 0.147336 -0.027716 -0.196934 
 0.120715 0.930568 0.110022 
 0.291199 -0.178399 -0.144211 
 0.132285 -0.136040 -0.305672 
 0.000025 0.281692 0.079453 
 -0.245189 0.181667 0.087018 
 0.155417 -0.468868 0.143300 
 0.049906 0.841969 0.021572 
 0.158341 -0.274924 0.087439 
 0.098205 -0.624738 0.209025 
 0.007458 0.319262 0.069060 
 0.048299 -0.142510 -0.306634 
 -0.188003 -0.397747 -0.250884 
 -0.092424 -0.493488 -0.007233 
 -0.241288 0.107068 0.074880 
 0.272139 -0.099275 0.110032 
 -0.406699 -0.005366 -0.011867 
 -0.028847 0.360422 0.040752 
 -0.209932 -0.743024 0.008618 
 -0.362474 0.075558 0.048611 
 -0.311052 0.024729 0.073717 
 -0.118328 0.696470 -0.018563 
 0.009874 0.752957 0.034545 
 -0.092243 0.406349 0.029407 
 -0.134911 -0.618123 0.080816 
 -0.086387 -0.151455 -0.338207 
 0.044584 -0.534155 0.118607 
 0.116272 -0.022322 -0.297229 
 0.213519 0.068966 0.088524 
 0.217638 -0.048524 -0.188001 
 -0.410352 -0.088432 -0.033221 
 0.144477 0.164325 -0.115840 
 -0.250400 -0.696741 -0.077465 
 0.016443 0.740870 0.038195 
 0.236123 0.087796 -0.041900 
 0.167934 -0.527455 0.241332 
 0.042200 0.797884 0.061267 
 0.109587 -0.011115 -0.301869 
 0.252136 -0.088315 -0.163360 
 0.148712 -0.625855 0.301062 
 -0.117924 -0.633489 0.121958 
 -0.114179 -0.590652 0.050278 
 0.165672 -0.149026 -0.317144 
 0.275596 -0.074613 0.048253 
 0.173849 -0.581232 0.335921 
 -0.099189 -0.522629 0.136722 
 0.087551 0.461305 0.134568 
 0.095278 0.450285 0.138765 
 -0.044663 0.270797 0.076278 
 -0.220735 0.079196 0.060549 
 -0.237041 -0.326769 -0.269152 
 -0.331906 -0.073873 0.031881 
 -0.207870 0.483932 -0.010521 
 -0.157796 0.417718 0.024214 
 0.079402 -0.175634 -0.323070 
 -0.175758 -0.739479 0.085866 
 -0.394021 0.075558 0.047306 
 -0.092248 0.406950 0.030274 
 0.057750 0.682564 0.053050 
 -0.001920 -0.088957 -0.314205 
 0.098301 -0.697799 0.323340 
 -0.125794 -0.261038 -0.317039 
 0.034495 0.810327 0.057112 
 -0.381791 0.172286 0.035797 
 0.205370 0.215542 -0.073637 
 -0.060467 -0.734482 0.157118 
 -0.100344 0.604115 -0.005809 
 0.209566 0.051018 -0.117772 
 0.214304 -0.402044 0.243699 
 -0.031357 -0.801205 0.185505 
 -0.408710 0.059326 0.027521 
 0.015458 0.327064 0.077586 
 0.270468 -0.062622 0.044158 
 -0.051014 0.723703 -0.003276 
 0.110622 -0.027910 -0.233184 
 0.113452 -0.391273 0.117900 
 -0.042934 0.560954 0.027413 
 0.056894 0.487456 0.052683 
 0.187982 -0.303846 0.109897 
 -0.008909 -0.283468 -0.292897 
 0.129464 -0.396278 0.131769 
 0.039643 0.908846 0.084015 
 0.076789 0.785506 0.065236 
 0.152148 -0.160853 -0.319777 
 -0.280026 0.347825 -0.010456 
 0.199659 0.118038 -0.099571 
 0.132934 -0.135518 -0.305661 
 0.159984 0.209022 -0.118854 
 0.164567 -0.437785 0.158533 
 -0.361427 -0.024295 0.014488 
 -0.149914 -0.645599 0.088406 
 -0.152961 0.364934 0.018496 
 0.227911 -0.102905 -0.233266 
 -0.198344 -0.628441 -0.112120 
 -0.036926 0.847321 0.037894 
 0.127565 -0.548790 0.198207 
 0.206586 -0.409359 0.234060 
 -0.152751 0.355405 0.045636 
 0.245571 0.058906 0.032421 
 0.107004 -0.049723 -0.311571 
 -0.286927 -0.588480 -0.148076 
 0.017813 0.411337 0.054065 
 -0.014859 -0.715607 0.177248 
 0.023456 0.334866 0.086264 
 -0.286477 -0.487991 -0.195614 
 -0.089354 -0.432698 0.009068 
 0.135930 0.156739 -0.125140 
 -0.375469 -0.035346 0.011085 
 0.274868 -0.095768 -0.113444 
 -0.329676 -0.148930 -0.039965 
 0.240993 -0.193875 0.115999 
 0.067050 0.738460 0.045344 
 0.049789 -0.348370 0.107248 
 -0.050017 -0.180806 -0.339906 
 0.237489 0.255480 -0.003039 
 0.168244 -0.547797 0.337100 
 0.020113 -0.639043 0.144264 
 -0.031123 0.941394 0.091611 
 -0.106644 -0.361171 -0.260403 
 0.008496 -0.766074 0.218314 
 0.177541 0.011831 -0.186540 
 -0.175680 0.729825 -0.024894 
 0.287010 -0.119426 -0.106086 
 0.267182 -0.101097 -0.123406 
 -0.287191 -0.654362 -0.105523 
 -0.060407 -0.826119 0.179032 
 -0.187714 -0.424307 -0.213708 
 0.082989 -0.689978 0.222702 
 0.150930 0.152409 -0.111176 
 -0.143184 -0.501350 -0.129824 
 0.269169 -0.064544 -0.112587 
 0.241204 0.185020 -0.015336 
 0.218522 -0.226943 0.114907 
 0.232562 -0.130078 -0.276494 
 0.171622 -0.006272 -0.169172 
 0.196644 -0.127419 -0.311898 
 -0.286824 -0.572679 -0.158689 
 -0.187703 -0.424305 -0.214373 
 0.095577 -0.314324 0.115979 
 -0.171823 -0.338155 -0.279218 
 -0.014081 0.729842 0.005182 
 0.138437 0.677092 0.103095 
 0.190233 0.219858 -0.086241 
 -0.266889 -0.031487 0.105305 
 0.152704 -0.524980 0.227791 
 -0.077142 -0.143837 -0.326127 
 0.172131 0.043045 -0.184249 
 -0.300110 0.409045 -0.017831 
 0.082965 0.122073 -0.184946 
 -0.382220 0.011964 0.001461 
 0.166354 0.807131 0.128229 
 -0.116671 -0.526966 0.090614 
 -0.038323 0.678209 0.000124 
 0.282269 -0.118442 -0.083326 
 -0.134040 0.480052 0.004222 
 -0.184076 0.344115 0.012450 
 0.102869 -0.593020 0.163384 
 -0.042339 0.559190 0.027417 
 0.264835 -0.117764 0.127591 
 -0.016613 0.452305 0.028214 
 0.044299 0.298162 0.097169 
 -0.118089 0.272259 0.061475 
 -0.128635 -0.753272 0.128676 
 -0.281075 0.329057 -0.015511 
 0.145016 0.164318 -0.115832 
 -0.043539 0.526457 0.033151 
 -0.204024 -0.531630 -0.153727 
 -0.171764 0.234194 0.042745 
 -0.119900 -0.621477 0.094992 
 0.135230 -0.005232 -0.205061 
 0.233081 -0.199392 0.107144 
 0.049866 -0.212759 -0.317239 
 -0.115186 -0.540164 0.117036 
 0.120885 0.141540 -0.143706 
 -0.074353 -0.655915 0.132857 
 0.026745 -0.246661 -0.317954 
 -0.258224 0.271582 0.051206 
 0.224150 -0.322043 0.241105 
 0.134857 0.014220 -0.199008 
 -0.152938 -0.724118 0.082711 
 -0.067789 -0.446560 0.127389 
 0.246322 -0.146653 0.060211 
 -0.062231 -0.532642 0.141943 
 -0.143083 -0.398771 -0.236053 
 0.082980 0.123221 -0.184942 
 0.186857 0.019354 -0.177291 
 -0.186861 0.446891 0.001989 
 0.108773 0.637560 0.092161 
 -0.098098 0.667211 -0.032997 
 -0.109246 0.860533 0.040898 
 0.176938 0.076025 -0.132519 
 0.168499 0.859652 0.128809 
 -0.125585 -0.501732 -0.099812 
 0.104567 -0.606064 0.191181 
 0.137401 0.965548 0.135338 
 0.136007 0.796170 0.096945 
 -0.005343 0.363776 0.064008 
 0.189777 -0.395558 0.192562 
 0.086268 0.407460 0.134988 
 0.059367 0.989146 0.134408 
 -0.297101 -0.098253 0.004782 
 0.223079 -0.342264 0.236784 
 0.013043 -0.733162 0.173659 
 0.209709 -0.267816 0.111109 
 0.216536 -0.281446 0.115289 
 0.050676 0.853408 0.053951 
 0.015804 0.871772 0.064562 
 -0.011013 0.789238 0.023187 
 0.229795 -0.091466 -0.185815 
 -0.169312 0.532400 0.010962 
 -0.054012 -0.783682 0.166924 
 -0.112919 -0.688153 0.115654 
 -0.164904 -0.350646 -0.275120 
 -0.297240 0.227797 0.045517 
 0.021323 0.264988 0.096191 
 -0.117425 0.538630 -0.008470 
 0.266150 -0.122002 -0.128575 
 -0.363749 -0.055196 -0.024068 
 -0.140286 0.274631 0.054232 
 0.250085 -0.006841 -0.120095 
 -0.385127 0.093242 0.030031 
 -0.047289 -0.336087 -0.254657 
 -0.075982 0.670559 -0.009927 
 0.057556 -0.611856 0.143680 
 0.149340 0.009354 -0.186584 
 0.193354 -0.485277 0.276357 
 -0.116555 -0.517313 -0.036354 
 0.215857 -0.417957 0.254868 
 -0.036606 0.514977 0.037200 
 0.133314 -0.039694 -0.199584 
 0.119124 -0.577213 0.183075 
 -0.145480 0.322739 0.044502 
 -0.082431 -0.381033 -0.029013 
 -0.287285 -0.529559 -0.206465 
 -0.220737 -0.727515 -0.055628 
 -0.134158 0.818165 0.006347 
 0.248251 0.203819 -0.033623 
 0.055421 0.924683 0.102275 
 0.111737 -0.465488 0.129098 
 0.081537 0.503638 0.108342 
 -0.171926 0.233646 0.042740 
 -0.117918 -0.517295 -0.036374 
 0.127114 -0.640521 0.304980 
 -0.197831 0.324423 0.036535 
 -0.005345 0.363651 0.064027 
 0.257793 -0.002091 -0.112174 
 -0.219971 -0.311122 -0.250682 
 -0.008260 0.697948 0.004276 
 -0.303110 0.289991 0.025338 
 -0.105732 -0.700296 0.120134 
 0.073392 0.878875 0.038684 
 -0.273478 -0.092688 0.028592 
 -0.210231 -0.397140 -0.258349 
 0.238556 0.126472 -0.031499 
 -0.029891 0.713635 -0.012578 
 -0.080974 -0.401909 0.123527 
 -0.022434 -0.213324 -0.334777 
 0.269207 -0.180886 -0.166658 
 -0.028221 -0.181766 -0.331523 
 0.244295 0.245543 -0.000304 
 0.208260 -0.241856 -0.240254 
 -0.133371 0.202280 0.101854 
 0.264666 -0.100007 -0.025252 
 0.054969 0.395567 0.102261 
 0.156659 -0.235885 -0.289214 
 0.111471 -0.531752 0.156732 
 0.200648 -0.195481 -0.249817 
 0.152148 -0.159890 -0.318945 
 0.026370 0.788173 0.060219 
 -0.159701 -0.597808 -0.096547 
 0.295026 -0.130848 -0.102004 
 0.194491 -0.202813 -0.258980 
 0.101898 -0.017539 -0.310460 
 -0.104892 -0.560929 0.065560 
 0.041198 0.434647 0.082903 
 0.194812 -0.264279 0.097410 
 -0.304930 -0.024868 0.083414 
 -0.172503 -0.678306 0.003276 
 0.128688 -0.208629 -0.310570 
 -0.112109 -0.485895 -0.080536 
 -0.302751 0.094120 0.040254 
 -0.302758 0.094119 0.040668 
 -0.071020 -0.813361 0.174620 
 0.141787 0.764256 0.096095 
 -0.102679 -0.430187 -0.102110 
 -0.221638 0.230261 0.078148 
 0.102121 0.836551 0.071387 
 -0.391630 -0.031274 -0.003158 
 0.078036 0.358924 0.114855 
 -0.101405 0.730513 0.006167 
 0.126624 -0.536503 0.170678 
 -0.071358 0.369502 0.042913 
 0.176006 0.238853 -0.111365 
 0.211712 0.075007 -0.096608 
 -0.171962 0.172976 0.087134 
 -0.156713 0.168450 0.100150 
 0.027934 -0.364809 0.110992 
 0.033717 0.426872 0.073305 
 -0.016738 0.473298 0.033517 
 0.083762 0.571783 0.096900 
 0.181514 0.182803 -0.074616 
 -0.093788 -0.459187 0.069994 
 0.200507 0.285832 -0.062177 
 0.190725 -0.096528 -0.310316 
 -0.330844 -0.054640 0.037401 
 -0.331985 -0.169547 -0.045481 
 -0.061400 -0.734800 0.157102 
 -0.207038 0.504150 -0.004618 
 -0.144867 0.372802 0.028638 
 0.095879 0.118774 -0.171593 
 -0.098244 0.190780 0.107035 
 -0.105295 -0.512412 0.032373 
 -0.403148 -0.101111 -0.029751 
 0.238825 -0.064612 -0.171459 
 0.272800 0.011481 0.048386 
 0.087665 -0.588503 0.150019 
 0.207786 0.273609 -0.058093 
 0.202059 -0.308407 0.123616 
 0.138421 0.194298 -0.114740 
 0.239739 -0.046476 -0.166314 
 -0.271031 -0.514099 -0.187050 
 0.194476 -0.203019 -0.258155 
 -0.244669 -0.316809 -0.289892 
 0.013286 0.257162 0.088719 
 -0.336308 0.249500 0.013322 
 0.138117 0.677098 0.102420 
 0.190390 -0.115713 -0.315909 
 -0.368734 0.110011 0.049793 
 -0.113001 -0.687630 0.115654 
 -0.243211 -0.709333 -0.075932 
 -0.080651 -0.202756 -0.344544 
 -0.228133 0.333062 0.007612 
 0.171564 0.919352 0.145945 
 0.151387 0.049499 -0.176224 
 0.016527 0.327053 0.076635 
 0.222488 0.284821 -0.055622 
 -0.097059 0.220012 0.085148 
 0.063561 0.636413 0.062455 
 0.036636 -0.729701 0.197690 
 0.028816 -0.682624 0.170593 
 -0.236283 0.021566 0.090016 
 0.275504 -0.079095 0.031447 
 -0.091501 -0.473093 -0.000234 
 0.121499 -0.383918 0.127769 
 -0.203648 -0.722678 -0.008966 
 -0.159253 -0.673852 0.072937 
 0.241013 -0.191644 0.116672 
 -0.314251 0.160582 0.042477 
 -0.140469 0.214733 0.099683 
 0.107601 -0.665646 0.252087 
 -0.030041 -0.743993 0.185536 
 -0.384580 -0.043417 0.001191 
 -0.079372 0.762345 0.007104 
 0.033710 -0.100092 -0.309639 
 0.150623 0.791806 0.112938 
 0.205917 -0.377935 0.211812 
 0.045631 -0.688861 0.184717 
 -0.007992 -0.695361 0.160038 
 -0.141334 0.255142 0.048828 
 -0.355631 -0.078314 0.007795 
 -0.151716 -0.702979 0.088247 
 -0.174080 0.617377 -0.047385 
 0.072984 0.532745 0.049648 
 -0.089671 0.490573 0.009212 
 -0.197819 0.389153 0.009345 
 -0.066379 0.212019 0.112978 
 -0.047320 -0.309533 -0.292462 
 0.124499 0.660567 0.127296 
 0.248826 -0.157159 -0.152205 
 -0.131288 0.725079 -0.010763 
 -0.001922 -0.089489 -0.314581 
 0.027036 0.468296 0.047098 
 0.166884 0.064943 -0.157723 
 -0.280215 -0.541267 -0.201871 
 0.248482 -0.250330 0.152411 
 0.119596 0.761181 0.073256 
 -0.137193 0.595697 -0.015724 
 0.258819 -0.129279 0.018553 
 0.231869 -0.366184 0.268396 
 0.227700 0.044775 0.096463 
 -0.128366 -0.432559 -0.185210 
 0.015934 -0.463902 0.106925 
 -0.195144 -0.444474 -0.196946 
 0.209132 -0.190460 0.056181 
 -0.186047 -0.756074 0.043991 
 0.177814 0.868050 0.138183 
 0.013860 -0.338129 0.102727 
 -0.116650 -0.526962 0.089231 
 0.228029 0.238281 -0.046972 
 -0.165634 -0.658158 -0.013988 
 0.016119 -0.794725 0.233729 
 -0.031388 -0.803474 0.185497 
 0.283646 -0.166581 -0.148274 
 -0.293460 -0.159807 -0.034399 
 -0.159889 0.377288 0.012247 
 -0.048505 0.417165 0.033499 
 -0.221902 0.508622 -0.017211 
 -0.381795 0.171520 0.035395 
 -0.118970 -0.633476 0.122344 
 -0.136814 0.380670 0.038509 
 0.177833 0.104739 -0.095406 
 -0.099949 -0.389758 -0.092249 
 0.147301 -0.028959 -0.195731 
 -0.256878 -0.537842 -0.178920 
 0.263510 0.187115 0.006750 
 -0.052929 -0.764013 0.171548 
 -0.359317 0.017181 0.025536 
 0.233431 0.177425 -0.024940 
 0.194079 -0.315866 0.114083 
 0.286376 -0.040698 -0.062172 
 -0.296624 -0.014505 0.093304 
 -0.116209 -0.559417 0.109037 
 0.034908 0.664988 0.040584 
 0.082103 -0.137160 -0.312732 
 -0.046840 -0.797786 0.171268 
 0.218224 -0.329944 0.232237 
 -0.250647 0.322361 0.012088 
 0.064651 -0.352697 0.121154 
 0.001353 -0.491473 0.114843 
 0.101871 -0.018635 -0.309703 
 0.141991 -0.078607 -0.312451 
 -0.190770 0.321255 0.013670 
 -0.256650 0.272199 0.051232 
 -0.220706 -0.311112 -0.250693 
 0.029352 -0.322279 0.121828 
 0.101783 -0.211181 -0.310852 
 -0.212281 0.566277 -0.025112 
 0.094186 -0.706296 0.287964 
 0.126855 -0.468568 0.142892 
 -0.165045 -0.350644 -0.275035 
 0.105402 0.554824 0.115830 
 0.220192 -0.001041 -0.146692 
 0.159126 0.056357 -0.167098 
 0.016423 0.739977 0.038687 
 -0.111576 -0.538329 -0.064455 
 -0.109895 -0.497627 -0.053969 
 0.277296 -0.113072 -0.043099 
 -0.022701 -0.670156 0.152912 
 0.036306 0.524988 0.038586 
 -0.341027 0.054054 0.050810 
 0.279799 -0.122163 0.141202 
 -0.166916 0.073553 0.111744 
 -0.119009 -0.653944 0.116836 
 0.030512 0.352244 0.068162 
 0.189845 0.190396 -0.066560 
 0.154466 0.092239 -0.149955 
 0.255249 -0.119177 0.074073 
 -0.052349 -0.641055 0.128597 
 -0.238778 -0.351239 -0.291749 
 -0.006404 0.548982 0.032138 
 -0.028236 0.360418 0.039644 
 -0.067801 -0.448295 0.126666 
 0.247435 -0.269527 0.148010 
 -0.219852 -0.705875 -0.050132 
 -0.222802 -0.335608 -0.270257 
 0.103372 -0.538878 0.147051 
 -0.100684 -0.502307 -0.016946 
 0.212104 0.073248 -0.096607 
 0.221605 -0.073170 -0.232184 
 -0.241014 -0.478147 -0.206643 
 0.150356 0.029354 -0.180957 
 -0.143456 -0.582154 -0.076354 
 -0.104324 -0.404293 0.099632 
 0.118262 0.122047 -0.148929 
 -0.392411 0.075537 0.047164 
 0.048857 -0.232742 -0.323330 
 -0.038693 0.474289 0.025948 
 0.239450 -0.278097 0.139169 
 -0.278093 -0.501394 -0.191323 
 0.198629 0.098771 -0.103673 
 -0.400381 0.113897 0.005008 
 -0.083900 -0.131479 -0.332950 
 -0.286596 -0.589180 -0.148073 
 0.098065 0.000284 -0.225163 
 -0.075996 0.802137 0.017638 
 0.107621 0.824555 0.075488 
 -0.304934 -0.025158 0.083413 
 0.125084 -0.629305 0.276716 
 -0.200882 -0.463282 -0.179970 
 -0.391615 -0.030199 -0.003155 
 0.081680 -0.555642 0.150179 
 0.090767 0.131545 -0.175653 
 0.267766 -0.174830 0.188325 
 -0.202009 -0.463267 -0.179987 
 0.185579 0.019372 -0.177474 
 0.136026 0.797841 0.097220 
 0.061797 -0.738511 0.248595 
 0.234076 -0.013529 -0.165208 
 0.095458 0.729658 0.072365 
 -0.040757 -0.138538 -0.334510 
 -0.189661 0.426694 -0.002707 
 0.206784 0.050910 0.106037 
 0.012913 0.652891 0.045400 
 -0.188895 0.446916 0.002674 
 0.289276 -0.094589 0.155862 
 0.202373 -0.012766 -0.281252 
 0.076823 0.746032 0.054759 
 -0.205761 0.524879 0.000772 
 0.263550 0.048931 0.006668 
 -0.121278 -0.766033 0.133039 
 0.128150 0.121956 -0.112887 
 0.207917 -0.150816 -0.303894 
 0.097236 -0.719404 0.315823 
 -0.057451 -0.607156 0.129787 
 0.012930 0.653365 0.044730 
 -0.217774 -0.416985 -0.241517 
 0.141237 -0.251835 -0.307618 
 -0.040262 0.912751 0.076830 
 -0.182205 0.079209 0.098462 
 -0.090040 0.206885 0.089397 
 0.227521 -0.160422 -0.175253 
 0.247619 0.098759 0.043503 
 0.059971 0.089673 -0.186279 
 -0.390800 0.163456 0.025914 
 -0.304707 0.011474 0.078047 
 -0.252317 0.193541 0.082102 
 0.128185 0.790080 0.087859 
 0.164934 -0.385872 0.141622 
 -0.221637 0.230312 0.078149 
 -0.054804 0.793616 0.008425 
 0.283638 -0.067206 -0.099794 
 -0.272939 0.336998 -0.006211 
 0.142919 -0.452788 0.162287 
 0.123875 -0.143014 -0.314869 
 0.000654 -0.491463 0.114832 
 -0.115516 -0.578256 0.023107 
 0.124813 0.701191 0.092299 
 0.014869 0.232337 0.126197 
 0.276614 -0.087134 -0.082662 
 -0.198575 -0.669606 -0.047702 
 0.118926 -0.111454 -0.313758 
 -0.294153 0.372996 -0.019002 
 0.232252 -0.381853 0.280321 
 0.096433 0.729728 0.072380 
 0.177451 -0.072924 -0.318845 
 -0.262683 0.144002 0.061942 
 -0.066368 0.523108 0.008654 
 -0.215638 0.181040 0.087889 
 -0.023392 0.509849 0.050869 
 -0.084351 -0.547903 0.145474 
 -0.183740 0.299289 0.045059 
 -0.172662 -0.666557 -0.023766 
 0.152711 0.831155 0.121111 
 -0.089211 -0.684153 0.140397 
 0.082826 -0.450770 0.117155 
 0.233441 -0.033477 -0.170354 
 0.229409 -0.089181 -0.243900 
 -0.267345 -0.115197 0.000475 
 0.083775 0.571354 0.095602 
 0.022044 -0.195709 -0.312928 
 0.133460 0.900528 0.103000 
 0.233999 -0.324572 0.279199 
 -0.064913 0.563079 0.020443 
 -0.105854 -0.399844 -0.197461 
 -0.001052 0.836547 0.043034 
 -0.288454 0.005120 0.092267 
 -0.320398 -0.003916 0.058323 
 0.222279 -0.047498 -0.267583 
 0.037407 -0.169522 -0.320657 
 0.007603 0.864063 0.056764 
 -0.090251 -0.484757 0.024830 
 0.137836 -0.666068 0.337222 
 -0.381200 0.017281 0.017783 
 -0.109182 0.547316 0.001072 
 -0.236283 0.021572 0.090016 
 -0.088754 -0.440930 0.135644 
 -0.227989 -0.298824 -0.254911 
 0.134444 0.137231 -0.130346 
 0.105603 0.525867 0.136761 
 0.123543 0.654243 0.110972 
 0.261484 -0.189171 -0.175413 
 -0.014676 -0.769336 0.194240 
 -0.259205 -0.117897 0.038531 
 -0.133234 0.139890 0.146075 
 -0.106330 -0.329883 -0.283601 
 0.220670 0.008883 -0.173312 
 -0.171361 -0.428790 -0.200028 
 0.061225 0.750413 0.041227 
 0.015378 0.296026 0.098558 
 0.092731 -0.059780 -0.314265 
 -0.120834 -0.546234 -0.074155 
 -0.044131 -0.633390 0.138415 
 0.280615 -0.239220 0.186068 
 -0.052648 0.682601 -0.013852 
 -0.092621 -0.415161 -0.061153 
 -0.115731 -0.538732 0.117033 
 -0.072603 0.319636 0.059302 
 -0.159054 0.612431 -0.033653 
 0.236150 0.087456 -0.043970 
 -0.103558 -0.658819 0.130513 
 0.040461 -0.111132 -0.305490 
 0.120454 -0.404133 0.121722 
 0.071945 -0.364618 0.125412 
 0.191513 0.253987 -0.093840 
 0.058153 -0.559065 0.127146 
 -0.022374 -0.755131 0.189893 
 0.230592 0.015395 -0.105543 
 -0.174062 0.101452 0.096669 
 -0.182350 0.047262 0.120336 
 0.272653 -0.099281 0.109676 
 -0.352867 0.004525 0.029869 
 -0.133023 -0.597386 -0.012695 
 -0.002129 -0.248648 -0.320337 
 0.017189 -0.774330 0.239945 
 0.260391 -0.146927 0.173034 
 0.160716 -0.025127 -0.283844 
 0.003959 0.624153 0.029988 
 -0.009439 0.669426 0.026952 
 -0.101232 0.604127 -0.005822 
 0.077270 0.393654 0.109200 
 0.105550 -0.677585 0.303350 
 0.068593 0.738360 0.045367 
 0.040452 -0.111906 -0.305561 
 0.218709 -0.109176 -0.300776 
 -0.113348 -0.434296 -0.171415 
 0.168236 -0.477009 0.223871 
 -0.293548 -0.076069 0.070162 
 -0.040771 -0.138352 -0.333426 
 0.239767 -0.044346 -0.166307 
 0.251512 0.074273 -0.001503 
 -0.212355 -0.571795 -0.142575 
 0.100921 0.837172 0.071371 
 -0.118195 0.228044 0.094413 
 -0.243977 -0.314479 -0.275272 
 -0.141416 0.133374 0.136322 
 -0.152654 0.355404 0.045637 
 0.053327 0.560289 0.064398 
 -0.097222 -0.439497 -0.157615 
 -0.121107 0.785896 -0.001487 
 -0.236927 0.513107 -0.033331 
 0.032802 -0.286906 -0.294622 
 0.255168 -0.030025 -0.147908 
 0.133871 -0.005211 -0.206103 
 -0.331459 0.113760 0.044092 
 0.065970 -0.603897 0.152880 
 -0.001125 0.959477 0.098049 
 -0.333409 0.219004 0.035024 
 0.089126 0.880255 0.068380 
 -0.038924 -0.772808 0.170145 
 0.262158 0.020266 -0.032295 
 -0.084756 -0.473878 -0.024558 
 0.233834 0.027992 0.084330 
 -0.288456 0.037961 0.069001 
 -0.083641 -0.315821 -0.286882 
 0.084839 0.793183 0.073987 
 0.076981 0.785506 0.064469 
 0.144619 0.795430 0.134326 
 0.065316 -0.551111 0.136839 
 -0.275107 -0.056837 0.106339 
 0.012901 0.652889 0.046214 
 -0.022377 -0.756659 0.188733 
 -0.297709 -0.035316 0.087771 
 0.114360 0.582406 0.129952 
 -0.092715 0.867875 0.087819 
 -0.142137 0.809331 -0.003167 
 0.166506 -0.163989 -0.306576 
 -0.095403 0.835358 0.048567 
 -0.069697 0.389600 0.048281 
 0.267394 -0.139412 0.182516 
 0.040418 0.652912 0.044712 
 -0.141637 -0.636968 0.097911 
 0.073062 -0.615166 0.157705 
 0.007646 -0.576497 0.130171 
 0.228231 -0.089164 -0.244255 
 0.136468 -0.258559 0.069827 
 -0.111098 0.245807 0.076245 
 0.103532 -0.593030 0.163670 
 -0.112374 0.799898 0.024223 
 0.048617 0.500752 0.048506 
 0.057240 0.944007 0.107554 
 -0.214780 -0.327786 -0.261813 
 -0.217617 -0.458770 -0.194089 
 -0.008273 0.697945 0.005082 
 -0.217768 0.140788 0.076767 
 -0.343014 0.012582 0.038191 
 -0.129796 0.368327 0.041703 
 0.199710 -0.230024 -0.244332 
 0.198009 -0.022381 -0.174348 
 -0.243703 0.201545 0.092505 
 0.213459 0.223113 -0.064370 
 -0.100626 -0.425897 0.071151 
 0.026768 -0.246656 -0.319478 
 -0.347283 -0.039096 -0.002961 
 -0.186098 0.199322 0.077783 
 -0.075660 -0.280167 -0.314240 
 -0.093485 0.406363 0.030254 
 0.143570 -0.400742 0.145256 
 -0.135874 -0.363383 -0.263496 
 0.205611 0.249683 -0.079307 
 0.213990 0.242582 -0.059192 
 -0.054166 -0.298671 -0.296598 
 -0.022117 0.844534 0.051507 
 0.277541 -0.010237 0.020615 
 0.008137 -0.337001 0.125565 
 0.256594 0.170644 0.024919 
 -0.291617 -0.071008 0.085640 
 -0.045867 -0.652971 0.132911 
 0.194310 0.046301 -0.162635 
 0.235571 -0.070920 -0.260139 
 -0.014821 -0.786069 0.205263 
 0.221301 0.252406 -0.049929 
 -0.332601 0.062126 0.060230 
 0.067803 0.584726 0.056045 
 0.143384 -0.272498 0.074019 
 0.011568 -0.113332 -0.304602 
 -0.092765 -0.159517 -0.347536 
 0.281581 -0.107606 -0.109392 
 0.259554 -0.183166 0.178809 
 0.118334 -0.020351 -0.221710 
 -0.045547 -0.336107 -0.255562 
 0.156669 -0.617840 0.310853 
 -0.220566 -0.673079 -0.071581 
 0.002807 0.401057 0.052786 
 0.081498 0.531647 0.086318 
 0.276418 -0.131147 0.108518 
 0.218542 -0.225948 0.114426 
 0.245006 0.013217 -0.092216 
 -0.200876 0.471583 -0.005792 
 -0.366793 -0.006249 0.026489 
 -0.045112 0.821567 0.023174 
 0.205385 0.086798 -0.100679 
 0.226247 -0.281612 0.252795 
 -0.083132 0.231621 0.088091 
 0.021237 0.689966 0.032291 
 0.230033 -0.091377 -0.185811 
 0.251672 0.102522 -0.023328 
 0.069305 0.372595 0.110646 
 0.164787 0.931356 0.140022 
 0.231406 0.138398 -0.036176 
 0.149907 -0.465166 0.166532 
 -0.142498 -0.674701 0.103655 
 0.086664 0.812894 0.079892 
 -0.119072 -0.525873 -0.068724 
 0.024602 0.588938 0.042553 
 -0.091538 -0.392980 -0.055746 
 -0.116238 -0.559424 0.110949 
 -0.025106 -0.294567 -0.295257 
 0.078386 0.441380 0.092425 
 -0.212764 0.056378 0.091079 
 -0.150617 0.104891 0.120437 
 -0.160743 0.726445 -0.011158 
 0.244899 -0.095757 -0.172553 
 0.119562 -0.524535 0.166955 
 -0.143102 0.637364 -0.041562 
 0.227674 -0.002336 -0.169255 
 -0.278967 -0.678904 -0.074335 
 -0.325342 0.278071 0.028626 
 -0.395573 0.043377 0.009085 
 -0.291531 0.415167 -0.008121 
 0.141798 0.764486 0.095537 
 -0.192816 0.479454 0.003670 
 -0.102956 -0.487496 0.054757 
 -0.140433 0.215437 0.097924 
 -0.002721 0.811034 0.020595 
 0.148304 -0.556459 0.273033 
 -0.155642 0.218830 0.083939 
 0.210997 -0.131668 -0.298753 
 -0.219865 0.079184 0.060563 
 0.151357 -0.189321 -0.298677 
 -0.090253 -0.484757 0.024962 
 -0.057303 0.530868 0.019332 
 -0.015616 0.681578 0.022804 
 0.088812 -0.149457 -0.308672 
 -0.334765 0.020650 0.049169 
 0.057486 0.963793 0.112322 
 -0.103726 -0.450402 -0.108117 
 0.143483 -0.301766 0.095960 
 -0.236273 0.083747 0.046154 
 0.120022 -0.524539 0.166421 
 -0.291988 -0.118637 -0.022697 
 -0.075990 -0.800160 0.170295 
 0.192924 0.130124 -0.103830 
 -0.094350 0.856110 0.053880 
 -0.006329 -0.568376 0.133169 
 -0.237493 0.513111 -0.032338 
 -0.361895 -0.171259 -0.046832 
 -0.246672 0.455521 -0.025759 
 -0.067660 -0.722148 0.153211 
 0.032674 0.406916 0.068082 
 0.071141 0.533050 0.049621 
 -0.046514 -0.106832 -0.333103 
 0.023881 0.893451 0.065169 
 0.218258 -0.161161 -0.226278 
 0.006624 -0.577214 0.130153 
 0.201962 -0.241478 0.095906 
 0.273926 0.002480 -0.065120 
 -0.223842 -0.356882 -0.277278 
 0.286384 -0.040696 -0.062694 
 0.277909 -0.037613 -0.098348 
 0.062759 0.457351 0.051560 
 -0.118193 0.228092 0.094265 
 0.232236 -0.314177 0.251448 
 -0.117992 -0.537706 -0.042205 
 0.226108 0.070186 0.058835 
 -0.179859 0.434543 0.006217 
 -0.221359 0.290154 0.034607 
 0.124144 -0.015396 -0.288040 
 -0.080158 0.722153 -0.003483 
 -0.149683 -0.661554 0.099307 
 -0.003964 0.796960 0.031507 
 0.221831 0.007843 -0.114809 
 0.136004 0.796169 0.097189 
 -0.099504 -0.458020 0.092269 
 0.037199 -0.521692 0.114329 
 -0.143545 0.638521 -0.041565 
 0.082157 -0.640944 0.189513 
 0.232051 -0.052758 -0.175510 
 0.051938 -0.171874 -0.307767 
 0.170760 -0.006260 -0.169185 
 -0.152960 -0.725731 0.082706 
 0.278656 -0.046795 -0.071858 
 0.281263 -0.080645 0.009063 
 -0.296940 0.227792 0.045872 
 -0.106169 0.430919 0.020580 
 -0.074418 -0.230132 -0.329963 
 -0.196462 0.118509 0.080071 
 -0.050364 0.347407 0.044635 
 -0.278878 0.369855 -0.005014 
 -0.088764 -0.441694 0.135642 
 0.198642 0.098774 -0.104485 
 -0.091228 0.655050 -0.027297 
 -0.083082 -0.738306 0.133050 
 -0.375939 0.158871 0.040119 
 0.215583 -0.397644 0.260256 
 0.000864 0.331501 0.062892 
 0.222269 0.268267 -0.044757 
 0.131858 0.087059 -0.172569 
 0.186306 -0.472815 0.270963 
 0.170796 -0.061394 -0.322192 
 0.105956 0.594554 0.125220 
 -0.084784 -0.441927 -0.046123 
 0.082332 -0.640946 0.189516 
 0.078307 0.399983 0.125479 
 -0.141682 -0.639915 0.098268 
 -0.065585 0.523094 0.009818 
 0.111781 -0.462197 0.129110 
 0.076247 0.134999 -0.190836 
 -0.110410 0.702785 -0.007991 
 0.176560 0.868066 0.138164 
 0.186784 -0.211294 -0.268172 
 0.006032 -0.699912 0.174160 
 0.238238 0.022402 -0.096297 
 -0.062240 0.901286 0.080952 
 0.109742 -0.624749 0.263300 
 0.025695 0.270768 0.173463 
 -0.348402 -0.039078 -0.003942 
 0.129163 -0.344413 0.115130 
 -0.029480 0.311552 0.057263 
 -0.104798 -0.379807 -0.192757 
 0.135473 -0.066850 -0.316482 
 0.048066 -0.262896 -0.302225 
 -0.029008 0.856882 0.048592 
 -0.168763 0.715984 -0.020701 
 -0.106583 -0.424858 0.094131 
 0.074787 -0.697957 0.212881 
 -0.300178 -0.126646 -0.033359 
 0.166599 0.048782 -0.146992 
 -0.158815 0.096905 0.112405 
 0.262494 -0.170341 -0.170712 
 -0.077366 -0.750952 0.137372 
 0.194721 -0.019825 -0.289356 
 0.083982 0.142586 -0.178700 
 0.292134 -0.033553 0.028842 
 0.217271 -0.196370 -0.220765 
 0.226622 0.070546 -0.083262 
 0.124201 -0.596615 0.254882 
 0.042118 -0.220780 -0.327407 
 -0.090305 -0.704894 0.135670 
 0.013256 -0.222749 -0.327936 
 -0.096155 -0.244578 -0.327009 
 -0.117325 -0.580053 0.106019 
 0.137408 0.965549 0.134914 
 0.163754 0.911609 0.135163 
 0.084988 0.617946 0.080166 
 0.280311 -0.122173 0.142222 
 0.101504 0.895613 0.087053 
 0.129136 0.138998 -0.107624 
 0.248887 0.074553 -0.060657 
 0.130849 0.069512 -0.176567 
 -0.120346 -0.424459 -0.175637 
 0.270851 -0.073298 0.071014 
 0.261958 -0.100478 0.056717 
 -0.114428 -0.557072 0.028018 
 0.254296 0.032194 -0.034852 
 0.071696 0.484211 0.066389 
 -0.291207 0.194642 0.045737 
 -0.099690 -0.712945 0.124327 
 0.145893 0.183835 -0.110635 
 -0.417892 0.082288 -0.003973 
 0.033938 -0.395758 0.110156 
 -0.258820 0.312078 0.003067 
 0.182699 -0.449540 0.214474 
 -0.180854 -0.673826 -0.033558 
 -0.030969 0.817179 0.036772 
 0.258362 -0.059850 0.088823 
 -0.202486 0.135661 0.091022 
 0.127697 -0.516609 0.174968 
 0.023354 -0.195725 -0.313430 
 -0.274807 0.210663 0.065664 
 0.195706 -0.229300 0.092354 
 -0.398831 -0.019387 -0.007512 
 -0.231989 0.166071 0.068352 
 -0.086641 -0.462208 -0.052460 
 -0.189321 0.107719 0.083244 
 0.281594 -0.107497 -0.110127 
 -0.254461 0.152379 0.070815 
 0.227242 0.044994 0.096456 
 0.107553 0.525841 0.136790 
 0.019518 0.800267 0.055733 
 0.014279 -0.203302 -0.323081 
 0.220799 0.250171 -0.049944 
 -0.086525 -0.412522 -0.083781 
 -0.373193 -0.014599 0.016635 
 -0.107886 -0.541593 -0.005048 
 -0.083299 -0.301636 -0.297395 
 0.037337 0.544839 0.044285 
 0.213517 -0.370343 0.221426 
 -0.244482 -0.318889 -0.289896 
 0.088755 -0.483468 0.118644 
 -0.103532 -0.418626 -0.128825 
 0.203121 0.053833 -0.153680 
 0.140264 0.888479 0.107116 
 0.113858 -0.647011 0.234169 
 0.247364 0.143468 0.010025 
 -0.320098 0.193814 0.043655 
 0.137200 -0.026889 -0.306223 
 0.111764 -0.463449 0.129105 
 0.126848 -0.468570 0.143391 
 0.186356 -0.472818 0.271611 
 0.281355 -0.102898 0.146497 
 -0.251600 0.259704 0.055497 
 0.148086 0.895550 0.116463 
 0.069170 -0.405677 0.114587 
 -0.195047 -0.702429 -0.026151 
 0.077143 0.613797 0.070754 
 0.123262 0.800501 0.083761 
 -0.109477 -0.388323 -0.128654 
 0.226152 0.070195 0.055957 
 0.175278 0.848418 0.135193 
 -0.116841 -0.612263 0.127886 
 0.016685 0.580833 0.033020 
 -0.046504 -0.106830 -0.333772 
 0.077138 0.612233 0.069745 
 0.218812 -0.441346 0.310442 
 0.243512 -0.115085 -0.177709 
 0.102827 -0.677549 0.303309 
 0.217967 -0.187343 -0.189105 
 0.246641 -0.215325 -0.167635 
 0.193346 -0.485278 0.276876 
 0.029073 0.556979 0.041319 
 -0.091519 -0.535620 0.141062 
 -0.189216 0.569335 -0.002434 
 0.228222 -0.089166 -0.243662 
 -0.127013 -0.678728 0.117170 
 -0.066163 0.849698 0.037806 
 -0.215840 -0.349341 -0.267719 
 0.108742 0.843451 0.080728 
 0.122148 -0.196826 -0.313635 
 0.100507 -0.191766 -0.305723 
 -0.005283 0.877804 0.075685 
 -0.287915 0.140935 0.038016 
 -0.144487 -0.570009 -0.101566 
 0.222595 0.110831 -0.050080 
 0.062119 -0.111359 -0.298686 
 -0.347011 0.087447 0.054513 
 0.132310 -0.135505 -0.306846 
 -0.080410 -0.622590 0.132194 
 0.016692 0.871754 0.066206 
 0.238157 0.126547 -0.031504 
 0.091049 0.010826 -0.229249 
 -0.320316 0.265529 0.032906 
 -0.243982 -0.314480 -0.274956 
 0.029273 -0.684288 0.170594 
 0.123770 -0.581842 0.243755 
 0.291127 -0.033097 0.028828 
 -0.113145 0.443200 0.017018 
 0.061579 -0.287168 -0.294121 
 -0.195362 0.124216 0.095327 
 -0.117725 -0.547594 0.083578 
 0.001508 0.745257 0.025116 
 -0.114540 -0.540897 0.017342 
 0.089352 0.899939 0.072868 
 0.008320 -0.210924 -0.331997 
 -0.028231 -0.181817 -0.330952 
 -0.220991 0.047760 0.082328 
 0.073753 0.523912 0.078011 
 0.011046 0.472719 0.033670 
 0.214561 -0.078351 -0.299102 
 -0.111997 -0.547045 0.061253 
 0.142270 0.764478 0.096103 
 0.139952 -0.078580 -0.312482 
 -0.202745 -0.755688 0.012659 
 0.193994 0.139452 -0.071639 
 -0.355830 0.043111 0.047441 
 0.188384 0.151355 -0.075710 
 0.248497 0.148190 0.026189 
 -0.102934 -0.450892 0.049336 
 0.211142 -0.097469 -0.304241 
 0.264892 -0.117765 0.127592 
 -0.311729 0.075881 0.057469 
 0.238795 0.022954 -0.096286 
 -0.066802 0.829787 0.032508 
 0.020568 0.943802 0.114618 
 0.150737 -0.584696 0.313515 
 0.265869 -0.147950 0.149730 
 0.268881 0.007421 -0.026662 
 -0.054157 0.232523 0.088544 
 -0.055675 0.614180 -0.004016 
 0.279649 -0.028825 -0.066617 
 0.073691 -0.648920 0.179526 
 0.263534 0.188930 0.006757 
 0.252347 -0.246305 -0.168787 
 0.189864 0.071734 -0.118580 
 0.193083 -0.485271 0.275879 
 0.053385 0.355601 0.089826 
 0.251003 0.231642 0.005333 
 0.078907 0.045215 -0.205738 
 -0.051756 0.222618 0.118216 
 0.143639 0.041227 -0.186045 
 -0.151020 -0.478093 -0.160761 
 0.052295 -0.683282 0.194481 
 0.089891 -0.669788 0.204872 
 -0.174926 -0.594632 -0.109756 
 0.086029 -0.048448 -0.318316 
 0.118333 -0.444569 0.111562 
 -0.119858 -0.274542 -0.312910 
 0.083011 0.753732 0.064120 
 -0.044694 0.210248 0.119712 
 -0.217924 -0.388597 -0.278419 
 0.186243 -0.180159 -0.289366 
 0.188046 -0.350938 0.142952 
 0.079383 -0.576028 0.145386 
 0.211383 -0.233729 0.105426 
 0.267205 0.014497 -0.069650 
 -0.130259 0.584025 -0.010662 
 0.192898 0.128390 -0.103654 
 0.150536 0.772130 0.105471 
 0.158020 -0.544259 0.298029 
 0.232262 -0.381915 0.279580 
 -0.212349 -0.571794 -0.143014 
 0.265118 -0.142917 -0.133745 
 -0.092535 -0.493485 -0.007738 
 -0.230714 0.242660 0.073823 
 0.218795 0.019664 -0.118825 
 -0.424315 -0.083851 -0.048191 
 -0.256871 -0.536815 -0.178495 
 -0.213865 0.035078 0.086640 
 -0.113658 -0.466642 -0.150134 
 0.209896 -0.161817 -0.278095 
 0.124210 -0.596756 0.254178 
 -0.204037 -0.531632 -0.152891 
 -0.375394 -0.156800 -0.029581 
 -0.175512 -0.593284 -0.109760 
 0.032860 -0.417651 0.104414 
 0.280641 -0.009394 -0.059885 
 0.173257 -0.279509 0.101490 
 -0.168969 -0.719135 0.068473 
 0.112848 0.922020 0.101689 
 0.062737 0.456628 0.052333 
 0.166086 -0.589533 0.326132 
 0.076253 0.135000 -0.191203 
 0.082780 0.754411 0.064118 
 -0.400692 0.068764 0.037428 
 -0.027140 -0.162249 -0.326309 
 0.095276 0.449109 0.137860 
 0.188830 -0.217103 0.085776 
 0.271805 -0.021832 0.054632 
 -0.241011 -0.478147 -0.206872 
 0.069807 -0.406598 0.114594 
 -0.045505 0.335250 0.048812 
 -0.016624 0.661694 0.015582 
 -0.264852 0.101380 0.050971 
 -0.060468 -0.734536 0.157117 
 0.046193 -0.142481 -0.307050 
 -0.084550 -0.421623 -0.039879 
 0.263001 0.188303 0.006746 
 -0.236272 0.083747 0.046094 
 -0.101591 -0.409962 -0.098911 
 0.053132 0.560289 0.065124 
 -0.091370 -0.725627 0.128938 
 -0.019771 -0.193787 -0.327399 
 0.249233 0.220807 -0.028446 
 -0.109073 0.872337 0.072713 
 0.189358 -0.414184 0.187191 
 0.129051 -0.208633 -0.310565 
 -0.281904 0.223240 0.059303 
 0.206581 -0.409938 0.233871 
 0.146713 0.084663 -0.159218 
 -0.078083 0.761745 0.007122 
 -0.009778 0.649563 0.021723 
 -0.128113 -0.699900 0.112356 
 -0.388883 0.148034 0.036765 
 0.246047 0.134072 -0.022215 
 0.037429 -0.168366 -0.321109 
 0.122932 0.681474 0.088895 
 0.181102 -0.240410 0.089037 
 0.224921 -0.137390 -0.285620 
 0.275543 -0.033687 -0.001231 
 0.232529 0.054269 -0.095204 
 -0.292264 0.174150 0.039213 
 -0.110926 -0.549616 -0.037519 
 -0.379316 -0.081919 -0.018242 
 -0.093382 0.867888 0.086456 
 0.265533 -0.118151 0.127601 
 0.280572 -0.024397 -0.052042 
 0.037410 -0.169521 -0.320847 
 0.278910 -0.019465 -0.093536 
 -0.118719 0.490255 0.007906 
 0.087502 0.052601 -0.196439 
 0.275097 -0.076371 -0.109037 
 0.020027 -0.234734 -0.324749 
 -0.143253 -0.517507 -0.120675 
 -0.088449 -0.420773 -0.017960 
 -0.246453 -0.132304 0.018869 
 -0.269512 -0.135405 -0.005024 
 -0.021467 -0.193769 -0.326016 
 0.096071 0.709913 0.067136 
 0.249511 -0.230350 0.158605 
 0.108478 0.966322 0.135427 
 -0.067065 -0.722155 0.152781 
 -0.284049 0.183130 0.049011 
 -0.140346 0.194323 0.092504 
 -0.137185 0.547127 0.000654 
 0.115211 -0.318629 0.106685 
 -0.107926 0.331272 0.054695 
 -0.001058 0.835002 0.042065 
 -0.101277 0.868313 0.050120 
 -0.001034 0.836780 0.042071 
 -0.235214 0.344117 0.004374 
 -0.010467 0.669439 0.026937 
 0.189882 0.072412 -0.119201 
 0.013257 -0.222684 -0.327935 
 0.223797 -0.373575 0.258751 
 0.073782 0.523918 0.076123 
 0.142776 -0.489054 0.167937 
 -0.101640 -0.412194 -0.097652 
 -0.154226 0.315460 0.034848 
 0.106693 0.804881 0.070623 
 -0.031439 0.666209 0.003907 
 -0.086386 0.863888 0.063450 
 0.184109 -0.083415 -0.314824 
 0.202035 -0.308278 0.125336 
 0.219290 -0.156994 -0.209900 
 0.058347 -0.559067 0.126982 
 0.092800 -0.387215 0.127161 
 0.012765 -0.358483 0.099414 
 0.022061 -0.195705 -0.314043 
 0.087828 -0.568092 0.155098 
 0.076104 -0.292349 -0.280748 
 -0.219287 0.140808 0.076931 
 -0.025029 0.623211 0.029872 
 -0.001032 0.836976 0.042072 
 0.072012 -0.685751 0.185309 
 -0.109858 0.310425 0.049293 
 0.152723 -0.023945 -0.261721 
 0.125601 -0.032222 -0.219503 
 0.152738 -0.524973 0.225606 
 0.058431 -0.644377 0.164662 
 -0.212705 0.056374 0.092126 
 -0.268751 0.177512 0.064346 
 0.288315 -0.118749 -0.106064 
 -0.128342 -0.430766 -0.185204 
 -0.198635 0.333661 0.009646 
 -0.083937 0.794388 0.008749 
 -0.139414 0.512440 0.006143 
 -0.073848 -0.414639 0.127839 
 -0.347663 -0.196532 -0.038167 
 -0.217501 -0.458772 -0.193886 
 0.216590 0.058612 0.115513 
 -0.286398 -0.131184 -0.019155 
 -0.367425 0.146190 0.043711 
 0.170573 0.116665 -0.099501 
 0.156811 -0.617843 0.310975 
 0.172242 -0.299392 0.094281 
 0.222523 -0.047495 -0.269194 
 -0.274734 -0.123219 -0.009308 
 0.237155 0.108278 -0.036699 
 0.030687 0.716675 0.046995 
 -0.433221 -0.102588 -0.029962 
 -0.205679 0.344680 0.005148 
 0.085496 -0.048643 -0.318325 
 -0.050460 0.538447 0.028825 
 -0.125135 0.847094 0.021185 
 -0.126792 -0.513460 -0.072997 
 0.070064 -0.248424 -0.303430 
 -0.296266 -0.516323 -0.210765 
 0.058061 -0.189923 -0.320109 
 0.094099 0.848480 0.067247 
 -0.272027 0.083663 0.068399 
 -0.302569 -0.650213 -0.119667 
 0.148159 -0.556586 0.273030 
 -0.098910 -0.489746 -0.043893 
 0.114367 0.582309 0.129402 
 -0.238907 -0.351239 -0.291044 
 -0.156230 -0.650157 -0.005571 
 -0.300653 0.114739 0.045631 
 -0.286007 0.382121 -0.009290 
 0.261957 -0.100699 0.056615 
 0.209025 -0.233668 -0.208650 
 0.146912 0.862836 0.123131 
 0.208708 -0.369397 0.243997 
 -0.156246 -0.649775 -0.004174 
 -0.307615 0.177187 0.025101 
 0.182348 -0.433253 0.205121 
 0.150238 -0.262674 0.083543 
 -0.145090 0.343019 0.049344 
 -0.160076 -0.597806 -0.095775 
 -0.249315 -0.676106 -0.072484 
 0.158069 -0.405213 0.159460 
 -0.292825 -0.475542 -0.199877 
 0.196406 -0.343113 0.152529 
 -0.173015 0.121950 0.103605 
 -0.130265 0.584023 -0.010273 
 0.250515 0.231654 0.003769 
 -0.086489 -0.453494 -0.019179 
 -0.269764 -0.115164 0.000438 
 0.134350 -0.601091 0.292436 
 -0.082597 -0.664903 0.122173 
 0.167167 -0.497162 0.219094 
 0.133536 -0.408585 0.135960 
 -0.130905 0.584036 -0.011535 
 0.134147 -0.496432 0.158272 
 -0.045621 0.690341 -0.004417 
 0.133689 0.717463 0.076280 
 0.017396 -0.463921 0.106947 
 0.083180 -0.414556 0.112109 
 0.014381 0.232347 0.124970 
 -0.171932 0.172983 0.085160 
 0.234219 -0.172264 -0.170147 
 0.273648 -0.153944 -0.129654 
 0.079875 0.418890 0.130807 
 -0.035577 0.534235 0.042834 
 0.157980 0.943353 0.136095 
 0.250999 -0.136932 0.007895 
 -0.284085 0.202671 0.054474 
 -0.024672 0.585421 0.019310 
 0.238926 -0.222868 -0.177534 
 0.139220 0.867461 0.101877 
 0.087228 0.499670 0.085187 
 -0.166466 -0.519706 -0.142717 
 -0.212364 -0.571797 -0.142008 
 0.122381 0.820197 0.088787 
 0.160194 -0.416747 0.189027 
 0.091426 -0.249275 -0.299045 
 0.267500 -0.185757 0.215883 
 0.148952 -0.244051 -0.298881 
 -0.068207 -0.668531 0.136339 
 0.005744 -0.346051 0.093439 
 0.184146 0.874122 0.147505 
 0.280652 -0.010357 -0.061510 
 -0.119053 -0.558105 -0.047895 
 0.081170 -0.608433 0.169140 
 0.294023 -0.048177 -0.041862 
 0.224568 -0.073209 -0.232139 
 0.274799 -0.167040 0.197821 
 0.092821 -0.385653 0.127166 
 -0.242173 -0.689514 -0.068596 
 0.098714 -0.211140 -0.310899 
 0.237866 0.126482 -0.031509 
 0.038209 -0.501676 0.119761 
 0.281265 -0.080493 0.009063 
 -0.226567 -0.375754 -0.282652 
 -0.044791 0.843080 0.028458 
 0.213529 0.243657 -0.059195 
 -0.030991 -0.781286 0.191022 
 -0.065995 0.849694 0.038424 
 0.159073 -0.503893 0.209414 
 -0.123412 -0.546858 0.107196 
 0.209528 -0.177101 -0.266986 
 -0.031874 0.637425 0.024269 
 0.188841 -0.217101 0.085081 
 -0.203390 0.400381 0.005117 
 0.282311 -0.119459 -0.083328 
 0.127690 -0.516610 0.175390 
 0.077545 0.393651 0.109136 
 -0.119539 -0.493805 -0.090184 
 -0.420398 0.126376 0.029900 
 -0.131537 0.725082 -0.010767 
 -0.345344 0.190374 0.019667 
 -0.185744 -0.735296 0.048706 
 -0.058414 -0.607144 0.130039 
 0.224473 -0.218578 -0.189941 
 -0.189327 0.090827 0.094157 
 0.260389 -0.147194 0.172905 
 0.142232 -0.488765 0.167930 
 0.232102 0.177444 -0.025215 
 0.276664 0.015377 -0.017374 
 -0.078120 -0.162938 -0.334068 
 -0.109813 -0.449424 -0.085839 
 -0.387708 -0.089996 -0.026158 
 -0.112661 -0.435037 -0.171407 
 -0.036607 0.514255 0.036645 
 0.273928 -0.115151 -0.119352 
 0.068742 -0.425985 0.110311 
 -0.134115 -0.618373 -0.017161 
 0.058743 -0.486142 0.116030 
 -0.191600 0.321267 0.013502 
 0.205145 -0.104946 -0.313329 
 -0.083453 -0.433174 -0.013466 
 -0.318244 0.036793 0.069495 
 -0.101250 0.868314 0.049707 
 -0.163142 -0.670285 0.011962 
 0.097813 0.777551 0.056912 
 -0.292267 0.173948 0.039213 
 0.080389 0.453524 0.125559 
 0.267205 0.014353 -0.069802 
 -0.046137 -0.706440 0.149348 
 0.288252 -0.114439 0.149734 
 -0.109911 -0.498369 -0.053623 
 -0.387739 0.026334 -0.002853 
 0.266637 -0.106596 0.017483 
 0.233433 0.177425 -0.025111 
 -0.029556 0.296223 0.068197 
 -0.057332 -0.586496 0.135270 
 -0.005262 0.879341 0.075690 
 -0.080955 -0.400836 0.123231 
 -0.362475 0.075483 0.048611 
 -0.405985 -0.003866 -0.011851 
 -0.232551 -0.502280 -0.176019 
 0.152497 0.171918 -0.106550 
 0.267297 -0.159383 0.177339 
 0.044868 -0.200893 -0.322195 
 0.103417 -0.122728 -0.316477 
 0.250052 -0.009263 -0.120103 
 -0.004135 0.777403 0.026246 
 -0.301669 0.114754 0.045446 
 0.011161 0.452425 0.028384 
 0.157892 -0.473240 0.187238 
 0.235526 -0.289304 0.189269 
 0.271196 -0.246979 0.176535 
 -0.268440 -0.115181 0.000252 
 