-0.187596 -0.428241 -0.101774 
 -0.315190 -0.529524 -0.000509 
 0.138015 0.611501 0.041601 
 -0.012452 -0.587997 0.155568 
 0.338862 -0.279177 0.034043 
 -0.116223 0.730438 0.016028 
 -0.183834 0.324392 0.108757 
 0.184572 -0.149879 -0.253802 
 -0.306491 -0.599561 0.045487 
 -0.038201 -0.655290 0.153623 
 -0.134324 0.584274 0.048043 
 -0.357597 -0.612655 0.118612 
 -0.290355 -0.603649 0.024411 
 0.160340 -0.066342 -0.289906 
 -0.135043 -0.420273 -0.060852 
 0.034959 0.592790 0.042213 
 0.233487 0.005283 -0.281846 
 -0.153127 -0.568256 -0.018076 
 0.334198 -0.481351 0.089683 
 0.281242 -0.697943 0.184941 
 -0.247786 -0.222662 -0.276175 
 -0.031166 0.868214 0.002398 
 0.098070 -0.518885 0.167549 
 0.284349 -0.663387 0.163032 
 -0.092880 -0.275806 -0.283203 
 -0.078177 -0.375629 -0.031609 
 -0.034001 -0.361993 0.154657 
 -0.156716 0.134798 0.144866 
 -0.232720 -0.226398 -0.297349 
 -0.154176 0.555409 0.067914 
 -0.190778 -0.295494 -0.236591 
 0.198278 0.834363 0.003615 
 -0.100097 0.313213 0.117656 
 0.142894 0.804719 -0.025033 
 -0.082828 0.726012 0.019340 
 0.088083 -0.483163 0.189389 
 -0.269678 -0.268533 -0.243592 
 -0.192318 0.257831 0.118214 
 0.115338 -0.658595 0.168631 
 0.050032 0.854080 -0.011596 
 0.013285 0.022219 -0.236363 
 -0.204231 0.159317 0.162184 
 0.289874 -0.441298 0.085229 
 0.154809 -0.456025 0.116752 
 0.121570 0.467355 0.095993 
 -0.054699 -0.014785 0.201457 
 0.334655 -0.036113 -0.179761 
 0.287336 -0.289165 0.029037 
 0.395180 -0.387699 0.073793 
 0.115073 -0.400617 0.168582 
 -0.049862 0.306508 0.123446 
 -0.140008 -0.270138 -0.265278 
 -0.216693 -0.227203 -0.295713 
 -0.053373 0.558769 0.055604 
 -0.171788 0.688308 0.021393 
 0.143942 -0.080098 -0.268943 
 0.262535 -0.694849 0.161284 
 0.213406 0.133346 -0.135411 
 0.095658 -0.188246 -0.297321 
 -0.236565 0.449134 0.081617 
 0.289128 -0.424409 0.063351 
 -0.244758 0.383649 0.080313 
 -0.258839 -0.003071 0.213141 
 0.264267 -0.353347 0.049009 
 -0.182523 -0.530633 -0.020830 
 -0.406016 -0.588440 0.092501 
 0.167070 -0.148016 -0.266918 
 -0.145630 0.633003 0.012395 
 -0.033596 0.587685 0.057954 
 0.051986 0.323273 0.087942 
 -0.157154 -0.467895 -0.040663 
 -0.194657 0.375256 0.084462 
 -0.168662 -0.430629 -0.075947 
 -0.042101 0.371977 0.100400 
 -0.188056 -0.578497 -0.021792 
 0.279802 0.108467 -0.106081 
 0.002083 0.464056 0.060872 
 -0.010880 0.352414 0.104310 
 -0.226681 -0.177146 -0.308461 
 0.146492 -0.049065 -0.291248 
 0.178835 0.121782 -0.139058 
 -0.335755 -0.425603 -0.036909 
 0.095669 -0.188153 -0.298016 
 0.023643 -0.128827 -0.283459 
 -0.234050 -0.557754 -0.003721 
 -0.050419 0.292149 0.156772 
 -0.036265 -0.380404 0.155588 
 0.161242 -0.407052 0.117735 
 -0.137691 0.148915 0.146922 
 0.391382 -0.204832 -0.039321 
 -0.044277 0.768615 0.001336 
 0.076717 0.799979 -0.009175 
 -0.274211 -0.053700 -0.242782 
 0.286717 -0.457990 0.084828 
 0.283969 -0.663381 0.163027 
 -0.026135 0.637793 0.058937 
 0.344414 -0.197229 -0.019946 
 -0.286064 0.052328 0.212699 
 0.155126 0.902182 -0.034582 
 -0.162395 0.222725 0.144775 
 -0.036796 0.553927 0.057322 
 0.201407 -0.463599 0.076681 
 0.125644 0.195017 -0.098584 
 -0.147480 -0.072846 -0.291142 
 0.142216 0.509352 0.052833 
 -0.128654 -0.172486 -0.297686 
 0.168694 0.290912 0.099614 
 -0.152675 -0.235846 -0.289389 
 0.092053 -0.311614 0.168045 
 -0.323446 -0.326189 -0.082168 
 0.059358 -0.000508 -0.231452 
 -0.111592 0.763730 0.018717 
 -0.088825 0.409313 0.073864 
 0.004315 -0.592181 0.158194 
 0.160719 0.537947 0.020772 
 -0.050117 -0.465380 0.095544 
 -0.021617 -0.106645 -0.274837 
 -0.215907 -0.698324 0.076953 
 -0.175190 0.792028 0.021623 
 -0.181433 0.070104 0.164671 
 0.145203 0.661769 0.042575 
 0.145144 -0.679174 0.149625 
 0.113066 0.958224 -0.038664 
 -0.247489 -0.369776 -0.140465 
 -0.335226 -0.408971 -0.035851 
 -0.308840 -0.480116 -0.011439 
 -0.144245 0.769759 0.024708 
 0.069309 0.065225 -0.207537 
 -0.078905 0.344642 0.118691 
 -0.117633 -0.419922 -0.036332 
 -0.278325 0.102861 0.200257 
 0.153245 -0.610042 0.138450 
 0.006464 0.496552 0.061469 
 0.118311 0.299302 0.117965 
 -0.180953 0.619532 0.008681 
 0.003993 0.614142 0.039473 
 -0.342682 -0.475824 -0.002949 
 -0.268298 -0.122542 -0.311827 
 0.022736 -0.128803 -0.281684 
 -0.147131 0.616129 0.012083 
 -0.125445 -0.487361 -0.014768 
 0.177570 -0.241171 0.040751 
 0.211248 0.115925 -0.136086 
 0.014170 -0.078488 -0.282375 
 -0.006453 0.097914 0.182950 
 -0.044236 0.770717 0.000901 
 0.177551 0.345024 0.157904 
 -0.041590 0.654113 0.034673 
 -0.108047 0.512973 0.049550 
 0.177542 0.344518 0.157906 
 -0.177240 0.102555 0.165332 
 -0.052050 0.837219 0.000324 
 -0.134173 -0.553504 -0.016058 
 -0.337253 -0.579711 0.064375 
 -0.122371 -0.005766 0.193119 
 -0.042995 -0.036101 -0.242556 
 -0.195191 0.225592 0.141344 
 0.023375 -0.577536 0.158248 
 -0.168255 0.170404 0.143809 
 -0.103760 0.694934 0.016735 
 0.220244 -0.449119 0.077214 
 -0.005420 0.113966 0.160394 
 0.072009 0.352713 0.066903 
 -0.142403 0.115234 0.146262 
 -0.049724 0.721088 0.022829 
 -0.143438 0.649827 0.012717 
 -0.172565 -0.600179 0.013104 
 -0.241371 -0.606804 -0.004703 
 -0.028537 -0.154555 -0.288558 
 0.122129 0.773887 -0.027973 
 0.022921 0.376103 0.062588 
 0.097725 0.130979 -0.147369 
 0.197917 -0.497350 0.098311 
 0.173183 0.885060 -0.021707 
 -0.066378 0.856024 -0.001225 
 -0.038982 0.537900 0.056995 
 0.128954 -0.266588 0.115203 
 -0.177395 -0.329825 -0.179620 
 0.207225 -0.277824 0.053210 
 0.046933 0.003544 -0.187566 
 0.167441 -0.149519 -0.266906 
 -0.104528 0.279542 0.117142 
 -0.125924 -0.352505 -0.059574 
 0.004254 0.480774 0.063316 
 0.232864 -0.332567 0.045929 
 -0.095163 0.510816 0.051207 
 -0.135440 0.165918 0.145203 
 -0.036422 -0.218899 -0.277023 
 0.220269 -0.449128 0.075312 
 0.036123 0.740986 0.008545 
 -0.188098 -0.580452 -0.021783 
 -0.295676 -0.363589 -0.111701 
 0.083335 -0.054906 -0.275179 
 0.170489 -0.001993 -0.265745 
 0.264280 -0.030157 -0.255854 
 -0.123775 0.263341 0.092087 
 0.274633 -0.110622 -0.187267 
 0.140192 -0.095853 -0.292187 
 -0.350128 -0.408718 -0.037515 
 0.186480 -0.461633 0.098519 
 0.405011 -0.304452 0.063316 
 -0.035714 0.135806 0.180152 
 -0.011512 -0.452247 0.156474 
 0.298580 -0.142341 -0.071395 
 0.227452 0.113765 -0.133403 
 -0.000141 -0.627317 0.156654 
 -0.023805 -0.536546 0.133409 
 0.005438 -0.126647 -0.283341 
 0.161030 -0.238006 0.038986 
 0.001286 -0.174879 -0.283266 
 -0.198554 0.478257 0.085698 
 0.145128 0.211991 -0.085136 
 0.276042 -0.064426 -0.255148 
 -0.170895 0.421392 0.065327 
 -0.370703 -0.438443 -0.017080 
 0.102179 0.450736 0.071053 
 0.093024 0.384249 0.069751 
 -0.138564 0.553202 0.069610 
 -0.003715 0.399136 0.082430 
 0.186481 -0.003619 -0.264107 
 0.126585 0.197021 -0.098582 
 0.151810 -0.628536 0.149587 
 -0.212488 0.092697 0.185038 
 -0.158880 0.521903 0.065136 
 -0.249170 -0.537925 -0.005111 
 -0.260906 -0.639628 0.049965 
 0.013267 0.022086 -0.235119 
 -0.104591 0.694950 0.017074 
 0.020283 0.328835 0.107424 
 0.274638 0.021283 -0.209363 
 0.275155 -0.221275 -0.017287 
 -0.212895 0.363209 0.106254 
 -0.176625 -0.167479 -0.302748 
 0.278177 -0.371263 0.050373 
 -0.119939 0.431492 0.071251 
 -0.089397 0.676082 0.018493 
 -0.122184 0.280145 0.092322 
 0.270245 0.161059 -0.084380 
 0.111791 0.025369 -0.224335 
 0.315184 -0.112732 -0.103551 
 0.167239 0.709507 0.045229 
 -0.230343 0.362930 0.081709 
 -0.185429 -0.410534 -0.100168 
 0.020555 0.878258 0.008248 
 -0.155037 -0.584870 -0.020163 
 -0.065445 -0.343174 0.151547 
 -0.011278 -0.040127 -0.239266 
 -0.204356 -0.131081 -0.306088 
 -0.107694 0.395771 0.073277 
 0.277168 -0.048343 -0.254905 
 0.079506 -0.670383 0.164613 
 0.184318 -0.150688 -0.253801 
 0.257449 -0.124477 -0.189222 
 -0.238179 0.431216 0.081303 
 -0.027350 -0.038238 -0.240896 
 0.071416 -0.222912 0.189141 
 -0.107926 -0.275062 -0.261982 
 0.310138 0.031900 -0.205730 
 -0.068247 0.155229 0.154157 
 -0.295964 -0.652514 0.069016 
 -0.130290 0.875017 -0.053027 
 0.157709 -0.578025 0.150558 
 0.005485 -0.592204 0.157318 
 0.108805 -0.451317 0.168884 
 -0.181593 0.743524 0.043501 
 -0.196862 0.358462 0.083863 
 -0.061542 0.208196 0.155129 
 -0.140013 -0.269911 -0.264641 
 -0.029154 0.618565 0.035378 
 -0.336066 -0.291228 -0.115039 
 0.145704 0.661761 0.042582 
 -0.136658 -0.237023 -0.287506 
 0.385755 -0.103996 -0.062185 
 0.287239 -0.457999 0.084899 
 0.075462 -0.343034 0.235213 
 -0.200255 -0.545038 -0.021335 
 -0.181519 -0.529451 -0.020823 
 0.006938 0.200874 0.184915 
 0.281886 -0.355574 0.050721 
 -0.064193 0.472928 0.053998 
 -0.063113 0.884854 -0.023100 
 -0.091470 -0.356859 -0.010166 
 0.048054 -0.066685 -0.278649 
 -0.187624 0.020242 0.186758 
 -0.249200 -0.538881 -0.003980 
 0.146663 -0.219027 0.037671 
 -0.305677 -0.165437 -0.270663 
 0.225481 -0.552068 0.099892 
 0.335119 -0.498425 0.112336 
 -0.108482 -0.143874 -0.294362 
 -0.058989 0.506330 0.054656 
 0.177561 0.345629 0.157901 
 0.076001 -0.567356 0.166289 
 0.052563 0.870608 -0.011269 
 -0.054979 -0.014787 0.200052 
 0.029112 0.528639 0.063839 
 -0.211626 -0.646468 0.032834 
 0.199708 -0.361136 0.099667 
 0.016746 -0.062018 -0.270369 
 0.276051 -0.063921 -0.255206 
 0.138544 0.771305 -0.025671 
 -0.267538 -0.252431 -0.244234 
 -0.017991 0.848815 -0.018689 
 -0.157925 0.803656 0.012213 
 0.220571 -0.122023 -0.249896 
 -0.065948 0.723797 0.021133 
 -0.382860 -0.402494 -0.019285 
 -0.350117 -0.408075 -0.037518 
 0.376414 -0.401988 0.071737 
 -0.065623 0.592098 0.053477 
 0.301460 -0.308110 0.030408 
 -0.286410 -0.032345 -0.164972 
 0.127704 -0.694869 0.169465 
 0.145509 -0.268512 0.094016 
 -0.136614 -0.418533 -0.060881 
 -0.099610 0.043053 0.172981 
 0.369015 -0.024224 -0.176940 
 -0.031872 -0.466883 0.131553 
 -0.095001 0.761507 0.017792 
 0.152374 0.592127 0.042980 
 0.089973 0.500877 0.047395 
 -0.072690 0.123162 0.155539 
 -0.368493 -0.421348 -0.017827 
 -0.315319 -0.395069 -0.056605 
 0.093384 0.784156 0.015126 
 0.101547 0.061911 -0.204267 
 -0.067493 -0.083516 -0.280244 
 -0.160345 0.101735 0.165710 
 -0.311616 -0.213498 -0.247968 
 -0.164852 -0.201752 -0.302996 
 0.136353 0.235997 -0.006258 
 -0.279548 0.103754 0.200237 
 0.170175 0.885113 -0.021097 
 -0.076228 -0.682937 0.148427 
 0.060836 0.524227 0.067230 
 0.178484 0.658668 0.057435 
 0.285033 0.070785 -0.163706 
 -0.081030 0.474419 0.052293 
 -0.054656 -0.014802 0.198099 
 0.265600 0.126983 -0.107432 
 0.031282 -0.648075 0.182634 
 0.340801 -0.655425 0.237376 
 0.158806 0.789294 -0.000730 
 0.260053 -0.403424 0.083516 
 -0.182380 0.339445 0.086452 
 0.188571 0.012653 -0.261747 
 0.119513 -0.141860 -0.271832 
 -0.222633 -0.593240 -0.003183 
 -0.210351 0.109681 0.184694 
 -0.024669 -0.692028 0.176476 
 0.129618 0.215682 -0.063897 
 0.154491 -0.337668 0.117338 
 -0.106771 -0.257696 -0.284532 
 -0.069617 -0.099601 -0.279958 
 0.313825 -0.359976 0.054104 
 -0.122777 -0.256210 -0.286921 
 -0.173375 0.540449 0.065878 
 0.071793 0.620690 0.034773 
 -0.383086 -0.679848 0.139507 
 -0.155851 0.555437 0.067892 
 0.147231 0.837761 -0.023788 
 0.070868 -0.151893 -0.299933 
 -0.360557 -0.490290 -0.004558 
 -0.265941 -0.236492 -0.269178 
 -0.078821 0.491834 0.052614 
 -0.152295 0.167140 0.145529 
 0.164518 -0.036503 -0.289295 
 -0.376377 -0.627540 0.140487 
 -0.067829 0.575758 0.054233 
 -0.273527 -0.467628 -0.030011 
 0.369674 -0.301838 0.037516 
 0.075019 0.098209 -0.184027 
 -0.110617 0.498482 0.072071 
 -0.095177 0.075546 0.173645 
 0.351496 -0.085069 -0.122539 
 0.107098 0.632912 0.038336 
 -0.142523 -0.154173 -0.299014 
 0.076384 0.386136 0.069145 
 0.250567 0.058287 -0.166111 
 0.230168 -0.197766 0.000064 
 -0.060313 0.359254 0.122045 
 0.209691 0.217415 -0.112383 
 -0.273799 -0.168860 -0.278539 
 0.034772 0.309317 0.108815 
 0.037998 -0.476419 0.184682 
 0.009029 -0.697085 0.179937 
 -0.065451 -0.342121 0.151541 
 0.037895 0.178655 0.188043 
 0.160610 -0.196213 -0.267855 
 0.077501 0.667961 0.012864 
 -0.331413 -0.528469 0.021613 
 -0.228907 -0.507431 -0.024905 
 -0.366619 -0.404584 -0.038472 
 -0.129227 0.349533 0.092005 
 0.308914 -0.225678 -0.013903 
 0.069892 0.884988 -0.009275 
 0.050313 0.034736 -0.186941 
 0.059228 0.225359 0.144956 
 0.011818 0.545762 0.039539 
 -0.206673 0.546545 0.062450 
 0.172619 0.015069 -0.265438 
 0.081278 0.701178 0.014642 
 0.046846 -0.197807 -0.302524 
 0.276052 -0.064427 -0.255203 
 -0.333130 -0.258398 -0.194182 
 0.216806 -0.346114 0.078308 
 0.004237 -0.229572 0.225752 
 0.100636 0.847439 -0.006510 
 -0.009061 0.780765 0.004623 
 0.219475 0.166222 -0.109611 
 -0.275103 -0.053690 -0.243782 
 -0.184687 -0.231571 -0.292428 
 0.341051 0.012155 -0.179779 
 0.280135 -0.508117 0.083015 
 -0.174449 -0.312406 -0.155340 
 -0.242655 -0.625329 0.028574 
 0.381513 -0.152994 -0.040044 
 -0.075814 0.225284 0.130887 
 -0.167411 0.721235 0.022041 
 0.058246 -0.216330 -0.324115 
 0.301697 -0.460181 0.086577 
 0.157456 0.016130 -0.255604 
 -0.130298 0.750059 0.014653 
 -0.030341 0.321980 0.137810 
 0.081166 0.553065 0.046679 
 0.197371 0.238738 -0.090955 
 -0.029970 0.050668 0.180228 
 -0.083502 -0.081377 -0.281507 
 0.347324 -0.054442 -0.179402 
 0.011001 -0.541132 0.158284 
 -0.253816 -0.036689 -0.161940 
 -0.272473 -0.586888 0.003622 
 0.035505 -0.233912 0.185347 
 -0.322753 -0.598736 0.065490 
 0.124955 0.350330 0.118354 
 0.113499 -0.296999 0.170128 
 -0.236305 0.313723 0.103561 
 0.348816 -0.331180 0.035545 
 -0.284506 -0.266437 -0.189183 
 0.039524 0.774205 0.009693 
 -0.228073 0.380173 0.082033 
 0.202217 0.380893 0.205375 
 -0.186811 -0.247656 -0.292075 
 -0.370712 -0.438933 -0.017078 
 0.004698 0.183145 0.184462 
 0.205613 -0.447118 0.099300 
 0.157933 -0.305521 0.117984 
 0.143061 0.937349 -0.037765 
 -0.143443 -0.171766 -0.299303 
 0.137512 0.073961 -0.178143 
 -0.152865 -0.567532 -0.018076 
 0.101242 0.993399 -0.039704 
 0.072574 -0.019259 -0.241894 
 0.097259 0.027908 -0.204888 
 0.164168 -0.034289 -0.289311 
 0.030066 -0.406402 0.183555 
 0.086898 0.198366 0.090807 
 -0.022707 -0.416593 0.178276 
 0.260043 -0.062286 -0.255617 
 -0.031167 0.868215 0.002535 
 -0.040822 0.520829 0.056677 
 -0.368577 -0.286659 -0.094646 
 0.146461 -0.048190 -0.291252 
 0.145353 0.543072 0.042001 
 0.180964 0.136555 -0.139508 
 0.275393 -0.237479 0.005354 
 -0.161524 0.505171 0.066930 
 0.226819 -0.398989 0.079607 
 0.008009 0.365289 0.106083 
 -0.234823 -0.558031 -0.003729 
 -0.182372 0.340020 0.086523 
 0.288901 -0.441952 0.085220 
 0.020885 0.477509 0.062851 
 -0.152555 0.303086 0.112125 
 -0.146428 0.753601 0.024382 
 -0.076059 -0.148155 -0.292130 
 -0.347229 -0.240792 -0.194592 
 0.202141 -0.151568 -0.229220 
 0.034184 0.038188 -0.188775 
 0.386222 -0.302065 0.039200 
 0.222876 -0.280133 0.045412 
 -0.107906 -0.273878 -0.261988 
 0.144670 -0.252013 0.072276 
 -0.355182 -0.577457 0.063452 
 0.167374 0.410389 0.100178 
 0.396169 -0.387715 0.073774 
 -0.056588 0.390997 0.098308 
 -0.188370 0.690696 0.020241 
 0.275212 -0.237474 0.005693 
 0.075413 -0.003669 -0.230076 
 0.278158 -0.048223 -0.254893 
 0.175180 -0.289687 0.097091 
 0.013196 -0.404868 0.182067 
 0.261813 0.109458 -0.107764 
 0.158641 -0.287464 0.095383 
 -0.127124 0.096078 0.147668 
 -0.223690 -0.458008 -0.070246 
 0.279858 -0.525234 0.107143 
 0.103832 0.319005 0.115988 
 -0.082855 -0.196343 -0.292084 
 0.277604 -0.205213 -0.016960 
 -0.149619 -0.087684 -0.287983 
 0.324733 -0.582716 0.133653 
 0.066796 0.304296 0.090175 
 -0.241639 0.267729 0.159634 
 -0.188367 0.690419 0.019692 
 -0.052065 -0.618593 0.128607 
 0.336715 -0.293335 0.034107 
 -0.171357 0.017995 0.188240 
 -0.072024 -0.230598 -0.292066 
 0.311976 -0.160358 -0.047106 
 0.237579 -0.283063 0.023954 
 0.362988 -0.166945 -0.041987 
 -0.320403 -0.293669 -0.145941 
 0.171672 -0.117122 -0.266284 
 -0.313427 -0.670862 0.146975 
 0.045355 0.407276 0.064865 
 -0.183995 0.723061 0.020342 
 -0.020986 0.683885 0.025982 
 -0.087844 0.811430 0.019353 
 -0.175785 0.118052 0.142824 
 0.167365 -0.017339 -0.266073 
 0.034294 0.144755 0.187397 
 -0.390908 -0.333775 -0.041165 
 -0.164864 -0.201371 -0.301584 
 -0.079322 -0.392266 -0.009115 
 -0.385387 -0.554157 0.037584 
 0.142929 -0.696707 0.148282 
 -0.177768 0.507387 0.064869 
 -0.162991 0.633308 -0.012158 
 -0.349341 -0.257107 -0.197439 
 0.097109 0.698980 0.015186 
 0.011860 -0.094549 -0.282455 
 -0.258090 -0.056011 -0.242117 
 0.130896 -0.540296 0.171018 
 0.192186 -0.072681 -0.286646 
 -0.222675 0.145924 0.183620 
 0.367512 -0.333337 0.059841 
 0.085096 -0.378400 0.189634 
 0.315130 -0.127101 -0.080904 
 -0.181441 0.207353 0.142725 
 -0.065638 0.592103 0.054625 
 0.047852 -0.181770 -0.303295 
 -0.212891 0.362531 0.105054 
 -0.134236 0.858206 -0.053369 
 0.098405 -0.398437 0.191023 
 0.008023 0.365283 0.104975 
 -0.163694 0.067838 0.166412 
 0.170799 -0.322810 0.096440 
 -0.233066 0.199120 0.182873 
 0.341066 -0.414222 0.068012 
 -0.289537 0.156874 0.210277 
 -0.346389 -0.240811 -0.195515 
 -0.008147 -0.314830 0.201157 
 -0.164830 0.067183 0.166401 
 -0.058729 0.919637 -0.022466 
 0.166900 0.156160 -0.140087 
 0.111819 0.025674 -0.226158 
 -0.249209 0.348369 0.080096 
 -0.031048 0.468491 0.057407 
 0.184885 -0.495498 0.119550 
 -0.196846 0.089310 0.163261 
 0.008771 -0.558424 0.157959 
 -0.089476 0.125395 0.151824 
 0.081210 -0.413161 0.188988 
 0.242273 0.038897 -0.246769 
 0.170928 -0.477140 0.141072 
 0.081669 -0.396188 0.189295 
 0.031298 0.127826 0.187058 
 0.202718 0.395921 0.182833 
 -0.345718 -0.373596 -0.037765 
 0.164152 -0.664565 0.149964 
 -0.210610 0.246179 0.139928 
 0.384078 -0.335529 0.060785 
 0.032028 0.020843 -0.188915 
 0.247198 -0.520800 0.103135 
 0.095351 -0.415366 0.190683 
 0.060758 0.525608 0.067222 
 0.081901 -0.534006 0.186922 
 -0.412308 -0.639620 0.136698 
 -0.049403 -0.069553 -0.275946 
 0.206137 -0.583901 0.122188 
 -0.062594 -0.166349 -0.290807 
 0.031807 0.559699 0.041581 
 -0.179950 0.490628 0.062907 
 0.373282 0.008162 -0.176817 
 -0.356350 -0.322675 -0.083175 
 -0.050103 -0.464254 0.095920 
 -0.329597 -0.375344 -0.057979 
 0.287551 0.159560 -0.071568 
 0.219142 -0.138072 -0.250199 
 -0.080657 0.742662 0.020998 
 -0.136900 0.698031 0.013694 
 -0.013503 0.616369 0.037420 
 -0.019438 -0.278387 0.224375 
 0.315247 -0.097011 -0.125994 
 -0.044335 0.487399 0.056040 
 0.333594 -0.098490 -0.101604 
 0.065236 0.570756 0.033081 
 0.028308 0.809606 0.010769 
 0.015449 -0.507690 0.158245 
 0.101474 -0.155554 -0.273784 
 -0.204604 -0.578309 -0.023478 
 0.397370 -0.371033 0.074305 
 0.244753 -0.200379 -0.020377 
 -0.236064 -0.421046 -0.082708 
 -0.195867 -0.511845 -0.022399 
 -0.362571 -0.647871 0.164654 
 0.133127 0.989035 -0.035808 
 -0.127511 -0.504065 -0.015089 
 -0.034287 -0.202543 -0.277882 
 -0.411132 -0.640439 0.136717 
 -0.115071 -0.077110 -0.284376 
 -0.170701 0.017976 0.186465 
 -0.201835 -0.410768 -0.101837 
 -0.020996 0.402917 0.103584 
 0.158848 -0.082377 -0.290230 
 -0.028212 -0.570270 0.130698 
 0.003389 -0.160155 -0.283929 
 0.326503 -0.548643 0.111335 
 0.226817 -0.399513 0.079046 
 0.047840 -0.181765 -0.302298 
 -0.225879 0.396518 0.082933 
 -0.122783 -0.256015 -0.286172 
 -0.094994 0.761504 0.017218 
 -0.052430 -0.216485 -0.277983 
 0.221795 -0.296795 0.044889 
 -0.030692 -0.346564 0.179561 
 -0.163392 -0.532881 -0.019102 
 -0.410117 -0.624934 0.137037 
 0.098405 -0.415417 0.190722 
 0.325871 -0.211545 -0.024569 
 -0.137678 -0.588300 0.006143 
 0.391499 -0.220306 -0.017549 
 0.071616 0.898268 -0.032482 
 0.107113 0.632907 0.037205 
 0.048201 -0.529510 0.182758 
 0.224110 -0.074436 -0.283387 
 -0.387269 -0.436737 -0.018778 
 0.132229 0.414865 0.095704 
 -0.119795 -0.112086 -0.284991 
 -0.275983 -0.186109 -0.278846 
 0.180118 0.833362 -0.022663 
 -0.146781 -0.187810 -0.299138 
 0.192859 0.101791 -0.137703 
 -0.052034 0.837213 -0.000890 
 -0.037786 -0.017046 0.201996 
 -0.194436 0.509607 0.063516 
 -0.024779 0.651646 0.036379 
 -0.083797 0.458452 0.051958 
 0.131458 0.562176 0.040629 
 -0.012367 0.482993 0.061647 
 -0.032678 0.851605 0.002529 
 0.176238 -0.256762 0.051887 
 0.153361 0.248631 -0.027176 
 -0.037616 -0.103871 -0.276058 
 -0.283592 -0.265775 -0.189175 
 0.096035 -0.071200 -0.273876 
 0.120911 -0.125542 -0.271530 
 0.350781 -0.038270 -0.179070 
 -0.074502 0.658534 0.030798 
 -0.088767 -0.010275 0.196585 
 -0.125429 -0.486443 -0.014773 
 0.095045 -0.553189 0.166914 
 -0.249186 0.348360 0.078311 
 0.183891 0.409953 0.124803 
 -0.137859 -0.123232 -0.287605 
 -0.119035 -0.224213 -0.296856 
 -0.159490 0.101728 0.167066 
 -0.101774 0.460694 0.050235 
 0.229816 -0.672353 0.123152 
 -0.012209 0.750452 0.025625 
 -0.183992 0.723283 0.020341 
 0.018420 0.597354 0.040500 
 0.111026 0.515291 0.049449 
 0.241944 -0.249995 0.024599 
 0.049958 -0.165034 -0.301920 
 0.191720 0.783129 0.002659 
 -0.286692 -0.568616 -0.009145 
 0.038576 -0.355529 0.230542 
 0.260054 -0.403425 0.083461 
 -0.072924 0.806775 -0.001836 
 0.162077 -0.544091 0.139896 
 0.266967 -0.661678 0.161307 
 -0.093340 -0.682357 0.146707 
 0.260679 -0.557196 0.127130 
 -0.080474 -0.408944 0.013089 
 -0.001363 -0.075974 -0.273202 
 -0.140036 0.536680 0.069293 
 0.150140 0.054466 -0.199300 
 0.119732 0.597408 0.039583 
 -0.079565 0.888206 -0.024797 
 -0.016938 -0.624171 0.154924 
 0.146040 0.211975 -0.085125 
 -0.052647 0.275244 0.155361 
 0.075357 0.192488 0.214736 
 -0.151604 0.032718 0.191142 
 0.190638 -0.274838 0.053261 
 -0.094835 0.903682 -0.050735 
 -0.239485 -0.455240 -0.049121 
 0.182929 -0.165975 -0.254107 
 -0.192970 -0.476846 -0.067204 
 -0.182300 0.206476 0.142718 
 0.300366 -0.033570 -0.206995 
 0.061357 0.804786 0.012046 
 -0.124293 0.531932 0.048580 
 0.126744 -0.283449 0.114878 
 0.166921 0.157408 -0.140093 
 0.107417 -0.588954 0.167982 
 -0.122484 0.682013 0.015056 
 -0.326942 -0.651688 0.145362 
 -0.117903 -0.093186 -0.284697 
 -0.239564 -0.289040 -0.242489 
 -0.416619 -0.675167 0.158808 
 -0.169113 0.305318 0.110435 
 -0.025516 0.084376 0.180887 
 -0.034440 0.015955 0.179575 
 0.369829 -0.452142 0.071299 
 -0.384141 -0.402467 -0.018152 
 0.128658 0.678273 0.018260 
 -0.173347 0.540881 0.064328 
 -0.249180 0.203221 0.203960 
 -0.070717 0.824845 -0.001522 
 0.202214 -0.119796 -0.251569 
 -0.096130 0.210682 0.127429 
 -0.041191 0.520837 0.057074 
 0.165526 0.409444 0.100159 
 -0.265747 -0.536674 -0.006497 
 0.157265 -0.304055 0.117968 
 -0.235443 0.046265 0.204459 
 0.071574 -0.601163 0.164230 
 -0.085013 0.709691 0.019105 
 -0.177838 -0.346043 -0.133135 
 0.359364 -0.416736 0.092681 
 0.036065 -0.150467 -0.303227 
 -0.124827 0.517453 0.070689 
 0.148842 -0.203022 0.037997 
 0.223785 0.197824 -0.111185 
 0.102137 0.599636 0.037871 
 -0.051067 0.439926 0.077925 
 0.306167 -0.614802 0.154250 
 -0.155884 0.803622 0.012239 
 0.024703 0.363063 0.108636 
 0.092927 0.798588 -0.007492 
 -0.131104 0.063355 0.169427 
 0.073075 0.913811 -0.043003 
 0.187265 -0.596565 0.119287 
 0.001600 0.464064 0.060810 
 0.113824 0.699521 0.039790 
 -0.190112 0.274719 0.119479 
 -0.233233 0.061564 0.204798 
 0.048756 0.691663 0.032714 
 -0.414385 -0.658168 0.159137 
 0.103719 0.163656 -0.146715 
 -0.171537 0.288494 0.111588 
 -0.006844 0.799312 0.004934 
 -0.221412 0.296018 0.114565 
 0.127046 0.806911 -0.026711 
 -0.241886 -0.005768 0.214884 
 -0.277965 -0.349360 -0.141796 
 0.404912 -0.287994 0.041345 
 -0.080641 0.742656 0.019742 
 0.052039 0.738793 0.010748 
 -0.376493 -0.352583 -0.039946 
 -0.267593 -0.536645 -0.006829 
 0.239640 -0.138734 -0.191182 
 0.012117 0.679469 0.030174 
 -0.050084 -0.464261 0.094459 
 -0.229036 0.231591 0.160790 
 0.029681 0.262452 0.142169 
 -0.228211 -0.339622 -0.183149 
 0.076253 0.929611 -0.042666 
 0.014008 0.828400 0.007047 
 -0.202836 -0.245201 -0.271562 
 -0.224626 -0.161075 -0.307519 
 -0.019496 -0.090233 -0.274527 
 -0.030668 -0.346573 0.177726 
 -0.256783 -0.286658 -0.220417 
 0.171514 -0.442655 0.095870 
 -0.185917 0.305845 0.085886 
 -0.141258 -0.285952 -0.254164 
 0.328088 -0.179389 -0.045720 
 0.260670 0.038055 -0.210691 
 0.026242 0.792994 0.008334 
 0.237975 -0.451352 0.079791 
 -0.196034 0.226289 0.141329 
 0.242264 -0.233073 0.002695 
 0.085089 -0.378873 0.189636 
 -0.134236 0.717380 0.024734 
 0.088359 0.619029 0.036500 
 0.038221 -0.131565 -0.302931 
 0.160361 -0.065107 -0.289934 
 -0.149346 -0.533523 -0.040271 
 -0.066090 -0.426839 0.014459 
 -0.321919 -0.309749 -0.113680 
 -0.150752 0.850443 -0.009657 
 0.119323 0.743713 -0.004975 
 0.000919 0.729651 0.005346 
 -0.008170 -0.435617 0.156817 
 -0.239158 -0.591028 -0.004376 
 0.398433 -0.354378 0.063191 
 -0.159602 0.652224 0.022450 
 0.359852 -0.398817 0.070031 
 -0.070669 0.690522 0.021873 
 -0.089377 0.676081 0.018462 
 -0.150886 -0.219947 -0.300252 
 0.284395 0.142494 -0.083267 
 -0.152672 -0.235847 -0.289617 
 -0.372482 -0.319491 -0.062430 
 0.229424 -0.197750 0.000915 
 0.148428 -0.388057 0.116368 
 0.023054 0.376101 0.062590 
 -0.355500 -0.305253 -0.082876 
 -0.357013 -0.612659 0.119774 
 -0.211608 -0.493388 -0.069200 
 0.131707 0.711181 0.018890 
 -0.016648 0.149498 0.182214 
 -0.169091 0.170329 0.143799 
 0.332859 -0.345548 0.056128 
 0.077616 -0.202046 -0.299610 
 -0.297372 -0.380219 -0.088797 
 -0.086011 0.158985 0.129557 
 -0.099837 0.460662 0.050332 
 0.098822 0.715588 0.015502 
 -0.079322 -0.392531 -0.009445 
 -0.083084 0.458440 0.051967 
 0.057080 0.084740 -0.185998 
 -0.090182 -0.113510 -0.281752 
 -0.089787 0.410305 0.073847 
 -0.214949 -0.211403 -0.305447 
 0.208146 -0.073690 -0.285016 
 -0.166171 0.602629 0.021478 
 0.141872 -0.438608 0.137939 
 0.112122 0.680169 0.017800 
 0.030110 0.262443 0.141796 
 -0.122670 0.397960 0.070136 
 -0.276006 -0.053675 -0.243794 
 -0.161384 0.761364 0.068387 
 -0.208702 0.125087 0.162197 
 -0.132530 0.717355 0.025462 
 -0.169602 0.704601 0.021718 
 -0.005860 -0.418012 0.180001 
 0.150378 0.231699 -0.038963 
 -0.222932 -0.161104 -0.307497 
 -0.003347 -0.660544 0.177743 
 0.369025 -0.023778 -0.177106 
 -0.253556 -0.270689 -0.242856 
 -0.093629 -0.372266 -0.010825 
 0.352919 -0.022079 -0.179623 
 -0.232710 -0.225817 -0.297351 
 -0.037556 0.686102 0.025414 
 0.302512 -0.665336 0.187692 
 0.086091 0.467539 0.046755 
 -0.014116 0.320492 0.126543 
 0.008742 -0.438031 0.182171 
 0.034239 -0.048058 -0.268674 
 0.097490 -0.415405 0.189895 
 0.276442 0.036217 -0.209048 
 0.131261 0.278641 0.095456 
 -0.115639 0.872262 -0.051361 
 0.266250 -0.320158 0.026697 
 -0.162586 0.084798 0.166396 
 -0.005896 0.008088 -0.238337 
 0.146654 -0.219570 0.037673 
 0.156618 0.772155 -0.001048 
 -0.127040 0.246567 0.091748 
 -0.130682 -0.385523 -0.059197 
 -0.349374 -0.257093 -0.194846 
 -0.157837 0.668291 0.013229 
 -0.043547 0.637446 0.034528 
 0.182923 0.691717 0.058084 
 0.077423 0.947325 -0.042366 
 0.174120 0.014752 -0.265418 
 -0.248552 -0.222649 -0.276185 
 0.342596 -0.397713 0.068327 
 0.381515 -0.152865 -0.040045 
 0.028690 0.677252 0.030669 
 0.371916 -0.283598 0.035410 
 0.154581 0.609921 0.043296 
 0.102715 0.599628 0.038139 
 -0.164426 0.741305 0.047098 
 0.017200 0.595281 0.040495 
 0.010884 0.530882 0.061301 
 0.018695 0.461267 0.062525 
 -0.208400 0.261646 0.139358 
 -0.159207 0.252582 0.111880 
 0.113334 0.399401 0.094706 
 -0.010617 0.350723 0.104322 
 -0.297601 -0.515789 0.001504 
 0.044165 -0.321431 0.242653 
 0.393526 -0.187754 -0.036651 
 -0.142261 0.518627 0.068975 
 -0.017295 0.434883 0.081354 
 -0.125928 0.782572 0.014845 
 -0.029277 -0.586515 0.153846 
 -0.223464 -0.291105 -0.239904 
 0.278615 -0.172465 -0.050764 
 0.026960 0.230225 0.163884 
 0.124870 0.510959 0.039667 
 0.145271 -0.235632 0.049057 
 -0.295982 -0.653597 0.069021 
 -0.121176 0.550881 0.071330 
 0.036662 0.327249 0.109131 
 0.241709 0.038915 -0.245111 
 0.071323 0.753181 0.013208 
 0.381875 -0.352166 0.061605 
 -0.040169 0.102940 0.180690 
 -0.008008 -0.694420 0.178203 
 -0.040163 0.102381 0.179492 
 0.257834 -0.251855 0.003357 
 0.047169 0.557502 0.042359 
 -0.203815 0.159314 0.162858 
 0.028368 0.541861 0.041248 
 -0.093663 -0.374303 -0.010815 
 0.258444 -0.573792 0.129101 
 0.228294 0.113747 -0.134047 
 0.299107 -0.341120 0.051884 
 0.014598 0.266267 0.162459 
 -0.275317 -0.053686 -0.243785 
 0.313186 -0.529685 0.110374 
 0.109486 -0.206299 -0.295507 
 -0.061525 0.207640 0.153136 
 0.256316 0.194197 -0.107852 
 -0.032194 0.033976 0.179899 
 0.188848 0.012639 -0.263794 
 -0.250099 0.202804 0.203950 
 0.244402 -0.168613 -0.078803 
 0.002029 -0.368034 0.203387 
 0.111829 0.025354 -0.227328 
 -0.162590 0.084800 0.166724 
 -0.124692 0.663857 0.014197 
 -0.044457 0.899614 -0.021091 
 0.227804 0.216750 -0.088250 
 -0.207467 0.261634 0.140275 
 -0.136680 -0.238336 -0.287500 
 -0.274245 -0.603556 0.004188 
 0.182399 -0.649580 0.141242 
 0.332527 -0.052889 -0.181035 
 0.143244 0.349970 0.142994 
 0.370941 -0.452163 0.070782 
 -0.163423 -0.364842 -0.120362 
 0.117023 -0.383706 0.170186 
 -0.068691 -0.358924 0.128354 
 -0.183964 0.724945 0.020333 
 -0.235977 -0.256915 -0.262510 
 0.042554 -0.013263 -0.210794 
 -0.017762 0.434272 0.081351 
 -0.164412 0.740708 0.045216 
 0.071740 -0.479319 0.187658 
 -0.007956 0.515669 0.060087 
 -0.103283 0.563130 0.051369 
 -0.090790 -0.261213 -0.282884 
 -0.379064 -0.505110 0.015821 
 -0.160523 -0.034879 0.188993 
 0.062536 -0.323719 0.244411 
 0.096183 0.549684 0.034433 
 -0.070638 -0.633213 0.127506 
 -0.165972 -0.087146 -0.301039 
 -0.140014 -0.270511 -0.265276 
 -0.064180 0.873836 -0.000552 
 0.122985 -0.470086 0.170273 
 -0.355221 -0.321809 -0.083165 
 0.140216 0.628931 0.041920 
 0.027850 -0.096686 -0.281345 
 -0.110699 0.229875 0.127428 
 0.202122 -0.152718 -0.229214 
 0.133770 0.056614 -0.202392 
 -0.060321 0.085705 0.154570 
 0.072960 0.488596 0.068371 
 0.170647 0.309400 0.122586 
 0.168017 0.868593 -0.022468 
 0.135024 -0.626364 0.149014 
 -0.136667 -0.237554 -0.287504 
 -0.368715 -0.555847 0.039291 
 -0.104850 0.563152 0.050479 
 0.285975 -0.646525 0.162386 
 0.186826 -0.461645 0.097267 
 -0.139368 -0.139630 -0.298682 
 -0.030001 0.049863 0.181649 
 0.037014 0.328153 0.109131 
 0.258109 -0.420141 0.082133 
 -0.072138 0.408061 0.074923 
 -0.121528 0.817488 0.015939 
 0.189796 -0.428120 0.097898 
 0.384069 -0.335525 0.061517 
 0.074583 -0.343023 0.234347 
 -0.214928 -0.211166 -0.306815 
 -0.276841 0.120511 0.211980 
 -0.072654 0.123148 0.152766 
 -0.268905 -0.418177 -0.086067 
 -0.208395 0.261644 0.138989 
 -0.187606 -0.428237 -0.101049 
 -0.281463 -0.381269 -0.109923 
 -0.091416 -0.492209 0.011134 
 -0.241869 -0.005630 0.213709 
 0.144667 -0.252012 0.072559 
 0.064913 -0.651460 0.163217 
 -0.264859 0.083592 0.201323 
 0.107199 0.779030 -0.005435 
 -0.195143 -0.494563 -0.068934 
 0.404880 -0.289962 0.041228 
 0.000465 0.164886 0.161367 
 -0.266167 -0.692500 0.106000 
 0.202209 0.380896 0.206014 
 -0.073182 -0.245672 -0.292370 
 -0.303792 -0.149564 -0.281297 
 0.105209 0.078272 -0.181757 
 0.018393 0.595258 0.039851 
 -0.077891 0.901488 -0.047345 
 0.287530 0.000415 -0.219501 
 -0.124508 0.517447 0.070694 
 0.197489 -0.377879 0.100527 
 -0.234494 0.183502 0.205926 
 -0.207232 -0.459338 -0.069710 
 -0.306266 -0.312229 -0.143838 
 0.212477 -0.179700 -0.034864 
 -0.107653 0.529705 0.048720 
 -0.306503 -0.600352 0.045356 
 0.034758 0.308491 0.108819 
 0.086167 -0.620047 0.165599 
 -0.236111 0.449127 0.081623 
 0.223188 0.081152 -0.135961 
 0.066965 0.720174 0.012127 
 -0.117468 -0.224239 -0.296953 
 0.072968 0.488592 0.067710 
 0.212194 0.803067 0.027611 
 0.326687 -0.394956 0.066632 
 -0.164654 0.204221 0.145190 
 0.234730 -0.299137 0.023621 
 0.295394 0.051335 -0.184132 
 -0.132548 -0.206019 -0.298298 
 0.117965 0.874496 -0.038593 
 0.153231 -0.611439 0.137693 
 -0.151455 -0.417080 -0.062543 
 -0.195005 -0.343918 -0.159142 
 -0.102389 -0.439862 -0.011612 
 0.329213 0.047003 -0.181382 
 -0.289865 -0.167878 -0.280179 
 -0.043476 -0.152145 -0.277412 
 -0.241968 -0.058010 -0.241204 
 0.017792 0.298389 0.139350 
 0.122347 0.332892 0.118026 
 -0.005571 0.008083 -0.238333 
 -0.020978 0.403333 0.102712 
 -0.364434 -0.388411 -0.038895 
 -0.196440 -0.664251 0.056474 
 -0.028107 0.884802 0.003177 
 0.121631 -0.125523 -0.271521 
 0.084493 0.717756 0.013835 
 -0.234553 -0.405661 -0.105198 
 -0.361199 -0.647894 0.164671 
 0.106538 0.765262 0.016484 
 -0.016917 -0.623746 0.153819 
 0.007411 0.910323 -0.015699 
 0.398433 -0.354378 0.063172 
 0.027825 -0.423339 0.184214 
 0.202473 -0.134642 -0.251857 
 0.141689 -0.575798 0.148994 
 0.090611 -0.586322 0.166255 
 -0.052460 -0.218790 -0.278655 
 -0.112045 0.629800 0.027225 
 0.096683 0.402353 0.092992 
 -0.010143 0.499690 0.059841 
 0.016177 0.844343 0.007608 
 0.127930 0.663991 0.040868 
 -0.242665 -0.174622 -0.309472 
 -0.033759 -0.621489 0.154547 
 0.037926 0.161674 0.187743 
 0.163853 0.034508 -0.232331 
 -0.093075 -0.682798 0.146713 
 -0.387777 -0.573009 0.060035 
 0.082197 -0.291956 0.234939 
 -0.328072 -0.652977 0.145354 
 0.206988 -0.430353 0.099615 
 -0.145584 0.218862 0.144454 
 0.143453 -0.285522 0.116591 
 -0.075523 0.376438 0.097788 
 -0.052160 0.275241 0.156450 
 -0.172124 -0.265619 -0.266556 
 -0.114936 -0.077112 -0.284374 
 0.114812 0.042590 -0.202933 
 -0.177195 -0.167469 -0.302606 
 0.338432 -0.431046 0.067683 
 0.213178 -0.195554 -0.000773 
 -0.087732 -0.113125 -0.281723 
 0.198966 -0.192932 0.020115 
 0.092353 -0.089874 -0.296222 
 -0.046442 0.752007 -0.000387 
 -0.240751 -0.305086 -0.219048 
 -0.216849 -0.698316 0.075247 
 0.036527 0.161698 0.187725 
 -0.391253 -0.608154 0.117666 
 -0.097763 0.193822 0.128502 
 0.076020 -0.567364 0.164826 
 -0.150459 0.049718 0.190627 
 0.018869 0.055475 -0.214516 
 0.113352 0.400483 0.094700 
 -0.173972 0.671815 0.020711 
 0.254519 0.178208 -0.108166 
 0.167598 -0.373498 0.118411 
 0.078568 -0.430096 0.188655 
 -0.205964 -0.277359 -0.259714 
 0.108057 0.925725 -0.039315 
 -0.304937 -0.446601 -0.031690 
 0.216412 -0.636518 0.122075 
 -0.020481 -0.399658 0.177077 
 -0.033354 0.851616 0.002453 
 -0.018856 0.133767 0.181879 
 -0.027281 -0.312670 0.178505 
 -0.013815 -0.348824 0.179461 
 0.182617 0.378427 0.147106 
 -0.182370 0.339441 0.085667 
 0.282750 -0.322358 0.029497 
 -0.052985 0.001270 0.177524 
 0.089527 -0.224554 0.190883 
 -0.057015 0.391012 0.099823 
 -0.124287 0.531930 0.048066 
 -0.270763 -0.432313 -0.074995 
 0.206473 -0.430345 0.099608 
 0.249287 -0.658524 0.147678 
 0.076917 0.667391 0.012859 
 -0.011085 0.499705 0.059747 
 -0.196915 0.748563 0.064231 
 -0.054676 -0.014493 0.200054 
 0.186609 0.441697 0.102666 
 0.254041 -0.608238 0.126157 
 -0.196956 0.746486 0.064655 
 -0.117068 0.856325 -0.051675 
 0.295342 -0.175927 -0.049074 
 -0.113282 -0.387794 -0.036572 
 0.102806 0.210925 0.045827 
 -0.223329 0.549158 0.060738 
 0.298509 0.122593 -0.081142 
 0.080783 0.418988 0.068697 
 0.174214 -0.099829 -0.265973 
 -0.348026 -0.526635 0.018879 
 -0.229619 -0.193195 -0.308152 
 0.061993 0.686786 0.011477 
 -0.072665 0.123152 0.153640 
 0.044722 0.807393 0.010347 
 -0.015262 -0.057745 -0.273629 
 -0.296253 0.106816 0.209902 
 -0.299249 -0.688874 0.125353 
 -0.013367 -0.452467 0.156452 
 0.144423 -0.062803 -0.291570 
 -0.379046 -0.504093 0.015785 
 -0.078902 0.624612 0.030630 
 -0.022240 0.116422 0.159538 
 -0.066705 -0.599207 0.114884 
 -0.250732 -0.555541 -0.005421 
 0.151332 -0.354446 0.116974 
 0.388343 -0.269428 0.016734 
 0.070722 0.172794 0.168595 
 0.166379 -0.646615 0.150975 
 -0.124700 0.663829 0.014741 
 -0.088981 -0.340266 -0.010172 
 0.270626 -0.286431 0.027338 
 0.279874 -0.525241 0.105879 
 0.164233 0.051241 -0.217985 
 0.372956 -0.435496 0.071103 
 0.166491 -0.511324 0.140420 
 0.087487 0.199332 0.090809 
 -0.119733 -0.108408 -0.285009 
 -0.228765 -0.644956 0.053375 
 0.054160 -0.133766 -0.301294 
 0.183113 0.152854 -0.139623 
 0.322911 -0.260638 0.010107 
 0.289694 0.088808 -0.127725 
 0.016687 -0.387272 0.205291 
 0.008202 0.080420 0.184343 
 -0.206064 0.006434 0.207284 
 -0.254744 -0.270669 -0.242911 
 0.142911 -0.696025 0.150582 
 -0.210637 0.244751 0.140159 
 0.016442 -0.490766 0.159254 
 0.191581 -0.394576 0.098514 
 -0.123190 -0.623584 0.064292 
 0.180091 0.833045 -0.021019 
 -0.100577 0.176972 0.127742 
 0.127677 -0.282828 0.114886 
 0.181901 0.239820 -0.081150 
 -0.172119 0.421410 0.064832 
 0.294726 -0.374406 0.051451 
 0.010969 -0.225025 -0.272106 
 -0.206497 -0.147137 -0.304267 
 0.251909 -0.301349 0.026093 
 0.062149 0.818740 -0.010676 
 -0.230634 0.216101 0.183081 
 0.011155 0.005928 -0.236416 
 0.108240 0.352008 0.116642 
 0.073955 -0.343013 0.234339 
 -0.306654 -0.463239 -0.010612 
 0.181922 0.240448 -0.081994 
 -0.142389 -0.333889 -0.095215 
 -0.092791 0.627375 0.028961 
 0.069493 -0.497868 0.186688 
 -0.145613 0.634008 0.012390 
 -0.062645 -0.166344 -0.289895 
 -0.000997 0.146472 0.161056 
 0.266756 -0.489204 0.082553 
 -0.141394 -0.020240 0.191056 
 -0.037770 -0.017052 0.200773 
 -0.078733 -0.528350 0.023957 
 0.098118 0.131075 -0.147365 
 0.122334 -0.009548 -0.236603 
 0.045272 -0.666508 0.161159 
 -0.018007 0.847859 -0.018684 
 0.128051 -0.694646 0.169468 
 -0.012352 0.482987 0.060475 
 -0.154780 -0.251938 -0.290557 
 0.033285 -0.177926 -0.280974 
 0.174686 -0.304903 0.119685 
 0.273936 0.090977 -0.127049 
 0.272708 -0.254028 0.005027 
 0.020690 -0.456963 0.159907 
 -0.040850 0.916901 -0.020755 
 -0.111550 0.764676 0.016674 
 0.028123 -0.681983 0.181704 
 0.018891 -0.250164 0.229065 
 -0.221467 0.429389 0.083016 
 -0.108514 0.110515 0.149716 
 0.039730 0.641774 0.031714 
 -0.148970 0.334999 0.089955 
 0.020645 0.329469 0.107425 
 0.118227 0.161261 -0.145072 
 0.160700 0.538549 0.023065 
 -0.197564 0.210152 0.164478 
 0.056048 0.637104 0.010518 
 0.206139 -0.584456 0.121338 
 0.065205 0.703370 0.011812 
 -0.220058 -0.576600 -0.002349 
 0.116393 0.058794 -0.202625 
 0.078899 0.816537 -0.008854 
 0.116084 0.145220 -0.145190 
 0.374218 -0.418814 0.071557 
 0.186535 -0.459284 0.097251 
 0.313890 -0.160548 -0.047081 
 0.264778 -0.336771 0.026384 
 -0.329594 -0.511709 -0.001881 
 0.028348 0.809591 0.007654 
 0.028024 0.245585 0.141848 
 0.142897 0.804927 -0.025034 
 0.068560 0.455182 0.068175 
 -0.273132 -0.302023 -0.210956 
 -0.367976 -0.286674 -0.095608 
 -0.130053 -0.520659 -0.015415 
 0.261363 -0.202574 -0.018646 
 -0.107159 0.798744 0.017315 
 0.184490 -0.632737 0.142624 
 -0.134999 -0.418566 -0.062025 
 -0.068282 0.292730 0.131240 
 0.382507 -0.169182 -0.040324 
 -0.112232 -0.678763 0.087879 
 0.041596 -0.338446 0.230882 
 -0.053019 -0.481036 0.095204 
 0.318573 -0.018680 -0.205002 
 0.292563 -0.066160 -0.242085 
 0.101423 -0.155473 -0.273785 
 -0.182127 0.339441 0.086529 
 -0.372466 -0.319497 -0.063670 
 -0.141415 -0.020491 0.192395 
 0.254112 -0.284165 0.025644 
 -0.207066 0.276934 0.117755 
 -0.163127 0.632437 -0.012156 
 0.024298 -0.028297 -0.212756 
 0.192884 0.101790 -0.137819 
 -0.216022 -0.390960 -0.102828 
 0.218352 -0.449083 0.078047 
 -0.233888 -0.240934 -0.274841 
 0.135844 0.595961 0.041273 
 0.117927 0.872259 -0.038582 
 0.149389 -0.160858 -0.268870 
 0.176736 0.206709 -0.093257 
 -0.015668 -0.623761 0.154938 
 -0.326205 -0.634041 0.122460 
 -0.103221 0.296393 0.117294 
 -0.168294 -0.415192 -0.075644 
 0.237228 -0.605157 0.124436 
 0.109482 -0.206923 -0.295993 
 0.222844 -0.586685 0.123053 
 -0.271310 -0.586907 0.003637 
 0.055192 -0.133710 -0.301281 
 0.056289 -0.358111 0.232291 
 -0.108472 -0.143878 -0.295155 
 0.199631 0.850835 0.003926 
 0.280666 -0.032299 -0.254575 
 0.287130 -0.289162 0.029083 
 0.257779 -0.124689 -0.189216 
 0.285023 0.070789 -0.162904 
 0.100757 -0.639454 0.166634 
 -0.270804 -0.434038 -0.074023 
 0.099498 -0.518993 0.167567 
 0.285041 0.070782 -0.164280 
 0.374017 -0.234372 -0.007169 
 0.176623 -0.563168 0.140274 
 0.318701 -0.669362 0.212344 
 -0.234177 -0.240924 -0.273771 
 -0.148812 0.471807 0.067984 
 -0.153984 -0.235822 -0.289161 
 0.170416 0.740056 0.022939 
 -0.291786 0.139949 0.210568 
 -0.139400 -0.253758 -0.264986 
 0.301137 -0.666364 0.187679 
 0.022109 -0.456988 0.159822 
 0.208526 -0.072733 -0.285016 
 -0.000073 -0.384980 0.180680 
 -0.177212 0.104221 0.165324 
 0.191208 -0.701465 0.119063 
 -0.295978 -0.653354 0.069020 
 -0.038887 -0.516619 0.119139 
 0.023273 0.087870 -0.212212 
 -0.149357 0.049698 0.190452 
 -0.209177 0.393692 0.084077 
 -0.005884 -0.419424 0.180008 
 0.289669 -0.595055 0.130374 
 -0.029296 -0.587696 0.153811 
 0.244385 -0.168292 -0.077069 
 0.029822 -0.195673 -0.306553 
 0.000876 0.580789 0.038503 
 0.041491 -0.580327 0.183761 
 0.075403 -0.002643 -0.227920 
 -0.083210 0.458440 0.051512 
 0.041484 -0.580581 0.183966 
 -0.341360 -0.340392 -0.036407 
 0.306386 -0.597289 0.131282 
 -0.001208 0.284322 0.139057 
 0.266257 -0.319698 0.026695 
 0.050402 -0.270400 0.232202 
 -0.008617 0.648383 0.026635 
 0.357152 0.010321 -0.176954 
 0.001009 0.301119 0.139384 
 -0.011586 -0.331881 0.179863 
 0.080507 0.271190 0.113296 
 0.237356 -0.605161 0.123969 
 -0.106850 -0.456427 -0.012458 
 -0.023224 0.116434 0.158655 
 0.158220 -0.083139 -0.290234 
 -0.269660 -0.268170 -0.244550 
 0.195703 -0.514100 0.097986 
 0.145863 -0.219138 0.037661 
 0.004195 -0.158830 -0.283926 
 -0.126779 0.232011 0.125717 
 -0.250161 0.064495 0.203057 
 0.136163 -0.352181 0.140331 
 0.189462 -0.581683 0.118045 
 -0.320366 -0.293684 -0.148796 
 -0.010528 0.912546 -0.017408 
 0.186825 -0.308778 0.075533 
 0.032053 0.021950 -0.189395 
 0.062914 0.016644 -0.208122 
 -0.056281 0.671661 0.021713 
 -0.188393 -0.428221 -0.100492 
 -0.059353 0.223073 0.155467 
 -0.193525 0.392073 0.085775 
 0.083679 0.151058 -0.148725 
 0.108131 0.095105 -0.171004 
 0.202132 -0.152106 -0.229217 
 0.021610 -0.144886 -0.281983 
 0.292811 0.034117 -0.207395 
 0.164279 0.051223 -0.221516 
 -0.092970 -0.045943 0.195938 
 -0.343452 -0.207812 -0.229084 
 0.065295 -0.651869 0.163224 
 0.376629 -0.402155 0.071740 
 0.054328 0.068512 -0.186322 
 -0.402528 -0.416907 -0.020169 
 0.086232 0.601836 0.036181 
 0.091571 0.784187 0.015103 
 -0.128119 0.765930 0.014785 
 -0.137269 0.567576 0.047079 
 -0.007686 0.220206 0.183514 
 0.114713 0.217842 -0.065558 
 0.172347 0.901064 -0.021422 
 -0.100446 -0.094623 -0.260188 
 0.015221 0.709090 0.006727 
 0.131990 0.561910 0.040637 
 0.404908 -0.288304 0.041220 
 0.225475 -0.552065 0.100419 
 0.060481 -0.684432 0.162557 
 0.229543 -0.183936 -0.033162 
 -0.265884 -0.692881 0.106006 
 -0.183718 -0.097992 -0.291587 
 -0.093184 -0.044246 0.195926 
 0.183075 0.151492 -0.138411 
 -0.196308 0.089304 0.164009 
 -0.172966 0.001003 0.188604 
 -0.124308 0.799227 0.015618 
 0.009082 -0.558391 0.157963 
 -0.137830 0.818067 0.014252 
 0.154509 0.000299 -0.267386 
 -0.104557 -0.455954 -0.012432 
 -0.289534 0.156873 0.210008 
 -0.083560 -0.196336 -0.293080 
 -0.415962 -0.396502 -0.021542 
 0.092814 -0.569601 0.167918 
 -0.286668 -0.567756 -0.009948 
 -0.095463 0.494086 0.052627 
 -0.011940 0.335709 0.127803 
 0.140041 -0.592665 0.148527 
 0.358136 -0.232257 -0.008846 
 -0.141390 -0.020501 0.190421 
 -0.034290 -0.202542 -0.277651 
 0.315399 -0.512631 0.110289 
 0.346638 -0.148865 -0.066704 
 0.119167 0.433821 0.095369 
 -0.099661 0.040009 0.172996 
 -0.079360 0.070759 0.152518 
 -0.107821 -0.644510 0.089908 
 0.291483 -0.256865 0.029684 
 -0.301175 -0.263854 -0.214160 
 -0.274366 -0.300666 -0.210979 
 -0.130746 0.199724 0.147908 
 -0.176270 -0.030946 0.221509 
 0.328091 -0.179235 -0.045721 
 -0.068607 0.575408 0.054225 
 0.021500 -0.145311 -0.281983 
 -0.269643 -0.268547 -0.246372 
 0.005955 0.062412 0.184019 
 0.101833 -0.502011 0.167896 
 -0.160343 -0.331912 -0.155030 
 -0.285468 0.204480 0.154845 
 -0.133358 0.045214 0.169533 
 0.153408 0.070642 -0.198971 
 -0.295671 -0.363591 -0.112032 
 -0.321913 -0.309867 -0.114336 
 -0.212448 0.094520 0.184357 
 -0.205945 -0.277366 -0.261205 
 -0.353952 -0.576442 0.063463 
 0.010983 -0.421094 0.181503 
 -0.159884 -0.300733 -0.256127 
 -0.004579 0.681676 0.027276 
 -0.022456 0.116421 0.158665 
 -0.222463 -0.145009 -0.307173 
 0.244271 -0.044942 -0.282233 
 -0.103523 0.837620 -0.051986 
 -0.071857 0.408060 0.075572 
 0.213211 -0.516463 0.099707 
 0.152542 0.887324 -0.023446 
 -0.022584 -0.519679 0.132281 
 -0.159580 0.788485 0.023319 
 -0.265976 -0.236478 -0.266464 
 0.032764 -0.064161 -0.269813 
 0.096692 0.402890 0.092989 
 0.162056 -0.180135 -0.267552 
 0.025181 0.643951 0.030041 
 0.384115 -0.335526 0.061540 
 -0.000176 -0.190632 -0.273117 
 -0.037947 0.818418 0.001874 
 -0.054213 0.821963 0.000176 
 0.145617 0.543068 0.042004 
 -0.075215 0.921324 -0.023733 
 0.217381 -0.008645 -0.283767 
 0.329364 -0.531903 0.111668 
 -0.289871 -0.167835 -0.279683 
 0.315110 -0.128400 -0.080990 
 -0.020876 -0.519708 0.132303 
 -0.115940 0.730432 0.015765 
 0.304956 -0.631904 0.164863 
 0.060423 0.670824 0.011159 
 -0.175345 -0.031746 0.221525 
 -0.047633 0.606605 0.056577 
 0.165195 -0.164086 -0.267227 
 0.112371 0.958242 -0.037403 
 0.222447 -0.431456 0.078390 
 0.116322 -0.520477 0.169289 
 -0.202496 -0.561645 -0.023157 
 -0.246697 -0.659497 0.051352 
 -0.225225 -0.008339 0.203814 
 0.200386 0.254361 -0.079158 
 0.095653 0.684151 0.014864 
 0.315193 -0.112667 -0.104205 
 0.064624 -0.183906 -0.300581 
 -0.358589 -0.338174 -0.037940 
 -0.062994 0.752700 -0.001098 
 0.191861 -0.291911 0.098904 
 -0.176270 -0.030926 0.221509 
 -0.154498 0.555413 0.067661 
 0.017944 -0.628902 0.181616 
 -0.190500 -0.149276 -0.303665 
 -0.063663 0.056098 0.176765 
 -0.171944 -0.600185 0.013842 
 -0.263844 -0.220329 -0.266830 
 -0.020982 0.010219 -0.239655 
 -0.106749 -0.473070 -0.012751 
 0.313958 -0.144492 -0.067414 
 -0.199765 -0.098596 -0.293458 
 -0.155803 -0.267776 -0.266922 
 -0.051420 0.153918 0.155878 
 -0.223669 0.413310 0.083076 
 -0.236341 -0.127293 -0.308533 
 -0.212057 -0.492354 -0.069211 
 -0.292308 0.139837 0.210562 
 -0.186142 0.707348 0.017768 
 -0.247898 0.081331 0.203388 
 0.207528 0.200126 -0.112854 
 0.010431 0.097436 0.184671 
 0.263222 -0.523021 0.103279 
 -0.126172 0.112999 0.147979 
 -0.037936 0.119208 0.179821 
 0.308301 0.086602 -0.126030 
 0.117083 0.580621 0.039256 
 -0.096674 0.343362 0.095430 
 0.100458 0.715561 0.015523 
 -0.162610 0.083644 0.166731 
 0.052347 0.323267 0.087881 
 -0.171516 0.288595 0.110105 
 0.079336 0.030716 -0.206568 
 -0.188389 0.689135 0.019698 
 0.333597 -0.098283 -0.101566 
 -0.207378 -0.294716 -0.238244 
 -0.042096 0.371975 0.100010 
 -0.041795 -0.413476 0.130812 
 0.054840 0.755374 0.009036 
 -0.238662 0.150083 0.215958 
 0.178863 0.950611 -0.020461 
 -0.069948 0.424558 0.075895 
 0.083901 0.995068 -0.041397 
 -0.012331 0.483471 0.059433 
 0.001801 0.597477 0.039171 
 -0.132284 0.331621 0.091674 
 0.008680 0.514176 0.061483 
 -0.145619 0.633655 0.012392 
 0.029311 -0.195653 -0.304180 
 -0.028216 -0.570055 0.131313 
 -0.016920 -0.623744 0.154052 
 -0.087608 0.425026 0.051103 
 0.315302 -0.081447 -0.148801 
 0.091677 0.097277 -0.170919 
 0.106180 -0.108024 -0.294505 
 0.050151 0.306513 0.087061 
 0.024368 0.776388 0.008017 
 0.154476 -0.001657 -0.267376 
 0.058572 0.509607 0.066895 
 0.182258 0.849245 -0.020697 
 -0.159166 -0.619683 0.038022 
 -0.229372 0.095249 0.182631 
 0.162179 -0.681423 0.150329 
 -0.341355 -0.340394 -0.036827 
 0.093803 0.943935 -0.040113 
 -0.156019 -0.265824 -0.266935 
 -0.190970 -0.295491 -0.236594 
 0.352470 -0.297969 0.035804 
 -0.119730 -0.108190 -0.285010 
 0.078617 0.404137 0.068364 
 -0.112956 -0.387795 -0.035680 
 -0.039574 0.403629 0.078979 
 -0.268140 0.186631 0.179088 
 -0.181545 -0.530647 -0.020319 
 -0.323216 -0.461261 -0.012250 
 -0.058943 0.104021 0.154879 
 -0.240336 0.267708 0.159651 
 0.211200 -0.228338 0.021530 
 0.169787 -0.613668 0.140173 
 0.234442 -0.621940 0.124103 
 -0.254450 -0.140733 -0.308785 
 0.092637 0.190226 0.216572 
 -0.125455 -0.487458 -0.014043 
 -0.166602 0.067887 0.166375 
 -0.234135 -0.540621 -0.026233 
 0.113704 0.842156 -0.027772 
 0.315083 -0.144523 -0.069718 
 -0.011608 -0.333151 0.179926 
 0.157679 0.478964 0.099748 
 -0.128795 0.216627 0.148002 
 0.071342 0.471877 0.067970 
 0.089421 0.182979 -0.125168 
 -0.124531 0.112972 0.148001 
 0.086016 -0.139496 -0.298016 
 -0.002506 0.830605 0.005248 
 -0.135745 -0.106788 -0.286649 
 0.018985 0.298377 0.141123 
 0.072005 0.352859 0.067398 
 -0.008703 0.367521 0.104802 
 0.063720 0.555293 0.044967 
 -0.257671 -0.605767 0.006213 
 0.182261 -0.651264 0.141249 
 -0.415988 -0.398068 -0.021591 
 0.056315 -0.356528 0.232284 
 -0.041138 0.520816 0.052966 
 0.305575 0.086648 -0.126065 
 0.004434 0.480760 0.061143 
 0.083898 0.994914 -0.041396 
 -0.159188 0.252574 0.110386 
 0.230928 -0.348890 0.057066 
 -0.020359 -0.220763 -0.275382 
 -0.277177 -0.070663 -0.266901 
 -0.002796 0.024228 -0.237200 
 -0.152151 0.303079 0.112156 
 -0.047260 -0.053024 -0.277191 
 -0.293522 -0.347451 -0.110959 
 -0.341352 -0.339785 -0.036240 
 -0.076494 -0.148152 -0.292882 
 -0.292506 -0.330798 -0.144851 
 0.336669 -0.295774 0.034460 
 -0.041360 0.653669 0.034679 
 -0.173124 -0.016020 0.187617 
 -0.147833 0.201940 0.146179 
 -0.194716 0.765385 0.064970 
 0.048310 0.574188 0.043576 
 -0.097657 0.477376 0.052018 
 0.315780 -0.327513 0.031784 
 -0.279546 0.103898 0.200236 
 -0.237427 -0.272847 -0.242642 
 0.085665 0.318386 0.091369 
 0.108052 0.925416 -0.039313 
 0.328511 -0.146653 -0.068080 
 -0.234685 0.331112 0.103877 
 0.339182 -0.689443 0.236754 
 -0.348013 -0.525885 0.018875 
 -0.172762 0.137879 0.166213 
 -0.062008 0.898695 -0.045663 
 0.367491 -0.333306 0.061463 
 0.052626 -0.495612 0.185915 
 -0.408029 -0.604887 0.114586 
 -0.087273 0.824519 -0.003204 
 0.075425 -0.002959 -0.230079 
 0.261158 -0.204029 -0.018641 
 0.232878 -0.332278 0.045200 
 -0.241084 -0.305546 -0.219050 
 0.085266 -0.258166 0.211698 
 0.135602 -0.369054 0.137895 
 0.204459 0.082169 -0.159308 
 0.309434 -0.210144 -0.025071 
 -0.005985 0.667518 0.038396 
 -0.136778 0.833362 -0.008298 
 -0.261205 -0.640521 0.049966 
 -0.000850 0.283774 0.139065 
 0.257259 -0.219057 -0.018990 
 0.128123 -0.677711 0.169768 
 -0.209441 0.528597 0.062124 
 -0.227200 0.514053 0.060103 
 0.148510 0.140264 -0.142059 
 -0.385688 -0.555724 0.037588 
 -0.055888 0.118743 0.155229 
 0.116104 0.282509 0.117488 
 -0.180774 0.605124 0.019800 
 0.228513 0.041180 -0.213982 
 0.156056 0.088039 -0.175740 
 -0.110328 0.646306 0.027543 
 0.216585 -0.009055 -0.283775 
 -0.161404 0.760157 0.068393 
 -0.146771 -0.187622 -0.299631 
 0.041184 0.935720 -0.034615 
 0.081906 -0.169998 -0.298644 
 -0.313575 -0.378644 -0.079079 
 -0.007712 0.382421 0.083211 
 0.198599 -0.019217 -0.285740 
 0.312595 -0.192871 -0.024741 
 0.042637 0.789073 0.010036 
 0.258783 -0.093365 -0.224088 
 -0.230883 -0.207363 -0.308463 
 -0.103263 0.429633 0.072473 
 0.052634 -0.495370 0.185607 
 -0.391230 -0.608163 0.115857 
 0.243883 -0.537531 0.102795 
 -0.275977 -0.001092 0.211401 
 -0.200585 0.326717 0.107321 
 -0.243774 -0.335752 -0.162651 
 -0.091341 0.393545 0.073530 
 -0.306532 -0.602026 0.045499 
 0.271751 -0.254012 0.005015 
 -0.046067 -0.184348 -0.278015 
 0.140886 0.494217 0.052513 
 -0.097214 0.743876 0.018058 
 0.170651 0.309804 0.122846 
 0.278580 -0.559260 0.128859 
 0.120486 -0.607371 0.146473 
 0.231608 -0.348907 0.055862 
 0.229025 -0.382284 0.079239 
 -0.138786 0.416958 0.067777 
 -0.076503 -0.148148 -0.292115 
 0.057110 -0.460286 0.186259 
 -0.125310 0.112980 0.147118 
 -0.328960 -0.651655 0.145336 
 -0.080639 0.742655 0.019618 
 0.154469 0.174976 -0.118498 
 0.108306 -0.092007 -0.295614 
 0.075656 0.784075 0.013428 
 0.197492 -0.378950 0.098892 
 0.343701 -0.181198 -0.044052 
 -0.194891 -0.065235 -0.258346 
 -0.302713 -0.428578 -0.032770 
 0.262427 -0.557040 0.127152 
 -0.281480 -0.382222 -0.109825 
 -0.241437 0.267727 0.159880 
 -0.013062 0.031634 0.204526 
 0.241259 -0.417922 0.079654 
 -0.036403 0.686075 0.023895 
 -0.021003 0.682526 0.025586 
 -0.231866 0.347936 0.104058 
 0.057797 -0.101636 -0.300680 
 0.142956 -0.695103 0.148275 
 0.329336 -0.378853 0.066964 
 0.102802 0.210926 0.046150 
 0.165079 0.226107 -0.060204 
 0.033529 -0.511423 0.183555 
 0.088380 -0.603405 0.166359 
 -0.071110 -0.232087 -0.292047 
 0.170642 0.309402 0.123000 
 0.000905 0.728797 0.005359 
 -0.015452 -0.486010 0.132970 
 0.127556 -0.191485 -0.294053 
 0.229125 -0.672341 0.123143 
 0.059168 0.788590 0.012731 
 0.127541 -0.192405 -0.294090 
 -0.017980 0.286320 0.137338 
 -0.172605 -0.446544 -0.076292 
 -0.113017 0.498522 0.072040 
 -0.181669 0.070304 0.164667 
 -0.222697 0.145914 0.185386 
 -0.104589 -0.456455 -0.010573 
 0.082207 -0.291049 0.235346 
 -0.198354 0.478254 0.085701 
 -0.241364 0.267725 0.159637 
 0.119288 0.597411 0.038524 
 0.367500 -0.334035 0.059845 
 0.214067 -0.179727 -0.034844 
 -0.088837 0.544936 0.051877 
 0.065242 0.571692 0.033831 
 0.005892 -0.026360 -0.237315 
 0.304955 -0.631554 0.165398 
 -0.103735 -0.111418 -0.284000 
 0.130526 0.839957 -0.026081 
 0.076440 0.799984 -0.009073 
 -0.397233 -0.383638 -0.020281 
 0.011153 0.005929 -0.236290 
 -0.270047 0.171657 0.212974 
 -0.313548 -0.377923 -0.080275 
 0.094056 0.112519 -0.170595 
 0.313995 -0.144507 -0.070286 
 0.261626 -0.369991 0.047042 
 0.242760 -0.571589 0.125102 
 0.284382 0.142499 -0.082224 
 0.085247 -0.258158 0.213177 
 0.011250 -0.680602 0.180269 
 -0.044290 0.767517 0.000916 
 0.000823 -0.174876 -0.284253 
 0.008209 0.080836 0.184341 
 0.237908 0.180386 -0.109434 
 0.118303 0.299305 0.118578 
 -0.128496 -0.368950 -0.059900 
 -0.396892 -0.660374 0.160879 
 0.138867 0.465119 0.097711 
 0.172038 -0.442665 0.095650 
 0.035323 0.459618 0.064399 
 -0.231361 -0.679287 0.075060 
 -0.250917 -0.403042 -0.106485 
 0.111794 0.024174 -0.226151 
 0.021130 -0.354741 0.205939 
 0.142728 -0.079468 -0.268962 
 0.138657 -0.472298 0.137648 
 -0.083810 0.174887 0.129888 
 0.105982 0.748743 0.016182 
 -0.222480 -0.145002 -0.305799 
 0.169982 -0.612894 0.140172 
 0.153287 0.446276 0.099095 
 0.369256 -0.024229 -0.177101 
 -0.372472 -0.319494 -0.063180 
 0.160036 0.819074 -0.023045 
 0.338032 -0.688198 0.236733 
 0.386427 -0.454364 0.071447 
 0.198118 -0.168098 -0.252476 
 -0.109873 0.512478 0.049529 
 0.158867 -0.082377 -0.290230 
 -0.237617 -0.038168 -0.160276 
 -0.346847 -0.670096 0.166086 
 -0.240879 -0.471757 -0.049433 
 0.113123 -0.675498 0.167750 
 -0.092889 -0.276331 -0.283201 
 -0.108535 0.110750 0.151671 
 0.232816 -0.655573 0.123488 
 -0.170737 0.017189 0.188252 
 0.201812 0.365782 0.228770 
 0.260681 0.038766 -0.210694 
 -0.142917 -0.301938 -0.231278 
 0.231059 -0.165396 -0.032861 
 -0.002006 -0.384948 0.180655 
 -0.414389 -0.658106 0.159476 
 0.113102 -0.676491 0.168071 
 0.153606 -0.129227 -0.268245 
 0.030372 -0.663605 0.182315 
 0.010237 0.662815 0.028658 
 -0.151127 0.850445 -0.010518 
 -0.004468 0.250406 0.161296 
 0.390047 -0.220278 -0.016675 
 -0.288189 -0.048697 -0.165590 
 -0.045531 -0.567187 0.118159 
 -0.149645 -0.088915 -0.287616 
 0.382835 -0.027257 -0.197691 
 -0.260808 -0.072810 -0.264494 
 0.216671 -0.363367 0.100925 
 0.104454 0.893889 -0.027550 
 -0.168270 -0.414107 -0.076140 
 0.001812 0.597819 0.038808 
 -0.104051 0.010049 0.172319 
 0.086524 0.318803 0.091378 
 -0.169082 0.170415 0.143211 
 0.175198 -0.289776 0.097092 
 -0.072129 0.541978 0.053587 
 -0.200581 0.326627 0.106924 
 -0.097658 0.476253 0.050590 
 0.083953 0.452981 0.069328 
 -0.161946 0.236517 0.122254 
 -0.278362 -0.501171 -0.007864 
 0.275538 -0.064418 -0.255210 
 -0.142924 0.115243 0.146255 
 0.157710 0.480813 0.099739 
 -0.259277 -0.622688 0.027486 
 0.341305 0.012462 -0.179778 
 -0.370705 -0.437982 -0.016401 
 -0.178722 -0.182463 -0.302916 
 0.058884 0.100981 -0.186203 
 -0.095787 -0.525498 0.010018 
 -0.023403 -0.416582 0.178267 
 -0.035039 0.015981 0.179567 
 -0.155206 -0.432855 -0.062886 
 0.124242 -0.590399 0.169703 
 -0.145741 0.082553 0.168891 
 -0.009920 0.202866 0.183187 
 0.181939 -0.206918 0.043360 
 -0.100152 -0.557372 0.010176 
 0.107142 -0.330417 0.169446 
 0.031733 0.128579 0.187060 
 -0.353541 -0.305285 -0.082851 
 -0.123205 -0.624495 0.064296 
 -0.261190 -0.072807 -0.265253 
 -0.118362 -0.093178 -0.284703 
 0.125330 0.197042 -0.098598 
 -0.140287 0.802272 0.013921 
 0.006771 0.497466 0.061468 
 0.148952 0.695071 0.044170 
 0.027168 -0.011459 -0.212436 
 0.140888 0.922241 -0.035952 
 -0.101874 -0.575700 0.020937 
 -0.261716 -0.203667 -0.266108 
 0.083298 0.995615 -0.041408 
 -0.046641 0.882669 -0.021409 
 0.184731 0.410145 0.124813 
 -0.165090 0.051936 0.188923 
 0.122412 0.614043 0.039913 
 0.174520 0.918143 -0.020547 
 0.117808 -0.366795 0.147607 
 0.051671 0.157183 0.166556 
 0.220206 -0.450728 0.078079 
 0.124953 0.006379 -0.236282 
 0.139992 0.003452 -0.257556 
 -0.035786 0.835019 0.002196 
 -0.052055 0.837221 0.000717 
 -0.147209 0.752939 0.024375 
 0.324718 -0.228412 -0.012223 
 0.108196 0.351909 0.116642 
 -0.191170 -0.460121 -0.078299 
 -0.372872 -0.453926 -0.017409 
 0.045842 -0.668336 0.161175 
 -0.028098 -0.038226 -0.240922 
 -0.036607 0.420939 0.079311 
 0.075772 0.386141 0.068039 
 0.056259 -0.118229 -0.300981 
 -0.325800 -0.342634 -0.057342 
 -0.164633 0.204906 0.144451 
 0.134313 -0.029157 -0.270000 
 -0.071080 -0.230616 -0.292512 
 -0.234819 -0.557740 -0.003622 
 -0.006086 0.547503 0.037823 
 0.041588 -0.338919 0.230884 
 -0.172869 -0.135336 -0.301982 
 0.319253 -0.018691 -0.205028 
 0.206139 -0.583901 0.122073 
 -0.205115 0.142356 0.162541 
 -0.223393 0.545354 0.060756 
 0.272801 -0.270278 0.027663 
 0.071424 -0.222447 0.189138 
 -0.226790 0.248527 0.159714 
 -0.283149 -0.398764 -0.086088 
 -0.416613 -0.674806 0.158807 
 -0.343602 -0.632462 0.143936 
 0.121480 0.615041 0.039896 
 0.179751 0.362544 0.160351 
 0.006219 0.896787 0.006877 
 0.274910 -0.237471 0.005348 
 -0.087207 0.692763 0.018784 
 0.339775 0.012488 -0.179797 
 0.222890 -0.583945 0.123040 
 0.119520 -0.141620 -0.271833 
 -0.151118 0.168154 0.145538 
 -0.231537 0.482711 0.082436 
 -0.080547 0.056573 0.175044 
 -0.241393 -0.607668 -0.004124 
 -0.074506 0.658672 0.031274 
 0.293046 -0.066165 -0.241586 
 -0.356335 -0.456837 -0.015141 
 -0.081892 0.860387 0.020319 
 -0.038651 -0.294766 0.222861 
 -0.226542 -0.644993 0.053403 
 0.095995 0.266337 0.092105 
 0.119280 0.597692 0.039576 
 0.315659 -0.343329 0.053923 
 0.219453 -0.619739 0.122412 
 0.058130 -0.216045 -0.324118 
 0.023375 -0.577536 0.158277 
 0.186602 0.441699 0.103177 
 0.130312 -0.402746 0.149414 
 -0.098370 0.193474 0.128496 
 -0.260114 0.118253 0.214161 
 -0.034627 0.570971 0.060326 
 0.332043 -0.515155 0.113172 
 -0.004379 -0.221105 -0.273749 
 0.226809 -0.399982 0.079048 
 -0.413828 -0.383133 -0.021202 
 0.090041 0.767569 0.013609 
 0.081706 -0.654102 0.165854 
 0.175913 -0.083755 -0.265294 
 0.082799 -0.396207 0.189309 
 0.018930 -0.370291 0.204841 
 -0.352646 -0.423541 -0.015070 
 -0.067831 0.575394 0.053961 
 0.366958 -0.057548 -0.154736 
 0.387645 -0.269415 0.016852 
 -0.351245 -0.559690 0.018244 
 0.166527 -0.510428 0.138855 
 0.287451 -0.612811 0.129585 
 0.261183 -0.202526 -0.018648 
 0.244748 -0.200377 -0.019965 
 -0.240834 -0.471758 -0.049432 
 0.018369 0.861603 0.008064 
 0.141693 -0.575799 0.148681 
 0.324955 0.015161 -0.181437 
 -0.064610 0.872633 -0.000551 
 -0.209924 -0.341762 -0.159289 
 0.013994 0.561935 0.040469 
 -0.081095 0.608546 0.031200 
 0.357552 -0.249880 0.013810 
 -0.211338 0.377491 0.083749 
 -0.007712 0.219285 0.184346 
 -0.006467 0.098442 0.184733 
 -0.274837 0.136933 0.212311 
 0.168111 0.068512 -0.198050 
 0.146650 -0.219147 0.038558 
 0.075210 0.518248 0.034568 
 0.054134 0.474109 0.066967 
 0.048259 0.705584 0.010451 
 0.041636 0.211081 0.165811 
 0.064344 -0.410911 0.187259 
 0.074203 0.369569 0.067722 
 0.133806 -0.385914 0.149019 
 -0.157737 -0.283803 -0.256527 
 0.055858 -0.478688 0.185950 
 -0.189023 -0.444902 -0.077937 
 0.061567 0.255615 0.111955 
 0.223200 0.182529 -0.111487 
 0.138065 -0.113049 -0.292492 
 -0.075663 0.225282 0.130889 
 -0.401638 -0.417978 -0.020152 
 0.073937 -0.463978 0.188313 
 0.311732 -0.176843 -0.047667 
 0.166785 0.290944 0.099571 
 -0.187785 -0.264940 -0.258795 
 0.090834 0.367964 0.069425 
 -0.250170 0.063945 0.203059 
 0.250542 0.056787 -0.166104 
 -0.037615 -0.103871 -0.276142 
 -0.197965 -0.683741 0.079632 
 0.082877 -0.394796 0.189303 
 -0.309905 -0.635587 0.101821 
 0.024338 0.376080 0.062592 
 -0.163929 -0.071087 -0.302342 
 -0.151152 0.850455 -0.008583 
 -0.018507 -0.382704 0.178930 
 -0.129703 -0.173862 -0.297692 
 -0.356310 -0.455754 -0.015712 
 -0.311630 -0.653700 0.124288 
 -0.204602 -0.578247 -0.023564 
 0.223614 0.024954 -0.249076 
 0.133149 0.989026 -0.037566 
 -0.166076 -0.088026 -0.301036 
 -0.198112 0.478936 0.085701 
 0.013378 0.413689 0.083992 
 -0.110708 0.229330 0.127430 
 -0.016556 0.719941 0.026212 
 -0.292099 -0.331399 -0.144843 
 -0.339918 -0.323979 -0.080573 
 0.395083 -0.171304 -0.038694 
 -0.229288 0.231595 0.160705 
 0.313182 -0.530245 0.109968 
 -0.135757 -0.107139 -0.286178 
 -0.306130 -0.600358 0.045495 
 -0.279289 -0.517836 -0.008170 
 -0.083801 0.175453 0.129885 
 0.202922 -0.151468 -0.229210 
 -0.114210 0.197411 0.149630 
 0.129365 -0.233431 0.047116 
 0.076158 -0.447032 0.189216 
 -0.195037 -0.344654 -0.157634 
 -0.157829 0.667288 0.011348 
 0.136022 -0.488336 0.148756 
 -0.078407 0.902684 -0.047358 
 -0.025519 0.084177 0.180888 
 -0.160380 -0.333301 -0.153977 
 0.172052 -0.441663 0.095872 
 -0.068371 0.156953 0.154147 
 -0.144166 -0.350304 -0.072699 
 -0.247582 -0.521011 -0.027599 
 0.024717 0.363433 0.108071 
 -0.010390 0.632894 0.037756 
 0.127827 0.381363 0.094804 
 0.279108 0.108479 -0.106089 
 -0.119966 0.296934 0.091872 
 -0.086506 -0.596416 0.045521 
 -0.151140 0.850450 -0.009529 
 0.390951 -0.236643 -0.005476 
 -0.070030 0.558687 0.053753 
 -0.017153 -0.487095 0.132954 
 0.044511 0.526441 0.065528 
 -0.078224 -0.049150 -0.257602 
 -0.399738 -0.678410 0.160546 
 -0.014359 0.168443 0.180414 
 0.095103 0.815092 -0.007172 
 -0.118654 0.446223 0.048231 
 0.180367 0.051040 -0.218946 
 0.023203 0.196416 0.163766 
 -0.122131 0.414737 0.070101 
 0.166356 -0.647702 0.151422 
 -0.331470 -0.242954 -0.193868 
 0.129941 -0.677106 0.169788 
 0.062931 0.017336 -0.208514 
 -0.089201 -0.612496 0.068022 
 0.193118 0.932467 -0.018279 
 0.120388 -0.213026 0.138915 
 -0.185440 -0.411788 -0.100931 
 0.127160 0.366901 0.118681 
 -0.368747 -0.557751 0.039300 
 -0.390888 -0.332694 -0.041325 
 -0.087048 -0.458920 0.012120 
 0.065420 -0.167861 -0.300287 
 0.301148 -0.476385 0.086272 
 0.268084 0.144693 -0.084176 
 -0.220356 0.446913 0.083324 
 0.077219 0.223496 0.169586 
 0.126365 -0.192385 -0.294064 
 -0.286723 -0.432030 -0.053736 
 0.209686 0.217417 -0.111998 
 -0.060283 0.104044 0.154862 
 0.081878 -0.534225 0.188411 
 -0.146786 -0.187808 -0.298720 
 -0.163740 -0.688888 0.105238 
 0.018973 0.447172 0.085107 
 -0.138485 -0.452353 -0.038657 
 0.127895 -0.299478 0.137485 
 0.106024 0.335118 0.116735 
 0.024316 -0.027189 -0.212762 
 0.117641 0.058779 -0.202609 
 -0.000174 -0.190724 -0.273355 
 -0.151854 -0.416359 -0.062551 
 -0.150833 0.719601 0.024517 
 0.198756 -0.497365 0.098108 
 -0.174419 -0.465524 -0.065184 
 0.036178 0.161703 0.187614 
 -0.196282 0.090310 0.163263 
 0.131281 -0.175459 -0.270819 
 0.169716 -0.339874 0.119033 
 0.002020 -0.368243 0.203870 
 -0.078708 -0.375622 -0.031990 
 0.029486 0.110879 0.187226 
 -0.145742 0.082143 0.168457 
 -0.241250 -0.607673 -0.004697 
 0.098389 -0.171604 -0.274108 
 0.067044 -0.514803 0.187006 
 -0.066608 0.308744 0.121583 
 0.159410 -0.237978 0.039027 
 -0.079797 -0.164194 -0.292463 
 0.045880 -0.666521 0.160583 
 0.151156 0.711709 0.043419 
 0.016828 -0.062021 -0.270618 
 0.220578 -0.121975 -0.250390 
 -0.097201 0.744868 0.018391 
 -0.249191 -0.539212 -0.005104 
 0.206146 -0.584039 0.121336 
 -0.002810 0.022775 -0.238004 
 0.141847 -0.439791 0.138291 
 0.016174 0.577436 0.040193 
 0.305972 -0.258427 0.009228 
 -0.130022 0.351602 0.091984 
 0.334656 -0.036114 -0.179874 
 -0.338843 -0.442386 -0.013702 
 0.018378 0.461842 0.062518 
 0.013017 0.249361 0.163024 
 0.274768 -0.080116 -0.244036 
 -0.212945 0.227852 0.139606 
 -0.027230 -0.433181 0.130387 
 -0.280256 -0.655043 0.047929 
 0.143646 0.526416 0.040665 
 -0.091030 0.393546 0.074951 
 0.093221 -0.327655 0.213522 
 0.125326 0.092937 -0.167583 
 0.077283 -0.687339 0.164285 
 0.159693 -0.699269 0.150004 
 -0.309325 -0.197309 -0.248249 
 0.193851 -0.548086 0.120995 
 -0.023271 0.102325 0.181210 
 0.355364 -0.281782 0.036137 
 -0.145624 -0.673646 0.083835 
 0.165333 -0.164081 -0.265675 
 0.302491 -0.666385 0.187944 
 -0.289416 -0.298352 -0.189827 
 0.240043 -0.076985 -0.281825 
 -0.055111 -0.232744 -0.289756 
 0.009402 -0.558396 0.157967 
 -0.130009 0.483973 0.071773 
 0.327081 0.031073 -0.181121 
 -0.231826 -0.679277 0.075546 
 -0.040301 0.102937 0.179487 
 0.333208 -0.312355 0.033780 
 -0.045555 -0.568604 0.118166 
 -0.414413 -0.658096 0.161355 
 -0.104661 -0.241974 -0.284218 
 0.046738 0.675017 0.032394 
 -0.048410 0.867244 -0.021731 
 0.388347 -0.269085 0.016860 
 -0.250200 -0.108479 -0.309864 
 0.130062 -0.677743 0.169793 
 -0.211392 -0.341737 -0.159308 
 0.143456 -0.285320 0.116590 
 0.122126 -0.110154 -0.293250 
 -0.098094 0.345111 0.095403 
 0.130357 -0.677748 0.169796 
 -0.117637 -0.093544 -0.284692 
 -0.046587 0.885878 -0.021425 
 -0.350203 -0.257084 -0.195853 
 0.348925 -0.132457 -0.066063 
 0.173099 0.770229 0.000270 
 -0.131993 -0.537265 -0.015964 
 0.201113 0.153047 -0.113814 
 -0.122140 0.414740 0.070754 
 0.109297 0.649552 0.037937 
 0.142274 0.194855 -0.096918 
 -0.054409 0.407236 0.100156 
 -0.014959 -0.244331 0.225077 
 0.139566 0.760778 0.019873 
 -0.015313 0.302868 0.137672 
 0.168919 0.243813 -0.036949 
 -0.262439 -0.503371 -0.006173 
 -0.281815 0.085140 0.199915 
 0.050501 -0.390536 0.208734 
 -0.208603 -0.163206 -0.305083 
 0.063003 -0.427868 0.186942 
 0.109282 0.649558 0.039100 
 -0.194993 -0.648692 0.033527 
 0.131585 -0.522994 0.147005 
 -0.119277 0.846059 -0.006288 
 -0.118706 0.027584 0.170927 
 -0.093954 0.226145 0.129155 
 -0.292686 -0.183717 -0.269101 
 -0.154803 0.419177 0.067029 
 -0.284256 -0.120418 -0.315449 
 -0.193087 -0.165335 -0.304244 
 -0.016198 -0.188580 -0.273511 
 0.168392 -0.017358 -0.266454 
 -0.015687 0.866029 0.004525 
 -0.017385 -0.073831 -0.273455 
 0.324807 0.014619 -0.181436 
 0.061011 0.670166 0.011170 
 0.212361 -0.040674 -0.283204 
 0.046069 0.003556 -0.187994 
 -0.055750 -0.118994 -0.278430 
 0.334271 -0.498415 0.111431 
 0.169422 -0.339869 0.119029 
 0.191648 -0.564880 0.120200 
 0.176967 0.789956 0.023904 
 -0.003297 0.415918 0.083169 
 0.228355 -0.040533 -0.282774 
 -0.372442 -0.592931 0.093127 
 -0.329637 -0.375759 -0.057977 
 -0.020982 0.009934 -0.239971 
 0.039315 0.193859 0.165484 
 0.175215 0.770195 0.000668 
 0.100507 -0.379151 0.168453 
 0.385590 -0.119772 -0.039411 
 -0.197491 0.492877 0.063180 
 -0.027765 0.066802 0.181313 
 -0.022217 0.535321 0.058704 
 0.275313 -0.422369 0.083846 
 -0.117105 0.163658 0.148993 
 -0.172285 -0.600180 0.013838 
 0.070886 0.898283 -0.031869 
 -0.236704 -0.438356 -0.083004 
 -0.100933 -0.209955 -0.295024 
 -0.038567 -0.103857 -0.276495 
 0.068352 -0.255903 0.211273 
 0.148985 -0.371236 0.116672 
 0.064764 0.703383 0.012958 
 -0.113320 -0.523267 0.009118 
 0.010591 0.930209 0.007400 
 0.014572 0.265390 0.163348 
 0.124810 0.484087 0.096331 
 -0.014703 -0.606842 0.154905 
 0.040466 0.774196 0.011069 
 0.342244 -0.213723 -0.020197 
 0.070605 -0.238925 0.210098 
 0.018759 -0.248850 0.229056 
 -0.077574 -0.511052 0.012844 
 -0.037712 0.818411 0.001100 
 -0.317483 -0.410794 -0.056931 
 -0.178331 -0.067389 -0.256942 
 -0.237430 -0.272846 -0.242469 
 -0.034090 0.437111 0.079642 
 0.395726 -0.171317 -0.039156 
 0.076301 -0.326769 0.211795 
 -0.257647 -0.605777 0.004306 
 0.380716 -0.043411 -0.198406 
 0.184281 0.707283 0.045830 
 -0.103807 0.825515 -0.004893 
 -0.244771 -0.190294 -0.309786 
 0.108185 -0.451306 0.168876 
 -0.004766 -0.297666 0.227978 
 -0.028988 0.189126 0.181125 
 0.300257 -0.684156 0.187374 
 0.315080 -0.130135 -0.080889 
 -0.106214 -0.627714 0.088845 
 0.087840 0.750976 0.014689 
 -0.165521 0.471666 0.066729 
 -0.263518 -0.368163 -0.130729 
 -0.047586 -0.584605 0.117838 
 0.109061 -0.434384 0.169186 
 -0.052659 0.275248 0.156279 
 -0.166174 0.602425 0.021479 
 0.164300 -0.527259 0.139493 
 -0.022738 -0.416590 0.178941 
 0.230236 0.247016 -0.110235 
 -0.021003 0.403343 0.104654 
 0.154581 0.174892 -0.118496 
 -0.270786 -0.433694 -0.074988 
 0.152309 -0.491355 0.139028 
 0.229831 -0.181906 -0.033169 
 0.163241 -0.180155 -0.267627 
 -0.068397 0.292737 0.132176 
 0.263789 -0.353608 0.049004 
 0.108395 -0.451312 0.168439 
 -0.112633 0.061080 0.171607 
 0.300390 -0.032153 -0.207002 
 -0.084995 0.022718 0.173734 
 -0.217319 0.329731 0.105600 
 0.158195 -0.304070 0.117980 
 -0.183979 -0.546781 -0.043960 
 0.271412 -0.627425 0.161796 
 -0.276293 -0.331402 -0.165987 
 -0.130431 0.349553 0.091989 
 0.079962 -0.308378 0.235016 
 -0.144408 0.649443 0.012707 
 -0.057934 0.656135 0.032977 
 -0.112836 0.498519 0.072043 
 -0.180916 0.620560 0.008676 
 0.095652 -0.188146 -0.296657 
 0.102354 0.748803 0.016135 
 0.151973 -0.491350 0.138940 
 0.343248 -0.398128 0.068338 
 0.022072 -0.611993 0.181603 
 -0.222994 0.009205 0.205540 
 -0.202172 -0.229410 -0.294089 
 -0.131850 -0.537266 -0.015732 
 -0.037569 -0.101374 -0.276495 
 0.140802 0.256527 0.051357 
 -0.039313 -0.673847 0.175080 
 -0.063252 0.872611 -0.000534 
 -0.127462 0.232489 0.125705 
 0.127681 -0.696234 0.169471 
 0.067653 0.140005 0.190852 
 0.237760 0.180387 -0.109841 
 0.089092 0.633665 0.013901 
 -0.152906 -0.569977 -0.018064 
 0.036498 0.608466 0.030539 
 0.102006 0.163688 -0.146130 
 0.170523 -0.596577 0.117584 
 0.063311 -0.068807 -0.277156 
 -0.179560 -0.183530 -0.302921 
 0.230165 -0.197765 0.000329 
 0.313490 -0.358419 0.054092 
 0.003840 0.880411 0.006552 
 -0.115512 -0.076904 -0.284382 
 0.180090 0.832994 -0.021019 
 -0.138449 -0.450210 -0.038668 
 0.247724 0.129181 -0.109156 
 0.227583 -0.535312 0.101091 
 -0.176471 0.389836 0.087494 
 0.324312 -0.211514 -0.023411 
 0.067118 -0.635607 0.163550 
 0.047056 0.823982 0.008828 
 0.076942 0.799975 -0.009173 
 0.168017 0.868593 -0.022504 
 -0.238322 -0.256882 -0.263778 
 0.045739 -0.197321 -0.302540 
 0.109262 0.648193 0.038854 
 0.108380 -0.451306 0.169612 
 -0.321746 -0.163209 -0.272074 
 -0.075114 0.789800 -0.002157 
 -0.025580 0.782650 0.002929 
 0.004012 0.614134 0.037993 
 -0.265126 -0.385206 -0.108236 
 0.181284 0.692024 0.058062 
 -0.141002 0.400214 0.068481 
 -0.042110 0.372077 0.101215 
 -0.134251 0.717016 0.025442 
 0.292123 -0.560963 0.107540 
 0.313456 -0.359967 0.054752 
 -0.290424 -0.314544 -0.167863 
 0.068729 -0.255909 0.211381 
 -0.141192 -0.036279 0.225009 
 -0.142301 0.235754 0.146849 
 0.175216 -0.289694 0.095809 
 -0.089403 0.676084 0.018978 
 0.049345 0.573933 0.043590 
 -0.075195 0.922201 -0.024157 
 0.012886 -0.662778 0.180585 
 -0.340467 -0.615527 0.145861 
 -0.074521 0.658541 0.032229 
 -0.185417 0.035494 0.186853 
 -0.295485 -0.214894 -0.246916 
 0.227779 0.216760 -0.086324 
 0.115051 -0.400608 0.170313 
 0.244098 -0.168599 -0.077071 
 -0.062514 0.070205 0.153765 
 -0.079687 0.327789 0.119697 
 0.161385 -0.408629 0.117745 
 0.124476 -0.591001 0.169709 
 0.039348 -0.355938 0.230554 
 0.373278 0.008201 -0.176476 
 0.033480 -0.630474 0.160097 
 0.169714 0.309417 0.122836 
 0.280626 -0.140439 -0.084558 
 -0.157342 -0.618452 0.038039 
 -0.097889 0.330051 0.118402 
 0.039739 0.344028 0.109468 
 -0.086500 -0.595168 0.046638 
 0.007430 0.777149 0.006323 
 0.239698 0.196735 -0.109526 
 -0.254438 -0.141329 -0.310484 
 0.051064 0.440669 0.065625 
 0.145677 -0.252034 0.071416 
 -0.027275 -0.434471 0.132216 
 -0.047256 -0.052802 -0.277192 
 0.050763 -0.253635 0.209633 
 0.123653 -0.454355 0.147699 
 0.110264 0.366821 0.094068 
 -0.080277 -0.180288 -0.292753 
 -0.186197 0.705822 0.020022 
 -0.109000 -0.040779 0.228467 
 0.017664 -0.490787 0.159194 
 0.304709 -0.649988 0.188027 
 0.143978 -0.079499 -0.270993 
 -0.133587 0.317683 0.113665 
 -0.073200 -0.246681 -0.292297 
 -0.234813 -0.557743 -0.004137 
 0.189796 -0.101483 -0.264341 
 0.060476 -0.685668 0.161360 
 -0.046860 0.472844 0.078576 
 -0.103739 0.696452 0.017078 
 -0.171426 0.288485 0.110107 
 0.260682 0.038354 -0.211308 
 0.304400 -0.000379 -0.206376 
 0.109880 0.199204 -0.100260 
 -0.207499 -0.277338 -0.260784 
 -0.178046 0.763568 0.066677 
 -0.023290 0.101212 0.181215 
 -0.035857 0.273008 0.158847 
 -0.140232 0.267442 0.113214 
 -0.165898 0.721785 0.022057 
 0.324708 -0.229009 -0.012220 
 0.113210 0.265725 0.116720 
 -0.003848 0.564167 0.038147 
 0.116725 0.991223 -0.037966 
 0.064847 0.272386 0.111600 
 -0.038199 -0.119987 -0.276775 
 0.275165 -0.576799 0.128522 
 -0.018027 0.846291 -0.019232 
 -0.249174 -0.538163 -0.005110 
 -0.093270 0.644082 0.028613 
 0.245761 -0.520775 0.103117 
 -0.151457 -0.416361 -0.061474 
 -0.267916 -0.552396 -0.007132 
 -0.078868 0.626653 0.030621 
 -0.192082 -0.013733 0.185276 
 -0.191831 0.123784 0.163922 
 0.073736 0.503086 0.045845 
 -0.028539 -0.154555 -0.288421 
 0.341074 -0.246272 0.012112 
 -0.151585 0.452698 0.067664 
 0.331592 -0.130579 -0.079223 
 -0.377216 -0.645654 0.162949 
 -0.071596 -0.013664 0.198327 
 -0.269654 -0.268542 -0.245539 
 0.130047 0.041801 -0.224207 
 0.034889 0.859598 0.009620 
 0.093536 0.249587 0.090766 
 -0.201810 -0.409600 -0.102241 
 -0.098358 0.193829 0.127963 
 -0.078467 0.759306 0.021263 
 0.127678 -0.093451 -0.270875 
 -0.032666 0.153748 0.180485 
 0.180325 -0.392492 0.119772 
 0.042455 -0.099525 -0.303841 
 -0.379877 -0.385858 -0.017803 
 -0.316669 -0.411088 -0.056919 
 -0.028941 0.485194 0.056250 
 -0.057941 0.655727 0.032979 
 0.215424 -0.499591 0.099401 
 0.035501 -0.234729 0.184590 
 0.120114 0.890072 -0.037898 
 0.252909 -0.607370 0.126138 
 -0.092975 -0.046220 0.195939 
 0.330239 -0.162567 -0.043933 
 0.324647 -0.244078 0.009279 
 -0.229655 -0.353684 -0.161302 
 -0.257567 -0.469821 -0.027780 
 -0.287320 0.173934 0.212567 
 -0.159191 0.777511 0.068715 
 -0.290428 -0.314380 -0.167331 
 0.102001 0.162924 -0.146733 
 -0.106144 -0.473077 -0.012744 
 0.316387 0.066494 -0.159181 
 -0.206798 -0.442689 -0.079674 
 -0.091042 0.527490 0.051194 
 -0.010368 0.634228 0.037749 
 -0.245401 -0.504508 -0.027277 
 -0.117797 0.856336 -0.052019 
 0.232864 -0.332578 0.045929 
 -0.290425 -0.314543 -0.167729 
 0.110350 0.009197 -0.226462 
 -0.105027 0.142579 0.127517 
 -0.262323 -0.640502 0.049952 
 0.118426 0.058760 -0.202599 
 -0.046845 0.052109 0.179047 
 -0.084453 0.577614 0.052331 
 -0.127469 0.232022 0.125646 
 -0.022324 0.238473 0.181933 
 -0.379043 -0.505118 0.014235 
 -0.242574 0.398744 0.080377 
 0.157141 0.192703 -0.095263 
 0.255640 0.021978 -0.245452 
 -0.302438 -0.279903 -0.191161 
 -0.063555 0.606313 0.032017 
 0.240973 -0.571559 0.125079 
 -0.078455 0.759301 0.020354 
 0.119110 -0.026571 -0.258877 
 -0.046600 0.885156 -0.021421 
 0.193114 -0.410844 0.098234 
 0.200700 -0.344367 0.099520 
 -0.151051 0.452687 0.067318 
 -0.156045 -0.267390 -0.266927 
 0.295005 -0.174650 -0.049084 
 0.015910 -0.507694 0.158948 
 0.231720 -0.166933 -0.032845 
 -0.083113 -0.561472 0.023310 
 0.371137 -0.008653 -0.176786 
 -0.166942 0.187319 0.144126 
 -0.027355 -0.038237 -0.240553 
 0.138816 0.315576 0.141412 
 -0.172241 -0.582646 -0.020097 
 -0.135570 0.029474 0.169482 
 -0.177978 0.373036 0.088191 
 -0.262627 0.100448 0.201981 
 0.076349 -0.323881 0.211781 
 -0.040148 0.102932 0.179043 
 0.006088 0.497477 0.061460 
 -0.306691 -0.465460 -0.010601 
 0.143463 -0.194526 -0.291000 
 0.223165 0.080768 -0.134689 
 -0.119942 0.431493 0.071492 
 0.030025 0.410913 0.086155 
 0.187652 -0.118014 -0.262796 
 0.303181 -0.017020 -0.218150 
 0.069468 -0.377053 0.210802 
 -0.091464 0.794811 0.019011 
 0.194333 -0.530859 0.098777 
 -0.156234 -0.267769 -0.266928 
 -0.030693 0.618593 0.035711 
 0.277393 -0.559243 0.128365 
 -0.179940 0.492742 0.064890 
 0.275217 -0.237476 0.005326 
 -0.276862 -0.070429 -0.266898 
 -0.036060 0.554238 0.057330 
 0.193127 0.932374 -0.019098 
 -0.061732 -0.394556 0.015305 
 0.320952 -0.445700 0.088612 
 0.287558 0.002066 -0.219509 
 -0.087262 0.825120 -0.003206 
 0.063777 -0.184010 -0.300591 
 0.041942 0.511168 0.065192 
 0.039360 -0.355544 0.230181 
 0.202459 -0.135927 -0.252428 
 -0.127969 0.366342 0.092318 
 -0.218944 -0.560004 -0.024848 
 -0.092852 -0.373475 -0.010809 
 0.060572 -0.565611 0.186023 
 -0.009061 0.780804 0.004705 
 -0.093238 0.511140 0.051230 
 0.307915 -0.409965 0.064036 
 0.397365 -0.371031 0.074689 
 -0.360086 -0.356302 -0.038246 
 -0.062151 -0.050518 -0.256995 
 0.050343 0.036030 -0.187606 
 0.042245 -0.213121 -0.325753 
 -0.290127 -0.465422 -0.031707 
 0.400619 -0.337733 0.063774 
 0.106650 -0.108038 -0.295760 
 0.272879 0.192383 -0.106181 
 -0.008169 -0.314632 0.203122 
 -0.203829 0.159314 0.162858 
 -0.282182 -0.105189 -0.313139 
 0.009240 -0.558393 0.157965 
 -0.288398 -0.448816 -0.031944 
 0.090610 -0.586509 0.166072 
 -0.000036 -0.625986 0.156648 
 -0.236066 -0.421144 -0.082707 
 0.084038 0.995602 -0.041398 
 0.081743 0.979237 -0.041720 
 0.066955 0.719556 0.012130 
 -0.129720 0.349541 0.091998 
 0.055495 0.887153 -0.010939 
 0.111828 0.026219 -0.226161 
 0.180958 0.136557 -0.139072 
 -0.180542 -0.084662 -0.291248 
 0.002105 -0.609048 0.156974 
 -0.221447 0.295291 0.116368 
 -0.229029 0.231588 0.160251 
 0.225476 -0.552066 0.100283 
 0.213383 0.132229 -0.135110 
 -0.112230 0.629636 0.027223 
 0.315189 -0.112665 -0.103868 
 -0.339324 -0.459058 -0.014002 
 0.264755 0.055613 -0.186679 
 -0.316919 -0.260916 -0.192516 
 -0.164868 -0.201745 -0.301762 
 0.075430 -0.002654 -0.230094 
 0.132188 -0.045218 -0.269344 
 0.131609 -0.660832 0.170112 
 -0.094913 0.761509 0.018378 
 0.260503 0.227249 -0.107221 
 0.246359 -0.028911 -0.280383 
 -0.030069 -0.170362 -0.276103 
 -0.114180 -0.523253 0.009106 
 -0.269081 0.050055 0.212685 
 0.093615 0.011355 -0.227586 
 -0.211602 -0.341734 -0.159311 
 -0.203286 0.039499 0.185099 
 0.145466 -0.542073 0.149492 
 -0.135572 0.029475 0.169654 
 0.143932 -0.080668 -0.268941 
 0.050170 -0.050619 -0.278554 
 -0.122140 0.414740 0.070784 
 0.167722 0.710212 0.045231 
 0.073512 0.769826 0.013094 
 -0.025963 -0.553411 0.131641 
 0.127158 0.366470 0.118276 
 0.097269 -0.535805 0.167871 
 0.261614 -0.369986 0.047964 
 0.159857 -0.561356 0.139438 
 0.050500 -0.632722 0.161824 
 0.150193 0.575990 0.042654 
 -0.238665 0.149982 0.216120 
 -0.310680 -0.635574 0.101811 
 0.368789 -0.300171 0.037496 
 0.220645 -0.602929 0.122699 
 0.349836 -0.085045 -0.123259 
 0.025848 0.924685 -0.013691 
 0.128716 -0.232281 0.047102 
 -0.204454 0.427866 0.084731 
 -0.098500 -0.078443 -0.259878 
 0.229056 -0.380347 0.079358 
 0.275417 -0.237479 0.005354 
 -0.078649 -0.166182 -0.292438 
 0.301494 -0.015540 -0.218179 
 -0.075528 0.376153 0.097789 
 -0.128580 0.080295 0.170189 
 0.091657 0.927432 -0.042248 
 0.193997 -0.226121 0.019827 
 -0.339128 -0.597092 0.088758 
 -0.001280 0.712114 0.005028 
 -0.014597 0.866011 0.004539 
 0.092819 -0.570327 0.166587 
 -0.225875 0.396516 0.082630 
 0.157253 0.918683 -0.032712 
 -0.202889 -0.426068 -0.102147 
 0.099223 0.583005 0.037539 
 -0.245910 -0.505222 -0.027280 
 0.015547 0.709986 0.006727 
 0.130137 0.125406 -0.144035 
 0.357553 -0.234146 -0.008844 
 0.095668 -0.188152 -0.297962 
 -0.186811 -0.247656 -0.292075 
 0.189104 -0.275577 0.053245 
 0.319377 -0.018693 -0.205027 
 0.150667 0.576343 0.042658 
 0.257887 -0.419079 0.082125 
 0.055333 0.352020 0.065708 
 0.069143 -0.255916 0.211386 
 -0.372853 -0.452766 -0.017415 
 -0.144225 0.769583 0.022924 
 0.175633 -0.700080 0.141329 
 0.214968 0.832061 0.005308 
 0.149746 -0.508939 0.138701 
 0.132846 -0.506115 0.148422 
 -0.068576 0.838872 -0.001187 
 0.234285 -0.155741 -0.225927 
 -0.239199 -0.591026 -0.004131 
 0.121955 0.179232 -0.122373 
 0.281199 -0.491386 0.084230 
 -0.096711 -0.178099 -0.294399 
 -0.313548 -0.377059 -0.079087 
 -0.066119 -0.427839 0.015423 
 -0.051752 0.837215 0.000508 
 0.095725 0.266342 0.092172 
 -0.120685 -0.240112 -0.284628 
 -0.054707 -0.016341 0.200063 
 0.126703 -0.694624 0.169451 
 -0.339906 -0.323984 -0.081519 
 0.391394 -0.204217 -0.039444 
 0.272577 0.192164 -0.106184 
 0.120514 0.316098 0.118755 
 0.076011 -0.567862 0.164861 
 0.263924 -0.030153 -0.256225 
 -0.268906 -0.417450 -0.085061 
 -0.164415 0.741301 0.046247 
 0.211566 -0.550336 0.122000 
 0.101612 0.863311 -0.006200 
 0.073795 -0.584407 0.164531 
 0.023364 -0.577389 0.159354 
 0.090249 -0.106344 -0.297400 
 0.140191 0.628499 0.043363 
 -0.156703 0.538734 0.067584 
 -0.191239 -0.295489 -0.236964 
 -0.368505 -0.421286 -0.016761 
 0.018372 0.861602 0.007825 
 -0.078174 -0.375730 -0.031983 
 -0.290359 -0.603930 0.024412 
 0.083641 0.149553 -0.147715 
 0.016172 -0.232434 0.183589 
 0.067436 0.151714 -0.150323 
 0.183380 0.395877 0.147411 
 -0.114544 -0.404453 -0.011989 
 0.343227 -0.399421 0.068344 
 -0.200582 0.326627 0.106983 
 0.261186 -0.202353 -0.018649 
 0.287551 0.001279 -0.220060 
 -0.195787 0.765334 0.064957 
 -0.026806 0.901418 0.003580 
 -0.139178 -0.003507 0.192417 
 -0.168220 0.322177 0.110745 
 0.264670 0.126998 -0.107444 
 -0.136556 0.300862 0.113859 
 -0.137841 0.553191 0.069932 
 0.101521 0.060927 -0.203572 
 0.347661 -0.364403 0.067253 
 0.033134 0.443276 0.063902 
 -0.106689 -0.258344 -0.284528 
 -0.197797 0.073445 0.184255 
 0.318564 -0.019253 -0.205034 
 -0.007930 0.516391 0.058966 
 0.187900 0.441674 0.102531 
 -0.242689 -0.175002 -0.308106 
 -0.182389 0.339449 0.087138 
 0.149349 -0.163270 -0.268859 
 -0.337260 -0.579502 0.065180 
 0.104925 -0.347671 0.168212 
 -0.107883 -0.272488 -0.261995 
 0.281239 -0.697836 0.185316 
 -0.279825 -0.365766 -0.133320 
 0.258748 -0.235066 0.003661 
 0.230722 -0.672368 0.123164 
 0.138535 0.771704 -0.024467 
 -0.165672 0.337214 0.087899 
 -0.230266 -0.661717 0.053059 
 -0.095800 -0.388160 -0.011151 
 0.040905 -0.030699 -0.233981 
 -0.203026 -0.261226 -0.260440 
 -0.160395 0.099799 0.167064 
 -0.120861 0.146778 0.147445 
 -0.085862 0.441743 0.051636 
 -0.287091 0.173924 0.211232 
 -0.012501 0.882624 0.006943 
 0.210257 -0.056698 -0.283751 
 0.040390 0.194165 0.165496 
 -0.039303 -0.673268 0.175077 
 -0.279010 -0.088011 -0.267204 
 0.260587 -0.539756 0.104506 
 0.307603 0.015755 -0.206049 
 0.103142 -0.023007 -0.261480 
 -0.087032 -0.458296 0.012117 
 -0.163747 -0.689034 0.105629 
 0.090317 -0.105902 -0.297401 
 0.035718 -0.614149 0.160427 
 0.194826 -0.394630 0.098555 
 -0.266200 -0.107332 -0.311499 
 -0.259926 -0.623096 0.027480 
 0.020881 -0.473903 0.159610 
 0.281263 -0.696391 0.185309 
 0.289022 -0.289194 0.029059 
 -0.105052 0.141103 0.127525 
 -0.025800 -0.022547 -0.254256 
 0.088357 -0.603396 0.168169 
 -0.005916 0.932900 0.005823 
 -0.084462 0.577241 0.052531 
 0.242155 -0.060962 -0.281812 
 -0.276853 -0.070674 -0.267891 
 0.138545 0.771408 -0.025672 
 0.386346 -0.318883 0.061863 
 -0.099619 -0.542110 0.010484 
 -0.021780 0.683897 0.025570 
 0.079029 0.014490 -0.206808 
 0.246243 0.230967 -0.084949 
 -0.146987 -0.673620 0.084430 
 0.194589 -0.226477 0.019836 
 -0.177955 0.373028 0.086447 
 -0.192749 0.657365 0.019297 
 0.297536 -0.158209 -0.049473 
 -0.172789 -0.447089 -0.076291 
 0.052605 -0.497068 0.185616 
 0.263189 -0.523778 0.104839 
 0.017765 0.447197 0.086064 
 0.329535 -0.162563 -0.045412 
 0.045907 -0.548683 0.184633 
 0.087387 0.632593 0.013885 
 -0.323235 -0.461253 -0.010697 
 0.041481 -0.580776 0.183967 
 0.096700 0.403380 0.092987 
 -0.109408 0.780376 0.019496 
 0.101016 -0.040534 -0.262948 
 0.166519 -0.510425 0.139422 
 -0.285135 0.052302 0.210666 
 0.025037 0.077059 0.186078 
 -0.073833 -0.030855 0.197999 
 -0.159482 0.668309 0.011321 
 -0.176157 0.655147 0.019853 
 0.292358 -0.578272 0.130238 
 -0.192631 -0.166641 -0.304232 
 0.034798 0.310889 0.108807 
 