0.103911 0.992852 -0.058721 
 0.085699 0.993271 -0.064276 
 0.067487 0.993691 -0.069831 
 0.049275 0.994111 -0.075386 
 0.031063 0.994531 -0.080940 
 0.120491 0.972321 -0.043170 
 0.102255 0.972741 -0.048733 
 0.084018 0.973162 -0.054295 
 0.068122 0.974981 -0.073328 
 0.049910 0.975401 -0.078883 
 0.031698 0.975821 -0.084437 
 0.013486 0.976241 -0.089992 
 0.127926 0.957863 -0.087139 
 0.109764 0.958282 -0.092678 
 0.091601 0.958700 -0.098218 
 0.068757 0.956271 -0.076825 
 0.050545 0.956691 -0.082380 
 0.032333 0.957110 -0.087934 
 0.014121 0.957530 -0.093489 
 -0.011409 0.953685 -0.058737 
 -0.029696 0.954106 -0.064314 
 0.142241 0.935881 -0.058103 
 0.128560 0.939203 -0.090626 
 0.110397 0.939622 -0.096166 
 0.087605 0.937140 -0.074767 
 0.069393 0.937560 -0.080322 
 0.051180 0.937980 -0.085877 
 0.032968 0.938400 -0.091431 
 0.012342 0.937372 -0.083547 
 -0.013210 0.933451 -0.048817 
 -0.036448 0.930979 -0.027554 
 -0.074714 0.919833 0.074174 
 -0.098298 0.917370 0.095331 
 -0.116906 0.917799 0.089655 
 0.140636 0.915693 -0.048113 
 0.122400 0.916113 -0.053676 
 0.104163 0.916534 -0.059238 
 0.085926 0.916954 -0.064800 
 0.070028 0.918850 -0.083819 
 0.051816 0.919270 -0.089374 
 0.026439 0.915268 -0.054604 
 0.008152 0.915690 -0.060182 
 -0.012572 0.914639 -0.052333 
 -0.048120 0.904755 0.036015 
 -0.074067 0.900767 0.070611 
 -0.097649 0.898253 0.091758 
 -0.116257 0.898682 0.086082 
 -0.134865 0.899111 0.080407 
 0.159509 0.896536 -0.046053 
 0.141272 0.896957 -0.051615 
 0.123036 0.897377 -0.057177 
 0.104799 0.897798 -0.062740 
 0.086562 0.898218 -0.068302 
 0.068325 0.898639 -0.073864 
 0.045363 0.896060 -0.052538 
 0.024689 0.894982 -0.044679 
 0.006378 0.895404 -0.050264 
 -0.016807 0.892830 -0.029005 
 -0.042553 0.888760 0.005637 
 -0.068446 0.884694 0.040234 
 -0.091978 0.882128 0.061387 
 -0.110536 0.882556 0.055727 
 -0.123974 0.885975 0.023298 
 -0.142483 0.886402 0.017653 
 0.160145 0.877801 -0.049555 
 0.141908 0.878221 -0.055117 
 0.123672 0.878642 -0.060679 
 0.105435 0.879062 -0.066241 
 0.082573 0.876430 -0.044895 
 0.064287 0.876851 -0.050472 
 0.046001 0.877273 -0.056050 
 0.025328 0.876170 -0.048195 
 0.002194 0.873544 -0.026931 
 -0.018603 0.872444 -0.019114 
 -0.046831 0.866775 0.028916 
 -0.067801 0.865679 0.036680 
 -0.091331 0.863062 0.057823 
 -0.109889 0.863490 0.052163 
 -0.128448 0.863918 0.046503 
 -0.147006 0.864346 0.040842 
 -0.165565 0.864774 0.035182 
 0.156357 0.855957 -0.026097 
 0.138070 0.856378 -0.031674 
 0.119784 0.856800 -0.037251 
 0.101497 0.857222 -0.042829 
 0.083211 0.857643 -0.048406 
 0.062589 0.856513 -0.040541 
 0.044277 0.856936 -0.046126 
 0.021195 0.854257 -0.024856 
 0.000424 0.853131 -0.017037 
 -0.022832 0.850457 0.004180 
 -0.046186 0.847785 0.025367 
 -0.072125 0.843568 0.059920 
 -0.090683 0.843996 0.054260 
 -0.109242 0.844424 0.048600 
 -0.122683 0.847944 0.016190 
 -0.146359 0.845279 0.037279 
 -0.159701 0.848797 0.004900 
 -0.178210 0.849224 -0.000746 
 0.156994 0.837170 -0.029608 
 0.138708 0.837592 -0.035185 
 0.120422 0.838013 -0.040763 
 0.099849 0.836857 -0.032888 
 0.081538 0.837279 -0.038472 
 0.063227 0.837701 -0.044057 
 0.044916 0.838124 -0.049642 
 0.019450 0.833819 -0.014959 
 0.001065 0.834243 -0.020567 
 -0.022189 0.831518 0.000641 
 -0.045542 0.828795 0.021817 
 -0.066510 0.827648 0.029572 
 -0.085019 0.828075 0.023927 
 -0.108595 0.825357 0.045036 
 -0.122037 0.828928 0.012636 
 -0.145712 0.826213 0.033715 
 -0.159055 0.829782 0.001345 
 -0.177564 0.830209 -0.004300 
 0.157632 0.818383 -0.033119 
 0.139346 0.818805 -0.038697 
 0.121059 0.819227 -0.044274 
 0.100488 0.818045 -0.036404 
 0.082177 0.818467 -0.041988 
 0.063866 0.818889 -0.047573 
 0.040836 0.816108 -0.026307 
 0.020092 0.814931 -0.018490 
 0.001706 0.815355 -0.024097 
 -0.021546 0.812579 -0.002899 
 -0.044897 0.809805 0.018268 
 -0.065864 0.808633 0.026018 
 -0.084373 0.809059 0.020373 
 -0.107947 0.806291 0.041473 
 -0.126506 0.806719 0.035812 
 -0.145065 0.807147 0.030152 
 -0.158410 0.810766 -0.002209 
 -0.174287 0.812789 -0.021196 
 -0.192772 0.813215 -0.026834 
 0.156060 0.797966 -0.023165 
 0.137749 0.798388 -0.028750 
 0.119438 0.798811 -0.034335 
 0.101127 0.799233 -0.039920 
 0.078198 0.796399 -0.018633 
 0.059837 0.796822 -0.024233 
 0.039118 0.795618 -0.016412 
 0.015967 0.792789 0.004806 
 -0.002468 0.793214 -0.000816 
 -0.025768 0.790389 0.020357 
 -0.044252 0.790815 0.014719 
 -0.065219 0.789617 0.022464 
 -0.088742 0.786797 0.043569 
 -0.107300 0.787225 0.037909 
 -0.125859 0.787652 0.032249 
 -0.144417 0.788080 0.026588 
 -0.157764 0.791751 -0.005763 
 -0.173643 0.793798 -0.024745 
 -0.192127 0.794225 -0.030383 
 0.158908 0.780810 -0.040142 
 0.138388 0.779576 -0.032266 
 0.120076 0.779998 -0.037851 
 0.097199 0.777112 -0.016558 
 0.078838 0.777536 -0.022158 
 0.058145 0.776306 -0.014335 
 0.035044 0.773425 0.006889 
 0.016610 0.773850 0.001267 
 -0.001825 0.774275 -0.004356 
 -0.025124 0.771399 0.016807 
 -0.043608 0.771825 0.011170 
 -0.064573 0.770602 0.018910 
 -0.083082 0.771028 0.013265 
 -0.106653 0.768158 0.034345 
 -0.125211 0.768586 0.028685 
 -0.148930 0.765720 0.049720 
 -0.157119 0.772735 -0.009317 
 -0.172998 0.774808 -0.028294 
 -0.191482 0.775235 -0.033932 
 0.157337 0.760342 -0.030197 
 0.139026 0.760764 -0.035782 
 0.116200 0.757826 -0.014484 
 0.097839 0.758249 -0.020084 
 0.077171 0.756994 -0.012258 
 0.054122 0.754061 0.008972 
 0.035687 0.754486 0.003349 
 0.017252 0.754911 -0.002273 
 -0.005995 0.751983 0.018896 
 -0.024479 0.752409 0.013258 
 -0.045419 0.751159 0.021001 
 -0.068889 0.748236 0.042103 
 -0.087447 0.748664 0.036442 
 -0.106006 0.749092 0.030782 
 -0.124564 0.749520 0.025122 
 -0.148281 0.746602 0.046147 
 -0.161681 0.750376 0.013801 
 -0.174982 0.754147 -0.018516 
 -0.193491 0.754574 -0.024161 
 0.135201 0.738540 -0.012409 
 0.116840 0.738963 -0.018009 
 0.096198 0.737681 -0.010181 
 0.077813 0.738105 -0.015788 
 0.054765 0.735122 0.005432 
 0.036330 0.735547 -0.000190 
 0.017895 0.735972 -0.005813 
 -0.005350 0.732993 0.015346 
 -0.023834 0.733419 0.009709 
 -0.044773 0.732144 0.017447 
 -0.068241 0.729170 0.038539 
 -0.086800 0.729598 0.032879 
 -0.105358 0.730026 0.027218 
 -0.123917 0.730454 0.021558 
 -0.147632 0.727485 0.042574 
 -0.161034 0.731309 0.010237 
 -0.179593 0.731737 0.004577 
 -0.198151 0.732165 -0.001083 
 0.129147 0.714482 0.024383 
 0.115224 0.718369 -0.008103 
 0.096839 0.718793 -0.013711 
 0.078454 0.719217 -0.019318 
 0.055408 0.716182 0.001892 
 0.036973 0.716607 -0.003730 
 0.018538 0.717032 -0.009353 
 -0.004705 0.714002 0.011797 
 -0.023189 0.714429 0.006159 
 -0.044128 0.713128 0.013893 
 -0.067594 0.710103 0.034976 
 -0.086153 0.710531 0.029315 
 -0.104711 0.710959 0.023655 
 -0.123270 0.711387 0.017995 
 -0.146983 0.708368 0.039001 
 -0.160387 0.712243 0.006674 
 -0.178945 0.712671 0.001013 
 -0.197504 0.713099 -0.004647 
 0.125330 0.692029 0.047712 
 0.111355 0.695968 0.015221 
 0.092921 0.696393 0.009598 
 0.074486 0.696818 0.003975 
 0.051392 0.693734 0.025161 
 0.032908 0.694160 0.019523 
 0.014424 0.694586 0.013886 
 -0.004060 0.695012 0.008248 
 -0.024973 0.693686 0.015984 
 -0.043482 0.694113 0.010339 
 -0.066947 0.691037 0.031412 
 -0.085505 0.691465 0.025752 
 -0.104064 0.691893 0.020091 
 -0.127726 0.688822 0.041103 
 -0.146334 0.689251 0.035428 
 -0.164942 0.689680 0.029752 
 -0.183550 0.690109 0.024077 
 -0.202158 0.690538 0.018402 
 0.125974 0.673039 0.044163 
 0.111998 0.677029 0.011681 
 0.093564 0.677454 0.006058 
 0.075129 0.677879 0.000436 
 0.052037 0.674744 0.021612 
 0.033553 0.675170 0.015974 
 0.015069 0.675596 0.010336 
 -0.005818 0.674244 0.018075 
 -0.024327 0.674671 0.012430 
 -0.047741 0.671543 0.033509 
 -0.071253 0.668418 0.054557 
 -0.089861 0.668847 0.048881 
 -0.108469 0.669276 0.043206 
 -0.127077 0.669705 0.037530 
 -0.148261 0.668359 0.045179 
 -0.164293 0.670563 0.026179 
 -0.182901 0.670992 0.020504 
 -0.201509 0.671421 0.014829 
 -0.220117 0.671850 0.009153 
 0.124391 0.652241 0.054038 
 0.108135 0.654475 0.034976 
 0.089650 0.654901 0.029338 
 0.075772 0.658940 -0.003104 
 0.052682 0.655754 0.018063 
 0.034198 0.656180 0.012425 
 0.013336 0.654802 0.020167 
 -0.005173 0.655228 0.014521 
 -0.023682 0.655655 0.008876 
 -0.047094 0.652477 0.029945 
 -0.070604 0.649300 0.050984 
 -0.089212 0.649729 0.045308 
 -0.107820 0.650159 0.039633 
 -0.128978 0.648787 0.047284 
 -0.152761 0.645617 0.068240 
 -0.166244 0.649646 0.035918 
 -0.184877 0.650076 0.030235 
 -0.203510 0.650506 0.024552 
 -0.222142 0.650935 0.018869 
 0.125036 0.633226 0.050484 
 0.108779 0.635485 0.031426 
 0.090295 0.635911 0.025789 
 0.071811 0.636337 0.020151 
 0.053327 0.636764 0.014513 
 0.032491 0.635360 0.022258 
 0.013982 0.635786 0.016613 
 -0.004527 0.636213 0.010967 
 -0.027888 0.632982 0.032042 
 -0.051347 0.629754 0.053086 
 -0.069955 0.630183 0.047411 
 -0.088563 0.630612 0.041735 
 -0.107171 0.631041 0.036060 
 -0.128329 0.629645 0.043706 
 -0.152110 0.626424 0.064653 
 -0.165594 0.630504 0.032340 
 -0.184227 0.630933 0.026657 
 -0.202860 0.631363 0.020974 
 -0.221492 0.631793 0.015291 
 -0.240125 0.632222 0.009608 
 0.125682 0.614210 0.046930 
 0.109424 0.616495 0.027877 
 0.090940 0.616921 0.022239 
 0.072456 0.617347 0.016602 
 0.053971 0.617774 0.010964 
 0.033136 0.616344 0.018704 
 0.014627 0.616771 0.013059 
 -0.003882 0.617198 0.007413 
 -0.027241 0.613916 0.028479 
 -0.050698 0.610637 0.049513 
 -0.069306 0.611066 0.043838 
 -0.087914 0.611495 0.038162 
 -0.109046 0.610072 0.045812 
 -0.127679 0.610502 0.040129 
 -0.151458 0.607230 0.061066 
 -0.164944 0.611361 0.028763 
 -0.183577 0.611791 0.023080 
 -0.202210 0.612221 0.017397 
 -0.220843 0.612650 0.011713 
 -0.239475 0.613080 0.006031 
 0.136031 0.587229 0.102695 
 0.121875 0.591427 0.070198 
 0.107818 0.595622 0.037731 
 0.084758 0.592282 0.058877 
 0.070800 0.596475 0.026440 
 0.052291 0.596902 0.020795 
 0.033782 0.597329 0.015150 
 0.015273 0.597755 0.009505 
 -0.003236 0.598182 0.003859 
 -0.026593 0.594850 0.024915 
 -0.050049 0.591520 0.045940 
 -0.068657 0.591949 0.040265 
 -0.087265 0.592378 0.034589 
 -0.108396 0.590930 0.042234 
 -0.132124 0.587606 0.063176 
 -0.153379 0.586161 0.070783 
 -0.169489 0.588468 0.051780 
 -0.182927 0.592648 0.019502 
 -0.206853 0.589329 0.040384 
 -0.225536 0.589760 0.034686 
 -0.244218 0.590191 0.028988 
 0.155288 0.567683 0.104797 
 0.136680 0.568112 0.099122 
 0.122522 0.572360 0.066635 
 0.108464 0.576606 0.034177 
 0.085405 0.573216 0.055314 
 0.071445 0.577460 0.022886 
 0.052936 0.577886 0.017241 
 0.029730 0.574500 0.038333 
 0.011171 0.574928 0.032672 
 -0.007388 0.575356 0.027012 
 -0.030792 0.571974 0.048043 
 -0.051848 0.570498 0.055705 
 -0.070481 0.570928 0.050022 
 -0.089114 0.571358 0.044339 
 -0.107746 0.571787 0.038656 
 -0.131473 0.568413 0.059589 
 -0.150155 0.568843 0.053891 
 -0.168837 0.569274 0.048193 
 -0.182277 0.573506 0.015924 
 -0.200910 0.573935 0.010241 
 -0.224884 0.570566 0.031099 
 -0.243566 0.570997 0.025400 
 0.193153 0.547708 0.112575 
 0.174545 0.548137 0.106899 
 0.155937 0.548566 0.101224 
 0.137329 0.548995 0.095549 
 0.123169 0.553294 0.063071 
 0.104611 0.553722 0.057411 
 0.086052 0.554150 0.051750 
 0.072091 0.558444 0.019332 
 0.048935 0.555006 0.040430 
 0.030377 0.555433 0.034769 
 0.007073 0.551998 0.055820 
 -0.011535 0.552427 0.050145 
 -0.032565 0.550926 0.057810 
 -0.051198 0.551356 0.052127 
 -0.069831 0.551785 0.046444 
 -0.088464 0.552215 0.040761 
 -0.112139 0.548788 0.061700 
 -0.130821 0.549219 0.056002 
 -0.149504 0.549650 0.050304 
 -0.170781 0.548154 0.057893 
 -0.181628 0.554363 0.012346 
 -0.200260 0.554793 0.006663 
 -0.218893 0.555222 0.000980 
 -0.234831 0.557576 -0.017961 
 -0.253439 0.558005 -0.023636 
 0.193802 0.528591 0.109002 
 0.175194 0.529020 0.103326 
 0.156586 0.529449 0.097651 
 0.137978 0.529878 0.091976 
 0.119370 0.530307 0.086300 
 0.105258 0.534655 0.053847 
 0.082154 0.531165 0.074949 
 0.063546 0.531594 0.069274 
 0.049583 0.535939 0.036866 
 0.031024 0.536367 0.031206 
 0.007722 0.532881 0.052247 
 -0.010886 0.533310 0.046572 
 -0.031916 0.531784 0.054232 
 -0.050548 0.532213 0.048549 
 -0.069181 0.532643 0.042866 
 -0.087814 0.533072 0.037183 
 -0.111487 0.529595 0.058113 
 -0.130170 0.530026 0.052415 
 -0.148852 0.530457 0.046716 
 -0.162345 0.534791 0.014451 
 -0.180978 0.535221 0.008768 
 -0.199610 0.535650 0.003085 
 -0.215574 0.538030 -0.015858 
 -0.234182 0.538459 -0.021534 
 -0.252790 0.538888 -0.027209 
 -0.271398 0.539317 -0.032885 
 0.188080 0.503509 0.145695 
 0.173695 0.507915 0.113168 
 0.157235 0.510332 0.094078 
 0.138627 0.510761 0.088403 
 0.120019 0.511190 0.082727 
 0.101411 0.511619 0.077052 
 0.082803 0.512048 0.071376 
 0.064195 0.512477 0.065701 
 0.045587 0.512906 0.060025 
 0.026979 0.513335 0.054350 
 0.008371 0.513764 0.048674 
 -0.012633 0.512211 0.056338 
 -0.036107 0.508679 0.077318 
 -0.054789 0.509109 0.071620 
 -0.073471 0.509540 0.065922 
 -0.094648 0.507991 0.073532 
 -0.113355 0.508423 0.067826 
 -0.132062 0.508854 0.062121 
 -0.150769 0.509285 0.056415 
 -0.166883 0.511694 0.037431 
 -0.180328 0.516078 0.005191 
 -0.198961 0.516508 -0.000492 
 -0.217593 0.516937 -0.006175 
 -0.236226 0.517367 -0.011858 
 -0.246707 0.523719 -0.057263 
 -0.265265 0.524147 -0.062924 
 0.192977 0.488343 0.115273 
 0.174345 0.488773 0.109590 
 0.155712 0.489202 0.103907 
 0.139276 0.491644 0.084829 
 0.120668 0.492073 0.079154 
 0.102060 0.492502 0.073479 
 0.083452 0.492931 0.067803 
 0.064844 0.493360 0.062128 
 0.046236 0.493789 0.056452 
 0.027628 0.494218 0.050777 
 0.006650 0.492639 0.058443 
 -0.016773 0.489054 0.079429 
 -0.035455 0.489485 0.073730 
 -0.056582 0.487910 0.081351 
 -0.075289 0.488341 0.075646 
 -0.093996 0.488773 0.069940 
 -0.112703 0.489204 0.064234 
 -0.131410 0.489635 0.058529 
 -0.150117 0.490067 0.052823 
 -0.166231 0.492500 0.033844 
 -0.184913 0.492931 0.028146 
 -0.203596 0.493362 0.022448 
 -0.216944 0.497795 -0.009753 
 -0.235576 0.498224 -0.015436 
 -0.251492 0.500654 -0.034355 
 -0.270100 0.501083 -0.040031 
 0.193627 0.469200 0.111695 
 0.174994 0.469630 0.106012 
 0.156362 0.470060 0.100329 
 0.139925 0.472526 0.081256 
 0.121317 0.472956 0.075581 
 0.100463 0.471349 0.083280 
 0.081831 0.471778 0.077597 
 0.065493 0.474243 0.058555 
 0.046885 0.474672 0.052879 
 0.025932 0.473067 0.060548 
 0.007300 0.473497 0.054865 
 -0.016121 0.469861 0.075841 
 -0.037222 0.468260 0.083465 
 -0.055929 0.468691 0.077759 
 -0.074636 0.469122 0.072054 
 -0.093343 0.469554 0.066348 
 -0.112050 0.469985 0.060642 
 -0.135842 0.466358 0.081505 
 -0.154599 0.466791 0.075784 
 -0.165580 0.473307 0.030256 
 -0.184262 0.473738 0.024558 
 -0.202944 0.474169 0.018860 
 -0.224292 0.472573 0.026408 
 -0.234926 0.479082 -0.019014 
 -0.250843 0.481536 -0.037928 
 -0.269452 0.481966 -0.043604 
 0.194277 0.450058 0.108117 
 0.175644 0.450487 0.102434 
 0.157012 0.450917 0.096751 
 0.138379 0.451347 0.091068 
 0.119746 0.451776 0.085385 
 0.101113 0.452206 0.079702 
 0.082481 0.452636 0.074019 
 0.063848 0.453065 0.068336 
 0.045215 0.453495 0.062653 
 0.026582 0.453924 0.056970 
 0.003212 0.450237 0.077952 
 -0.015470 0.450668 0.072254 
 -0.036570 0.449041 0.079873 
 -0.055277 0.449472 0.074167 
 -0.073984 0.449904 0.068462 
 -0.097675 0.446223 0.089345 
 -0.116432 0.446656 0.083624 
 -0.135188 0.447088 0.077903 
 -0.153945 0.447521 0.072182 
 -0.167519 0.452060 0.039933 
 -0.186226 0.452492 0.034228 
 -0.204933 0.452923 0.028522 
 -0.220975 0.455406 0.009575 
 -0.239657 0.455837 0.003877 
 -0.250194 0.462419 -0.041501 
 -0.268803 0.462848 -0.047177 
 0.190687 0.426736 0.131346 
 0.172004 0.427167 0.125648 
 0.153322 0.427597 0.119950 
 0.139029 0.432204 0.087491 
 0.120396 0.432634 0.081808 
 0.097275 0.428890 0.102855 
 0.083130 0.433493 0.070442 
 0.064498 0.433923 0.064759 
 0.045865 0.434352 0.059075 
 0.027232 0.434782 0.053393 
 0.003864 0.431043 0.074365 
 -0.017211 0.429391 0.081986 
 -0.035918 0.429822 0.076281 
 -0.054625 0.430253 0.070575 
 -0.078265 0.426521 0.091464 
 -0.097021 0.426954 0.085743 
 -0.115778 0.427386 0.080022 
 -0.134534 0.427819 0.074302 
 -0.153291 0.428251 0.068581 
 -0.166867 0.432841 0.036341 
 -0.185574 0.433273 0.030636 
 -0.204281 0.433704 0.024930 
 -0.228317 0.429981 0.045698 
 -0.247073 0.430413 0.039977 
 -0.265830 0.430846 0.034256 
 0.191338 0.407542 0.127758 
 0.170512 0.405859 0.135451 
 0.153974 0.408404 0.116362 
 0.139678 0.413062 0.083913 
 0.121046 0.413491 0.078230 
 0.097927 0.409696 0.099268 
 0.083780 0.414350 0.066864 
 0.065147 0.414780 0.061181 
 0.046515 0.415210 0.055498 
 0.027882 0.415639 0.049815 
 0.004516 0.411850 0.070777 
 -0.016558 0.410172 0.078394 
 -0.040097 0.406387 0.099304 
 -0.053972 0.411034 0.066983 
 -0.077610 0.407252 0.087862 
 -0.096367 0.407684 0.082141 
 -0.115123 0.408116 0.076421 
 -0.133880 0.408549 0.070700 
 -0.152636 0.408981 0.064979 
 -0.166214 0.413622 0.032749 
 -0.190149 0.409846 0.053538 
 -0.208906 0.410279 0.047817 
 -0.227662 0.410711 0.042096 
 -0.251796 0.406940 0.062825 
 -0.270602 0.407373 0.057089 
 0.191990 0.388349 0.124171 
 0.171164 0.386640 0.131859 
 0.154625 0.389210 0.112775 
 0.135943 0.389641 0.107077 
 0.121696 0.394349 0.074652 
 0.098578 0.390503 0.095681 
 0.084430 0.395208 0.063286 
 0.065797 0.395637 0.057603 
 0.047164 0.396067 0.051920 
 0.023849 0.392226 0.072888 
 0.002801 0.390522 0.080508 
 -0.015906 0.390953 0.074802 
 -0.039443 0.387117 0.095702 
 -0.058200 0.387549 0.089981 
 -0.076956 0.387982 0.084261 
 -0.095713 0.388414 0.078540 
 -0.114469 0.388847 0.072819 
 -0.133226 0.389279 0.067098 
 -0.157110 0.385451 0.087893 
 -0.170739 0.390144 0.055657 
 -0.189495 0.390577 0.049936 
 -0.208252 0.391009 0.044215 
 -0.232334 0.387186 0.064950 
 -0.251140 0.387619 0.059214 
 -0.269946 0.388053 0.053478 
 0.192641 0.369155 0.120584 
 0.171817 0.367421 0.128267 
 0.155277 0.370017 0.109188 
 0.136595 0.370448 0.103490 
 0.117912 0.370879 0.097792 
 0.099230 0.371309 0.092093 
 0.085080 0.376065 0.059708 
 0.066447 0.376495 0.054025 
 0.047814 0.376924 0.048342 
 0.024501 0.373032 0.069301 
 0.005819 0.373463 0.063603 
 -0.015253 0.371734 0.071210 
 -0.038789 0.367847 0.092101 
 -0.057546 0.368280 0.086380 
 -0.076302 0.368712 0.080659 
 -0.095059 0.369145 0.074938 
 -0.113815 0.369577 0.069218 
 -0.132572 0.370010 0.063497 
 -0.156454 0.366131 0.084282 
 -0.170085 0.370875 0.052055 
 -0.194066 0.366998 0.072811 
 -0.212872 0.367431 0.067075 
 -0.231678 0.367865 0.061339 
 -0.250484 0.368299 0.055603 
 -0.272001 0.366580 0.063075 
 -0.290832 0.367014 0.057331 
 0.135055 0.349065 0.113263 
 0.116348 0.349496 0.107558 
 0.097641 0.349927 0.101852 
 0.081199 0.352547 0.082808 
 0.062517 0.352977 0.077110 
 0.043835 0.353408 0.071412 
 0.022813 0.351653 0.079030 
 -0.000622 0.347713 0.099941 
 -0.019378 0.348145 0.094220 
 -0.042962 0.344208 0.115086 
 -0.061768 0.344642 0.109350 
 -0.080574 0.345076 0.103614 
 -0.099380 0.345509 0.097879 
 -0.118186 0.345943 0.092143 
 -0.136992 0.346376 0.086407 
 -0.158360 0.344629 0.093919 
 -0.177191 0.345063 0.088176 
 -0.193410 0.347677 0.069199 
 -0.212216 0.348111 0.063464 
 -0.233683 0.346366 0.070946 
 -0.252514 0.346800 0.065202 
 -0.276766 0.342879 0.085864 
 -0.295646 0.343314 0.080105 
 -0.314526 0.343749 0.074347 
 0.135708 0.329846 0.109671 
 0.117001 0.330277 0.103966 
 0.098294 0.330708 0.098260 
 0.079587 0.331140 0.092554 
 0.060880 0.331571 0.086849 
 0.042173 0.332002 0.081143 
 0.023466 0.332434 0.075438 
 0.000032 0.328443 0.096339 
 -0.018724 0.328875 0.090618 
 -0.042306 0.324888 0.111475 
 -0.061112 0.325321 0.105739 
 -0.079918 0.325755 0.100003 
 -0.098724 0.326189 0.094268 
 -0.117530 0.326622 0.088532 
 -0.138873 0.324849 0.096047 
 -0.157703 0.325283 0.090303 
 -0.176534 0.325717 0.084560 
 -0.195365 0.326151 0.078817 
 -0.219466 0.322176 0.099514 
 -0.238347 0.322611 0.093756 
 -0.257227 0.323047 0.087997 
 -0.276107 0.323482 0.082239 
 -0.294987 0.323917 0.076480 
 -0.313867 0.324352 0.070722 
 0.117653 0.311058 0.100374 
 0.098946 0.311490 0.094668 
 0.080239 0.311921 0.088962 
 0.061532 0.312352 0.083257 
 0.042825 0.312784 0.077551 
 0.019443 0.308741 0.098458 
 0.000686 0.309173 0.092737 
 -0.022845 0.305134 0.113600 
 -0.041651 0.305567 0.107864 
 -0.060456 0.306001 0.102128 
 -0.079262 0.306434 0.096392 
 -0.100555 0.304634 0.103918 
 -0.119385 0.305069 0.098174 
 -0.143287 0.301038 0.118923 
 -0.162167 0.301473 0.113164 
 -0.175877 0.306371 0.080944 
 -0.199928 0.302344 0.101647 
 -0.218808 0.302779 0.095889 
 -0.237688 0.303214 0.090130 
 -0.261937 0.299191 0.110774 
 -0.275449 0.304085 0.078613 
 -0.294329 0.304520 0.072855 
 0.118305 0.291839 0.096782 
 0.099599 0.292271 0.091076 
 0.076367 0.288174 0.112019 
 0.057610 0.288606 0.106298 
 0.038854 0.289039 0.100577 
 0.020097 0.289471 0.094857 
 -0.003383 0.285380 0.115725 
 -0.022189 0.285813 0.109989 
 -0.043406 0.283986 0.117532 
 -0.062236 0.284420 0.111789 
 -0.081067 0.284854 0.106045 
 -0.099898 0.285288 0.100302 
 -0.118729 0.285723 0.094558 
 -0.142629 0.281641 0.115297 
 -0.161509 0.282076 0.109539 
 -0.180389 0.282512 0.103780 
 -0.199269 0.282947 0.098022 
 -0.218149 0.283382 0.092263 
 -0.242347 0.279307 0.112913 
 -0.261277 0.279744 0.107139 
 -0.274790 0.284688 0.074988 
 -0.293670 0.285124 0.069230 
 0.249774 0.290681 0.007004 
 0.231289 0.291107 0.001366 
 0.139852 0.274481 0.085553 
 0.114534 0.268039 0.119859 
 0.095777 0.268471 0.114138 
 0.077021 0.268904 0.108417 
 0.058264 0.269336 0.102697 
 0.039508 0.269769 0.096976 
 0.016079 0.265625 0.117849 
 -0.002727 0.266059 0.112114 
 -0.021533 0.266493 0.106378 
 -0.042749 0.264640 0.113916 
 -0.061580 0.265074 0.108173 
 -0.085329 0.260938 0.128948 
 -0.104210 0.261373 0.123189 
 -0.123090 0.261809 0.117431 
 -0.141970 0.262244 0.111672 
 -0.160850 0.262679 0.105914 
 -0.179731 0.263115 0.100155 
 -0.198611 0.263550 0.094397 
 -0.217491 0.263985 0.088638 
 -0.236371 0.264421 0.082880 
 -0.260616 0.260296 0.103504 
 -0.279546 0.260733 0.097731 
 -0.298476 0.261169 0.091957 
 0.268903 0.271265 0.009092 
 0.250418 0.271691 0.003454 
 0.231934 0.272117 -0.002183 
 0.213450 0.272543 -0.007821 
 0.194965 0.272969 -0.013459 
 0.133944 0.248337 0.121978 
 0.115188 0.248769 0.116257 
 0.091959 0.244570 0.137182 
 0.073153 0.245004 0.131446 
 0.054347 0.245438 0.125710 
 0.035541 0.245871 0.119974 
 0.016735 0.246305 0.114238 
 -0.002071 0.246738 0.108503 
 -0.023261 0.244860 0.116044 
 -0.046911 0.240671 0.136839 
 -0.065791 0.241106 0.131081 
 -0.084671 0.241541 0.125322 
 -0.103551 0.241977 0.119564 
 -0.122431 0.242412 0.113805 
 -0.146378 0.238230 0.134511 
 -0.165308 0.238666 0.128737 
 -0.179072 0.243718 0.096530 
 -0.203167 0.239539 0.117190 
 -0.222097 0.239975 0.111417 
 -0.241026 0.240412 0.105643 
 -0.259956 0.240848 0.099870 
 -0.278886 0.241285 0.094096 
 -0.297816 0.241721 0.088322 
 0.286019 0.249502 0.024566 
 0.269547 0.252275 0.005543 
 0.251063 0.252701 -0.000095 
 0.232579 0.253127 -0.005733 
 0.214094 0.253553 -0.011370 
 0.195610 0.253979 -0.017008 
 0.174965 0.252063 -0.009306 
 0.138970 0.233752 0.091711 
 0.115842 0.229500 0.112656 
 0.092615 0.225250 0.133571 
 0.073809 0.225683 0.127835 
 0.055003 0.226117 0.122099 
 0.036197 0.226551 0.116363 
 0.015057 0.224645 0.123915 
 -0.003774 0.225080 0.118171 
 -0.027372 0.220839 0.138972 
 -0.046252 0.221274 0.133214 
 -0.069999 0.217036 0.153970 
 -0.088929 0.217473 0.148197 
 -0.107858 0.217909 0.142423 
 -0.126788 0.218345 0.136650 
 -0.145718 0.218782 0.130876 
 -0.164647 0.219218 0.125103 
 -0.178414 0.224321 0.092905 
 -0.202507 0.220091 0.113555 
 -0.221436 0.220528 0.107782 
 -0.245678 0.216302 0.128387 
 -0.264657 0.216739 0.122598 
 -0.286342 0.214847 0.129984 
 -0.305345 0.215285 0.124187 
 0.342192 0.229206 0.037948 
 0.325645 0.232006 0.018907 
 0.307160 0.232432 0.013269 
 0.288676 0.232858 0.007631 
 0.270192 0.233285 0.001993 
 0.251708 0.233711 -0.003644 
 0.237395 0.238877 -0.035998 
 0.218960 0.239302 -0.041621 
 0.200526 0.239727 -0.047243 
 0.177770 0.235415 -0.026195 
 0.157101 0.233474 -0.018505 
 0.120915 0.214964 0.082414 
 0.097740 0.210662 0.103333 
 0.078983 0.211095 0.097613 
 0.055659 0.206797 0.118488 
 0.036853 0.207230 0.112752 
 0.015714 0.205300 0.120299 
 -0.003117 0.205734 0.114556 
 -0.026713 0.201442 0.135347 
 -0.050409 0.197152 0.156109 
 -0.069339 0.197588 0.150336 
 -0.088268 0.198025 0.144562 
 -0.107198 0.198461 0.138789 
 -0.126128 0.198898 0.133015 
 -0.145057 0.199334 0.127241 
 -0.163987 0.199771 0.121468 
 -0.182917 0.200207 0.115694 
 -0.207057 0.195928 0.136320 
 -0.226037 0.196365 0.130531 
 -0.245016 0.196803 0.124742 
 -0.266675 0.194884 0.132131 
 -0.285679 0.195323 0.126334 
 -0.304683 0.195761 0.120538 
 0.353699 0.200167 0.093664 
 0.342837 0.210191 0.034394 
 0.324328 0.210618 0.028748 
 0.307805 0.213442 0.009720 
 0.289321 0.213868 0.004082 
 0.270837 0.214294 -0.001556 
 0.256473 0.219512 -0.033915 
 0.238038 0.219938 -0.039538 
 0.219603 0.220363 -0.045161 
 0.201168 0.220788 -0.050783 
 0.182733 0.221213 -0.056406 
 0.159931 0.216852 -0.035382 
 0.130403 0.205315 0.025559 
 0.098394 0.191393 0.099732 
 0.072863 0.184651 0.133913 
 0.054032 0.185085 0.128170 
 0.030586 0.180739 0.148997 
 0.011705 0.181174 0.143239 
 -0.011889 0.176831 0.164022 
 -0.030819 0.177268 0.158248 
 -0.054562 0.172929 0.178985 
 -0.073541 0.173366 0.173196 
 -0.092520 0.173804 0.167407 
 -0.111500 0.174241 0.161619 
 -0.125468 0.179450 0.129380 
 -0.144397 0.179887 0.123607 
 -0.168437 0.175554 0.144253 
 -0.182257 0.180760 0.112059 
 -0.201186 0.181196 0.106286 
 -0.225375 0.176867 0.126887 
 -0.244354 0.177305 0.121098 
 -0.263333 0.177742 0.115309 
 -0.285016 0.175799 0.122685 
 -0.304020 0.176237 0.116889 
 -0.323024 0.176675 0.111093 
 0.354348 0.181050 0.090091 
 0.343483 0.191175 0.030840 
 0.324974 0.191602 0.025194 
 0.308450 0.194452 0.006170 
 0.289966 0.194878 0.000533 
 0.275550 0.200148 -0.031832 
 0.257116 0.200573 -0.037455 
 0.242849 0.205840 -0.069775 
 0.224464 0.206264 -0.075383 
 0.208212 0.209107 -0.094324 
 0.187693 0.207112 -0.086598 
 0.160575 0.197862 -0.038931 
 0.131052 0.186198 0.021985 
 0.099048 0.172123 0.096130 
 0.069005 0.160472 0.156889 
 0.050124 0.160907 0.151130 
 0.031244 0.161342 0.145372 
 0.012364 0.161778 0.139613 
 -0.011229 0.157384 0.160387 
 -0.034921 0.152992 0.181129 
 -0.053900 0.153430 0.175340 
 -0.072879 0.153868 0.169552 
 -0.091858 0.154305 0.163763 
 -0.110838 0.154743 0.157974 
 -0.129817 0.155180 0.152186 
 -0.148796 0.155618 0.146397 
 -0.167775 0.156056 0.140608 
 -0.181596 0.161312 0.108425 
 -0.205734 0.156931 0.129031 
 -0.224713 0.157369 0.123242 
 -0.243692 0.157806 0.117454 
 -0.265349 0.155837 0.124833 
 -0.284353 0.156275 0.119036 
 -0.303357 0.156713 0.113240 
 -0.322361 0.157151 0.107444 
 0.354997 0.161932 0.086518 
 0.344128 0.172160 0.027286 
 0.325619 0.172587 0.021640 
 0.309094 0.175462 0.002621 
 0.290610 0.175888 -0.003017 
 0.276193 0.181209 -0.035372 
 0.257759 0.181634 -0.040995 
 0.243491 0.186952 -0.073306 
 0.227213 0.189821 -0.092250 
 0.213118 0.195135 -0.124508 
 0.194807 0.195557 -0.130093 
 0.172131 0.191091 -0.109050 
 0.140529 0.176854 -0.034812 
 0.084080 0.135754 0.185620 
 0.069663 0.141075 0.153264 
 0.050783 0.141510 0.147505 
 0.027290 0.137063 0.168299 
 0.008361 0.137500 0.162526 
 -0.010569 0.137936 0.156752 
 -0.029499 0.138373 0.150978 
 -0.053238 0.133932 0.171696 
 -0.072217 0.134369 0.165907 
 -0.091197 0.134807 0.160119 
 -0.110176 0.135244 0.154330 
 -0.129155 0.135682 0.148541 
 -0.148134 0.136120 0.142753 
 -0.167113 0.136557 0.136964 
 -0.180936 0.141864 0.104790 
 -0.205072 0.137432 0.125387 
 -0.226679 0.135436 0.132776 
 -0.243030 0.138308 0.113809 
 -0.264686 0.136313 0.121184 
 -0.283690 0.136751 0.115387 
 -0.302694 0.137189 0.109591 
 -0.321698 0.137627 0.103795 
 0.355646 0.142815 0.082945 
 0.344774 0.153144 0.023732 
 0.326265 0.153571 0.018086 
 0.309739 0.156472 -0.000928 
 0.291255 0.156898 -0.006566 
 0.276836 0.162270 -0.038912 
 0.262517 0.167639 -0.071228 
 0.246214 0.170535 -0.090175 
 0.227854 0.170958 -0.095775 
 0.213757 0.176323 -0.128024 
 0.195446 0.176745 -0.133609 
 0.177135 0.177167 -0.139193 
 0.158824 0.177589 -0.144778 
 0.084740 0.116306 0.181985 
 0.065810 0.116743 0.176211 
 0.046880 0.117179 0.170438 
 0.027951 0.117616 0.164664 
 0.009021 0.118052 0.158891 
 -0.009909 0.118488 0.153117 
 -0.028838 0.118925 0.147344 
 -0.052576 0.114433 0.168052 
 -0.071555 0.114871 0.162263 
 -0.090535 0.115308 0.156475 
 -0.109514 0.115746 0.150686 
 -0.128493 0.116183 0.144897 
 -0.147472 0.116621 0.139109 
 -0.166451 0.117059 0.133320 
 -0.185431 0.117496 0.127531 
 -0.204410 0.117934 0.121743 
 -0.226016 0.115912 0.129127 
 -0.245020 0.116351 0.123331 
 -0.264024 0.116789 0.117534 
 -0.283028 0.117227 0.111738 
 -0.302031 0.117665 0.105942 
 -0.321035 0.118103 0.100146 
 0.373019 0.120767 0.098442 
 0.356295 0.123698 0.079372 
 0.341553 0.129128 0.046937 
 0.326910 0.134556 0.014532 
 0.308401 0.134983 0.008887 
 0.291900 0.137908 -0.010115 
 0.277479 0.143331 -0.042452 
 0.259045 0.143756 -0.048074 
 0.244773 0.149175 -0.080366 
 0.228494 0.152095 -0.099301 
 0.214396 0.157510 -0.131540 
 0.196085 0.157933 -0.137125 
 0.177774 0.158355 -0.142709 
 0.159462 0.158777 -0.148294 
 0.085400 0.096859 0.178350 
 0.066470 0.097295 0.172577 
 0.047541 0.097731 0.166803 
 0.028611 0.098168 0.161030 
 0.009681 0.098604 0.155256 
 -0.013956 0.094059 0.175985 
 -0.028178 0.099477 0.143709 
 -0.051914 0.094935 0.164408 
 -0.070893 0.095372 0.158619 
 -0.089873 0.095810 0.152830 
 -0.108852 0.096247 0.147042 
 -0.127831 0.096685 0.141253 
 -0.146810 0.097123 0.135464 
 -0.165789 0.097560 0.129676 
 -0.184769 0.097998 0.123887 
 -0.203748 0.098435 0.118098 
 -0.225353 0.096389 0.125478 
 -0.241706 0.099311 0.106521 
 -0.263361 0.097265 0.113885 
 -0.282365 0.097703 0.108089 
 -0.301369 0.098141 0.102293 
 -0.320373 0.098579 0.096497 
 0.375552 0.104152 0.081474 
 0.356944 0.104581 0.075799 
 0.342200 0.110062 0.043374 
 0.327556 0.115540 0.010978 
 0.309047 0.115967 0.005333 
 0.292544 0.118918 -0.013665 
 0.278122 0.124391 -0.045992 
 0.263800 0.129863 -0.078289 
 0.247495 0.132809 -0.097226 
 0.233345 0.138276 -0.129471 
 0.215034 0.138698 -0.135056 
 0.198878 0.141641 -0.153948 
 0.180592 0.142063 -0.159525 
 0.162305 0.142485 -0.165102 
 0.144019 0.142906 -0.170680 
 0.067131 0.077847 0.168942 
 0.048201 0.078284 0.163168 
 0.024664 0.073686 0.183918 
 0.010341 0.079157 0.151621 
 -0.013294 0.074561 0.172341 
 -0.032273 0.074998 0.166552 
 -0.051252 0.075436 0.160763 
 -0.070231 0.075874 0.154975 
 -0.089211 0.076311 0.149186 
 -0.108190 0.076749 0.143397 
 -0.127169 0.077187 0.137609 
 -0.146148 0.077624 0.131820 
 -0.165128 0.078062 0.126031 
 -0.184107 0.078499 0.120243 
 -0.205686 0.076426 0.127625 
 -0.224690 0.076865 0.121829 
 -0.241044 0.079812 0.102877 
 -0.262698 0.077741 0.110236 
 -0.281702 0.078179 0.104440 
 -0.300706 0.078617 0.098644 
 -0.319710 0.079056 0.092848 
 0.376201 0.085035 0.077901 
 0.357593 0.085464 0.072226 
 0.342848 0.090995 0.039810 
 0.324289 0.091423 0.034150 
 0.309692 0.096952 0.001779 
 0.293189 0.099928 -0.017214 
 0.278765 0.105452 -0.049531 
 0.264441 0.110974 -0.081819 
 0.248135 0.113946 -0.100752 
 0.233984 0.119464 -0.132987 
 0.215673 0.119886 -0.138572 
 0.199516 0.122855 -0.157459 
 0.181230 0.123276 -0.163036 
 0.162943 0.123698 -0.168613 
 0.144657 0.124120 -0.174191 
 0.067791 0.058400 0.165307 
 0.048861 0.058836 0.159534 
 0.029931 0.059273 0.153760 
 0.011002 0.059709 0.147986 
 -0.012632 0.055062 0.168696 
 -0.031611 0.055500 0.162908 
 -0.050590 0.055938 0.157119 
 -0.069570 0.056375 0.151330 
 -0.088549 0.056813 0.145542 
 -0.107528 0.057250 0.139753 
 -0.126507 0.057688 0.133964 
 -0.148012 0.055588 0.141365 
 -0.167016 0.056026 0.135568 
 -0.183445 0.059001 0.116598 
 -0.205023 0.056903 0.123976 
 -0.224027 0.057341 0.118180 
 -0.243031 0.057779 0.112384 
 -0.262035 0.058217 0.106587 
 -0.281039 0.058655 0.100791 
 -0.300043 0.059093 0.094995 
 0.380612 0.071073 0.047567 
 0.365865 0.076656 0.015161 
 0.347356 0.077083 0.009515 
 0.328847 0.077509 0.003870 
 0.310338 0.077936 -0.001775 
 0.293834 0.080938 -0.020763 
 0.279408 0.086513 -0.053071 
 0.265082 0.092086 -0.085350 
 0.248776 0.095083 -0.104277 
 0.234623 0.100652 -0.136503 
 0.218440 0.103646 -0.155393 
 0.200154 0.104068 -0.160970 
 0.181867 0.104490 -0.166547 
 0.170189 0.112623 -0.211972 
 0.151977 0.113042 -0.217526 
 0.138269 0.118601 -0.249616 
 0.120107 0.119020 -0.255156 
 0.025988 0.034689 0.176629 
 0.011662 0.040261 0.144352 
 -0.007268 0.040698 0.138578 
 -0.030949 0.036002 0.159263 
 -0.049929 0.036439 0.153475 
 -0.068908 0.036877 0.147686 
 -0.087887 0.037314 0.141897 
 -0.106866 0.037752 0.136109 
 -0.125845 0.038190 0.130320 
 -0.147349 0.036064 0.137716 
 -0.166353 0.036502 0.131919 
 -0.182783 0.039502 0.112954 
 -0.204361 0.037379 0.120327 
 -0.223365 0.037817 0.114531 
 -0.242368 0.038255 0.108734 
 -0.266718 0.033574 0.129217 
 -0.285772 0.034013 0.123405 
 -0.304825 0.034453 0.117594 
 -0.323879 0.034892 0.111783 
 0.381259 0.052007 0.044004 
 0.368416 0.060243 -0.001761 
 0.349931 0.060669 -0.007399 
 0.331447 0.061095 -0.013037 
 0.312963 0.061522 -0.018675 
 0.294478 0.061948 -0.024312 
 0.280051 0.067574 -0.056611 
 0.265723 0.073198 -0.088880 
 0.249416 0.076220 -0.107803 
 0.235261 0.081840 -0.140019 
 0.219078 0.084860 -0.158904 
 0.205096 0.090475 -0.191066 
 0.186859 0.090896 -0.196629 
 0.168622 0.091316 -0.202191 
 0.152612 0.094332 -0.221023 
 0.138903 0.099942 -0.253104 
 0.120740 0.100360 -0.258643 
 0.102577 0.100779 -0.264183 
 0.012322 0.020814 0.140717 
 -0.011308 0.016065 0.161408 
 -0.030287 0.016503 0.155619 
 -0.049267 0.016941 0.149830 
 -0.068246 0.017378 0.144042 
 -0.087225 0.017816 0.138253 
 -0.108678 0.015664 0.145659 
 -0.127682 0.016102 0.139863 
 -0.146686 0.016540 0.134066 
 -0.165690 0.016978 0.128270 
 -0.184694 0.017417 0.122474 
 -0.203698 0.017855 0.116678 
 -0.222702 0.018293 0.110882 
 -0.241706 0.018731 0.105085 
 -0.260710 0.019169 0.099289 
 -0.285107 0.014438 0.119747 
 -0.304161 0.014878 0.113936 
 -0.323214 0.015317 0.108124 
 0.385665 0.038198 0.013698 
 0.369060 0.041253 -0.005311 
 0.350576 0.041679 -0.010948 
 0.332092 0.042105 -0.016586 
 0.313607 0.042532 -0.022224 
 0.295123 0.042958 -0.027862 
 0.280694 0.048635 -0.060151 
 0.266364 0.054309 -0.092410 
 0.250056 0.057357 -0.111328 
 0.238002 0.065651 -0.156838 
 0.219716 0.066073 -0.162415 
 0.205732 0.071739 -0.194568 
 0.187495 0.072160 -0.200131 
 0.169258 0.072580 -0.205693 
 0.151021 0.073001 -0.211255 
 0.135035 0.076042 -0.230075 
 0.116823 0.076461 -0.235630 
 0.098611 0.076881 -0.241184 
 0.008333 -0.003871 0.163552 
 -0.010646 -0.003433 0.157763 
 -0.029625 -0.002995 0.151975 
 -0.051003 -0.005175 0.159398 
 -0.074855 -0.009969 0.180013 
 -0.093908 -0.009529 0.174201 
 -0.112962 -0.009090 0.168390 
 -0.127019 -0.003422 0.136214 
 -0.146023 -0.002984 0.130417 
 -0.165027 -0.002545 0.124621 
 -0.184031 -0.002107 0.118825 
 -0.203035 -0.001669 0.113029 
 -0.222039 -0.001231 0.107233 
 -0.241043 -0.000793 0.101436 
 -0.265389 -0.005576 0.121900 
 -0.289834 -0.010356 0.142332 
 -0.308937 -0.009916 0.136506 
 -0.328040 -0.009475 0.130679 
 0.388189 0.021837 -0.003222 
 0.369705 0.022263 -0.008860 
 0.351221 0.022689 -0.014498 
 0.332736 0.023115 -0.020135 
 0.314252 0.023542 -0.025773 
 0.299772 0.029270 -0.058068 
 0.281337 0.029695 -0.063690 
 0.267006 0.035421 -0.095940 
 0.254850 0.043793 -0.141466 
 0.242842 0.052163 -0.186946 
 0.226731 0.055232 -0.205799 
 0.208519 0.055651 -0.211353 
 0.190307 0.056071 -0.216908 
 0.169894 0.053845 -0.209195 
 0.151658 0.054265 -0.214757 
 0.133421 0.054686 -0.220319 
 0.117458 0.057751 -0.239127 
 0.096947 0.055527 -0.231444 
 0.008995 -0.023369 0.159908 
 -0.009984 -0.022932 0.154119 
 -0.031337 -0.025137 0.161546 
 -0.055137 -0.029983 0.182165 
 -0.074190 -0.029544 0.176354 
 -0.093244 -0.029104 0.170543 
 -0.112297 -0.028665 0.164732 
 -0.131351 -0.028226 0.158920 
 -0.150404 -0.027786 0.153109 
 -0.164364 -0.022069 0.120972 
 -0.183368 -0.021631 0.115176 
 -0.202372 -0.021193 0.109380 
 -0.218755 -0.018118 0.090444 
 -0.240380 -0.020317 0.097787 
 -0.259384 -0.019879 0.091991 
 -0.283778 -0.024711 0.112430 
 -0.302832 -0.024272 0.106618 
 -0.321885 -0.023832 0.100807 
 0.407318 0.002421 -0.001134 
 0.388834 0.002847 -0.006772 
 0.370350 0.003273 -0.012409 
 0.351865 0.003699 -0.018047 
 0.337284 0.009481 -0.050362 
 0.318850 0.009906 -0.055985 
 0.304418 0.015685 -0.088256 
 0.286032 0.016109 -0.093863 
 0.269698 0.019208 -0.112779 
 0.255488 0.024981 -0.144982 
 0.243478 0.033427 -0.190447 
 0.227366 0.036521 -0.209296 
 0.209154 0.036941 -0.214850 
 0.190942 0.037361 -0.220405 
 0.172730 0.037781 -0.225960 
 0.154518 0.038201 -0.231514 
 0.136305 0.038621 -0.237069 
 0.118093 0.039041 -0.242624 
 0.097583 0.036791 -0.234945 
 0.009657 -0.042868 0.156263 
 -0.011670 -0.045099 0.163693 
 -0.030674 -0.044661 0.157897 
 -0.054472 -0.049558 0.178507 
 -0.073526 -0.049118 0.172696 
 -0.092579 -0.048679 0.166884 
 -0.111633 -0.048240 0.161073 
 -0.130686 -0.047800 0.155262 
 -0.149740 -0.047361 0.149450 
 -0.168793 -0.046922 0.143639 
 -0.182706 -0.041155 0.111527 
 -0.201709 -0.040717 0.105731 
 -0.220713 -0.040279 0.099934 
 -0.245007 -0.045164 0.120394 
 -0.264060 -0.044725 0.114583 
 -0.288502 -0.049607 0.134996 
 -0.310324 -0.051827 0.142275 
 -0.334939 -0.056705 0.162636 
 -0.354116 -0.056263 0.156787 
 0.407963 -0.016570 -0.004683 
 0.389478 -0.016143 -0.010321 
 0.370994 -0.015717 -0.015959 
 0.356362 -0.009883 -0.048279 
 0.337927 -0.009458 -0.053902 
 0.319493 -0.009033 -0.059525 
 0.305059 -0.003204 -0.091786 
 0.286673 -0.002780 -0.097393 
 0.270338 0.000345 -0.116305 
 0.256127 0.006169 -0.148498 
 0.239915 0.009291 -0.167372 
 0.225877 0.015111 -0.199511 
 0.209789 0.018231 -0.218347 
 0.191577 0.018651 -0.223902 
 0.173365 0.019070 -0.229457 
 0.155153 0.019490 -0.235011 
 0.136941 0.019910 -0.240566 
 0.118728 0.020330 -0.246121 
 0.098219 0.018055 -0.238447 
 0.079982 0.018475 -0.244009 
 0.064092 0.021590 -0.262785 
 -0.034755 -0.069572 0.180660 
 -0.053808 -0.069132 0.174848 
 -0.072861 -0.068693 0.169037 
 -0.091915 -0.068254 0.163226 
 -0.115909 -0.073197 0.183765 
 -0.135012 -0.072756 0.177939 
 -0.149075 -0.066936 0.145792 
 -0.168129 -0.066496 0.139980 
 -0.182043 -0.060679 0.107878 
 -0.201047 -0.060241 0.102082 
 -0.220051 -0.059803 0.096285 
 -0.239055 -0.059364 0.090489 
 -0.263396 -0.064300 0.110924 
 -0.287836 -0.069233 0.131328 
 -0.309657 -0.071478 0.138602 
 -0.334270 -0.076407 0.158953 
 -0.353447 -0.075965 0.153104 
 0.408607 -0.035560 -0.008232 
 0.390123 -0.035133 -0.013870 
 0.375440 -0.029248 -0.046197 
 0.357005 -0.028822 -0.051819 
 0.338570 -0.028397 -0.057442 
 0.324085 -0.022516 -0.089709 
 0.307700 -0.019365 -0.108630 
 0.289339 -0.018941 -0.114230 
 0.275077 -0.013065 -0.146429 
 0.258839 -0.009917 -0.165306 
 0.244750 -0.004045 -0.197451 
 0.226513 -0.003624 -0.203013 
 0.210424 -0.000480 -0.221844 
 0.196558 0.005387 -0.253922 
 0.178395 0.005806 -0.259462 
 0.160233 0.006225 -0.265002 
 0.142070 0.006644 -0.270541 
 0.123907 0.007062 -0.276081 
 0.101152 0.002040 -0.255172 
 0.082939 0.002460 -0.260727 
 0.064727 0.002880 -0.266282 
 -0.038831 -0.094584 0.203403 
 -0.057934 -0.094144 0.197577 
 -0.077037 -0.093703 0.191750 
 -0.096140 -0.093263 0.185924 
 -0.115243 -0.092823 0.180097 
 -0.134346 -0.092382 0.174271 
 -0.148411 -0.086511 0.142133 
 -0.167464 -0.086071 0.136322 
 -0.178811 -0.077489 0.091088 
 -0.200384 -0.079765 0.098433 
 -0.216770 -0.076613 0.079511 
 -0.238392 -0.078888 0.086840 
 -0.262731 -0.083875 0.107265 
 -0.287169 -0.088858 0.127660 
 -0.308990 -0.091129 0.134929 
 -0.333601 -0.096109 0.155271 
 -0.352778 -0.095667 0.149422 
 0.409252 -0.054550 -0.011782 
 0.390768 -0.054123 -0.017419 
 0.376083 -0.048187 -0.049736 
 0.357648 -0.047762 -0.055359 
 0.343112 -0.041828 -0.087631 
 0.326700 -0.038651 -0.106556 
 0.308340 -0.038228 -0.112156 
 0.294026 -0.032299 -0.144360 
 0.277763 -0.029125 -0.163240 
 0.263623 -0.023201 -0.195390 
 0.247484 -0.020030 -0.214232 
 0.229271 -0.019610 -0.219787 
 0.211059 -0.019190 -0.225341 
 0.197191 -0.013272 -0.257410 
 0.179029 -0.012853 -0.262949 
 0.160866 -0.012435 -0.268489 
 0.142703 -0.012016 -0.274029 
 0.124541 -0.011597 -0.279568 
 0.106378 -0.011178 -0.285108 
 0.083575 -0.016251 -0.264224 
 0.065363 -0.015831 -0.269779 
 0.047150 -0.015411 -0.275334 
 -0.057268 -0.113769 0.193908 
 -0.076371 -0.113329 0.188082 
 -0.095474 -0.112889 0.182256 
 -0.114577 -0.112448 0.176429 
 -0.133680 -0.112008 0.170603 
 -0.147746 -0.106085 0.138475 
 -0.161713 -0.100165 0.106376 
 -0.178149 -0.096987 0.087444 
 -0.197128 -0.096549 0.081655 
 -0.216108 -0.096112 0.075867 
 -0.235087 -0.095674 0.070078 
 -0.254066 -0.095237 0.064289 
 -0.281120 -0.103010 0.097796 
 -0.308322 -0.110780 0.131257 
 -0.327450 -0.110339 0.125423 
 -0.352109 -0.115369 0.145740 
 0.398801 -0.090231 0.064769 
 0.380168 -0.089801 0.059086 
 0.372928 -0.072687 -0.026606 
 0.358291 -0.066701 -0.058899 
 0.343753 -0.060717 -0.091162 
 0.327341 -0.057514 -0.110081 
 0.312976 -0.051534 -0.142291 
 0.296688 -0.048334 -0.161173 
 0.282496 -0.042358 -0.193330 
 0.264259 -0.041937 -0.198892 
 0.248119 -0.038740 -0.217729 
 0.229907 -0.038321 -0.223284 
 0.215987 -0.032351 -0.255358 
 0.197825 -0.031932 -0.260897 
 0.184054 -0.025965 -0.292926 
 0.165941 -0.025548 -0.298450 
 0.147827 -0.025130 -0.303975 
 0.125174 -0.030257 -0.283056 
 0.107012 -0.029838 -0.288595 
 0.084210 -0.034961 -0.267721 
 0.065998 -0.034541 -0.273276 
 0.047786 -0.034121 -0.278831 
 -0.056602 -0.133395 0.190240 
 -0.075705 -0.132955 0.184414 
 -0.094808 -0.132514 0.178588 
 -0.113911 -0.132074 0.172761 
 -0.128028 -0.126099 0.140627 
 -0.142046 -0.120127 0.108523 
 -0.158508 -0.116923 0.089588 
 -0.172354 -0.110955 0.057537 
 -0.191283 -0.110519 0.051764 
 -0.210213 -0.110082 0.045990 
 -0.229143 -0.109646 0.040217 
 -0.253404 -0.114735 0.060645 
 -0.275074 -0.117060 0.067950 
 -0.291363 -0.113860 0.049068 
 -0.310342 -0.113422 0.043279 
 0.399450 -0.109373 0.061192 
 0.380818 -0.108944 0.055509 
 0.367879 -0.100096 0.009835 
 0.353166 -0.094057 -0.022471 
 0.340499 -0.085215 -0.068061 
 0.327981 -0.076377 -0.113607 
 0.313615 -0.070346 -0.145807 
 0.297325 -0.067120 -0.164685 
 0.283132 -0.061093 -0.196832 
 0.264895 -0.060673 -0.202394 
 0.248754 -0.057451 -0.221226 
 0.234783 -0.051429 -0.253306 
 0.216621 -0.051010 -0.258845 
 0.198458 -0.050591 -0.264385 
 0.184685 -0.044574 -0.296404 
 0.166572 -0.044156 -0.301928 
 0.148459 -0.043739 -0.307453 
 0.130346 -0.043321 -0.312977 
 0.112233 -0.042904 -0.318502 
 0.094120 -0.042486 -0.324026 
 0.071320 -0.047660 -0.303162 
 0.048421 -0.052832 -0.282328 
 0.034995 -0.046822 -0.314241 
 0.016832 -0.046404 -0.319781 
 -0.094141 -0.152140 0.174920 
 -0.113244 -0.151699 0.169093 
 -0.132347 -0.151259 0.163267 
 -0.141384 -0.139651 0.104874 
 -0.157846 -0.136422 0.085944 
 -0.166561 -0.124821 0.027649 
 -0.185441 -0.124386 0.021891 
 -0.209553 -0.129530 0.042356 
 -0.233763 -0.134671 0.062789 
 -0.252742 -0.134234 0.057001 
 -0.271721 -0.133796 0.051212 
 -0.290701 -0.133358 0.045423 
 -0.309680 -0.132921 0.039635 
 -0.328659 -0.132483 0.033846 
 0.396405 -0.134181 0.084295 
 0.377723 -0.133750 0.078597 
 0.362835 -0.127656 0.046248 
 0.346124 -0.124396 0.027247 
 0.335302 -0.112645 -0.031670 
 0.328621 -0.095240 -0.117132 
 0.316249 -0.086329 -0.162619 
 0.297963 -0.085907 -0.168196 
 0.285813 -0.077001 -0.213613 
 0.267601 -0.076581 -0.219168 
 0.249389 -0.076161 -0.224723 
 0.235417 -0.070088 -0.256793 
 0.217254 -0.069670 -0.262333 
 0.203430 -0.063600 -0.294357 
 0.185317 -0.063183 -0.299882 
 0.173861 -0.054293 -0.345089 
 0.151335 -0.059524 -0.324151 
 0.133246 -0.059107 -0.329668 
 0.112865 -0.061512 -0.321980 
 0.094751 -0.061095 -0.327504 
 0.071953 -0.066319 -0.306650 
 0.053791 -0.065901 -0.312189 
 0.035628 -0.065482 -0.317729 
 0.017465 -0.065063 -0.323268 
 -0.000697 -0.064644 -0.328808 
 -0.018860 -0.064226 -0.334348 
 -0.131681 -0.170884 0.159599 
 -0.150784 -0.170444 0.153772 
 -0.139401 -0.136203 -0.009605 
 -0.158207 -0.135770 -0.015341 
 -0.179603 -0.138152 -0.007963 
 -0.203663 -0.143347 0.012507 
 -0.227822 -0.148541 0.032947 
 -0.252080 -0.153732 0.053356 
 -0.271059 -0.153294 0.047568 
 -0.284611 -0.147231 0.015626 
 -0.303541 -0.146795 0.009853 
 -0.330760 -0.154793 0.043263 
 0.391516 -0.161949 0.120715 
 0.372760 -0.161516 0.114995 
 0.357796 -0.155370 0.082633 
 0.341010 -0.152082 0.063614 
 0.328165 -0.143084 0.017998 
 0.329262 -0.114103 -0.120658 
 0.314892 -0.107970 -0.152839 
 0.298601 -0.104694 -0.171707 
 0.286449 -0.095712 -0.217110 
 0.268236 -0.095292 -0.222665 
 0.250024 -0.094872 -0.228220 
 0.236050 -0.088748 -0.260281 
 0.222175 -0.082627 -0.292311 
 0.206231 -0.079358 -0.311073 
 0.192529 -0.073241 -0.343050 
 0.176708 -0.069976 -0.361775 
 0.163179 -0.063862 -0.393700 
 0.145214 -0.063448 -0.399179 
 0.115789 -0.077273 -0.338658 
 0.097700 -0.076856 -0.344175 
 0.077270 -0.079286 -0.336507 
 0.054424 -0.084560 -0.315677 
 0.036261 -0.084141 -0.321216 
 0.018099 -0.083723 -0.326756 
 -0.000064 -0.083304 -0.332296 
 -0.018226 -0.082885 -0.337835 
 -0.036389 -0.082466 -0.343375 
 -0.054552 -0.082048 -0.348914 
 -0.128586 -0.144155 -0.065714 
 -0.147293 -0.143724 -0.071420 
 -0.166000 -0.143293 -0.077126 
 -0.195163 -0.154223 -0.030424 
 -0.213969 -0.153789 -0.036159 
 -0.246092 -0.167552 0.023539 
 -0.265021 -0.167116 0.017765 
 -0.273100 -0.155327 -0.040295 
 -0.283718 -0.146380 -0.085231 
 -0.302474 -0.145947 -0.090952 
 0.388478 -0.186986 0.143776 
 0.369672 -0.186552 0.138040 
 0.354657 -0.180353 0.105672 
 0.335901 -0.179921 0.099952 
 0.321034 -0.173726 0.067629 
 0.302327 -0.173295 0.061924 
 0.321514 -0.118142 -0.196212 
 0.303277 -0.117721 -0.201775 
 0.287084 -0.114422 -0.220607 
 0.273009 -0.108245 -0.252689 
 0.254846 -0.107826 -0.258229 
 0.240920 -0.101653 -0.290264 
 0.222807 -0.101236 -0.295789 
 0.211197 -0.092190 -0.341012 
 0.195350 -0.088898 -0.359739 
 0.181770 -0.082733 -0.391670 
 0.166047 -0.079444 -0.410359 
 0.152640 -0.073283 -0.442236 
 0.130168 -0.078617 -0.421303 
 0.105279 -0.086821 -0.387211 
 0.080243 -0.095022 -0.353165 
 0.059789 -0.097477 -0.345509 
 0.041676 -0.097059 -0.351034 
 0.023562 -0.096642 -0.356558 
 0.005449 -0.096224 -0.362083 
 -0.017593 -0.101545 -0.341323 
 -0.035755 -0.101126 -0.346862 
 -0.053918 -0.100707 -0.352402 
 -0.072081 -0.100288 -0.357942 
 -0.095370 -0.105604 -0.337256 
 -0.113583 -0.105184 -0.342811 
 -0.207572 -0.187873 0.031451 
 -0.226502 -0.187436 0.025678 
 -0.245432 -0.187000 0.019904 
 -0.258987 -0.180835 -0.012019 
 -0.272443 -0.174673 -0.043911 
 -0.283063 -0.165649 -0.088833 
 -0.296297 -0.159492 -0.120657 
 -0.315004 -0.159061 -0.126363 
 0.389134 -0.206306 0.140165 
 0.370328 -0.205872 0.134429 
 0.351522 -0.205439 0.128694 
 0.332716 -0.205005 0.122958 
 0.313910 -0.204572 0.117222 
 0.299042 -0.198326 0.084908 
 0.280286 -0.197893 0.079188 
 0.309968 -0.127742 -0.245097 
 0.291805 -0.127323 -0.250637 
 0.273643 -0.126905 -0.256176 
 0.255480 -0.126486 -0.261716 
 0.241552 -0.120262 -0.293742 
 0.223438 -0.119844 -0.299267 
 0.211826 -0.110722 -0.344476 
 0.195978 -0.107405 -0.363198 
 0.189045 -0.092488 -0.434758 
 0.171155 -0.092076 -0.440215 
 0.153264 -0.091663 -0.445672 
 0.135374 -0.091250 -0.451128 
 0.112853 -0.096634 -0.430219 
 0.087893 -0.104913 -0.396164 
 0.062785 -0.113188 -0.362156 
 0.042307 -0.115668 -0.354512 
 0.024194 -0.115250 -0.360036 
 0.006081 -0.114833 -0.365561 
 -0.016959 -0.120204 -0.344810 
 -0.035122 -0.119785 -0.350350 
 -0.053285 -0.119367 -0.355889 
 -0.076523 -0.124734 -0.335199 
 -0.094735 -0.124314 -0.340753 
 -0.112947 -0.123894 -0.346308 
 -0.172954 -0.169734 -0.142385 
 -0.199473 -0.177977 -0.108806 
 -0.218155 -0.177546 -0.114504 
 -0.258328 -0.200232 -0.015644 
 -0.277208 -0.199796 -0.021403 
 -0.290617 -0.193584 -0.053270 
 -0.301166 -0.184487 -0.098155 
 -0.319922 -0.184054 -0.103876 
 0.387946 -0.228561 0.149876 
 0.370984 -0.225193 0.130818 
 0.350285 -0.227693 0.138389 
 0.333372 -0.224326 0.119347 
 0.314566 -0.223892 0.113611 
 0.299696 -0.217595 0.081307 
 0.276954 -0.223025 0.102139 
 0.258148 -0.222591 0.096403 
 0.288354 -0.151843 -0.227602 
 0.270142 -0.151423 -0.233156 
 0.251930 -0.151003 -0.238711 
 0.237951 -0.144727 -0.270743 
 0.230494 -0.129670 -0.342438 
 0.212455 -0.129254 -0.347940 
 0.200988 -0.120059 -0.393090 
 0.189669 -0.110868 -0.438194 
 0.174019 -0.107530 -0.456851 
 0.153888 -0.110043 -0.449107 
 0.131419 -0.115478 -0.428192 
 0.111165 -0.117988 -0.420486 
 0.088522 -0.123420 -0.399623 
 0.068144 -0.125927 -0.391955 
 0.045328 -0.131355 -0.371146 
 0.027239 -0.130938 -0.376663 
 0.006713 -0.133441 -0.369039 
 -0.011400 -0.133024 -0.374563 
 -0.034489 -0.138445 -0.353837 
 -0.052651 -0.138026 -0.359377 
 -0.075888 -0.143444 -0.338696 
 -0.094100 -0.143024 -0.344250 
 -0.112312 -0.142604 -0.349805 
 -0.172305 -0.188851 -0.145958 
 -0.190913 -0.188422 -0.151633 
 -0.212182 -0.190909 -0.144236 
 -0.236186 -0.196309 -0.123789 
 -0.276550 -0.219193 -0.025028 
 -0.295430 -0.218758 -0.030787 
 -0.300512 -0.203756 -0.101757 
 -0.319268 -0.203324 -0.107478 
 0.384916 -0.253826 0.172893 
 0.366036 -0.253391 0.167135 
 0.347156 -0.252956 0.161376 
 0.332111 -0.246604 0.129030 
 0.313280 -0.246170 0.123286 
 0.296416 -0.242779 0.104264 
 0.277610 -0.242345 0.098528 
 0.258804 -0.241912 0.092792 
 0.229792 -0.256254 0.153339 
 0.210862 -0.255818 0.147565 
 0.191932 -0.255381 0.141792 
 0.238584 -0.163386 -0.274231 
 0.231123 -0.148203 -0.345902 
 0.226074 -0.130073 -0.430716 
 0.208184 -0.129660 -0.436172 
 0.192508 -0.126297 -0.454832 
 0.174642 -0.125885 -0.460281 
 0.156776 -0.125473 -0.465730 
 0.136622 -0.128010 -0.457999 
 0.114105 -0.133496 -0.437109 
 0.089150 -0.141927 -0.403082 
 0.064047 -0.150355 -0.369102 
 0.045959 -0.149938 -0.374619 
 0.027870 -0.149521 -0.380136 
 0.007344 -0.152050 -0.372517 
 -0.010769 -0.151632 -0.378041 
 -0.033855 -0.157105 -0.357325 
 -0.052018 -0.156686 -0.362864 
 -0.075253 -0.162155 -0.342193 
 -0.093465 -0.161735 -0.347747 
 -0.111677 -0.161315 -0.353302 
 -0.161214 -0.196200 -0.201863 
 -0.184994 -0.201656 -0.181357 
 -0.208872 -0.207110 -0.160882 
 -0.230165 -0.209622 -0.153497 
 -0.248797 -0.209192 -0.159180 
 -0.267430 -0.208762 -0.164863 
 -0.286063 -0.208333 -0.170546 
 -0.318614 -0.222594 -0.111079 
 0.385575 -0.273223 0.169268 
 0.370429 -0.266819 0.136901 
 0.347814 -0.272352 0.157751 
 0.328934 -0.271917 0.151992 
 0.310054 -0.271482 0.146234 
 0.295106 -0.265082 0.113927 
 0.272293 -0.270611 0.134717 
 0.253413 -0.270176 0.128959 
 0.230452 -0.275702 0.149704 
 0.211522 -0.275265 0.143930 
 0.192593 -0.274829 0.138157 
 0.226698 -0.148453 -0.434151 
 0.208808 -0.148040 -0.439607 
 0.193131 -0.144651 -0.458263 
 0.175265 -0.144239 -0.463712 
 0.157399 -0.143827 -0.469161 
 0.137246 -0.146390 -0.461434 
 0.114730 -0.151926 -0.440553 
 0.089778 -0.160434 -0.406541 
 0.064678 -0.168938 -0.372575 
 0.044202 -0.171494 -0.364946 
 0.026089 -0.171076 -0.370470 
 0.007976 -0.170659 -0.375995 
 -0.015059 -0.176183 -0.355273 
 -0.033222 -0.175764 -0.360812 
 -0.051384 -0.175345 -0.366352 
 -0.074618 -0.180865 -0.345690 
 -0.100510 -0.189351 -0.311965 
 -0.118796 -0.188929 -0.317543 
 -0.160569 -0.215215 -0.205417 
 -0.184346 -0.220723 -0.184920 
 -0.202905 -0.220295 -0.190581 
 -0.226831 -0.225798 -0.170130 
 -0.245439 -0.225369 -0.175806 
 -0.266780 -0.227905 -0.168441 
 -0.285413 -0.227475 -0.174124 
 0.397846 -0.305100 0.224661 
 0.382550 -0.298641 0.192258 
 0.363620 -0.298205 0.186484 
 0.344690 -0.297768 0.180711 
 0.325761 -0.297332 0.174937 
 0.310712 -0.290879 0.142609 
 0.291832 -0.290443 0.136850 
 0.272952 -0.290008 0.131092 
 0.250042 -0.295586 0.151843 
 0.231112 -0.295150 0.146069 
 0.212182 -0.294713 0.140296 
 0.193253 -0.294277 0.134522 
 0.227322 -0.166833 -0.437586 
 0.209432 -0.166420 -0.443043 
 0.193754 -0.163006 -0.461693 
 0.175888 -0.162594 -0.467142 
 0.155760 -0.165183 -0.459413 
 0.133296 -0.170771 -0.438526 
 0.113044 -0.173357 -0.430834 
 0.090406 -0.178941 -0.410000 
 0.070031 -0.181524 -0.402346 
 0.047220 -0.187105 -0.381566 
 0.029132 -0.186688 -0.387083 
 0.008608 -0.189268 -0.379473 
 -0.009505 -0.188850 -0.384997 
 -0.032588 -0.194424 -0.364300 
 -0.050751 -0.194005 -0.369839 
 -0.073983 -0.199576 -0.349187 
 -0.092195 -0.199156 -0.354741 
 -0.118158 -0.207716 -0.321054 
 -0.159923 -0.234231 -0.208971 
 -0.183699 -0.239789 -0.188484 
 -0.202258 -0.239361 -0.194144 
 -0.226182 -0.244916 -0.173703 
 -0.247498 -0.247477 -0.166336 
 -0.266130 -0.247047 -0.172019 
 -0.284763 -0.246618 -0.177702 
 0.398508 -0.324599 0.221016 
 0.379529 -0.324161 0.215228 
 0.360549 -0.323723 0.209439 
 0.345351 -0.317216 0.177076 
 0.326421 -0.316780 0.171302 
 0.307491 -0.316343 0.165529 
 0.288561 -0.315907 0.159755 
 0.269632 -0.315470 0.153982 
 0.250702 -0.315034 0.148208 
 0.231772 -0.314597 0.142434 
 0.212843 -0.314161 0.136661 
 0.193913 -0.313724 0.130887 
 0.174983 -0.313288 0.125114 
 0.210056 -0.184800 -0.446478 
 0.194377 -0.181360 -0.465124 
 0.174275 -0.183975 -0.457391 
 0.156384 -0.183563 -0.462848 
 0.133922 -0.189202 -0.441971 
 0.109049 -0.197864 -0.407965 
 0.088699 -0.200473 -0.400308 
 0.065940 -0.206105 -0.379522 
 0.047851 -0.205688 -0.385039 
 0.027353 -0.208294 -0.377426 
 0.009240 -0.207876 -0.382951 
 -0.013792 -0.213502 -0.362248 
 -0.031955 -0.213083 -0.367787 
 -0.050117 -0.212665 -0.373327 
 -0.073347 -0.218286 -0.352684 
 -0.099234 -0.226924 -0.318988 
 -0.120104 -0.229522 -0.311489 
 -0.146238 -0.238155 -0.277868 
 -0.169889 -0.243766 -0.257353 
 -0.193638 -0.249376 -0.236869 
 -0.214805 -0.251966 -0.229460 
 -0.238728 -0.257572 -0.209028 
 -0.257286 -0.257144 -0.214689 
 -0.297895 -0.280835 -0.116163 
 -0.316651 -0.280403 -0.121884 
 -0.335408 -0.279970 -0.127604 
 0.399170 -0.344097 0.217372 
 0.380191 -0.343659 0.211583 
 0.361211 -0.343222 0.205795 
 0.346011 -0.336664 0.173441 
 0.327081 -0.336227 0.167667 
 0.308151 -0.335791 0.161894 
 0.289222 -0.335354 0.156120 
 0.270292 -0.334918 0.150347 
 0.251362 -0.334481 0.144573 
 0.228357 -0.340159 0.165274 
 0.209378 -0.339721 0.159485 
 0.190399 -0.339283 0.153697 
 0.171419 -0.338846 0.147908 
 0.174899 -0.202355 -0.460826 
 0.152487 -0.208046 -0.439944 
 0.132262 -0.210684 -0.432254 
 0.109677 -0.216371 -0.411424 
 0.089328 -0.219005 -0.403772 
 0.066570 -0.224688 -0.382995 
 0.048482 -0.224271 -0.388512 
 0.027984 -0.226903 -0.380904 
 0.009871 -0.226485 -0.386429 
 -0.013159 -0.232162 -0.365735 
 -0.031321 -0.231743 -0.371275 
 -0.054500 -0.237416 -0.350626 
 -0.075245 -0.240042 -0.343094 
 -0.098597 -0.245711 -0.322499 
 -0.124630 -0.254423 -0.288862 
 -0.145597 -0.257043 -0.281398 
 -0.169246 -0.262706 -0.260893 
 -0.195650 -0.271408 -0.227369 
 -0.219522 -0.277066 -0.206932 
 -0.243492 -0.282721 -0.186525 
 -0.264831 -0.285333 -0.179174 
 -0.297241 -0.300105 -0.119764 
 -0.315997 -0.299672 -0.125485 
 -0.329144 -0.293161 -0.157213 
 -0.347851 -0.292730 -0.162918 
 0.399832 -0.363596 0.213728 
 0.379014 -0.366245 0.221232 
 0.361873 -0.362720 0.202151 
 0.342894 -0.362283 0.196362 
 0.323915 -0.361845 0.190573 
 0.304936 -0.361407 0.184785 
 0.289882 -0.354802 0.152486 
 0.266977 -0.360532 0.173207 
 0.247998 -0.360095 0.167418 
 0.229019 -0.359657 0.161630 
 0.210040 -0.359219 0.155841 
 0.191061 -0.358782 0.150053 
 0.169970 -0.361425 0.157474 
 0.142422 -0.373307 0.204488 
 0.123319 -0.372866 0.198661 
 0.150853 -0.229554 -0.430224 
 0.132889 -0.229140 -0.435704 
 0.110305 -0.234878 -0.414883 
 0.085290 -0.243689 -0.380951 
 0.067201 -0.243272 -0.386468 
 0.049113 -0.242855 -0.391985 
 0.028616 -0.245511 -0.384382 
 0.010503 -0.245094 -0.389907 
 -0.012525 -0.250821 -0.369223 
 -0.035653 -0.256547 -0.348568 
 -0.053865 -0.256127 -0.354123 
 -0.074609 -0.258778 -0.346596 
 -0.100515 -0.267568 -0.312936 
 -0.126571 -0.276355 -0.279321 
 -0.150168 -0.282070 -0.258810 
 -0.173865 -0.287782 -0.238329 
 -0.195005 -0.290424 -0.230923 
 -0.218874 -0.296132 -0.210495 
 -0.242843 -0.301838 -0.190098 
 -0.264181 -0.304475 -0.182752 
 -0.291077 -0.313243 -0.149393 
 -0.315343 -0.318942 -0.129087 
 -0.328491 -0.312380 -0.160805 
 -0.347199 -0.311949 -0.166510 
 -0.365905 -0.311518 -0.172216 
 0.379676 -0.385769 0.217583 
 0.362535 -0.382219 0.198506 
 0.343556 -0.381781 0.192718 
 0.324577 -0.381344 0.186929 
 0.305598 -0.380906 0.181140 
 0.286618 -0.380468 0.175352 
 0.267639 -0.380031 0.169563 
 0.248660 -0.379593 0.163774 
 0.229681 -0.379156 0.157986 
 0.210702 -0.378718 0.152197 
 0.191722 -0.378280 0.146408 
 0.162192 -0.393373 0.206646 
 0.143089 -0.392932 0.200820 
 0.123986 -0.392492 0.194993 
 0.104883 -0.392051 0.189167 
 0.085780 -0.391611 0.183340 
 0.151480 -0.248010 -0.433674 
 0.133515 -0.247596 -0.439153 
 0.115550 -0.247182 -0.444632 
 0.085921 -0.262272 -0.384425 
 0.065474 -0.264955 -0.376811 
 0.049744 -0.261438 -0.395459 
 0.029248 -0.264120 -0.387860 
 0.006271 -0.269900 -0.367171 
 -0.011892 -0.269481 -0.372710 
 -0.035018 -0.275257 -0.352065 
 -0.053230 -0.274837 -0.357620 
 -0.079035 -0.283706 -0.323944 
 -0.107544 -0.295668 -0.277243 
 -0.131091 -0.301434 -0.256727 
 -0.149525 -0.301009 -0.262349 
 -0.173220 -0.306772 -0.241879 
 -0.199669 -0.315626 -0.208398 
 -0.218227 -0.315198 -0.214059 
 -0.242194 -0.320955 -0.193671 
 -0.268989 -0.329801 -0.160296 
 -0.290425 -0.332462 -0.152985 
 -0.314689 -0.338212 -0.132688 
 -0.333445 -0.337779 -0.138409 
 -0.352202 -0.337347 -0.144130 
 -0.370958 -0.336914 -0.149850 
 0.380339 -0.405293 0.213934 
 0.363197 -0.401717 0.194862 
 0.344218 -0.401280 0.189073 
 0.325239 -0.400842 0.183285 
 0.306260 -0.400404 0.177496 
 0.287280 -0.399967 0.171707 
 0.268301 -0.399529 0.165919 
 0.249322 -0.399092 0.160130 
 0.230343 -0.398654 0.154341 
 0.209304 -0.401349 0.161768 
 0.192384 -0.397779 0.142764 
 0.162858 -0.412998 0.202978 
 0.143755 -0.412558 0.197152 
 0.124652 -0.412118 0.191325 
 0.105549 -0.411677 0.185499 
 0.086446 -0.411237 0.179672 
 0.067343 -0.410796 0.173846 
 0.045982 -0.413484 0.181175 
 0.026854 -0.413043 0.175342 
 0.102332 -0.284399 -0.369240 
 0.084219 -0.283982 -0.374765 
 0.066106 -0.283564 -0.380289 
 0.050375 -0.280021 -0.398932 
 0.029880 -0.282729 -0.391338 
 0.006904 -0.288559 -0.370658 
 -0.016170 -0.294387 -0.350008 
 -0.034382 -0.293967 -0.355562 
 -0.060111 -0.302914 -0.321878 
 -0.080927 -0.305614 -0.314383 
 -0.106903 -0.314556 -0.280774 
 -0.130448 -0.320373 -0.260267 
 -0.156695 -0.329308 -0.226741 
 -0.175205 -0.328881 -0.232386 
 -0.199021 -0.334693 -0.211962 
 -0.217580 -0.334265 -0.217622 
 -0.244248 -0.343190 -0.184225 
 -0.271066 -0.352112 -0.150872 
 -0.295278 -0.357914 -0.130569 
 -0.314035 -0.357481 -0.136290 
 -0.332791 -0.357049 -0.142011 
 -0.351548 -0.356616 -0.147731 
 -0.370304 -0.356184 -0.153452 
 0.373656 -0.437469 0.263400 
 0.363859 -0.421216 0.191218 
 0.344880 -0.420778 0.185429 
 0.325901 -0.420341 0.179640 
 0.306921 -0.419903 0.173852 
 0.287942 -0.419465 0.168063 
 0.268963 -0.419028 0.162274 
 0.249984 -0.418590 0.156486 
 0.231005 -0.418152 0.150697 
 0.209966 -0.420873 0.158119 
 0.186795 -0.426750 0.178730 
 0.163524 -0.432624 0.199310 
 0.144421 -0.432184 0.193483 
 0.125318 -0.431743 0.187657 
 0.106215 -0.431303 0.181831 
 0.087112 -0.430862 0.176004 
 0.065777 -0.433576 0.183337 
 0.048907 -0.429981 0.164351 
 0.027522 -0.432694 0.171669 
 0.008394 -0.432253 0.165835 
 0.084851 -0.302590 -0.378243 
 0.066738 -0.302173 -0.383767 
 0.048625 -0.301755 -0.389292 
 0.030511 -0.301337 -0.394816 
 0.007538 -0.307219 -0.374146 
 -0.010625 -0.306800 -0.379685 
 -0.033747 -0.312678 -0.359059 
 -0.061977 -0.324849 -0.312314 
 -0.085347 -0.330721 -0.291764 
 -0.116478 -0.346031 -0.232064 
 -0.134962 -0.345604 -0.237702 
 -0.161257 -0.354615 -0.204205 
 -0.185072 -0.360477 -0.183791 
 -0.203680 -0.360047 -0.189466 
 -0.222288 -0.359618 -0.195142 
 -0.243599 -0.362333 -0.187803 
 -0.275868 -0.377616 -0.128450 
 -0.294624 -0.377184 -0.134171 
 -0.318934 -0.383034 -0.113907 
 -0.337740 -0.382600 -0.119643 
 -0.376330 -0.404149 -0.034540 
 -0.395309 -0.403712 -0.040329 
 -0.414288 -0.403274 -0.046118 
 0.374322 -0.457095 0.259732 
 0.362661 -0.443902 0.200840 
 0.343657 -0.443464 0.195043 
 0.324653 -0.443026 0.189247 
 0.305649 -0.442588 0.183451 
 0.288604 -0.438964 0.164419 
 0.269625 -0.438526 0.158630 
 0.250646 -0.438089 0.152841 
 0.231667 -0.437651 0.147053 
 0.212687 -0.437213 0.141264 
 0.187459 -0.446324 0.175071 
 0.168406 -0.445885 0.169260 
 0.145087 -0.451809 0.189815 
 0.125984 -0.451369 0.183989 
 0.106882 -0.450928 0.178163 
 0.087779 -0.450488 0.172336 
 0.066444 -0.453227 0.179664 
 0.047316 -0.452786 0.173830 
 0.028189 -0.452345 0.167996 
 0.009061 -0.451904 0.162162 
 -0.014727 -0.457817 0.182574 
 -0.033905 -0.457375 0.176725 
 -0.053082 -0.456933 0.170876 
 0.026334 -0.326297 -0.372094 
 0.008171 -0.325878 -0.377633 
 -0.009991 -0.325459 -0.383173 
 -0.033112 -0.331388 -0.362556 
 -0.051324 -0.330968 -0.368111 
 -0.099877 -0.368619 -0.216913 
 -0.118386 -0.368193 -0.222558 
 -0.136895 -0.367766 -0.228204 
 -0.160610 -0.373681 -0.207768 
 -0.184423 -0.379594 -0.187364 
 -0.203031 -0.379165 -0.193039 
 -0.221639 -0.378736 -0.198715 
 -0.248352 -0.387812 -0.165360 
 -0.275213 -0.396886 -0.132051 
 -0.299472 -0.402788 -0.111782 
 -0.321054 -0.405521 -0.104531 
 -0.351087 -0.417753 -0.058355 
 -0.375668 -0.423648 -0.038185 
 -0.394647 -0.423210 -0.043973 
 -0.413626 -0.422772 -0.049762 
 0.359604 -0.469853 0.223715 
 0.340551 -0.469414 0.217903 
 0.321498 -0.468974 0.212092 
 0.306312 -0.462112 0.179802 
 0.287308 -0.461673 0.174006 
 0.268304 -0.461235 0.168210 
 0.249300 -0.460797 0.162413 
 0.230296 -0.460359 0.156617 
 0.211292 -0.459921 0.150821 
 0.188124 -0.465899 0.171413 
 0.169070 -0.465460 0.165602 
 0.150017 -0.465021 0.159790 
 0.126651 -0.470994 0.180321 
 0.107548 -0.470554 0.174495 
 0.088445 -0.470113 0.168668 
 0.069342 -0.469673 0.162842 
 0.047983 -0.472437 0.170157 
 0.028856 -0.471996 0.164323 
 0.009728 -0.471555 0.158489 
 -0.009400 -0.471114 0.152655 
 -0.028527 -0.470673 0.146821 
 -0.047655 -0.470232 0.140987 
 -0.052359 -0.450585 0.056578 
 -0.071339 -0.450148 0.050790 
 -0.075598 -0.430512 -0.033483 
 -0.091951 -0.426878 -0.052299 
 -0.093237 -0.404055 -0.149494 
 -0.111869 -0.403625 -0.155177 
 -0.122845 -0.393603 -0.200011 
 -0.146558 -0.399569 -0.179586 
 -0.165166 -0.399140 -0.185261 
 -0.186401 -0.401907 -0.177909 
 -0.210336 -0.407867 -0.157551 
 -0.229018 -0.407437 -0.163249 
 -0.255803 -0.416588 -0.129932 
 -0.280010 -0.422542 -0.109657 
 -0.298816 -0.422109 -0.115393 
 -0.331497 -0.437637 -0.056216 
 -0.350427 -0.437200 -0.061990 
 -0.375006 -0.443146 -0.041829 
 -0.393985 -0.442708 -0.047618 
 -0.412964 -0.442271 -0.053406 
 0.360269 -0.489428 0.220056 
 0.341216 -0.488988 0.214245 
 0.322162 -0.488549 0.208433 
 0.303109 -0.488110 0.202622 
 0.284055 -0.487671 0.196811 
 0.268967 -0.480759 0.164561 
 0.249963 -0.480321 0.158764 
 0.230959 -0.479883 0.152968 
 0.211955 -0.479445 0.147172 
 0.188788 -0.485474 0.167754 
 0.169735 -0.485035 0.161943 
 0.146420 -0.491060 0.182479 
 0.127317 -0.490620 0.176653 
 0.108214 -0.490179 0.170826 
 0.086906 -0.492970 0.178152 
 0.067778 -0.492529 0.172318 
 0.048651 -0.492088 0.166484 
 0.029523 -0.491647 0.160650 
 0.010395 -0.491206 0.154816 
 -0.008732 -0.490765 0.148982 
 -0.025506 -0.487096 0.130042 
 -0.039853 -0.480202 0.098019 
 -0.051697 -0.470084 0.052934 
 -0.070677 -0.469646 0.047145 
 -0.074941 -0.449858 -0.037098 
 -0.091295 -0.446199 -0.055910 
 -0.110101 -0.445765 -0.061646 
 -0.123853 -0.438885 -0.093489 
 -0.127301 -0.419115 -0.177483 
 -0.148485 -0.421908 -0.170121 
 -0.167118 -0.421479 -0.175804 
 -0.191002 -0.427492 -0.155440 
 -0.212335 -0.430281 -0.148123 
 -0.236392 -0.436290 -0.127813 
 -0.255149 -0.435858 -0.133534 
 -0.282079 -0.445082 -0.100276 
 -0.306409 -0.451084 -0.080049 
 -0.325289 -0.450649 -0.085807 
 -0.349767 -0.456648 -0.065625 
 -0.374344 -0.462644 -0.045473 
 -0.393323 -0.462207 -0.051262 
 -0.412302 -0.461769 -0.057051 
 0.341880 -0.508563 0.210586 
 0.319012 -0.514650 0.231249 
 0.303773 -0.507685 0.198964 
 0.284720 -0.507245 0.193152 
 0.265666 -0.506806 0.187341 
 0.250625 -0.499845 0.155115 
 0.231622 -0.499407 0.149319 
 0.212618 -0.498968 0.143523 
 0.189453 -0.505049 0.164096 
 0.170399 -0.504609 0.158284 
 0.147086 -0.510686 0.178811 
 0.127983 -0.510246 0.172985 
 0.108880 -0.509805 0.167158 
 0.087573 -0.512621 0.174479 
 0.068445 -0.512180 0.168645 
 0.049318 -0.511739 0.162811 
 0.030190 -0.511298 0.156977 
 0.011062 -0.510857 0.151143 
 -0.005737 -0.507162 0.132200 
 -0.024840 -0.506722 0.126374 
 -0.034434 -0.493272 0.068172 
 -0.051035 -0.489582 0.049290 
 -0.060307 -0.476140 -0.008814 
 -0.074284 -0.469204 -0.040714 
 -0.090639 -0.465520 -0.059521 
 -0.109445 -0.465086 -0.065257 
 -0.128251 -0.464652 -0.070993 
 -0.141955 -0.457722 -0.102811 
 -0.160712 -0.457290 -0.108532 
 -0.174268 -0.450363 -0.140304 
 -0.192975 -0.449931 -0.146009 
 -0.216981 -0.455992 -0.125694 
 -0.241087 -0.462051 -0.105408 
 -0.262592 -0.464862 -0.098148 
 -0.281422 -0.464428 -0.103891 
 -0.305750 -0.470481 -0.083674 
 -0.324630 -0.470046 -0.089433 
 -0.354703 -0.482581 -0.043329 
 -0.373682 -0.482143 -0.049118 
 -0.392661 -0.481705 -0.054906 
 -0.411640 -0.481268 -0.060695 
 0.319679 -0.534276 0.227581 
 0.300576 -0.533835 0.221754 
 0.281473 -0.533395 0.215928 
 0.266331 -0.526381 0.183682 
 0.247277 -0.525941 0.177871 
 0.232284 -0.518931 0.145670 
 0.213280 -0.518492 0.139874 
 0.190117 -0.524623 0.160437 
 0.171064 -0.524184 0.154626 
 0.147752 -0.530312 0.175143 
 0.128649 -0.529871 0.169317 
 0.109547 -0.529431 0.163490 
 0.088240 -0.532272 0.170806 
 0.069112 -0.531831 0.164973 
 0.049985 -0.531390 0.159139 
 0.030857 -0.530949 0.153305 
 0.011729 -0.530508 0.147471 
 -0.005071 -0.526788 0.128532 
 -0.024174 -0.526347 0.122706 
 -0.038524 -0.519352 0.090701 
 -0.050374 -0.509081 0.045645 
 -0.064501 -0.502090 0.013709 
 -0.078529 -0.495102 -0.018198 
 -0.092458 -0.488116 -0.050073 
 -0.108789 -0.484406 -0.068868 
 -0.127595 -0.483973 -0.074604 
 -0.141301 -0.476992 -0.106412 
 -0.160058 -0.476559 -0.112133 
 -0.178814 -0.476127 -0.117854 
 -0.197571 -0.475694 -0.123575 
 -0.221625 -0.481805 -0.103283 
 -0.243104 -0.484642 -0.096020 
 -0.267331 -0.490748 -0.075782 
 -0.286211 -0.490313 -0.081541 
 -0.310587 -0.496416 -0.061347 
 -0.337834 -0.505785 -0.028216 
 -0.362432 -0.511883 -0.008091 
 -0.381486 -0.511444 -0.013902 
 -0.400539 -0.511005 -0.019713 
 -0.419593 -0.510565 -0.025525 
 0.339448 -0.554342 0.229739 
 0.320345 -0.553901 0.223913 
 0.301242 -0.553461 0.218086 
 0.282139 -0.553020 0.212260 
 0.266996 -0.545955 0.180024 
 0.247942 -0.545516 0.174213 
 0.232947 -0.538454 0.142021 
 0.213943 -0.538016 0.136225 
 0.194939 -0.537578 0.130429 
 0.171728 -0.543759 0.150967 
 0.152675 -0.543320 0.145156 
 0.133622 -0.542880 0.139345 
 0.110213 -0.549056 0.159822 
 0.088907 -0.551923 0.167134 
 0.069780 -0.551482 0.161300 
 0.050652 -0.551041 0.155466 
 0.031524 -0.550600 0.149632 
 0.012397 -0.550159 0.143798 
 -0.004405 -0.546413 0.124864 
 -0.018806 -0.539366 0.092854 
 -0.033108 -0.532320 0.060874 
 -0.049711 -0.528579 0.042001 
 -0.063841 -0.521538 0.010074 
 -0.077870 -0.514498 -0.021823 
 -0.091802 -0.507461 -0.053689 
 -0.110632 -0.507027 -0.059433 
 -0.126939 -0.503293 -0.078215 
 -0.140647 -0.496261 -0.110014 
 -0.164551 -0.502426 -0.089686 
 -0.183357 -0.501993 -0.095422 
 -0.196917 -0.494964 -0.127176 
 -0.223617 -0.504422 -0.093893 
 -0.247792 -0.510580 -0.073649 
 -0.266673 -0.510145 -0.079408 
 -0.290997 -0.516300 -0.059208 
 -0.318167 -0.525747 -0.026069 
 -0.342714 -0.531897 -0.005938 
 -0.361768 -0.531458 -0.011749 
 -0.386463 -0.537604 0.008336 
 -0.405566 -0.537164 0.002510 
 -0.424669 -0.536723 -0.003317 
 0.340114 -0.573967 0.226071 
 0.321011 -0.573527 0.220245 
 0.301908 -0.573086 0.214418 
 0.282805 -0.572646 0.208592 
 0.263702 -0.572205 0.202765 
 0.248607 -0.565091 0.170554 
 0.233610 -0.557978 0.138372 
 0.214606 -0.557540 0.132576 
 0.195602 -0.557102 0.126779 
 0.172393 -0.563334 0.147309 
 0.153340 -0.562894 0.141497 
 0.134286 -0.562455 0.135686 
 0.110879 -0.568682 0.156154 
 0.089574 -0.571574 0.163461 
 0.070447 -0.571133 0.157627 
 0.051319 -0.570692 0.151793 
 0.032191 -0.570251 0.145959 
 0.013064 -0.569810 0.140125 
 -0.003738 -0.566039 0.121196 
 -0.018141 -0.558940 0.089196 
 -0.032445 -0.551844 0.057225 
 -0.049050 -0.548078 0.038357 
 -0.068029 -0.547640 0.032568 
 -0.082110 -0.540549 0.000666 
 -0.096092 -0.533460 -0.031207 
 -0.109975 -0.526373 -0.063048 
 -0.128806 -0.525939 -0.068792 
 -0.147637 -0.525505 -0.074535 
 -0.166468 -0.525071 -0.080278 
 -0.185298 -0.524636 -0.086022 
 -0.204129 -0.524202 -0.091765 
 -0.228254 -0.530413 -0.071516 
 -0.252477 -0.536621 -0.051296 
 -0.271407 -0.536184 -0.057070 
 -0.298500 -0.545709 -0.023922 
 -0.317504 -0.545271 -0.029718 
 -0.342050 -0.551472 -0.009597 
 -0.361103 -0.551033 -0.015408 
 -0.380157 -0.550593 -0.021219 
 -0.399210 -0.550154 -0.027030 
 -0.418263 -0.549715 -0.032842 
 0.340780 -0.593593 0.222403 
 0.321677 -0.593152 0.216577 
 0.302574 -0.592712 0.210750 
 0.283472 -0.592272 0.204924 
 0.264369 -0.591831 0.199097 
 0.249271 -0.584666 0.166895 
 0.234273 -0.577502 0.134723 
 0.215269 -0.577064 0.128927 
 0.192111 -0.583348 0.149462 
 0.173057 -0.582908 0.143650 
 0.154004 -0.582469 0.137839 
 0.134951 -0.582030 0.132028 
 0.111545 -0.588307 0.152486 
 0.090242 -0.591225 0.159788 
 0.071114 -0.590784 0.153954 
 0.051986 -0.590343 0.148120 
 0.032859 -0.589902 0.142286 
 0.013731 -0.589461 0.136452 
 -0.003072 -0.585665 0.117528 
 -0.022175 -0.585224 0.111701 
 -0.036530 -0.578076 0.079726 
 -0.050786 -0.570930 0.047780 
 -0.069790 -0.570491 0.041983 
 -0.086346 -0.566701 0.023135 
 -0.100380 -0.559560 -0.008742 
 -0.119309 -0.559124 -0.014516 
 -0.138239 -0.558687 -0.020289 
 -0.152074 -0.551551 -0.052107 
 -0.170955 -0.551115 -0.057866 
 -0.189835 -0.550680 -0.063624 
 -0.208715 -0.550245 -0.069383 
 -0.232888 -0.556505 -0.049157 
 -0.257159 -0.562763 -0.028963 
 -0.270747 -0.555632 -0.060704 
 -0.297838 -0.565233 -0.027571 
 -0.322332 -0.571486 -0.007444 
 -0.341385 -0.571047 -0.013255 
 -0.360439 -0.570607 -0.019066 
 -0.385131 -0.576855 0.001000 
 -0.404233 -0.576415 -0.004827 
 -0.423336 -0.575975 -0.010653 
 -0.442439 -0.575534 -0.016479 
 0.341447 -0.613219 0.218735 
 0.322344 -0.612778 0.212909 
 0.303241 -0.612338 0.207082 
 0.284138 -0.611897 0.201256 
 0.265035 -0.611457 0.195429 
 0.249936 -0.604240 0.163237 
 0.230882 -0.603801 0.157426 
 0.211829 -0.603362 0.151614 
 0.192775 -0.602922 0.145803 
 0.173722 -0.602483 0.139992 
 0.154669 -0.602044 0.134180 
 0.135615 -0.601604 0.128369 
 0.112212 -0.607933 0.148818 
 0.090909 -0.610876 0.156115 
 0.071781 -0.610435 0.150281 
 0.052653 -0.609994 0.144447 
 0.033526 -0.609553 0.138613 
 0.014398 -0.609112 0.132779 
 -0.002406 -0.605290 0.113860 
 -0.021509 -0.604850 0.108033 
 -0.035866 -0.597651 0.076067 
 -0.050124 -0.590454 0.044131 
 -0.069127 -0.590015 0.038334 
 -0.085684 -0.586200 0.019491 
 -0.099719 -0.579008 -0.012377 
 -0.118649 -0.578571 -0.018151 
 -0.137579 -0.578135 -0.023924 
 -0.151416 -0.570947 -0.055733 
 -0.170296 -0.570512 -0.061491 
 -0.189176 -0.570077 -0.067250 
 -0.208056 -0.569641 -0.073008 
 -0.232227 -0.575953 -0.052792 
 -0.259167 -0.585634 -0.019628 
 -0.278171 -0.585195 -0.025424 
 -0.297175 -0.584757 -0.031220 
 -0.321667 -0.591061 -0.011102 
 -0.340721 -0.590621 -0.016914 
 -0.365361 -0.596921 0.003158 
 -0.384464 -0.596481 -0.002668 
 -0.403567 -0.596041 -0.008495 
 -0.422670 -0.595600 -0.014321 
 -0.441773 -0.595160 -0.020148 
 0.342113 -0.632844 0.215067 
 0.323010 -0.632404 0.209240 
 0.303907 -0.631963 0.203414 
 0.284804 -0.631523 0.197588 
 0.265701 -0.631082 0.191761 
 0.246598 -0.630642 0.185935 
 0.231547 -0.623376 0.153767 
 0.212493 -0.622936 0.147956 
 0.193440 -0.622497 0.142144 
 0.170187 -0.628880 0.162629 
 0.151084 -0.628439 0.156803 
 0.131981 -0.627999 0.150976 
 0.112878 -0.627559 0.145150 
 0.093775 -0.627118 0.139324 
 0.072448 -0.630086 0.146608 
 0.053320 -0.629645 0.140775 
 0.034193 -0.629204 0.134941 
 0.015065 -0.628763 0.129107 
 -0.004063 -0.628322 0.123273 
 -0.020843 -0.624475 0.104365 
 -0.035201 -0.617225 0.072409 
 -0.049461 -0.609977 0.040482 
 -0.068465 -0.609539 0.034685 
 -0.087469 -0.609101 0.028889 
 -0.104001 -0.605260 0.010058 
 -0.122981 -0.604823 0.004269 
 -0.136919 -0.597583 -0.027559 
 -0.150757 -0.590344 -0.059358 
 -0.169638 -0.589909 -0.065116 
 -0.193708 -0.596273 -0.044880 
 -0.212637 -0.595837 -0.050653 
 -0.231567 -0.595400 -0.056427 
 -0.255835 -0.601760 -0.036251 
 -0.277508 -0.604719 -0.029073 
 -0.296512 -0.604281 -0.034869 
 -0.321003 -0.610636 -0.014761 
 -0.345592 -0.616988 0.005316 
 -0.364695 -0.616547 -0.000510 
 -0.386616 -0.619501 0.006594 
 -0.405744 -0.619060 0.000760 
 -0.424871 -0.618619 -0.005074 
 0.285470 -0.651148 0.193920 
 0.266367 -0.650708 0.188093 
 0.247264 -0.650267 0.182267 
 0.228162 -0.649827 0.176440 
 0.209059 -0.649386 0.170614 
 0.189956 -0.648946 0.164788 
 0.170853 -0.648506 0.158961 
 0.151750 -0.648065 0.153135 
 0.132647 -0.647625 0.147308 
 0.113544 -0.647184 0.141482 
 0.094441 -0.646744 0.135656 
 0.073115 -0.649737 0.142936 
 0.053987 -0.649296 0.137102 
 0.034860 -0.648855 0.131268 
 0.015732 -0.648414 0.125434 
 -0.003395 -0.647973 0.119600 
 -0.020176 -0.644101 0.100697 
 -0.039279 -0.643661 0.094871 
 -0.053590 -0.636361 0.062939 
 -0.072644 -0.635921 0.057128 
 -0.086806 -0.628625 0.025240 
 -0.103339 -0.624759 0.006414 
 -0.122319 -0.624321 0.000625 
 -0.141298 -0.623884 -0.005164 
 -0.155188 -0.616594 -0.036967 
 -0.174118 -0.616157 -0.042741 
 -0.193047 -0.615721 -0.048515 
 -0.211977 -0.615284 -0.054288 
 -0.236194 -0.621696 -0.034107 
 -0.255173 -0.621258 -0.039896 
 -0.276845 -0.624243 -0.032722 
 -0.295849 -0.623805 -0.038518 
 -0.320338 -0.630210 -0.018419 
 -0.344926 -0.636613 0.001648 
 -0.364029 -0.636173 -0.004178 
 -0.385949 -0.639152 0.002921 
 -0.405076 -0.638711 -0.002913 
 -0.424204 -0.638270 -0.008747 
 0.267034 -0.670333 0.184425 
 0.247931 -0.669893 0.178599 
 0.226804 -0.672916 0.185934 
 0.209725 -0.669012 0.166946 
 0.190622 -0.668572 0.161120 
 0.171519 -0.668131 0.155293 
 0.152416 -0.667691 0.149467 
 0.133313 -0.667250 0.143640 
 0.114210 -0.666810 0.137814 
 0.095107 -0.666369 0.131988 
 0.073782 -0.669388 0.139263 
 0.054655 -0.668947 0.133429 
 0.035527 -0.668506 0.127595 
 0.011807 -0.674980 0.147918 
 -0.007370 -0.674538 0.142069 
 -0.026547 -0.674095 0.136220 
 -0.040984 -0.666742 0.104259 
 -0.060111 -0.666301 0.098425 
 -0.079239 -0.665860 0.092591 
 -0.095922 -0.661965 0.073724 
 -0.115025 -0.661524 0.067897 
 -0.134128 -0.661084 0.062071 
 -0.143155 -0.646834 0.004202 
 -0.159615 -0.642945 -0.014597 
 -0.178594 -0.642507 -0.020385 
 -0.197573 -0.642069 -0.026174 
 -0.216553 -0.641632 -0.031963 
 -0.235532 -0.641194 -0.037751 
 -0.257178 -0.644205 -0.030575 
 -0.276182 -0.643767 -0.036371 
 -0.300620 -0.650224 -0.016267 
 -0.319674 -0.649785 -0.022078 
 -0.338727 -0.649346 -0.027889 
 -0.357780 -0.648906 -0.033701 
 -0.376834 -0.648467 -0.039512 
 -0.395887 -0.648028 -0.045323 
 -0.420671 -0.654477 -0.025325 
 0.248597 -0.689519 0.174931 
 0.227471 -0.692567 0.182262 
 0.208343 -0.692126 0.176428 
 0.189215 -0.691685 0.170594 
 0.170088 -0.691244 0.164760 
 0.150960 -0.690803 0.158926 
 0.131832 -0.690362 0.153092 
 0.114877 -0.686435 0.134146 
 0.093577 -0.689480 0.141424 
 0.074449 -0.689039 0.135590 
 0.055322 -0.688598 0.129756 
 0.036194 -0.688157 0.123922 
 0.012476 -0.694682 0.144235 
 -0.006701 -0.694239 0.138386 
 -0.030568 -0.700760 0.158654 
 -0.040317 -0.686393 0.100586 
 -0.064233 -0.692913 0.120839 
 -0.078572 -0.685511 0.088918 
 -0.097700 -0.685070 0.083085 
 -0.116827 -0.684629 0.077251 
 -0.133461 -0.680709 0.058403 
 -0.147528 -0.673314 0.026565 
 -0.158953 -0.662443 -0.018241 
 -0.177932 -0.662005 -0.024030 
 -0.196912 -0.661568 -0.029818 
 -0.218508 -0.664606 -0.022632 
 -0.237512 -0.664167 -0.028428 
 -0.261849 -0.670678 -0.008303 
 -0.286285 -0.677186 0.011791 
 -0.299956 -0.669799 -0.019925 
 -0.324491 -0.676305 0.000139 
 -0.343593 -0.675864 -0.005688 
 -0.362696 -0.675424 -0.011514 
 -0.381799 -0.674983 -0.017341 
 -0.400902 -0.674543 -0.023167 
 -0.420005 -0.674103 -0.028993 
 0.220049 -0.726276 0.231196 
 0.204916 -0.718805 0.199043 
 0.189882 -0.711336 0.166921 
 0.170755 -0.710895 0.161087 
 0.151627 -0.710454 0.155253 
 0.132500 -0.710013 0.149419 
 0.113372 -0.709572 0.143585 
 0.094244 -0.709131 0.137751 
 0.075117 -0.708690 0.131917 
 0.055989 -0.708249 0.126083 
 0.036861 -0.707808 0.120249 
 0.013145 -0.714383 0.140553 
 -0.006033 -0.713941 0.134704 
 -0.025210 -0.713499 0.128855 
 -0.044387 -0.713057 0.123006 
 -0.063564 -0.712615 0.117157 
 -0.082741 -0.712172 0.111308 
 -0.097032 -0.704721 0.079412 
 -0.116160 -0.704280 0.073578 
 -0.132795 -0.700335 0.054735 
 -0.146864 -0.692888 0.022907 
 -0.160833 -0.685444 -0.008892 
 -0.179837 -0.685006 -0.014688 
 -0.198841 -0.684568 -0.020484 
 -0.223078 -0.691131 -0.000339 
 -0.242131 -0.690692 -0.006150 
 -0.266516 -0.697252 0.013950 
 -0.285618 -0.696811 0.008123 
 -0.307437 -0.699869 0.015238 
 -0.332044 -0.706424 0.035270 
 -0.356751 -0.712977 0.055272 
 -0.375977 -0.712533 0.049408 
 -0.395204 -0.712090 0.043544 
 -0.400236 -0.694169 -0.026835 
 0.216676 -0.753109 0.253799 
 0.201493 -0.745586 0.221640 
 0.186408 -0.738065 0.189512 
 0.167231 -0.737623 0.183663 
 0.148053 -0.737180 0.177814 
 0.128876 -0.736738 0.171965 
 0.114039 -0.729223 0.139912 
 0.094911 -0.728782 0.134078 
 0.075784 -0.728341 0.128244 
 0.056656 -0.727900 0.122410 
 0.037528 -0.727459 0.116577 
 0.013813 -0.734085 0.136871 
 -0.005364 -0.733643 0.131022 
 -0.029227 -0.740266 0.151270 
 -0.043718 -0.732759 0.119324 
 -0.062895 -0.732317 0.113474 
 -0.082072 -0.731874 0.107625 
 -0.101249 -0.731432 0.101776 
 -0.115493 -0.723931 0.069905 
 -0.132129 -0.719961 0.051067 
 -0.151232 -0.719520 0.045240 
 -0.165253 -0.712024 0.013437 
 -0.184306 -0.711585 0.007625 
 -0.208541 -0.718199 0.027761 
 -0.227643 -0.717758 0.021935 
 -0.246746 -0.717318 0.016108 
 -0.268514 -0.720403 0.023233 
 -0.293021 -0.727010 0.043286 
 -0.317627 -0.733616 0.063308 
 -0.342331 -0.740220 0.083301 
 -0.361608 -0.739775 0.077422 
 -0.380884 -0.739331 0.071543 
 -0.400160 -0.738886 0.065663 
 0.167899 -0.757324 0.179981 
 0.148722 -0.756882 0.174132 
 0.129545 -0.756440 0.168283 
 0.114706 -0.748874 0.136240 
 0.095578 -0.748433 0.130406 
 0.076451 -0.747992 0.124572 
 0.057323 -0.747551 0.118738 
 0.033659 -0.754229 0.139037 
 0.014482 -0.753787 0.133188 
 -0.004695 -0.753345 0.127339 
 -0.043049 -0.752461 0.115641 
 -0.062226 -0.752018 0.109792 
 -0.081403 -0.751576 0.103943 
 -0.119758 -0.750692 0.092245 
 -0.133954 -0.743141 0.060398 
 -0.153081 -0.742700 0.054564 
 -0.172209 -0.742259 0.048730 
 -0.191337 -0.741818 0.042896 
 -0.210464 -0.741377 0.037062 
 -0.234821 -0.748039 0.057151 
 -0.253998 -0.747597 0.051302 
 -0.278503 -0.754255 0.071345 
 