0.283325 0.816081 0.317900 
 0.264267 0.833288 0.313892 
 0.325026 0.745361 0.321494 
 0.305968 0.762567 0.317487 
 0.299152 0.788626 0.281876 
 0.267852 0.796980 0.309471 
 0.248794 0.814186 0.305464 
 0.229735 0.831392 0.301456 
 0.210678 0.848599 0.297449 
 0.191619 0.865805 0.293441 
 0.172561 0.883011 0.289434 
 0.153503 0.900217 0.285426 
 0.134445 0.917424 0.281419 
 0.402062 0.732693 0.178781 
 0.383223 0.749702 0.174819 
 0.364383 0.766711 0.170858 
 0.302728 0.752411 0.277467 
 0.283718 0.769573 0.273470 
 0.252378 0.777878 0.301043 
 0.233320 0.795085 0.297036 
 0.214262 0.812291 0.293028 
 0.195204 0.829497 0.289021 
 0.163621 0.838022 0.316543 
 0.157088 0.863910 0.281006 
 0.138030 0.881116 0.276998 
 0.118972 0.898322 0.272991 
 0.436474 0.689007 0.146751 
 0.417684 0.705972 0.142800 
 0.386766 0.713811 0.170449 
 0.367927 0.730820 0.166488 
 0.349088 0.747828 0.162526 
 0.305703 0.746849 0.221705 
 0.280606 0.759471 0.233503 
 0.249275 0.767683 0.261066 
 0.230266 0.784845 0.257068 
 0.211256 0.802008 0.253071 
 0.179731 0.810396 0.280592 
 0.160673 0.827602 0.276585 
 0.141615 0.844808 0.272577 
 0.122557 0.862014 0.268570 
 0.116209 0.887819 0.233085 
 0.097200 0.904982 0.229087 
 0.078190 0.922144 0.225090 
 0.458040 0.667168 0.094977 
 0.421218 0.670174 0.138441 
 0.402428 0.687138 0.134490 
 0.371471 0.694929 0.162118 
 0.352631 0.711938 0.158156 
 0.333792 0.728946 0.154195 
 0.290328 0.727870 0.213330 
 0.265212 0.740467 0.225117 
 0.233841 0.748630 0.252659 
 0.214832 0.765793 0.248661 
 0.195822 0.782955 0.244664 
 0.164258 0.791294 0.272164 
 0.145200 0.808500 0.268156 
 0.138794 0.834442 0.232672 
 0.107084 0.842913 0.260141 
 0.100775 0.868767 0.224678 
 0.081766 0.885929 0.220680 
 0.062757 0.903091 0.216683 
 0.461560 0.631508 0.090636 
 0.442843 0.648407 0.086700 
 0.405962 0.651340 0.130131 
 0.387171 0.668305 0.126180 
 0.368381 0.685270 0.122229 
 0.349590 0.702235 0.118277 
 0.318497 0.710064 0.145863 
 0.287306 0.717981 0.173428 
 0.256018 0.725986 0.200974 
 0.230857 0.738581 0.212745 
 0.211896 0.755700 0.208758 
 0.180389 0.763902 0.236257 
 0.161379 0.781065 0.232260 
 0.129727 0.789399 0.259728 
 0.123361 0.815389 0.224265 
 0.091611 0.823811 0.251713 
 0.085342 0.849714 0.216271 
 0.079170 0.875529 0.180848 
 0.047323 0.884039 0.208276 
 0.041249 0.909766 0.172874 
 0.022288 0.926884 0.168887 
 0.435076 0.572121 0.165262 
 0.428287 0.598577 0.129724 
 0.409497 0.615542 0.125772 
 0.390706 0.632507 0.121821 
 0.371915 0.649471 0.117870 
 0.353125 0.666436 0.113919 
 0.334334 0.683401 0.109967 
 0.315543 0.700366 0.106016 
 0.284362 0.708191 0.133570 
 0.253083 0.716103 0.161103 
 0.221706 0.724103 0.188617 
 0.196502 0.736696 0.200372 
 0.164955 0.744849 0.227850 
 0.145946 0.762012 0.223853 
 0.114254 0.770297 0.251300 
 0.107927 0.796336 0.215859 
 0.088917 0.813499 0.211861 
 0.069908 0.830661 0.207864 
 0.063776 0.856525 0.172463 
 0.044815 0.873643 0.168476 
 0.025854 0.890762 0.164489 
 0.006894 0.907880 0.160502 
 -0.012067 0.924999 0.156515 
 0.419780 0.553239 0.156930 
 0.413031 0.579743 0.121414 
 0.394241 0.596708 0.117462 
 0.375450 0.613673 0.113511 
 0.362778 0.635320 0.093796 
 0.344011 0.652263 0.089850 
 0.325245 0.669206 0.085904 
 0.306479 0.686149 0.081958 
 0.287712 0.703092 0.078012 
 0.262706 0.715462 0.089803 
 0.250180 0.736977 0.070119 
 0.199972 0.731277 0.144807 
 0.181084 0.748330 0.140835 
 0.143186 0.751928 0.184013 
 0.124225 0.769047 0.180026 
 0.105264 0.786165 0.176039 
 0.073484 0.794446 0.203455 
 0.054474 0.811608 0.199457 
 0.048382 0.837521 0.164078 
 0.029421 0.854639 0.160091 
 0.010460 0.871758 0.156103 
 -0.008501 0.888876 0.152116 
 -0.027461 0.905995 0.148129 
 0.461002 0.483330 0.160483 
 0.442163 0.500339 0.156522 
 0.423324 0.517348 0.152560 
 0.416566 0.543945 0.117055 
 0.415970 0.575227 0.065802 
 0.397252 0.592126 0.061866 
 0.366308 0.599568 0.089443 
 0.347541 0.616511 0.085497 
 0.328775 0.633454 0.081551 
 0.322381 0.659722 0.046122 
 0.291242 0.667340 0.073659 
 0.272476 0.684283 0.069712 
 0.253710 0.701225 0.065766 
 0.234943 0.718168 0.061820 
 0.209869 0.730558 0.073591 
 0.191078 0.747523 0.069639 
 0.134148 0.737433 0.159922 
 0.108831 0.750043 0.171641 
 0.089870 0.767161 0.167653 
 0.058050 0.775393 0.195048 
 0.039041 0.792556 0.191050 
 0.032988 0.818517 0.155692 
 0.001022 0.826880 0.183056 
 -0.017988 0.844043 0.179059 
 -0.036997 0.861205 0.175061 
 -0.056007 0.878367 0.171064 
 -0.075016 0.895530 0.167067 
 0.464546 0.447439 0.156113 
 0.445707 0.464448 0.152152 
 0.426868 0.481457 0.148190 
 0.420100 0.508147 0.112696 
 0.401310 0.525112 0.108745 
 0.388604 0.546873 0.089036 
 0.369838 0.563816 0.085090 
 0.351071 0.580759 0.081144 
 0.332305 0.597702 0.077198 
 0.325902 0.624063 0.041780 
 0.307184 0.640962 0.037844 
 0.288467 0.657861 0.033908 
 0.269749 0.674760 0.029973 
 0.251031 0.691659 0.026037 
 0.232313 0.708558 0.022101 
 0.213596 0.725457 0.018165 
 0.182174 0.733245 0.045628 
 0.163408 0.750188 0.041682 
 0.144642 0.767131 0.037736 
 0.074476 0.748157 0.159268 
 0.042616 0.756341 0.186641 
 0.023607 0.773503 0.182644 
 0.004597 0.790665 0.178646 
 -0.014412 0.807828 0.174649 
 -0.033421 0.824990 0.170652 
 -0.052431 0.842152 0.166654 
 -0.071440 0.859315 0.162657 
 -0.090450 0.876477 0.158660 
 -0.109459 0.893639 0.154663 
 0.468090 0.411548 0.151743 
 0.461216 0.438419 0.116240 
 0.442425 0.455384 0.112289 
 0.423635 0.472348 0.108337 
 0.404844 0.489313 0.104386 
 0.392134 0.511121 0.084683 
 0.373368 0.528064 0.080737 
 0.354601 0.545007 0.076791 
 0.335835 0.561950 0.072845 
 0.329423 0.588403 0.037439 
 0.310705 0.605302 0.033503 
 0.291988 0.622201 0.029567 
 0.273270 0.639100 0.025631 
 0.254552 0.655999 0.021695 
 0.235834 0.672898 0.017759 
 0.217117 0.689797 0.013823 
 0.198399 0.706696 0.009887 
 0.179681 0.723595 0.005951 
 0.148172 0.731379 0.033383 
 0.129405 0.748322 0.029437 
 0.091305 0.751723 0.072513 
 0.085403 0.777715 0.037214 
 0.027653 0.767860 0.127245 
 0.002199 0.780509 0.138922 
 -0.029846 0.788775 0.166242 
 -0.048855 0.805937 0.162245 
 -0.067865 0.823099 0.158248 
 -0.100103 0.831541 0.185526 
 -0.105883 0.857424 0.150253 
 -0.124893 0.874587 0.146256 
 -0.143902 0.891749 0.142258 
 0.459726 0.365659 0.178914 
 0.452794 0.392666 0.143412 
 0.433955 0.409675 0.139450 
 0.427169 0.436550 0.103978 
 0.414430 0.458426 0.084276 
 0.395664 0.475369 0.080330 
 0.376897 0.492312 0.076384 
 0.358131 0.509255 0.072438 
 0.339365 0.526198 0.068492 
 0.320599 0.543141 0.064545 
 0.314226 0.569643 0.029161 
 0.295508 0.586542 0.025225 
 0.276791 0.603441 0.021289 
 0.258073 0.620340 0.017353 
 0.239355 0.637239 0.013417 
 0.220637 0.654138 0.009481 
 0.201920 0.671037 0.005545 
 0.183202 0.687936 0.001609 
 0.164484 0.704835 -0.002327 
 0.145767 0.721734 -0.006263 
 0.127049 0.738633 -0.010199 
 0.095403 0.746455 0.017191 
 0.076636 0.763398 0.013245 
 0.012279 0.748881 0.118871 
 -0.013195 0.761505 0.130536 
 -0.045279 0.769722 0.157835 
 -0.064289 0.786884 0.153838 
 -0.083298 0.804047 0.149841 
 -0.102308 0.821209 0.145844 
 -0.121317 0.838371 0.141846 
 -0.140326 0.855534 0.137849 
 -0.172751 0.864059 0.165076 
 -0.191809 0.881265 0.161068 
 0.444391 0.346728 0.170561 
 0.437499 0.373784 0.135080 
 0.430704 0.400752 0.099620 
 0.411913 0.417717 0.095668 
 0.393123 0.434681 0.091717 
 0.380427 0.456560 0.072031 
 0.361661 0.473503 0.068085 
 0.342895 0.490446 0.064138 
 0.324128 0.507389 0.060192 
 0.317747 0.533984 0.024819 
 0.299029 0.550883 0.020883 
 0.267830 0.558217 0.048354 
 0.261594 0.584681 0.013011 
 0.242876 0.601579 0.009075 
 0.224158 0.618478 0.005139 
 0.205441 0.635377 0.001203 
 0.186723 0.652276 -0.002733 
 0.168005 0.669175 -0.006669 
 0.149287 0.686074 -0.010605 
 0.130570 0.702973 -0.014541 
 0.111852 0.719872 -0.018477 
 0.093134 0.736771 -0.022413 
 0.074417 0.753670 -0.026349 
 0.055699 0.770569 -0.030284 
 -0.028589 0.742501 0.122151 
 -0.047550 0.759619 0.118164 
 -0.079723 0.767832 0.145431 
 -0.111992 0.776132 0.172677 
 -0.131050 0.793338 0.168670 
 -0.136751 0.819319 0.133439 
 -0.155760 0.836481 0.129442 
 -0.188224 0.844957 0.156647 
 -0.207282 0.862163 0.152640 
 0.436005 0.300605 0.197688 
 0.429056 0.327797 0.162208 
 0.422203 0.354902 0.126748 
 0.403364 0.371910 0.122787 
 0.396657 0.398883 0.087358 
 0.377867 0.415848 0.083407 
 0.359076 0.432813 0.079456 
 0.346425 0.454694 0.059785 
 0.327658 0.471637 0.055839 
 0.308892 0.488580 0.051893 
 0.290126 0.505523 0.047947 
 0.271359 0.522465 0.044001 
 0.252593 0.539408 0.040054 
 0.233827 0.556351 0.036108 
 0.227679 0.582819 0.000797 
 0.208961 0.599718 -0.003139 
 0.190244 0.616617 -0.007075 
 0.171526 0.633516 -0.011011 
 0.152808 0.650415 -0.014947 
 0.134091 0.667314 -0.018883 
 0.115373 0.684213 -0.022818 
 0.096655 0.701112 -0.026754 
 0.077937 0.718011 -0.030690 
 0.059220 0.734910 -0.034626 
 0.053607 0.760895 -0.069826 
 0.008631 0.759666 -0.011246 
 -0.076147 0.731616 0.141022 
 -0.095156 0.748779 0.137024 
 -0.114166 0.765941 0.133027 
 -0.133175 0.783104 0.129030 
 -0.152184 0.800266 0.125033 
 -0.171194 0.817428 0.121035 
 -0.203697 0.825856 0.148219 
 -0.222755 0.843062 0.144211 
 -0.241813 0.860268 0.140204 
 0.432609 0.291814 0.157826 
 0.413721 0.308866 0.153855 
 0.406908 0.336019 0.118417 
 0.400192 0.363085 0.083000 
 0.381401 0.380050 0.079048 
 0.362610 0.397014 0.075097 
 0.349955 0.418942 0.055432 
 0.331188 0.435885 0.051486 
 0.312422 0.452828 0.047540 
 0.293656 0.469771 0.043594 
 0.274889 0.486713 0.039647 
 0.268635 0.513362 0.004327 
 0.237357 0.520599 0.031755 
 0.218590 0.537542 0.027809 
 0.212482 0.564059 -0.007481 
 0.193764 0.580958 -0.011417 
 0.175047 0.597857 -0.015353 
 0.156329 0.614756 -0.019288 
 0.137611 0.631655 -0.023224 
 0.118894 0.648554 -0.027160 
 0.100176 0.665453 -0.031096 
 0.081458 0.682352 -0.035032 
 0.062741 0.699251 -0.038968 
 0.057119 0.725329 -0.074156 
 0.038450 0.742184 -0.078082 
 0.006587 0.749948 -0.050776 
 -0.012130 0.766847 -0.054712 
 -0.077364 0.752234 0.050590 
 -0.116260 0.755848 0.093419 
 -0.135221 0.772966 0.089432 
 -0.154182 0.790085 0.085445 
 -0.173143 0.807203 0.081458 
 -0.205637 0.815538 0.108631 
 -0.224646 0.832700 0.104634 
 -0.243656 0.849863 0.100637 
 0.444259 0.195803 0.240129 
 0.425249 0.212965 0.236132 
 0.417273 0.272883 0.149473 
 0.410451 0.300129 0.114047 
 0.391612 0.317137 0.110085 
 0.384936 0.344251 0.074689 
 0.366145 0.361216 0.070738 
 0.353485 0.383190 0.051079 
 0.334718 0.400133 0.047133 
 0.315952 0.417076 0.043187 
 0.297186 0.434019 0.039240 
 0.278419 0.450961 0.035294 
 0.259653 0.467904 0.031348 
 0.253439 0.494601 -0.003951 
 0.222120 0.501790 0.023456 
 0.203354 0.518733 0.019510 
 0.197285 0.545298 -0.015758 
 0.178568 0.562197 -0.019694 
 0.159850 0.579096 -0.023630 
 0.141132 0.595995 -0.027566 
 0.122414 0.612894 -0.031502 
 0.090756 0.620390 -0.004168 
 0.084979 0.646692 -0.039374 
 0.066261 0.663591 -0.043310 
 0.047544 0.680490 -0.047246 
 0.041962 0.706617 -0.082413 
 0.023292 0.723472 -0.086338 
 0.004623 0.740327 -0.090264 
 -0.027327 0.748086 -0.062990 
 -0.106029 0.724251 0.073426 
 -0.124965 0.741348 0.069444 
 -0.143902 0.758444 0.065462 
 -0.162838 0.775541 0.061481 
 -0.188537 0.788199 0.073073 
 -0.234643 0.787653 0.131362 
 -0.240080 0.813647 0.096227 
 -0.259090 0.830810 0.092230 
 0.483035 0.053709 0.362048 
 0.481430 0.086915 0.310742 
 0.462324 0.104165 0.306724 
 0.466844 0.142425 0.239717 
 0.447834 0.159588 0.235720 
 0.428825 0.176750 0.231723 
 0.421775 0.204286 0.196261 
 0.408818 0.226569 0.176547 
 0.401938 0.253952 0.141120 
 0.395156 0.281246 0.105715 
 0.388470 0.308453 0.070331 
 0.369680 0.325418 0.066379 
 0.357015 0.347438 0.046726 
 0.338248 0.364381 0.042780 
 0.319482 0.381324 0.038833 
 0.300716 0.398266 0.034887 
 0.294395 0.425144 -0.000421 
 0.275677 0.442043 -0.004356 
 0.256959 0.458942 -0.008292 
 0.238242 0.475841 -0.012228 
 0.219524 0.492740 -0.016164 
 0.200806 0.509639 -0.020100 
 0.182088 0.526538 -0.024036 
 0.163371 0.543437 -0.027972 
 0.131819 0.550752 -0.000628 
 0.113052 0.567695 -0.004575 
 0.094286 0.584638 -0.008521 
 0.075520 0.601581 -0.012467 
 0.069782 0.627932 -0.047652 
 0.051064 0.644831 -0.051588 
 0.032347 0.661730 -0.055524 
 0.026804 0.687905 -0.090669 
 0.008135 0.704760 -0.094595 
 -0.010534 0.721615 -0.098520 
 -0.029203 0.738470 -0.102446 
 -0.061242 0.746225 -0.075204 
 -0.113504 0.740482 -0.001245 
 -0.145810 0.748478 0.025940 
 -0.178213 0.756561 0.053106 
 -0.203931 0.769195 0.064687 
 -0.250117 0.768551 0.122934 
 -0.255514 0.794595 0.087820 
 -0.274523 0.811757 0.083823 
 -0.293533 0.828919 0.079826 
 0.494213 -0.010920 0.393157 
 0.486643 0.017170 0.357599 
 0.467464 0.034486 0.353566 
 0.465918 0.067764 0.302292 
 0.446811 0.085014 0.298274 
 0.439557 0.112819 0.262784 
 0.432401 0.140535 0.227313 
 0.413391 0.157697 0.223316 
 0.394382 0.174860 0.219318 
 0.387420 0.202400 0.183888 
 0.386603 0.235021 0.132767 
 0.379860 0.262364 0.097384 
 0.361021 0.279373 0.093422 
 0.360545 0.311686 0.042373 
 0.354069 0.338788 0.007045 
 0.335351 0.355687 0.003110 
 0.316633 0.372586 -0.000826 
 0.297916 0.389485 -0.004762 
 0.279198 0.406384 -0.008698 
 0.273014 0.433222 -0.043965 
 0.254345 0.450077 -0.047891 
 0.235676 0.466932 -0.051817 
 0.217007 0.483787 -0.055742 
 0.198338 0.500643 -0.059668 
 0.179668 0.517498 -0.063594 
 0.160999 0.534353 -0.067520 
 0.142330 0.551208 -0.071445 
 0.110738 0.558474 -0.044122 
 0.079050 0.565829 -0.016820 
 0.073303 0.592272 -0.051994 
 0.054585 0.609171 -0.055930 
 0.035868 0.626070 -0.059866 
 0.017150 0.642969 -0.063802 
 0.011647 0.669194 -0.098925 
 -0.007022 0.686049 -0.102851 
 -0.025691 0.702904 -0.106777 
 -0.044361 0.719759 -0.110702 
 -0.076439 0.727464 -0.083481 
 -0.115342 0.730705 -0.040713 
 -0.147639 0.738608 -0.013538 
 -0.180033 0.746599 0.013615 
 -0.219325 0.750191 0.056302 
 -0.265590 0.749450 0.114506 
 -0.270948 0.775542 0.079413 
 -0.289957 0.792704 0.075416 
 -0.308966 0.809867 0.071419 
 0.496075 -0.013959 0.337399 
 0.476920 0.003335 0.333371 
 0.457765 0.020629 0.329343 
 0.462200 0.059304 0.262370 
 0.443142 0.076511 0.258363 
 0.435976 0.104320 0.222903 
 0.416967 0.121482 0.218906 
 0.409947 0.149160 0.183477 
 0.390987 0.166278 0.179490 
 0.378069 0.188610 0.159797 
 0.383404 0.226473 0.093014 
 0.364565 0.243482 0.089052 
 0.364075 0.275934 0.038019 
 0.357589 0.303128 0.002704 
 0.338872 0.320027 -0.001232 
 0.320154 0.336926 -0.005168 
 0.301436 0.353825 -0.009104 
 0.282719 0.370724 -0.013040 
 0.264001 0.387623 -0.016976 
 0.257856 0.414510 -0.052222 
 0.239187 0.431366 -0.056147 
 0.220518 0.448221 -0.060073 
 0.208209 0.470004 -0.079638 
 0.189564 0.486837 -0.083558 
 0.164511 0.498786 -0.071850 
 0.145842 0.515641 -0.075776 
 0.127173 0.532496 -0.079702 
 0.095541 0.539714 -0.052400 
 0.076824 0.556613 -0.056336 
 0.058106 0.573512 -0.060272 
 0.039388 0.590411 -0.064208 
 0.020671 0.607310 -0.068144 
 0.001953 0.624209 -0.072080 
 -0.003511 0.650482 -0.107182 
 -0.022180 0.667337 -0.111107 
 -0.040849 0.684192 -0.115033 
 -0.059518 0.701047 -0.118959 
 -0.078187 0.717902 -0.122885 
 -0.110353 0.725603 -0.095695 
 -0.129071 0.742502 -0.099631 
 -0.195368 0.727668 0.005262 
 -0.234720 0.731187 0.047917 
 -0.281063 0.730348 0.106077 
 -0.286381 0.756489 0.071007 
 -0.319179 0.764761 0.098062 
 -0.338237 0.781967 0.094055 
 -0.357295 0.799173 0.090047 
 0.511319 -0.039537 0.301463 
 0.492212 -0.022287 0.297446 
 0.473106 -0.005036 0.293428 
 0.465785 0.022997 0.257949 
 0.446727 0.040203 0.253942 
 0.439552 0.068105 0.218494 
 0.420543 0.085267 0.214497 
 0.413514 0.113037 0.179079 
 0.394553 0.130155 0.175092 
 0.381631 0.152534 0.155405 
 0.362695 0.169630 0.151423 
 0.368108 0.207591 0.084682 
 0.367604 0.240182 0.033666 
 0.361110 0.267469 -0.001638 
 0.342393 0.284368 -0.005574 
 0.323675 0.301267 -0.009510 
 0.304957 0.318166 -0.013446 
 0.286240 0.335065 -0.017382 
 0.267522 0.351964 -0.021318 
 0.248804 0.368863 -0.025254 
 0.242699 0.395799 -0.060478 
 0.224030 0.412654 -0.064404 
 0.205361 0.429509 -0.068329 
 0.193071 0.451317 -0.087883 
 0.174426 0.468150 -0.091804 
 0.155781 0.484983 -0.095724 
 0.137137 0.501816 -0.099645 
 0.099062 0.504055 -0.056742 
 0.080345 0.520954 -0.060678 
 0.061627 0.537853 -0.064614 
 0.042909 0.554752 -0.068549 
 0.024192 0.571651 -0.072485 
 0.005474 0.588550 -0.076421 
 -0.013244 0.605449 -0.080357 
 -0.018668 0.631770 -0.115438 
 -0.037337 0.648625 -0.119364 
 -0.056006 0.665480 -0.123289 
 -0.088115 0.673045 -0.096101 
 -0.093345 0.699191 -0.131141 
 -0.125550 0.706843 -0.103973 
 -0.144268 0.723742 -0.107909 
 -0.176619 0.731525 -0.080773 
 -0.229591 0.725790 -0.007063 
 -0.269075 0.729301 0.035544 
 -0.288036 0.746420 0.031557 
 -0.306996 0.763538 0.027570 
 -0.325957 0.780657 0.023583 
 -0.358843 0.788923 0.050608 
 0.503282 -0.086945 0.328512 
 0.495806 -0.058687 0.293013 
 0.476700 -0.041437 0.288996 
 0.469370 -0.013311 0.253529 
 0.462137 0.014727 0.218082 
 0.443128 0.031890 0.214084 
 0.436041 0.059796 0.178667 
 0.417080 0.076915 0.174680 
 0.398120 0.094033 0.170693 
 0.379159 0.111151 0.166706 
 0.366257 0.133554 0.147030 
 0.359486 0.161175 0.111680 
 0.365027 0.199189 0.044993 
 0.364631 0.231809 -0.005980 
 0.345913 0.248708 -0.009916 
 0.327196 0.265607 -0.013852 
 0.320887 0.292812 -0.049106 
 0.289760 0.299405 -0.021724 
 0.283549 0.326522 -0.056957 
 0.252325 0.333203 -0.029596 
 0.246211 0.360232 -0.064808 
 0.233868 0.382130 -0.084367 
 0.215223 0.398963 -0.088287 
 0.196578 0.415796 -0.092208 
 0.190731 0.442583 -0.127363 
 0.172135 0.459373 -0.131274 
 0.153539 0.476162 -0.135184 
 0.121999 0.483129 -0.107891 
 0.096858 0.495073 -0.096214 
 0.078189 0.511928 -0.100140 
 0.059520 0.528783 -0.104066 
 0.040851 0.545638 -0.107991 
 0.022182 0.562493 -0.111917 
 0.003513 0.579348 -0.115843 
 -0.015156 0.596203 -0.119769 
 -0.033826 0.613059 -0.123694 
 -0.052495 0.629914 -0.127620 
 -0.064449 0.651460 -0.147097 
 -0.089833 0.663624 -0.135471 
 -0.108502 0.680479 -0.139397 
 -0.140747 0.688082 -0.112251 
 -0.159465 0.704981 -0.116187 
 -0.198692 0.708134 -0.073546 
 -0.231204 0.715979 -0.046456 
 -0.284469 0.710297 0.027159 
 -0.303430 0.727416 0.023172 
 -0.322391 0.744534 0.019185 
 -0.341351 0.761653 0.015198 
 -0.374277 0.769871 0.042201 
 0.499400 -0.095087 0.288581 
 0.492013 -0.066825 0.253115 
 0.472955 -0.049619 0.249108 
 0.465713 -0.021488 0.213672 
 0.458569 0.006555 0.178256 
 0.439608 0.023674 0.174269 
 0.420647 0.040792 0.170282 
 0.407692 0.063285 0.150601 
 0.388755 0.080381 0.146619 
 0.369819 0.097478 0.142638 
 0.363039 0.125192 0.107298 
 0.356356 0.152818 0.071980 
 0.355898 0.185621 0.021014 
 0.349434 0.213049 -0.014258 
 0.330717 0.229948 -0.018194 
 0.324399 0.257245 -0.053436 
 0.305730 0.274100 -0.057362 
 0.274563 0.280645 -0.030002 
 0.268392 0.307810 -0.065213 
 0.249722 0.324665 -0.069139 
 0.231053 0.341520 -0.073065 
 0.212384 0.358375 -0.076990 
 0.193715 0.375231 -0.080916 
 0.181440 0.397109 -0.100454 
 0.175633 0.423945 -0.135588 
 0.157037 0.440734 -0.139498 
 0.138441 0.457523 -0.143408 
 0.119844 0.474313 -0.147319 
 0.088217 0.481275 -0.120057 
 0.063032 0.493216 -0.108396 
 0.044362 0.510071 -0.112322 
 0.025693 0.526926 -0.116248 
 0.007024 0.543781 -0.120173 
 -0.011645 0.560637 -0.124099 
 -0.030314 0.577492 -0.128025 
 -0.042297 0.599107 -0.147501 
 -0.060942 0.615940 -0.151422 
 -0.079586 0.632773 -0.155342 
 -0.098231 0.649606 -0.159263 
 -0.116876 0.666439 -0.163184 
 -0.142329 0.678622 -0.151579 
 -0.160998 0.695477 -0.155505 
 -0.193379 0.703120 -0.128401 
 -0.232739 0.706266 -0.085807 
 -0.251529 0.723230 -0.089758 
 -0.332682 0.699331 0.045786 
 -0.365599 0.707456 0.072777 
 -0.384657 0.724662 0.068770 
 0.495597 -0.103133 0.248694 
 0.488298 -0.074865 0.213260 
 0.481096 -0.046686 0.177845 
 0.462135 -0.029567 0.173858 
 0.449126 -0.006984 0.154173 
 0.430190 0.010112 0.150191 
 0.423256 0.038050 0.114832 
 0.404368 0.055103 0.110860 
 0.385480 0.072156 0.106889 
 0.366592 0.089208 0.102917 
 0.359900 0.116927 0.067610 
 0.359428 0.149869 0.016661 
 0.352955 0.177390 -0.018600 
 0.334237 0.194289 -0.022536 
 0.327911 0.221678 -0.057767 
 0.309241 0.238533 -0.061692 
 0.290572 0.255388 -0.065618 
 0.271903 0.272243 -0.069544 
 0.253234 0.289099 -0.073470 
 0.234565 0.305954 -0.077395 
 0.215896 0.322809 -0.081321 
 0.197227 0.339664 -0.085247 
 0.178558 0.356519 -0.089172 
 0.166303 0.378422 -0.108699 
 0.160535 0.405306 -0.143812 
 0.141939 0.422096 -0.147722 
 0.123342 0.438885 -0.151632 
 0.104746 0.455674 -0.155543 
 0.086150 0.472463 -0.159453 
 0.054434 0.479420 -0.132223 
 0.035789 0.496254 -0.136144 
 0.017144 0.513087 -0.140064 
 -0.001500 0.529920 -0.143985 
 -0.026802 0.541925 -0.132355 
 -0.045471 0.558780 -0.136281 
 -0.057435 0.580419 -0.155747 
 -0.076079 0.597253 -0.159667 
 -0.094724 0.614086 -0.163588 
 -0.120148 0.626200 -0.151984 
 -0.132014 0.647752 -0.171429 
 -0.157486 0.659911 -0.159836 
 -0.176155 0.676766 -0.163761 
 -0.194824 0.693621 -0.167687 
 -0.227294 0.701258 -0.140614 
 -0.246012 0.718157 -0.144550 
 -0.264729 0.735056 -0.148486 
 -0.381072 0.688355 0.064349 
 -0.400130 0.705561 0.060341 
 0.499182 -0.139440 0.244274 
 0.491874 -0.111081 0.208850 
 0.484662 -0.082808 0.173447 
 0.471625 -0.060157 0.153762 
 0.464584 -0.032038 0.118394 
 0.445696 -0.014986 0.114423 
 0.426808 0.002067 0.110451 
 0.419961 0.030010 0.075125 
 0.401122 0.047018 0.071163 
 0.382283 0.064027 0.067202 
 0.363444 0.081036 0.063240 
 0.356840 0.108759 0.027965 
 0.344192 0.131060 0.008361 
 0.337758 0.158629 -0.026878 
 0.319041 0.175528 -0.030814 
 0.300323 0.192427 -0.034750 
 0.294084 0.219822 -0.069949 
 0.275415 0.236677 -0.073874 
 0.244170 0.243124 -0.046557 
 0.238077 0.270387 -0.081726 
 0.219408 0.287242 -0.085652 
 0.200739 0.304097 -0.089577 
 0.182070 0.320952 -0.093503 
 0.163400 0.337807 -0.097429 
 0.144731 0.354662 -0.101355 
 0.145437 0.386668 -0.152036 
 0.113876 0.393401 -0.124786 
 0.108244 0.420246 -0.159856 
 0.089648 0.437035 -0.163767 
 0.057941 0.443900 -0.136548 
 0.039296 0.460733 -0.140469 
 0.020652 0.477566 -0.144389 
 0.015263 0.504192 -0.179408 
 -0.003333 0.520982 -0.183319 
 -0.035283 0.528066 -0.156151 
 -0.040525 0.554560 -0.191140 
 -0.059121 0.571349 -0.195050 
 -0.091217 0.578565 -0.167913 
 -0.109862 0.595398 -0.171833 
 -0.135305 0.607489 -0.160240 
 -0.153974 0.624344 -0.164166 
 -0.172643 0.641199 -0.168092 
 -0.191312 0.658054 -0.172018 
 -0.209981 0.674909 -0.175943 
 -0.228651 0.691764 -0.179869 
 -0.261208 0.699397 -0.152828 
 -0.279926 0.716296 -0.156764 
 -0.298644 0.733195 -0.160700 
 0.533468 -0.181620 0.212435 
 0.514459 -0.164458 0.208438 
 0.495449 -0.147296 0.204441 
 0.476440 -0.130133 0.200444 
 0.469268 -0.101812 0.165061 
 0.456250 -0.079137 0.145387 
 0.449249 -0.050969 0.110041 
 0.454328 -0.011863 0.043363 
 0.435537 0.005102 0.039412 
 0.416746 0.022066 0.035460 
 0.397956 0.039031 0.031509 
 0.385254 0.061422 0.011901 
 0.366488 0.078365 0.007954 
 0.359997 0.106071 -0.027284 
 0.341279 0.122970 -0.031220 
 0.322561 0.139869 -0.035156 
 0.316265 0.167400 -0.070354 
 0.297596 0.184255 -0.074279 
 0.278927 0.201110 -0.078205 
 0.260258 0.217965 -0.082131 
 0.228973 0.224364 -0.054835 
 0.222919 0.251675 -0.089982 
 0.204250 0.268530 -0.093908 
 0.185581 0.285385 -0.097834 
 0.166912 0.302240 -0.101759 
 0.167531 0.334451 -0.152439 
 0.129574 0.335951 -0.109611 
 0.130338 0.368029 -0.160260 
 0.111742 0.384818 -0.164170 
 0.093146 0.401608 -0.168081 
 0.074550 0.418397 -0.171991 
 0.042804 0.425213 -0.144793 
 0.024159 0.442046 -0.148714 
 0.005514 0.458879 -0.152635 
 0.000165 0.485554 -0.187632 
 -0.031776 0.492545 -0.160476 
 -0.050420 0.509379 -0.164397 
 -0.055623 0.535922 -0.199364 
 -0.074220 0.552711 -0.203274 
 -0.106355 0.559878 -0.176158 
 -0.131793 0.571922 -0.164571 
 -0.150463 0.588777 -0.168497 
 -0.169132 0.605632 -0.172423 
 -0.187801 0.622487 -0.176348 
 -0.206470 0.639342 -0.180274 
 -0.225139 0.656197 -0.184200 
 -0.243808 0.673053 -0.188125 
 -0.276405 0.680636 -0.161106 
 -0.295123 0.697535 -0.165042 
 -0.313841 0.714434 -0.168978 
 0.537044 -0.217836 0.208026 
 0.518034 -0.200673 0.204029 
 0.510756 -0.172172 0.168637 
 0.480016 -0.166348 0.196034 
 0.472835 -0.137935 0.160663 
 0.459813 -0.115213 0.140995 
 0.452802 -0.086953 0.105660 
 0.445888 -0.058781 0.070346 
 0.439072 -0.030697 0.035053 
 0.420281 -0.013732 0.031102 
 0.401490 0.003233 0.027150 
 0.388784 0.025670 0.007547 
 0.382235 0.053513 -0.027690 
 0.363518 0.070412 -0.031625 
 0.357115 0.098123 -0.066833 
 0.338446 0.114978 -0.070758 
 0.319777 0.131833 -0.074684 
 0.307338 0.154028 -0.094230 
 0.288693 0.170861 -0.098150 
 0.270048 0.187694 -0.102071 
 0.251403 0.204528 -0.105992 
 0.232758 0.221361 -0.109912 
 0.207762 0.232964 -0.098239 
 0.208221 0.265444 -0.148932 
 0.176824 0.271860 -0.121674 
 0.158179 0.288693 -0.125595 
 0.152432 0.315812 -0.160663 
 0.133836 0.332601 -0.164573 
 0.115240 0.349390 -0.168484 
 0.109688 0.376334 -0.203512 
 0.078048 0.382969 -0.176305 
 0.072593 0.409824 -0.211313 
 0.040855 0.416547 -0.184125 
 0.035498 0.443315 -0.219113 
 0.016950 0.460060 -0.223013 
 -0.014933 0.466915 -0.195857 
 -0.033529 0.483704 -0.199767 
 -0.052125 0.500494 -0.203677 
 -0.070722 0.517283 -0.207588 
 -0.102848 0.524358 -0.180483 
 -0.121492 0.541191 -0.184404 
 -0.146951 0.553210 -0.172827 
 -0.165620 0.570065 -0.176753 
 -0.184289 0.586921 -0.180679 
 -0.202958 0.603776 -0.184605 
 -0.221627 0.620631 -0.188530 
 -0.240296 0.637486 -0.192456 
 -0.258965 0.654341 -0.196382 
 -0.291602 0.661876 -0.169384 
 -0.310320 0.678775 -0.173320 
 0.540619 -0.254051 0.203616 
 0.521610 -0.236888 0.199619 
 0.502601 -0.219726 0.195622 
 0.495362 -0.191176 0.160252 
 0.476401 -0.174057 0.156265 
 0.463374 -0.151289 0.136602 
 0.456355 -0.122937 0.101278 
 0.449432 -0.094672 0.065976 
 0.430592 -0.077663 0.062015 
 0.429847 -0.043968 0.011087 
 0.411081 -0.027025 0.007140 
 0.392314 -0.010082 0.003194 
 0.385756 0.017853 -0.032031 
 0.367038 0.034752 -0.035967 
 0.360626 0.062556 -0.071163 
 0.341957 0.079411 -0.075089 
 0.323288 0.096266 -0.079015 
 0.304619 0.113121 -0.082940 
 0.292200 0.135341 -0.102475 
 0.267281 0.146831 -0.090792 
 0.248612 0.163687 -0.094718 
 0.236266 0.185840 -0.114237 
 0.211274 0.197397 -0.102569 
 0.198976 0.219507 -0.122078 
 0.193123 0.246806 -0.157156 
 0.174527 0.263595 -0.161066 
 0.137334 0.297173 -0.168887 
 0.118738 0.313963 -0.172797 
 0.100142 0.330752 -0.176708 
 0.081546 0.347541 -0.180618 
 0.062949 0.364330 -0.184529 
 0.044353 0.381120 -0.188439 
 0.025757 0.397909 -0.192349 
 0.020439 0.424725 -0.227316 
 0.001891 0.441471 -0.231216 
 -0.016656 0.458216 -0.235116 
 -0.035204 0.474961 -0.239016 
 -0.053751 0.491707 -0.242916 
 -0.072299 0.508452 -0.246816 
 -0.104416 0.515434 -0.219722 
 -0.123012 0.532223 -0.223633 
 -0.162108 0.534499 -0.181084 
 -0.180777 0.551354 -0.185009 
 -0.199446 0.568209 -0.188935 
 -0.218115 0.585064 -0.192861 
 -0.236785 0.601919 -0.196787 
 -0.255454 0.618774 -0.200712 
 -0.274123 0.635629 -0.204638 
 -0.306799 0.643116 -0.177662 
 -0.325517 0.660015 -0.181597 
 -0.344235 0.676914 -0.185533 
 0.525186 -0.273103 0.195210 
 0.517889 -0.244417 0.159841 
 0.498929 -0.227298 0.155854 
 0.485873 -0.204462 0.136192 
 0.466936 -0.187365 0.132210 
 0.448000 -0.170269 0.128228 
 0.441020 -0.141867 0.092925 
 0.434136 -0.113554 0.057645 
 0.427350 -0.085329 0.022384 
 0.414611 -0.062777 0.002787 
 0.395844 -0.045834 -0.001159 
 0.389277 -0.017806 -0.036373 
 0.370559 -0.000907 -0.040309 
 0.351841 0.015992 -0.044245 
 0.345469 0.043844 -0.079420 
 0.326800 0.060699 -0.083345 
 0.308131 0.077554 -0.087271 
 0.289462 0.094410 -0.091197 
 0.277062 0.116654 -0.110721 
 0.252124 0.128120 -0.099048 
 0.233454 0.144975 -0.102974 
 0.214785 0.161830 -0.106900 
 0.202483 0.183986 -0.126403 
 0.183838 0.200819 -0.130324 
 0.165194 0.217653 -0.134245 
 0.047851 0.345692 -0.192753 
 0.029255 0.362481 -0.196663 
 0.010659 0.379270 -0.200574 
 0.005380 0.406135 -0.235518 
 -0.013167 0.422881 -0.239418 
 -0.031715 0.439626 -0.243319 
 -0.050262 0.456371 -0.247219 
 -0.082322 0.463217 -0.220125 
 -0.100918 0.480006 -0.224036 
 -0.119514 0.496795 -0.227946 
 -0.151768 0.503816 -0.200895 
 -0.170413 0.520649 -0.204816 
 -0.195935 0.532642 -0.193266 
 -0.214604 0.549497 -0.197191 
 -0.233273 0.566352 -0.201117 
 -0.251942 0.583207 -0.205043 
 -0.270611 0.600062 -0.208969 
 -0.289280 0.616918 -0.212894 
 -0.321996 0.624355 -0.185939 
 -0.340714 0.641254 -0.189875 
 -0.359431 0.658153 -0.193811 
 0.509752 -0.292156 0.186803 
 0.490743 -0.274994 0.182805 
 0.483534 -0.246302 0.147468 
 0.464574 -0.229184 0.143481 
 0.451562 -0.206345 0.123835 
 0.432625 -0.189248 0.119853 
 0.425685 -0.160798 0.084572 
 0.430885 -0.121127 0.018025 
 0.412094 -0.104162 0.014074 
 0.399374 -0.081586 -0.005512 
 0.380608 -0.064643 -0.009458 
 0.374080 -0.036567 -0.044651 
 0.355362 -0.019668 -0.048587 
 0.336645 -0.002769 -0.052523 
 0.330311 0.025133 -0.087676 
 0.311642 0.041988 -0.091602 
 0.292973 0.058843 -0.095527 
 0.274304 0.075698 -0.099453 
 0.255635 0.092553 -0.103379 
 0.236966 0.109408 -0.107305 
 0.218297 0.126263 -0.111230 
 0.199628 0.143118 -0.115156 
 0.187345 0.165299 -0.134649 
 0.162290 0.176828 -0.123008 
 -0.046774 0.421036 -0.251521 
 -0.065321 0.437782 -0.255421 
 -0.097420 0.444578 -0.228350 
 -0.129616 0.451462 -0.201299 
 -0.148261 0.468296 -0.205220 
 -0.166905 0.485129 -0.209141 
 -0.192423 0.497075 -0.197596 
 -0.211092 0.513930 -0.201522 
 -0.229761 0.530786 -0.205448 
 -0.248430 0.547641 -0.209373 
 -0.267099 0.564496 -0.213299 
 -0.285768 0.581351 -0.217225 
 -0.318475 0.588696 -0.190281 
 -0.351279 0.596129 -0.163359 
 -0.370045 0.613072 -0.167305 
 -0.388811 0.630015 -0.171251 
 0.494318 -0.311209 0.178396 
 0.475309 -0.294047 0.174399 
 0.468140 -0.265306 0.139083 
 0.455124 -0.242421 0.119442 
 0.436187 -0.225325 0.115461 
 0.429237 -0.196782 0.080191 
 0.422384 -0.168327 0.044943 
 0.421671 -0.134281 -0.005919 
 0.402904 -0.117338 -0.009865 
 0.396319 -0.089125 -0.045057 
 0.377601 -0.072226 -0.048993 
 0.358883 -0.055327 -0.052929 
 0.352492 -0.027289 -0.088081 
 0.321448 -0.021529 -0.060801 
 0.315154 0.006421 -0.095932 
 0.296485 0.023276 -0.099858 
 0.277816 0.040131 -0.103784 
 0.259147 0.056986 -0.107709 
 0.240478 0.073841 -0.111635 
 0.209142 0.079865 -0.084416 
 0.190424 0.096764 -0.088352 
 0.171706 0.113663 -0.092288 
 0.165801 0.141262 -0.127338 
 0.147132 0.158117 -0.131264 
 -0.080380 0.419192 -0.263624 
 -0.112518 0.425940 -0.236574 
 -0.151573 0.427798 -0.194075 
 -0.163398 0.449608 -0.213466 
 -0.188911 0.461509 -0.201927 
 -0.207580 0.478364 -0.205853 
 -0.226250 0.495219 -0.209778 
 -0.244919 0.512074 -0.213704 
 -0.263588 0.528929 -0.217630 
 -0.282257 0.545784 -0.221556 
 -0.300926 0.562639 -0.225481 
 -0.333672 0.569936 -0.198559 
 -0.366515 0.577320 -0.171658 
 -0.371107 0.603734 -0.206431 
 -0.389825 0.620633 -0.210367 
 -0.408543 0.637532 -0.214303 
 0.478885 -0.330262 0.169989 
 0.459875 -0.313099 0.165992 
 0.452746 -0.284310 0.130698 
 0.433785 -0.267192 0.126711 
 0.432790 -0.232766 0.075810 
 0.413902 -0.215713 0.071838 
 0.419163 -0.175759 0.005356 
 0.406434 -0.153090 -0.014218 
 0.399839 -0.124784 -0.049399 
 0.381122 -0.107885 -0.053335 
 0.362404 -0.090986 -0.057271 
 0.356004 -0.062856 -0.092411 
 0.337335 -0.046001 -0.096337 
 0.318666 -0.029146 -0.100263 
 0.299997 -0.012291 -0.104189 
 0.281328 0.004564 -0.108114 
 0.262659 0.021419 -0.112040 
 0.243989 0.038275 -0.115966 
 0.225320 0.055130 -0.119891 
 0.206651 0.071985 -0.123817 
 0.187982 0.088840 -0.127743 
 0.169313 0.105695 -0.131669 
 0.150644 0.122550 -0.135594 
 0.131975 0.139405 -0.139520 
 -0.166731 0.409087 -0.202332 
 -0.178536 0.430921 -0.221711 
 -0.204069 0.442797 -0.210183 
 -0.222738 0.459652 -0.214109 
 -0.234470 0.481420 -0.233473 
 -0.260076 0.493362 -0.221960 
 -0.278745 0.510217 -0.225886 
 -0.297414 0.527072 -0.229812 
 -0.316083 0.543927 -0.233738 
 -0.348869 0.551175 -0.206837 
 -0.388834 0.553729 -0.164549 
 -0.400518 0.575454 -0.183904 
 -0.419284 0.592397 -0.187850 
 -0.438050 0.609339 -0.191796 
 0.463451 -0.349314 0.161582 
 0.444442 -0.332152 0.157585 
 0.437352 -0.303315 0.122312 
 0.424375 -0.280381 0.102693 
 0.417455 -0.251696 0.067457 
 0.410632 -0.223100 0.032241 
 0.422078 -0.177343 -0.049805 
 0.403360 -0.160444 -0.053741 
 0.396854 -0.132133 -0.088891 
 0.378185 -0.115278 -0.092816 
 0.359516 -0.098423 -0.096742 
 0.340846 -0.081568 -0.100668 
 0.328380 -0.059095 -0.120180 
 0.303508 -0.047858 -0.108519 
 0.284839 -0.031002 -0.112445 
 0.266170 -0.014147 -0.116371 
 0.247501 0.002708 -0.120296 
 0.228832 0.019563 -0.124222 
 0.210163 0.036418 -0.128148 
 0.191494 0.053273 -0.132074 
 0.172825 0.070128 -0.135999 
 0.154156 0.086983 -0.139925 
 0.141932 0.109237 -0.159386 
 -0.219226 0.424085 -0.218440 
 -0.237895 0.440940 -0.222365 
 -0.235695 0.472609 -0.272574 
 -0.275233 0.474651 -0.230217 
 -0.293902 0.491506 -0.234142 
 -0.312572 0.508361 -0.238068 
 -0.345348 0.515516 -0.211179 
 -0.364066 0.532415 -0.215115 
 -0.382783 0.549314 -0.219051 
 -0.415754 0.556645 -0.192203 
 -0.434520 0.573588 -0.196149 
 -0.453287 0.590530 -0.200095 
 0.448017 -0.368367 0.153176 
 0.440918 -0.339437 0.117914 
 0.427937 -0.316457 0.098301 
 0.421008 -0.287680 0.063075 
 0.426232 -0.247355 -0.003361 
 0.407441 -0.230391 -0.007313 
 0.406881 -0.196103 -0.058083 
 0.388163 -0.179204 -0.062019 
 0.381696 -0.150845 -0.097147 
 0.369177 -0.128281 -0.116663 
 0.350532 -0.111448 -0.120584 
 0.331887 -0.094615 -0.124505 
 0.313243 -0.077782 -0.128425 
 0.288351 -0.066569 -0.116776 
 0.269682 -0.049714 -0.120701 
 0.238422 -0.044012 -0.093506 
 0.219704 -0.027113 -0.097442 
 0.200986 -0.010214 -0.101378 
 0.182269 0.006685 -0.105314 
 0.163551 0.023584 -0.109250 
 0.144833 0.040483 -0.113186 
 0.138998 0.068272 -0.148181 
 -0.234384 0.405373 -0.226696 
 -0.253053 0.422229 -0.230622 
 -0.250794 0.453970 -0.280798 
 -0.304392 0.446058 -0.207649 
 -0.323110 0.462957 -0.211585 
 -0.341827 0.479856 -0.215521 
 -0.360545 0.496755 -0.219457 
 -0.393458 0.503950 -0.192610 
 -0.419346 0.516062 -0.181169 
 -0.438137 0.533027 -0.185120 
 -0.456928 0.549992 -0.189072 
 -0.475718 0.566957 -0.193023 
 0.489612 -0.438907 0.156760 
 0.470602 -0.421745 0.152763 
 0.451593 -0.404582 0.148766 
 0.444485 -0.375559 0.113516 
 0.431499 -0.352533 0.093908 
 0.424561 -0.323664 0.058694 
 0.417720 -0.294883 0.023501 
 0.410976 -0.266189 -0.011671 
 0.392185 -0.249224 -0.015623 
 0.391684 -0.214864 -0.066361 
 0.372966 -0.197965 -0.070296 
 0.366539 -0.169557 -0.105403 
 0.347870 -0.152701 -0.109329 
 0.329201 -0.135846 -0.113255 
 0.310531 -0.118991 -0.117181 
 0.298105 -0.096469 -0.136671 
 0.291993 -0.068346 -0.171710 
 0.254524 -0.068426 -0.128958 
 0.235855 -0.051571 -0.132883 
 0.204507 -0.045874 -0.105720 
 0.185789 -0.028975 -0.109656 
 0.167072 -0.012076 -0.113592 
 0.161179 0.015850 -0.148586 
 0.142510 0.032705 -0.152512 
 0.110918 0.038621 -0.125400 
 -0.261239 0.408525 -0.254289 
 -0.279883 0.425359 -0.258210 
 -0.319589 0.427298 -0.215927 
 -0.338306 0.444197 -0.219862 
 -0.371161 0.451255 -0.193017 
 -0.375742 0.477995 -0.227734 
 -0.408694 0.485141 -0.200909 
 -0.434602 0.497229 -0.189479 
 -0.453393 0.514193 -0.193430 
 -0.472184 0.531158 -0.197382 
 -0.490974 0.548123 -0.201333 
 -0.509765 0.565088 -0.205284 
 0.474178 -0.457960 0.148354 
 0.443326 -0.452794 0.175607 
 0.436159 -0.423635 0.140359 
 0.429091 -0.394564 0.105131 
 0.428114 -0.359647 0.054313 
 0.421263 -0.330773 0.019131 
 0.402424 -0.313765 0.015170 
 0.401788 -0.279156 -0.035577 
 0.383021 -0.262213 -0.039523 
 0.376487 -0.233624 -0.074638 
 0.357769 -0.216725 -0.078574 
 0.351382 -0.188268 -0.113660 
 0.332712 -0.171413 -0.117585 
 0.320257 -0.148823 -0.137075 
 0.295374 -0.137703 -0.125437 
 0.276705 -0.120848 -0.129362 
 0.258036 -0.103993 -0.133288 
 0.245678 -0.081490 -0.152758 
 0.208028 -0.081533 -0.110062 
 0.176592 -0.075841 -0.082931 
 0.157826 -0.058898 -0.086877 
 0.139059 -0.041955 -0.090823 
 0.120293 -0.025012 -0.094770 
 -0.276376 0.389838 -0.262535 
 -0.337115 0.376606 -0.174081 
 -0.355905 0.393571 -0.178033 
 -0.367631 0.415503 -0.197370 
 -0.393487 0.427501 -0.185935 
 -0.412277 0.444465 -0.189887 
 -0.431068 0.461430 -0.193838 
 -0.464181 0.468637 -0.167060 
 -0.483020 0.485645 -0.171021 
 -0.501860 0.502654 -0.174983 
 -0.520699 0.519663 -0.178944 
 -0.525021 0.546254 -0.213594 
 0.439735 -0.459850 0.135950 
 0.432657 -0.430686 0.100732 
 0.431667 -0.395631 0.049931 
 0.424807 -0.366664 0.014761 
 0.418045 -0.337786 -0.020389 
 0.399254 -0.320821 -0.024340 
 0.386551 -0.297965 -0.043876 
 0.380008 -0.269284 -0.078980 
 0.361290 -0.252385 -0.082916 
 0.342573 -0.235486 -0.086852 
 0.336224 -0.206980 -0.121916 
 0.317555 -0.190125 -0.125842 
 0.298886 -0.173270 -0.129767 
 0.280217 -0.156415 -0.133693 
 0.261548 -0.139559 -0.137619 
 0.242879 -0.122704 -0.141545 
 0.224210 -0.105849 -0.145470 
 0.192831 -0.100294 -0.118340 
 0.161356 -0.094650 -0.091230 
 0.142589 -0.077707 -0.095177 
 0.123823 -0.060764 -0.099123 
 -0.361624 0.320579 -0.116881 
 -0.380512 0.337632 -0.120853 
 -0.385281 0.364711 -0.155584 
 -0.404120 0.381719 -0.159545 
 -0.422959 0.398728 -0.163507 
 -0.427533 0.425632 -0.198197 
 -0.460638 0.432746 -0.171430 
 -0.479477 0.449754 -0.175391 
 -0.498316 0.466763 -0.179353 
 -0.517155 0.483772 -0.183314 
 -0.535995 0.500781 -0.187276 
 0.472995 -0.465719 0.053493 
 0.454107 -0.448667 0.049522 
 0.435220 -0.431614 0.045550 
 0.428351 -0.402555 0.010391 
 0.421580 -0.373584 -0.024748 
 0.408848 -0.350660 -0.044283 
 0.390081 -0.333717 -0.048230 
 0.383529 -0.304943 -0.083322 
 0.364811 -0.288044 -0.087258 
 0.358405 -0.259402 -0.122321 
 0.327376 -0.254246 -0.095130 
 0.321067 -0.225692 -0.130172 
 0.302398 -0.208836 -0.134098 
 0.283729 -0.191981 -0.138024 
 0.265059 -0.175126 -0.141949 
 0.246390 -0.158271 -0.145875 
 0.227721 -0.141416 -0.149801 
 0.209052 -0.124561 -0.153727 
 0.177634 -0.119054 -0.126618 
 0.158916 -0.102155 -0.130553 
 0.140199 -0.085256 -0.134489 
 -0.398051 0.286404 -0.079097 
 -0.409957 0.308582 -0.098458 
 -0.414735 0.335753 -0.133178 
 -0.419415 0.362837 -0.167877 
 -0.438255 0.379846 -0.171838 
 -0.457094 0.396855 -0.175800 
 -0.475933 0.413864 -0.179761 
 -0.494772 0.430872 -0.183723 
 -0.513612 0.447881 -0.187684 
 -0.561449 0.445354 -0.130313 
 -0.580385 0.462450 -0.134295 
 0.476548 -0.501703 0.049112 
 0.457660 -0.484650 0.045140 
 0.438772 -0.467598 0.041169 
 0.431895 -0.438446 0.006021 
 0.431144 -0.403354 -0.044690 
 0.412378 -0.386412 -0.048636 
 0.393611 -0.369469 -0.052583 
 0.374845 -0.352526 -0.056529 
 0.368332 -0.323703 -0.091600 
 0.349614 -0.306804 -0.095536 
 0.343248 -0.278113 -0.130577 
 0.312179 -0.273006 -0.103408 
 0.293461 -0.256107 -0.107344 
 0.274744 -0.239208 -0.111280 
 0.268571 -0.210693 -0.146280 
 0.249902 -0.193838 -0.150206 
 0.218590 -0.188511 -0.123087 
 0.199873 -0.171612 -0.127023 
 0.193895 -0.143272 -0.161983 
 0.162437 -0.137814 -0.134895 
 0.143720 -0.120915 -0.138831 
 0.125002 -0.104016 -0.142767 
 -0.422589 0.229770 -0.022001 
 -0.413446 0.267399 -0.087482 
 -0.432406 0.284518 -0.091469 
 -0.430070 0.316823 -0.141531 
 -0.448958 0.333875 -0.145503 
 -0.453550 0.360964 -0.180170 
 -0.472390 0.377972 -0.184131 
 -0.491229 0.394981 -0.188093 
 -0.524509 0.402086 -0.161390 
 -0.543397 0.419138 -0.165361 
 -0.562285 0.436191 -0.169333 
 -0.595760 0.443471 -0.142670 
 0.461213 -0.520634 0.040759 
 0.442325 -0.503582 0.036787 
 0.435438 -0.474337 0.001651 
 0.428649 -0.445180 -0.033465 
 0.415908 -0.422163 -0.052990 
 0.397142 -0.405221 -0.056936 
 0.390570 -0.376262 -0.092006 
 0.371853 -0.359363 -0.095942 
 0.353135 -0.342464 -0.099878 
 0.334417 -0.325565 -0.103814 
 0.328090 -0.296825 -0.138833 
 0.309421 -0.279970 -0.142759 
 0.278264 -0.274868 -0.115622 
 0.259546 -0.257969 -0.119557 
 0.253414 -0.229405 -0.154536 
 0.222111 -0.224171 -0.127429 
 0.203393 -0.207272 -0.131365 
 0.184676 -0.190373 -0.135301 
 0.165958 -0.173474 -0.139237 
 0.147240 -0.156575 -0.143173 
 0.128523 -0.139676 -0.147109 
 -0.084070 -0.293145 0.313518 
 -0.103516 -0.275587 0.309428 
 -0.453562 0.040446 0.235821 
 -0.473009 0.058003 0.231732 
 -0.419005 0.193462 -0.026422 
 -0.438063 0.210668 -0.030429 
 -0.442980 0.238135 -0.065152 
 -0.447800 0.265514 -0.099854 
 -0.466761 0.282632 -0.103842 
 -0.464293 0.314944 -0.153856 
 -0.483181 0.331997 -0.157828 
 -0.487685 0.359090 -0.192463 
 -0.506524 0.376099 -0.196425 
 -0.539844 0.383155 -0.169743 
 -0.544203 0.410117 -0.204348 
 -0.563042 0.427125 -0.208309 
 -0.581881 0.444134 -0.212271 
 0.465884 -0.592295 0.087126 
 0.452871 -0.568990 0.067552 
 0.445878 -0.539565 0.032406 
 0.438982 -0.510228 -0.002719 
 0.432183 -0.480979 -0.037824 
 0.419438 -0.457916 -0.057343 
 0.400671 -0.440973 -0.061289 
 0.394091 -0.411921 -0.096348 
 0.375374 -0.395022 -0.100284 
 0.356656 -0.378123 -0.104220 
 0.350271 -0.349247 -0.139238 
 0.331602 -0.332392 -0.143164 
 0.312933 -0.315537 -0.147090 
 0.294264 -0.298682 -0.151015 
 0.275594 -0.281827 -0.154941 
 0.256925 -0.264971 -0.158867 
 0.225632 -0.259830 -0.131771 
 0.206914 -0.242931 -0.135707 
 0.188197 -0.226032 -0.139643 
 0.182249 -0.197551 -0.174570 
 0.150761 -0.192234 -0.147515 
 0.132043 -0.175335 -0.151451 
 -0.067496 -0.318743 0.278047 
 -0.099859 -0.312636 0.304917 
 -0.119305 -0.295078 0.300828 
 -0.469351 0.020955 0.227221 
 -0.426082 0.085891 0.084779 
 -0.445310 0.103251 0.080736 
 -0.443488 0.136272 0.030607 
 -0.448560 0.163963 -0.004136 
 -0.453536 0.191567 -0.038858 
 -0.458414 0.219082 -0.073558 
 -0.463195 0.246510 -0.108240 
 -0.482156 0.263628 -0.112227 
 -0.501116 0.280747 -0.116214 
 -0.498516 0.313066 -0.166181 
 -0.502981 0.340208 -0.200795 
 -0.521820 0.357217 -0.204756 
 -0.555179 0.364224 -0.178096 
 -0.574067 0.381276 -0.182068 
 -0.578338 0.408243 -0.216641 
 -0.597177 0.425252 -0.220602 
 0.450490 -0.611299 0.078741 
 0.431529 -0.594180 0.074754 
 0.430543 -0.558496 0.024053 
 0.423687 -0.529110 -0.011051 
 0.422968 -0.493668 -0.061696 
 0.404201 -0.476725 -0.065642 
 0.397612 -0.447580 -0.100689 
 0.378895 -0.430681 -0.104625 
 0.360177 -0.413783 -0.108561 
 0.341459 -0.396884 -0.112497 
 0.335113 -0.367959 -0.147495 
 0.316444 -0.351103 -0.151420 
 0.297775 -0.334248 -0.155346 
 0.279106 -0.317393 -0.159272 
 0.260437 -0.300538 -0.163197 
 0.241768 -0.283683 -0.167123 
 0.223099 -0.266828 -0.171049 
 0.191717 -0.261692 -0.143985 
 0.173000 -0.244793 -0.147921 
 0.154282 -0.227894 -0.151857 
 0.135564 -0.210995 -0.155793 
 0.116847 -0.194096 -0.159729 
 -0.083245 -0.338186 0.269469 
 -0.102644 -0.320672 0.265390 
 -0.122042 -0.303159 0.261310 
 -0.154542 -0.297012 0.288138 
 -0.451814 -0.005429 0.191966 
 -0.464249 0.017395 0.172520 
 -0.441694 0.066619 0.076276 
 -0.460922 0.083979 0.072232 
 -0.459040 0.117073 0.022135 
 -0.464073 0.144813 -0.012586 
 -0.469009 0.172465 -0.047286 
 -0.473848 0.200029 -0.081965 
 -0.492857 0.217192 -0.085963 
 -0.511867 0.234354 -0.089960 
 -0.530876 0.251516 -0.093957 
 -0.535471 0.278861 -0.128586 
 -0.554432 0.295980 -0.132573 
 -0.573393 0.313098 -0.136560 
 -0.621473 0.310115 -0.079346 
 -0.640531 0.327321 -0.083353 
 0.461189 -0.677141 0.109492 
 0.442180 -0.659979 0.105495 
 0.435096 -0.630303 0.070356 
 0.422122 -0.606949 0.050803 
 0.415208 -0.577427 0.015700 
 0.408391 -0.547992 -0.019382 
 0.407731 -0.512477 -0.069995 
 0.401133 -0.483240 -0.105031 
 0.382415 -0.466341 -0.108967 
 0.363698 -0.449442 -0.112903 
 0.344980 -0.432543 -0.116839 
 0.338625 -0.403525 -0.151825 
 0.319956 -0.386670 -0.155751 
 0.301287 -0.369815 -0.159677 
 0.282618 -0.352960 -0.163602 
 0.263949 -0.336105 -0.167528 
 0.245280 -0.319250 -0.171454 
 0.226611 -0.302395 -0.175380 
 0.207942 -0.285540 -0.179305 
 0.189272 -0.268685 -0.183231 
 0.157803 -0.263553 -0.156199 
 0.139085 -0.246654 -0.160135 
 0.107470 -0.241391 -0.133134 
 0.088704 -0.224448 -0.137080 
 -0.098995 -0.357628 0.260890 
 -0.118393 -0.340115 0.256811 
 -0.137792 -0.322601 0.252732 
 -0.157190 -0.305087 0.248653 
 -0.176588 -0.287574 0.244574 
 -0.195987 -0.270060 0.240494 
 -0.228671 -0.263832 0.267270 
 -0.325906 -0.176045 0.246824 
 -0.403694 -0.105815 0.230466 
 -0.423141 -0.088258 0.226377 
 -0.442588 -0.070700 0.222288 
 -0.462035 -0.053143 0.218199 
 -0.467564 -0.024871 0.183387 
 -0.466011 0.008647 0.133240 
 -0.471321 0.036721 0.098474 
 -0.476533 0.064707 0.063729 
 -0.481649 0.092605 0.029004 
 -0.493747 0.115168 0.009636 
 -0.498692 0.142913 -0.025054 
 -0.503540 0.170570 -0.059722 
 -0.508291 0.198139 -0.094369 
 -0.527300 0.215301 -0.098367 
 -0.546310 0.232464 -0.102364 
 -0.565319 0.249626 -0.106361 
 -0.584329 0.266788 -0.110359 
 -0.603338 0.283951 -0.114356 
 -0.636946 0.291014 -0.087774 
 -0.656004 0.308220 -0.091782 
 -0.675062 0.325426 -0.095789 
 -0.694120 0.342632 -0.099797 
 0.445755 -0.696194 0.101086 
 0.426746 -0.679031 0.097088 
 0.419702 -0.649307 0.061970 
 0.418761 -0.613411 0.011318 
 0.399873 -0.596358 0.007347 
 0.405206 -0.554444 -0.058803 
 0.392495 -0.531286 -0.078295 
 0.385936 -0.502000 -0.113309 
 0.367219 -0.485101 -0.117245 
 0.348501 -0.468202 -0.121181 
 0.329783 -0.451303 -0.125117 
 0.323468 -0.422237 -0.160082 
 0.304799 -0.405382 -0.164007 
 0.286130 -0.388527 -0.167933 
 0.267460 -0.371672 -0.171859 
 0.248791 -0.354817 -0.175784 
 0.230122 -0.337962 -0.179710 
 0.211453 -0.321106 -0.183636 
 0.192784 -0.304251 -0.187562 
 0.161324 -0.299213 -0.160541 
 0.142606 -0.282313 -0.164477 
 0.123888 -0.265414 -0.168413 
 -0.075948 -0.412098 0.260469 
 -0.095346 -0.394584 0.256390 
 -0.108227 -0.371273 0.236864 
 -0.134143 -0.359557 0.248232 
 -0.153541 -0.342044 0.244153 
 -0.172940 -0.324530 0.240074 
 -0.192338 -0.307017 0.235995 
 -0.211736 -0.289503 0.231916 
 -0.231135 -0.271990 0.227836 
 -0.250533 -0.254476 0.223757 
 -0.269931 -0.236963 0.219678 
 -0.289330 -0.219449 0.215599 
 -0.308728 -0.201936 0.211520 
 -0.328126 -0.184422 0.207441 
 -0.347525 -0.166909 0.203362 
 -0.366923 -0.149395 0.199283 
 -0.386321 -0.131882 0.195204 
 -0.405720 -0.114368 0.191125 
 -0.425118 -0.096855 0.187046 
 -0.444516 -0.079341 0.182967 
 -0.463915 -0.061828 0.178888 
 -0.483313 -0.044314 0.174809 
 -0.481701 -0.010722 0.124693 
 -0.486972 0.017400 0.089949 
 -0.492144 0.045435 0.055225 
 -0.497220 0.073382 0.020522 
 -0.509300 0.095969 0.001165 
 -0.528455 0.113263 -0.002863 
 -0.519013 0.151468 -0.068150 
 -0.538071 0.168675 -0.072157 
 -0.557129 0.185881 -0.076165 
 -0.576187 0.203087 -0.080172 
 -0.580753 0.230573 -0.114768 
 -0.599762 0.247736 -0.118765 
 -0.633362 0.254706 -0.092195 
 -0.652420 0.271912 -0.096203 
 -0.671478 0.289118 -0.100210 
 -0.690536 0.306325 -0.104218 
 -0.709594 0.323531 -0.108225 
 0.449331 -0.732409 0.096676 
 0.442229 -0.702548 0.061559 
 0.423268 -0.685429 0.057572 
 0.410309 -0.662005 0.038036 
 0.403426 -0.632341 0.002965 
 0.396639 -0.602766 -0.032084 
 0.389950 -0.573277 -0.067113 
 0.377259 -0.550095 -0.086594 
 0.370740 -0.520760 -0.121587 
 0.352022 -0.503861 -0.125523 
 0.333304 -0.486962 -0.129459 
 0.314586 -0.470064 -0.133395 
 0.308310 -0.440949 -0.168338 
 0.289641 -0.424094 -0.172264 
 0.270972 -0.407238 -0.176189 
 0.252303 -0.390383 -0.180115 
 0.233634 -0.373528 -0.184041 
 0.202280 -0.368670 -0.157011 
 0.183562 -0.351771 -0.160947 
 0.164844 -0.334872 -0.164882 
 0.133296 -0.329838 -0.137894 
 0.114530 -0.312895 -0.141840 
 -0.065835 -0.443165 0.240517 
 -0.085209 -0.425674 0.236443 
 -0.111096 -0.414027 0.247811 
 -0.123957 -0.390691 0.228295 
 -0.143331 -0.373199 0.224221 
 -0.169291 -0.361486 0.235574 
 -0.188689 -0.343973 0.231495 
 -0.208087 -0.326459 0.227416 
 -0.227486 -0.308946 0.223337 
 -0.246884 -0.291432 0.219258 
 -0.266282 -0.273919 0.215179 
 -0.285681 -0.256405 0.211100 
 -0.298324 -0.233267 0.191630 
 -0.324477 -0.221378 0.202941 
 -0.343876 -0.203865 0.198862 
 -0.363274 -0.186351 0.194783 
 -0.382672 -0.168838 0.190704 
 -0.402071 -0.151324 0.186625 
 -0.421469 -0.133811 0.182546 
 -0.440868 -0.116297 0.178467 
 -0.460266 -0.098784 0.174388 
 -0.472690 -0.075843 0.154964 
 -0.492064 -0.058351 0.150890 
 -0.497392 -0.030092 0.116147 
 -0.502623 -0.001921 0.081424 
 -0.507756 0.026163 0.046722 
 -0.526984 0.043523 0.042678 
 -0.531972 0.071475 0.008007 
 -0.551151 0.088791 0.003974 
 -0.548824 0.121863 -0.045971 
 -0.567931 0.139113 -0.049989 
 -0.572603 0.166779 -0.084593 
 -0.591661 0.183986 -0.088601 
 -0.610719 0.201192 -0.092608 
 -0.629777 0.218398 -0.096616 
 -0.648835 0.235604 -0.100623 
 -0.682571 0.242614 -0.074095 
 -0.701677 0.259864 -0.078113 
 -0.720784 0.277114 -0.082131 
 0.433897 -0.751462 0.088269 
 0.426835 -0.721552 0.053174 
 0.413871 -0.698081 0.033643 
 0.394935 -0.680985 0.029661 
 0.388091 -0.651272 -0.005388 
 0.381344 -0.621648 -0.040416 
 0.374694 -0.592111 -0.075423 
 0.362022 -0.568904 -0.094893 
 0.355542 -0.539521 -0.129865 
 0.336825 -0.522622 -0.133801 
 0.318107 -0.505723 -0.137737 
 0.299389 -0.488824 -0.141673 
 0.293153 -0.459660 -0.176594 
 0.274484 -0.442805 -0.180520 
 0.243236 -0.438127 -0.153481 
 0.224518 -0.421228 -0.157417 
 0.205801 -0.404329 -0.161352 
 0.187083 -0.387430 -0.165288 
 0.168365 -0.370531 -0.169224 
 0.149648 -0.353632 -0.173160 
 0.130930 -0.336733 -0.177096 
 -0.049272 -0.468205 0.205130 
 -0.068597 -0.450758 0.201066 
 -0.100939 -0.445092 0.227875 
 -0.126845 -0.433469 0.239232 
 -0.139687 -0.410109 0.219727 
 -0.159061 -0.392617 0.215653 
 -0.185040 -0.380929 0.226995 
 -0.204439 -0.363415 0.222916 
 -0.223837 -0.345902 0.218837 
 -0.243235 -0.328388 0.214758 
 -0.255931 -0.305159 0.195284 
 -0.282032 -0.293361 0.206600 
 -0.301430 -0.275848 0.202521 
 -0.314053 -0.252685 0.183062 
 -0.333427 -0.235193 0.178988 
 -0.352801 -0.217702 0.174914 
 -0.372175 -0.200210 0.170840 
 -0.398422 -0.188280 0.182125 
 -0.410923 -0.165227 0.162692 
 -0.437219 -0.153253 0.173967 
 -0.456617 -0.135740 0.169888 
 -0.469046 -0.112752 0.150470 
 -0.488420 -0.095261 0.146396 
 -0.507794 -0.077769 0.142322 
 -0.513082 -0.049461 0.107600 
 -0.532407 -0.032014 0.103536 
 -0.537550 -0.003838 0.068846 
 -0.542595 0.024251 0.034175 
 -0.561824 0.041611 0.030131 
 -0.566723 0.069567 -0.004508 
 -0.578714 0.092160 -0.023834 
 -0.597870 0.109454 -0.027862 
 -0.617025 0.126748 -0.031890 
 -0.607134 0.164884 -0.097029 
 -0.626192 0.182090 -0.101037 
 -0.645250 0.199297 -0.105044 
 -0.664308 0.216503 -0.109052 
 -0.698083 0.223463 -0.082545 
 -0.717190 0.240714 -0.086563 
 -0.736297 0.257964 -0.090580 
 0.437473 -0.787677 0.083860 
 0.430401 -0.757674 0.048776 
 0.411440 -0.740556 0.044789 
 0.398497 -0.717061 0.025269 
 0.391644 -0.687256 -0.009769 
 0.384887 -0.657539 -0.044786 
 0.366048 -0.640530 -0.048747 
 0.377781 -0.592079 -0.130271 
 0.346786 -0.587713 -0.103193 
 0.340346 -0.558281 -0.138143 
 0.321628 -0.541382 -0.142079 
 0.302910 -0.524483 -0.146015 
 0.284192 -0.507585 -0.149951 
 0.277995 -0.478372 -0.184850 
 0.246757 -0.473787 -0.157822 
 0.228039 -0.456888 -0.161758 
 0.209321 -0.439989 -0.165694 
 0.190604 -0.423090 -0.169630 
 0.171886 -0.406191 -0.173566 
 0.153168 -0.389292 -0.177502 
 0.121590 -0.384399 -0.150547 
 0.102824 -0.367456 -0.154493 
 -0.064962 -0.487575 0.196583 
 -0.084288 -0.470127 0.192519 
 -0.103613 -0.452680 0.188456 
 -0.136043 -0.447019 0.215233 
 -0.155417 -0.429527 0.211159 
 -0.174791 -0.412036 0.207085 
 -0.194165 -0.394544 0.203011 
 -0.220188 -0.382858 0.214337 
 -0.232913 -0.359561 0.194863 
 -0.258985 -0.347831 0.206179 
 -0.271661 -0.324578 0.186716 
 -0.297781 -0.312804 0.198021 
 -0.317180 -0.295291 0.193942 
 -0.329783 -0.272103 0.174494 
 -0.349157 -0.254611 0.170420 
 -0.368531 -0.237120 0.166346 
 -0.387905 -0.219628 0.162272 
 -0.407279 -0.202137 0.158198 
 -0.426653 -0.184645 0.154124 
 -0.452968 -0.172696 0.165388 
 -0.472367 -0.155182 0.161309 
 -0.484775 -0.132171 0.141902 
 -0.504149 -0.114679 0.137828 
 -0.523523 -0.097188 0.133754 
 -0.528772 -0.068831 0.099053 
 -0.548098 -0.051383 0.094990 
 -0.553201 -0.023159 0.060321 
 -0.558207 0.004979 0.025671 
 -0.591755 0.011649 0.052214 
 -0.596663 0.039698 0.017585 
 -0.601475 0.067660 -0.017023 
 -0.613422 0.090255 -0.036333 
 -0.618063 0.118063 -0.070906 
 -0.637169 0.135313 -0.074924 
 -0.641665 0.162989 -0.109465 
 -0.660723 0.180195 -0.113473 
 -0.694489 0.187063 -0.086977 
 -0.750489 0.178577 -0.014762 
 -0.769717 0.195937 -0.018805 
 0.422039 -0.806729 0.075453 
 0.415007 -0.776678 0.040390 
 0.402059 -0.753137 0.020876 
 0.395196 -0.723240 -0.014151 
 0.376308 -0.706187 -0.018122 
 0.369592 -0.676421 -0.053117 
 0.350752 -0.659412 -0.057079 
 0.344181 -0.629778 -0.092043 
 0.331550 -0.606522 -0.111492 
 0.325149 -0.577042 -0.146420 
 0.306431 -0.560143 -0.150356 
 0.287713 -0.543244 -0.154292 
 0.268996 -0.526345 -0.158228 
 0.250278 -0.509446 -0.162164 
 0.231560 -0.492547 -0.166100 
 0.212842 -0.475648 -0.170036 
 0.194125 -0.458749 -0.173972 
 0.175407 -0.441850 -0.177908 
 0.143886 -0.437094 -0.150954 
 0.125120 -0.420151 -0.154900 
 0.106354 -0.403208 -0.158846 
 -0.061327 -0.524392 0.192100 
 -0.080652 -0.506944 0.188037 
 -0.099978 -0.489497 0.183973 
 -0.119303 -0.472049 0.179909 
 -0.138629 -0.454601 0.175845 
 -0.157954 -0.437154 0.171782 
 -0.177280 -0.419706 0.167718 
 -0.209895 -0.413962 0.194443 
 -0.229269 -0.396471 0.190369 
 -0.248643 -0.378979 0.186295 
 -0.268017 -0.361488 0.182221 
 -0.287391 -0.343996 0.178147 
 -0.313531 -0.332247 0.189442 
 -0.332929 -0.314733 0.185363 
 -0.345513 -0.291521 0.165926 
 -0.364887 -0.274030 0.161852 
 -0.384261 -0.256538 0.157778 
 -0.403635 -0.239047 0.153704 
 -0.423009 -0.221555 0.149630 
 -0.442383 -0.204064 0.145556 
 -0.468718 -0.192138 0.156810 
 -0.481131 -0.169081 0.137408 
 -0.500505 -0.151589 0.133334 
 -0.519879 -0.134097 0.129260 
 -0.539253 -0.116606 0.125186 
 -0.544463 -0.088200 0.090507 
 -0.563788 -0.070753 0.086443 
 -0.583113 -0.053305 0.082379 
 -0.602439 -0.035857 0.078316 
 -0.621764 -0.018410 0.074252 
 -0.626682 0.009732 0.039635 
 -0.631503 0.037786 0.005038 
 -0.628974 0.071056 -0.044804 
 -0.633576 0.098912 -0.079356 
 -0.652682 0.116162 -0.083374 
 -0.671789 0.133413 -0.087391 
 -0.676196 0.161094 -0.121901 
 -0.732124 0.152332 -0.049704 
 -0.766100 0.159305 -0.023265 
 -0.785328 0.176665 -0.027309 
 0.425615 -0.842945 0.071043 
 0.418573 -0.812801 0.035992 
 0.399613 -0.795682 0.032005 
 0.386684 -0.772117 0.012502 
 0.379861 -0.742171 -0.022504 
 0.360973 -0.725118 -0.026475 
 0.354296 -0.695303 -0.061449 
 0.335457 -0.678295 -0.065410 
 0.335080 -0.642274 -0.115845 
 0.316313 -0.625331 -0.119791 
 0.309952 -0.595802 -0.154698 
 0.291234 -0.578903 -0.158634 
 0.272516 -0.562004 -0.162570 
 0.253799 -0.545105 -0.166506 
 0.235081 -0.528206 -0.170442 
 0.216363 -0.511307 -0.174378 
 0.184949 -0.506731 -0.147414 
 0.166182 -0.489789 -0.151361 
 0.147416 -0.472846 -0.155307 
 0.128650 -0.455903 -0.159253 
 0.109884 -0.438960 -0.163199 
 -0.044752 -0.549105 0.156769 
 -0.064029 -0.531702 0.152715 
 -0.083306 -0.514298 0.148662 
 -0.102582 -0.496894 0.144608 
 -0.121859 -0.479490 0.140555 
 -0.154319 -0.473971 0.167299 
 -0.173644 -0.456523 0.163235 
 -0.192970 -0.439076 0.159171 
 -0.225624 -0.433380 0.185875 
 -0.244998 -0.415889 0.181801 
 -0.264372 -0.398397 0.177727 
 -0.283746 -0.380906 0.173653 
 -0.303120 -0.363414 0.169579 
 -0.329280 -0.351689 0.180863 
 -0.348679 -0.334176 0.176784 
 -0.361243 -0.310940 0.157358 
 -0.380617 -0.293448 0.153284 
 -0.399991 -0.275956 0.149210 
 -0.419365 -0.258465 0.145136 
 -0.438739 -0.240973 0.141062 
 -0.458113 -0.223482 0.136988 
 -0.484467 -0.211581 0.148231 
 -0.496861 -0.188499 0.128840 
 -0.516235 -0.171007 0.124766 
 -0.542662 -0.159041 0.135993 
 -0.562061 -0.141527 0.131914 
 -0.574357 -0.118532 0.112544 
 -0.593731 -0.101041 0.108470 
 -0.613105 -0.083549 0.104396 
 -0.632479 -0.066058 0.100322 
 -0.651853 -0.048566 0.096248 
 -0.656780 -0.020332 0.061642 
 -0.661610 0.007815 0.027056 
 -0.651798 0.046529 -0.038020 
 -0.663681 0.069151 -0.057304 
 -0.668195 0.097012 -0.091824 
 -0.687301 0.114262 -0.095841 
 -0.706408 0.131513 -0.099859 
 -0.740302 0.138327 -0.073416 
 -0.759458 0.155621 -0.077444 
 -0.778613 0.172915 -0.081472 
 0.429191 -0.879160 0.066634 
 0.410181 -0.861998 0.062636 
 0.403179 -0.831805 0.027607 
 0.384218 -0.814686 0.023620 
 0.371310 -0.791097 0.004127 
 0.364526 -0.761101 -0.030857 
 0.357840 -0.731194 -0.065819 
 0.339000 -0.714186 -0.069780 
 0.332460 -0.684410 -0.104712 
 0.319843 -0.661084 -0.124144 
 0.301077 -0.644141 -0.128091 
 0.282311 -0.627198 -0.132037 
 0.276037 -0.597664 -0.166912 
 0.257320 -0.580765 -0.170848 
 0.238602 -0.563866 -0.174784 
 0.219884 -0.546967 -0.178720 
 0.201166 -0.530068 -0.182656 
 0.169713 -0.525541 -0.155714 
 0.150946 -0.508598 -0.159660 
 0.132180 -0.491655 -0.163606 
 0.106972 -0.480832 -0.152128 
 0.062320 -0.488260 -0.094404 
 0.030453 -0.483360 -0.067548 
 -0.079680 -0.551023 0.144190 
 -0.098957 -0.533619 0.140137 
 -0.118233 -0.516215 0.136083 
 -0.137510 -0.498811 0.132030 
 -0.170009 -0.493340 0.158752 
 -0.189335 -0.475893 0.154689 
 -0.208660 -0.458445 0.150625 
 -0.241354 -0.452799 0.177307 
 -0.260728 -0.435307 0.173233 
 -0.280102 -0.417816 0.169159 
 -0.299476 -0.400324 0.165085 
 -0.318850 -0.382833 0.161011 
 -0.345030 -0.371132 0.172284 
 -0.364428 -0.353618 0.168205 
 -0.376972 -0.330358 0.148789 
 -0.396346 -0.312866 0.144715 
 -0.415720 -0.295375 0.140641 
 -0.442022 -0.283564 0.151889 
 -0.454469 -0.260392 0.132494 
 -0.473843 -0.242900 0.128420 
 -0.500217 -0.231024 0.139652 
 -0.519615 -0.213510 0.135573 
 -0.531965 -0.190425 0.116198 
 -0.558412 -0.178483 0.127415 
 -0.577810 -0.160970 0.123336 
 -0.590087 -0.137951 0.103976 
 -0.616607 -0.125943 0.115177 
 -0.628835 -0.102968 0.095828 
 -0.648209 -0.085476 0.091754 
 -0.667583 -0.067984 0.087680 
 -0.672470 -0.039701 0.053095 
 -0.691796 -0.022253 0.049031 
 -0.667370 0.027306 -0.046502 
 -0.679233 0.049952 -0.065775 
 -0.698389 0.067246 -0.069803 
 -0.717544 0.084540 -0.073831 
 -0.744088 0.096570 -0.062635 
 -0.763268 0.113886 -0.066668 
 -0.782447 0.131202 -0.070701 
 -0.801627 0.148518 -0.074734 
 0.413757 -0.898213 0.058227 
 0.394748 -0.881050 0.054230 
 0.387785 -0.850809 0.019221 
 0.368824 -0.833690 0.015234 
 0.368079 -0.797085 -0.035238 
 0.349191 -0.780032 -0.039210 
 0.342544 -0.750076 -0.074150 
 0.323705 -0.733068 -0.078112 
 0.317204 -0.703243 -0.113022 
 0.298413 -0.686278 -0.116973 
 0.285841 -0.662950 -0.136390 
 0.267074 -0.646007 -0.140336 
 0.260840 -0.616424 -0.175190 
 0.242123 -0.599525 -0.179126 
 0.223405 -0.582626 -0.183062 
 0.204687 -0.565727 -0.186998 
 0.173242 -0.561293 -0.160067 
 0.154476 -0.544350 -0.164013 
 0.135710 -0.527407 -0.167959 
 0.116943 -0.510464 -0.171905 
 0.078795 -0.511954 -0.129612 
 0.001589 -0.550048 0.005100 
 -0.050016 -0.563345 0.078107 
 -0.082263 -0.558186 0.104869 
 -0.114607 -0.552940 0.131612 
 -0.133884 -0.535536 0.127558 
 -0.153161 -0.518132 0.123505 
 -0.172438 -0.500728 0.119451 
 -0.191715 -0.483325 0.115398 
 -0.224350 -0.477815 0.142078 
 -0.257084 -0.472217 0.168739 
 -0.276458 -0.454725 0.164665 
 -0.295832 -0.437234 0.160591 
 -0.315206 -0.419742 0.156517 
 -0.334580 -0.402251 0.152443 
 -0.353954 -0.384759 0.148369 
 -0.380178 -0.373061 0.159627 
 -0.392702 -0.349776 0.140221 
 -0.412076 -0.332285 0.136147 
 -0.431450 -0.314793 0.132073 
 -0.457771 -0.303007 0.143310 
 -0.470198 -0.279810 0.123925 
 -0.489572 -0.262318 0.119851 
 -0.508946 -0.244827 0.115778 
 -0.535365 -0.232953 0.126994 
 -0.547694 -0.209844 0.107630 
 -0.567069 -0.192352 0.103556 
 -0.593560 -0.180412 0.114757 
 -0.605817 -0.157369 0.095408 
 -0.632356 -0.145385 0.106599 
 -0.644565 -0.122386 0.087260 
 -0.663939 -0.104894 0.083186 
 -0.683313 -0.087403 0.079112 
 -0.702687 -0.069911 0.075038 
 -0.707486 -0.041623 0.040485 
 -0.682942 0.008083 -0.054985 
 -0.694786 0.030753 -0.074246 
 -0.713941 0.048047 -0.078274 
 -0.733096 0.065341 -0.082302 
 -0.817199 0.129295 -0.083216 
 0.379314 -0.900103 0.045823 
 0.372391 -0.869813 0.010836 
 0.353430 -0.852694 0.006849 
 0.352744 -0.816016 -0.043591 
 0.346088 -0.785967 -0.078521 
 0.327249 -0.768959 -0.082482 
 0.308409 -0.751950 -0.086444 
 0.301948 -0.722077 -0.121332 
 0.283157 -0.705112 -0.125284 
 0.264366 -0.688147 -0.129235 
 0.251838 -0.664816 -0.148635 
 0.233072 -0.647873 -0.152581 
 0.214305 -0.630930 -0.156528 
 0.195539 -0.613987 -0.160474 
 0.176772 -0.597045 -0.164420 
 0.151623 -0.586358 -0.152943 
 0.132832 -0.569394 -0.156894 
 0.114041 -0.552429 -0.160845 
 0.082338 -0.547845 -0.133982 
 0.063499 -0.530837 -0.137943 
 -0.013884 -0.569150 -0.003329 
 -0.065588 -0.582568 0.069625 
 -0.097874 -0.577458 0.096365 
 -0.130258 -0.572260 0.123087 
 -0.149535 -0.554857 0.119033 
 -0.168812 -0.537453 0.114980 
 -0.188088 -0.520049 0.110926 
 -0.207365 -0.502645 0.106873 
 -0.226642 -0.485241 0.102819 
 -0.259366 -0.479736 0.129468 
 -0.278691 -0.462289 0.125404 
 -0.298017 -0.444841 0.121340 
 -0.317342 -0.427393 0.117277 
 -0.350310 -0.421669 0.143875 
 -0.369684 -0.404177 0.139801 
 -0.389058 -0.386686 0.135727 
 -0.408432 -0.369194 0.131653 
 -0.413969 -0.340155 0.096958 
 -0.447180 -0.334211 0.123505 
 -0.466554 -0.316720 0.119431 
 -0.492919 -0.304936 0.130652 
 -0.505302 -0.281736 0.111284 
 -0.524676 -0.264245 0.107210 
 -0.551114 -0.252395 0.118415 
 -0.570512 -0.234882 0.114336 
 -0.582798 -0.211770 0.094988 
 -0.609309 -0.199855 0.106178 
 -0.621546 -0.176787 0.086840 
 -0.648106 -0.164828 0.098020 
 -0.667504 -0.147314 0.093941 
 -0.679668 -0.124312 0.074618 
 -0.699042 -0.106821 0.070544 
 -0.718416 -0.089329 0.066470 
 0.356996 -0.888817 0.002451 
 0.338036 -0.871698 -0.001536 
 0.337409 -0.834947 -0.051944 
 0.330792 -0.804850 -0.086852 
 0.311953 -0.787841 -0.090814 
 0.293114 -0.770832 -0.094775 
 0.286692 -0.740910 -0.129642 
 0.267901 -0.723946 -0.133594 
 0.249110 -0.706981 -0.137545 
 0.230320 -0.690016 -0.141496 
 0.211529 -0.673051 -0.145447 
 0.199069 -0.649739 -0.164827 
 0.180302 -0.632797 -0.168773 
 0.155157 -0.622157 -0.157301 
 0.136366 -0.605192 -0.161253 
 0.117576 -0.588227 -0.165204 
 0.098785 -0.571262 -0.169155 
 0.067043 -0.566728 -0.142313 
 0.048203 -0.549719 -0.146275 
 -0.055456 -0.612936 0.049789 
 -0.094257 -0.614090 0.091905 
 -0.126632 -0.608985 0.118615 
 -0.159104 -0.603792 0.145304 
 -0.178429 -0.586344 0.141240 
 -0.184463 -0.556774 0.106454 
 -0.203739 -0.539370 0.102401 
 -0.223016 -0.521966 0.098347 
 -0.255731 -0.516554 0.124985 
 -0.275056 -0.499106 0.120921 
 -0.294382 -0.481658 0.116858 
 -0.313707 -0.464211 0.112794 
 -0.346666 -0.458579 0.139381 
 -0.366040 -0.441087 0.135307 
 -0.385414 -0.423596 0.131233 
 -0.404788 -0.406104 0.127159 
 -0.431075 -0.394433 0.138390 
 -0.450473 -0.376919 0.134311 
 -0.469872 -0.359406 0.130232 
 -0.489270 -0.341892 0.126153 
 -0.508669 -0.324379 0.122073 
 -0.528067 -0.306865 0.117994 
 -0.547465 -0.289352 0.113915 
 -0.581031 -0.283171 0.140374 
 -0.586262 -0.254325 0.105757 
 -0.569999 -0.208698 0.025384 
 -0.589276 -0.191295 0.021331 
 -0.608552 -0.173891 0.017277 
 -0.642239 -0.167600 0.043710 
 -0.683254 -0.166757 0.085362 
 0.347685 -0.901208 -0.021407 
 0.328748 -0.884112 -0.025389 
 0.322074 -0.853878 -0.060297 
 0.315497 -0.823732 -0.095184 
 0.296657 -0.806723 -0.099145 
 0.277818 -0.789714 -0.103107 
 0.271436 -0.759744 -0.137952 
 0.252645 -0.742779 -0.141904 
 0.233854 -0.725814 -0.145855 
 0.215064 -0.708849 -0.149806 
 0.196273 -0.691885 -0.153757 
 0.177482 -0.674920 -0.157709 
 0.158692 -0.657955 -0.161660 
 0.139901 -0.640990 -0.165611 
 0.108265 -0.636636 -0.138760 
 0.089425 -0.619627 -0.142722 
 0.070586 -0.602619 -0.146683 
 0.038756 -0.598089 -0.119873 
 0.019868 -0.581036 -0.123845 
 -0.077552 -0.638331 0.056694 
 -0.109869 -0.633362 0.083402 
 -0.142283 -0.628306 0.110090 
 -0.161560 -0.610902 0.106036 
 -0.194120 -0.605714 0.132693 
 -0.213445 -0.588266 0.128630 
 -0.232770 -0.570818 0.124566 
 -0.252096 -0.553371 0.120502 
 -0.271421 -0.535923 0.116438 
 -0.290747 -0.518476 0.112375 
 -0.310072 -0.501028 0.108311 
 -0.329398 -0.483580 0.104247 
 -0.362395 -0.477997 0.130813 
 -0.368048 -0.448685 0.096120 
 -0.401143 -0.443014 0.122665 
 -0.420517 -0.425522 0.118591 
 -0.439891 -0.408031 0.114517 
 -0.459265 -0.390539 0.110443 
 -0.478639 -0.373048 0.106369 
 -0.519032 -0.372892 0.148131 
 -0.524418 -0.343821 0.113495 
 -0.557926 -0.337777 0.139952 
 -0.577373 -0.320220 0.135863 
 -0.604926 -0.210615 0.012806 
 -0.624203 -0.193211 0.008752 
 -0.657930 -0.186970 0.035164 
 0.313374 -0.903092 -0.033764 
 0.306739 -0.872809 -0.068650 
 0.300201 -0.842614 -0.103515 
 0.281362 -0.825605 -0.107477 
 0.274970 -0.795542 -0.142311 
 0.256179 -0.778578 -0.146262 
 0.237389 -0.761613 -0.150214 
 0.218598 -0.744648 -0.154165 
 0.199807 -0.727683 -0.158116 
 0.181017 -0.710718 -0.162068 
 0.162226 -0.693753 -0.166019 
 0.130648 -0.689536 -0.139169 
 0.111809 -0.672527 -0.143130 
 0.092969 -0.655518 -0.147092 
 0.074130 -0.638509 -0.151053 
 0.055291 -0.621501 -0.155015 
 0.010390 -0.629547 -0.097475 
 -0.008547 -0.612451 -0.101457 
 -0.093124 -0.657554 0.048211 
 -0.125480 -0.652634 0.074898 
 -0.144708 -0.635274 0.070855 
 -0.177210 -0.630223 0.097511 
 -0.209810 -0.625083 0.124147 
 -0.229135 -0.607636 0.120083 
 -0.248461 -0.590188 0.116019 
 -0.267786 -0.572740 0.111956 
 -0.287112 -0.555293 0.107892 
 -0.320003 -0.549890 0.134467 
 -0.339377 -0.532398 0.130393 
 -0.358751 -0.514907 0.126319 
 -0.378125 -0.497415 0.122245 
 -0.383739 -0.468054 0.087573 
 -0.416873 -0.462432 0.114097 
 -0.422390 -0.433159 0.079446 
 -0.441715 -0.415711 0.075382 
 -0.461040 -0.398264 0.071318 
 -0.494369 -0.392466 0.097801 
 -0.520769 -0.380777 0.108995 
 -0.540168 -0.363264 0.104916 
 -0.573715 -0.357268 0.131352 
 -0.593162 -0.339711 0.127262 
 -0.612609 -0.322154 0.123173 
 0.291404 -0.891740 -0.077003 
 0.284906 -0.861496 -0.111847 
 0.266066 -0.844488 -0.115808 
 0.247227 -0.827479 -0.119770 
 0.240923 -0.797411 -0.154572 
 0.222133 -0.780446 -0.158524 
 0.203342 -0.763481 -0.162475 
 0.171870 -0.759444 -0.135616 
 0.153031 -0.742435 -0.139577 
 0.134192 -0.725427 -0.143539 
 0.115352 -0.708418 -0.147500 
 0.096513 -0.691409 -0.151462 
 0.077674 -0.674401 -0.155423 
 0.058834 -0.657392 -0.159385 
 0.039995 -0.640383 -0.163346 
 -0.004985 -0.648527 -0.105850 
 -0.023921 -0.631431 -0.109832 
 -0.108696 -0.676778 0.039729 
 -0.141091 -0.671906 0.066394 
 -0.160320 -0.654546 0.062351 
 -0.192861 -0.649543 0.088986 
 -0.225500 -0.644453 0.115600 
 -0.244826 -0.627005 0.111536 
 -0.264151 -0.609557 0.107473 
 -0.283476 -0.592110 0.103409 
 -0.302802 -0.574662 0.099345 
 -0.322127 -0.557214 0.095282 
 -0.355107 -0.551817 0.121825 
 -0.374481 -0.534325 0.117751 
 -0.393855 -0.516833 0.113677 
 -0.399429 -0.487424 0.079027 
 -0.432603 -0.481850 0.105529 
 -0.438080 -0.452529 0.070899 
 -0.457405 -0.435081 0.066835 
 -0.476731 -0.417633 0.062772 
 -0.510099 -0.411884 0.089233 
 -0.536519 -0.400220 0.100416 
 -0.548847 -0.376901 0.081085 
 -0.568221 -0.359409 0.077011 
 -0.587595 -0.341918 0.072937 
 -0.628398 -0.341645 0.114573 
 0.276069 -0.910671 -0.085356 
 0.257181 -0.893618 -0.089328 
 0.250771 -0.863370 -0.124140 
 0.231932 -0.846361 -0.128101 
 0.225667 -0.816244 -0.162883 
 0.206877 -0.799279 -0.166834 
 0.175414 -0.795335 -0.139986 
 0.156575 -0.778326 -0.143947 
 0.137735 -0.761317 -0.147909 
 0.118896 -0.744309 -0.151870 
 0.100057 -0.727300 -0.155832 
 0.068302 -0.723092 -0.129046 
 0.049414 -0.706040 -0.133017 
 0.030526 -0.688987 -0.136989 
 0.011639 -0.671934 -0.140961 
 -0.007249 -0.654882 -0.144932 
 -0.026137 -0.637829 -0.148904 
 -0.124268 -0.696001 0.031247 
 -0.156703 -0.691178 0.057891 
 -0.175931 -0.673818 0.053848 
 -0.208512 -0.668864 0.080461 
 -0.227789 -0.651460 0.076408 
 -0.247066 -0.634057 0.072354 
 -0.266343 -0.616653 0.068301 
 -0.285619 -0.599249 0.064247 
 -0.318492 -0.594032 0.090799 
 -0.337818 -0.576584 0.086735 
 -0.357143 -0.559136 0.082671 
 -0.376468 -0.541689 0.078607 
 -0.395794 -0.524241 0.074544 
 -0.415119 -0.506793 0.070480 
 -0.455276 -0.507230 0.112233 
 -0.474675 -0.489717 0.108154 
 -0.494073 -0.472203 0.104074 
 -0.506455 -0.448794 0.084739 
 -0.525829 -0.431302 0.080665 
 -0.545203 -0.413811 0.076591 
 -0.564577 -0.396319 0.072517 
 -0.583951 -0.378828 0.068443 
 -0.603325 -0.361336 0.064369 
 0.241846 -0.912549 -0.097681 
 0.235475 -0.882252 -0.132471 
 0.216636 -0.865243 -0.136433 
 0.197797 -0.848234 -0.140394 
 0.178958 -0.831226 -0.144356 
 0.160118 -0.814217 -0.148317 
 0.141279 -0.797208 -0.152279 
 0.122440 -0.780200 -0.156240 
 0.103601 -0.763191 -0.160202 
 0.071855 -0.759076 -0.133427 
 0.052967 -0.742023 -0.137399 
 0.034079 -0.724971 -0.141370 
 0.015191 -0.707918 -0.145342 
 -0.003696 -0.690865 -0.149314 
 -0.022584 -0.673813 -0.153285 
 -0.133858 -0.745170 0.057474 
 -0.153086 -0.727810 0.053431 
 -0.172314 -0.710450 0.049387 
 -0.191542 -0.693090 0.045344 
 -0.224163 -0.688185 0.071936 
 -0.243440 -0.670781 0.067883 
 -0.262717 -0.653377 0.063829 
 -0.281993 -0.635974 0.059776 
 -0.314857 -0.630849 0.086316 
 -0.334182 -0.613401 0.082252 
 -0.353508 -0.595953 0.078188 
 -0.372833 -0.578506 0.074125 
 -0.392159 -0.561058 0.070061 
 -0.425314 -0.555670 0.096541 
 -0.444688 -0.538178 0.092467 
 -0.471026 -0.526672 0.103654 
 -0.490424 -0.509159 0.099575 
 -0.509822 -0.491645 0.095496 
 -0.529221 -0.474132 0.091417 
 -0.562741 -0.468415 0.117819 
 -0.582188 -0.450857 0.113729 
 -0.580307 -0.415737 0.063949 
 -0.599681 -0.398246 0.059875 
 0.207623 -0.914427 -0.110006 
 0.201340 -0.884126 -0.144764 
 0.182501 -0.867117 -0.148726 
 0.163662 -0.850108 -0.152688 
 0.132072 -0.846217 -0.125893 
 0.113184 -0.829164 -0.129865 
 0.107144 -0.799082 -0.164572 
 0.075408 -0.795059 -0.137808 
 0.056520 -0.778007 -0.141780 
 0.037632 -0.760954 -0.145752 
 0.018744 -0.743901 -0.149723 
 -0.013235 -0.739659 -0.123010 
 -0.032172 -0.722563 -0.126992 
 -0.051108 -0.705466 -0.130973 
 -0.136232 -0.751763 0.018316 
 -0.168697 -0.747082 0.044927 
 -0.187925 -0.729722 0.040884 
 -0.220537 -0.724910 0.067465 
 -0.239814 -0.707506 0.063411 
 -0.259091 -0.690102 0.059358 
 -0.278367 -0.672698 0.055304 
 -0.297644 -0.655295 0.051251 
 -0.316921 -0.637891 0.047197 
 -0.349873 -0.632771 0.073705 
 -0.369198 -0.615323 0.069642 
 -0.388524 -0.597875 0.065578 
 -0.421670 -0.592580 0.092046 
 -0.441044 -0.575088 0.087973 
 -0.460418 -0.557597 0.083899 
 -0.486775 -0.546115 0.095075 
 -0.506174 -0.528602 0.090996 
 -0.539636 -0.523021 0.117397 
 -0.559083 -0.505463 0.113308 
 0.186045 -0.903008 -0.153096 
 0.167206 -0.885999 -0.157058 
 0.148366 -0.868990 -0.161019 
 0.116737 -0.865148 -0.134246 
 0.097849 -0.848095 -0.138218 
 0.078961 -0.831043 -0.142189 
 0.047136 -0.827025 -0.115456 
 0.028200 -0.809928 -0.119438 
 0.009263 -0.792832 -0.123420 
 -0.016214 -0.782187 -0.112065 
 -0.048306 -0.777928 -0.085389 
 -0.054136 -0.747950 -0.120040 
 -0.073097 -0.730831 -0.124027 
 -0.165080 -0.783714 0.040467 
 -0.184309 -0.766354 0.036423 
 -0.216911 -0.761634 0.062993 
 -0.236188 -0.744230 0.058940 
 -0.255465 -0.726826 0.054886 
 -0.274741 -0.709423 0.050833 
 -0.294018 -0.692019 0.046779 
 -0.313295 -0.674615 0.042725 
 -0.332572 -0.657211 0.038672 
 -0.351849 -0.639808 0.034618 
 -0.384888 -0.634692 0.061095 
 -0.404214 -0.617245 0.057031 
 -0.423539 -0.599797 0.052968 
 -0.456774 -0.594506 0.079405 
 -0.476148 -0.577015 0.075331 
 -0.502525 -0.565558 0.086496 
 -0.521923 -0.548044 0.082417 
 -0.541321 -0.530531 0.078338 
 -0.560720 -0.513017 0.074259 
 0.151910 -0.904881 -0.165389 
 0.120289 -0.901131 -0.138627 
 0.101402 -0.884079 -0.142599 
 0.082514 -0.867026 -0.146571 
 0.063626 -0.849974 -0.150542 
 0.031762 -0.846004 -0.123831 
 0.006313 -0.835428 -0.112477 
 -0.012648 -0.818309 -0.116464 
 -0.044731 -0.814143 -0.089798 
 -0.076911 -0.809888 -0.063154 
 -0.095969 -0.792682 -0.067161 
 -0.148196 -0.807526 0.005385 
 -0.180692 -0.802986 0.031963 
 -0.199920 -0.785626 0.027920 
 -0.232562 -0.780955 0.054468 
 -0.251839 -0.763551 0.050414 
 -0.284626 -0.758748 0.076931 
 -0.290392 -0.728743 0.042307 
 -0.323277 -0.723853 0.068804 
 -0.342602 -0.706405 0.064740 
 -0.361928 -0.688957 0.060676 
 -0.395007 -0.683891 0.087132 
 -0.400579 -0.654062 0.052549 
 -0.419904 -0.636614 0.048485 
 -0.453129 -0.631416 0.074910 
 -0.472503 -0.613925 0.070836 
 -0.491877 -0.596433 0.066762 
 -0.518274 -0.585000 0.077917 
 -0.537673 -0.567487 0.073838 
 -0.557071 -0.549973 0.069759 
 -0.576469 -0.532460 0.065680 
 0.104954 -0.920062 -0.146980 
 0.073197 -0.916274 -0.120260 
 0.054260 -0.899177 -0.124241 
 0.035324 -0.882081 -0.128223 
 -0.003136 -0.884683 -0.086213 
 -0.022146 -0.867520 -0.090210 
 -0.041155 -0.850358 -0.094208 
 -0.060165 -0.833196 -0.098205 
 -0.092384 -0.828990 -0.071582 
 -0.111442 -0.811784 -0.075589 
 -0.163768 -0.826749 -0.003097 
 -0.196303 -0.822258 0.023460 
 -0.228936 -0.817679 0.049996 
 -0.248213 -0.800276 0.045943 
 -0.267490 -0.782872 0.041889 
 -0.300316 -0.778117 0.068384 
 -0.319642 -0.760670 0.064321 
 -0.338967 -0.743222 0.060257 
 -0.358293 -0.725774 0.056193 
 -0.377618 -0.708327 0.052130 
 -0.396944 -0.690879 0.048066 
 -0.416269 -0.673431 0.044002 
 -0.435594 -0.655984 0.039938 
 -0.454920 -0.638536 0.035875 
 -0.488233 -0.633343 0.062268 
 -0.507607 -0.615851 0.058194 
 0.013446 -0.907673 -0.121273 
 -0.018570 -0.903735 -0.094620 
 -0.050683 -0.899710 -0.067988 
 -0.069741 -0.882504 -0.071995 
 -0.088799 -0.865297 -0.076003 
 -0.121106 -0.861097 -0.049412 
 -0.153511 -0.856808 -0.022840 
 -0.179340 -0.845973 -0.011579 
 -0.211914 -0.841530 0.014956 
 -0.244587 -0.837000 0.041471 
 -0.277356 -0.832382 0.067965 
 -0.283140 -0.802193 0.033364 
 -0.316007 -0.797487 0.059838 
 -0.335332 -0.780039 0.055774 
 -0.354658 -0.762592 0.051710 
 -0.387719 -0.757710 0.078144 
 -0.393308 -0.727696 0.043583 
 -0.426467 -0.722727 0.069996 
 -0.445841 -0.705236 0.065922 
 -0.465215 -0.687744 0.061848 
 -0.470610 -0.657906 0.027328 
 -0.034004 -0.922788 -0.103027 
 -0.066156 -0.918811 -0.076416 
 -0.085214 -0.901605 -0.080424 
 -0.104272 -0.884399 -0.084431 
 -0.136619 -0.880247 -0.057862 
 -0.175732 -0.882512 -0.016028 
 -0.208298 -0.878162 0.010496 
 -0.227526 -0.860802 0.006452 
 -0.287204 -0.882078 0.094020 
 -0.306578 -0.864586 0.089946 
 -0.325952 -0.847095 0.085872 
 -0.345326 -0.829603 0.081798 
 -0.364700 -0.812112 0.077724 
 -0.384075 -0.794620 0.073650 
 -0.403449 -0.777129 0.069576 
 -0.408999 -0.747066 0.035036 
 -0.442197 -0.742145 0.061428 
 -0.461571 -0.724654 0.057354 
 -0.068447 -0.924678 -0.115431 
 -0.100687 -0.920707 -0.088852 
 -0.119745 -0.903500 -0.092859 
 -0.152131 -0.899397 -0.066311 
 -0.191304 -0.901735 -0.024510 
 -0.223909 -0.897434 0.001992 
 -0.243137 -0.880074 -0.002051 
 -0.309695 -0.907960 0.100709 
 -0.322308 -0.884005 0.081378 
 -0.341682 -0.866513 0.077304 
 -0.361056 -0.849022 0.073230 
 -0.380430 -0.831530 0.069156 
 -0.399804 -0.814038 0.065082 
 -0.167644 -0.918547 -0.074761 
 -0.206876 -0.920958 -0.032992 
 -0.239520 -0.916706 -0.006512 
 -0.285776 -0.925386 0.050453 
 -0.344843 -0.909889 0.088051 
 -0.364242 -0.892375 0.083972 
 -0.376786 -0.868440 0.064662 
 -0.396160 -0.850948 0.060588 
 -0.241627 -0.922866 -0.045507 
 -0.260807 -0.905550 -0.049540 
 -0.360593 -0.929331 0.079472 
 -0.379991 -0.911818 0.075393 
 -0.276379 -0.924773 -0.058022 
 