0.081271 0.887693 0.249326 
 0.100726 0.871411 0.251640 
 0.141852 0.868455 0.190508 
 0.139637 0.838844 0.256267 
 0.169828 0.829307 0.226846 
 0.199922 0.819854 0.197414 
 0.208640 0.796824 0.231462 
 0.228046 0.780581 0.233770 
 0.257990 0.771252 0.204319 
 0.266856 0.748097 0.238384 
 0.286263 0.731856 0.240693 
 0.305669 0.715613 0.243000 
 0.325074 0.699372 0.245309 
 0.046558 0.884770 0.240135 
 0.066014 0.868487 0.242448 
 0.085469 0.852203 0.244763 
 0.115798 0.842633 0.215370 
 0.124380 0.819636 0.249390 
 0.154610 0.810149 0.219986 
 0.174016 0.793908 0.222295 
 0.193421 0.777665 0.224602 
 0.223454 0.768344 0.195175 
 0.242810 0.752143 0.197477 
 0.262167 0.735943 0.199778 
 0.271044 0.712699 0.233833 
 0.290449 0.696456 0.236140 
 0.309856 0.680214 0.238449 
 0.339590 0.671141 0.208986 
 0.358947 0.654940 0.211288 
 0.368072 0.631488 0.245371 
 0.022956 0.888442 0.199279 
 0.042363 0.872201 0.201588 
 0.061768 0.855958 0.203895 
 0.081173 0.839717 0.206203 
 0.100579 0.823476 0.208510 
 0.119986 0.807233 0.210819 
 0.150206 0.797835 0.181427 
 0.169561 0.781636 0.183728 
 0.188917 0.765436 0.186030 
 0.208274 0.749235 0.188332 
 0.238246 0.740044 0.158909 
 0.236419 0.709782 0.224664 
 0.266342 0.700634 0.195238 
 0.275231 0.677298 0.229280 
 0.294637 0.661055 0.231588 
 0.324411 0.652032 0.202144 
 0.343767 0.635832 0.204445 
 0.352854 0.612330 0.238511 
 0.007738 0.869285 0.192419 
 0.027143 0.853042 0.194727 
 0.046549 0.836801 0.197035 
 0.065956 0.820559 0.199343 
 0.085361 0.804317 0.201650 
 0.115668 0.794927 0.172281 
 0.135025 0.778726 0.174584 
 0.154381 0.762526 0.176886 
 0.184492 0.753302 0.147493 
 0.203798 0.737144 0.149788 
 0.223105 0.720984 0.152084 
 0.231806 0.697724 0.186093 
 0.261718 0.688666 0.156677 
 0.270519 0.665323 0.190697 
 0.300331 0.656348 0.161268 
 0.324843 0.643822 0.147697 
 0.375198 0.649608 0.054766 
 0.394332 0.633594 0.057041 
 0.413465 0.617579 0.059318 
 -0.026887 0.866368 0.183252 
 -0.007481 0.850127 0.185559 
 0.011924 0.833884 0.187867 
 0.042420 0.824419 0.158533 
 0.061777 0.808219 0.160836 
 0.081132 0.792018 0.163137 
 0.100489 0.775818 0.165439 
 0.130736 0.766560 0.136076 
 0.155464 0.753892 0.122537 
 0.174746 0.737754 0.124829 
 0.194029 0.721616 0.127122 
 0.224004 0.712585 0.097726 
 0.232592 0.689339 0.131708 
 0.251874 0.673201 0.134002 
 0.271157 0.657063 0.136294 
 0.311431 0.655473 0.075163 
 0.330613 0.639417 0.077444 
 0.360193 0.630718 0.048002 
 0.379326 0.614704 0.050277 
 0.398460 0.598690 0.052553 
 0.417592 0.582675 0.054828 
 0.436726 0.566661 0.057103 
 -0.042106 0.847211 0.176392 
 -0.022701 0.830968 0.178699 
 0.007884 0.821511 0.149389 
 0.027240 0.805310 0.151690 
 0.046597 0.789110 0.153993 
 0.065952 0.772909 0.156295 
 0.085309 0.756709 0.158596 
 0.115595 0.747499 0.129251 
 0.140343 0.734856 0.115720 
 0.170457 0.725792 0.086353 
 0.189689 0.709695 0.088641 
 0.219654 0.700757 0.059258 
 0.228154 0.677503 0.093215 
 0.247386 0.661405 0.095501 
 0.266620 0.645308 0.097789 
 0.296386 0.636534 0.068382 
 0.326054 0.627843 0.038963 
 0.345188 0.611829 0.041238 
 0.364321 0.595815 0.043514 
 0.383455 0.579801 0.045789 
 0.402587 0.563787 0.048064 
 0.421721 0.547773 0.050339 
 0.440855 0.531759 0.052615 
 0.459988 0.515745 0.054890 
 -0.046009 0.834803 0.137942 
 -0.026652 0.818603 0.140245 
 -0.007296 0.802402 0.142546 
 0.012061 0.786202 0.144848 
 0.031416 0.770001 0.147151 
 0.050772 0.753801 0.149452 
 0.070129 0.737600 0.151753 
 0.100454 0.728439 0.122426 
 0.125221 0.715820 0.108904 
 0.155374 0.706805 0.079554 
 0.174606 0.690709 0.081842 
 0.215381 0.689024 0.020822 
 0.213071 0.658515 0.086416 
 0.232303 0.642418 0.088702 
 0.251536 0.626321 0.090990 
 0.281342 0.617596 0.061600 
 0.300524 0.601541 0.063882 
 0.330182 0.592939 0.034475 
 0.349316 0.576925 0.036750 
 0.368448 0.560911 0.039025 
 0.366930 0.529740 0.104713 
 0.386163 0.513643 0.106999 
 0.405395 0.497546 0.109287 
 0.414451 0.473746 0.143298 
 0.433733 0.457608 0.145592 
 0.453014 0.441469 0.147885 
 -0.061189 0.815693 0.131100 
 -0.030526 0.806333 0.101825 
 -0.011220 0.790175 0.104121 
 0.008087 0.774015 0.106416 
 0.027394 0.757857 0.108712 
 0.046700 0.741697 0.111008 
 0.066007 0.725539 0.113305 
 0.090817 0.712924 0.099794 
 0.121059 0.703915 0.070468 
 0.162109 0.702162 0.009508 
 0.170383 0.678936 0.043412 
 0.205781 0.673762 -0.001760 
 0.219510 0.654120 0.016333 
 0.238642 0.638106 0.018609 
 0.257776 0.622093 0.020884 
 0.276910 0.606079 0.023159 
 0.296044 0.590065 0.025434 
 0.315177 0.574051 0.027711 
 0.339542 0.561809 0.014147 
 0.358652 0.545815 0.016418 
 0.351848 0.510753 0.097914 
 0.371080 0.494656 0.100201 
 0.390312 0.478560 0.102488 
 0.409545 0.462463 0.104776 
 0.428777 0.446366 0.107062 
 0.448010 0.430269 0.109350 
 0.396768 0.359038 0.333707 
 0.416347 0.342651 0.336035 
 -0.078560 0.822994 0.074633 
 -0.047883 0.813704 0.045372 
 -0.039996 0.790718 0.079219 
 -0.009420 0.781510 0.049947 
 -0.001432 0.758441 0.083806 
 0.017850 0.742303 0.086098 
 0.037131 0.726164 0.088392 
 0.078607 0.724220 0.027506 
 0.097790 0.708163 0.029787 
 0.127970 0.699288 0.000468 
 0.152578 0.686883 -0.013061 
 0.171687 0.670890 -0.010788 
 0.201645 0.662201 -0.040134 
 0.209904 0.638904 -0.006244 
 0.229012 0.622910 -0.003971 
 0.248122 0.606916 -0.001698 
 0.267230 0.590924 0.000574 
 0.281038 0.571175 0.018672 
 0.300172 0.555161 0.020947 
 0.324556 0.542945 0.007391 
 0.343665 0.526951 0.009663 
 0.347168 0.499443 0.059444 
 0.355997 0.475670 0.093402 
 0.375230 0.459573 0.095689 
 0.394462 0.443476 0.097977 
 0.413695 0.427378 0.100263 
 0.422771 0.403397 0.134252 
 0.381414 0.339708 0.326785 
 0.400993 0.323321 0.329114 
 0.420572 0.306934 0.331442 
 -0.132245 0.836235 0.063231 
 -0.101432 0.826910 0.033999 
 -0.082200 0.810814 0.036285 
 -0.051534 0.801613 0.007038 
 -0.032352 0.785558 0.009318 
 -0.024502 0.762523 0.043148 
 -0.005270 0.746426 0.045434 
 0.025197 0.737392 0.016162 
 0.044380 0.721336 0.018444 
 0.074699 0.712426 -0.010846 
 0.110461 0.707192 -0.055938 
 0.129520 0.691241 -0.053671 
 0.148579 0.675288 -0.051405 
 0.167639 0.659336 -0.049138 
 0.197585 0.650737 -0.078473 
 0.205757 0.627432 -0.044605 
 0.224816 0.611481 -0.042338 
 0.233136 0.588052 -0.008454 
 0.252245 0.572059 -0.006181 
 0.271353 0.556066 -0.003908 
 0.290461 0.540073 -0.001637 
 0.309571 0.524079 0.000636 
 0.328679 0.508085 0.002909 
 0.342567 0.488230 0.021009 
 0.340915 0.456682 0.086603 
 0.360147 0.440585 0.088890 
 0.379379 0.424488 0.091177 
 0.388367 0.400501 0.125142 
 0.407649 0.384361 0.127436 
 0.426932 0.368223 0.129728 
 0.375542 0.295978 0.353889 
 0.395171 0.279549 0.356222 
 0.414799 0.263121 0.358557 
 0.434427 0.246692 0.360891 
 -0.124128 0.830842 -0.006587 
 -0.104944 0.814786 -0.004307 
 -0.074241 0.805634 -0.033538 
 -0.055107 0.789620 -0.031262 
 -0.035974 0.773606 -0.028987 
 -0.028213 0.750565 0.004819 
 0.007954 0.745114 -0.040206 
 0.021426 0.725564 -0.022161 
 0.057396 0.720280 -0.067209 
 0.076454 0.704328 -0.064941 
 0.095514 0.688377 -0.062676 
 0.114574 0.672424 -0.060409 
 0.133632 0.656472 -0.058142 
 0.152692 0.640521 -0.055876 
 0.182677 0.631970 -0.085193 
 0.190810 0.608617 -0.051343 
 0.199041 0.585180 -0.017481 
 0.218149 0.569188 -0.015209 
 0.237259 0.553194 -0.012937 
 0.256367 0.537201 -0.010664 
 0.270160 0.517382 0.007418 
 0.289294 0.501368 0.009695 
 0.313693 0.489221 -0.003847 
 0.327561 0.469340 0.014244 
 0.346695 0.453326 0.016519 
 0.345063 0.421598 0.082091 
 0.364297 0.405501 0.084378 
 0.383529 0.389404 0.086665 
 0.387411 0.361335 0.136451 
 0.396534 0.337153 0.170421 
 0.385486 0.296760 0.267755 
 0.389863 0.268277 0.317600 
 0.409441 0.251890 0.319928 
 0.429020 0.235503 0.322255 
 0.448599 0.219116 0.324585 
 0.478065 0.211001 0.295206 
 0.497594 0.194655 0.297528 
 -0.170062 0.821130 0.015827 
 -0.139172 0.811903 -0.013369 
 -0.108380 0.802760 -0.042577 
 -0.083466 0.790222 -0.056050 
 -0.064358 0.774228 -0.053777 
 -0.045248 0.758236 -0.051506 
 -0.026140 0.742242 -0.049233 
 0.004330 0.733367 -0.078479 
 0.023389 0.717416 -0.076212 
 0.042449 0.701464 -0.073947 
 0.061507 0.685513 -0.071679 
 0.080567 0.669560 -0.069412 
 0.099626 0.653608 -0.067147 
 0.118685 0.637657 -0.064880 
 0.137745 0.621704 -0.062614 
 0.167769 0.613203 -0.091913 
 0.175863 0.589801 -0.058080 
 0.194922 0.573850 -0.055814 
 0.203164 0.550323 -0.021963 
 0.222272 0.534329 -0.019692 
 0.241382 0.518337 -0.017419 
 0.260490 0.502343 -0.015146 
 0.279598 0.486349 -0.012875 
 0.298708 0.470356 -0.010602 
 0.312556 0.450452 0.007480 
 0.331690 0.434438 0.009757 
 0.340401 0.410517 0.043662 
 0.359585 0.394462 0.045943 
 0.368445 0.370417 0.079867 
 0.372270 0.342274 0.129626 
 0.391577 0.326116 0.131923 
 0.370188 0.277504 0.260860 
 0.384631 0.257102 0.279012 
 0.394086 0.232561 0.313006 
 0.423691 0.224411 0.283657 
 0.443220 0.208066 0.285980 
 0.452823 0.183400 0.319991 
 0.472403 0.167013 0.322319 
 0.482154 0.142223 0.356349 
 0.501782 0.125794 0.358684 
 -0.204379 0.818239 0.006741 
 -0.173398 0.809021 -0.022431 
 -0.142519 0.799884 -0.051617 
 -0.123385 0.783870 -0.049342 
 -0.098452 0.771358 -0.062805 
 -0.067795 0.762407 -0.092016 
 -0.048735 0.746456 -0.089750 
 -0.029677 0.730503 -0.087483 
 0.000783 0.721720 -0.116719 
 0.008441 0.698600 -0.082950 
 0.027501 0.682649 -0.080683 
 0.046561 0.666696 -0.078417 
 0.065619 0.650744 -0.076150 
 0.084679 0.634793 -0.073885 
 0.103737 0.618840 -0.071618 
 0.122797 0.602889 -0.069351 
 0.152860 0.594436 -0.098634 
 0.160915 0.570984 -0.064818 
 0.179975 0.555033 -0.062552 
 0.199033 0.539081 -0.060285 
 0.218093 0.523130 -0.058018 
 0.226396 0.499471 -0.024175 
 0.245504 0.483477 -0.021902 
 0.264613 0.467485 -0.019629 
 0.283721 0.451491 -0.017358 
 0.302830 0.435498 -0.015085 
 0.321939 0.419504 -0.012812 
 0.335817 0.399534 0.005267 
 0.354951 0.383519 0.007542 
 0.374085 0.367505 0.009819 
 0.393218 0.351491 0.012094 
 0.391827 0.319237 0.077642 
 0.375317 0.274573 0.190678 
 0.369316 0.237821 0.272109 
 0.378732 0.213232 0.306084 
 0.408374 0.205130 0.276753 
 0.417890 0.180458 0.310741 
 0.427503 0.155701 0.344742 
 0.447132 0.139273 0.347077 
 0.466761 0.122844 0.349411 
 -0.219461 0.799254 -0.000058 
 -0.200229 0.783157 0.002229 
 -0.169260 0.774028 -0.026932 
 -0.150077 0.757971 -0.024652 
 -0.101800 0.759543 -0.101021 
 -0.082742 0.743592 -0.098754 
 -0.063682 0.727639 -0.096487 
 -0.044624 0.711688 -0.094221 
 -0.025564 0.695736 -0.091954 
 -0.006504 0.679785 -0.089688 
 0.012554 0.663832 -0.087421 
 0.031614 0.647880 -0.085154 
 0.050672 0.631929 -0.082888 
 0.069732 0.615976 -0.080621 
 0.099934 0.607489 -0.109874 
 0.107850 0.584073 -0.076089 
 0.137952 0.575669 -0.105354 
 0.145968 0.552169 -0.071556 
 0.165028 0.536217 -0.069289 
 0.184086 0.520266 -0.067023 
 0.203146 0.504313 -0.064756 
 0.222206 0.488361 -0.062490 
 0.230519 0.464613 -0.028657 
 0.249627 0.448619 -0.026385 
 0.268735 0.432626 -0.024112 
 0.287845 0.416634 -0.021840 
 0.306953 0.400640 -0.019567 
 0.326062 0.384646 -0.017295 
 0.339946 0.364631 0.000780 
 0.364279 0.352660 -0.012750 
 0.378213 0.332603 0.005330 
 0.397345 0.316589 0.007604 
 0.349846 0.247203 0.215443 
 0.359101 0.222668 0.249388 
 0.373529 0.202196 0.267527 
 0.393058 0.185851 0.269849 
 0.412588 0.169505 0.272171 
 0.412110 0.136323 0.337804 
 0.431739 0.119895 0.340137 
 0.451368 0.103467 0.342472 
 -0.253776 0.796363 -0.009145 
 -0.234544 0.780266 -0.006857 
 -0.203487 0.771144 -0.035995 
 -0.184305 0.755089 -0.033714 
 -0.147533 0.749620 -0.078588 
 -0.128424 0.733628 -0.076316 
 -0.097689 0.724775 -0.105492 
 -0.078630 0.708823 -0.103225 
 -0.059570 0.692872 -0.100959 
 -0.040511 0.676919 -0.098692 
 -0.010023 0.668274 -0.127899 
 0.008987 0.652365 -0.125638 
 0.016666 0.629065 -0.091892 
 0.035726 0.613112 -0.089626 
 0.066016 0.604633 -0.118856 
 0.085025 0.588722 -0.116595 
 0.104036 0.572812 -0.114335 
 0.123044 0.556902 -0.112074 
 0.131021 0.533353 -0.078294 
 0.150081 0.517402 -0.076027 
 0.169140 0.501449 -0.073760 
 0.188199 0.485497 -0.071494 
 0.207258 0.469546 -0.069227 
 0.226317 0.453593 -0.066961 
 0.234641 0.429755 -0.033140 
 0.253750 0.413762 -0.030867 
 0.272858 0.397768 -0.028596 
 0.291968 0.381776 -0.026323 
 0.321613 0.373834 -0.055628 
 0.330184 0.349788 -0.021777 
 0.349294 0.333795 -0.019506 
 0.363207 0.313713 -0.001435 
 0.382340 0.297699 0.000842 
 0.401474 0.281685 0.003117 
 0.354044 0.211713 0.210879 
 0.358213 0.182915 0.260622 
 0.382813 0.170762 0.247132 
 0.397272 0.150224 0.265268 
 0.416801 0.133880 0.267590 
 0.436330 0.117533 0.269912 
 0.445917 0.092638 0.303884 
 0.465496 0.076251 0.306211 
 -0.268859 0.777376 -0.015944 
 -0.249627 0.761279 -0.013656 
 -0.218531 0.752207 -0.042776 
 -0.187534 0.743217 -0.071908 
 -0.162518 0.730756 -0.085343 
 -0.131695 0.721911 -0.114496 
 -0.112635 0.705959 -0.112230 
 -0.093577 0.690008 -0.109963 
 -0.074517 0.674055 -0.107696 
 -0.043941 0.665418 -0.136880 
 -0.024931 0.649507 -0.134618 
 -0.017341 0.626201 -0.100897 
 -0.009649 0.602810 -0.067164 
 0.020779 0.594296 -0.096363 
 0.039837 0.578345 -0.094097 
 0.070117 0.569956 -0.123316 
 0.089126 0.554045 -0.121054 
 0.108136 0.538134 -0.118794 
 0.116075 0.514538 -0.085030 
 0.135133 0.498585 -0.082765 
 0.154193 0.482633 -0.080498 
 0.173251 0.466682 -0.078232 
 0.192311 0.450729 -0.075965 
 0.211371 0.434777 -0.073698 
 0.219656 0.410890 -0.039895 
 0.249489 0.402875 -0.069165 
 0.268547 0.386922 -0.066899 
 0.287607 0.370970 -0.064632 
 0.306666 0.355019 -0.062365 
 0.325725 0.339066 -0.060099 
 0.344785 0.323114 -0.057832 
 0.353415 0.298937 -0.023989 
 0.372525 0.282943 -0.021716 
 0.386469 0.262796 -0.003648 
 0.395322 0.238432 0.030224 
 0.348012 0.167831 0.237919 
 0.367517 0.151507 0.240237 
 0.387022 0.135181 0.242557 
 0.401486 0.114599 0.260686 
 0.421015 0.098254 0.263008 
 0.430563 0.073309 0.296963 
 0.450142 0.056922 0.299290 
 0.425245 0.001469 0.444014 
 0.445047 -0.015105 0.446368 
 0.464849 -0.031678 0.448722 
 0.494385 -0.039446 0.419417 
 0.514138 -0.055978 0.421766 
 0.533890 -0.072509 0.424115 
 -0.315226 0.767537 0.006344 
 -0.295944 0.751399 0.008636 
 -0.264709 0.742292 -0.020455 
 -0.233575 0.733268 -0.049558 
 -0.196613 0.727884 -0.094372 
 -0.177504 0.711892 -0.092099 
 -0.146642 0.703095 -0.121234 
 -0.127582 0.687144 -0.118967 
 -0.108524 0.671191 -0.116701 
 -0.089464 0.655240 -0.114434 
 -0.058849 0.646651 -0.143599 
 -0.039839 0.630741 -0.141339 
 -0.032286 0.607384 -0.107634 
 -0.024635 0.583945 -0.073919 
 0.005832 0.575481 -0.103101 
 0.036199 0.567099 -0.132296 
 0.055209 0.551189 -0.130036 
 0.074218 0.535278 -0.127775 
 0.098807 0.523214 -0.141253 
 0.112238 0.503457 -0.123253 
 0.120186 0.479769 -0.089503 
 0.139246 0.463818 -0.087236 
 0.158304 0.447865 -0.084969 
 0.177364 0.431913 -0.082703 
 0.196424 0.415962 -0.080436 
 0.215482 0.400009 -0.078170 
 0.234542 0.384058 -0.075903 
 0.264315 0.376174 -0.105168 
 0.283325 0.360264 -0.102908 
 0.302335 0.344353 -0.100647 
 0.321345 0.328442 -0.098387 
 0.340353 0.312532 -0.096125 
 0.348896 0.288346 -0.062303 
 0.357539 0.264079 -0.028471 
 0.376648 0.248085 -0.026198 
 0.359643 0.202696 0.086599 
 0.353254 0.165457 0.167854 
 0.362439 0.140732 0.201751 
 0.381894 0.124449 0.204064 
 0.391229 0.099601 0.237982 
 0.410734 0.083276 0.240301 
 0.425228 0.062627 0.258427 
 0.424814 0.028904 0.323990 
 0.419638 -0.009350 0.405388 
 0.439391 -0.025882 0.407736 
 0.449320 -0.051228 0.441723 
 0.469121 -0.067801 0.444077 
 0.488923 -0.084375 0.446433 
 0.508725 -0.100948 0.448787 
 0.528527 -0.117521 0.451143 
 -0.318258 0.755499 -0.031828 
 -0.311065 0.732363 0.001820 
 -0.279792 0.723305 -0.027254 
 -0.260561 0.707207 -0.024966 
 -0.229436 0.698275 -0.054057 
 -0.198411 0.689423 -0.083161 
 -0.173381 0.677033 -0.096581 
 -0.154273 0.661040 -0.094309 
 -0.123471 0.652376 -0.123438 
 -0.104412 0.636424 -0.121172 
 -0.073758 0.627884 -0.150319 
 -0.054748 0.611974 -0.148059 
 -0.047234 0.588568 -0.114372 
 -0.028175 0.572617 -0.112105 
 -0.009116 0.556664 -0.109839 
 0.021291 0.548331 -0.139017 
 0.040301 0.532422 -0.136755 
 0.059309 0.516511 -0.134495 
 0.078319 0.500600 -0.132234 
 0.097329 0.484690 -0.129974 
 0.116339 0.468779 -0.127713 
 0.135349 0.452868 -0.125453 
 0.154358 0.436959 -0.123191 
 0.162417 0.413098 -0.089441 
 0.181476 0.397145 -0.087174 
 0.200535 0.381194 -0.084907 
 0.230397 0.373317 -0.114150 
 0.249407 0.357406 -0.111889 
 0.273768 0.345575 -0.125388 
 0.287427 0.325586 -0.107367 
 0.306437 0.309675 -0.105107 
 0.314891 0.285482 -0.071308 
 0.333950 0.269531 -0.069041 
 0.342552 0.245213 -0.035227 
 0.361662 0.229221 -0.032954 
 0.375592 0.209004 -0.014900 
 0.374110 0.176010 0.050509 
 0.357440 0.130056 0.163301 
 0.376845 0.113815 0.165609 
 0.386092 0.088959 0.199501 
 0.405548 0.072675 0.201814 
 0.414943 0.047696 0.235726 
 0.389400 -0.007950 0.380255 
 0.404147 -0.028850 0.398406 
 0.423899 -0.045383 0.400754 
 0.443652 -0.061914 0.403103 
 0.463404 -0.078446 0.405451 
 0.473394 -0.103923 0.439432 
 0.493196 -0.120496 0.441787 
 0.512997 -0.137070 0.444141 
 -0.345469 0.729465 -0.007289 
 -0.326187 0.713327 -0.004997 
 -0.294876 0.704317 -0.034053 
 -0.275644 0.688222 -0.031765 
 -0.244480 0.679336 -0.060839 
 -0.213418 0.670535 -0.089924 
 -0.188368 0.658169 -0.103337 
 -0.169258 0.642175 -0.101064 
 -0.138417 0.633560 -0.130176 
 -0.119359 0.617607 -0.127910 
 -0.088666 0.609118 -0.157040 
 -0.069656 0.593207 -0.154779 
 -0.073716 0.562208 -0.089701 
 -0.054606 0.546216 -0.087430 
 -0.024063 0.537848 -0.116577 
 0.006383 0.529564 -0.145736 
 0.025393 0.513655 -0.143476 
 0.044401 0.497744 -0.141216 
 0.063411 0.481834 -0.138955 
 0.082421 0.465923 -0.136695 
 0.107000 0.453950 -0.150161 
 0.125985 0.438060 -0.147903 
 0.144969 0.422171 -0.145645 
 0.163955 0.406281 -0.143388 
 0.182939 0.390392 -0.141130 
 0.201925 0.374502 -0.138872 
 0.231751 0.366736 -0.168104 
 0.250687 0.350888 -0.165854 
 0.269621 0.335038 -0.163601 
 0.277864 0.310942 -0.129842 
 0.296849 0.295053 -0.127584 
 0.310537 0.274998 -0.109567 
 0.329547 0.259087 -0.107305 
 0.338061 0.234764 -0.073512 
 0.357121 0.218811 -0.071247 
 0.376180 0.202859 -0.068979 
 0.379719 0.174100 -0.019389 
 0.367963 0.132347 0.077552 
 0.371874 0.103277 0.127188 
 0.381032 0.078415 0.161056 
 0.400438 0.062172 0.163365 
 0.419844 0.045931 0.165672 
 0.373929 -0.027425 0.373281 
 0.393657 -0.043937 0.375628 
 0.413384 -0.060448 0.377973 
 0.428162 -0.081415 0.396121 
 0.447914 -0.097946 0.398469 
 0.457865 -0.123473 0.432432 
 0.477666 -0.140046 0.434786 
 0.497468 -0.156620 0.437142 
 -0.379873 0.726568 -0.016399 
 -0.360591 0.710429 -0.014105 
 -0.341308 0.694291 -0.011813 
 -0.322027 0.678153 -0.009520 
 -0.290726 0.669234 -0.038564 
 -0.259524 0.660399 -0.067621 
 -0.228423 0.651645 -0.096688 
 -0.203354 0.639303 -0.110092 
 -0.172424 0.630696 -0.139181 
 -0.153364 0.614743 -0.136914 
 -0.134306 0.598792 -0.134647 
 -0.103574 0.590349 -0.163761 
 -0.096188 0.566889 -0.130114 
 -0.077128 0.550936 -0.127848 
 -0.058068 0.534984 -0.125581 
 -0.027535 0.526708 -0.154718 
 -0.008525 0.510797 -0.152457 
 0.010485 0.494887 -0.150197 
 0.029493 0.478977 -0.147935 
 0.048503 0.463067 -0.145675 
 0.067513 0.447156 -0.143414 
 0.092111 0.435208 -0.156873 
 0.111095 0.419317 -0.154615 
 0.130081 0.403428 -0.152357 
 0.160095 0.395586 -0.181554 
 0.179030 0.379738 -0.179303 
 0.197966 0.363890 -0.177051 
 0.216900 0.348042 -0.174799 
 0.235836 0.332194 -0.172547 
 0.254771 0.316345 -0.170294 
 0.273707 0.300496 -0.168044 
 0.276620 0.272142 -0.118547 
 0.295629 0.256231 -0.116287 
 0.304056 0.231898 -0.082517 
 0.323114 0.215947 -0.080250 
 0.342174 0.199995 -0.077985 
 0.361234 0.184044 -0.075718 
 0.369907 0.159504 -0.041919 
 0.383848 0.139197 -0.023877 
 0.382409 0.105843 0.041485 
 0.386286 0.076679 0.091097 
 0.405593 0.060520 0.093392 
 0.424901 0.044361 0.095688 
 0.444206 0.028202 0.097985 
 0.423359 -0.023466 0.226574 
 0.452853 -0.030871 0.197313 
 0.417641 -0.096435 0.373346 
 0.437368 -0.112946 0.375691 
 0.457096 -0.129457 0.378037 
 0.471927 -0.150511 0.396184 
 0.491680 -0.167042 0.398533 
 -0.394994 0.707532 -0.023215 
 -0.375712 0.691393 -0.020922 
 -0.356431 0.675255 -0.018630 
 -0.337149 0.659117 -0.016336 
 -0.305809 0.650247 -0.045363 
 -0.274569 0.641460 -0.074402 
 -0.243428 0.632756 -0.103452 
 -0.218339 0.620439 -0.116846 
 -0.199231 0.604445 -0.114575 
 -0.168312 0.595928 -0.143652 
 -0.149253 0.579976 -0.141385 
 -0.130194 0.564025 -0.139118 
 -0.111134 0.548072 -0.136852 
 -0.092075 0.532120 -0.134585 
 -0.073016 0.516169 -0.132319 
 -0.042444 0.507941 -0.161437 
 -0.023434 0.492031 -0.159177 
 -0.004424 0.476120 -0.156916 
 0.014585 0.460209 -0.154656 
 0.033595 0.444299 -0.152394 
 0.041339 0.420457 -0.118719 
 0.071615 0.412479 -0.147873 
 0.090623 0.396568 -0.145613 
 0.109633 0.380657 -0.143353 
 0.134178 0.368796 -0.156810 
 0.153162 0.352905 -0.154554 
 0.183115 0.345196 -0.183744 
 0.202052 0.329348 -0.181493 
 0.220986 0.313500 -0.179241 
 0.229103 0.289347 -0.145522 
 0.248087 0.273457 -0.143265 
 0.261711 0.253373 -0.125268 
 0.280721 0.237464 -0.123006 
 0.289109 0.213083 -0.089254 
 0.308168 0.197131 -0.086988 
 0.327227 0.181180 -0.084721 
 0.335812 0.156633 -0.050948 
 0.354922 0.140640 -0.048675 
 0.374030 0.124646 -0.046402 
 0.367327 0.086856 0.034686 
 0.376284 0.061998 0.068506 
 0.380227 0.032658 0.118107 
 0.409759 0.025300 0.088863 
 0.408813 -0.008627 0.154259 
 0.418141 -0.033795 0.188123 
 0.437596 -0.050079 0.190435 
 0.412147 -0.106901 0.334803 
 0.421896 -0.132422 0.368717 
 0.436685 -0.153479 0.386853 
 0.456437 -0.170011 0.389202 
 0.476190 -0.186543 0.391550 
 -0.390835 0.672357 -0.027738 
 -0.371553 0.656219 -0.025445 
 -0.352270 0.640081 -0.023153 
 -0.320892 0.631260 -0.052163 
 -0.277567 0.629880 -0.112492 
 -0.252433 0.617567 -0.125875 
 -0.233325 0.601573 -0.123602 
 -0.202319 0.593064 -0.152655 
 -0.183259 0.577112 -0.150388 
 -0.152400 0.568726 -0.179460 
 -0.133390 0.552816 -0.177200 
 -0.126081 0.529256 -0.143590 
 -0.107023 0.513305 -0.141323 
 -0.087963 0.497352 -0.139056 
 -0.068903 0.481400 -0.136790 
 -0.038342 0.473264 -0.165898 
 -0.030785 0.449496 -0.132257 
 -0.000323 0.441442 -0.161376 
 0.018687 0.425532 -0.159115 
 0.026391 0.401642 -0.125457 
 0.056707 0.393712 -0.154594 
 0.075715 0.377801 -0.152334 
 0.094725 0.361890 -0.150072 
 0.119288 0.350053 -0.163522 
 0.138273 0.334163 -0.161264 
 0.168265 0.326502 -0.190438 
 0.187201 0.310654 -0.188186 
 0.206136 0.294806 -0.185934 
 0.214213 0.270605 -0.152234 
 0.233198 0.254714 -0.149976 
 0.246802 0.234607 -0.131987 
 0.265812 0.218696 -0.129727 
 0.274161 0.194267 -0.095992 
 0.293221 0.178316 -0.093726 
 0.312279 0.162363 -0.091459 
 0.320827 0.137768 -0.057702 
 0.339936 0.121774 -0.055430 
 0.353838 0.101419 -0.037405 
 0.352244 0.067869 0.027887 
 0.361161 0.042964 0.061690 
 0.375311 0.022400 0.079742 
 0.394618 0.006240 0.082039 
 0.393593 -0.027786 0.147399 
 0.412998 -0.044027 0.149707 
 0.422337 -0.069285 0.183558 
 0.396715 -0.126329 0.327847 
 0.416394 -0.142799 0.330188 
 0.421195 -0.172979 0.379870 
 0.440946 -0.189510 0.382218 
 0.460698 -0.206043 0.384568 
 -0.425239 0.669460 -0.036848 
 -0.393673 0.660564 -0.065822 
 -0.386674 0.637183 -0.032261 
 -0.355208 0.628370 -0.061248 
 -0.335976 0.612273 -0.058962 
 -0.292572 0.610992 -0.119256 
 -0.267420 0.598703 -0.132630 
 -0.248312 0.582709 -0.130357 
 -0.217265 0.574248 -0.159393 
 -0.198206 0.558295 -0.157126 
 -0.167309 0.549959 -0.186181 
 -0.148299 0.534049 -0.183921 
 -0.129289 0.518138 -0.181660 
 -0.110280 0.502227 -0.179400 
 -0.091270 0.486317 -0.177138 
 -0.083850 0.462585 -0.143528 
 -0.053250 0.454497 -0.172617 
 -0.045732 0.430681 -0.138994 
 -0.015232 0.422676 -0.168096 
 0.003778 0.406765 -0.165836 
 0.011446 0.382825 -0.132195 
 0.030504 0.366873 -0.129928 
 0.060807 0.359034 -0.159053 
 0.199324 0.251862 -0.158945 
 0.218310 0.235972 -0.156687 
 0.221096 0.207354 -0.107263 
 0.250904 0.199929 -0.136448 
 0.259214 0.175452 -0.102730 
 0.288924 0.168109 -0.131926 
 0.297332 0.143547 -0.098197 
 0.316392 0.127596 -0.095930 
 0.324949 0.102910 -0.062184 
 0.338832 0.082529 -0.044169 
 0.347563 0.057699 -0.010402 
 0.356394 0.032784 0.023376 
 0.365322 0.007788 0.057165 
 0.384604 -0.008350 0.059459 
 0.388579 -0.037962 0.109024 
 0.397781 -0.063185 0.142847 
 0.417186 -0.079428 0.145154 
 0.416480 -0.113882 0.210528 
 0.430981 -0.134782 0.228615 
 0.450510 -0.151126 0.230939 
 0.425456 -0.209011 0.375236 
 0.445208 -0.225542 0.377585 
 0.464960 -0.242075 0.379935 
 -0.427988 0.657674 -0.074909 
 -0.408756 0.641577 -0.072621 
 -0.389523 0.625480 -0.070335 
 -0.370291 0.609382 -0.068047 
 -0.326711 0.608116 -0.128295 
 -0.301514 0.595831 -0.141657 
 -0.282406 0.579837 -0.139384 
 -0.251272 0.571384 -0.168397 
 -0.232212 0.555431 -0.166132 
 -0.201227 0.547102 -0.195162 
 -0.182217 0.531193 -0.192902 
 -0.163207 0.515282 -0.190640 
 -0.138309 0.503244 -0.204037 
 -0.119323 0.487354 -0.201779 
 -0.100339 0.471465 -0.199523 
 -0.087168 0.451639 -0.181598 
 -0.068158 0.435729 -0.179338 
 -0.049150 0.419819 -0.177076 
 -0.030140 0.403909 -0.174816 
 -0.011130 0.387998 -0.172556 
 0.007880 0.372087 -0.170295 
 0.015557 0.348058 -0.136666 
 0.206149 0.188539 -0.114001 
 0.225208 0.172587 -0.111734 
 0.244267 0.156635 -0.109468 
 0.263326 0.140683 -0.107201 
 0.282386 0.124732 -0.104934 
 0.301445 0.108779 -0.102668 
 0.309964 0.084044 -0.068940 
 0.329072 0.068052 -0.066668 
 0.332519 0.038760 -0.017184 
 0.351703 0.022705 -0.014903 
 0.360542 -0.002299 0.018863 
 0.369481 -0.027386 0.052642 
 0.383642 -0.048039 0.070684 
 0.402949 -0.064198 0.072980 
 0.412111 -0.089472 0.106786 
 0.421372 -0.114827 0.140601 
 0.430734 -0.140266 0.174430 
 0.450189 -0.156550 0.176744 
 0.414938 -0.223872 0.352487 
 0.434666 -0.240383 0.354833 
 0.454393 -0.256893 0.357180 
 -0.443071 0.638686 -0.081708 
 -0.423838 0.622589 -0.079420 
 -0.404606 0.606492 -0.077134 
 -0.385373 0.590395 -0.074846 
 -0.341716 0.589228 -0.135059 
 -0.316500 0.576967 -0.148413 
 -0.297391 0.560973 -0.146140 
 -0.266219 0.552567 -0.175135 
 -0.247159 0.536616 -0.172868 
 -0.216135 0.528335 -0.201882 
 -0.197125 0.512424 -0.199621 
 -0.172183 0.500392 -0.213006 
 -0.153197 0.484502 -0.210749 
 -0.134212 0.468611 -0.208491 
 -0.115228 0.452723 -0.206233 
 -0.102076 0.432872 -0.188318 
 -0.077258 0.420943 -0.201717 
 -0.064058 0.401052 -0.183797 
 -0.045048 0.385142 -0.181537 
 -0.026038 0.369231 -0.179275 
 -0.007028 0.353320 -0.177015 
 0.180326 0.161139 -0.089329 
 0.210261 0.153771 -0.118472 
 0.229321 0.137819 -0.116205 
 0.248379 0.121868 -0.113939 
 0.278116 0.114663 -0.143106 
 0.286497 0.089963 -0.109406 
 0.294978 0.065180 -0.075695 
 0.314086 0.049187 -0.073422 
 0.327954 0.028736 -0.055421 
 0.336658 0.003767 -0.021684 
 0.345459 -0.021286 0.012064 
 0.354360 -0.046421 0.045826 
 0.368500 -0.067100 0.063859 
 0.387808 -0.083259 0.066155 
 0.407115 -0.099418 0.068450 
 0.416288 -0.124781 0.102244 
 0.435644 -0.140982 0.104546 
 0.444965 -0.166470 0.138357 
 0.464371 -0.182711 0.140665 
 0.483777 -0.198954 0.142973 
 0.438922 -0.276370 0.350205 
 -0.458153 0.619699 -0.088507 
 -0.438921 0.603602 -0.086219 
 -0.419689 0.587505 -0.083933 
 -0.400456 0.571409 -0.081645 
 -0.356721 0.570338 -0.141823 
 -0.331485 0.558101 -0.155168 
 -0.312377 0.542107 -0.152895 
 -0.281166 0.533752 -0.181873 
 -0.262106 0.517800 -0.179606 
 -0.231043 0.509568 -0.208603 
 -0.212033 0.493657 -0.206341 
 -0.193023 0.477747 -0.204081 
 -0.168086 0.465759 -0.217461 
 -0.149102 0.449869 -0.215203 
 -0.130116 0.433980 -0.212945 
 -0.111132 0.418090 -0.210687 
 -0.092146 0.402200 -0.208429 
 -0.073161 0.386311 -0.206171 
 -0.059956 0.366374 -0.188256 
 -0.040946 0.350464 -0.185996 
 0.165340 0.142275 -0.096085 
 0.195314 0.134955 -0.125210 
 0.214374 0.119004 -0.122943 
 0.233432 0.103051 -0.120677 
 0.263208 0.095897 -0.149825 
 0.271550 0.071148 -0.116143 
 0.290610 0.055195 -0.113877 
 0.299101 0.030322 -0.080178 
 0.312949 0.009848 -0.062185 
 0.321614 -0.015172 -0.028465 
 0.330377 -0.040273 0.005266 
 0.349609 -0.056370 0.007553 
 0.358521 -0.081595 0.041303 
 0.377803 -0.097735 0.043596 
 0.391974 -0.118479 0.061625 
 0.411279 -0.134637 0.063921 
 0.430587 -0.150797 0.066218 
 0.449894 -0.166955 0.068514 
 0.449152 -0.201869 0.133805 
 0.468557 -0.218111 0.136112 
 -0.473236 0.600712 -0.095306 
 -0.454005 0.584616 -0.093018 
 -0.422382 0.575997 -0.121934 
 -0.403200 0.559943 -0.119653 
 -0.371726 0.551449 -0.148588 
 -0.346472 0.539237 -0.161922 
 -0.327364 0.523243 -0.159651 
 -0.296112 0.514936 -0.188610 
 -0.277054 0.498983 -0.186344 
 -0.245951 0.490801 -0.215322 
 -0.226941 0.474891 -0.213062 
 -0.207931 0.458980 -0.210801 
 -0.182976 0.447017 -0.224171 
 -0.163990 0.431126 -0.221915 
 -0.145005 0.415238 -0.219657 
 -0.126020 0.399347 -0.217399 
 -0.107035 0.383457 -0.215141 
 -0.088051 0.367568 -0.212883 
 -0.074864 0.347607 -0.194977 
 0.150354 0.123410 -0.102840 
 0.169463 0.107417 -0.100567 
 0.199426 0.100187 -0.129681 
 0.218485 0.084235 -0.127414 
 0.248300 0.077130 -0.156546 
 0.256604 0.052331 -0.122881 
 0.275663 0.036379 -0.120615 
 0.284115 0.011457 -0.086933 
 0.297944 -0.009042 -0.068950 
 0.317078 -0.025056 -0.066675 
 0.325752 -0.050165 -0.032966 
 0.334526 -0.075356 0.000754 
 0.343399 -0.100631 0.034486 
 0.362680 -0.116770 0.036780 
 0.381962 -0.132908 0.039072 
 0.396138 -0.153697 0.057096 
 0.415445 -0.169857 0.059393 
 0.439808 -0.181323 0.045951 
 0.433933 -0.221028 0.126945 
 0.453340 -0.237269 0.129252 
 -0.488320 0.581726 -0.102105 
 -0.456610 0.573115 -0.130998 
 -0.437426 0.557059 -0.128716 
 -0.418244 0.541004 -0.126435 
 -0.386731 0.532559 -0.155350 
 -0.361458 0.520371 -0.168678 
 -0.330119 0.512072 -0.197615 
 -0.311059 0.496119 -0.195348 
 -0.292001 0.480168 -0.193081 
 -0.272941 0.464216 -0.190815 
 -0.241850 0.456124 -0.219783 
 -0.222840 0.440213 -0.217521 
 -0.197864 0.428274 -0.230883 
 -0.178879 0.412384 -0.228625 
 -0.159893 0.396494 -0.226367 
 0.135367 0.104545 -0.109596 
 0.154477 0.088552 -0.107323 
 0.184479 0.081371 -0.136419 
 0.203539 0.065420 -0.134152 
 0.233392 0.058363 -0.163266 
 0.252402 0.042452 -0.161005 
 0.260715 0.017564 -0.127352 
 0.279775 0.001611 -0.125086 
 0.288238 -0.023401 -0.091416 
 0.307346 -0.039395 -0.089143 
 0.321206 -0.059959 -0.071162 
 0.329891 -0.085159 -0.037466 
 0.349075 -0.101214 -0.035185 
 0.368257 -0.117270 -0.032903 
 0.366841 -0.151944 0.032255 
 0.380997 -0.172757 0.050270 
 0.400304 -0.188917 0.052568 
 0.419611 -0.205075 0.054863 
 0.418715 -0.240185 0.120084 
 0.438120 -0.256428 0.122392 
 -0.490836 0.570233 -0.140060 
 -0.471654 0.554177 -0.137778 
 -0.452470 0.538122 -0.135497 
 -0.433288 0.522065 -0.133217 
 -0.401737 0.513671 -0.162115 
 -0.382603 0.497657 -0.159840 
 -0.357335 0.485513 -0.173160 
 -0.326007 0.477304 -0.202086 
 -0.319117 0.453526 -0.168616 
 -0.287888 0.445401 -0.197553 
 -0.268829 0.429448 -0.195286 
 -0.237748 0.421446 -0.224242 
 -0.218739 0.405536 -0.221981 
 -0.193767 0.393641 -0.235337 
 0.120382 0.085680 -0.116350 
 0.139491 0.069688 -0.114078 
 0.169532 0.062556 -0.143156 
 0.188592 0.046603 -0.140890 
 0.207650 0.030651 -0.138623 
 0.226710 0.014700 -0.136357 
 0.245768 -0.001253 -0.134090 
 0.254144 -0.026273 -0.100443 
 0.273252 -0.042265 -0.098172 
 0.292360 -0.058259 -0.095899 
 0.295665 -0.088041 -0.046528 
 0.314847 -0.104097 -0.044247 
 0.334030 -0.120152 -0.041967 
 0.342825 -0.145525 -0.008270 
 0.362057 -0.161622 -0.005983 
 0.371000 -0.187118 0.027732 
 0.390283 -0.203256 0.030026 
 0.404470 -0.224136 0.048038 
 0.423776 -0.240295 0.050334 
 0.443083 -0.256454 0.052629 
 -0.518485 0.543752 -0.115702 
 -0.499253 0.527654 -0.113416 
 -0.480021 0.511557 -0.111128 
 -0.448332 0.503128 -0.139997 
 -0.429149 0.487072 -0.137716 
 -0.397608 0.478767 -0.166604 
 -0.378476 0.462753 -0.164327 
 -0.353212 0.450655 -0.177643 
 -0.334104 0.434662 -0.175372 
 -0.302836 0.426584 -0.204290 
 -0.283776 0.410632 -0.202024 
 -0.252656 0.402679 -0.230961 
 -0.233647 0.386769 -0.228701 
 0.105396 0.066816 -0.123105 
 0.124506 0.050822 -0.120834 
 0.143614 0.034830 -0.118561 
 0.173644 0.027787 -0.147628 
 0.192703 0.011836 -0.145361 
 0.211762 -0.004117 -0.143094 
 0.230822 -0.020069 -0.140828 
 0.239157 -0.045137 -0.107198 
 0.258265 -0.061131 -0.104927 
 0.277375 -0.077125 -0.102654 
 0.280621 -0.106980 -0.053310 
 0.299803 -0.123035 -0.051029 
 0.308510 -0.148415 -0.017356 
 0.327742 -0.164512 -0.015069 
 0.346974 -0.180609 -0.012782 
 0.355879 -0.206154 0.020916 
 0.375161 -0.222292 0.023209 
 0.389329 -0.243196 0.041213 
 0.413726 -0.254569 0.027795 
 0.433007 -0.270707 0.030089 
 0.452289 -0.286846 0.032381 
 -0.546212 0.517173 -0.091379 
 -0.526930 0.501035 -0.089087 
 -0.495103 0.492570 -0.117927 
 -0.475871 0.476473 -0.115641 
 -0.456638 0.460377 -0.113353 
 -0.425010 0.452078 -0.142217 
 -0.418174 0.428183 -0.108779 
 -0.398941 0.412086 -0.106492 
 -0.379709 0.395989 -0.104204 
 -0.360476 0.379892 -0.101918 
 -0.298723 0.391817 -0.208762 
 0.090410 0.047952 -0.129861 
 0.109519 0.031958 -0.127588 
 0.139637 0.024923 -0.156632 
 0.158697 0.008972 -0.154365 
 0.177757 -0.006981 -0.152099 
 0.207677 -0.013850 -0.181165 
 0.215875 -0.038884 -0.147565 
 0.224171 -0.064003 -0.113954 
 0.243280 -0.079995 -0.111681 
 0.262389 -0.095989 -0.109410 
 0.265576 -0.125918 -0.060091 
 0.284758 -0.141973 -0.057811 
 0.303942 -0.158028 -0.055529 
 0.323124 -0.174084 -0.053248 
 0.342307 -0.190139 -0.050967 
 0.351124 -0.215692 -0.017293 
 0.360040 -0.241328 0.016393 
 0.379322 -0.257467 0.018685 
 0.398603 -0.273605 0.020979 
 0.382296 -0.323565 0.133227 
 0.401751 -0.339848 0.135541 
 -0.561335 0.498137 -0.098195 
 -0.542053 0.481999 -0.095903 
 -0.522770 0.465860 -0.093610 
 -0.503488 0.449722 -0.091316 
 -0.471721 0.441390 -0.120152 
 -0.452489 0.425293 -0.117865 
 -0.445642 0.401307 -0.084437 
 -0.426360 0.385169 -0.082145 
 -0.407079 0.369030 -0.079851 
 -0.387797 0.352892 -0.077559 
 0.075425 0.029086 -0.136616 
 0.094533 0.013092 -0.134343 
 0.124691 0.006108 -0.163370 
 0.143750 -0.009845 -0.161103 
 0.162810 -0.025797 -0.158836 
 0.181868 -0.041748 -0.156570 
 0.200928 -0.057701 -0.154303 
 0.209186 -0.082867 -0.120709 
 0.228294 -0.098861 -0.118437 
 0.247402 -0.114854 -0.116164 
 0.261184 -0.135517 -0.098218 
 0.285620 -0.146840 -0.111620 
 0.299452 -0.167545 -0.093668 
 0.323838 -0.178826 -0.107075 
 0.337719 -0.199574 -0.089117 
 0.346447 -0.225133 -0.055467 
 0.355274 -0.250776 -0.021806 
 0.364199 -0.276503 0.011869 
 0.378352 -0.297476 0.029858 
 0.367037 -0.342772 0.126350 
 0.386492 -0.359056 0.128662 
 0.405948 -0.375338 0.130977 
 0.425403 -0.391621 0.133291 
 -0.576455 0.479101 -0.105012 
 -0.576182 0.451366 -0.056079 
 -0.556825 0.435166 -0.053778 
 -0.518611 0.430686 -0.098133 
 -0.499328 0.414548 -0.095841 
 -0.480046 0.398409 -0.093547 
 -0.466977 0.378303 -0.075693 
 -0.447669 0.362143 -0.073397 
 -0.428364 0.345983 -0.071101 
 -0.409056 0.329825 -0.068806 
 0.090684 0.003244 -0.172373 
 0.109744 -0.012709 -0.170106 
 0.128802 -0.028661 -0.167841 
 0.147862 -0.044612 -0.165574 
 0.166921 -0.060565 -0.163308 
 0.185980 -0.076517 -0.161041 
 0.194200 -0.101731 -0.127465 
 0.213308 -0.117725 -0.125192 
 0.232417 -0.133719 -0.122919 
 0.251525 -0.149712 -0.120646 
 0.270634 -0.165704 -0.118375 
 0.289743 -0.181698 -0.116102 
 0.308851 -0.197692 -0.113829 
 0.327961 -0.213686 -0.111558 
 0.341846 -0.234476 -0.093606 
 0.329795 -0.279400 0.002760 
 0.349078 -0.295539 0.005052 
 0.342620 -0.335976 0.085783 
 0.351780 -0.361979 0.119472 
 0.371235 -0.378262 0.121785 
 0.390691 -0.394546 0.124099 
 0.410146 -0.410829 0.126412 
 -0.591363 0.432257 -0.062922 
 -0.572006 0.416057 -0.060621 
 -0.540038 0.407719 -0.089406 
 -0.520731 0.391560 -0.087111 
 -0.501424 0.375401 -0.084815 
 -0.482118 0.359241 -0.082518 
 -0.462811 0.343083 -0.080222 
 -0.443503 0.326923 -0.077927 
 -0.424198 0.310765 -0.075631 
 -0.404890 0.294605 -0.073335 
 0.075737 -0.015573 -0.179112 
 0.094797 -0.031525 -0.176844 
 0.113855 -0.047476 -0.174579 
 0.132915 -0.063429 -0.172312 
 0.162952 -0.070150 -0.201326 
 0.171033 -0.095332 -0.167779 
 0.179213 -0.120597 -0.134219 
 0.198323 -0.136590 -0.131948 
 0.217431 -0.152583 -0.129675 
 0.236539 -0.168576 -0.127402 
 0.255649 -0.184570 -0.125131 
 0.274757 -0.200564 -0.122858 
 0.293866 -0.216556 -0.120585 
 0.312974 -0.232550 -0.118312 
 0.332083 -0.248543 -0.116041 
 0.325107 -0.288751 -0.035404 
 0.333956 -0.314575 -0.001763 
 0.337737 -0.345366 0.047566 
 0.336522 -0.381186 0.112595 
 0.355977 -0.397468 0.114907 
 0.375432 -0.413752 0.117222 
 0.394887 -0.430035 0.119534 
 -0.606541 0.413148 -0.069765 
 -0.587186 0.396948 -0.067463 
 -0.567830 0.380747 -0.065162 
 -0.548473 0.364547 -0.062859 
 -0.529118 0.348346 -0.060558 
 -0.509761 0.332146 -0.058256 
 -0.490405 0.315945 -0.055955 
 -0.483451 0.291627 -0.022554 
 -0.451693 0.283544 -0.051351 
 -0.432335 0.267344 -0.049049 
 -0.491265 0.168668 0.204533 
 -0.471512 0.152137 0.206882 
 -0.451760 0.135604 0.209231 
 -0.444064 0.110664 0.242719 
 0.079850 -0.050340 -0.183582 
 0.098909 -0.066293 -0.181315 
 0.117968 -0.082245 -0.179050 
 0.137027 -0.098196 -0.176783 
 0.156086 -0.114148 -0.174515 
 0.164228 -0.139461 -0.140974 
 0.183336 -0.155455 -0.138702 
 0.202445 -0.171448 -0.136430 
 0.221554 -0.187442 -0.134157 
 0.240662 -0.203434 -0.131885 
 0.259772 -0.219428 -0.129613 
 0.278880 -0.235422 -0.127340 
 0.297988 -0.251415 -0.125068 
 0.317098 -0.267408 -0.122795 
 0.310025 -0.307737 -0.042203 
 0.318835 -0.333611 -0.008580 
 0.322556 -0.364475 0.040723 
 0.331589 -0.390534 0.074370 
 0.350994 -0.406775 0.076679 
 0.370400 -0.423018 0.078986 
 0.389805 -0.439259 0.081294 
 0.409212 -0.455502 0.083601 
 -0.634510 0.386161 -0.045568 
 -0.615104 0.369920 -0.043261 
 -0.595699 0.353677 -0.040952 
 -0.576294 0.337436 -0.038645 
 -0.556888 0.321194 -0.036337 
 -0.537482 0.304952 -0.034030 
 -0.518076 0.288710 -0.031723 
 -0.498671 0.272468 -0.029414 
 -0.479264 0.256226 -0.027107 
 -0.472202 0.231734 0.006294 
 -0.526507 0.165700 0.195201 
 -0.506755 0.149168 0.197550 
 -0.487002 0.132636 0.199900 
 -0.479395 0.107689 0.233365 
 -0.459593 0.091116 0.235719 
 0.045844 -0.053204 -0.192586 
 0.064902 -0.069157 -0.190321 
 0.083962 -0.085109 -0.188053 
 0.103020 -0.101060 -0.185786 
 0.111024 -0.126339 -0.152274 
 0.130134 -0.142333 -0.150003 
 0.149242 -0.158327 -0.147730 
 0.168350 -0.174320 -0.145457 
 0.187460 -0.190313 -0.143186 
 0.206568 -0.206306 -0.140913 
 0.225676 -0.222300 -0.138640 
 0.244785 -0.238292 -0.136367 
 0.263894 -0.254286 -0.134096 
 0.283003 -0.270279 -0.131823 
 0.302111 -0.286273 -0.129550 
 0.321219 -0.302265 -0.127279 
 0.335098 -0.323171 -0.109347 
 0.307376 -0.383584 0.033881 
 0.316370 -0.409691 0.067510 
 0.335775 -0.425934 0.069819 
 0.355180 -0.442175 0.072126 
 0.374587 -0.458418 0.074434 
 0.393993 -0.474660 0.076741 
 -0.662556 0.359078 -0.021406 
 -0.643101 0.342794 -0.019093 
 -0.623646 0.326511 -0.016779 
 -0.591512 0.318278 -0.045505 
 -0.572106 0.302035 -0.043198 
 -0.552701 0.285794 -0.040890 
 -0.533296 0.269551 -0.038583 
 -0.513889 0.253310 -0.036274 
 -0.482053 0.245326 -0.065036 
 -0.462696 0.229126 -0.062735 
 -0.535832 0.150370 0.172678 
 -0.534528 0.121286 0.221654 
 -0.514726 0.104713 0.224010 
 -0.494924 0.088139 0.226364 
 -0.475123 0.071566 0.228720 
 0.088073 -0.119877 -0.192524 
 0.096038 -0.145205 -0.159030 
 0.115148 -0.161198 -0.156757 
 0.134256 -0.177191 -0.154485 
 0.153365 -0.193184 -0.152213 
 0.172473 -0.209178 -0.149940 
 0.191581 -0.225172 -0.147668 
 0.210691 -0.241164 -0.145396 
 0.229799 -0.257158 -0.143123 
 0.248909 -0.273151 -0.140850 
 0.278665 -0.279395 -0.169859 
 0.297725 -0.295347 -0.167593 
 0.306234 -0.321131 -0.134033 
 0.299092 -0.361808 -0.053513 
 0.302646 -0.392777 -0.004268 
 0.321954 -0.408937 -0.001972 
 0.330908 -0.435094 0.031642 
 0.350265 -0.451294 0.033944 
 0.349115 -0.487657 0.098902 
 0.368570 -0.503941 0.101216 
 -0.690681 0.331894 0.002722 
 -0.671176 0.315570 0.005041 
 -0.651671 0.299246 0.007361 
 -0.619448 0.291020 -0.021344 
 -0.599993 0.274737 -0.019030 
 -0.567920 0.266635 -0.047750 
 -0.548513 0.250394 -0.045443 
 -0.529108 0.234152 -0.043134 
 -0.509703 0.217910 -0.040827 
 -0.490297 0.201668 -0.038519 
 -0.551303 0.130895 0.165705 
 -0.537736 0.110168 0.183586 
 -0.530255 0.085164 0.217009 
 -0.490652 0.052017 0.221719 
 -0.470850 0.035444 0.224074 
 -0.371841 -0.047423 0.235848 
 -0.352040 -0.063996 0.238203 
 -0.312436 -0.097143 0.242913 
 -0.292635 -0.113716 0.245267 
 0.061944 -0.148077 -0.168058 
 0.081053 -0.164069 -0.165785 
 0.100161 -0.180063 -0.163512 
 0.119269 -0.196056 -0.161241 
 0.138379 -0.212050 -0.158968 
 0.157487 -0.228042 -0.156695 
 0.176597 -0.244036 -0.154422 
 0.195705 -0.260030 -0.152151 
 0.214813 -0.276022 -0.149878 
 0.233922 -0.292016 -0.147605 
 0.253030 -0.308009 -0.145334 
 0.272140 -0.324003 -0.143061 
 0.275365 -0.354818 -0.093874 
 0.284009 -0.380796 -0.060312 
 0.303241 -0.396893 -0.058024 
 0.312032 -0.422994 -0.024443 
 0.326120 -0.444156 -0.006501 
 0.335085 -0.470403 0.027101 
 0.354441 -0.486604 0.029402 
 0.373798 -0.502804 0.031704 
 0.372768 -0.539430 0.096651 
 -0.712429 0.308627 0.011319 
 -0.692900 0.292281 0.013643 
 -0.666967 0.279989 0.000466 
 -0.647462 0.263665 0.002784 
 -0.615251 0.255530 -0.025907 
 -0.595796 0.239246 -0.023594 
 -0.576341 0.222963 -0.021280 
 -0.569444 0.198366 0.012063 
 -0.537431 0.190397 -0.016653 
 -0.592731 0.123732 0.171905 
 -0.566774 0.111418 0.158730 
 -0.553226 0.090668 0.176602 
 -0.545784 0.065614 0.210009 
 -0.525984 0.049041 0.212363 
 -0.493970 0.041072 0.183649 
 -0.486379 0.015894 0.217073 
 -0.454466 0.008008 0.188348 
 -0.446777 -0.017252 0.221783 
 -0.414961 -0.025056 0.193045 
 -0.407172 -0.050399 0.226493 
 -0.387372 -0.066973 0.228847 
 -0.367569 -0.083546 0.231203 
 -0.347767 -0.100119 0.233557 
 -0.327965 -0.116693 0.235912 
 -0.308164 -0.133266 0.238267 
 0.077238 -0.173460 -0.203733 
 0.079613 -0.203686 -0.154667 
 0.104284 -0.214921 -0.167995 
 0.123393 -0.230914 -0.165724 
 0.142502 -0.246908 -0.163451 
 0.161610 -0.262900 -0.161178 
 0.180718 -0.278894 -0.158905 
 0.199828 -0.294887 -0.156634 
 0.213548 -0.315783 -0.138739 
 0.232682 -0.331797 -0.136465 
 0.257154 -0.342867 -0.149817 
 0.249694 -0.383686 -0.069398 
 0.268925 -0.399783 -0.067111 
 0.277628 -0.425892 -0.033554 
 0.296911 -0.442030 -0.031260 
 0.310978 -0.463216 -0.013326 
 0.330284 -0.479376 -0.011030 
 0.339260 -0.505714 0.022560 
 0.358617 -0.521914 0.024861 
 0.357510 -0.558637 0.089774 
 -0.721273 0.293383 -0.011069 
 -0.701768 0.277059 -0.008749 
 -0.682263 0.260733 -0.006429 
 -0.662760 0.244409 -0.004111 
 -0.630508 0.236324 -0.032785 
 -0.611053 0.220040 -0.030472 
 -0.591598 0.203756 -0.028158 
 -0.591039 0.174928 0.020673 
 -0.565235 0.162786 0.007488 
 -0.589474 0.116899 0.118386 
 -0.582245 0.091943 0.151757 
 -0.568717 0.071167 0.169620 
 -0.548965 0.054636 0.171968 
 -0.529213 0.038103 0.174317 
 -0.509460 0.021572 0.176667 
 -0.489708 0.005040 0.179016 
 -0.469956 -0.011492 0.181364 
 -0.462306 -0.036801 0.214784 
 -0.424425 -0.040147 0.170525 
 -0.422703 -0.069947 0.219492 
 -0.402901 -0.086521 0.221848 
 -0.371195 -0.094152 0.193110 
 -0.363296 -0.119668 0.226558 
 -0.343496 -0.136241 0.228912 
 -0.323694 -0.152814 0.231266 
 -0.303891 -0.169388 0.233622 
 -0.165279 -0.285401 0.250106 
 0.045476 -0.206561 -0.163706 
 0.064608 -0.222575 -0.161431 
 0.083742 -0.238589 -0.159156 
 0.108408 -0.249778 -0.172478 
 0.127516 -0.265772 -0.170206 
 0.146624 -0.281766 -0.167933 
 0.165733 -0.297759 -0.165661 
 0.179409 -0.318659 -0.147779 
 0.187727 -0.344527 -0.114281 
 0.217676 -0.350687 -0.143229 
 0.226093 -0.376639 -0.109718 
 0.234610 -0.402673 -0.076197 
 0.253842 -0.418770 -0.073910 
 0.273075 -0.434866 -0.071622 
 0.281789 -0.461066 -0.038076 
 0.295837 -0.482278 -0.020151 
 0.315143 -0.498436 -0.017855 
 0.324081 -0.524823 0.015717 
 0.333117 -0.551291 0.049301 
 0.342253 -0.577844 0.082896 
 0.361708 -0.594128 0.085209 
 -0.736571 0.274127 -0.017964 
 -0.723531 0.253721 -0.000166 
 -0.697561 0.241478 -0.013326 
 -0.678056 0.225152 -0.011006 
 -0.658551 0.208828 -0.008686 
 -0.639046 0.192504 -0.006367 
 -0.619541 0.176178 -0.004047 
 -0.618990 0.147236 0.044763 
 -0.599411 0.130850 0.047091 
 -0.604906 0.097473 0.111430 
 -0.597716 0.072468 0.144782 
 -0.584207 0.051667 0.162636 
 -0.564455 0.035135 0.164986 
 -0.544703 0.018604 0.167335 
 -0.524952 0.002071 0.169683 
 -0.505199 -0.014460 0.172033 
 -0.485447 -0.030993 0.174382 
 -0.465695 -0.047524 0.176730 
 -0.439896 -0.059623 0.163550 
 -0.438232 -0.089497 0.212493 
 -0.418430 -0.106071 0.214847 
 -0.386685 -0.113651 0.186126 
 -0.378827 -0.139217 0.219557 
 -0.359025 -0.155791 0.221912 
 -0.339223 -0.172364 0.224267 
 -0.319422 -0.188937 0.226621 
 -0.299620 -0.205511 0.228977 
 -0.220413 -0.271804 0.238395 
 -0.189163 -0.278971 0.209616 
 -0.169411 -0.295504 0.211964 
 -0.149658 -0.312035 0.214314 
 -0.129906 -0.328568 0.216663 
 0.030471 -0.225451 -0.170470 
 0.049603 -0.241465 -0.168195 
 0.068737 -0.257479 -0.165919 
 0.093421 -0.268644 -0.179233 
 0.112529 -0.284638 -0.176962 
 0.131639 -0.300630 -0.174689 
 0.150747 -0.316624 -0.172416 
 0.169855 -0.332617 -0.170143 
 0.183537 -0.353562 -0.152268 
 0.202671 -0.369576 -0.149993 
 0.211050 -0.395577 -0.116500 
 0.230232 -0.411632 -0.114218 
 0.238759 -0.437756 -0.080708 
 0.257992 -0.453853 -0.078422 
 0.277224 -0.469950 -0.076134 
 0.285950 -0.496240 -0.042599 
 0.300003 -0.517496 -0.024681 
 0.308901 -0.543932 0.008874 
 0.317899 -0.570450 0.042441 
 0.326994 -0.597050 0.076019 
 0.346449 -0.613334 0.078332 
 0.355694 -0.640059 0.111928 
 0.375199 -0.656385 0.114248 
 -0.738847 0.234441 -0.007070 
 -0.712857 0.222222 -0.020221 
 -0.693352 0.205898 -0.017901 
 -0.673847 0.189572 -0.015581 
 -0.654342 0.173247 -0.013262 
 -0.641201 0.152713 0.004542 
 -0.621670 0.136368 0.006864 
 -0.614767 0.111521 0.040170 
 -0.620340 0.078046 0.104474 
 -0.613187 0.052991 0.137808 
 -0.599699 0.032168 0.155654 
 -0.579946 0.015635 0.158003 
 -0.560194 -0.000898 0.160353 
 -0.540442 -0.017429 0.162701 
 -0.520689 -0.033961 0.165050 
 -0.500937 -0.050492 0.167398 
 -0.481185 -0.067025 0.169748 
 -0.461432 -0.083556 0.172097 
 -0.453761 -0.109046 0.205492 
 -0.421929 -0.116620 0.176795 
 -0.414158 -0.142192 0.210201 
 -0.394356 -0.158766 0.212557 
 -0.362672 -0.166216 0.183841 
 -0.342920 -0.182749 0.186191 
 -0.323167 -0.199280 0.188539 
 -0.315149 -0.225059 0.221976 
 -0.295347 -0.241633 0.224331 
 -0.275546 -0.258206 0.226685 
 -0.196339 -0.324499 0.236105 
 -0.156735 -0.357646 0.240815 
 -0.136934 -0.374219 0.243169 
 0.034598 -0.260353 -0.174960 
 0.053731 -0.276367 -0.172683 
 0.078435 -0.287508 -0.185989 
 0.097544 -0.303502 -0.183716 
 0.116653 -0.319496 -0.181444 
 0.135761 -0.335489 -0.179172 
 0.154870 -0.351481 -0.176899 
 0.168532 -0.372452 -0.159032 
 0.193088 -0.383469 -0.172354 
 0.196006 -0.414514 -0.123282 
 0.215188 -0.430571 -0.121000 
 0.223677 -0.456743 -0.087507 
 0.242909 -0.472840 -0.085221 
 0.262142 -0.488937 -0.082933 
 0.270827 -0.515276 -0.049416 
 0.284861 -0.536556 -0.031506 
 0.293721 -0.563041 0.002032 
 0.302679 -0.589608 0.035581 
 0.311737 -0.616258 0.069141 
 0.320893 -0.642991 0.102713 
 0.340398 -0.659316 0.105033 
 0.359903 -0.675640 0.107353 
 -0.754164 0.215160 -0.013973 
 -0.728153 0.202966 -0.027116 
 -0.715104 0.182469 -0.009329 
 -0.689144 0.170317 -0.022477 
 -0.669640 0.153993 -0.020157 
 -0.650135 0.137667 -0.017837 
 -0.649699 0.108579 0.030920 
 -0.642785 0.083641 0.064213 
 -0.648387 0.050028 0.128489 
 -0.628659 0.033515 0.130835 
 -0.615189 0.012667 0.148672 
 -0.595436 -0.003865 0.151021 
 -0.575684 -0.020397 0.153369 
 -0.555932 -0.036928 0.155718 
 -0.536179 -0.053461 0.158068 
 -0.516428 -0.069992 0.160416 
 -0.490566 -0.082063 0.147257 
 -0.470839 -0.098573 0.149603 
 -0.457171 -0.119588 0.167463 
 -0.437419 -0.136121 0.169812 
 -0.417667 -0.152652 0.172160 
 -0.397914 -0.169185 0.174510 
 -0.378162 -0.185716 0.176859 
 -0.358410 -0.202248 0.179207 
 -0.338657 -0.218780 0.181557 
 -0.318905 -0.235312 0.183906 
 -0.310877 -0.261182 0.217330 
 -0.291075 -0.277756 0.219686 
 -0.271273 -0.294329 0.222040 
 -0.251471 -0.310902 0.224396 
 -0.231670 -0.327476 0.226750 
 -0.211868 -0.344049 0.229104 
 -0.192066 -0.360622 0.231460 
 -0.172265 -0.377196 0.233814 
 -0.152463 -0.393769 0.236170 
 0.019592 -0.279243 -0.181722 
 0.038726 -0.295257 -0.179447 
 0.063449 -0.306374 -0.192744 
 0.082558 -0.322367 -0.190471 
 0.101666 -0.338360 -0.188198 
 0.120776 -0.354353 -0.185927 
 0.139884 -0.370347 -0.183654 
 0.153527 -0.391340 -0.165795 
 0.161778 -0.417397 -0.132344 
 0.180962 -0.433453 -0.130063 
 0.200144 -0.449508 -0.127781 
 0.208594 -0.475731 -0.094306 
 0.227825 -0.491828 -0.092020 
 0.247059 -0.507925 -0.089732 
 0.255706 -0.534312 -0.056232 
 0.269719 -0.555617 -0.038331 
 0.278541 -0.582150 -0.004811 
 0.287460 -0.608765 0.028721 
 0.296479 -0.635464 0.062262 
 0.305597 -0.662246 0.095818 
 0.319957 -0.683841 0.113761 
 0.339488 -0.700187 0.116083 
 0.359017 -0.716532 0.118407 
 -0.730420 0.163190 -0.016233 
 -0.704441 0.151061 -0.029372 
 -0.684936 0.134736 -0.027052 
 -0.665431 0.118412 -0.024732 
 -0.690559 0.072133 0.085881 
 -0.683585 0.047063 0.119169 
 -0.663858 0.030551 0.121515 
 -0.650431 0.009698 0.139340 
 -0.630680 -0.006833 0.141689 
 -0.610928 -0.023366 0.144037 
 -0.591176 -0.039897 0.146387 
 -0.571423 -0.056429 0.148736 
 -0.551671 -0.072961 0.151084 
 -0.531918 -0.089493 0.153434 
 -0.512166 -0.106024 0.155783 
 -0.492414 -0.122557 0.158131 
 -0.472661 -0.139089 0.160480 
 -0.452909 -0.155621 0.162830 
 -0.433157 -0.172153 0.165178 
 -0.413406 -0.188684 0.167527 
 -0.393653 -0.205217 0.169877 
 -0.367945 -0.217118 0.156705 
 -0.354149 -0.238281 0.174574 
 -0.334396 -0.254812 0.176924 
 -0.314644 -0.271344 0.179272 
 -0.294892 -0.287877 0.181621 
 -0.286802 -0.313879 0.215041 
 -0.267001 -0.330452 0.217395 
 -0.247199 -0.347026 0.219749 
 -0.215882 -0.354004 0.191016 
 -0.196130 -0.370535 0.193366 
 -0.176377 -0.387068 0.195715 
 -0.167992 -0.413319 0.229169 
 0.004587 -0.298132 -0.188487 
 0.023721 -0.314146 -0.186212 
 0.042855 -0.330160 -0.183937 
 0.061987 -0.346174 -0.181660 
 0.086681 -0.357225 -0.194954 
 0.105789 -0.373219 -0.192681 
 0.124898 -0.389211 -0.190410 
 0.138522 -0.410230 -0.172559 
 0.157654 -0.426244 -0.170284 
 0.165917 -0.452392 -0.136844 
 0.185099 -0.468447 -0.134563 
 0.204283 -0.484501 -0.132282 
 0.223466 -0.500558 -0.130000 
 0.242648 -0.516613 -0.127719 
 0.261832 -0.532669 -0.125437 
 0.259866 -0.569487 -0.060755 
 0.263360 -0.601260 -0.011654 
 0.272242 -0.627924 0.021861 
 0.281222 -0.654672 0.055385 
 0.290301 -0.681503 0.088923 
 0.309805 -0.697827 0.091243 
 0.329310 -0.714151 0.093563 
 0.348814 -0.730477 0.095882 
 -0.705993 0.052705 0.078925 
 -0.699056 0.027586 0.112195 
 -0.679329 0.011076 0.114540 
 -0.665923 -0.009802 0.132358 
 -0.646170 -0.026333 0.134706 
 -0.626418 -0.042865 0.137055 
 -0.606666 -0.059398 0.139403 
 -0.586913 -0.075929 0.141753 
 -0.567161 -0.092462 0.144102 
 -0.547408 -0.108993 0.146451 
 -0.527656 -0.125525 0.148800 
 -0.507905 -0.142056 0.151149 
 -0.500350 -0.167693 0.184491 
 -0.480548 -0.184267 0.186847 
 -0.460745 -0.200840 0.189201 
 -0.428896 -0.208185 0.160545 
 -0.409143 -0.224717 0.162893 
 -0.389391 -0.241249 0.165243 
 -0.369639 -0.257780 0.167592 
 -0.349886 -0.274313 0.169940 
 -0.330134 -0.290844 0.172289 
 -0.310382 -0.307377 0.174639 
 -0.302333 -0.333427 0.208040 
 -0.282530 -0.350000 0.210395 
 -0.262728 -0.366574 0.212750 
 -0.242926 -0.383147 0.215104 
 -0.211621 -0.390037 0.186383 
 -0.191869 -0.406568 0.188731 
 -0.172116 -0.423100 0.191081 
 -0.010418 -0.317021 -0.195251 
 0.008716 -0.333036 -0.192976 
 0.027848 -0.349050 -0.190701 
 0.046982 -0.365064 -0.188425 
 0.071695 -0.376089 -0.201709 
 0.090803 -0.392083 -0.199437 
 0.109913 -0.408077 -0.197165 
 0.129021 -0.424069 -0.194892 
 0.148130 -0.440063 -0.192620 
 0.167238 -0.456056 -0.190347 
 0.180917 -0.477162 -0.172497 
 0.189239 -0.503440 -0.139062 
 0.219183 -0.509189 -0.167947 
 0.238316 -0.525203 -0.165671 
 0.257450 -0.541217 -0.163396 
 0.255357 -0.578092 -0.098756 
 0.258744 -0.609897 -0.049686 
 0.257023 -0.647082 0.015001 
 0.265963 -0.673878 0.048507 
 0.269797 -0.706056 0.097632 
 0.289326 -0.722402 0.099954 
 0.308855 -0.738747 0.102276 
 0.328386 -0.755093 0.104598 
 -0.661660 -0.045834 0.127723 
 -0.641909 -0.062365 0.130073 
 -0.622157 -0.078898 0.132421 
 -0.602405 -0.095430 0.134770 
 -0.582652 -0.111961 0.137120 
 -0.562900 -0.128494 0.139468 
 -0.543148 -0.145025 0.141817 
 -0.523395 -0.161558 0.144165 
 -0.515879 -0.187242 0.177492 
 -0.496077 -0.203815 0.179846 
 -0.476276 -0.220388 0.182202 
 -0.456474 -0.236962 0.184556 
 -0.424633 -0.244218 0.155911 
 -0.404881 -0.260749 0.158259 
 -0.385130 -0.277281 0.160608 
 -0.365378 -0.293812 0.162958 
 -0.345625 -0.310345 0.165307 
 -0.325873 -0.326876 0.167655 
 -0.306121 -0.343409 0.170005 
 -0.298059 -0.369549 0.203394 
 -0.278257 -0.386122 0.205750 
 -0.246864 -0.393005 0.177051 
 -0.227111 -0.409536 0.179401 
 -0.218852 -0.435842 0.212814 
 -0.187606 -0.442600 0.184098 
 -0.025423 -0.335910 -0.202015 
 -0.006289 -0.351924 -0.199740 
 0.012844 -0.367938 -0.197464 
 0.031977 -0.383952 -0.195189 
 0.051110 -0.399966 -0.192914 
 0.075818 -0.410947 -0.206192 
 0.094926 -0.426941 -0.203919 
 0.114034 -0.442935 -0.201648 
 0.133144 -0.458928 -0.199375 
 0.152252 -0.474921 -0.197102 
 0.171362 -0.490914 -0.194829 
 0.190470 -0.506908 -0.192558 
 0.209578 -0.522902 -0.190285 
 0.228687 -0.538894 -0.188012 
 0.242445 -0.560107 -0.170160 
 0.261579 -0.576121 -0.167885 
 0.280712 -0.592135 -0.165608 
 0.299846 -0.608149 -0.163334 
 0.250706 -0.693086 0.041630 
 0.270161 -0.709370 0.043944 
 0.289617 -0.725652 0.046257 
 0.309072 -0.741935 0.048571 
 0.302763 -0.785142 0.128901 
 0.322342 -0.801529 0.131228 
 -0.677152 -0.065334 0.120741 
 -0.657399 -0.081866 0.123089 
 -0.637647 -0.098397 0.125439 
 -0.617895 -0.114930 0.127788 
 -0.598142 -0.131461 0.130136 
 -0.590813 -0.157071 0.163427 
 -0.571012 -0.173645 0.165781 
 -0.551210 -0.190218 0.168137 
 -0.531408 -0.206791 0.170491 
 -0.511607 -0.223365 0.172847 
 -0.491805 -0.239938 0.175201 
 -0.472003 -0.256512 0.177556 
 -0.440125 -0.263717 0.148929 
 -0.420372 -0.280248 0.151277 
 -0.400620 -0.296781 0.153626 
 -0.380868 -0.313312 0.155974 
 -0.361115 -0.329845 0.158324 
 -0.341363 -0.346377 0.160673 
 -0.321611 -0.362908 0.163021 
 -0.301858 -0.379441 0.165371 
 -0.293788 -0.405672 0.198749 
 -0.262354 -0.412505 0.170068 
 -0.254184 -0.438819 0.203459 
 -0.234381 -0.455392 0.205813 
 -0.203098 -0.462100 0.177115 
 -0.183346 -0.478632 0.179464 
 -0.021294 -0.370814 -0.206503 
 -0.002162 -0.386828 -0.204228 
 0.016972 -0.402842 -0.201953 
 0.036105 -0.418856 -0.199678 
 0.055239 -0.434870 -0.197402 
 0.079940 -0.445807 -0.210675 
 0.099050 -0.461799 -0.208402 
 0.118158 -0.477793 -0.206131 
 0.131772 -0.498927 -0.188300 
 0.156375 -0.509780 -0.201585 
 0.170040 -0.530953 -0.183750 
 0.194593 -0.541766 -0.197041 
 0.213701 -0.557760 -0.194768 
 0.227440 -0.578996 -0.176924 
 0.246573 -0.595010 -0.174649 
 0.265707 -0.611024 -0.172373 
 0.226585 -0.685399 0.001279 
 0.235449 -0.712292 0.034752 
 0.239164 -0.744616 0.083823 
 0.258695 -0.760962 0.086146 
 0.267830 -0.788084 0.119650 
 0.287409 -0.804471 0.121980 
 0.306988 -0.820858 0.124307 
 -0.672889 -0.101366 0.116107 
 -0.653137 -0.117898 0.118456 
 -0.633385 -0.134429 0.120804 
 -0.626145 -0.160048 0.154071 
 -0.606343 -0.176621 0.156427 
 -0.586541 -0.193194 0.158781 
 -0.566739 -0.209768 0.161136 
 -0.527136 -0.242915 0.165846 
 -0.507334 -0.259488 0.168201 
 -0.487532 -0.276061 0.170555 
 -0.455615 -0.283217 0.141945 
 -0.435862 -0.299750 0.144294 
 -0.416110 -0.316281 0.146644 
 -0.396358 -0.332813 0.148992 
 -0.376607 -0.349344 0.151341 
 -0.356854 -0.365877 0.153691 
 -0.337102 -0.382410 0.156039 
 -0.317350 -0.398941 0.158388 
 -0.309317 -0.425222 0.191749 
 -0.277845 -0.432004 0.163086 
 -0.258093 -0.448537 0.165435 
 -0.249912 -0.474942 0.198814 
 -0.218588 -0.481601 0.170133 
 -0.198836 -0.498132 0.172482 
 -0.059146 -0.409697 -0.151173 
 -0.039912 -0.425794 -0.148885 
 -0.020681 -0.441890 -0.146598 
 0.009826 -0.447866 -0.175376 
 0.029009 -0.463922 -0.173094 
 0.059366 -0.469773 -0.201891 
 0.078500 -0.485787 -0.199616 
 0.103171 -0.496658 -0.212885 
 0.122281 -0.512650 -0.210613 
 0.141389 -0.528644 -0.208340 
 0.155033 -0.549843 -0.190513 
 0.179607 -0.560631 -0.203796 
 0.193301 -0.581871 -0.185963 
 0.212435 -0.597886 -0.183688 
 0.220838 -0.624477 -0.150282 
 0.240021 -0.640532 -0.148001 
 0.237942 -0.677907 -0.083436 
 0.257225 -0.694045 -0.081142 
 0.229114 -0.758525 0.061343 
 0.248619 -0.774851 0.063662 
 0.262908 -0.796588 0.081565 
 0.282437 -0.812934 0.083887 
 0.301967 -0.829278 0.086209 
 -0.641675 -0.179596 0.147072 
 -0.621872 -0.196169 0.149426 
 -0.602070 -0.212743 0.151782 
 -0.582270 -0.229316 0.154136 
 -0.522863 -0.279036 0.161200 
 -0.503062 -0.295610 0.163556 
 -0.483260 -0.312183 0.165910 
 -0.463458 -0.328756 0.168264 
 -0.443656 -0.345330 0.170620 
 -0.411849 -0.352313 0.142010 
 -0.392097 -0.368845 0.144359 
 -0.384251 -0.395050 0.177684 
 -0.364450 -0.411623 0.180038 
 -0.344648 -0.428197 0.182394 
 -0.324846 -0.444770 0.184748 
 -0.293335 -0.451506 0.156103 
 -0.273583 -0.468037 0.158453 
 -0.265441 -0.494490 0.191814 
 -0.234079 -0.501100 0.163150 
 -0.197060 -0.502626 0.118962 
 -0.085690 -0.438729 -0.126940 
 -0.066407 -0.454869 -0.124648 
 -0.035764 -0.460877 -0.153397 
 -0.016531 -0.476974 -0.151110 
 0.002701 -0.493072 -0.148823 
 0.033147 -0.498916 -0.177595 
 0.052331 -0.514971 -0.175313 
 0.088186 -0.515522 -0.219640 
 0.090696 -0.547082 -0.170752 
 0.109880 -0.563137 -0.168470 
 0.129063 -0.579193 -0.166189 
 0.159162 -0.584747 -0.195002 
 0.167429 -0.611304 -0.161626 
 0.197429 -0.616774 -0.190451 
 0.205794 -0.643414 -0.157063 
 0.224978 -0.659470 -0.154783 
 0.233491 -0.686234 -0.121378 
 0.252722 -0.702331 -0.119090 
 0.208533 -0.783177 0.070015 
 0.233323 -0.794106 0.056767 
 0.247591 -0.815868 0.074660 
 0.256700 -0.843130 0.108136 
 0.265907 -0.870473 0.141625 
 0.285534 -0.886902 0.143960 
 -0.518591 -0.315159 0.156555 
 -0.498789 -0.331733 0.158911 
 -0.478987 -0.348306 0.161265 
 -0.459186 -0.364879 0.163619 
 -0.439384 -0.381453 0.165975 
 -0.419582 -0.398026 0.168329 
 -0.399782 -0.414600 0.170685 
 -0.379979 -0.431173 0.173039 
 -0.360177 -0.447746 0.175393 
 -0.340375 -0.464320 0.177749 
 -0.308826 -0.471005 0.149121 
 -0.300772 -0.497466 0.182459 
 -0.269322 -0.504069 0.153818 
 -0.243769 -0.515595 0.140666 
 -0.200942 -0.511999 0.080999 
 -0.181315 -0.528428 0.083333 
 -0.081530 -0.473904 -0.131463 
 -0.062248 -0.490042 -0.129171 
 -0.042967 -0.506180 -0.126878 
 -0.012382 -0.512059 -0.155622 
 0.006851 -0.528154 -0.153334 
 0.037286 -0.533909 -0.182095 
 0.045316 -0.560349 -0.148760 
 0.064548 -0.576446 -0.146474 
 0.083780 -0.592543 -0.144186 
 0.114019 -0.598130 -0.172971 
 0.133201 -0.614186 -0.170688 
 0.152384 -0.630241 -0.168408 
 0.171567 -0.646298 -0.166127 
 0.190750 -0.662352 -0.163845 
 0.209934 -0.678409 -0.161564 
 0.218407 -0.705221 -0.128176 
 0.237641 -0.721318 -0.125889 
 0.198522 -0.797038 0.047552 
 0.218027 -0.813362 0.049872 
 0.232276 -0.835149 0.067756 
 0.241345 -0.862459 0.101215 
 0.260923 -0.878846 0.103543 
 0.280502 -0.895232 0.105872 
 0.300083 -0.911619 0.108200 
 -0.514318 -0.351281 0.151910 
 -0.494518 -0.367854 0.154265 
 -0.454913 -0.401001 0.158974 
 -0.435113 -0.417575 0.161329 
 -0.415311 -0.434148 0.163684 
 -0.395508 -0.450721 0.166039 
 -0.375706 -0.467295 0.168394 
 -0.355906 -0.483868 0.170748 
 -0.324316 -0.490505 0.142139 
 -0.304564 -0.507037 0.144487 
 -0.284812 -0.523569 0.146836 
 -0.259240 -0.535070 0.133693 
 -0.227924 -0.541480 0.105049 
 -0.208246 -0.557950 0.107389 
 -0.096652 -0.492940 -0.138280 
 -0.077369 -0.509078 -0.135988 
 -0.058087 -0.525216 -0.133694 
 -0.038806 -0.541354 -0.131401 
 -0.019524 -0.557493 -0.129108 
 0.011000 -0.563239 -0.157847 
 0.030233 -0.579336 -0.155559 
 0.038322 -0.605908 -0.122229 
 0.068698 -0.611530 -0.150985 
 0.087930 -0.627627 -0.148697 
 0.118157 -0.633124 -0.177470 
 0.137340 -0.649180 -0.175189 
 0.156522 -0.665235 -0.172907 
 0.164860 -0.692014 -0.139549 
 0.194889 -0.697346 -0.168346 
 0.203325 -0.724208 -0.134975 
 0.222557 -0.740305 -0.132688 
 0.183226 -0.816293 0.040657 
 0.202729 -0.832618 0.042977 
 0.206412 -0.865400 0.091966 
 0.225991 -0.881787 0.094294 
 0.245569 -0.898174 0.096621 
 0.265148 -0.914561 0.098951 
 -0.450642 -0.437124 0.154328 
 -0.430840 -0.453698 0.156684 
 -0.411037 -0.470271 0.159038 
 -0.391237 -0.486844 0.161394 
 -0.371435 -0.503418 0.163748 
 -0.339808 -0.510006 0.135155 
 -0.320055 -0.526537 0.137503 
 -0.300303 -0.543070 0.139853 
 -0.274712 -0.554547 0.126720 
 -0.243356 -0.560906 0.098093 
 -0.235257 -0.587568 0.131411 
 -0.111773 -0.511976 -0.145096 
 -0.092491 -0.528114 -0.142804 
 -0.073210 -0.544252 -0.140511 
 -0.053928 -0.560390 -0.138217 
 -0.034645 -0.576529 -0.135925 
 -0.004082 -0.582226 -0.164645 
 0.015150 -0.598323 -0.162358 
 0.023200 -0.624944 -0.129046 
 0.053615 -0.630517 -0.157784 
 0.072847 -0.646613 -0.155496 
 0.092080 -0.662710 -0.153210 
 0.122296 -0.668118 -0.181971 
 0.130545 -0.694904 -0.148636 
 0.149777 -0.711001 -0.146348 
 0.158174 -0.737912 -0.112994 
 0.188242 -0.743196 -0.141774 
 0.169897 -0.797431 -0.030713 
 0.178615 -0.824611 0.002677 
 0.187433 -0.851873 0.036082 
 0.191056 -0.884730 0.085043 
 0.210635 -0.901117 0.087373 
 0.230214 -0.917504 0.089700 
 -0.406766 -0.506393 0.154393 
 -0.386964 -0.522966 0.156749 
 -0.355298 -0.529506 0.128173 
 -0.335546 -0.546038 0.130521 
 -0.315793 -0.562569 0.132870 
 -0.296041 -0.579102 0.135220 
 -0.258790 -0.580333 0.091137 
 -0.250728 -0.607045 0.124438 
 -0.231001 -0.623556 0.126783 
 -0.113372 -0.552311 -0.134134 
 -0.088331 -0.563288 -0.147327 
 -0.057631 -0.569019 -0.176018 
 -0.038397 -0.585116 -0.173732 
 -0.019165 -0.601213 -0.171444 
 0.011337 -0.606778 -0.200159 
 0.008079 -0.643980 -0.135862 
 0.027360 -0.660118 -0.133569 
 0.057765 -0.665600 -0.162295 
 0.076997 -0.681697 -0.160009 
 0.096228 -0.697794 -0.157721 
 0.115462 -0.713892 -0.155435 
 0.134694 -0.729989 -0.153147 
 0.153927 -0.746086 -0.150861 
 0.162335 -0.773086 -0.117518 
 0.154677 -0.816588 -0.037575 
 0.152632 -0.854805 0.026867 
 0.166798 -0.876643 0.044721 
 0.175702 -0.904059 0.078122 
 0.195281 -0.920446 0.080450 
 -0.402493 -0.542516 0.149748 
 -0.382692 -0.559089 0.152103 
 -0.351036 -0.565538 0.123539 
 -0.331285 -0.582069 0.125888 
 -0.311532 -0.598602 0.128236 
 -0.285927 -0.610010 0.115118 
 -0.266199 -0.626521 0.117463 
 -0.246472 -0.643031 0.119809 
 -0.163184 -0.602492 -0.048096 
 -0.143729 -0.618775 -0.045783 
 -0.084172 -0.598462 -0.151850 
 -0.064889 -0.614601 -0.149558 
 -0.034249 -0.620201 -0.178243 
 -0.015015 -0.636298 -0.175956 
 0.004216 -0.652393 -0.173669 
 0.012238 -0.679154 -0.140385 
 0.042681 -0.684588 -0.169094 
 0.061913 -0.700685 -0.166808 
 0.081147 -0.716782 -0.164520 
 0.100378 -0.732879 -0.162234 
 0.108649 -0.759845 -0.128920 
 0.127931 -0.775984 -0.126627 
 0.130917 -0.808553 -0.077779 
 0.150273 -0.824753 -0.075477 
 0.148100 -0.863025 -0.011078 
 0.156841 -0.890386 0.022291 
 0.171012 -0.912270 0.040141 
 -0.418023 -0.562064 0.142748 
 -0.386279 -0.568506 0.114207 
 -0.366527 -0.585037 0.116556 
 -0.346775 -0.601570 0.118906 
 -0.327022 -0.618101 0.121254 
 -0.301398 -0.629485 0.108143 
 -0.281670 -0.645996 0.110489 
 -0.261944 -0.662508 0.112836 
 -0.190037 -0.632120 -0.024037 
 -0.135894 -0.617055 -0.114545 
 -0.105042 -0.622751 -0.143193 
 -0.080011 -0.633637 -0.156375 
 -0.060729 -0.649775 -0.154081 
 -0.041448 -0.665913 -0.151787 
 -0.022165 -0.682052 -0.149495 
 -0.002883 -0.698190 -0.147202 
 0.016399 -0.714328 -0.144908 
 0.046830 -0.719672 -0.173607 
 0.066063 -0.735769 -0.171319 
 0.074245 -0.762743 -0.138031 
 0.093527 -0.778881 -0.135737 
 0.096380 -0.811461 -0.086923 
 0.115737 -0.827661 -0.084621 
 0.124240 -0.854905 -0.051295 
 0.132843 -0.882231 -0.017955 
 0.141544 -0.909641 0.015396 
 -0.413750 -0.598187 0.138103 
 -0.382017 -0.604539 0.109574 
 -0.362265 -0.621070 0.111922 
 -0.342512 -0.637602 0.114271 
 -0.316870 -0.648960 0.101169 
 -0.285408 -0.655085 0.072607 
 -0.265731 -0.671554 0.074947 
 -0.205333 -0.651375 -0.030931 
 -0.151074 -0.636164 -0.121388 
 -0.131717 -0.652364 -0.119086 
 -0.100876 -0.657970 -0.147721 
 -0.075850 -0.668811 -0.160897 
 -0.056569 -0.684949 -0.158604 
 -0.037287 -0.701088 -0.156312 
 -0.018005 -0.717226 -0.154018 
 0.001278 -0.733364 -0.151725 
 0.020559 -0.749502 -0.149433 
 0.050980 -0.754756 -0.178118 
 0.059123 -0.781779 -0.144847 
 0.078406 -0.797917 -0.142553 
 0.081201 -0.830570 -0.093765 
 0.089615 -0.857821 -0.060462 
 0.109021 -0.874063 -0.058155 
 0.106743 -0.912573 0.006181 
 0.126247 -0.928897 0.008501 
 -0.429279 -0.617736 0.131102 
 -0.409479 -0.634309 0.133457 
 -0.377756 -0.640571 0.104940 
 -0.358004 -0.657102 0.107288 
 -0.332341 -0.668437 0.094196 
 -0.312613 -0.684948 0.096541 
 -0.281163 -0.690981 0.067991 
 -0.220629 -0.670632 -0.037826 
 -0.177878 -0.665835 -0.097323 
 -0.146897 -0.671473 -0.125929 
 -0.127542 -0.687674 -0.123626 
 -0.090973 -0.687847 -0.167714 
 -0.071691 -0.703985 -0.165420 
 -0.052409 -0.720124 -0.163128 
 -0.033126 -0.736262 -0.160835 
 -0.013845 -0.752400 -0.158541 
 0.005437 -0.768539 -0.156249 
 0.024719 -0.784677 -0.153956 
 0.044002 -0.800815 -0.151662 
 0.063283 -0.816953 -0.149370 
 0.066021 -0.849679 -0.100608 
 0.074396 -0.876979 -0.067322 
 0.093803 -0.893222 -0.065015 
 -0.444810 -0.637285 0.124102 
 -0.425008 -0.653859 0.126456 
 -0.405206 -0.670432 0.128812 
 -0.373494 -0.676602 0.100306 
 -0.353741 -0.693134 0.102655 
 -0.328084 -0.704423 0.089568 
 -0.308357 -0.720934 0.091914 
 -0.241782 -0.695172 -0.029280 
 -0.204758 -0.695603 -0.073293 
 -0.185303 -0.711885 -0.070980 
 -0.154285 -0.717476 -0.099567 
 -0.111851 -0.712250 -0.159076 
 -0.092545 -0.728408 -0.156781 
 -0.067530 -0.739159 -0.169945 
 -0.048249 -0.755298 -0.167651 
 -0.028966 -0.771436 -0.165358 
 -0.009684 -0.787574 -0.163066 
 0.009598 -0.803713 -0.160772 
 0.028879 -0.819851 -0.158479 
 0.048161 -0.835989 -0.156187 
 0.050841 -0.868788 -0.107451 
 0.059178 -0.896136 -0.074182 
 0.078584 -0.912379 -0.071875 
 -0.440537 -0.673407 0.119457 
 -0.420735 -0.689980 0.121811 
 -0.400934 -0.706554 0.124167 
 -0.369233 -0.712634 0.095673 
 -0.343555 -0.723899 0.082594 
 -0.312027 -0.729834 0.054078 
 -0.257097 -0.714451 -0.036184 
 -0.220016 -0.714809 -0.080170 
 -0.200561 -0.731093 -0.077858 
 -0.181106 -0.747376 -0.075543 
 -0.138545 -0.742093 -0.135010 
 -0.107686 -0.747469 -0.163606 
 -0.082653 -0.758194 -0.176761 
 -0.051965 -0.763425 -0.205376 
 -0.044088 -0.790472 -0.172174 
 -0.024806 -0.806610 -0.169882 
 -0.005525 -0.822749 -0.167589 
 0.008154 -0.844423 -0.149830 
 0.027462 -0.860582 -0.147535 
 0.035660 -0.887897 -0.114293 
 0.043959 -0.915295 -0.081042 
 -0.436265 -0.709530 0.114812 
 -0.416463 -0.726104 0.117166 
 -0.396661 -0.742677 0.119522 
 -0.364970 -0.748666 0.091038 
 -0.339299 -0.759886 0.077966 
 -0.284203 -0.744398 -0.012238 
 -0.264623 -0.760785 -0.009910 
 -0.215818 -0.750299 -0.084735 
 -0.196363 -0.766583 -0.082421 
 -0.165317 -0.772034 -0.110980 
 -0.117055 -0.761092 -0.185870 
 -0.097774 -0.777230 -0.183578 
 -0.078492 -0.793370 -0.181284 
 -0.059210 -0.809508 -0.178991 
 -0.039927 -0.825645 -0.176699 
 -0.026293 -0.847325 -0.158951 
 -0.006987 -0.863484 -0.156655 
 0.012320 -0.879643 -0.154360 
 0.020480 -0.907007 -0.121136 
 -0.431992 -0.745652 0.110166 
 -0.412190 -0.762225 0.112520 
 -0.380462 -0.768167 0.084056 
 -0.354771 -0.779361 0.070992 
 -0.299557 -0.763727 -0.019159 
 -0.268200 -0.769358 -0.047669 
 -0.248670 -0.785704 -0.045347 
 -0.223302 -0.796630 -0.058448 
 -0.180535 -0.791192 -0.117841 
 -0.137969 -0.785589 -0.177256 
 -0.112896 -0.796266 -0.190393 
 -0.093614 -0.812406 -0.188101 
 -0.080048 -0.834067 -0.170368 
 -0.060741 -0.850227 -0.168072 
 -0.041434 -0.866385 -0.165776 
 -0.022128 -0.882545 -0.163481 
 -0.014056 -0.909915 -0.130282 
 0.005301 -0.926116 -0.127979 
 -0.427720 -0.781775 0.105521 
 -0.395952 -0.787667 0.077073 
 -0.370242 -0.798838 0.064017 
 -0.326780 -0.793821 0.004735 
 -0.295334 -0.799444 -0.023752 
 -0.263986 -0.804984 -0.052250 
 -0.238598 -0.815885 -0.065344 
 -0.207423 -0.821280 -0.093863 
 -0.164729 -0.815621 -0.153237 
 -0.133803 -0.820809 -0.181786 
 -0.108735 -0.831442 -0.194917 
 -0.089454 -0.847579 -0.192624 
 -0.075882 -0.869287 -0.174897 
 -0.056575 -0.885445 -0.172602 
 -0.037269 -0.901605 -0.170306 
 -0.017962 -0.917763 -0.168009 
 -0.463050 -0.784750 0.096166 
 -0.443250 -0.801323 0.098520 
 -0.411443 -0.807168 0.070090 
 -0.385713 -0.818314 0.057044 
 -0.342173 -0.813199 -0.002205 
 -0.322544 -0.829627 0.000130 
 -0.291109 -0.835160 -0.028345 
 -0.271530 -0.851547 -0.026018 
 -0.234389 -0.851466 -0.069919 
 -0.203225 -0.856771 -0.098426 
 -0.160553 -0.850932 -0.157778 
 -0.152756 -0.878234 -0.124638 
 -0.133351 -0.894476 -0.122329 
 -0.091024 -0.888347 -0.181722 
 -0.071716 -0.904505 -0.179427 
 -0.052411 -0.920665 -0.177131 
 -0.478581 -0.804300 0.089165 
 -0.458779 -0.820873 0.091520 
 -0.426933 -0.826668 0.063108 
 -0.407181 -0.843199 0.065456 
 -0.369511 -0.843439 0.021636 
 -0.349834 -0.859909 0.023975 
 -0.318310 -0.865434 -0.004475 
 -0.298681 -0.881862 -0.002140 
 -0.255559 -0.876235 -0.061414 
 -0.230181 -0.887046 -0.074496 
 -0.199029 -0.892261 -0.102991 
 -0.191172 -0.919696 -0.069856 
 -0.160118 -0.924827 -0.098364 
 -0.442423 -0.846167 0.056126 
 -0.422671 -0.862700 0.058474 
 -0.396927 -0.873776 0.045442 
 -0.365266 -0.879336 0.017019 
 -0.345588 -0.895806 0.019360 
 -0.314074 -0.901240 -0.009080 
 -0.282661 -0.906592 -0.037532 
 -0.263082 -0.922979 -0.035203 
 -0.214286 -0.911467 -0.109869 
 -0.400377 -0.882292 0.007722 
 -0.380698 -0.898762 0.010063 
 -0.349096 -0.904190 -0.018352 
 -0.415809 -0.901719 0.000766 
 -0.396130 -0.918189 0.003107 
 -0.364490 -0.923568 -0.025292 
 