0.130307 0.948409 0.289032 
 0.109012 0.940852 0.281831 
 0.087717 0.933295 0.274630 
 0.137303 0.925935 0.291928 
 0.116008 0.918378 0.284728 
 0.094713 0.910821 0.277527 
 0.073418 0.903264 0.270326 
 0.123004 0.895903 0.287624 
 0.101709 0.888346 0.280423 
 0.090053 0.880819 0.243613 
 0.068811 0.873280 0.236430 
 0.047569 0.865742 0.229247 
 0.031227 0.858247 0.207286 
 0.029715 0.850929 0.141037 
 0.008607 0.843438 0.133899 
 -0.012502 0.835947 0.126761 
 -0.033611 0.828456 0.119623 
 -0.030823 0.807403 -0.093083 
 -0.051586 0.800035 -0.100104 
 0.130001 0.873429 0.290520 
 0.118274 0.865938 0.253685 
 0.097032 0.858400 0.246502 
 0.066116 0.850757 0.268917 
 0.059412 0.843386 0.217346 
 0.047978 0.835999 0.180608 
 0.046485 0.828812 0.114362 
 0.025430 0.821340 0.107243 
 0.039167 0.814565 -0.003158 
 0.028292 0.807377 -0.039705 
 0.007476 0.799989 -0.046744 
 -0.003239 0.792858 -0.083239 
 -0.024002 0.785490 -0.090259 
 -0.044765 0.778122 -0.097280 
 -0.065527 0.770754 -0.104301 
 -0.086290 0.763386 -0.111322 
 0.136997 0.850954 0.293416 
 0.125252 0.843520 0.256574 
 0.108813 0.836053 0.234579 
 0.087597 0.828524 0.227405 
 0.076093 0.821175 0.190642 
 0.084222 0.814261 0.094776 
 0.063219 0.806808 0.087674 
 0.066892 0.799945 0.006737 
 0.026177 0.792029 0.058713 
 0.045107 0.785682 -0.066373 
 0.024345 0.778314 -0.073394 
 0.008623 0.771101 -0.095146 
 -0.012113 0.763743 -0.102158 
 -0.037943 0.756209 -0.094457 
 -0.058706 0.748841 -0.101477 
 -0.074321 0.741667 -0.123193 
 -0.095057 0.734308 -0.130205 
 -0.204406 0.703668 -0.085003 
 -0.225275 0.696262 -0.092060 
 0.153473 0.828640 0.266645 
 0.136998 0.821191 0.244638 
 0.168508 0.814752 0.074491 
 0.094567 0.806134 0.230290 
 0.102431 0.799313 0.134330 
 0.095995 0.792223 0.082844 
 0.075019 0.784779 0.075751 
 0.063896 0.777628 0.039116 
 0.052880 0.770514 0.002519 
 0.051929 0.763769 -0.063549 
 0.031166 0.756401 -0.070570 
 0.015436 0.749217 -0.092325 
 -0.005300 0.741858 -0.099337 
 -0.026036 0.734499 -0.106349 
 -0.046772 0.727141 -0.113361 
 -0.067508 0.719782 -0.120373 
 -0.093410 0.712192 -0.112695 
 -0.124558 0.704342 -0.090355 
 -0.145374 0.696955 -0.097394 
 -0.166189 0.689568 -0.104432 
 -0.197550 0.681643 -0.082164 
 -0.218419 0.674237 -0.089221 
 0.160452 0.806222 0.269534 
 0.196304 0.800096 0.084411 
 0.175382 0.792671 0.077337 
 0.144837 0.784973 0.099883 
 0.133537 0.777821 0.063187 
 0.122343 0.770707 0.026528 
 0.101474 0.763301 0.019471 
 0.090440 0.756244 -0.017134 
 0.059736 0.748489 0.005357 
 0.058750 0.741856 -0.060725 
 0.042985 0.734691 -0.082493 
 0.022249 0.727332 -0.089505 
 0.001513 0.719974 -0.096517 
 -0.019223 0.712615 -0.103529 
 -0.039959 0.705256 -0.110541 
 -0.060695 0.697897 -0.117553 
 -0.086589 0.690279 -0.109872 
 -0.102167 0.683180 -0.131577 
 -0.122903 0.675821 -0.138589 
 -0.148876 0.668175 -0.130934 
 -0.180166 0.660212 -0.108640 
 -0.200982 0.652825 -0.115679 
 -0.263430 0.630664 -0.136796 
 -0.295039 0.622588 -0.114611 
 -0.315908 0.615182 -0.121668 
 0.245023 0.792864 0.101407 
 0.224101 0.785439 0.094332 
 0.203178 0.778014 0.087257 
 0.182256 0.770589 0.080182 
 0.161334 0.763165 0.073107 
 0.140411 0.755740 0.066032 
 0.129200 0.748682 0.029366 
 0.108331 0.741276 0.022309 
 0.087461 0.733870 0.015252 
 0.066592 0.726464 0.008195 
 0.065571 0.719944 -0.057902 
 0.044809 0.712576 -0.064922 
 0.029061 0.705448 -0.086685 
 0.008325 0.698089 -0.093697 
 -0.012411 0.690730 -0.100709 
 -0.033147 0.683372 -0.107721 
 -0.053883 0.676013 -0.114733 
 -0.074619 0.668654 -0.121745 
 -0.095355 0.661295 -0.128757 
 -0.105687 0.654549 -0.165127 
 -0.136827 0.646578 -0.142780 
 -0.162818 0.638894 -0.135132 
 -0.183580 0.631526 -0.142152 
 -0.204343 0.624158 -0.149173 
 -0.225106 0.616790 -0.156194 
 -0.245868 0.609421 -0.163215 
 -0.266631 0.602053 -0.170236 
 -0.287394 0.594685 -0.177257 
 -0.302715 0.587708 -0.198876 
 -0.323451 0.580350 -0.205888 
 -0.344187 0.572991 -0.212899 
 0.312277 0.786177 0.058917 
 0.272819 0.778208 0.111327 
 0.251897 0.770783 0.104252 
 0.230974 0.763358 0.097177 
 0.210052 0.755933 0.090102 
 0.189130 0.748508 0.083028 
 0.168207 0.741083 0.075953 
 0.156925 0.734063 0.039261 
 0.136056 0.726657 0.032204 
 0.115187 0.719251 0.025147 
 0.094318 0.711845 0.018090 
 0.073449 0.704439 0.011033 
 0.062486 0.697532 -0.025550 
 0.051630 0.690663 -0.062099 
 0.035874 0.683563 -0.083865 
 0.015138 0.676204 -0.090877 
 -0.005598 0.668846 -0.097889 
 -0.026334 0.661487 -0.104901 
 -0.047070 0.654128 -0.111913 
 -0.067806 0.646770 -0.118924 
 -0.088542 0.639411 -0.125936 
 -0.098892 0.632721 -0.162314 
 -0.119575 0.625381 -0.169308 
 -0.150750 0.617335 -0.146972 
 -0.171486 0.609976 -0.153984 
 -0.192222 0.602617 -0.160996 
 -0.212958 0.595259 -0.168008 
 -0.239047 0.587509 -0.160391 
 -0.259810 0.580141 -0.167412 
 -0.280572 0.572772 -0.174433 
 -0.295903 0.565824 -0.196055 
 -0.322098 0.558036 -0.188475 
 -0.353832 0.549791 -0.166328 
 -0.363623 0.543300 -0.202517 
 -0.384386 0.535932 -0.209538 
 0.330735 0.771285 0.098555 
 0.319116 0.764208 0.061748 
 0.279693 0.756126 0.114173 
 0.258771 0.748702 0.107098 
 0.237848 0.741277 0.100023 
 0.226389 0.734256 0.063270 
 0.205520 0.726850 0.056213 
 0.184651 0.719444 0.049156 
 0.154159 0.711577 0.071723 
 0.142913 0.704632 0.035042 
 0.122043 0.697226 0.027986 
 0.101174 0.689820 0.020929 
 0.080305 0.682414 0.013872 
 0.069325 0.675563 -0.022719 
 0.058452 0.668750 -0.059275 
 0.042687 0.661679 -0.081045 
 0.021951 0.654320 -0.088057 
 0.001215 0.646961 -0.095069 
 -0.019521 0.639602 -0.102080 
 -0.030049 0.632912 -0.138519 
 -0.060993 0.624885 -0.116104 
 -0.071414 0.618232 -0.152507 
 -0.092097 0.610893 -0.159501 
 -0.112780 0.603553 -0.166495 
 -0.143938 0.595450 -0.144152 
 -0.164674 0.588091 -0.151164 
 -0.174828 0.581533 -0.187476 
 -0.195511 0.574194 -0.194470 
 -0.226882 0.566015 -0.172200 
 -0.247618 0.558657 -0.179211 
 -0.268354 0.551298 -0.186223 
 -0.278242 0.544834 -0.222446 
 -0.309826 0.536580 -0.200247 
 -0.336039 0.528755 -0.192672 
 -0.356801 0.521387 -0.199693 
 -0.388625 0.513048 -0.177575 
 -0.409441 0.505661 -0.184614 
 0.337591 0.749260 0.101393 
 0.316722 0.741854 0.094336 
 0.295853 0.734449 0.087279 
 0.265645 0.726620 0.109943 
 0.244722 0.719195 0.102868 
 0.223800 0.711771 0.095794 
 0.202877 0.704346 0.088719 
 0.191507 0.697419 0.051995 
 0.170638 0.690013 0.044938 
 0.149769 0.682607 0.037881 
 0.128900 0.675201 0.030824 
 0.108031 0.667795 0.023767 
 0.087162 0.660389 0.016710 
 0.076164 0.653594 -0.019888 
 0.065273 0.646838 -0.056451 
 0.049499 0.639794 -0.078225 
 0.028763 0.632435 -0.085236 
 0.008027 0.625077 -0.092248 
 -0.012709 0.617718 -0.099260 
 -0.023254 0.611084 -0.135706 
 -0.043936 0.603744 -0.142700 
 -0.064619 0.596404 -0.149694 
 -0.085302 0.589064 -0.156688 
 -0.105985 0.581724 -0.163682 
 -0.137125 0.573566 -0.141332 
 -0.147350 0.567045 -0.177670 
 -0.168033 0.559705 -0.184663 
 -0.188716 0.552365 -0.191657 
 -0.209399 0.545025 -0.198651 
 -0.230082 0.537685 -0.205645 
 -0.250764 0.530346 -0.212639 
 -0.271447 0.523006 -0.219633 
 -0.292130 0.515666 -0.226627 
 -0.329217 0.506843 -0.189848 
 -0.371959 0.497458 -0.138542 
 -0.392828 0.490053 -0.145599 
 -0.413698 0.482647 -0.152656 
 -0.434567 0.475241 -0.159713 
 -0.455436 0.467835 -0.166770 
 0.344447 0.727235 0.104231 
 0.323578 0.719829 0.097174 
 0.293441 0.711964 0.119864 
 0.272518 0.704539 0.112789 
 0.251596 0.697114 0.105714 
 0.230674 0.689689 0.098639 
 0.209751 0.682265 0.091564 
 0.188829 0.674840 0.084489 
 0.167907 0.667415 0.077414 
 0.156625 0.660582 0.040719 
 0.126062 0.652565 0.063264 
 0.114887 0.645770 0.026605 
 0.094018 0.638364 0.019548 
 0.083003 0.631626 -0.017057 
 0.062187 0.624239 -0.024096 
 0.056312 0.617909 -0.075404 
 0.035576 0.610551 -0.082416 
 0.014840 0.603192 -0.089428 
 0.004224 0.596595 -0.125899 
 -0.016458 0.589255 -0.132893 
 -0.037141 0.581915 -0.139887 
 -0.057824 0.574576 -0.146881 
 -0.078507 0.567236 -0.153875 
 -0.099190 0.559896 -0.160869 
 -0.119872 0.552556 -0.167863 
 -0.140555 0.545216 -0.174857 
 -0.161238 0.537877 -0.181851 
 -0.181921 0.530537 -0.188844 
 -0.202604 0.523197 -0.195838 
 -0.223286 0.515857 -0.202832 
 -0.243969 0.508517 -0.209826 
 -0.264652 0.501177 -0.216820 
 -0.285335 0.493838 -0.223814 
 -0.322396 0.484930 -0.187024 
 -0.354131 0.476498 -0.164874 
 -0.385972 0.468027 -0.142761 
 -0.406841 0.460622 -0.149818 
 -0.427710 0.453216 -0.156874 
 -0.448579 0.445810 -0.163931 
 -0.469449 0.438404 -0.170988 
 -0.490318 0.430998 -0.178045 
 0.372173 0.712616 0.114126 
 0.351304 0.705210 0.107070 
 0.330435 0.697804 0.100013 
 0.300315 0.689883 0.122709 
 0.279392 0.682458 0.115634 
 0.258470 0.675033 0.108560 
 0.246958 0.668181 0.071785 
 0.216625 0.660183 0.094410 
 0.195703 0.652758 0.087335 
 0.174780 0.645334 0.080260 
 0.163482 0.638557 0.043557 
 0.132936 0.630484 0.066110 
 0.121743 0.623745 0.029444 
 0.100874 0.616339 0.022387 
 0.089842 0.609657 -0.014226 
 0.083861 0.603383 -0.065572 
 0.073068 0.596786 -0.102105 
 0.052385 0.589446 -0.109099 
 0.031702 0.582107 -0.116092 
 0.011020 0.574767 -0.123086 
 -0.009663 0.567427 -0.130080 
 -0.020137 0.560943 -0.166504 
 -0.040766 0.553622 -0.173480 
 -0.071712 0.545407 -0.151062 
 -0.092394 0.538068 -0.158056 
 -0.123500 0.529796 -0.135691 
 -0.144236 0.522438 -0.142703 
 -0.164972 0.515079 -0.149715 
 -0.175126 0.508708 -0.186031 
 -0.195808 0.501369 -0.193025 
 -0.205803 0.495055 -0.229287 
 -0.226433 0.487734 -0.236263 
 -0.257857 0.479349 -0.214007 
 -0.289388 0.470927 -0.191787 
 -0.315575 0.463017 -0.184201 
 -0.347292 0.454529 -0.162043 
 -0.368108 0.447142 -0.169082 
 -0.399985 0.438597 -0.146979 
 -0.420854 0.431191 -0.154036 
 -0.441723 0.423785 -0.161093 
 -0.473813 0.415164 -0.139062 
 -0.494735 0.407739 -0.146137 
 -0.543976 0.397183 -0.080582 
 -0.565031 0.389711 -0.087702 
 -0.597521 0.380948 -0.065806 
 -0.618629 0.373457 -0.072944 
 -0.651278 0.364638 -0.051102 
 0.369956 0.690076 0.146780 
 0.349033 0.682651 0.139705 
 0.337291 0.675779 0.102851 
 0.307189 0.667801 0.125555 
 0.286266 0.660377 0.118480 
 0.265344 0.652952 0.111405 
 0.244421 0.645527 0.104330 
 0.223499 0.638102 0.097255 
 0.202577 0.630677 0.090180 
 0.181654 0.623252 0.083105 
 0.170338 0.616532 0.046396 
 0.139810 0.608403 0.068956 
 0.128600 0.601720 0.032282 
 0.107731 0.594314 0.025225 
 0.096681 0.587688 -0.011395 
 0.090673 0.581499 -0.062752 
 0.079863 0.574958 -0.099292 
 0.059180 0.567618 -0.106286 
 0.038497 0.560278 -0.113280 
 0.017815 0.552938 -0.120273 
 -0.002868 0.545599 -0.127267 
 -0.013359 0.539171 -0.163698 
 -0.033989 0.531850 -0.170674 
 -0.064917 0.523579 -0.148249 
 -0.085599 0.516239 -0.155243 
 -0.116687 0.507912 -0.132871 
 -0.126965 0.501560 -0.169231 
 -0.147648 0.494220 -0.176225 
 -0.168330 0.486880 -0.183219 
 -0.189013 0.479540 -0.190212 
 -0.199025 0.473282 -0.226481 
 -0.219655 0.465962 -0.233457 
 -0.224118 0.460320 -0.284292 
 -0.271744 0.450181 -0.218188 
 -0.308753 0.441105 -0.181377 
 -0.362327 0.430207 -0.100842 
 -0.383250 0.422782 -0.107917 
 -0.404172 0.415357 -0.114992 
 -0.436191 0.406699 -0.092935 
 -0.457167 0.399255 -0.100028 
 -0.483744 0.391176 -0.092574 
 -0.516003 0.382433 -0.070599 
 -0.548368 0.373652 -0.048659 
 -0.558114 0.367489 -0.084839 
 -0.590586 0.358670 -0.062935 
 -0.611694 0.351179 -0.070073 
 -0.632803 0.343688 -0.077211 
 -0.665488 0.334794 -0.055380 
 -0.686650 0.327284 -0.062536 
 0.376830 0.667995 0.149625 
 0.355907 0.660570 0.142550 
 0.344147 0.653754 0.105689 
 0.314062 0.645720 0.128400 
 0.293140 0.638295 0.121325 
 0.272218 0.630871 0.114251 
 0.251295 0.623446 0.107176 
 0.230373 0.616021 0.100101 
 0.209451 0.608596 0.093026 
 0.198064 0.601913 0.056291 
 0.177194 0.594507 0.049234 
 0.156325 0.587101 0.042177 
 0.135456 0.579695 0.035120 
 0.124335 0.573106 -0.001525 
 0.113321 0.566555 -0.038135 
 0.107341 0.560469 -0.089485 
 0.086658 0.553129 -0.096479 
 0.065975 0.545790 -0.103473 
 0.045293 0.538450 -0.110467 
 0.024610 0.531110 -0.117460 
 0.003927 0.523770 -0.124454 
 -0.006582 0.517399 -0.160892 
 -0.011870 0.511558 -0.212008 
 -0.068402 0.500745 -0.116027 
 -0.089138 0.493386 -0.123039 
 -0.109874 0.486027 -0.130051 
 -0.120170 0.479731 -0.166418 
 -0.130359 0.473473 -0.202748 
 -0.161535 0.465052 -0.180406 
 -0.182218 0.457712 -0.187400 
 -0.192248 0.451510 -0.223675 
 -0.212877 0.444189 -0.230651 
 -0.233507 0.436868 -0.237627 
 -0.254136 0.429547 -0.244603 
 -0.301932 0.419192 -0.178553 
 -0.355453 0.408126 -0.097997 
 -0.387349 0.399449 -0.075897 
 -0.408324 0.392005 -0.082990 
 -0.429300 0.384562 -0.090083 
 -0.455842 0.376464 -0.082616 
 -0.476844 0.369011 -0.089717 
 -0.509085 0.360211 -0.067735 
 -0.541433 0.351374 -0.045788 
 -0.562542 0.343883 -0.052926 
 -0.583651 0.336392 -0.060064 
 -0.616211 0.327480 -0.038190 
 -0.637373 0.319970 -0.045346 
 -0.646977 0.313919 -0.081478 
 -0.668085 0.306429 -0.088616 
 -0.689194 0.298938 -0.095754 
 0.383703 0.645913 0.152471 
 0.353689 0.637842 0.175208 
 0.341859 0.631064 0.138321 
 0.320936 0.623639 0.131246 
 0.300014 0.616214 0.124171 
 0.279092 0.608789 0.117096 
 0.258169 0.601364 0.110021 
 0.246658 0.594700 0.073243 
 0.225789 0.587294 0.066186 
 0.204920 0.579888 0.059129 
 0.184051 0.572482 0.052072 
 0.163182 0.565076 0.045015 
 0.142313 0.557670 0.037958 
 0.131174 0.551137 0.001306 
 0.120143 0.544642 -0.035311 
 0.114136 0.538641 -0.086672 
 0.093453 0.531301 -0.093666 
 0.072771 0.523961 -0.100660 
 0.052088 0.516621 -0.107654 
 0.031405 0.509282 -0.114648 
 0.020826 0.502947 -0.151111 
 0.000196 0.495626 -0.158087 
 -0.005118 0.489870 -0.209214 
 -0.025668 0.482578 -0.216162 
 -0.082326 0.471501 -0.120219 
 -0.103062 0.464143 -0.127231 
 -0.102952 0.459022 -0.192966 
 -0.123581 0.451701 -0.199942 
 -0.144211 0.444380 -0.206918 
 -0.175423 0.435883 -0.184587 
 -0.174834 0.430932 -0.250159 
 -0.195410 0.423630 -0.257117 
 -0.226729 0.415096 -0.234822 
 -0.247359 0.407775 -0.241797 
 -0.380457 0.377312 -0.073044 
 -0.401433 0.369868 -0.080137 
 -0.427939 0.361751 -0.072657 
 -0.448942 0.354298 -0.079759 
 -0.469944 0.346845 -0.086861 
 -0.502168 0.337990 -0.064872 
 -0.523223 0.330518 -0.071992 
 -0.544279 0.323046 -0.079111 
 -0.576715 0.314114 -0.057193 
 -0.597824 0.306623 -0.064331 
 -0.618933 0.299133 -0.071469 
 -0.640042 0.291642 -0.078607 
 -0.661150 0.284151 -0.085745 
 -0.682259 0.276660 -0.092883 
 -0.715068 0.267596 -0.071091 
 -0.736230 0.260087 -0.078247 
 0.360580 0.615705 0.178061 
 0.348733 0.608982 0.141166 
 0.327810 0.601558 0.134091 
 0.306888 0.594133 0.127017 
 0.285965 0.586708 0.119942 
 0.265043 0.579283 0.112867 
 0.253515 0.572674 0.076081 
 0.232645 0.565269 0.069024 
 0.211776 0.557863 0.061967 
 0.190907 0.550457 0.054910 
 0.179645 0.543942 0.018215 
 0.158829 0.536555 0.011176 
 0.147727 0.530098 -0.025466 
 0.126964 0.522730 -0.032487 
 0.120931 0.516812 -0.083859 
 0.100249 0.509473 -0.090853 
 0.079566 0.502133 -0.097847 
 0.058883 0.494793 -0.104841 
 0.038200 0.487453 -0.111835 
 0.017517 0.480113 -0.118828 
 0.017113 0.474935 -0.184740 
 -0.003463 0.467633 -0.191698 
 -0.018916 0.460890 -0.213368 
 -0.096174 0.437250 -0.190160 
 -0.116804 0.429929 -0.197136 
 -0.137433 0.422608 -0.204112 
 -0.168628 0.414055 -0.181774 
 -0.168074 0.409216 -0.247361 
 -0.188650 0.401914 -0.254319 
 -0.400037 0.347039 -0.062699 
 -0.421039 0.339586 -0.069801 
 -0.453139 0.330712 -0.047768 
 -0.474195 0.323240 -0.054888 
 -0.506454 0.314309 -0.032909 
 -0.527563 0.306818 -0.040047 
 -0.537361 0.300824 -0.076248 
 -0.569780 0.291837 -0.054322 
 -0.590889 0.284346 -0.061460 
 -0.611998 0.276855 -0.068598 
 -0.633107 0.269364 -0.075736 
 -0.654215 0.261873 -0.082874 
 -0.675324 0.254382 -0.090012 
 -0.708116 0.245262 -0.068213 
 -0.729278 0.237752 -0.075369 
 -0.750440 0.230243 -0.082525 
 0.397451 0.601751 0.158162 
 0.362943 0.593188 0.195826 
 0.346496 0.586123 0.173821 
 0.334684 0.579476 0.136937 
 0.313762 0.572052 0.129862 
 0.278934 0.563375 0.167419 
 0.262593 0.556349 0.145449 
 0.260371 0.550649 0.078920 
 0.239502 0.543244 0.071863 
 0.228116 0.536748 0.035124 
 0.207300 0.529361 0.028085 
 0.186484 0.521974 0.021046 
 0.175311 0.515553 -0.015622 
 0.159396 0.508678 -0.037448 
 0.133785 0.500817 -0.029663 
 0.127727 0.494984 -0.081046 
 0.107044 0.487644 -0.088040 
 0.086361 0.480304 -0.095034 
 0.065678 0.472965 -0.102028 
 0.055011 0.466724 -0.138523 
 0.034381 0.459403 -0.145499 
 0.013751 0.452082 -0.152475 
 0.003297 0.445917 -0.188899 
 -0.404111 0.323434 -0.030665 
 -0.425166 0.315962 -0.037785 
 -0.457302 0.307013 -0.015762 
 -0.467277 0.301018 -0.052024 
 -0.488332 0.293546 -0.059144 
 -0.509388 0.286074 -0.066264 
 -0.530443 0.278602 -0.073384 
 -0.551499 0.271130 -0.080504 
 -0.583954 0.262068 -0.058589 
 -0.593610 0.256186 -0.094744 
 -0.626171 0.247086 -0.072865 
 -0.647280 0.239595 -0.080003 
 -0.656776 0.233770 -0.116104 
 -0.701163 0.222928 -0.065335 
 -0.722325 0.215418 -0.072491 
 -0.743487 0.207909 -0.079647 
 0.404325 0.579670 0.161007 
 0.369843 0.571022 0.198683 
 0.353387 0.563986 0.176674 
 0.327839 0.556116 0.184479 
 0.306836 0.548663 0.177377 
 0.285834 0.541209 0.170275 
 0.269485 0.534211 0.148302 
 0.267227 0.528624 0.081758 
 0.246358 0.521218 0.074701 
 0.234954 0.514779 0.037955 
 0.223657 0.508377 0.001244 
 0.193323 0.500005 0.023877 
 0.182132 0.493641 -0.012798 
 0.166209 0.486793 -0.034627 
 0.145473 0.479435 -0.041639 
 0.134522 0.473156 -0.078233 
 0.104001 0.464717 -0.055663 
 0.093156 0.458476 -0.092221 
 0.072473 0.451136 -0.099215 
 0.061788 0.444952 -0.135718 
 0.041159 0.437631 -0.142694 
 0.030633 0.431503 -0.179143 
 0.010057 0.424201 -0.186101 
 -0.397193 0.301213 -0.027801 
 -0.429258 0.292227 -0.005753 
 -0.450367 0.284736 -0.012891 
 -0.471475 0.277245 -0.020029 
 -0.492584 0.269754 -0.027167 
 -0.513693 0.262263 -0.034305 
 -0.523526 0.256380 -0.070521 
 -0.555910 0.247281 -0.048581 
 -0.577019 0.239790 -0.055719 
 -0.586692 0.233964 -0.091880 
 -0.619236 0.224808 -0.069994 
 -0.640345 0.217317 -0.077132 
 -0.661454 0.209826 -0.084270 
 -0.682562 0.202335 -0.091408 
 -0.715373 0.193084 -0.069613 
 -0.736534 0.185574 -0.076769 
 0.376743 0.548857 0.201539 
 0.355741 0.541403 0.194437 
 0.325610 0.533041 0.217140 
 0.304555 0.525569 0.210020 
 0.283499 0.518097 0.202900 
 0.276376 0.512074 0.151155 
 0.274084 0.506599 0.084596 
 0.262609 0.500197 0.047825 
 0.241793 0.492810 0.040786 
 0.230479 0.486464 0.004068 
 0.209716 0.479096 -0.002953 
 0.188954 0.471728 -0.009974 
 0.173021 0.464909 -0.031807 
 0.152285 0.457550 -0.038819 
 0.141317 0.451327 -0.075420 
 0.110813 0.442833 -0.052843 
 0.099951 0.436648 -0.089408 
 0.079268 0.429308 -0.096402 
 0.068566 0.423179 -0.132912 
 0.047936 0.415858 -0.139888 
 0.037394 0.409787 -0.176344 
 -0.422323 0.269949 -0.002882 
 -0.454477 0.260868 0.019136 
 -0.475639 0.253359 0.011980 
 -0.485649 0.247476 -0.024296 
 -0.506758 0.239985 -0.031434 
 -0.516608 0.234159 -0.067657 
 -0.548975 0.225003 -0.045710 
 -0.570084 0.217512 -0.052848 
 -0.579775 0.211742 -0.089017 
 -0.612301 0.202530 -0.067124 
 -0.633410 0.195039 -0.074261 
 -0.654519 0.187548 -0.081399 
 -0.675627 0.180057 -0.088537 
 0.383643 0.526691 0.204396 
 0.362641 0.519238 0.197294 
 0.332528 0.510820 0.220004 
 0.325219 0.504824 0.168193 
 0.290417 0.495875 0.205764 
 0.283268 0.489936 0.154007 
 0.280940 0.484574 0.087434 
 0.260071 0.477168 0.080377 
 0.248632 0.470841 0.043617 
 0.237300 0.464552 0.006892 
 0.216538 0.457183 -0.000129 
 0.200570 0.450383 -0.021975 
 0.179834 0.443024 -0.028987 
 0.159098 0.435665 -0.035999 
 0.138362 0.428307 -0.043011 
 0.127429 0.422159 -0.079601 
 0.106746 0.414819 -0.086595 
 0.086064 0.407479 -0.093589 
 0.065381 0.400140 -0.100583 
 -0.426362 0.246044 0.029170 
 -0.447524 0.238534 0.022014 
 -0.479767 0.229360 0.044005 
 -0.489848 0.223515 0.007702 
 -0.499823 0.217707 -0.028563 
 -0.509691 0.211937 -0.064793 
 -0.542040 0.202725 -0.042839 
 -0.563149 0.195234 -0.049977 
 -0.584257 0.187743 -0.057115 
 -0.605366 0.180252 -0.064253 
 -0.626475 0.172761 -0.071391 
 -0.647584 0.165270 -0.078528 
 -0.668692 0.157779 -0.085666 
 0.369541 0.497072 0.200150 
 0.339445 0.488598 0.222867 
 0.318390 0.481126 0.215747 
 0.288134 0.472594 0.238411 
 0.276279 0.466182 0.201507 
 0.287796 0.462549 0.090273 
 0.276287 0.456259 0.053487 
 0.264884 0.450007 0.016736 
 0.244122 0.442639 0.009715 
 0.228119 0.435857 -0.012143 
 0.207383 0.428498 -0.019155 
 0.186647 0.421140 -0.026167 
 0.165911 0.413781 -0.033179 
 0.145175 0.406422 -0.040191 
 0.124439 0.399064 -0.047203 
 0.103702 0.391705 -0.054214 
 0.082966 0.384346 -0.061226 
 0.062230 0.376987 -0.068238 
 -0.419410 0.223710 0.032048 
 -0.440572 0.216200 0.024892 
 -0.472797 0.206970 0.046890 
 -0.482895 0.201181 0.010581 
 -0.492888 0.195429 -0.025692 
 -0.502773 0.189715 -0.061930 
 -0.535105 0.180447 -0.039968 
 -0.556214 0.172956 -0.047106 
 -0.565939 0.167299 -0.083289 
 -0.586995 0.159827 -0.090409 
 -0.619540 0.150483 -0.068520 
 -0.640648 0.142992 -0.075658 
 -0.661757 0.135501 -0.082796 
 0.388474 0.481320 0.239971 
 0.367419 0.473848 0.232851 
 0.337287 0.465298 0.255558 
 0.325308 0.458904 0.218611 
 0.295069 0.450317 0.241282 
 0.283197 0.443960 0.204371 
 0.285364 0.439371 0.122865 
 0.273784 0.433118 0.086054 
 0.262310 0.426903 0.049279 
 0.241494 0.419516 0.042240 
 0.234931 0.413972 -0.009323 
 0.214195 0.406614 -0.016335 
 0.193459 0.399255 -0.023347 
 0.172723 0.391896 -0.030359 
 0.151987 0.384538 -0.037370 
 0.131251 0.377179 -0.044382 
 0.110515 0.369820 -0.051394 
 0.089779 0.362462 -0.058406 
 -0.407625 0.206306 0.085904 
 -0.423397 0.199637 0.064123 
 -0.450108 0.191229 0.071538 
 -0.465827 0.184580 0.049775 
 -0.475943 0.178846 0.013459 
 -0.497105 0.171337 0.006303 
 -0.518267 0.163827 -0.000853 
 -0.539429 0.156317 -0.008009 
 -0.560591 0.148807 -0.015165 
 -0.570387 0.143187 -0.051373 
 -0.602914 0.133787 -0.029477 
 -0.612605 0.128205 -0.065649 
 -0.645238 0.118768 -0.043789 
 -0.666400 0.111258 -0.050945 
 0.395392 0.459099 0.242834 
 0.374336 0.451626 0.235714 
 0.344222 0.443021 0.258429 
 0.323113 0.435530 0.251291 
 0.302004 0.428039 0.244153 
 0.290114 0.421738 0.207235 
 0.292238 0.417290 0.125710 
 0.280640 0.411093 0.088892 
 0.278527 0.406182 0.022384 
 0.262480 0.399447 0.000509 
 0.241744 0.392088 -0.006503 
 0.221008 0.384729 -0.013515 
 0.200272 0.377370 -0.020526 
 0.179536 0.370012 -0.027538 
 0.158800 0.362653 -0.034550 
 0.138064 0.355294 -0.041562 
 0.117328 0.347936 -0.048574 
 0.096592 0.340577 -0.055586 
 -0.411514 0.182111 0.118014 
 -0.421887 0.176349 0.081610 
 -0.443129 0.168811 0.074427 
 -0.464371 0.161273 0.067244 
 -0.480072 0.154661 0.045487 
 -0.490152 0.149003 0.009181 
 -0.511314 0.141493 0.002025 
 -0.532476 0.133983 -0.005131 
 -0.553638 0.126473 -0.012287 
 -0.574800 0.118963 -0.019443 
 -0.607363 0.109488 0.002443 
 -0.617124 0.103943 -0.033755 
 -0.649793 0.094431 -0.011905 
 -0.676789 0.085891 -0.004585 
 -0.698031 0.078353 -0.011768 
 -0.719273 0.070815 -0.018951 
 0.381254 0.429405 0.238578 
 0.351157 0.420743 0.261299 
 0.330048 0.413252 0.254161 
 0.308940 0.405761 0.247024 
 0.297032 0.399517 0.210098 
 0.299112 0.395208 0.128556 
 0.287496 0.389068 0.091731 
 0.285348 0.384269 0.025208 
 0.264586 0.376901 0.018187 
 0.243823 0.369533 0.011166 
 0.227821 0.362845 -0.010694 
 0.207085 0.355486 -0.017706 
 0.186349 0.348127 -0.024718 
 0.165613 0.340768 -0.031730 
 0.144876 0.333410 -0.038742 
 0.124140 0.326051 -0.045754 
 0.103404 0.318692 -0.052766 
 -0.404518 0.159637 0.120911 
 -0.425813 0.152080 0.113710 
 -0.447108 0.144523 0.106509 
 -0.457392 0.138855 0.070133 
 -0.478634 0.131316 0.062951 
 -0.499876 0.123778 0.055768 
 -0.521118 0.116240 0.048585 
 -0.536748 0.109684 0.026850 
 -0.557963 0.102155 0.019676 
 -0.584843 0.093625 0.027036 
 -0.600393 0.087098 0.005329 
 -0.621608 0.079569 -0.001845 
 -0.660058 0.068952 0.034499 
 -0.681353 0.061395 0.027299 
 -0.702648 0.053838 0.020098 
 -0.723943 0.046281 0.012897 
 0.358092 0.398465 0.264170 
 0.336983 0.390974 0.257032 
 0.315875 0.383483 0.249894 
 0.303949 0.377295 0.212962 
 0.305986 0.373127 0.131402 
 0.303643 0.368384 0.064811 
 0.292170 0.362356 0.028031 
 0.271407 0.354988 0.021011 
 0.250645 0.347620 0.013990 
 0.229882 0.340252 0.006969 
 0.213897 0.333601 -0.014886 
 0.193161 0.326243 -0.021898 
 0.167594 0.318147 -0.014094 
 0.146831 0.310779 -0.021115 
 0.130953 0.304166 -0.042934 
 0.110217 0.296808 -0.049946 
 -0.418817 0.129605 0.116606 
 -0.440112 0.122048 0.109405 
 -0.450413 0.116436 0.073022 
 -0.471655 0.108898 0.065839 
 -0.492897 0.101360 0.058657 
 -0.514139 0.093822 0.051474 
 -0.529777 0.087294 0.029736 
 -0.556622 0.078745 0.037108 
 -0.589177 0.069149 0.058998 
 -0.599106 0.063669 0.022742 
 -0.603219 0.059275 -0.027998 
 0.365027 0.376187 0.267041 
 0.343918 0.368696 0.259903 
 0.322810 0.361205 0.252765 
 0.301701 0.353714 0.245627 
 0.289812 0.347601 0.208706 
 0.310481 0.346415 0.067642 
 0.298991 0.340444 0.030855 
 0.278229 0.333076 0.023834 
 0.262182 0.326434 0.001958 
 0.241446 0.319075 -0.005054 
 0.230249 0.313208 -0.041742 
 0.199974 0.304358 -0.019078 
 0.179238 0.296999 -0.026090 
 0.153653 0.288867 -0.018291 
 0.137766 0.282282 -0.040114 
 0.117030 0.274923 -0.047125 
 0.096294 0.267565 -0.054137 
 -0.390525 0.114688 0.126703 
 -0.411820 0.107131 0.119502 
 -0.422193 0.101556 0.083094 
 -0.443435 0.094018 0.075911 
 -0.464676 0.086480 0.068728 
 -0.485918 0.078942 0.061546 
 -0.507160 0.071403 0.054363 
 -0.539591 0.061788 0.076297 
 -0.549644 0.056327 0.039997 
 -0.582181 0.046674 0.061895 
 -0.603476 0.039117 0.054694 
 -0.607668 0.034789 0.003925 
 0.371962 0.353909 0.269912 
 0.359896 0.347796 0.232929 
 0.338840 0.340323 0.225809 
 0.317785 0.332851 0.218689 
 0.319733 0.328965 0.137093 
 0.317320 0.324446 0.070473 
 0.305813 0.318531 0.033679 
 0.289731 0.311908 0.011790 
 0.268995 0.304550 0.004778 
 0.248259 0.297191 -0.002234 
 0.237044 0.291380 -0.038929 
 0.216361 0.284040 -0.045923 
 0.186050 0.275115 -0.023270 
 0.165314 0.267756 -0.030281 
 0.154313 0.262020 -0.066904 
 0.133630 0.254681 -0.073898 
 0.103106 0.245680 -0.051317 
 0.082370 0.238321 -0.058329 
 -0.362234 0.099770 0.136800 
 -0.383529 0.092213 0.129599 
 -0.393972 0.086676 0.093166 
 -0.415214 0.079138 0.085983 
 -0.436456 0.071600 0.078800 
 -0.457698 0.064061 0.071617 
 -0.490004 0.054428 0.093595 
 -0.500181 0.048985 0.057252 
 -0.532594 0.039314 0.079193 
 -0.553889 0.031757 0.071992 
 -0.596479 0.016642 0.057590 
 -0.617774 0.009085 0.050389 
 0.378897 0.331631 0.272783 
 0.366813 0.325574 0.235793 
 0.345758 0.318102 0.228673 
 0.333833 0.312101 0.191737 
 0.326607 0.306884 0.139938 
 0.314922 0.300968 0.103084 
 0.303343 0.295090 0.066265 
 0.291871 0.289250 0.029482 
 0.275807 0.282665 0.007598 
 0.255071 0.275306 0.000586 
 0.234335 0.267948 -0.006426 
 0.223156 0.262211 -0.043110 
 0.202473 0.254872 -0.050104 
 0.172127 0.245871 -0.027461 
 0.161108 0.240192 -0.064091 
 0.140425 0.232852 -0.071085 
 0.119742 0.225512 -0.078079 
 0.089183 0.216437 -0.055509 
 0.068447 0.209078 -0.062521 
 -0.355238 0.077296 0.139696 
 -0.376533 0.069739 0.132495 
 -0.397828 0.062182 0.125295 
 -0.408235 0.056719 0.088872 
 -0.440418 0.047067 0.110893 
 -0.461713 0.039510 0.103692 
 -0.483008 0.031953 0.096491 
 -0.493202 0.026567 0.060141 
 -0.525598 0.016839 0.082089 
 -0.546893 0.009282 0.074888 
 -0.589483 -0.005832 0.060486 
 -0.610778 -0.013389 0.053285 
 0.373731 0.303352 0.238656 
 0.361735 0.297389 0.201695 
 0.345290 0.290700 0.179682 
 0.333481 0.284802 0.142784 
 0.321778 0.278943 0.105922 
 0.310182 0.273121 0.069096 
 0.298693 0.267338 0.032306 
 0.282620 0.260780 0.010418 
 0.261884 0.253422 0.003407 
 0.241148 0.246063 -0.003605 
 0.229951 0.240383 -0.040297 
 0.209268 0.233043 -0.047291 
 0.188586 0.225703 -0.054285 
 0.177602 0.220099 -0.090903 
 0.147220 0.211024 -0.068272 
 0.126537 0.203684 -0.075266 
 0.125572 0.199928 -0.141402 
 0.104995 0.192626 -0.148360 
 -0.348241 0.054821 0.142593 
 -0.369536 0.047264 0.135392 
 -0.390831 0.039707 0.128191 
 -0.401256 0.034301 0.091761 
 -0.422498 0.026763 0.084578 
 -0.454717 0.017036 0.106588 
 -0.476012 0.009479 0.099387 
 -0.497307 0.001922 0.092186 
 -0.518602 -0.005635 0.084985 
 -0.539897 -0.013193 0.077784 
 -0.561192 -0.020750 0.070583 
 0.368636 0.275223 0.204552 
 0.352181 0.268562 0.182535 
 0.340355 0.262721 0.145629 
 0.328635 0.256918 0.108760 
 0.317021 0.251152 0.071927 
 0.296205 0.243765 0.064888 
 0.284752 0.238057 0.028109 
 0.268697 0.231537 0.006227 
 0.247960 0.224178 -0.000785 
 0.236746 0.218555 -0.037484 
 0.216064 0.211215 -0.044478 
 0.195381 0.203875 -0.051472 
 0.184379 0.198327 -0.088097 
 0.154015 0.189195 -0.065459 
 0.143120 0.183685 -0.102049 
 0.132332 0.178212 -0.138603 
 0.111756 0.170910 -0.145561 
 -0.383835 0.017232 0.131087 
 -0.405130 0.009675 0.123886 
 -0.426425 0.002118 0.116685 
 -0.447720 -0.005439 0.109484 
 -0.469015 -0.012996 0.102283 
 -0.479245 -0.018270 0.065918 
 -0.511605 -0.028110 0.087881 
 -0.532900 -0.035667 0.080680 
 0.380048 0.253868 0.192481 
 0.359072 0.246425 0.185388 
 0.347229 0.240640 0.148475 
 0.335491 0.234893 0.111599 
 0.323860 0.229184 0.074758 
 0.312336 0.223512 0.037953 
 0.291573 0.216144 0.030933 
 0.275509 0.209653 0.009047 
 0.254773 0.202294 0.002035 
 0.243542 0.196726 -0.034671 
 0.222859 0.189386 -0.041665 
 0.202176 0.182047 -0.048659 
 0.191157 0.176555 -0.085292 
 0.160810 0.167367 -0.062647 
 0.140128 0.160027 -0.069640 
 0.119445 0.152687 -0.076634 
 0.108639 0.147271 -0.113195 
 -0.355544 0.002315 0.141184 
 -0.376839 -0.005242 0.133983 
 -0.398134 -0.012799 0.126782 
 -0.408540 -0.018074 0.090356 
 -0.429782 -0.025612 0.083173 
 -0.462019 -0.035470 0.105179 
 -0.483314 -0.043028 0.097979 
 -0.504609 -0.050585 0.090778 
 -0.525904 -0.058142 0.083577 
 -0.568494 -0.073256 0.069175 
 -0.589789 -0.080813 0.061974 
 -0.611084 -0.088370 0.054773 
 0.394484 0.236687 0.247247 
 0.382436 0.230892 0.210265 
 0.365964 0.224287 0.188241 
 0.354103 0.218559 0.151320 
 0.342347 0.212868 0.114437 
 0.330699 0.207215 0.077589 
 0.319157 0.201599 0.040777 
 0.298394 0.194231 0.033756 
 0.282322 0.187768 0.011867 
 0.261586 0.180409 0.004855 
 0.250337 0.174898 -0.031858 
 0.229654 0.167558 -0.038852 
 0.218564 0.162103 -0.075510 
 0.197935 0.154782 -0.082486 
 0.177305 0.147462 -0.089462 
 0.156676 0.140141 -0.096438 
 0.126240 0.130859 -0.073821 
 0.105557 0.123519 -0.080815 
 0.094787 0.118178 -0.117366 
 -0.327252 -0.012602 0.151281 
 -0.348547 -0.020159 0.144080 
 -0.359078 -0.025416 0.107611 
 -0.380320 -0.032954 0.100428 
 -0.401562 -0.040492 0.093245 
 -0.422803 -0.048030 0.086062 
 -0.455023 -0.057945 0.108076 
 -0.476318 -0.065502 0.100875 
 -0.497613 -0.073059 0.093674 
 -0.518908 -0.080616 0.086473 
 -0.540203 -0.088173 0.079272 
 -0.561498 -0.095730 0.072071 
 -0.582793 -0.103287 0.064870 
 -0.604088 -0.110845 0.057669 
 0.401401 0.214465 0.250111 
 0.393831 0.209594 0.198186 
 0.381899 0.203902 0.161241 
 0.360976 0.196477 0.154166 
 0.349204 0.190843 0.117275 
 0.328335 0.183437 0.110218 
 0.325978 0.179687 0.043601 
 0.305216 0.172319 0.036580 
 0.289134 0.165883 0.014687 
 0.268398 0.158525 0.007675 
 0.257132 0.153069 -0.029045 
 0.236449 0.145730 -0.036039 
 0.215766 0.138390 -0.043033 
 0.195083 0.131050 -0.050027 
 0.174401 0.123710 -0.057021 
 0.153718 0.116370 -0.064015 
 0.133035 0.109031 -0.071008 
 0.112352 0.101691 -0.078002 
 0.101565 0.096406 -0.114560 
 -0.320256 -0.035077 0.154177 
 -0.341551 -0.042634 0.146977 
 -0.352099 -0.047834 0.110500 
 -0.384141 -0.057748 0.132575 
 -0.394583 -0.062910 0.096134 
 -0.415825 -0.070449 0.088951 
 -0.437066 -0.077987 0.081768 
 -0.458308 -0.085525 0.074585 
 -0.490616 -0.095534 0.096570 
 -0.511911 -0.103091 0.089369 
 0.409695 0.189246 0.171161 
 0.388773 0.181821 0.164086 
 0.367850 0.174396 0.157011 
 0.356060 0.168818 0.120113 
 0.335191 0.161412 0.113057 
 0.323561 0.155890 0.076213 
 0.312037 0.150406 0.039404 
 0.295947 0.143999 0.017508 
 0.275211 0.136640 0.010496 
 0.263927 0.131241 -0.026232 
 0.243244 0.123901 -0.033226 
 0.232120 0.118559 -0.069899 
 0.211490 0.111238 -0.076875 
 0.181196 0.101882 -0.054208 
 0.160513 0.094542 -0.061202 
 0.139830 0.087202 -0.068195 
 0.128972 0.081954 -0.104778 
 0.108342 0.074633 -0.111754 
 0.087713 0.067312 -0.118730 
 -0.313260 -0.057551 0.157074 
 -0.323879 -0.062714 0.120572 
 -0.345121 -0.070252 0.113389 
 -0.366362 -0.077791 0.106206 
 -0.387604 -0.085329 0.099023 
 -0.408846 -0.092867 0.091840 
 -0.430088 -0.100405 0.084657 
 -0.451329 -0.107943 0.077474 
 -0.483620 -0.118008 0.099466 
 -0.504915 -0.125565 0.092265 
 0.416569 0.167165 0.174007 
 0.395647 0.159740 0.166932 
 0.383786 0.154199 0.130009 
 0.362917 0.146793 0.122952 
 0.342047 0.139387 0.115895 
 0.330400 0.133921 0.079044 
 0.318859 0.128493 0.042228 
 0.302760 0.122114 0.020328 
 0.291405 0.116753 -0.016425 
 0.270722 0.109413 -0.023419 
 0.269014 0.106142 -0.089821 
 0.238897 0.096787 -0.067093 
 0.218268 0.089466 -0.074069 
 0.187991 0.080053 -0.051395 
 0.177009 0.074824 -0.088021 
 0.156379 0.067503 -0.094997 
 0.135749 0.060182 -0.101973 
 0.115120 0.052861 -0.108948 
 0.094490 0.045540 -0.115924 
 -0.295658 -0.077594 0.130644 
 -0.316900 -0.085133 0.123461 
 -0.338142 -0.092671 0.116278 
 -0.359384 -0.100209 0.109095 
 -0.380625 -0.107747 0.101912 
 -0.401867 -0.115285 0.094729 
 -0.423109 -0.122824 0.087546 
 -0.444351 -0.130362 0.080363 
 -0.476624 -0.140483 0.102362 
 0.413269 0.145917 0.288612 
 0.410036 0.142230 0.221690 
 0.393529 0.135738 0.199652 
 0.381598 0.130234 0.162702 
 0.369773 0.124768 0.125790 
 0.348904 0.117362 0.118733 
 0.346443 0.113949 0.052072 
 0.325680 0.106581 0.045052 
 0.309572 0.100230 0.023148 
 0.288836 0.092871 0.016136 
 0.286934 0.089656 -0.050336 
 0.266305 0.082335 -0.057311 
 0.245675 0.075014 -0.064287 
 0.225045 0.067694 -0.071263 
 0.204416 0.060373 -0.078239 
 0.183786 0.053052 -0.085215 
 0.172893 0.047916 -0.121812 
 0.152317 0.040614 -0.128770 
 0.131740 0.033312 -0.135728 
 0.111164 0.026010 -0.142686 
 -0.277972 -0.094943 0.170067 
 -0.288679 -0.100013 0.133533 
 -0.309921 -0.107551 0.126350 
 -0.325816 -0.113826 0.104518 
 -0.352405 -0.122627 0.111984 
 -0.373646 -0.130166 0.104801 
 -0.394888 -0.137704 0.097618 
 -0.416130 -0.145242 0.090435 
 -0.437372 -0.152780 0.083252 
 -0.469627 -0.162957 0.105259 
 -0.490923 -0.170514 0.098058 
 -0.512218 -0.178071 0.090857 
 0.429072 0.125579 0.261565 
 0.416936 0.120065 0.224547 
 0.400421 0.113600 0.202504 
 0.397499 0.110148 0.135685 
 0.376629 0.102743 0.128628 
 0.364893 0.097370 0.091745 
 0.353264 0.092036 0.054896 
 0.337121 0.085704 0.032980 
 0.325678 0.080435 -0.003805 
 0.304995 0.073096 -0.010799 
 0.293712 0.067884 -0.047530 
 0.282535 0.062710 -0.084224 
 0.261958 0.055408 -0.091182 
 0.241382 0.048106 -0.098140 
 0.220806 0.040804 -0.105098 
 0.190564 0.031280 -0.082409 
 0.179653 0.026200 -0.119014 
 0.163963 0.020029 -0.140778 
 0.128675 0.009317 -0.103337 
 0.108046 0.001996 -0.110313 
 -0.207091 -0.094747 0.194566 
 -0.228386 -0.102304 0.187365 
 -0.249681 -0.109861 0.180164 
 -0.270976 -0.117418 0.172963 
 -0.281700 -0.122431 0.136422 
 -0.302942 -0.129969 0.129239 
 -0.318846 -0.136217 0.107404 
 -0.340061 -0.143745 0.100230 
 -0.366668 -0.152584 0.107690 
 -0.387909 -0.160122 0.100507 
 -0.409151 -0.167660 0.093324 
 -0.430393 -0.175199 0.086141 
 -0.462631 -0.185432 0.108155 
 -0.483926 -0.192989 0.100954 
 -0.505221 -0.200546 0.093753 
 0.444839 0.105352 0.234505 
 0.428288 0.098906 0.212450 
 0.416268 0.093496 0.175468 
 0.404355 0.088123 0.138524 
 0.383486 0.080717 0.131467 
 0.371732 0.075402 0.094576 
 0.360085 0.070123 0.057720 
 0.343934 0.063819 0.035800 
 0.332473 0.058607 -0.000992 
 0.321119 0.053433 -0.037748 
 0.309871 0.048296 -0.074468 
 0.289295 0.040994 -0.081426 
 0.273463 0.034803 -0.103239 
 0.248142 0.026390 -0.095342 
 0.227566 0.019088 -0.102300 
 0.206990 0.011786 -0.109258 
 0.186413 0.004484 -0.116216 
 0.170714 -0.001659 -0.137983 
 0.150165 -0.008952 -0.144932 
 0.129615 -0.016245 -0.151881 
 -0.178799 -0.109664 0.204663 
 -0.200094 -0.117221 0.197462 
 -0.221390 -0.124778 0.190261 
 -0.242685 -0.132335 0.183060 
 -0.253480 -0.137311 0.146494 
 -0.274722 -0.144849 0.139311 
 -0.290660 -0.151078 0.117463 
 -0.301216 -0.155969 0.080976 
 -0.338447 -0.167464 0.117762 
 -0.354306 -0.173664 0.095941 
 -0.380931 -0.182541 0.103396 
 -0.402172 -0.190079 0.096213 
 -0.423414 -0.197617 0.089030 
 -0.444656 -0.205155 0.081847 
 -0.465898 -0.212693 0.074664 
 -0.487140 -0.220231 0.067481 
 -0.519520 -0.230578 0.089448 
 -0.540815 -0.238135 0.082247 
 -0.562110 -0.245692 0.075046 
 0.451739 0.083187 0.237361 
 0.435179 0.076769 0.215303 
 0.423142 0.071415 0.178314 
 0.411211 0.066098 0.141362 
 0.390342 0.058692 0.134305 
 0.378571 0.053433 0.097407 
 0.366907 0.048211 0.060544 
 0.350746 0.041935 0.038620 
 0.339268 0.036779 0.001820 
 0.337208 0.033882 -0.064712 
 0.316631 0.026580 -0.071670 
 0.296055 0.019278 -0.078628 
 0.280214 0.013116 -0.100444 
 0.254902 0.004674 -0.092543 
 0.234326 -0.002628 -0.099501 
 0.213750 -0.009930 -0.106459 
 0.193173 -0.017232 -0.113417 
 0.172597 -0.024534 -0.120375 
 0.152021 -0.031836 -0.127333 
 -0.171803 -0.132139 0.207559 
 -0.193098 -0.139696 0.200358 
 -0.214393 -0.147253 0.193158 
 -0.235688 -0.154810 0.185957 
 -0.256983 -0.162367 0.178756 
 -0.267743 -0.167268 0.142200 
 -0.273101 -0.170793 0.091010 
 -0.294263 -0.178303 0.083854 
 -0.326121 -0.188526 0.106000 
 -0.347336 -0.196055 0.098826 
 -0.368551 -0.203584 0.091652 
 -0.389766 -0.211112 0.084479 
 -0.410981 -0.218641 0.077305 
 -0.437677 -0.227573 0.084736 
 -0.469934 -0.237938 0.106746 
 -0.480161 -0.242650 0.070370 
 -0.501403 -0.250188 0.063187 
 -0.522644 -0.257726 0.056005 
 -0.543886 -0.265264 0.048822 
 0.458639 0.061021 0.240218 
 0.442070 0.054632 0.218156 
 0.430016 0.049334 0.181159 
 0.418068 0.044073 0.144200 
 0.397198 0.036667 0.137143 
 0.394491 0.033666 0.070389 
 0.373728 0.026298 0.063368 
 0.366746 0.022290 0.011627 
 0.346064 0.014950 0.004633 
 0.343968 0.012166 -0.061913 
 0.323392 0.004864 -0.068871 
 0.302815 -0.002438 -0.075829 
 0.286966 -0.008572 -0.097649 
 0.261663 -0.017042 -0.089745 
 0.245866 -0.023158 -0.111547 
 0.220510 -0.031646 -0.103661 
 0.199934 -0.038948 -0.110619 
 0.179357 -0.046250 -0.117576 
 0.158781 -0.053552 -0.124534 
 -0.143512 -0.147056 0.217657 
 -0.164807 -0.154613 0.210456 
 -0.175797 -0.159533 0.173820 
 -0.197039 -0.167072 0.166637 
 -0.218280 -0.174610 0.159455 
 -0.239522 -0.182148 0.152272 
 -0.255505 -0.188330 0.130407 
 -0.266149 -0.193127 0.093888 
 -0.287311 -0.200637 0.086732 
 -0.319151 -0.210916 0.108886 
 -0.340366 -0.218445 0.101712 
 -0.366973 -0.227377 0.109174 
 -0.388215 -0.234915 0.101991 
 -0.409457 -0.242454 0.094808 
 -0.430698 -0.249992 0.087625 
 -0.462937 -0.260413 0.109643 
 -0.473182 -0.265068 0.073259 
 -0.494424 -0.272606 0.066076 
 -0.515666 -0.280145 0.058894 
 -0.536907 -0.287683 0.051711 
 0.456742 0.036692 0.273020 
 0.444537 0.031403 0.235972 
 0.436890 0.027252 0.184005 
 0.424924 0.022048 0.147038 
 0.413065 0.016882 0.110108 
 0.401312 0.011754 0.073212 
 0.385108 0.005524 0.051273 
 0.373542 0.000462 0.014440 
 0.362082 -0.004563 -0.022355 
 0.355366 -0.008383 -0.074008 
 0.334817 -0.015675 -0.080956 
 0.314267 -0.022968 -0.087905 
 0.293717 -0.030260 -0.094854 
 0.273168 -0.037553 -0.101803 
 0.252618 -0.044845 -0.108752 
 0.232068 -0.052138 -0.115701 
 0.211518 -0.059431 -0.122650 
 0.186117 -0.067966 -0.114778 
 0.155786 -0.077772 -0.092114 
 0.135156 -0.085093 -0.099090 
 -0.136516 -0.169531 0.220553 
 -0.157811 -0.177088 0.213352 
 -0.168818 -0.181952 0.176709 
 -0.190060 -0.189490 0.169526 
 -0.211302 -0.197028 0.162343 
 -0.232543 -0.204566 0.155161 
 -0.248535 -0.210720 0.133293 
 -0.259196 -0.215461 0.096766 
 -0.280358 -0.222971 0.089611 
 -0.312181 -0.233306 0.111771 
 -0.333396 -0.240835 0.104597 
 -0.354611 -0.248364 0.097423 
 -0.375826 -0.255893 0.090249 
 -0.397041 -0.263421 0.083075 
 -0.423720 -0.272410 0.090514 
 -0.444961 -0.279948 0.083331 
 -0.466203 -0.287487 0.076148 
 -0.487445 -0.295025 0.068965 
 -0.508687 -0.302563 0.061782 
 -0.529929 -0.310101 0.054600 
 0.463660 0.014470 0.275883 
 0.451437 0.009237 0.238829 
 0.443764 0.005171 0.186850 
 0.431780 0.000023 0.149877 
 0.419904 -0.005087 0.112939 
 0.408134 -0.010159 0.076036 
 0.391920 -0.016360 0.054093 
 0.389489 -0.019014 -0.012574 
 0.368859 -0.026335 -0.019550 
 0.362118 -0.030070 -0.071213 
 0.341568 -0.037363 -0.078162 
 0.321018 -0.044656 -0.085111 
 0.300469 -0.051948 -0.092059 
 0.279919 -0.059241 -0.099008 
 0.259369 -0.066533 -0.105957 
 0.238820 -0.073826 -0.112906 
 0.213454 -0.082380 -0.105022 
 0.197720 -0.088411 -0.126804 
 0.162564 -0.099544 -0.089309 
 0.141934 -0.106865 -0.096284 
 0.121304 -0.114186 -0.103260 
 -0.129519 -0.192005 0.223449 
 -0.150814 -0.199562 0.216248 
 -0.161839 -0.204370 0.179598 
 -0.183081 -0.211908 0.172415 
 -0.204323 -0.219447 0.165232 
 -0.225565 -0.226985 0.158050 
 -0.241565 -0.233111 0.136178 
 -0.252244 -0.237796 0.099645 
 -0.273405 -0.245305 0.092489 
 -0.294567 -0.252815 0.085333 
 -0.315729 -0.260325 0.078177 
 -0.347641 -0.270754 0.100309 
 -0.368856 -0.278283 0.093135 
 -0.390071 -0.285812 0.085961 
 -0.416741 -0.294829 0.093403 
 -0.437983 -0.302367 0.086220 
 -0.459224 -0.309905 0.079037 
 -0.474932 -0.315927 0.057265 
 -0.496147 -0.323456 0.050091 
 0.458337 -0.012928 0.241685 
 0.450638 -0.016910 0.189696 
 0.438637 -0.022002 0.152715 
 0.426743 -0.027056 0.115770 
 0.414955 -0.032072 0.078860 
 0.398733 -0.038245 0.056913 
 0.387132 -0.043195 0.020066 
 0.375637 -0.048107 -0.016744 
 0.368869 -0.051758 -0.068418 
 0.348320 -0.059051 -0.075367 
 0.327770 -0.066344 -0.082316 
 0.307220 -0.073636 -0.089265 
 0.286670 -0.080929 -0.096213 
 0.266121 -0.088221 -0.103162 
 0.245571 -0.095514 -0.110111 
 0.225021 -0.102807 -0.117060 
 0.204472 -0.110099 -0.124009 
 0.179062 -0.118700 -0.116139 
 0.158485 -0.126002 -0.123097 
 0.142823 -0.131977 -0.144856 
 0.122273 -0.139269 -0.151805 
 -0.122523 -0.214480 0.226345 
 -0.133619 -0.219250 0.189670 
 -0.154860 -0.226789 0.182487 
 -0.176102 -0.234327 0.175304 
 -0.197344 -0.241865 0.168121 
 -0.213380 -0.247972 0.146237 
 -0.234595 -0.255501 0.139063 
 -0.234772 -0.257230 0.073157 
 -0.255881 -0.264721 0.066019 
 -0.287615 -0.275149 0.088211 
 -0.308777 -0.282659 0.081055 
 -0.329939 -0.290169 0.073899 
 -0.351101 -0.297679 0.066743 
 -0.372263 -0.305189 0.059587 
 -0.409762 -0.317247 0.096292 
 -0.431004 -0.324785 0.089109 
 -0.446747 -0.330788 0.067324 
 -0.473487 -0.339861 0.074743 
 -0.494729 -0.347400 0.067560 
 0.457511 -0.038991 0.192541 
 0.445493 -0.044027 0.155553 
 0.433581 -0.049025 0.118601 
 0.421776 -0.053985 0.081684 
 0.405546 -0.060130 0.059733 
 0.393927 -0.065023 0.022879 
 0.391585 -0.067396 -0.043762 
 0.375621 -0.073446 -0.065623 
 0.355071 -0.080739 -0.072572 
 0.334521 -0.088032 -0.079521 
 0.313972 -0.095324 -0.086470 
 0.293422 -0.102617 -0.093419 
 0.272872 -0.109909 -0.100368 
 0.252322 -0.117202 -0.107316 
 0.231773 -0.124494 -0.114265 
 0.211223 -0.131787 -0.121214 
 0.185822 -0.140416 -0.113341 
 0.165245 -0.147718 -0.120298 
 0.149574 -0.153665 -0.142061 
 0.129024 -0.160957 -0.149010 
 -0.094232 -0.229397 0.236442 
 -0.115527 -0.236954 0.229241 
 -0.126640 -0.241669 0.192559 
 -0.147882 -0.249207 0.185376 
 -0.169123 -0.256745 0.178193 
 -0.185194 -0.262834 0.156297 
 -0.196015 -0.267444 0.119713 
 -0.206728 -0.272017 0.083165 
 -0.227837 -0.279507 0.076027 
 -0.248946 -0.286998 0.068889 
 -0.270055 -0.294489 0.061752 
 -0.291163 -0.301980 0.054614 
 -0.312272 -0.309471 0.047476 
 -0.333381 -0.316962 0.040338 
 -0.365310 -0.327523 0.062465 
 -0.397346 -0.338121 0.084557 
 -0.418561 -0.345650 0.077384 
 -0.428796 -0.350052 0.040997 
 -0.460992 -0.360707 0.063036 
 -0.482207 -0.368236 0.055862 
 0.428598 -0.075897 0.084508 
 0.412358 -0.082014 0.062553 
 0.400722 -0.086852 0.025692 
 0.398345 -0.089112 -0.040963 
 0.377769 -0.096414 -0.047921 
 0.357192 -0.103716 -0.054879 
 0.341273 -0.109719 -0.076726 
 0.320723 -0.117012 -0.083675 
 0.300173 -0.124305 -0.090624 
 0.274887 -0.132924 -0.082710 
 0.259074 -0.138890 -0.104522 
 0.233735 -0.147528 -0.096626 
 0.213158 -0.154830 -0.103584 
 0.192582 -0.162132 -0.110542 
 0.172006 -0.169434 -0.117500 
 0.156325 -0.175353 -0.139266 
 0.145621 -0.179860 -0.175811 
 0.125124 -0.187133 -0.182742 
 0.104628 -0.194407 -0.189673 
 -0.087235 -0.251872 0.239338 
 -0.108530 -0.259429 0.232138 
 -0.119661 -0.264087 0.195448 
 -0.135794 -0.270166 0.173530 
 -0.157009 -0.277695 0.166356 
 -0.178224 -0.285224 0.159182 
 -0.189062 -0.289778 0.122591 
 -0.199793 -0.294294 0.086036 
 -0.220902 -0.301785 0.078898 
 -0.242011 -0.309276 0.071760 
 -0.263119 -0.316767 0.064622 
 -0.294872 -0.327327 0.086811 
 -0.305337 -0.331749 0.050347 
 -0.326445 -0.339240 0.043209 
 -0.358357 -0.349857 0.065343 
 -0.390376 -0.360511 0.087443 
 -0.400681 -0.364877 0.051032 
 -0.421843 -0.372387 0.043876 
 -0.443005 -0.379896 0.036720 
 -0.464167 -0.387406 0.029564 
 0.419171 -0.103899 0.065374 
 0.407517 -0.108680 0.028505 
 0.405105 -0.110828 -0.038165 
 0.384529 -0.118130 -0.045123 
 0.368574 -0.124115 -0.066982 
 0.348024 -0.131407 -0.073931 
 0.327474 -0.138700 -0.080880 
 0.306925 -0.145993 -0.087829 
 0.281647 -0.154640 -0.079912 
 0.265825 -0.160578 -0.101727 
 0.245276 -0.167870 -0.108676 
 0.224726 -0.175163 -0.115625 
 0.199342 -0.183848 -0.107744 
 0.178766 -0.191150 -0.114702 
 0.163077 -0.197041 -0.136471 
 0.152355 -0.201491 -0.173024 
 0.121977 -0.211626 -0.150369 
 0.111362 -0.216039 -0.186886 
 -0.058944 -0.266789 0.249436 
 -0.080239 -0.274346 0.242235 
 -0.091440 -0.278967 0.205520 
 -0.107609 -0.285028 0.183589 
 -0.128824 -0.292557 0.176415 
 -0.150039 -0.300085 0.169241 
 -0.160947 -0.304602 0.132625 
 -0.182109 -0.312112 0.125469 
 -0.203271 -0.319622 0.118313 
 -0.213967 -0.324063 0.081769 
 -0.235076 -0.331554 0.074631 
 -0.256184 -0.339045 0.067493 
 -0.277293 -0.346536 0.060355 
 -0.298402 -0.354027 0.053217 
 -0.308778 -0.358355 0.016781 
 -0.340619 -0.369009 0.038942 
 -0.361728 -0.376500 0.031804 
 -0.393729 -0.387211 0.053910 
 -0.403945 -0.391482 0.017528 
 -0.425054 -0.398973 0.010390 
 -0.446163 -0.406464 0.003252 
 0.411865 -0.132544 -0.035366 
 0.395875 -0.138510 -0.057239 
 0.375325 -0.145803 -0.064187 
 0.354776 -0.153095 -0.071136 
 0.334226 -0.160388 -0.078085 
 0.313676 -0.167680 -0.085034 
 0.293126 -0.174973 -0.091983 
 0.272577 -0.182266 -0.098932 
 0.247255 -0.190960 -0.091029 
 0.231477 -0.196851 -0.112830 
 0.210928 -0.204143 -0.119779 
 0.190378 -0.211436 -0.126727 
 0.169828 -0.218729 -0.133676 
 0.159088 -0.223123 -0.170236 
 0.138592 -0.230397 -0.177167 
 0.118096 -0.237670 -0.184098 
 -0.051948 -0.289264 0.252332 
 -0.063220 -0.293847 0.215592 
 -0.084462 -0.301386 0.208409 
 -0.100639 -0.307418 0.186475 
 -0.121854 -0.314947 0.179301 
 -0.143069 -0.322476 0.172127 
 -0.164284 -0.330004 0.164953 
 -0.175157 -0.334446 0.128347 
 -0.185923 -0.338850 0.091778 
 -0.207032 -0.346341 0.084640 
 -0.228141 -0.353832 0.077502 
 -0.259805 -0.364486 0.099723 
 -0.280966 -0.371995 0.092567 
 -0.291467 -0.376305 0.056088 
 -0.301860 -0.380577 0.019645 
 -0.344452 -0.394525 0.071100 
 -0.365614 -0.402035 0.063944 
 -0.375901 -0.406269 0.027537 
 -0.397010 -0.413760 0.020399 
 -0.418119 -0.421251 0.013261 
 -0.439228 -0.428742 0.006123 
 0.421108 -0.152337 0.034131 
 0.409525 -0.156968 -0.002715 
 0.388896 -0.164289 -0.009691 
 0.377473 -0.168864 -0.046483 
 0.361527 -0.174783 -0.068341 
 0.340977 -0.182076 -0.075290 
 0.320428 -0.189368 -0.082239 
 0.299878 -0.196661 -0.089188 
 0.279328 -0.203954 -0.096137 
 0.258779 -0.211246 -0.103086 
 0.238229 -0.218539 -0.110035 
 0.217679 -0.225831 -0.116984 
 0.206815 -0.230208 -0.153587 
 0.176580 -0.240416 -0.130882 
 0.175615 -0.241801 -0.197068 
 0.145326 -0.252029 -0.174380 
 0.124829 -0.259302 -0.181310 
 -0.044951 -0.311738 0.255228 
 -0.056241 -0.316266 0.218481 
 -0.077483 -0.323804 0.211298 
 -0.093669 -0.329808 0.189360 
 -0.114884 -0.337337 0.182186 
 -0.136099 -0.344866 0.175012 
 -0.147042 -0.349270 0.138381 
 -0.157879 -0.353637 0.101787 
 -0.178988 -0.361128 0.094649 
 -0.200097 -0.368619 0.087511 
 -0.221205 -0.376110 0.080373 
 -0.242314 -0.383601 0.073235 
 -0.263423 -0.391092 0.066097 
 -0.284532 -0.398583 0.058959 
 -0.305640 -0.406074 0.051821 
 -0.348251 -0.420153 0.103273 
 -0.369466 -0.427682 0.096099 
 -0.390681 -0.435211 0.088925 
 -0.400986 -0.439389 0.052510 
 -0.422147 -0.446899 0.045354 
 0.427903 -0.174165 0.036944 
 0.416303 -0.178741 0.000090 
 0.395673 -0.186061 -0.006885 
 0.388828 -0.189179 -0.058598 
 0.368278 -0.196471 -0.065547 
 0.347729 -0.203764 -0.072496 
 0.327179 -0.211056 -0.079444 
 0.306629 -0.218349 -0.086393 
 0.286080 -0.225642 -0.093342 
 0.265530 -0.232934 -0.100291 
 0.244980 -0.240227 -0.107240 
 0.224431 -0.247519 -0.114189 
 0.203881 -0.254812 -0.121138 
 0.183331 -0.262104 -0.128087 
 0.172556 -0.266387 -0.164661 
 0.142232 -0.276690 -0.141984 
 0.131563 -0.280934 -0.178523 
 0.111067 -0.288208 -0.185454 
 -0.049262 -0.338684 0.221370 
 -0.065483 -0.344670 0.199419 
 -0.086699 -0.352199 0.192245 
 -0.107914 -0.359727 0.185071 
 -0.129129 -0.367256 0.177897 
 -0.140090 -0.371605 0.141259 
 -0.150944 -0.375915 0.104658 
 -0.172053 -0.383406 0.097520 
 -0.193162 -0.390897 0.090382 
 -0.214270 -0.398388 0.083244 
 -0.235379 -0.405879 0.076106 
 -0.256488 -0.413370 0.068968 
 -0.277596 -0.420861 0.061830 
 -0.298705 -0.428352 0.054692 
 -0.346647 -0.444219 0.120809 
 -0.367889 -0.451757 0.113626 
 -0.372871 -0.454213 0.062544 
 -0.394033 -0.461723 0.055388 
 -0.415195 -0.469233 0.048232 
 0.434698 -0.195994 0.039757 
 0.414015 -0.203334 0.032763 
 0.402451 -0.207834 -0.004080 
 0.381821 -0.215155 -0.011056 
 0.370417 -0.219598 -0.047844 
 0.354480 -0.225452 -0.069701 
 0.333930 -0.232744 -0.076650 
 0.308688 -0.241504 -0.068718 
 0.292831 -0.247329 -0.090547 
 0.267535 -0.256108 -0.082634 
 0.251732 -0.261915 -0.104445 
 0.231182 -0.269207 -0.111394 
 0.210632 -0.276500 -0.118343 
 0.190083 -0.283792 -0.125292 
 0.169533 -0.291085 -0.132241 
 0.148983 -0.298378 -0.139190 
 0.128433 -0.305670 -0.146139 
 0.107884 -0.312963 -0.153087 
 -0.042283 -0.361102 0.224259 
 -0.058513 -0.367060 0.202304 
 -0.079728 -0.374589 0.195131 
 -0.100944 -0.382118 0.187957 
 -0.122159 -0.389646 0.180783 
 -0.133137 -0.393939 0.144137 
 -0.144009 -0.398193 0.107528 
 -0.165118 -0.405684 0.100391 
 -0.186227 -0.413175 0.093253 
 -0.207335 -0.420666 0.086115 
 -0.228444 -0.428157 0.078977 
 -0.249553 -0.435648 0.071839 
 -0.281271 -0.446508 0.094046 
 -0.313095 -0.457405 0.116217 
 -0.339668 -0.466637 0.123698 
 -0.360910 -0.474175 0.116515 
 -0.365918 -0.476547 0.065422 
 -0.387080 -0.484057 0.058266 
 -0.424636 -0.496790 0.094966 
 -0.445877 -0.504328 0.087783 
 0.441493 -0.217822 0.042570 
 0.438906 -0.219408 -0.024172 
 0.418330 -0.226710 -0.031130 
 0.397754 -0.234012 -0.038088 
 0.381781 -0.239847 -0.059957 
 0.361232 -0.247140 -0.066906 
 0.340682 -0.254432 -0.073855 
 0.315448 -0.263220 -0.065920 
 0.294872 -0.270522 -0.072878 
 0.274296 -0.277824 -0.079835 
 0.258483 -0.283603 -0.101650 
 0.233143 -0.292428 -0.093751 
 0.217384 -0.298188 -0.115548 
 0.196834 -0.305480 -0.122497 
 0.176284 -0.312773 -0.129446 
 0.155735 -0.320065 -0.136395 
 0.135185 -0.327358 -0.143344 
 0.114635 -0.334651 -0.150293 
 0.094085 -0.341943 -0.157242 
 -0.051543 -0.389450 0.205190 
 -0.072758 -0.396979 0.198016 
 -0.093974 -0.404508 0.190842 
 -0.115189 -0.412037 0.183668 
 -0.126185 -0.416273 0.147015 
 -0.137074 -0.420471 0.110399 
 -0.158183 -0.427962 0.103261 
 -0.179292 -0.435453 0.096123 
 -0.200400 -0.442944 0.088986 
 -0.221509 -0.450435 0.081848 
 -0.242618 -0.457926 0.074710 
 -0.263726 -0.465417 0.067572 
 -0.295480 -0.476352 0.089768 
 -0.316642 -0.483861 0.082612 
 -0.337804 -0.491371 0.075456 
 -0.369771 -0.502382 0.097581 
 -0.380128 -0.506391 0.061144 
 -0.401290 -0.513901 0.053988 
 -0.422452 -0.521411 0.046832 
 0.436636 -0.244057 0.008508 
 0.425090 -0.248426 -0.028332 
 0.404514 -0.255728 -0.035290 
 0.388533 -0.261535 -0.057162 
 0.367983 -0.268828 -0.064111 
 0.347433 -0.276120 -0.071060 
 0.326884 -0.283413 -0.078009 
 0.306334 -0.290705 -0.084958 
 0.285784 -0.297998 -0.091907 
 0.265235 -0.305290 -0.098855 
 0.239903 -0.314144 -0.090953 
 0.224135 -0.319876 -0.112753 
 0.203585 -0.327168 -0.119702 
 0.183036 -0.334461 -0.126651 
 0.162486 -0.341753 -0.133600 
 0.141936 -0.349046 -0.140549 
 0.121387 -0.356339 -0.147498 
 0.100837 -0.363631 -0.154447 
 -0.034584 -0.408567 0.178517 
 -0.055746 -0.416077 0.171361 
 -0.076908 -0.423587 0.164205 
 -0.087922 -0.427767 0.127546 
 -0.109030 -0.435258 0.120408 
 -0.130139 -0.442749 0.113270 
 -0.140939 -0.446853 0.076682 
 -0.161995 -0.454325 0.069562 
 -0.183050 -0.461797 0.062442 
 -0.204106 -0.469269 0.055322 
 -0.225161 -0.476741 0.048203 
 -0.256791 -0.487695 0.070443 
 -0.277900 -0.495186 0.063305 
 -0.309689 -0.506195 0.085490 
 -0.330851 -0.513705 0.078334 
 -0.352013 -0.521215 0.071178 
 -0.373175 -0.528725 0.064022 
 -0.394337 -0.536235 0.056866 
 -0.426446 -0.547358 0.078945 
 -0.447661 -0.554887 0.071771 
 0.455084 -0.261479 0.048196 
 0.443414 -0.265829 0.011313 
 0.422784 -0.273150 0.004337 
 0.402154 -0.280471 -0.002639 
 0.390698 -0.284746 -0.039449 
 0.374735 -0.290516 -0.061316 
 0.354185 -0.297808 -0.068265 
 0.333635 -0.305101 -0.075214 
 0.313085 -0.312393 -0.082163 
 0.292536 -0.319686 -0.089112 
 0.271986 -0.326978 -0.096061 
 0.251436 -0.334271 -0.103010 
 0.226087 -0.343162 -0.095112 
 0.205511 -0.350464 -0.102070 
 0.189787 -0.356149 -0.123856 
 0.164358 -0.365068 -0.115986 
 0.143782 -0.372370 -0.122944 
 0.113341 -0.382964 -0.100301 
 0.092711 -0.390285 -0.107277 
 0.062110 -0.400936 -0.084689 
 0.041428 -0.408275 -0.091682 
 -0.059878 -0.442554 0.137555 
 -0.080987 -0.450045 0.130417 
 -0.102095 -0.457536 0.123279 
 -0.112966 -0.461603 0.086666 
 -0.134022 -0.469075 0.079546 
 -0.155077 -0.476547 0.072426 
 -0.176133 -0.484019 0.065306 
 -0.197188 -0.491491 0.058186 
 -0.218244 -0.498963 0.051066 
 -0.249856 -0.509973 0.073314 
 -0.270965 -0.517463 0.066176 
 -0.292073 -0.524954 0.059038 
 -0.313182 -0.532445 0.051900 
 -0.345061 -0.543549 0.074056 
 -0.366223 -0.551059 0.066900 
 -0.387385 -0.558569 0.059745 
 -0.408547 -0.566079 0.052589 
 -0.429708 -0.573589 0.045433 
 0.470821 -0.280281 0.021095 
 0.450191 -0.287602 0.014119 
 0.438610 -0.291858 -0.022735 
 0.418034 -0.299160 -0.029693 
 0.402036 -0.304911 -0.051572 
 0.381486 -0.312203 -0.058521 
 0.360936 -0.319496 -0.065470 
 0.340387 -0.326789 -0.072419 
 0.319837 -0.334081 -0.079368 
 0.299287 -0.341374 -0.086317 
 0.274000 -0.350274 -0.078398 
 0.253423 -0.357576 -0.085356 
 0.232847 -0.364878 -0.092314 
 0.212271 -0.372180 -0.099272 
 0.191695 -0.379482 -0.106230 
 0.171118 -0.386784 -0.113187 
 0.150542 -0.394086 -0.120145 
 0.120118 -0.404736 -0.097495 
 0.089588 -0.415424 -0.074882 
 0.068905 -0.422764 -0.081876 
 0.048223 -0.430104 -0.088870 
 0.017479 -0.440867 -0.066327 
 -0.053824 -0.465438 0.074251 
 -0.074827 -0.472891 0.067150 
 -0.095829 -0.480344 0.060048 
 -0.127104 -0.491296 0.082410 
 -0.148160 -0.498768 0.075290 
 -0.169215 -0.506241 0.068170 
 -0.190270 -0.513713 0.061050 
 -0.211326 -0.521185 0.053930 
 -0.232381 -0.528657 0.046810 
 -0.264030 -0.539741 0.069046 
 -0.285138 -0.547232 0.061909 
 -0.306247 -0.554723 0.054771 
 -0.327356 -0.562214 0.047633 
 -0.348465 -0.569705 0.040495 
 -0.380432 -0.580903 0.062623 
 -0.401594 -0.588413 0.055467 
 -0.422756 -0.595923 0.048311 
 0.468674 -0.305136 0.053821 
 0.456969 -0.309374 0.016925 
 0.445371 -0.313574 -0.019936 
 0.424794 -0.320876 -0.026894 
 0.408787 -0.326599 -0.048778 
 0.388237 -0.333891 -0.055726 
 0.367688 -0.341184 -0.062675 
 0.347138 -0.348477 -0.069624 
 0.326588 -0.355769 -0.076573 
 0.306039 -0.363062 -0.083522 
 0.285489 -0.370354 -0.090471 
 0.260184 -0.379292 -0.082557 
 0.239607 -0.386594 -0.089515 
 0.219031 -0.393896 -0.096473 
 0.198455 -0.401198 -0.103431 
 0.177878 -0.408500 -0.110389 
 0.157302 -0.415802 -0.117347 
 0.126896 -0.426508 -0.094690 
 0.096383 -0.437252 -0.072069 
 0.075701 -0.444592 -0.079063 
 0.045028 -0.455393 -0.056495 
 0.024292 -0.462752 -0.063507 
 -0.001492 -0.471860 -0.055756 
 -0.042553 -0.486263 -0.003762 
 -0.088929 -0.502510 0.062904 
 -0.109931 -0.509963 0.055802 
 -0.141242 -0.520990 0.078153 
 -0.162297 -0.528462 0.071033 
 -0.183353 -0.535934 0.063913 
 -0.204408 -0.543406 0.056793 
 -0.235986 -0.554528 0.079055 
 -0.246519 -0.558351 0.042554 
 -0.267575 -0.565823 0.035434 
 -0.288630 -0.573295 0.028314 
 -0.320421 -0.584492 0.050504 
 -0.341529 -0.591983 0.043366 
 -0.362638 -0.599474 0.036228 
 -0.383747 -0.606965 0.029090 
 -0.415803 -0.618257 0.051189 
 0.475469 -0.326964 0.056634 
 0.463747 -0.331146 0.019730 
 0.452131 -0.335290 -0.017138 
 0.431554 -0.342592 -0.024096 
 0.415539 -0.348287 -0.045983 
 0.394989 -0.355579 -0.052932 
 0.374439 -0.362872 -0.059881 
 0.353889 -0.370164 -0.066829 
 0.333340 -0.377457 -0.073778 
 0.312790 -0.384750 -0.080727 
 0.292240 -0.392042 -0.087676 
 0.271691 -0.399335 -0.094625 
 0.246367 -0.408310 -0.086717 
 0.230591 -0.413920 -0.108523 
 0.205215 -0.422914 -0.100633 
 0.184639 -0.430216 -0.107591 
 0.168942 -0.435798 -0.129369 
 0.148392 -0.443090 -0.136318 
 0.113044 -0.455602 -0.098860 
 0.092414 -0.462923 -0.105836 
 0.061813 -0.473761 -0.083244 
 0.041130 -0.481100 -0.090238 
 0.005329 -0.493772 -0.052932 
 -0.025565 -0.504714 -0.030438 
 -0.066751 -0.519286 0.021515 
 -0.097912 -0.530323 0.043920 
 -0.124033 -0.539581 0.051557 
 -0.155380 -0.550684 0.073897 
 -0.176435 -0.558156 0.066777 
 -0.197491 -0.565628 0.059657 
 -0.229051 -0.576806 0.081926 
 -0.239602 -0.580572 0.045417 
 -0.260657 -0.588044 0.038297 
 -0.292377 -0.599279 0.060512 
 -0.313486 -0.606770 0.053374 
 -0.334594 -0.614261 0.046237 
 -0.355703 -0.621752 0.039099 
 -0.376812 -0.629243 0.031961 
 0.470524 -0.352918 0.022536 
 0.449895 -0.360239 0.015560 
 0.438315 -0.364308 -0.021297 
 0.417738 -0.371610 -0.028255 
 0.401740 -0.377267 -0.050137 
 0.381191 -0.384560 -0.057086 
 0.356009 -0.393516 -0.049129 
 0.340091 -0.399145 -0.070983 
 0.319541 -0.406438 -0.077932 
 0.298992 -0.413730 -0.084881 
 0.278442 -0.421023 -0.091830 
 0.257892 -0.428315 -0.098779 
 0.237343 -0.435608 -0.105728 
 0.216793 -0.442901 -0.112677 
 0.191399 -0.451932 -0.104792 
 0.175694 -0.457486 -0.126575 
 0.155144 -0.464778 -0.133524 
 0.129670 -0.473838 -0.125666 
 0.099192 -0.484695 -0.103030 
 0.078563 -0.492016 -0.110006 
 0.047925 -0.502929 -0.087425 
 0.012151 -0.515685 -0.050109 
 -0.018726 -0.526683 -0.027607 
 -0.049710 -0.537719 -0.005143 
 -0.080799 -0.548792 0.017286 
 -0.117133 -0.561747 0.054413 
 -0.138135 -0.569200 0.047311 
 -0.159137 -0.576653 0.040209 
 -0.190573 -0.587850 0.062521 
 -0.211629 -0.595322 0.055401 
 -0.232684 -0.602794 0.048281 
 -0.253740 -0.610266 0.041161 
 -0.274795 -0.617738 0.034041 
 -0.306551 -0.629048 0.056245 
 -0.327659 -0.636539 0.049107 
 -0.348768 -0.644030 0.041969 
 0.468376 -0.377961 0.055266 
 0.456672 -0.382011 0.018366 
 0.436043 -0.389332 0.011390 
 0.424498 -0.393326 -0.025457 
 0.403922 -0.400628 -0.032415 
 0.387942 -0.406248 -0.054291 
 0.362769 -0.415232 -0.046330 
 0.346843 -0.420833 -0.068189 
 0.326293 -0.428125 -0.075138 
 0.305743 -0.435418 -0.082086 
 0.285193 -0.442711 -0.089035 
 0.259888 -0.451742 -0.081120 
 0.239312 -0.459044 -0.088078 
 0.223544 -0.464588 -0.109882 
 0.202995 -0.471881 -0.116831 
 0.192169 -0.475620 -0.153434 
 0.161895 -0.486466 -0.130729 
 0.141345 -0.493759 -0.137678 
 0.115854 -0.502856 -0.129825 
 0.085340 -0.513788 -0.107200 
 0.054720 -0.524757 -0.084612 
 0.023994 -0.535764 -0.062058 
 -0.001790 -0.544966 -0.054306 
 -0.032703 -0.556039 -0.031815 
 -0.063722 -0.567150 -0.009361 
 -0.105105 -0.582041 0.042532 
 -0.131235 -0.591366 0.050167 
 -0.147056 -0.596929 0.028346 
 -0.183656 -0.610071 0.065384 
 -0.204711 -0.617544 0.058264 
 -0.225767 -0.625016 0.051144 
 -0.246822 -0.632488 0.044025 
 -0.267877 -0.639960 0.036905 
 -0.288933 -0.647432 0.029785 
 -0.309988 -0.654904 0.022665 
 -0.331044 -0.662376 0.015545 
 0.475172 -0.399789 0.058079 
 0.463450 -0.403783 0.021172 
 0.442820 -0.411104 0.014196 
 0.431259 -0.415042 -0.022658 
 0.410682 -0.422344 -0.029616 
 0.390106 -0.429646 -0.036574 
 0.369530 -0.436948 -0.043532 
 0.353594 -0.442521 -0.065394 
 0.333044 -0.449813 -0.072343 
 0.312495 -0.457106 -0.079292 
 0.291945 -0.464399 -0.086240 
 0.271395 -0.471691 -0.093189 
 0.250845 -0.478984 -0.100138 
 0.230296 -0.486276 -0.107087 
 0.209746 -0.493569 -0.114036 
 0.198903 -0.497252 -0.150647 
 0.178406 -0.504525 -0.157578 
 0.148097 -0.515447 -0.134883 
 0.127547 -0.522739 -0.141832 
 0.092118 -0.535560 -0.104395 
 0.071488 -0.542881 -0.111371 
 0.030807 -0.557649 -0.059238 
 0.010071 -0.565007 -0.066250 
 -0.015732 -0.574247 -0.058503 
 -0.046680 -0.585395 -0.036023 
 -0.077735 -0.596581 -0.013580 
 -0.108896 -0.607805 0.008827 
 -0.140164 -0.619066 0.031199 
 -0.161140 -0.626510 0.024106 
 -0.197793 -0.639765 0.061128 
 -0.218849 -0.647237 0.054008 
 -0.239904 -0.654709 0.046888 
 -0.271572 -0.666113 0.069125 
 -0.292680 -0.673604 0.061987 
 -0.313789 -0.681095 0.054849 
 -0.324126 -0.684598 0.018409 
 0.481967 -0.421618 0.060892 
 0.461284 -0.428957 0.053898 
 0.449598 -0.432877 0.017001 
 0.438019 -0.436758 -0.019860 
 0.417442 -0.444060 -0.026818 
 0.396866 -0.451362 -0.033776 
 0.376290 -0.458664 -0.040734 
 0.360345 -0.464209 -0.062599 
 0.339796 -0.471501 -0.069548 
 0.319246 -0.478794 -0.076497 
 0.298696 -0.486086 -0.083446 
 0.287623 -0.489788 -0.120136 
 0.267126 -0.497062 -0.127067 
 0.246630 -0.504336 -0.133997 
 0.226133 -0.511610 -0.140928 
 0.205637 -0.518883 -0.147859 
 0.185140 -0.526157 -0.154790 
 0.164644 -0.533431 -0.161721 
 0.134299 -0.544427 -0.139037 
 0.123651 -0.547978 -0.175583 
 0.078266 -0.564653 -0.108565 
 0.047628 -0.575754 -0.085980 
 0.016883 -0.586892 -0.063430 
 -0.003853 -0.594251 -0.070442 
 -0.024589 -0.601609 -0.077453 
 -0.050436 -0.610896 -0.069721 
 -0.091748 -0.626012 -0.017798 
 -0.122945 -0.637311 0.004598 
 -0.159439 -0.650603 0.041676 
 -0.190876 -0.661987 0.063992 
 -0.211931 -0.669459 0.056872 
 -0.243528 -0.680900 0.079134 
 -0.264637 -0.688391 0.071996 
 -0.285745 -0.695881 0.064858 
 -0.306854 -0.703372 0.057720 
 0.488762 -0.443446 0.063705 
 0.468079 -0.450786 0.056711 
 0.447396 -0.458126 0.049717 
 0.435746 -0.461970 0.012831 
 0.415117 -0.469291 0.005855 
 0.394487 -0.476612 -0.001121 
 0.383050 -0.480380 -0.037935 
 0.362474 -0.487682 -0.044893 
 0.346547 -0.493189 -0.066753 
 0.325997 -0.500482 -0.073702 
 0.305448 -0.507774 -0.080651 
 0.294357 -0.511420 -0.117348 
 0.273860 -0.518694 -0.124279 
 0.262929 -0.522283 -0.160923 
 0.242486 -0.529538 -0.167836 
 0.222043 -0.536792 -0.174749 
 0.191874 -0.547789 -0.152003 
 0.171378 -0.555062 -0.158933 
 0.150881 -0.562336 -0.165864 
 0.115558 -0.575307 -0.128388 
 0.094981 -0.582609 -0.135346 
 0.054423 -0.597582 -0.083167 
 0.033740 -0.604922 -0.090161 
 0.002960 -0.616135 -0.067621 
 -0.017776 -0.623494 -0.074633 
 -0.043614 -0.632808 -0.066897 
 -0.074634 -0.644107 -0.044439 
 -0.105761 -0.655443 -0.022017 
 -0.147357 -0.670785 0.029812 
 -0.173541 -0.680222 0.037431 
 -0.205014 -0.691681 0.059735 
 -0.236593 -0.703178 0.082005 
 -0.257701 -0.710668 0.074867 
 -0.278810 -0.718159 0.067729 
 -0.299919 -0.725650 0.060591 
 -0.321028 -0.733141 0.053453 
 0.474874 -0.472614 0.059524 
 0.445229 -0.483487 0.082449 
 0.424493 -0.490846 0.075437 
 0.412826 -0.494634 0.038543 
 0.392143 -0.501973 0.031549 
 0.371460 -0.509313 0.024555 
 0.360006 -0.513026 -0.012267 
 0.348658 -0.516700 -0.049052 
 0.332749 -0.522170 -0.070907 
 0.312199 -0.529462 -0.077856 
 0.301091 -0.533052 -0.114560 
 0.280594 -0.540326 -0.121491 
 0.260098 -0.547599 -0.128422 
 0.249202 -0.551113 -0.165056 
 0.228759 -0.558368 -0.171968 
 0.208316 -0.565623 -0.178881 
 0.187873 -0.572878 -0.185794 
 0.157615 -0.583968 -0.163077 
 0.127252 -0.595096 -0.140396 
 0.106702 -0.602388 -0.147345 
 0.071192 -0.615519 -0.109929 
 0.040536 -0.626750 -0.087348 
 0.019853 -0.634090 -0.094342 
 -0.000830 -0.641430 -0.101336 
 -0.031700 -0.652737 -0.078825 
 -0.052436 -0.660096 -0.085837 
 -0.073172 -0.667455 -0.092849 
 -0.109427 -0.680849 -0.055685 
 -0.166641 -0.702387 0.040287 
 -0.198096 -0.713902 0.062599 
 -0.229658 -0.725455 0.084876 
 -0.261326 -0.737046 0.107115 
 -0.271875 -0.740437 0.070600 
 -0.292984 -0.747928 0.063462 
 -0.314093 -0.755419 0.056324 
 0.452042 -0.505372 0.085269 
 0.431306 -0.512730 0.078257 
 0.419621 -0.516462 0.041356 
 0.398938 -0.523802 0.034362 
 0.378255 -0.531142 0.027368 
 0.366783 -0.534798 -0.009461 
 0.355418 -0.538416 -0.046254 
 0.339500 -0.543858 -0.068112 
 0.318951 -0.551150 -0.075061 
 0.298401 -0.558443 -0.082010 
 0.287328 -0.561957 -0.118704 
 0.266832 -0.569231 -0.125635 
 0.246335 -0.576505 -0.132566 
 0.225839 -0.583778 -0.139496 
 0.205342 -0.591052 -0.146427 
 0.175103 -0.602198 -0.123703 
 0.154553 -0.609491 -0.130652 
 0.134003 -0.616784 -0.137601 
 0.108502 -0.626041 -0.129749 
 0.077969 -0.637291 -0.107124 
 0.057340 -0.644612 -0.114100 
 0.026648 -0.655918 -0.091529 
 0.005965 -0.663258 -0.098523 
 -0.024887 -0.674622 -0.076005 
 -0.045623 -0.681981 -0.083017 
 -0.092048 -0.699493 -0.016340 
 -0.123246 -0.710979 0.006059 
 -0.159741 -0.724553 0.043144 
 -0.191178 -0.736124 0.065463 
 -0.222723 -0.747733 0.087746 
 -0.243831 -0.755224 0.080608 
 -0.275535 -0.766890 0.102838 
 -0.296697 -0.774400 0.095682 
 -0.317859 -0.781910 0.088526 
 0.438119 -0.534615 0.081077 
 0.417383 -0.541973 0.074065 
 0.396646 -0.549332 0.067054 
 0.385051 -0.552970 0.030181 
 0.364368 -0.560310 0.023187 
 0.352931 -0.563891 -0.013631 
 0.346252 -0.565546 -0.065317 
 0.325702 -0.572838 -0.072266 
 0.305152 -0.580131 -0.079215 
 0.284603 -0.587423 -0.086164 
 0.264053 -0.594716 -0.093113 
 0.253069 -0.598137 -0.129778 
 0.232573 -0.605410 -0.136709 
 0.212076 -0.612684 -0.143640 
 0.181854 -0.623886 -0.120909 
 0.161304 -0.631179 -0.127857 
 0.140755 -0.638471 -0.134806 
 0.115262 -0.647757 -0.126950 
 0.084747 -0.659063 -0.104318 
 0.064118 -0.666384 -0.111294 
 0.043488 -0.673705 -0.118270 
 0.012760 -0.685087 -0.095710 
 -0.007923 -0.692426 -0.102704 
 -0.038810 -0.703865 -0.080196 
 -0.085191 -0.721518 -0.013502 
 -0.116372 -0.733060 0.008905 
 -0.152841 -0.746718 0.046000 
 -0.184261 -0.758346 0.068326 
 -0.215788 -0.770011 0.090617 
 -0.247420 -0.781714 0.112872 
 -0.268582 -0.789224 0.105716 
 -0.289744 -0.796734 0.098560 
 -0.310906 -0.804244 0.091404 
 0.444931 -0.556500 0.083898 
 0.424195 -0.563858 0.076886 
 0.403459 -0.571217 0.069874 
 0.382723 -0.578576 0.062862 
 0.371163 -0.582138 0.026000 
 0.359709 -0.585663 -0.010826 
 0.353003 -0.587234 -0.062523 
 0.332453 -0.594526 -0.069471 
 0.311904 -0.601819 -0.076420 
 0.291354 -0.609111 -0.083369 
 0.270804 -0.616404 -0.090318 
 0.259803 -0.619768 -0.126990 
 0.239307 -0.627042 -0.133921 
 0.218810 -0.634316 -0.140852 
 0.188606 -0.645574 -0.118114 
 0.168056 -0.652867 -0.125063 
 0.147506 -0.660159 -0.132011 
 0.126956 -0.667452 -0.138960 
 0.101446 -0.676775 -0.131110 
 0.080870 -0.684077 -0.138068 
 0.050266 -0.695477 -0.115464 
 0.029636 -0.702798 -0.122440 
 -0.001127 -0.714255 -0.099891 
 -0.031998 -0.725750 -0.077376 
 -0.052734 -0.733108 -0.084388 
 -0.088910 -0.746756 -0.047192 
 -0.145941 -0.768884 0.048856 
 -0.177343 -0.780568 0.071190 
 -0.208852 -0.792289 0.093488 
 -0.229961 -0.799780 0.086350 
 0.447271 -0.580272 0.101682 
 0.426509 -0.587640 0.094661 
 0.410272 -0.593101 0.072694 
 0.389536 -0.600460 0.065682 
 0.377958 -0.603967 0.028813 
 0.366487 -0.607436 -0.008020 
 0.355122 -0.610866 -0.044816 
 0.339205 -0.616214 -0.066677 
 0.318655 -0.623507 -0.073625 
 0.298105 -0.630799 -0.080574 
 0.277556 -0.638092 -0.087523 
 0.266537 -0.641400 -0.124203 
 0.246040 -0.648674 -0.131134 
 0.215907 -0.659970 -0.108370 
 0.195357 -0.667262 -0.115319 
 0.174807 -0.674555 -0.122268 
 0.149359 -0.683887 -0.114395 
 0.128782 -0.691189 -0.121353 
 0.108206 -0.698491 -0.128311 
 0.077673 -0.709928 -0.105682 
 0.057043 -0.717249 -0.112658 
 0.036414 -0.724570 -0.119634 
 0.005668 -0.736083 -0.097078 
 -0.025185 -0.747634 -0.074556 
 -0.051033 -0.757108 -0.066820 
 -0.082072 -0.768725 -0.044361 
 -0.133876 -0.788915 0.036983 
 0.454093 -0.602185 0.104506 
 0.424349 -0.613405 0.127404 
 0.412567 -0.616921 0.090464 
 0.391805 -0.624289 0.083443 
 0.375612 -0.629703 0.061490 
 0.364071 -0.633135 0.024632 
 0.352635 -0.636529 -0.012190 
 0.341306 -0.639884 -0.048976 
 0.320729 -0.647187 -0.055934 
 0.304857 -0.652487 -0.077780 
 0.284307 -0.659780 -0.084728 
 0.273271 -0.663032 -0.121415 
 0.243208 -0.674365 -0.098626 
 0.222658 -0.681657 -0.105575 
 0.197272 -0.690999 -0.097681 
 0.176695 -0.698301 -0.104639 
 0.156119 -0.705603 -0.111597 
 0.135543 -0.712905 -0.118555 
 0.114966 -0.720207 -0.125513 
 0.094390 -0.727509 -0.132471 
 0.073814 -0.734811 -0.139429 
 0.043192 -0.746342 -0.116829 
 0.012463 -0.757912 -0.094265 
 -0.018372 -0.769519 -0.071736 
 -0.044211 -0.779021 -0.063996 
 0.431188 -0.635374 0.130235 
 0.410372 -0.642761 0.123196 
 0.398626 -0.646202 0.086267 
 0.382425 -0.651588 0.064310 
 0.370866 -0.654963 0.027445 
 0.359413 -0.658301 -0.009384 
 0.348066 -0.661601 -0.046177 
 0.327490 -0.668903 -0.053135 
 0.306913 -0.676205 -0.060093 
 0.286337 -0.683507 -0.067051 
 0.270509 -0.688760 -0.088882 
 0.249959 -0.696053 -0.095831 
 0.229410 -0.703345 -0.102780 
 0.204032 -0.712715 -0.094883 
 0.183455 -0.720017 -0.101841 
 0.162879 -0.727319 -0.108799 
 0.142303 -0.734621 -0.115756 
 0.121726 -0.741923 -0.122714 
 0.101150 -0.749225 -0.129672 
 0.080574 -0.756527 -0.136630 
 0.049969 -0.768115 -0.114023 
 0.019258 -0.779740 -0.091452 
 0.438026 -0.657342 0.133066 
 0.417211 -0.664730 0.126027 
 0.396395 -0.672117 0.118988 
 0.384685 -0.675483 0.082070 
 0.363922 -0.682851 0.075049 
 0.356978 -0.684132 0.023264 
 0.345561 -0.687394 -0.013555 
 0.324931 -0.694715 -0.020530 
 0.318360 -0.695863 -0.072190 
 0.297810 -0.703155 -0.079139 
 0.286739 -0.706295 -0.115840 
 0.256711 -0.717741 -0.093037 
 0.236161 -0.725033 -0.099985 
 0.215611 -0.732326 -0.106934 
 0.190216 -0.741733 -0.099042 
 0.169639 -0.749035 -0.106000 
 0.149063 -0.756337 -0.112958 
 0.128487 -0.763639 -0.119916 
 0.444865 -0.679311 0.135897 
 0.415068 -0.690738 0.158780 
 0.394199 -0.698143 0.151723 
 0.382418 -0.701472 0.114780 
 0.361602 -0.708859 0.107741 
 0.372968 -0.701845 -0.003773 
 0.352338 -0.709166 -0.010749 
 0.331709 -0.716487 -0.017725 
 0.325111 -0.717551 -0.069395 
 0.299857 -0.726939 -0.061454 
 0.284012 -0.732136 -0.083293 
 0.263462 -0.739429 -0.090242 
 0.242912 -0.746721 -0.097191 
 