0.180238 -0.561780 -0.033142 
 0.046457 -0.669667 -0.079574 
 0.358777 0.456762 0.188188 
 0.173113 -0.784321 0.159655 
 -0.146578 -0.177212 0.101172 
 0.167355 0.607172 0.031329 
 0.317744 0.237574 -0.013781 
 -0.259069 0.009774 0.072529 
 -0.029208 -0.762606 -0.007556 
 0.017408 -0.799507 0.002398 
 0.142029 0.528649 -0.072821 
 0.098477 -0.858266 0.059628 
 -0.007620 -0.770006 -0.010527 
 -0.355461 0.118210 0.122870 
 -0.329516 -0.366380 0.025005 
 0.267909 0.487721 0.038772 
 0.209242 0.034411 -0.104493 
 0.125680 -0.728281 -0.022864 
 0.195827 -0.536791 0.004790 
 -0.174859 -0.728261 0.043330 
 0.157671 -0.276633 -0.139739 
 0.093278 0.774774 0.051037 
 0.128640 -0.594223 -0.090782 
 0.200939 -0.861279 0.273954 
 0.268811 -0.379759 -0.008965 
 0.119433 -0.429057 -0.106621 
 0.225877 -0.459232 -0.034339 
 -0.390260 0.284083 0.065420 
 0.172450 -0.283906 -0.131665 
 0.100179 0.525736 -0.080302 
 0.225509 -0.385798 -0.105308 
 0.289189 0.690203 0.126830 
 0.339768 0.208711 0.143552 
 0.307849 0.641848 0.136433 
 0.182684 0.600210 0.038138 
 0.226267 -0.634424 0.134482 
 0.156072 -0.335286 -0.142149 
 -0.455674 0.482543 -0.155256 
 -0.068731 -0.724621 -0.028738 
 0.141940 0.749074 0.106690 
 -0.179140 0.101864 0.217931 
 -0.372002 0.300842 0.044694 
 -0.405943 -0.271762 -0.014465 
 0.066096 -0.467229 -0.121964 
 -0.036476 0.567823 -0.168506 
 0.290348 -0.145076 0.209148 
 0.308142 -0.053470 -0.024000 
 -0.183746 -0.181123 0.077624 
 0.018593 -0.313849 -0.116138 
 0.243664 -0.498446 0.033310 
 0.338116 0.192278 0.271903 
 0.252016 -0.358223 -0.090397 
 0.187876 -0.290583 -0.123250 
 -0.115688 0.634407 -0.137001 
 0.217997 0.549456 0.013212 
 -0.207090 0.036516 0.173041 
 -0.190488 -0.721356 0.035444 
 0.358104 0.094493 0.050096 
 -0.275126 -0.043626 0.061652 
 -0.174598 0.552923 -0.100039 
 -0.304928 -0.295845 0.039569 
 0.169818 0.362732 -0.090435 
 0.325698 -0.176245 0.199240 
 -0.195911 -0.251880 0.043029 
 0.180335 -0.740987 0.136990 
 -0.116586 -0.729963 -0.026474 
 -0.285885 0.017130 0.085921 
 -0.198754 0.705497 -0.138492 
 -0.093149 0.644978 -0.126347 
 -0.342886 0.562979 -0.163201 
 -0.043528 -0.520070 -0.082030 
 0.195665 0.349345 -0.074318 
 0.194002 -0.579351 0.017245 
 0.173967 0.379059 -0.086956 
 0.005468 -0.707922 -0.030549 
 -0.486354 0.421070 -0.072276 
 0.109643 0.483440 -0.090809 
 0.311997 0.284911 0.086994 
 0.144967 -0.212494 -0.145392 
 -0.523543 0.212976 0.033362 
 0.355940 0.066038 0.121100 
 -0.099156 -0.475314 -0.108943 
 -0.275926 -0.043626 0.062034 
 0.324371 -0.228462 0.153063 
 0.040712 -0.695872 -0.041221 
 0.364618 0.177750 0.156368 
 0.161154 -0.441716 -0.113060 
 0.273173 -0.520540 0.090559 
 -0.336954 0.280105 0.093466 
 0.178718 -0.144575 -0.154031 
 0.230370 0.620583 0.050416 
 -0.048605 0.802166 -0.083422 
 -0.213094 0.001819 0.154531 
 0.215565 -0.534598 0.058866 
 0.200931 -0.860358 0.274429 
 0.258418 0.514146 0.034150 
 0.095392 -0.117196 -0.140270 
 -0.333648 0.128424 0.135009 
 0.151712 0.846411 0.127734 
 -0.415401 0.415908 -0.075551 
 -0.088460 0.625787 -0.152284 
 0.112238 -0.487860 -0.097558 
 0.151165 0.242158 -0.031441 
 -0.108422 -0.049348 0.224869 
 0.310094 0.418040 0.161407 
 0.236072 -0.228544 -0.124228 
 0.207976 0.327159 -0.069672 
 0.233193 -0.310615 -0.098990 
 -0.385937 -0.158265 -0.001039 
 -0.082105 -0.354602 -0.043014 
 -0.121822 0.055903 0.251262 
 0.313321 0.558700 0.138282 
 0.303870 0.334013 0.054820 
 0.173113 -0.784718 0.159655 
 0.331286 0.427617 0.172825 
 0.164822 -0.582150 -0.013975 
 0.318871 -0.177769 -0.020755 
 -0.147714 -0.862141 0.053772 
 0.108104 0.675372 -0.015215 
 -0.451822 0.226596 0.044033 
 0.238126 0.557946 0.067332 
 0.143840 -0.872548 0.141280 
 0.250688 0.858735 0.210969 
 -0.212871 -0.357345 -0.012363 
 0.070067 -0.508895 -0.120871 
 0.188838 -0.687926 0.069550 
 0.284677 0.572265 0.122995 
 0.237464 0.067353 -0.130938 
 0.321538 0.262253 0.090469 
 -0.313818 -0.375676 0.033402 
 -0.550112 0.293188 -0.022401 
 -0.352738 -0.585265 0.108256 
 0.191296 0.467107 -0.046684 
 -0.248004 0.498602 -0.097435 
 0.117125 0.559290 -0.084866 
 -0.034834 0.644663 -0.151348 
 0.180444 -0.672408 0.007329 
 0.188404 -0.167742 -0.149458 
 0.324363 -0.228461 0.153521 
 0.146311 0.545867 -0.068646 
 -0.094741 -0.516889 -0.110191 
 -0.325087 -0.082382 0.033934 
 0.365256 0.053549 0.183108 
 -0.128246 -0.014901 0.200382 
 -0.339149 0.239205 0.105711 
 0.209535 0.627103 0.053413 
 0.302806 0.310422 0.082366 
 0.017166 0.641738 -0.123417 
 0.082968 0.510309 -0.061507 
 0.302480 0.310422 0.082383 
 -0.515754 0.302959 -0.032296 
 0.139081 0.716454 0.045767 
 0.166745 -0.732734 0.027935 
 0.171048 -0.844213 0.158130 
 0.297906 -0.124853 0.068928 
 0.320827 -0.158762 0.225937 
 -0.445966 0.429725 -0.092227 
 -0.375912 -0.542961 0.053323 
 0.132011 0.166327 -0.144222 
 0.042220 0.647602 -0.081068 
 0.197492 -0.510479 -0.022549 
 0.180429 0.105365 -0.118244 
 0.249667 0.346430 -0.045049 
 -0.415400 0.279067 0.022824 
 0.219046 0.585925 0.043103 
 0.140406 0.560965 -0.000188 
 -0.172736 -0.685255 0.029798 
 0.065480 -0.794244 0.000568 
 -0.394879 0.016626 0.070246 
 0.104352 0.716140 -0.016309 
 -0.192455 0.538901 -0.081310 
 0.323144 0.097117 -0.012142 
 -0.238829 -0.436498 0.015208 
 0.244727 0.769520 0.105295 
 0.083496 0.762101 0.016587 
 0.212211 0.477773 -0.035046 
 -0.321849 -0.125685 0.035046 
 0.202853 -0.420762 -0.088811 
 -0.246427 -0.151731 0.046367 
 -0.137613 0.063194 0.240329 
 -0.257673 0.009773 0.072556 
 0.338842 0.178578 0.070849 
 0.166857 -0.424544 -0.108937 
 -0.203733 0.624997 -0.114039 
 -0.248494 -0.213400 0.043861 
 0.108448 0.501777 -0.076003 
 0.161848 0.152973 -0.127399 
 0.286074 -0.320125 0.058989 
 0.197510 -0.511892 -0.023553 
 -0.015922 0.733146 -0.111225 
 0.006005 -0.707923 -0.031357 
 -0.301969 -0.336422 0.040675 
 -0.404795 0.145272 0.066886 
 0.188436 0.023504 -0.116015 
 0.284459 -0.032297 -0.093881 
 0.363759 0.142207 0.125668 
 0.306917 -0.123171 -0.083666 
 0.207108 -0.074240 -0.151404 
 0.054636 -0.502174 -0.129767 
 0.081313 -0.474418 -0.114529 
 0.064731 -0.227124 -0.133407 
 0.217704 0.109136 -0.098561 
 -0.304023 -0.398722 0.038163 
 -0.283648 0.041453 0.060646 
 -0.517863 0.434915 -0.087970 
 0.030951 -0.739077 -0.017648 
 -0.182990 -0.534420 -0.086302 
 0.330552 -0.221285 0.100299 
 -0.352727 -0.076023 0.047710 
 -0.378934 -0.008221 0.064951 
 0.225393 0.412797 -0.029420 
 0.056085 0.290350 0.019552 
 -0.400881 0.163186 0.070507 
 0.244277 0.364940 -0.018702 
 -0.309682 -0.451356 0.007131 
 0.200775 0.443438 -0.042080 
 -0.279171 0.596596 -0.127228 
 0.132526 0.516083 -0.106409 
 0.327218 0.310437 0.168542 
 0.188435 0.021479 -0.116070 
 0.166457 0.235418 -0.025836 
 -0.387820 -0.580430 0.046013 
 -0.461953 0.264608 -0.032709 
 0.068146 0.526013 -0.142282 
 0.103740 -0.688534 -0.077943 
 -0.000499 -0.835608 0.006487 
 -0.194946 0.108866 0.207747 
 0.041251 0.647603 -0.080808 
 -0.373779 0.576615 -0.177143 
 0.305574 0.010036 -0.052518 
 -0.175831 -0.103180 0.086898 
 0.238264 0.311494 -0.053471 
 0.191796 -0.209693 -0.148384 
 -0.182012 -0.284379 0.078484 
 0.131575 0.426153 -0.008634 
 0.278263 0.519700 0.088343 
 0.335678 0.184448 0.039793 
 0.348670 0.131257 0.103095 
 -0.125682 0.098818 0.248688 
 0.315836 -0.135545 -0.021827 
 0.234369 0.597797 0.066238 
 0.236616 0.312088 -0.053502 
 -0.385439 -0.354194 0.051954 
 0.056902 0.807630 0.060803 
 0.036754 -0.721523 -0.014053 
 0.235767 -0.449496 -0.001588 
 -0.501301 0.188162 0.016155 
 0.234540 -0.187722 -0.125266 
 -0.315836 0.592531 -0.147298 
 0.290805 -0.110792 0.239278 
 0.109930 -0.840662 0.052476 
 -0.258149 0.008742 0.072547 
 -0.573315 0.173108 0.005753 
 0.192236 0.385774 -0.033160 
 -0.529680 0.195019 0.029678 
 -0.463618 -0.040559 0.060753 
 0.271854 -0.372163 -0.051233 
 -0.522682 0.351412 -0.063782 
 0.222631 0.125304 -0.095076 
 -0.182807 -0.806006 0.036877 
 -0.027794 0.820967 0.058084 
 -0.051340 -0.596726 -0.088039 
 0.173115 -0.782449 0.159655 
 -0.002864 -0.449744 -0.101477 
 0.111615 0.633219 -0.014126 
 0.266343 0.304203 -0.068131 
 -0.339527 0.375360 0.007792 
 0.252010 -0.359665 -0.090182 
 -0.061709 0.653468 -0.137250 
 0.075878 -0.350198 -0.128355 
 0.238139 0.555996 0.066524 
 0.248201 -0.317293 -0.091266 
 0.213209 -0.058711 -0.147911 
 0.231765 -0.541380 0.067056 
 -0.382230 -0.200805 -0.001029 
 0.138998 -0.710205 -0.030597 
 0.180365 -0.740988 0.135433 
 0.113044 0.215272 -0.023932 
 -0.179894 -0.258993 0.051390 
 0.064099 0.503849 -0.115672 
 -0.045561 0.843569 0.106806 
 0.185897 -0.439196 -0.070418 
 -0.301881 0.078878 0.122343 
 0.126036 -0.007843 -0.151538 
 0.103736 -0.687664 -0.077697 
 -0.334838 -0.058406 0.027828 
 0.057420 -0.179187 -0.163925 
 0.140564 -0.626136 -0.055446 
 0.136382 -0.518644 -0.084826 
 0.300891 -0.228096 -0.031296 
 0.131709 0.489990 -0.036990 
 0.302487 0.310422 0.082001 
 -0.124623 -0.569803 -0.098559 
 0.087746 0.793258 0.077300 
 0.289889 -0.145076 0.208002 
 0.252264 0.458523 -0.001030 
 0.047195 -0.856089 0.031291 
 -0.260312 -0.250631 0.036606 
 -0.317683 0.085460 0.114055 
 -0.400146 0.163186 0.070521 
 0.104311 0.716045 -0.014128 
 0.146273 -0.311775 -0.146736 
 0.112256 0.747416 0.032963 
 -0.023646 0.752765 -0.087296 
 0.324631 -0.200987 0.226807 
 0.198040 0.593642 0.043556 
 0.027804 -0.496356 -0.115193 
 0.054613 -0.502174 -0.129008 
 0.001177 -0.331606 -0.097008 
 -0.129975 0.659536 -0.131533 
 -0.189697 -0.199583 0.076242 
 -0.414933 0.103096 0.090487 
 -0.020569 -0.812975 0.024303 
 -0.322291 -0.125685 0.035037 
 -0.329516 -0.366632 0.025005 
 -0.268202 0.123298 0.141771 
 0.327392 -0.049300 0.031313 
 0.172936 -0.589476 0.004945 
 0.330727 0.550901 0.146528 
 0.102190 0.584424 -0.078156 
 0.000541 0.571844 -0.148729 
 -0.333201 0.256692 0.110026 
 -0.159686 -0.465107 -0.071995 
 0.203960 -0.569389 0.053170 
 0.071580 0.729559 -0.032700 
 0.252524 0.060702 -0.123584 
 0.201412 -0.092830 -0.153906 
 -0.513032 0.297128 -0.001898 
 0.068559 -0.251187 -0.115748 
 0.229491 -0.269686 -0.100368 
 -0.334103 0.469710 -0.088636 
 -0.553171 0.298579 -0.052777 
 0.245113 0.769520 0.104666 
 0.055940 -0.880084 0.035956 
 0.270920 0.446629 0.039849 
 0.270517 0.542465 0.083737 
 -0.451212 0.364596 -0.053344 
 0.061427 0.508842 -0.145809 
 0.305350 -0.151847 0.217419 
 0.355672 0.077790 0.178744 
 -0.184546 -0.703647 0.036494 
 -0.144525 -0.630174 -0.067574 
 0.012608 0.776006 -0.050542 
 -0.256491 -0.291561 0.038974 
 0.321409 0.249607 0.034074 
 0.163925 0.053344 -0.128729 
 -0.317372 0.032273 0.069580 
 -0.374565 -0.629211 0.066641 
 -0.547232 0.317556 -0.049132 
 -0.235759 -0.769150 0.037903 
 0.055862 0.291283 0.019547 
 -0.317051 -0.203685 0.007219 
 0.272817 -0.347774 -0.078573 
 0.295551 -0.156457 -0.090730 
 -0.148642 -0.272596 0.067574 
 0.257677 -0.341097 -0.084857 
 0.319679 0.393731 0.165699 
 0.322443 0.475552 0.140508 
 -0.155737 -0.906381 0.078542 
 0.100185 0.526991 -0.080590 
 0.269013 0.701623 0.087507 
 -0.351198 0.020583 0.077935 
 0.145726 -0.668500 -0.054328 
 0.125423 -0.287784 -0.128740 
 0.333382 0.359206 0.243581 
 0.147077 0.159650 -0.134016 
 0.311999 -0.070845 -0.050375 
 -0.128004 -0.798995 0.024026 
 0.197148 0.501832 -0.028276 
 -0.327734 -0.469715 0.023616 
 -0.093838 -0.216684 0.099281 
 0.322672 0.062395 -0.042005 
 0.329258 0.368928 0.170362 
 -0.398466 0.223040 0.073043 
 -0.168268 0.040518 0.193623 
 0.142213 0.581422 -0.027545 
 0.257747 -0.217064 -0.112663 
 -0.292820 0.601800 -0.135443 
 -0.517511 0.369111 -0.060160 
 -0.153084 -0.092348 0.098029 
 0.303718 0.297526 0.024878 
 0.178987 0.275068 -0.057505 
 0.087723 -0.192577 -0.148387 
 -0.302447 0.525589 -0.141518 
 0.207740 -0.610963 0.053464 
 -0.204435 -0.782995 0.054449 
 0.235798 -0.449496 -0.000270 
 0.220046 0.167193 -0.096136 
 -0.213120 -0.070424 0.095224 
 0.192216 0.576291 0.042670 
 0.010603 -0.656812 -0.084769 
 0.187320 -0.714412 0.097822 
 0.054593 -0.502173 -0.127504 
 0.313992 0.279815 -0.012970 
 -0.144494 -0.116236 0.102755 
 0.120330 0.798892 0.108773 
 -0.188809 0.126822 0.213786 
 0.061517 0.270667 -0.006614 
 -0.046132 0.610186 -0.158056 
 0.299758 0.405968 0.126439 
 0.148814 0.060663 -0.136566 
 0.320395 0.539523 0.112932 
 -0.391001 -0.025833 0.071376 
 -0.400545 0.163186 0.070274 
 0.066391 -0.309623 -0.119062 
 -0.253541 -0.231376 0.040250 
 0.332575 -0.348207 0.027072 
 0.213046 0.724115 0.085809 
 0.113869 0.691913 -0.011675 
 0.340260 0.148805 -0.000183 
 -0.212739 0.000562 0.154538 
 0.217794 -0.303938 -0.107428 
 0.330748 -0.008286 0.017546 
 -0.093333 -0.457918 -0.107192 
 0.234905 -0.409602 -0.100222 
 -0.227619 -0.725256 0.014930 
 -0.216999 0.007653 0.123732 
 -0.318609 0.397330 -0.052374 
 0.288464 0.530602 0.123008 
 -0.412758 -0.034357 0.059266 
 0.245181 -0.548162 0.075225 
 -0.078148 0.077764 0.273079 
 0.007353 0.702386 -0.098478 
 -0.364116 0.552311 -0.175664 
 0.291546 0.451481 0.094079 
 0.200474 0.285735 -0.045855 
 -0.258323 0.136870 0.175145 
 0.169347 -0.086074 -0.128985 
 -0.473587 0.216017 0.032231 
 -0.146138 -0.547172 -0.080930 
 -0.369599 0.088497 0.084911 
 0.193427 -0.878113 0.270297 
 -0.468706 -0.057374 0.057101 
 -0.028854 -0.762607 -0.007386 
 0.299129 0.320874 0.008818 
 -0.380169 -0.140465 0.002007 
 0.251412 0.246312 -0.047795 
 -0.148970 -0.237400 0.097736 
 0.129100 -0.329079 -0.125605 
 0.138812 0.679519 0.014963 
 0.183398 0.355484 -0.082364 
 -0.173420 0.552274 -0.100016 
 0.208575 -0.312962 -0.141661 
 -0.309628 -0.451357 0.004288 
 0.160470 0.182705 -0.056969 
 0.193458 -0.504227 -0.052787 
 -0.333054 -0.161285 0.026366 
 0.160156 0.870775 0.262631 
 0.221930 -0.221010 -0.132269 
 0.316961 0.045268 -0.044870 
 0.117112 -0.719103 -0.042327 
 0.246935 0.916816 0.267697 
 0.254169 -0.037895 -0.124855 
 -0.125640 0.098818 0.246440 
 0.312989 -0.071580 -0.050356 
 0.128922 -0.452986 -0.103781 
 0.194364 0.209992 -0.051772 
 -0.028962 -0.418248 -0.114310 
 -0.418032 0.170171 0.062032 
 0.093277 0.774275 0.051037 
 -0.182169 0.635638 -0.101175 
 0.060693 -0.343846 -0.136550 
 0.315953 -0.141191 0.254342 
 0.315904 0.435241 0.164598 
 0.333141 0.108438 0.021870 
 -0.197490 -0.114013 0.073999 
 0.293971 0.388718 0.122747 
 -0.272724 -0.284639 0.029340 
 0.205212 0.366513 -0.070737 
 0.023353 -0.688439 -0.049465 
 0.322242 0.249606 0.033898 
 -0.405581 -0.272004 -0.014458 
 -0.187939 0.618197 -0.106555 
 0.316223 0.214215 0.015599 
 -0.008217 0.709125 -0.106668 
 0.300458 -0.236176 0.011097 
 0.055551 -0.285663 -0.122821 
 -0.254428 0.003216 0.103858 
 -0.201970 0.133822 0.205366 
 0.049505 -0.220411 -0.139332 
 -0.246382 -0.153434 0.043915 
 0.271161 -0.372187 -0.051246 
 -0.331011 -0.101982 0.030297 
 0.155543 -0.839568 0.148870 
 0.147686 0.442386 -0.027803 
 0.045434 -0.319777 -0.129839 
 -0.259704 0.564777 -0.103190 
 0.203189 0.554537 0.005068 
 -0.197384 -0.114632 0.074001 
 -0.105433 0.048901 0.257280 
 0.290805 -0.110125 0.239278 
 -0.309784 -0.150426 0.039849 
 0.113704 -0.446273 -0.110128 
 -0.502033 0.429502 -0.079591 
 -0.327179 -0.143485 0.032522 
 -0.456031 0.280429 -0.029071 
 -0.104884 -0.492711 -0.115717 
 -0.304089 -0.433601 0.008700 
 -0.296632 0.542527 -0.137786 
 0.265403 -0.264790 -0.080767 
 -0.107268 -0.114252 0.123134 
 0.237092 -0.123257 -0.164493 
 0.155461 -0.658632 -0.019991 
 -0.293197 0.519080 -0.122190 
 0.362082 0.118781 0.153945 
 0.202673 0.556195 0.005058 
 -0.026250 -0.720031 -0.019868 
 -0.148559 -0.202024 0.128456 
 0.156221 -0.021198 -0.133971 
 0.286967 -0.328043 0.002369 
 -0.170879 -0.038252 0.176209 
 -0.230151 -0.160355 0.054755 
 -0.141123 -0.052201 0.193054 
 0.102565 -0.358028 -0.142773 
 0.288990 -0.178992 0.179035 
 -0.009619 -0.905153 0.057290 
 0.290103 0.363895 0.019171 
 0.273121 0.537765 0.114801 
 0.106066 0.615891 -0.016517 
 -0.077936 0.797118 -0.114380 
 -0.421946 0.290760 -0.039099 
 0.197844 0.000570 -0.111490 
 0.298161 0.093413 -0.054681 
 -0.311711 -0.313644 0.034012 
 0.230686 -0.269686 -0.100401 
 0.020312 -0.413782 -0.116856 
 -0.352562 -0.618282 0.080976 
 0.010680 -0.817242 -0.001192 
 0.293971 0.388572 0.122747 
 -0.198754 0.705841 -0.138492 
 0.051187 -0.302902 -0.127225 
 0.335721 0.533746 0.119988 
 0.261627 -0.119434 -0.123321 
 -0.181537 -0.013704 0.171409 
 0.063436 -0.584572 -0.126806 
 -0.323785 0.103426 0.139811 
 -0.415927 0.308515 -0.035469 
 -0.117029 -0.243958 0.072445 
 0.278961 -0.504045 0.094114 
 -0.509955 0.145878 0.039295 
 -0.364446 0.371294 -0.033171 
 -0.130324 0.659537 -0.131540 
 -0.307316 -0.028495 0.044844 
 0.264520 0.305019 -0.068165 
 -0.000996 0.792944 0.028501 
 0.227083 -0.491689 0.023561 
 0.204258 0.366869 -0.070755 
 -0.451750 0.226945 0.044035 
 -0.295905 -0.192853 0.018726 
 -0.367002 0.348750 -0.007839 
 -0.148559 -0.325052 0.022620 
 -0.491283 0.338085 -0.046989 
 0.058830 -0.285665 -0.122759 
 0.277733 -0.428950 0.023098 
 -0.436031 0.219961 0.052860 
 0.274095 0.733371 0.148664 
 0.314296 0.144256 -0.044202 
 -0.125662 0.099270 0.247666 
 0.278001 0.274830 -0.033463 
 0.077204 0.492925 -0.064371 
 -0.282167 -0.423720 0.020710 
 -0.461952 0.263211 -0.032838 
 -0.328426 -0.546635 0.093399 
 -0.348988 0.262214 0.100920 
 0.168837 -0.473547 -0.068274 
 0.336078 0.008931 0.021056 
 -0.023905 -0.459662 -0.113619 
 0.228411 -0.490960 0.023586 
 0.289358 0.081820 -0.089040 
 -0.288776 0.619287 -0.131949 
 0.255806 -0.572968 0.079898 
 -0.017611 -0.744334 -0.015211 
 -0.443091 0.452754 -0.119195 
 -0.115385 -0.244938 0.072477 
 -0.179131 0.101864 0.218585 
 -0.319419 -0.426679 0.001562 
 0.184006 -0.480267 -0.058305 
 0.272015 0.446628 0.039870 
 0.008371 -0.573328 -0.097222 
 0.007687 -0.886164 0.038372 
 -0.197722 0.011679 0.177822 
 0.023788 -0.613535 -0.120330 
 0.294900 -0.252368 0.007579 
 0.261742 0.470650 0.035233 
 -0.042216 0.550837 -0.171458 
 0.343296 -0.021213 0.067893 
 -0.127080 -0.349353 0.006049 
 0.163243 -0.581573 -0.014005 
 -0.426832 -0.316052 0.030798 
 0.348051 0.130219 0.103084 
 -0.376997 0.070587 0.081198 
 0.037516 0.689586 -0.082178 
 0.026458 0.654341 -0.089231 
 -0.034670 0.644663 -0.150408 
 0.269771 -0.379873 -0.008947 
 0.150537 -0.038324 -0.138317 
 -0.234101 0.638922 -0.130486 
 0.150530 -0.038324 -0.137931 
 0.011081 0.606599 -0.141712 
 0.317392 0.617669 0.141653 
 0.039812 -0.561683 -0.108984 
 -0.293633 0.005853 0.052152 
 -0.008402 -0.701124 -0.038748 
 0.035994 -0.296182 -0.135973 
 -0.138597 -0.099270 0.106934 
 0.161048 -0.549222 -0.071742 
 0.190681 -0.732783 0.170442 
 -0.241670 -0.786768 0.034425 
 0.247979 0.938564 0.240008 
 -0.274481 -0.508354 0.022952 
 0.272261 -0.288417 0.023357 
 0.007838 -0.886164 0.038375 
 0.128119 -0.072378 -0.122543 
 0.141127 -0.015393 -0.142725 
 -0.401238 -0.347219 0.044620 
 0.327231 0.311121 0.167901 
 -0.207109 0.036575 0.174030 
 0.188111 -0.784358 0.225486 
 -0.372962 0.010905 0.067615 
 0.223207 -0.685833 0.189518 
 -0.299916 -0.278043 0.044033 
 -0.307524 -0.029746 0.044840 
 -0.250638 0.540169 -0.098518 
 0.272390 -0.347773 -0.078613 
 0.330730 0.554366 0.146527 
 0.281120 -0.311227 0.027967 
 -0.253278 -0.171187 0.042722 
 0.264308 -0.462972 0.015999 
 0.184825 -0.749881 0.166846 
 -0.176921 -0.788296 0.040917 
 0.168766 -0.473546 -0.064509 
 0.062973 -0.128855 -0.130271 
 0.075045 -0.725339 -0.050718 
 0.135133 -0.154453 -0.120478 
 0.140058 0.808610 0.120581 
 0.138328 0.587969 -0.057966 
 -0.066266 -0.555680 -0.066740 
 -0.280122 0.087733 0.134451 
 -0.341989 -0.437511 -0.011691 
 0.106153 0.456994 -0.021455 
 0.289862 -0.173539 -0.093981 
 0.127420 -0.229459 -0.126316 
 0.288739 0.690203 0.127154 
 0.216247 -0.237391 -0.135759 
 -0.523603 0.416488 -0.091594 
 0.154428 0.709671 0.053706 
 0.305350 -0.151044 0.217419 
 0.279726 0.400005 0.070396 
 0.019559 0.637059 -0.092784 
 0.299053 0.369835 0.096504 
 0.071820 0.579272 -0.109226 
 -0.203341 0.624997 -0.113701 
 0.098837 0.752109 0.024793 
 -0.299612 -0.114806 0.047091 
 0.154919 0.305686 -0.070219 
 0.314704 -0.168963 -0.051693 
 0.129140 -0.327776 -0.127657 
 -0.254485 0.058419 0.147691 
 -0.468418 0.106142 0.061105 
 0.321700 -0.066539 0.025460 
 -0.013688 0.655180 -0.140897 
 0.285199 -0.138585 0.177930 
 -0.096652 -0.516887 -0.110227 
 -0.072645 -0.573121 -0.071702 
 0.279114 0.274829 -0.032657 
 0.179839 0.433314 -0.053719 
 0.303109 -0.204085 -0.058695 
 0.269110 -0.306677 -0.079686 
 -0.512589 0.297128 -0.002513 
 0.285715 0.381299 0.045592 
 0.067396 -0.768405 -0.029273 
 -0.075303 0.755030 -0.113308 
 0.273121 0.537987 0.114801 
 0.267910 0.489074 0.038772 
 0.285773 0.435733 0.090533 
 -0.262297 -0.110905 0.067949 
 -0.301284 -0.011946 0.048482 
 0.044323 0.761575 -0.034151 
 -0.086857 -0.667123 -0.079914 
 0.295636 -0.484531 0.074799 
 -0.256468 -0.291562 0.037782 
 -0.078468 0.797118 -0.114390 
 0.093039 -0.598013 -0.110558 
 0.186053 -0.844260 0.222989 
 0.039308 -0.873595 0.027674 
 0.156807 -0.632876 -0.047274 
 -0.103140 -0.399595 -0.083659 
 -0.128231 -0.016423 0.199495 
 0.350458 0.380200 0.181462 
 0.277063 0.049091 -0.096037 
 0.077564 0.596643 -0.106465 
 -0.072465 0.851877 0.121040 
 0.031612 -0.738964 -0.017635 
 0.053726 0.290352 0.019507 
 0.354218 0.167707 0.121660 
 0.187041 0.192777 -0.056814 
 -0.195168 0.073200 0.180359 
 -0.262118 -0.146510 0.039550 
 0.279175 0.714382 0.123024 
 -0.144064 -0.487669 -0.078461 
 -0.215742 -0.028847 0.094124 
 -0.240850 -0.495921 0.010709 
 -0.364411 0.371294 -0.035056 
 0.303582 -0.047930 -0.054936 
 -0.063918 0.808930 -0.091085 
 -0.231463 0.661165 -0.157361 
 -0.358541 -0.129605 0.013759 
 0.315946 0.144255 -0.044171 
 -0.157799 -0.581914 -0.086827 
 0.237875 0.536426 0.052368 
 -0.199359 -0.799100 0.028870 
 0.270995 -0.143144 -0.118687 
 0.180187 -0.365766 -0.129284 
 -0.170095 -0.899461 0.070192 
 0.311994 0.220403 -0.015433 
 -0.386357 0.241329 0.064867 
 -0.096115 0.023944 0.264193 
 -0.339615 -0.307102 0.048992 
 0.012603 -0.489617 -0.122826 
 0.035435 0.666937 -0.054994 
 0.319675 0.393799 0.165920 
 -0.370310 0.353584 -0.038375 
 0.241907 0.656032 0.057260 
 0.319878 -0.193753 0.195343 
 -0.353477 0.388323 -0.042185 
 -0.124709 0.621834 -0.171579 
 0.147806 0.441948 -0.027801 
 0.077049 -0.683180 -0.064483 
 -0.331888 -0.161285 0.027806 
 -0.257916 0.100332 0.146569 
 0.208016 -0.816234 0.248196 
 0.354501 0.497269 0.187078 
 0.121427 -0.404881 -0.133589 
 -0.147963 -0.325052 0.023715 
 -0.388906 0.034762 0.073288 
 0.085002 0.513011 -0.103535 
 -0.298693 -0.054485 0.049582 
 0.168186 0.257858 -0.049665 
 0.062366 0.603356 -0.113900 
 -0.069083 0.541232 -0.171902 
 0.063754 -0.650843 -0.098625 
 -0.023663 0.752765 -0.086407 
 0.219391 0.359819 -0.061970 
 -0.032195 0.795399 -0.075076 
 -0.404459 0.205994 0.071088 
 0.148720 0.813153 0.283037 
 -0.084279 -0.609463 -0.077441 
 0.110571 0.483712 -0.090791 
 0.355648 0.520956 0.158204 
 0.344905 0.159832 0.044398 
 -0.410371 0.188082 0.064829 
 -0.013957 0.691841 -0.110792 
 -0.110619 -0.875029 0.059256 
 0.243743 0.171802 -0.055928 
 0.321425 0.196958 -0.010802 
 -0.002635 0.762373 -0.073530 
 0.287059 0.215667 -0.058959 
 0.307852 0.639031 0.136126 
 -0.567377 0.191065 0.009078 
 -0.148426 -0.359799 -0.007495 
 0.055233 -0.203195 -0.135726 
 0.041177 0.684329 -0.051454 
 -0.014141 0.728681 -0.082009 
 -0.392788 -0.304075 0.020999 
 0.077026 -0.683185 -0.063310 
 -0.355103 0.063086 0.078579 
 0.147382 0.600433 -0.024025 
 0.163243 -0.581890 -0.014005 
 -0.449009 0.435112 -0.120341 
 -0.402626 0.507512 -0.182463 
 0.079604 -0.391741 -0.127269 
 0.157692 0.826318 0.317915 
 0.211546 0.687162 0.056289 
 0.209479 -0.313953 -0.141644 
 0.150258 -0.193475 -0.141901 
 0.230802 -0.106131 -0.138809 
 0.266234 -0.462973 0.016036 
 0.165094 -0.359089 -0.138055 
 0.147561 -0.484063 -0.077788 
 0.311994 0.221426 -0.015395 
 0.261418 -0.382509 -0.085602 
 0.055714 -0.079941 -0.163331 
 0.333798 0.002603 0.063548 
 0.012662 0.756582 -0.066004 
 0.197489 -0.511892 -0.022431 
 -0.429491 0.422803 -0.083866 
 -0.226911 -0.106984 0.087914 
 0.280266 -0.502758 0.094139 
 0.319173 0.517125 0.138170 
 0.322915 0.474809 0.140517 
 -0.426876 0.069280 0.082782 
 -0.337677 0.111004 0.131377 
 0.178396 -0.759976 0.220756 
 -0.227040 -0.399758 0.022444 
 0.049163 -0.362806 -0.128750 
 0.079550 0.746018 -0.029118 
 -0.085601 0.779791 -0.117957 
 0.102317 0.657304 -0.017745 
 -0.205446 -0.406489 0.019652 
 -0.374282 -0.629211 0.066780 
 0.041702 -0.279484 -0.130927 
 0.140133 0.560965 -0.000225 
 -0.014116 -0.325037 -0.104758 
 0.075520 0.629449 -0.034010 
 0.262970 0.525115 0.079528 
 0.254004 -0.299925 -0.087765 
 0.357849 0.107174 0.107724 
 0.248763 -0.317293 -0.091255 
 -0.181901 -0.336292 0.034105 
 -0.154247 -0.092780 0.098007 
 -0.361604 -0.250285 0.009622 
 -0.192436 0.536594 -0.082395 
 0.006693 -0.348415 -0.122576 
 0.098461 -0.859058 0.060460 
 0.227581 -0.727123 0.190640 
 0.203793 0.610992 0.048166 
 0.279050 0.105509 -0.093626 
 0.132714 0.166327 -0.143537 
 -0.170193 -0.247033 0.085739 
 -0.329787 -0.040605 0.032794 
 -0.395275 -0.330217 0.047676 
 0.218785 0.131800 -0.125857 
 0.284875 0.381300 0.046012 
 0.188458 0.617120 0.041683 
 0.020314 -0.411352 -0.116856 
 0.289213 0.375718 0.076632 
 0.273246 0.072625 -0.111989 
 0.310115 -0.186959 -0.055171 
 0.303597 0.333255 0.054815 
 0.193599 -0.273457 -0.121016 
 -0.295920 0.096313 0.126002 
 0.362245 0.415081 0.189283 
 0.138341 -0.476278 -0.097214 
 0.031763 0.671609 -0.085709 
 -0.403316 0.507513 -0.181943 
 -0.317107 0.591134 -0.147322 
 -0.213094 0.000879 0.154531 
 -0.035189 0.718109 -0.093877 
 -0.481506 0.313125 -0.042229 
 0.319151 0.519152 0.139419 
 -0.006838 0.667821 -0.105591 
 -0.012354 -0.425006 -0.107508 
 -0.292038 0.454446 -0.093826 
 0.150256 -0.196346 -0.141901 
 0.059682 -0.811685 -0.003346 
 0.316975 -0.042717 0.010467 
 0.155680 -0.334030 -0.142157 
 0.104244 -0.422345 -0.114516 
 0.317669 -0.042394 0.010481 
 0.172917 -0.283906 -0.131656 
 0.105661 0.615891 -0.017670 
 0.200938 -0.863246 0.273954 
 -0.072048 0.582429 -0.173550 
 -0.348716 0.544979 -0.166263 
 -0.108959 -0.418115 -0.086509 
 -0.454488 0.166226 0.041494 
 0.168797 -0.472959 -0.066128 
 0.349042 -0.004009 0.071701 
 -0.251697 0.481093 -0.100971 
 -0.024065 0.816585 0.089510 
 -0.226925 -0.201981 0.055863 
 -0.442989 0.250335 0.005718 
 -0.185128 0.084587 0.214916 
 -0.334862 -0.056495 0.029173 
 0.119151 0.709289 -0.008143 
 -0.395647 0.455100 -0.120792 
 -0.021898 -0.400894 -0.110745 
 0.051169 -0.303381 -0.126317 
 -0.103004 0.687473 -0.116256 
 0.243172 0.518634 0.025997 
 -0.085296 0.739525 -0.105614 
 0.190192 0.834819 0.308498 
 0.148820 0.062577 -0.136809 
 0.157705 -0.277229 -0.141545 
 -0.034687 -0.318314 -0.101715 
 -0.216999 0.007002 0.123732 
 0.146271 0.596586 0.019923 
 -0.115243 -0.191057 0.117127 
 -0.189699 0.719000 -0.104453 
 0.061771 0.603357 -0.113841 
 0.111935 0.633219 -0.014120 
 0.266053 0.487936 0.038737 
 0.237462 0.465245 -0.007393 
 0.124805 0.477001 -0.081487 
 0.308461 0.110457 0.353736 
 -0.424657 0.468821 -0.137275 
 0.301842 0.341478 0.155001 
 0.311985 0.286339 0.087643 
 0.144951 -0.692877 -0.027053 
 0.296333 -0.450570 0.104540 
 0.100355 -0.100025 -0.137683 
 0.069767 0.521066 -0.111657 
 -0.032750 0.526597 -0.167419 
 0.148324 0.655404 0.020538 
 0.166981 -0.776092 0.128579 
 0.194773 -0.372444 -0.121428 
 -0.165034 -0.056374 0.150130 
 -0.315074 0.410614 -0.007142 
 0.290205 0.429782 0.121650 
 -0.353003 -0.076326 0.047705 
 -0.182724 -0.806006 0.037243 
 0.137411 0.511432 -0.075632 
 -0.358318 0.570482 -0.170939 
 0.334842 0.008932 0.021758 
 0.290488 0.590053 0.125463 
 -0.000391 -0.265805 -0.125459 
 -0.370745 0.253297 0.088811 
 -0.220100 -0.776073 0.046428 
 -0.354946 0.247003 0.097261 
 -0.234611 -0.116830 0.053622 
 0.266428 0.466511 0.066270 
 -0.372026 0.300957 0.045985 
 -0.024630 0.602485 -0.161464 
 0.104242 -0.422345 -0.114446 
 0.117167 -0.627837 -0.097826 
 -0.516567 0.434914 -0.087946 
 -0.185816 -0.241310 0.077364 
 -0.403311 0.507513 -0.182199 
 -0.197316 -0.007129 0.162970 
 -0.272414 -0.446323 0.025459 
 -0.313267 -0.047545 0.042602 
 -0.339507 0.376522 0.007792 
 0.230668 0.236707 -0.059402 
 -0.216790 0.097911 0.197207 
 0.163934 0.053986 -0.129204 
 -0.370304 0.353584 -0.038680 
 -0.186310 -0.042725 0.110881 
 0.246753 -0.473519 0.004380 
 -0.126951 0.098819 0.247642 
 -0.444338 0.250336 0.006123 
 -0.082484 0.679635 -0.119284 
 -0.083974 0.873528 0.158493 
 0.193428 0.268356 -0.049398 
 0.308439 0.108438 0.354819 
 0.248304 -0.317383 -0.091264 
 0.008455 -0.775455 -0.002266 
 0.157000 -0.811199 0.121095 
 -0.517730 0.230800 0.037027 
 0.299315 0.321984 0.008821 
 -0.339630 -0.307102 0.049764 
 0.024892 -0.396460 -0.113347 
 -0.394097 -0.236669 -0.007192 
 0.201214 -0.445403 -0.062294 
 0.273461 0.537472 0.114807 
 0.158927 -0.318157 -0.138704 
 0.202462 -0.017769 -0.137679 
 -0.032775 0.526909 -0.166049 
 0.127137 0.625497 -0.005947 
 0.226370 -0.634740 0.134484 
 -0.094205 0.608356 -0.156163 
 -0.179668 0.657797 -0.127952 
 0.265834 -0.355530 -0.025329 
 0.080672 -0.657774 -0.090440 
 -0.287848 0.053328 0.115956 
 -0.407727 -0.168624 -0.013076 
 0.295994 0.447192 0.125204 
 0.151410 -0.854952 0.145307 
 0.237101 -0.123805 -0.164969 
 0.252012 -0.357390 -0.090183 
 0.047130 0.794592 0.026354 
 -0.058736 -0.446536 -0.118324 
 -0.127059 -0.349062 0.004926 
 0.157458 0.576859 -0.019392 
 0.276662 -0.126086 -0.114614 
 -0.349729 0.412681 -0.069019 
 -0.254400 0.003216 0.102383 
 0.261996 0.053661 -0.104095 
 -0.417957 0.255279 0.050284 
 0.252037 0.441570 -0.014199 
 -0.240862 0.516109 -0.093833 
 0.216945 0.758403 0.146860 
 0.206834 -0.842604 0.278349 
 0.247672 -0.317292 -0.091276 
 -0.336706 -0.625267 0.086389 
 -0.179946 0.657797 -0.129193 
 -0.157410 -0.615683 -0.117868 
 0.096504 -0.481732 -0.105700 
 0.282501 -0.214534 -0.070269 
 -0.258337 0.136871 0.175899 
 -0.343885 0.562980 -0.162709 
 -0.365168 -0.275762 0.036501 
 0.302814 0.328092 0.097365 
 0.311181 0.600273 0.137215 
 0.217079 -0.509486 0.032450 
 0.017010 -0.248261 -0.142669 
 -0.397986 -0.193864 -0.006424 
 0.193578 -0.273456 -0.119906 
 0.319150 -0.019407 -0.016991 
 0.135706 0.126604 -0.142470 
 0.132155 -0.535781 -0.088319 
 0.307976 0.110458 0.354810 
 0.178039 -0.572124 0.009048 
 -0.395274 -0.329517 0.047676 
 -0.076446 -0.531439 -0.071422 
 0.330518 -0.183160 0.227966 
 -0.315311 -0.107602 0.038694 
 -0.112044 -0.712409 -0.022651 
 -0.556100 0.275299 -0.024187 
 0.087879 0.722802 -0.024506 
 -0.361579 -0.481620 0.032901 
 0.055242 -0.203766 -0.136219 
 0.243455 0.136712 -0.084405 
 -0.085342 -0.906509 0.074363 
 -0.189982 0.558129 -0.108266 
 0.281536 -0.345283 -0.001896 
 0.077094 -0.168710 -0.151722 
 0.301540 0.051946 -0.053606 
 0.263659 0.493002 0.010137 
 0.279190 0.713315 0.122169 
 0.267848 0.019489 -0.145178 
 0.085011 0.514354 -0.103994 
 -0.281878 -0.258778 0.024603 
 -0.369539 0.324531 0.019062 
 -0.078091 -0.498587 -0.128997 
 0.070158 -0.367775 -0.132404 
 -0.160099 -0.075438 0.124051 
 -0.216124 0.653966 -0.148906 
 -0.007619 -0.768664 -0.010527 
 -0.302448 0.524956 -0.141518 
 0.176001 -0.819283 0.218253 
 -0.174630 0.552275 -0.098368 
 -0.513859 0.392483 -0.086408 
 0.148180 0.637035 0.006156 
 0.273135 -0.313954 -0.047617 
 0.251845 0.440517 -0.014203 
 -0.037669 0.807250 0.023681 
 -0.137658 -0.314710 0.058045 
 -0.348780 0.364389 -0.027269 
 -0.236251 -0.178111 0.051124 
 -0.485361 0.354034 -0.043352 
 0.259703 -0.283884 -0.084265 
 0.165073 0.778415 0.135825 
 -0.351900 -0.583547 0.108271 
 -0.329500 -0.367043 0.024164 
 0.106299 -0.397765 -0.142576 
 0.227764 -0.600349 0.064562 
 -0.441467 0.340115 -0.048186 
 0.072544 -0.185882 -0.154719 
 -0.422953 0.024267 0.081913 
 -0.171615 -0.020564 0.191070 
 -0.354533 0.529074 -0.169836 
 -0.336825 0.580465 -0.159114 
 -0.170204 0.076907 0.223369 
 0.327263 0.310437 0.166160 
 0.170753 -0.539720 -0.038248 
 -0.059970 -0.843007 0.030100 
 -0.025663 0.832301 0.146070 
 -0.468406 0.106142 0.060492 
 0.157850 0.630533 0.025313 
 -0.432778 -0.333270 0.026814 
 0.039644 -0.899851 0.054952 
 0.184702 0.658869 0.040588 
 0.015552 -0.732163 -0.024989 
 0.099495 0.828799 0.084447 
 0.026497 -0.272799 -0.139059 
 0.041423 -0.436295 -0.134707 
 -0.375888 0.070586 0.081245 
 -0.051340 -0.596441 -0.088039 
 -0.334895 -0.564546 0.089729 
 0.281754 -0.311124 0.027979 
 -0.152723 0.686731 -0.113874 
 0.297713 0.346998 0.125087 
 0.170471 0.475226 -0.043451 
 0.144867 0.733229 0.049412 
 0.222821 0.562173 0.059149 
 0.129454 -0.204209 -0.153479 
 -0.011405 -0.727578 -0.011631 
 0.284717 0.122645 -0.089264 
 0.214940 0.050344 -0.100993 
 0.040497 -0.873596 0.027728 
 0.151153 -0.828403 0.117853 
 -0.407146 -0.133488 0.016307 
 -0.198387 -0.799102 0.026403 
 0.247689 -0.523015 0.048739 
 -0.383474 0.402115 -0.058850 
 -0.342859 -0.137144 0.023025 
 0.088508 0.406222 -0.032082 
 0.354218 0.166692 0.121660 
 0.238023 -0.351546 -0.098240 
 0.127698 -0.071937 -0.122551 
 0.169630 0.071112 -0.125527 
 0.206864 -0.215135 -0.140327 
 -0.262376 -0.310585 0.034100 
 -0.169879 -0.085426 0.088191 
 0.309003 -0.188365 -0.055192 
 -0.197423 -0.078326 0.103706 
 0.144840 -0.055451 -0.141907 
 -0.105863 0.769218 -0.130061 
 0.189576 -0.389570 -0.123766 
 -0.147739 -0.861712 0.055068 
 0.284735 0.124757 -0.090136 
 0.071696 -0.844511 0.031789 
 -0.326275 0.346170 0.042160 
 -0.124292 -0.570161 -0.098553 
 -0.358278 0.160921 0.121756 
 -0.345136 0.220867 0.103471 
 0.297737 0.347910 0.123845 
 -0.119392 0.694238 -0.124462 
 0.296459 0.191863 -0.053991 
 -0.297538 -0.251407 0.016227 
 0.091677 -0.456777 -0.121599 
 0.200996 -0.355318 -0.117942 
 0.084225 0.878946 0.279551 
 -0.262663 -0.471880 0.030207 
 -0.346331 -0.600371 0.082420 
 0.083344 -0.432849 -0.126912 
 0.098838 0.753472 0.024793 
 0.232063 0.102459 -0.091774 
 0.262499 -0.421667 0.014376 
 0.270511 -0.469589 0.047015 
 -0.189975 0.559075 -0.108607 
 0.322260 0.249606 0.032912 
 -0.211287 -0.209709 0.065398 
 0.263601 -0.061202 -0.120292 
 -0.446887 -0.047561 0.068914 
 -0.275708 0.571604 -0.110773 
 -0.231436 0.660748 -0.158779 
 -0.020164 -0.503049 -0.112098 
 0.246918 -0.523015 0.047780 
 0.186054 -0.843491 0.222989 
 0.176912 0.583056 0.034451 
 0.170472 0.475903 -0.043451 
 0.096566 0.639975 -0.022079 
 0.289881 -0.145076 0.208410 
 0.271179 0.410604 0.009290 
 0.006911 -0.632071 -0.100632 
 0.096569 0.639106 -0.022296 
 0.050064 0.778925 -0.030607 
 -0.134472 -0.070288 0.168594 
 -0.021908 -0.400920 -0.110187 
 0.103608 0.257210 -0.013995 
 0.284372 0.412751 0.120463 
 -0.480783 0.448868 -0.139218 
 0.103935 0.466496 -0.095460 
 0.237202 -0.089073 -0.135444 
 0.010077 -0.658779 -0.084778 
 0.195495 -0.249127 -0.147307 
 -0.014128 0.691841 -0.110171 
 -0.333164 0.256691 0.108095 
 0.332752 0.611084 0.148984 
 -0.363504 0.106410 0.088574 
 -0.553160 0.299038 -0.053355 
 -0.122391 -0.892533 0.068158 
 -0.304041 -0.398166 0.038162 
 -0.371313 0.125007 0.115137 
 0.078323 -0.657772 -0.090485 
 -0.127002 0.676889 -0.128041 
 0.166274 0.112042 -0.126305 
 0.109624 -0.746254 -0.003782 
 0.023367 -0.689087 -0.050230 
 -0.319453 -0.229279 0.033669 
 -0.124964 -0.166380 0.110743 
 0.249127 0.153838 -0.079501 
 0.152676 -0.802679 0.089876 
 -0.067801 0.672839 -0.111120 
 0.232104 -0.441994 -0.031157 
 -0.183774 -0.181122 0.079128 
 -0.303701 -0.433602 0.006944 
 0.291738 0.040999 -0.087986 
 -0.213766 -0.322500 0.017406 
 0.206265 -0.636397 0.079368 
 0.192741 0.209569 -0.051803 
 0.289866 -0.171608 -0.094136 
 0.031766 -0.849262 0.023032 
 -0.426878 0.067213 0.082783 
 0.320447 0.138327 -0.013207 
 -0.187632 -0.139124 0.078749 
 -0.416910 0.374299 -0.063391 
 0.180168 -0.456016 -0.073936 
 -0.376686 0.234834 0.084046 
 0.288279 -0.091967 -0.107678 
 0.155674 -0.335285 -0.141900 
 0.011574 -0.817243 -0.000423 
 -0.443095 0.454040 -0.118956 
 0.134374 -0.576978 -0.087113 
 -0.315599 -0.270917 0.034792 
 0.141011 -0.840003 0.083300 
 0.288745 0.690371 0.126821 
 0.145184 0.171554 -0.078598 
 -0.358559 -0.129605 0.014710 
 0.170104 0.298335 -0.062098 
 0.259388 0.358227 -0.012027 
 -0.182011 -0.283354 0.078484 
 0.315693 -0.339413 0.119248 
 0.199236 -0.191485 -0.144862 
 -0.234109 -0.178112 0.051164 
 0.262956 0.665374 0.068976 
 -0.411675 0.392010 -0.059785 
 -0.153444 0.069905 0.231445 
 0.295128 0.325033 -0.022154 
 -0.382828 -0.200804 0.000070 
 0.217954 -0.703432 0.183874 
 0.170104 0.298515 -0.062098 
 0.221996 -0.434903 -0.050658 
 -0.152221 0.685806 -0.113864 
 0.167113 -0.606826 0.003993 
 -0.182829 0.699370 -0.130275 
 0.295314 -0.245268 -0.034802 
 0.293546 0.098903 -0.085579 
 0.075122 -0.491656 -0.117362 
 -0.488651 0.156059 0.051425 
 0.305350 -0.151492 0.217419 
 -0.320308 -0.520336 0.054959 
 0.323128 0.097290 -0.011271 
 0.148881 0.025951 -0.167381 
 0.090780 -0.825285 0.012805 
 0.114213 0.747414 0.031301 
 -0.020838 -0.812974 0.024298 
 -0.218744 0.631797 -0.120904 
 0.239310 -0.327273 -0.125533 
 -0.350927 -0.015531 0.050192 
 -0.334184 -0.161284 0.027763 
 -0.432760 0.381203 -0.073430 
 -0.230890 -0.124644 0.084315 
 -0.276251 -0.405014 0.023979 
 -0.089300 0.894945 0.184696 
 0.301817 0.565480 0.130149 
 -0.125716 -0.773506 -0.003038 
 -0.474703 -0.076474 0.054485 
 0.213935 0.378843 -0.036389 
 -0.399668 0.272110 0.031674 
 0.066177 0.616842 -0.068308 
 0.331062 0.238168 0.094729 
 -0.358317 0.569797 -0.171007 
 0.281036 0.162663 -0.091214 
 0.345599 0.421881 0.181032 
 -0.380035 0.378199 -0.043198 
 0.082703 0.610102 -0.060131 
 0.023790 -0.613535 -0.120415 
 0.320395 0.539523 0.112912 
 -0.024237 -0.694324 -0.046983 
 0.263246 0.054317 -0.104071 
 0.262549 0.665813 0.068968 
 0.294455 0.133806 -0.055841 
 -0.121222 -0.329729 0.009644 
 0.095410 -0.481138 -0.105721 
 -0.187481 -0.031277 0.167318 
 -0.217174 -0.228047 0.060613 
 0.123785 -0.677987 -0.066030 
 0.317416 0.617669 0.140363 
 -0.372235 0.466135 -0.108858 
 0.307852 0.641848 0.136278 
 0.153437 0.458380 -0.024272 
 0.159385 -0.378301 -0.141075 
 0.061427 -0.343847 -0.136463 
 -0.367534 -0.500739 0.030069 
 -0.122910 -0.106193 0.113867 
 0.022189 0.732497 -0.061904 
 -0.362356 -0.591787 0.073966 
 -0.329517 -0.368389 0.025005 
 0.359991 0.183113 0.125205 
 -0.123965 -0.059177 0.201519 
 0.025055 -0.867150 0.019438 
 -0.414469 -0.186924 -0.016728 
 0.088158 -0.556814 -0.111667 
 0.309279 -0.029915 -0.051290 
 -0.384879 0.156202 0.078960 
 -0.295476 0.005854 0.052393 
 0.322239 0.250696 0.034090 
 -0.154450 -0.342340 0.020098 
 -0.505837 0.163061 0.042928 
 -0.199447 -0.172784 0.071494 
 0.335135 0.167819 0.024808 
 -0.198754 0.705557 -0.138492 
 0.326567 -0.101202 -0.013951 
 -0.523585 0.417160 -0.092502 
 -0.322947 -0.349244 0.028655 
 0.197492 -0.511892 -0.022575 
 0.167080 -0.301033 -0.135286 
 0.086985 0.590894 -0.086297 
 0.165117 0.779507 0.133522 
 -0.248372 -0.014997 0.077307 
 0.098295 0.275655 0.013357 
 0.015569 -0.731636 -0.025875 
 -0.085166 -0.811687 0.017599 
 0.345532 0.195862 0.077006 
 -0.344286 -0.360104 0.016626 
 -0.014755 -0.626839 -0.097604 
 -0.312666 -0.047546 0.041218 
 0.039018 -0.619401 -0.111401 
 0.189129 -0.869364 0.239107 
 -0.411040 0.060107 0.091253 
 -0.419551 -0.204724 -0.021558 
 0.302187 -0.228097 -0.031271 
 0.258993 0.725685 0.082858 
 0.299523 -0.040648 -0.085805 
 -0.183788 -0.179939 0.079870 
 -0.573308 0.173108 0.005415 
 -0.452404 0.364793 -0.053367 
 0.134477 -0.778138 0.011386 
 -0.020166 -0.501075 -0.111873 
 0.127416 -0.594216 -0.090805 
 -0.454949 0.364795 -0.053415 
 -0.085883 -0.136578 0.105399 
 0.044769 -0.603316 -0.107869 
 -0.384109 -0.604316 0.061429 
 0.168002 -0.301033 -0.135141 
 0.265430 0.392732 0.006430 
 0.248314 -0.317293 -0.091744 
 -0.054241 0.766278 -0.102222 
 -0.544933 0.340452 -0.075828 
 0.242581 -0.334419 -0.093460 
 -0.384131 -0.604316 0.062628 
 -0.260596 -0.411937 0.032586 
 -0.295918 0.096388 0.125877 
 0.164979 -0.449194 -0.081797 
 -0.512601 0.297228 -0.001890 
 0.056333 -0.837694 0.023542 
 -0.182813 -0.805773 0.037241 
 -0.128382 -0.528480 -0.100505 
 0.225850 0.085333 -0.094004 
 -0.356660 0.160919 0.121787 
 -0.250625 0.540444 -0.099170 
 -0.012380 -0.423777 -0.106111 
 0.111412 -0.645932 -0.100432 
 0.168675 -0.777599 0.128612 
 -0.184515 -0.042727 0.110915 
 -0.406800 -0.018715 0.062927 
 -0.067444 0.636184 -0.141620 
 -0.360134 -0.550510 0.061762 
 -0.121383 0.055902 0.248807 
 0.288711 0.375921 0.076623 
 -0.360736 -0.550076 0.061750 
 -0.240600 -0.331956 0.016589 
 0.126979 -0.652654 -0.093209 
 -0.410064 0.526749 -0.155843 
 -0.226905 -0.202788 0.054759 
 0.309203 -0.389744 0.084338 
 0.047109 0.629694 -0.107162 
 0.328002 -0.014474 0.062357 
 -0.354865 0.528008 -0.169842 
 0.274855 -0.453216 0.050529 
 -0.331215 0.492529 -0.115458 
 -0.014754 -0.624972 -0.097605 
 0.140119 -0.559739 -0.084027 
 0.165916 0.110727 -0.126311 
 -0.191291 0.028877 0.181490 
 0.155679 -0.335511 -0.142157 
 0.223903 -0.660065 0.161973 
 -0.319164 -0.065331 0.037570 
 -0.372611 0.009669 0.067622 
 -0.365291 0.418100 -0.077342 
 -0.426229 0.195066 0.059577 
 -0.319464 -0.228564 0.034310 
 0.023774 -0.613405 -0.119554 
 0.117710 -0.363974 -0.134672 
 -0.057820 0.881065 0.201491 
 -0.316988 -0.168225 0.036189 
 -0.164566 0.094864 0.227032 
 -0.115519 0.073860 0.252473 
 0.282672 0.513295 0.119653 
 0.180233 -0.563742 -0.032999 
 -0.321388 0.395267 -0.010769 
 -0.235195 0.533458 -0.090259 
 0.291131 0.139725 -0.086632 
 0.331128 0.049749 0.019946 
 -0.254397 0.003215 0.102247 
 -0.388782 0.034762 0.073908 
 -0.538381 0.358451 -0.072179 
 0.296159 0.034820 -0.056561 
 -0.244648 0.031289 0.152482 
 0.015307 -0.238208 -0.087046 
 -0.112279 -0.712409 -0.022917 
 0.001350 -0.331606 -0.096580 
 0.205536 0.076627 -0.105574 
 -0.229121 -0.460500 0.021004 
 0.062387 0.603356 -0.114998 
 0.073803 0.729557 -0.033598 
 0.287860 0.572262 0.121969 
 -0.198170 0.668583 -0.167841 
 0.082508 0.246693 -0.024575 
 0.039764 0.297151 0.011306 
 0.094894 0.854205 0.284362 
 0.270494 -0.143144 -0.118147 
 0.274506 0.559899 0.087248 
 0.072075 0.579427 -0.109221 
 0.055272 -0.203195 -0.137810 
 0.141960 -0.626137 -0.054077 
 -0.094844 -0.786640 0.013562 
 -0.160283 -0.074405 0.124047 
 -0.085450 -0.906509 0.073650 
 0.235215 -0.147558 -0.137718 
 -0.244645 0.032630 0.152365 
 0.315251 0.144256 -0.043809 
 -0.463842 0.263213 -0.032744 
 0.301866 -0.105099 -0.057349 
 0.006883 0.740012 -0.068896 
 -0.328679 -0.547956 0.093394 
 0.296277 0.608155 0.129017 
 0.173331 0.029996 -0.124150 
 0.141380 -0.559740 -0.083713 
 -0.475575 0.330491 -0.039021 
 0.264490 -0.265913 -0.080784 
 -0.014397 -0.484838 -0.108557 
 -0.109363 -0.576961 -0.090335 
 -0.070925 -0.674548 -0.071676 
 0.329258 0.369008 0.170362 
 0.356702 0.237714 0.181907 
 -0.114010 -0.594403 -0.093876 
 -0.085884 -0.138128 0.105400 
 -0.488147 0.156059 0.051695 
 0.283760 -0.279610 -0.041820 
 -0.050456 -0.470651 -0.113708 
 -0.248479 0.021060 0.106945 
 -0.208805 0.607555 -0.117588 
 -0.268192 0.125229 0.141350 
 -0.382661 0.216922 0.081128 
 -0.034696 -0.780114 -0.010160 
 -0.230890 -0.124869 0.084315 
 0.114028 -0.322385 -0.137558 
 0.159386 -0.376146 -0.141076 
 -0.329757 0.351844 0.011656 
 -0.326275 0.067550 0.110184 
 0.055668 -0.079941 -0.160892 
 0.197150 0.505025 -0.028276 
 -0.390227 0.034763 0.073881 
 0.155679 -0.335180 -0.142157 
 -0.268206 0.161950 0.171428 
 0.180934 -0.613590 0.010127 
 0.216651 -0.427456 -0.081504 
 -0.398321 0.361780 -0.024693 
 -0.295630 0.132916 0.155627 
 0.333427 0.038590 -0.037416 
 -0.286271 -0.345094 0.049072 
 0.070670 -0.367776 -0.131863 
 -0.502775 0.272480 0.002894 
 0.200996 -0.354675 -0.117919 
 0.155711 -0.837353 0.148872 
 0.014564 -0.431028 -0.120577 
 0.240613 -0.393071 -0.097181 
 0.121370 0.608550 -0.009487 
 0.165908 0.112043 -0.125842 
 0.197483 -0.191483 -0.144937 
 0.281410 -0.096103 0.176824 
 0.119778 0.727751 0.004365 
 0.304079 0.328367 0.097388 
 0.225050 -0.660066 0.161790 
 0.244698 0.769521 0.106826 
 -0.113007 -0.535280 -0.091888 
 0.117714 0.668677 0.004303 
 0.125426 -0.288042 -0.128910 
 -0.301875 0.078476 0.122004 
 0.293284 0.353028 0.092724 
 -0.191496 -0.060063 0.107257 
 0.065843 0.616842 -0.068314 
 0.017214 -0.248262 -0.143665 
 -0.454218 0.001978 0.038755 
 0.282298 0.636469 0.093243 
 0.257192 0.648483 0.065379 
 0.331288 0.429700 0.172825 
 0.274105 0.734050 0.148194 
 0.233200 0.009527 -0.134021 
 -0.245721 -0.453595 0.011571 
 0.072552 -0.186657 -0.155209 
 -0.509955 0.145472 0.039295 
 -0.113865 -0.535279 -0.091449 
 0.151276 0.613937 0.021753 
 -0.101118 -0.626671 -0.058638 
 0.177603 0.583056 0.034607 
 -0.323640 0.067740 0.110233 
 0.218050 0.513166 -0.014484 
 -0.244586 -0.021587 0.106441 
 0.250992 0.858734 0.209729 
 0.246497 -0.523014 0.047772 
 0.142714 -0.600937 -0.082671 
 0.071268 -0.700509 -0.067326 
 -0.130080 -0.825862 0.051509 
 -0.567330 0.191065 0.008933 
 0.231768 0.294916 -0.056994 
 0.031762 0.670144 -0.085708 
 0.314087 -0.135544 -0.021860 
 -0.291617 -0.035172 0.053240 
 -0.280315 -0.327523 0.050956 
 0.346071 0.544481 0.154734 
 -0.295656 -0.157365 0.048216 
 -0.323640 0.067599 0.110233 
 0.100202 0.525736 -0.081524 
 0.057803 -0.745925 -0.031954 
 0.218186 -0.197091 -0.148174 
 -0.368820 0.185879 0.116941 
 -0.172542 -0.685255 0.031085 
 0.130859 -0.270870 -0.125238 
 -0.186038 0.083909 0.214899 
 0.031607 -0.537661 -0.113582 
 -0.280596 0.034976 0.090049 
 0.220173 -0.140250 -0.145960 
 0.236149 -0.351545 -0.098276 
 0.222633 0.127191 -0.095076 
 0.317716 0.298641 0.133166 
 0.223861 -0.181582 -0.144689 
 0.227758 -0.727890 0.190643 
 -0.544306 0.339547 -0.075816 
 -0.019182 0.674557 -0.113689 
 -0.556065 0.274988 -0.026078 
 0.168193 0.258381 -0.050014 
 0.145113 0.102826 -0.137891 
 -0.319397 -0.428720 0.000333 
 -0.399351 0.272110 0.030281 
 0.165919 0.114791 -0.126312 
 -0.417415 0.374299 -0.063400 
 0.317125 0.456783 0.136964 
 0.317089 0.267928 0.061276 
 0.173142 0.624523 0.034185 
 -0.443562 0.250335 0.006138 
 -0.327162 0.556162 -0.154436 
 0.317534 0.202311 -0.041761 
 -0.173177 0.119275 0.222254 
 0.203191 0.556707 0.005067 
 0.150551 -0.038324 -0.139039 
 0.220934 -0.378516 -0.136027 
 0.173969 0.381475 -0.086956 
 -0.048862 -0.411833 -0.109926 
 0.290503 0.589659 0.124662 
 -0.431740 0.315438 -0.042123 
 0.245933 0.878909 0.238451 
 0.205049 0.402293 -0.040983 
 0.231826 0.923694 0.259383 
 -0.203323 0.624997 -0.114670 
 0.237438 0.501410 0.021523 
 0.330165 0.233196 0.138899 
 -0.094205 0.608356 -0.156138 
 -0.197339 0.706152 -0.138465 
 -0.406802 -0.020885 0.062927 
 0.188110 -0.785607 0.225486 
 0.015542 -0.732163 -0.024490 
 0.189293 0.408098 -0.049116 
 -0.201119 0.054486 0.176190 
 0.325601 0.056254 -0.011083 
 0.320679 -0.152706 -0.048190 
 -0.293173 0.519867 -0.122190 
 0.123488 0.686075 0.007847 
 0.157451 0.036860 -0.132243 
 -0.030747 0.584842 -0.164989 
 0.233196 0.734729 0.095722 
 0.115760 -0.823062 0.055461 
 -0.518442 0.279239 -0.005543 
 0.159373 -0.879409 0.148931 
 -0.220406 -0.340187 0.013779 
 0.117828 0.885982 0.268761 
 0.238328 -0.351547 -0.098235 
 0.225523 -0.385799 -0.106015 
 -0.121137 -0.208813 0.112714 
 0.289866 -0.171706 -0.094136 
 0.293292 0.352484 0.092281 
 -0.006613 -0.406638 -0.102571 
 0.311852 0.317237 0.159440 
 -0.372912 0.329397 -0.011466 
 0.180202 -0.740987 0.135781 
 0.213136 -0.695173 0.154817 
 -0.370746 0.252747 0.088845 
 0.362614 0.118780 0.152845 
 -0.272034 -0.086166 0.061090 
 -0.336609 -0.590547 0.116732 
 -0.151613 -0.598366 -0.113913 
 0.128200 -0.171623 -0.123915 
 0.238713 0.177643 -0.084599 
 -0.096295 -0.516888 -0.110220 
 -0.451827 0.226945 0.044303 
 0.118995 -0.695272 -0.070382 
 0.238405 0.715421 0.071137 
 -0.281144 0.034977 0.090039 
 0.277149 -0.453218 0.050572 
 0.280045 0.418067 0.086990 
 -0.383563 0.402206 -0.058852 
 -0.088234 0.589151 -0.181700 
 0.245430 0.196117 -0.081080 
 -0.415587 0.279067 0.021854 
 -0.361065 0.045448 0.075345 
 0.197043 0.693926 0.047693 
 0.274307 -0.166878 -0.102203 
 -0.339120 0.521190 -0.161089 
 0.264840 0.339735 -0.038448 
 0.189807 0.373209 -0.078842 
 0.276248 0.459534 0.085626 
 0.061580 -0.785801 -0.031395 
 0.156994 -0.810549 0.121439 
 -0.013455 -0.483747 -0.108540 
 -0.420390 -0.204724 -0.020365 
 -0.182307 0.635638 -0.102244 
 -0.401575 0.367394 -0.053767 
 -0.187952 0.619150 -0.105804 
 0.246835 0.917495 0.267695 
 -0.424732 0.468821 -0.137358 
 -0.238979 -0.238297 0.048604 
 0.301385 -0.325162 0.065761 
 0.091692 -0.076480 -0.142260 
 -0.194989 0.110657 0.210114 
 0.331421 0.207943 0.023065 
 -0.392266 0.114051 0.102275 
 -0.188503 -0.353979 0.030480 
 -0.218990 -0.341709 0.013806 
 -0.454669 0.038269 0.067077 
 -0.016211 -0.365738 -0.092446 
 -0.148535 -0.202025 0.127173 
 0.020253 0.637058 -0.092404 
 -0.519823 0.170061 0.034755 
 -0.345433 0.360514 0.004165 
 -0.071071 0.732761 -0.097449 
 0.011089 0.606277 -0.142124 
 0.057019 0.513802 -0.176118 
 -0.179946 -0.223558 0.080990 
 -0.553215 0.299038 -0.050451 
 0.170789 -0.341962 -0.134321 
 -0.311803 0.549344 -0.146189 
 0.085117 0.878155 0.279568 
 -0.264224 0.028018 0.098870 
 0.298438 0.249434 -0.050926 
 0.132360 -0.804003 0.036372 
 0.009557 -0.656812 -0.084788 
 -0.393661 0.289954 0.031669 
 -0.099607 0.881481 0.150118 
 -0.115385 -0.244908 0.072477 
 0.153491 -0.590313 -0.048357 
 0.073308 -0.844513 0.030258 
 0.241054 0.655241 0.057244 
 -0.105938 0.048231 0.257270 
 -0.121019 -0.106195 0.114794 
 -0.248494 -0.213772 0.043861 
 0.189596 -0.391301 -0.124917 
 -0.367864 -0.104865 0.009876 
 -0.341077 -0.240584 0.021635 
 -0.513849 0.392482 -0.086912 
 0.062974 -0.127509 -0.130271 
 0.326876 0.492949 0.144037 
 0.190475 0.675012 0.044133 
 -0.000003 -0.835402 0.006496 
 -0.394563 0.518520 -0.148605 
 -0.175792 -0.103180 0.084795 
 0.139471 -0.863256 0.110680 
 0.009117 0.547915 -0.146190 
 0.271170 0.410605 0.009789 
 0.313712 0.120596 -0.016734 
 -0.352521 -0.618541 0.078756 
 0.135705 0.124859 -0.142470 
 -0.261999 0.487595 -0.120345 
 0.362046 0.415081 0.189642 
 0.330577 0.014078 -0.009974 
 0.349792 0.031103 0.101425 
 0.208622 0.537998 -0.021232 
 0.235011 0.009525 -0.133987 
 -0.035218 0.718322 -0.092325 
 0.216262 -0.238967 -0.136630 
 0.126298 0.840326 0.300906 
 -0.269997 -0.025826 0.065334 
 -0.427091 -0.315380 0.030793 
 -0.229393 0.551126 -0.085417 
 0.229826 -0.007534 -0.138026 
 0.069103 -0.110402 -0.126747 
 0.027932 0.747316 -0.057180 
 -0.112297 -0.003235 0.223738 
 0.178475 -0.267423 -0.128160 
 0.155370 0.417927 -0.023215 
 0.157477 -0.599176 -0.017545 
 0.088954 -0.851330 0.040073 
 0.200455 -0.653838 0.076084 
 0.325690 -0.176245 0.199695 
 0.302564 0.246224 -0.019987 
 0.064693 -0.384992 -0.135385 
 -0.307300 0.585257 -0.127991 
 -0.007618 -0.767545 -0.010527 
 -0.230889 -0.123481 0.084315 
 0.290638 -0.262440 -0.038291 
 0.040898 0.556577 -0.155024 
 0.023030 0.695647 -0.090316 
 -0.241031 0.516109 -0.093337 
 0.161226 -0.640891 -0.016392 
 -0.366958 -0.567965 0.058090 
 -0.237642 -0.238298 0.048629 
 -0.250468 -0.273807 0.041356 
 0.274491 0.351516 -0.003907 
 -0.455369 0.038269 0.066961 
 -0.226965 -0.417834 0.009402 
 -0.415383 0.279067 0.021955 
 -0.198448 -0.799101 0.029614 
 0.035726 0.688910 -0.082211 
 0.300914 0.173890 -0.079683 
 0.159263 -0.062128 -0.133578 
 0.059600 0.736313 -0.040811 
 -0.281880 -0.261237 0.024603 
 0.070833 -0.087320 -0.153868 
 -0.140014 -0.034169 0.207739 
 -0.040745 -0.494767 -0.109063 
 0.161227 -0.641490 -0.016451 
 -0.378703 -0.336305 0.056130 
 0.367291 0.111120 0.185196 
 -0.200960 0.090909 0.206104 
 -0.365168 -0.274988 0.036501 
 0.092023 0.622645 -0.025813 
 0.106088 0.616034 -0.017662 
 0.304134 0.267046 -0.047268 
 0.301217 -0.139376 -0.087156 
 0.011565 -0.817243 0.000036 
 -0.138926 -0.298902 0.072836 
 0.103587 0.257210 -0.012902 
 -0.292030 0.455726 -0.094230 
 0.067892 -0.567333 -0.127027 
 -0.382693 -0.560990 0.049651 
 0.287135 -0.328044 0.001623 
 -0.241022 0.515417 -0.093836 
 0.102351 0.657303 -0.019543 
 0.118506 -0.570256 -0.095404 
 -0.244464 -0.057505 0.078431 
 0.067047 -0.768404 -0.027308 
 0.043201 0.743070 -0.048194 
 -0.244113 -0.057506 0.078438 
 -0.410044 0.527198 -0.156886 
 0.094499 -0.539892 -0.108134 
 0.329259 0.370166 0.170362 
 -0.451808 0.226945 0.043285 
 -0.416466 0.308516 -0.035479 
 0.140107 -0.559739 -0.083395 
 -0.423973 -0.126971 0.007868 
 0.227467 0.412796 -0.029315 
 0.362593 0.118747 0.153954 
 0.077549 0.596713 -0.105708 
 -0.116427 -0.243959 0.072457 
 -0.160125 -0.074405 0.125489 
 0.149696 0.499794 -0.025363 
 0.011082 0.607296 -0.141712 
 0.307316 -0.087972 -0.055259 
 -0.101905 -0.627103 -0.058653 
 0.304931 -0.180030 -0.086078 
 0.251904 0.708335 0.079289 
 -0.049214 0.802166 -0.083294 
 0.152760 -0.525263 -0.076671 
 -0.169289 0.077278 0.223386 
 -0.410144 0.326270 -0.031613 
 -0.411053 -0.322965 0.039237 
 0.336827 0.067293 0.025090 
 -0.279962 0.034976 0.090368 
 -0.201406 -0.268558 0.039417 
 0.090501 -0.623717 -0.083410 
 0.367502 0.100434 0.127395 
 -0.368335 -0.106327 0.009868 
 -0.125873 -0.773506 -0.003771 
 0.209536 0.627876 0.053413 
 -0.378889 -0.008222 0.062544 
 -0.359278 0.227849 0.093632 
 0.295749 0.191863 -0.053357 
 -0.246848 0.497803 -0.097413 
 0.073876 -0.407745 -0.130787 
 -0.110643 -0.873304 0.060579 
 -0.021575 0.561340 -0.160390 
 0.163427 -0.490785 -0.069643 
 0.136436 0.465972 -0.032458 
 -0.159278 -0.837525 0.050298 
 0.238497 -0.590874 0.099146 
 -0.125100 0.098818 0.247677 
 0.295635 -0.485119 0.074799 
 -0.207365 0.036575 0.173035 
 -0.060386 -0.448706 -0.118354 
 0.160361 0.165058 -0.070041 
 0.338492 0.569311 0.150119 
 0.182414 -0.186295 -0.152953 
 -0.336637 -0.590547 0.116732 
 0.245834 0.423301 -0.017725 
 0.327416 -0.049725 0.030053 
 -0.181902 -0.337003 0.034107 
 0.278543 0.677643 0.092148 
 0.130911 -0.804002 0.036345 
 -0.311667 -0.313643 0.035916 
 -0.201274 -0.036516 0.102497 
 0.082947 0.510209 -0.060375 
 -0.191288 0.032912 0.181489 
 -0.354255 0.081515 0.093352 
 -0.040664 -0.893648 0.040688 
 -0.296315 -0.483802 0.039347 
 0.135188 -0.853283 0.079723 
 0.271161 -0.371792 -0.051246 
 -0.399642 0.272355 0.030275 
 0.170462 -0.836971 0.214185 
 0.155779 -0.021197 -0.134655 
 0.183392 0.391790 -0.052636 
 0.333798 0.002897 0.063548 
 0.248641 -0.405529 -0.035503 
 -0.185903 -0.042726 0.110888 
 0.180167 -0.457587 -0.073936 
 -0.111936 -0.875028 0.060554 
 0.137317 -0.855204 0.079764 
 -0.435901 0.092139 0.077996 
 0.075070 -0.819478 0.004572 
 0.333316 0.488207 0.175287 
 0.080747 0.746884 -0.029095 
 -0.403278 0.479461 -0.125460 
 0.135154 -0.154453 -0.121600 
 -0.213092 0.000562 0.154403 
 0.172529 -0.777012 0.216186 
 0.240893 -0.129842 -0.134213 
 0.331789 -0.054332 0.061107 
 0.106855 -0.082854 -0.135034 
 -0.245565 -0.256052 0.044964 
 0.155503 0.802749 0.128704 
 -0.385448 -0.354112 0.052460 
 0.237423 0.501411 0.022307 
 0.218459 -0.043965 -0.144433 
 -0.312053 0.548279 -0.146194 
 0.131237 0.166328 -0.143565 
 -0.311949 -0.150424 0.039808 
 0.164942 0.495233 -0.017210 
 0.319459 0.237573 -0.011853 
 0.057024 0.513802 -0.176344 
 0.179934 0.450931 -0.038597 
 -0.410847 0.438996 -0.102289 
 0.178823 -0.697942 0.034280 
 -0.399412 0.163185 0.070535 
 -0.418710 0.283569 -0.008642 
 0.284420 0.412751 0.117941 
 -0.228195 -0.725255 0.014668 
 0.328047 -0.013538 0.060016 
 -0.324835 -0.444434 -0.003287 
 0.186130 -0.225646 -0.152733 
 0.307566 0.067421 -0.050100 
 -0.336055 -0.514500 0.046905 
 -0.027672 -0.418248 -0.113852 
 -0.096076 0.022465 0.262072 
 0.198196 -0.586785 0.048324 
 -0.157775 -0.581914 -0.088067 
 -0.437973 0.244363 0.036683 
 0.097744 0.222951 -0.031247 
 -0.265532 -0.068366 0.066409 
 0.163428 -0.760100 0.155962 
 -0.388632 -0.183091 0.025789 
 0.273365 0.088783 -0.097116 
 0.007078 -0.347866 -0.122569 
 0.139110 -0.837693 0.083264 
 0.106838 -0.082656 -0.134160 
 0.255905 -0.136493 -0.124415 
 0.166356 0.235419 -0.020487 
 -0.008401 0.746918 -0.077070 
 0.191065 0.467367 -0.046689 
 -0.129498 0.755389 -0.099656 
 0.203463 -0.017770 -0.138717 
 0.100818 0.871281 0.287964 
 0.158242 -0.741813 -0.006457 
 0.163371 -0.259363 -0.136240 
 0.231274 0.924630 0.259372 
 -0.042284 0.839198 0.137708 
 0.179839 0.433282 -0.053719 
 -0.375174 0.167922 0.112627 
 0.342611 0.463562 0.179946 
 0.143238 0.855586 0.281991 
 -0.356761 -0.232484 0.012467 
 0.288747 0.116680 -0.058875 
 0.193765 -0.504227 -0.053380 
 0.143143 0.043537 -0.141504 
 0.158225 0.035844 -0.132229 
 0.169775 0.702888 0.061715 
 0.139110 0.716454 0.044215 
 -0.007221 0.709124 -0.106618 
 -0.117130 -0.124010 0.088971 
 0.279983 0.333039 -0.030187 
 -0.074214 -0.507149 -0.098442 
 0.198973 -0.680539 0.104109 
 0.089977 -0.825285 0.012790 
 -0.529679 0.196620 0.029689 
 0.219656 0.395581 -0.032467 
 -0.294617 0.601801 -0.134275 
 0.330158 -0.210957 0.157530 
 -0.202792 -0.347084 0.022161 
 -0.348755 0.364389 -0.026359 
 0.308909 -0.064389 -0.081483 
 0.286978 -0.328044 0.001792 
 0.038705 -0.695870 -0.041751 
 -0.046133 0.610186 -0.157992 
 -0.413651 -0.188114 -0.016712 
 0.278495 -0.209145 -0.101116 
 0.308054 -0.029914 -0.051461 
 0.024995 -0.613536 -0.119531 
 -0.397085 0.295943 0.003392 
 0.286048 0.412750 0.118126 
 -0.193567 -0.156445 0.076533 
 -0.462731 -0.039780 0.060770 
 -0.458656 0.459764 -0.127277 
 0.219570 -0.576172 0.059935 
 -0.171323 -0.899460 0.069069 
 -0.086643 -0.811686 0.018240 
 0.358279 0.457992 0.188179 
 0.168399 0.398502 -0.061779 
 0.078040 0.818131 0.072622 
 -0.197384 -0.114540 0.074001 
 0.057136 0.640863 -0.072921 
 0.328047 -0.013782 0.060017 
 0.039015 -0.623249 -0.111400 
 -0.350575 0.038707 0.094479 
 0.147111 0.159650 -0.135789 
 0.195023 0.426459 -0.045598 
 -0.372866 0.192027 0.088244 
 0.063667 -0.785802 -0.030817 
 -0.013711 0.654383 -0.139690 
 -0.384633 0.156202 0.078965 
 0.197882 -0.687919 0.146542 
 0.079589 0.765397 -0.013896 
 0.278550 -0.403719 -0.004349 
 0.030292 -0.849261 0.023004 
 -0.317160 0.485687 -0.106864 
 0.086984 0.589897 -0.086287 
 -0.170194 -0.247635 0.085739 
 -0.166995 -0.590004 -0.122141 
 -0.412467 -0.036886 0.059272 
 -0.375896 -0.543101 0.052464 
 0.255961 0.416112 0.001819 
 0.257532 -0.505202 0.039907 
 0.061777 0.218212 -0.051129 
 0.333154 -0.031479 0.033575 
 0.227551 0.489205 -0.011649 
 -0.035565 -0.477416 -0.104776 
 0.311205 -0.332155 0.087544 
 -0.299605 -0.278044 0.043194 
 0.151568 -0.525262 -0.075752 
 0.158197 0.668097 0.054670 
 -0.112038 -0.712064 -0.022912 
 -0.175491 0.024633 0.189939 
 0.225093 -0.484064 -0.007317 
 0.245246 -0.473518 0.003761 
 -0.114454 -0.468622 -0.119506 
 0.197249 0.502648 -0.028274 
 -0.473574 0.216017 0.031526 
 0.042262 -0.173612 -0.171409 
 -0.151589 -0.648646 -0.071174 
 0.220690 -0.643196 0.088449 
 0.021216 -0.638826 -0.092475 
 -0.123433 -0.106193 0.114748 
 -0.139379 -0.099270 0.106368 
 -0.296334 -0.482631 0.040409 
 0.128195 0.756311 0.098473 
 -0.078226 -0.590561 -0.073873 
 0.329113 -0.008284 0.018199 
 0.062513 0.788652 0.034582 
 0.106292 -0.397765 -0.142205 
 0.262173 0.470650 0.034428 
 0.187004 0.526607 -0.032898 
 -0.135345 -0.141702 0.107492 
 0.196947 0.349344 -0.074294 
 0.082509 0.247224 -0.024575 
 -0.339157 0.238779 0.106147 
 -0.515916 0.332824 -0.089353 
 0.325362 0.032860 0.018403 
 -0.334862 -0.056992 0.029173 
 0.270470 0.442533 0.082349 
 -0.103212 0.596635 -0.189829 
 0.294876 0.548085 0.126573 
 0.134078 0.226173 -0.011357 
 0.143676 -0.459698 -0.093703 
 -0.216232 0.530719 0.035678 
 -0.378747 -0.243344 0.001198 
 0.246314 -0.374503 -0.093682 
 0.212345 -0.618956 0.083809 
 0.079276 -0.532854 -0.115306 
 -0.371690 0.493860 -0.165944 
 0.281341 0.199921 -0.061424 
 0.273554 -0.173274 0.170428 
 -0.334169 0.405113 -0.060697 
 -0.229714 -0.460500 0.019932 
 -0.199369 -0.425173 -0.006246 
 -0.133602 -0.070289 0.166965 
 0.209145 0.325475 -0.069650 
 0.207647 -0.338192 -0.114402 
 -0.184309 0.516926 0.052938 
 -0.426364 0.195065 0.057270 
 -0.516760 0.368151 -0.060146 
 0.314703 -0.171451 -0.051693 
 -0.126225 -0.851533 0.067041 
 0.224875 -0.484064 -0.007321 
 -0.054384 -0.825409 0.034866 
 -0.192461 0.536594 -0.081097 
 -0.109193 -0.048136 0.224855 
 0.079550 0.746333 -0.029118 
 0.164941 -0.449194 -0.082058 
 0.236997 -0.227267 -0.124211 
 0.198975 -0.678736 0.104109 
 -0.198435 -0.800925 0.028888 
 0.005239 -0.707922 -0.030553 
 0.276939 0.030917 -0.110913 
 0.247370 0.938565 0.239996 
 0.237101 -0.123819 -0.164969 
 0.224839 0.412798 -0.029365 
 0.265218 0.376134 -0.008508 
 -0.349723 0.411481 -0.069369 
 0.243908 0.573347 0.070419 
 -0.016213 -0.366545 -0.092337 
 -0.128402 -0.349061 0.006024 
 0.076548 -0.069871 -0.150360 
 -0.449437 0.435112 -0.122568 
 -0.271733 -0.447447 0.025472 
 0.274785 -0.166879 -0.101455 
 -0.027493 -0.762608 -0.007524 
 0.143926 -0.695093 -0.027072 
 0.160370 0.165136 -0.070476 
 -0.238678 -0.003905 0.111670 
 -0.329749 0.351844 0.011213 
 -0.381023 -0.068864 0.062785 
 -0.018146 -0.442046 -0.109651 
 0.105353 -0.397764 -0.141706 
 -0.119632 0.695223 -0.124467 
 -0.313527 -0.408923 0.006088 
 0.279191 0.714159 0.122169 
 -0.386679 0.241330 0.065618 
 0.218013 -0.427420 -0.081478 
 0.146570 -0.484063 -0.077806 
 0.222634 0.128461 -0.095076 
 0.166866 -0.424545 -0.109288 
 0.170052 -0.707111 0.000638 
 0.219400 0.359819 -0.062496 
 0.262676 0.506883 0.065176 
 -0.248339 0.581349 -0.110154 
 -0.486374 0.421206 -0.071216 
 0.341164 0.201688 0.043804 
 0.109613 -0.747178 -0.003214 
 0.079550 0.745899 -0.029117 
 0.072428 -0.153168 -0.125668 
 -0.135898 0.642185 -0.135081 
 0.104237 -0.563535 -0.103519 
 0.256406 0.453644 0.031710 
 -0.408941 0.121052 0.093288 
 -0.154664 -0.906382 0.078563 
 0.228332 0.143674 -0.091578 
 0.278261 0.659055 0.076068 
 -0.114698 0.561395 -0.196208 
 0.311260 0.028142 -0.048279 
 0.128312 0.208158 -0.014898 
 0.289850 0.344803 0.004663 
 0.152614 -0.802678 0.093143 
 0.056884 -0.285664 -0.121620 
 0.139472 -0.862058 0.110680 
 -0.131639 0.079867 0.243997 
 -0.042250 -0.714928 -0.028128 
 0.196882 0.855672 0.266696 
 -0.362821 -0.051220 0.043846 
 -0.385455 -0.354194 0.052833 
 0.109502 0.415581 -0.020368 
 -0.336707 -0.625267 0.086443 
 -0.296745 -0.320583 0.044298 
 0.155323 -0.566460 -0.075880 
 -0.285696 -0.020629 0.056877 
 0.187033 -0.521465 -0.056921 
 0.358742 0.107173 0.107740 
 -0.225185 0.555301 0.029397 
 0.076861 0.264078 0.001592 
 -0.244519 -0.057460 0.078430 
 -0.041332 -0.494767 -0.108704 
 0.180389 0.275067 -0.057478 
 -0.370748 0.252747 0.088949 
 -0.012733 -0.567114 -0.095321 
 0.216246 -0.238421 -0.135759 
 -0.089568 -0.864238 0.072529 
 0.328890 0.341652 0.240857 
 0.109692 -0.546297 -0.099395 
 -0.364498 -0.147405 0.011889 
 -0.352501 0.585868 -0.167367 
 0.311476 -0.094507 -0.022923 
 0.261981 0.054318 -0.103265 
 -0.438431 -0.005006 0.047819 
 -0.329517 -0.367676 0.025005 
 0.303821 0.523908 0.130498 
 -0.266523 -0.429691 0.029975 
 -0.058870 -0.513431 -0.090236 
 0.284720 0.122645 -0.089424 
 -0.461961 0.263211 -0.032369 
 -0.222803 -0.046646 0.090466 
 -0.312953 -0.210765 0.037316 
 0.245235 -0.473371 0.004351 
 0.120701 -0.429058 -0.106397 
 0.211247 0.092010 -0.102785 
 -0.441994 0.250334 0.006168 
 0.061569 -0.785800 -0.030821 
 -0.254308 -0.032766 0.074367 
 0.099782 -0.580776 -0.107017 
 0.359741 0.195268 0.182994 
 -0.351500 -0.076024 0.047733 
 0.291906 -0.239397 -0.065690 
 0.105831 -0.832085 0.021346 
 0.224612 0.603254 0.046372 
 -0.317679 0.085460 0.113873 
 0.324630 -0.202300 0.226808 
 0.037516 0.689671 -0.082178 
 0.103736 -0.688893 -0.077697 
 0.023772 -0.615622 -0.119553 
 -0.194997 0.108866 0.210456 
 0.138328 -0.476915 -0.096560 
 -0.025183 0.622120 -0.146734 
 -0.203367 -0.131768 0.070372 
 0.313992 0.278612 -0.012985 
 0.307752 -0.053470 -0.025625 
 -0.294004 -0.458278 0.014537 
 0.111338 0.474323 -0.017925 
 -0.388785 0.472697 -0.117178 
 -0.232725 0.069543 0.159800 
 -0.445967 0.429182 -0.092227 
 -0.205445 -0.407043 0.019566 
 -0.145667 -0.818965 0.042427 
 0.081299 0.555498 -0.105842 
 -0.306580 0.584372 -0.127977 
 -0.388632 -0.182403 0.025830 
 0.340904 0.043614 0.039079 
 -0.052153 -0.799743 0.007731 
 0.027013 -0.821280 0.007073 
 0.095067 -0.241145 -0.115373 
 0.122886 -0.611455 -0.093380 
 -0.339788 0.238780 0.105699 
 -0.131154 -0.184135 0.108619 
 -0.001908 -0.862327 0.033680 
 -0.244624 -0.021586 0.108493 
 -0.383741 -0.604316 0.061864 
 0.145104 -0.369539 -0.149139 
 -0.280121 0.090124 0.134451 
 0.292028 -0.335250 0.032615 
 -0.312879 -0.553691 0.101844 
 0.042590 0.520479 -0.184503 
 -0.522699 0.351311 -0.062887 
 -0.135960 -0.844295 0.047505 
 -0.354948 0.244767 0.097261 
 -0.158377 -0.211782 0.092994 
 0.172512 -0.775821 0.217142 
 -0.110644 -0.874592 0.060579 
 0.267443 -0.332524 -0.052329 
 0.167224 0.589869 0.015036 
 0.077741 0.780767 0.042807 
 0.041284 -0.172492 -0.171428 
 0.208851 -0.156498 -0.137916 
 0.139471 -0.863485 0.110680 
 0.106282 -0.397889 -0.141689 
 -0.342834 -0.136545 0.021739 
 0.324425 -0.166175 0.025204 
 0.321532 0.262253 0.090766 
 0.139469 -0.865104 0.110681 
 0.255936 -0.136493 -0.126053 
 -0.040755 0.839197 0.137737 
 0.051173 -0.302902 -0.126474 
 -0.462442 0.122983 0.064708 
 0.135318 0.702533 0.000047 
 0.193996 -0.767004 0.229100 
 0.334572 0.130569 -0.005126 
 0.289899 0.344802 0.002092 
 -0.098554 0.705577 -0.112737 
 0.166391 0.235468 -0.022349 
 0.307292 0.324783 0.128497 
 0.312351 -0.358725 0.014375 
 0.236146 0.637911 0.053380 
 -0.376219 0.535703 -0.166619 
 0.154448 0.305709 -0.070228 
 0.183033 -0.705522 0.065987 
 0.285933 -0.091433 0.265850 
 0.209015 -0.469330 -0.057721 
 0.176716 -0.201905 -0.155620 
 0.071803 -0.450458 -0.116898 
 -0.098540 0.704825 -0.113508 
 0.046324 -0.855657 0.031274 
 0.143844 -0.600735 -0.082650 
 0.110120 0.734459 -0.012769 
 -0.147778 0.051447 0.205709 
 -0.350198 0.411482 -0.069028 
 0.100797 -0.222799 -0.111855 
 0.259488 0.358245 -0.012025 
 0.171921 -0.161082 -0.157542 
 0.176562 -0.201905 -0.156446 
 0.287807 -0.269605 0.004031 
 0.197841 -0.000299 -0.111355 
 0.108650 0.767168 0.059809 
 -0.167870 -0.002288 0.194688 
 0.329126 -0.008511 0.017515 
 0.176892 0.583056 0.035506 
 0.309422 -0.090048 0.076949 
 -0.136413 0.062904 0.240351 
 0.317389 -0.201116 0.006707 
 0.138198 -0.518543 -0.084792 
 -0.313537 -0.210764 0.037725 
 0.060014 -0.609274 -0.099716 
 0.016333 0.770719 -0.019792 
 0.250038 0.382156 -0.016868 
 0.280998 -0.096416 0.176817 
 -0.075192 -0.742128 -0.031547 
 -0.430196 -0.308004 0.000096 
 -0.185130 0.082096 0.214916 
 0.166183 0.199944 -0.052206 
 0.134921 0.703546 0.000039 
 -0.409797 -0.229033 -0.015589 
 0.278842 -0.155766 0.174343 
 -0.042205 0.550625 -0.172024 
 -0.351607 0.202955 0.098382 
 0.221812 0.471966 -0.015041 
 -0.337223 -0.282372 0.022758 
 0.177451 0.146295 -0.119311 
 -0.173683 -0.685254 0.031063 
 0.139845 0.809575 0.120576 
 0.022033 -0.513639 -0.117690 
 0.277247 -0.296781 -0.045344 
 0.309431 -0.163116 -0.082611 
 -0.424450 -0.090695 0.036661 
 -0.325373 -0.246364 0.029914 
 0.294332 0.548086 0.126563 
 -0.351785 -0.506422 0.037992 
 0.161320 0.820257 0.132756 
 -0.418748 0.514013 -0.190735 
 0.265899 0.429211 0.036332 
 0.148638 -0.778991 0.074427 
 0.138791 0.678330 0.016033 
 0.089695 -0.135533 -0.144684 
 -0.418523 -0.072804 0.041721 
 -0.474681 -0.074412 0.053432 
 -0.189179 -0.517236 -0.059613 
 0.281034 0.635987 0.093219 
 0.105641 -0.521851 -0.115893 
 -0.123565 -0.041153 0.216432 
 0.170619 -0.341962 -0.134080 
 -0.053955 0.534510 -0.164345 
 0.076583 -0.069465 -0.152189 
 -0.392497 -0.176064 -0.004688 
 0.061589 -0.785801 -0.031879 
 0.285906 -0.092129 0.267272 
 0.255175 0.590445 0.062989 
 0.206826 0.669810 0.052337 
 0.153964 -0.235729 -0.140820 
 -0.002864 -0.450086 -0.101476 
 0.283638 -0.411123 0.026632 
 0.101554 0.198393 -0.014571 
 0.117446 -0.795558 0.028153 
 -0.525794 0.151701 0.030824 
 0.145323 -0.846305 0.113651 
 0.321144 0.576095 0.143430 
 0.250221 0.400087 -0.001455 
 -0.247130 -0.351235 0.012960 
 0.169882 -0.766869 0.086171 
 0.107958 -0.463489 -0.112797 
 0.354850 0.166322 0.121672 
 0.362020 0.415081 0.191028 
 0.166994 -0.623299 -0.012911 
 -0.028124 -0.418248 -0.114294 
 0.258672 0.287079 -0.071667 
 0.325944 0.310438 0.167877 
 0.301786 0.173049 -0.079666 
 -0.020204 -0.501074 -0.109873 
 -0.297826 -0.415565 0.012335 
 -0.142903 -0.081347 0.132477 
 -0.206807 -0.053586 0.098868 
 0.359991 0.184016 0.125205 
 -0.223082 -0.245089 0.056984 
 -0.002731 -0.449089 -0.101474 
 -0.404535 0.205994 0.069381 
 0.303583 -0.047320 -0.054937 
 -0.127768 0.037946 0.246015 
 0.301109 0.244271 -0.020014 
 -0.332653 -0.161285 0.027792 
 0.138161 -0.710559 -0.030613 
 -0.120847 -0.609766 -0.097459 
 0.015725 -0.372438 -0.117963 
 0.318359 0.273017 0.018033 
 -0.401796 -0.151325 -0.009810 
 0.166955 0.552387 -0.015002 
 0.016699 0.642751 -0.123426 
 0.329253 0.369559 0.170678 
 0.096470 0.566934 -0.082591 
 -0.259923 -0.050566 0.070039 
 0.321173 0.575532 0.141875 
 -0.297816 -0.415847 0.011828 
 -0.035270 -0.318497 -0.101726 
 0.164518 -0.784354 0.082684 
 0.272968 -0.087287 -0.115729 
 0.201911 -0.297260 -0.115521 
 0.193996 -0.766938 0.229100 
 0.314705 -0.168580 -0.051693 
 -0.270723 0.465155 -0.081566 
 -0.200802 -0.756777 0.027797 
 0.062508 0.787567 0.034835 
 -0.380843 0.425239 -0.086124 
 -0.021168 -0.812974 0.023187 
 0.316259 0.080120 -0.015673 
 0.296447 0.192226 -0.053344 
 0.138335 0.586564 -0.058369 
 0.125781 -0.728282 -0.022862 
 0.002286 0.630205 -0.146303 
 0.243739 0.171802 -0.055727 
 -0.100139 -0.601201 -0.085677 
 -0.270308 0.064509 0.140493 
 0.186121 -0.225646 -0.152270 
 -0.155279 -0.092347 0.097987 
 -0.176117 -0.265987 0.082875 
 0.056762 0.807462 0.060800 
 0.113154 -0.065683 -0.130640 
 0.284294 0.694804 0.096890 
 0.124916 -0.553018 -0.092288 
 0.351801 0.088672 0.104178 
 0.196192 -0.645755 0.044817 
 -0.214524 0.525926 -0.093146 
 0.062969 -0.127618 -0.130019 
 0.103835 -0.764370 -0.007336 
 0.247664 0.672568 0.061238 
 -0.048606 0.804447 -0.083283 
 0.216991 0.756774 0.144386 
 0.176452 -0.324836 -0.130579 
 -0.406801 -0.019258 0.062927 
 -0.113859 0.711265 -0.120921 
 -0.000737 -0.449091 -0.101436 
 0.042264 -0.170170 -0.171410 
 0.037194 0.725742 -0.052552 
 0.082448 0.705473 -0.028040 
 -0.013573 0.636918 -0.153682 
 -0.379345 -0.336305 0.056118 
 -0.086180 0.739525 -0.105631 
 -0.345127 0.604766 -0.163765 
 0.104082 0.398253 -0.023902 
 0.318425 0.517126 0.139406 
 0.172454 -0.648294 0.003095 
 -0.176102 -0.265662 0.082111 
 0.084374 -0.374486 -0.123769 
 -0.424459 -0.090695 0.037142 
 -0.270394 0.046352 0.124427 
 -0.380874 0.425239 -0.084508 
 -0.312428 -0.150424 0.039799 
 0.262960 0.525115 0.080037 
 0.011081 0.605393 -0.141711 
 0.274542 0.734050 0.148673 
 0.059694 -0.811686 -0.004002 
 0.113893 -0.865884 0.069255 
 -0.010256 0.650536 -0.107563 
 -0.210936 0.079382 0.170298 
 0.083430 -0.257907 -0.107622 
 0.194221 0.268356 -0.049383 
 0.243708 -0.498446 0.030981 
 -0.169874 -0.049385 0.119291 
 -0.382663 0.216922 0.081240 
 0.338947 0.215805 0.242924 
 0.273499 -0.520153 0.090566 
 -0.157766 -0.581914 -0.088547 
 -0.419574 -0.205396 -0.020349 
 -0.544292 0.340451 -0.076517 
 0.084572 -0.749455 -0.045951 
 -0.241000 0.516109 -0.094944 
 -0.311436 0.047166 0.073226 
 0.115760 -0.822393 0.055461 
 0.334575 0.227075 0.170098 
 0.330974 0.268755 0.170655 
 0.105657 -0.737384 -0.034574 
 0.113869 0.691088 -0.011675 
 0.215407 0.241661 -0.067504 
 0.128796 -0.171624 -0.123903 
 -0.282961 0.636772 -0.128110 
 -0.331019 -0.100945 0.030741 
 -0.205446 -0.407266 0.019652 
 -0.392944 0.114051 0.102263 
 -0.460400 -0.083474 0.061874 
 0.024057 -0.455050 -0.115930 
 -0.184299 0.516406 0.052379 
 0.271113 -0.248787 -0.077866 
 -0.019733 0.674558 -0.113032 
 -0.260446 0.038693 0.144033 
 0.134356 -0.576977 -0.086184 
 -0.141921 -0.622483 -0.109247 
 -0.207090 0.036924 0.173041 
 0.336426 0.219883 0.069783 
 0.281499 -0.345283 -0.001897 
 0.038698 -0.695870 -0.041349 
 0.252143 -0.095724 -0.127264 
 -0.094845 -0.787498 0.013562 
 0.079282 0.497138 -0.107493 
 0.042883 0.647601 -0.081056 
 0.321425 0.197072 -0.010802 
 0.333811 0.002809 0.062893 
 0.271262 0.014151 -0.114398 
 0.119128 0.250445 -0.004655 
 0.201504 -0.355318 -0.117909 
 -0.071700 0.732761 -0.097624 
 -0.354946 0.247422 0.097261 
 0.369145 0.159557 0.129838 
 0.363748 0.142813 0.126300 
 0.287498 0.530690 0.122989 
 -0.117125 -0.124199 0.088691 
 -0.303393 0.478844 -0.098956 
 0.257987 0.475763 0.004254 
 0.262382 0.909937 0.276684 
 -0.334643 0.492532 -0.115522 
 0.299954 -0.207755 0.083418 
 0.132371 -0.635821 -0.089693 
 0.131424 0.740630 0.041241 
 0.103736 -0.688023 -0.077697 
 0.207136 0.537125 -0.021260 
 -0.334908 -0.419757 -0.008041 
 -0.329514 -0.364536 0.025005 
 0.006283 -0.682304 -0.057703 
 -0.092201 0.666077 -0.153375 
 -0.534704 0.177061 0.026040 
 -0.465807 0.306219 -0.033832 
 -0.015563 0.576958 -0.156867 
 -0.394879 0.016595 0.070246 
 -0.134897 -0.141702 0.107500 
 -0.199559 0.584419 -0.112930 
 -0.509956 0.143380 0.039295 
 0.038707 -0.899851 0.054389 
 0.289856 -0.145076 0.209748 
 0.155679 -0.335626 -0.142157 
 0.168896 0.071113 -0.125244 
 0.127372 0.755891 0.098457 
 -0.353947 0.481820 -0.127948 
 -0.401226 -0.345664 0.044021 
 -0.326494 0.346171 0.043125 
 0.330728 0.552116 0.146527 
 0.192061 -0.069498 -0.159452 
 0.269554 0.113498 -0.113066 
 -0.346998 -0.257224 0.017964 
 0.291618 -0.132736 -0.106607 
 0.170026 -0.539719 -0.037778 
 0.089235 -0.515137 -0.124037 
 -0.218719 0.631150 -0.122258 
 -0.010193 0.650535 -0.110926 
 -0.216715 -0.442418 0.012434 
 -0.468699 -0.058517 0.056662 
 0.150815 0.796311 0.213846 
 0.006374 -0.631601 -0.100642 
 -0.244648 0.031262 0.152482 
 -0.171725 -0.038251 0.176930 
 -0.150403 -0.134698 0.099128 
 -0.037289 -0.376953 -0.104176 
 -0.327734 -0.470282 0.023616 
 -0.413317 0.331974 -0.063420 
 0.280279 0.576369 0.090793 
 0.083683 -0.374486 -0.123782 
 0.243700 0.171802 -0.053651 
 0.031535 -0.537565 -0.113583 
 -0.407445 0.349315 -0.058659 
 0.064091 -0.526134 -0.124464 
 -0.200790 0.647183 -0.140294 
 0.262686 0.506916 0.064642 
 0.187715 -0.714412 0.096972 
 0.050162 0.778925 -0.030606 
 -0.247404 -0.213620 0.043881 
 0.085358 -0.374487 -0.125038 
 -0.084133 0.059857 0.269928 
 0.156511 0.135608 -0.130892 
 -0.000003 -0.834727 0.006496 
 0.261388 0.054318 -0.104106 
 -0.353402 0.178878 0.126995 
 0.170674 0.511083 -0.012722 
 -0.365292 0.416622 -0.077342 
 -0.328298 0.423006 -0.057092 
 0.078968 -0.657772 -0.088870 
 -0.266087 0.547270 -0.106324 
 0.198189 0.227210 -0.048291 
 0.301519 0.017257 -0.083882 
 0.124877 -0.346252 -0.131137 
 0.208483 0.517436 -0.036132 
 0.090747 -0.623206 -0.083405 
 0.346071 0.544737 0.154734 
 0.278773 -0.051033 -0.097371 
 -0.041288 0.839197 0.137727 
 -0.388589 -0.253937 -0.032923 
 -0.254126 -0.231375 0.040239 
 -0.214942 0.591381 -0.121158 
 0.236898 -0.351545 -0.097817 
 -0.133909 -0.070289 0.166959 
 0.041007 -0.561684 -0.107834 
 -0.185575 -0.044180 0.110895 
 0.163082 -0.760100 0.154943 
 0.304004 -0.013021 -0.025091 
 -0.339507 0.323801 0.092363 
 -0.528681 0.195019 0.029709 
 -0.271906 0.528458 -0.110354 
 0.021373 -0.714049 -0.022312 
 -0.180063 0.065415 0.188796 
 0.213688 0.341611 -0.066163 
 -0.548788 0.293187 -0.022398 
 -0.391573 -0.176064 -0.004671 
 -0.354949 0.244221 0.097261 
 0.190735 0.467367 -0.046695 
 0.217917 -0.703432 0.185858 
 -0.228820 -0.064948 0.086828 
 -0.513812 0.392482 -0.088899 
 0.130618 0.426154 -0.009184 
 0.280401 0.368731 -0.000318 
 0.304439 -0.186927 0.186886 
 0.305208 -0.023092 -0.082333 
 0.278985 -0.502757 0.092908 
 0.021977 0.732498 -0.060725 
 0.176682 -0.629421 0.006610 
 0.252103 -0.358223 -0.090181 
 -0.061701 0.653468 -0.137686 
 0.170678 -0.648292 0.003061 
 -0.041700 0.550836 -0.172014 
 -0.198937 -0.114012 0.073972 
 0.091693 -0.075681 -0.142260 
 -0.115667 0.634937 -0.138091 
 0.207004 0.850043 0.288376 
 0.047160 -0.419511 -0.131185 
 -0.373037 -0.285884 0.002357 
 0.267390 0.018338 -0.145187 
 0.241213 0.655240 0.057247 
 -0.292893 -0.036685 0.053216 
 -0.051863 0.592947 -0.161843 
 0.296701 -0.484493 0.074819 
 -0.391263 0.077570 0.072804 
 0.270219 0.320563 -0.064666 
 0.071270 -0.700509 -0.067407 
 0.104245 -0.421619 -0.114544 
 -0.155376 -0.556562 -0.115653 
 0.113088 0.691961 -0.011689 
 0.109632 0.501776 -0.074905 
 -0.191616 -0.310782 0.029376 
 0.035966 -0.294731 -0.134449 
 -0.377033 -0.311032 0.028627 
 -0.393113 0.114652 0.102259 
 -0.204856 0.133824 0.205459 
 