-0.080943 0.953861 0.047951 
 -0.116283 0.956411 0.066560 
 -0.138182 0.957368 0.053191 
 -0.146471 0.956723 0.007944 
 -0.168314 0.957677 -0.005392 
 -0.042778 0.928449 0.151615 
 -0.051400 0.927884 0.106164 
 -0.059910 0.927315 0.060783 
 -0.081753 0.928269 0.047447 
 -0.117095 0.930754 0.066055 
 -0.125438 0.930177 0.020776 
 -0.147281 0.931131 0.007440 
 -0.169124 0.932085 -0.005896 
 0.223237 0.889321 0.233643 
 0.201394 0.890275 0.220307 
 0.179551 0.891229 0.206972 
 0.144875 0.893619 0.225987 
 0.122977 0.894576 0.212617 
 0.101078 0.895532 0.199248 
 0.079180 0.896489 0.185878 
 0.057281 0.897445 0.172508 
 0.035382 0.898401 0.159138 
 0.013484 0.899358 0.145769 
 -0.008415 0.900314 0.132399 
 -0.030313 0.901271 0.119029 
 -0.052212 0.902227 0.105659 
 -0.047330 0.900262 0.028268 
 -0.069117 0.901213 0.014966 
 -0.104406 0.903631 0.033608 
 -0.126249 0.904585 0.020272 
 -0.161705 0.907009 0.038811 
 -0.183603 0.907966 0.025441 
 -0.263136 0.912316 0.017072 
 -0.285090 0.913274 0.003668 
 0.235095 0.862365 0.200687 
 0.213307 0.863316 0.187386 
 0.191520 0.864268 0.174084 
 0.169733 0.865219 0.160782 
 0.160837 0.864797 0.115164 
 0.139106 0.865746 0.101896 
 0.078367 0.870831 0.185373 
 0.056469 0.871788 0.172003 
 0.034570 0.872744 0.158633 
 0.012672 0.873701 0.145264 
 -0.009227 0.874657 0.131894 
 -0.031126 0.875613 0.118524 
 -0.039688 0.875177 0.073111 
 -0.048138 0.874735 0.027765 
 -0.069925 0.875687 0.014464 
 -0.091712 0.876638 0.001162 
 -0.127059 0.878993 0.019768 
 -0.148902 0.879947 0.006432 
 -0.184416 0.882309 0.024936 
 -0.206314 0.883265 0.011566 
 -0.241996 0.885634 0.029969 
 -0.263950 0.886593 0.016565 
 -0.285904 0.887552 0.003162 
 0.256074 0.835886 0.213487 
 0.246957 0.835539 0.167734 
 0.225225 0.836488 0.154466 
 0.203494 0.837437 0.141198 
 0.181763 0.838387 0.127931 
 0.160031 0.839336 0.114663 
 0.138300 0.840285 0.101395 
 0.090559 0.843861 0.152621 
 0.068716 0.844815 0.139286 
 0.046874 0.845769 0.125950 
 0.025031 0.846723 0.112614 
 0.003188 0.847677 0.099279 
 -0.018655 0.848631 0.085943 
 -0.027159 0.848257 0.040565 
 -0.048946 0.849208 0.027263 
 -0.070733 0.850160 0.013961 
 -0.106026 0.852447 0.032600 
 -0.127869 0.853401 0.019264 
 -0.149712 0.854355 0.005929 
 -0.185228 0.856651 0.024431 
 -0.220856 0.858953 0.042867 
 -0.242810 0.859912 0.029463 
 -0.271684 0.861545 0.031927 
 -0.293666 0.862505 0.018506 
 0.289614 0.808179 0.193768 
 0.267882 0.809128 0.180500 
 0.252487 0.809461 0.151008 
 0.230783 0.810409 0.137757 
 0.209080 0.811357 0.124506 
 0.187376 0.812305 0.111256 
 0.178568 0.812009 0.065691 
 0.156920 0.812955 0.052474 
 0.122266 0.815149 0.071504 
 0.080968 0.817972 0.106571 
 0.046063 0.820177 0.125446 
 0.024221 0.821131 0.112111 
 0.002378 0.822085 0.098775 
 -0.019465 0.823039 0.085439 
 -0.027967 0.822730 0.040062 
 -0.036357 0.822417 -0.005247 
 -0.058089 0.823366 -0.018515 
 -0.093329 0.825585 0.000157 
 -0.128679 0.827809 0.018761 
 -0.150522 0.828763 0.005425 
 -0.172365 0.829717 -0.007911 
 -0.207939 0.831950 0.010556 
 -0.243624 0.834189 0.028957 
 -0.272500 0.835790 0.031420 
 -0.294482 0.836750 0.017999 
 0.295089 0.782136 0.177008 
 0.273385 0.783084 0.163758 
 0.251682 0.784032 0.150507 
 0.242709 0.783809 0.104842 
 0.221061 0.784755 0.091625 
 0.212254 0.784525 0.046063 
 0.190662 0.785468 0.032880 
 0.169070 0.786411 0.019697 
 0.147478 0.787354 0.006515 
 0.080160 0.792445 0.106068 
 0.058373 0.793397 0.092767 
 0.036586 0.794349 0.079465 
 0.014799 0.795300 0.066163 
 -0.006988 0.796252 0.052862 
 -0.008761 0.795407 -0.008501 
 -0.030464 0.796355 -0.021751 
 -0.052168 0.797303 -0.035002 
 -0.080626 0.798853 -0.032284 
 -0.129490 0.802217 0.018257 
 -0.137711 0.801961 -0.026949 
 -0.173175 0.804125 -0.008414 
 -0.208751 0.806293 0.010051 
 -0.244439 0.808466 0.028450 
 -0.273315 0.810035 0.030913 
 -0.288347 0.810384 0.001643 
 -0.310302 0.811343 -0.011761 
 0.350145 0.753719 0.170426 
 0.315987 0.755760 0.189759 
 0.306849 0.755609 0.143992 
 0.285201 0.756555 0.130776 
 0.263554 0.757500 0.117559 
 0.241906 0.758446 0.104343 
 0.233045 0.758284 0.058747 
 0.211453 0.759227 0.045565 
 0.189861 0.760170 0.032382 
 0.168269 0.761113 0.019199 
 0.146677 0.762056 0.006017 
 0.125085 0.762999 -0.007166 
 0.103493 0.763942 -0.020348 
 0.095078 0.763760 -0.065672 
 0.060309 0.765828 -0.046714 
 0.025427 0.767901 -0.027824 
 0.003780 0.768846 -0.041040 
 -0.017868 0.769792 -0.054257 
 -0.052973 0.771874 -0.035502 
 -0.074676 0.772822 -0.048753 
 -0.116732 0.775483 -0.014149 
 -0.138519 0.776434 -0.027451 
 -0.173986 0.778533 -0.008918 
 -0.209563 0.780636 0.009546 
 -0.245253 0.782744 0.027944 
 -0.267207 0.783703 0.014540 
 -0.275259 0.783505 -0.030563 
 -0.297158 0.784462 -0.043933 
 0.336886 0.729383 0.202509 
 0.315182 0.730331 0.189258 
 0.306046 0.730246 0.143493 
 0.297021 0.730156 0.097797 
 0.275429 0.731099 0.084615 
 0.253837 0.732042 0.071432 
 0.232245 0.732985 0.058249 
 0.210653 0.733929 0.045067 
 0.201962 0.733824 -0.000425 
 0.180425 0.734765 -0.013574 
 0.158889 0.735706 -0.026723 
 0.137352 0.736646 -0.039871 
 0.115816 0.737587 -0.053020 
 0.094280 0.738527 -0.066168 
 0.059508 0.740530 -0.047212 
 0.037916 0.741473 -0.060394 
 0.016324 0.742416 -0.073577 
 -0.018671 0.744428 -0.054756 
 -0.040319 0.745374 -0.067973 
 -0.075481 0.747393 -0.049254 
 -0.117540 0.749956 -0.014652 
 -0.139327 0.750908 -0.027953 
 -0.161114 0.751859 -0.041255 
 -0.196639 0.753895 -0.022758 
 -0.232274 0.755935 -0.004328 
 -0.254173 0.756891 -0.017698 
 -0.262167 0.756757 -0.062765 
 -0.284010 0.757711 -0.076100 
 -0.305853 0.758665 -0.089436 
 0.379488 0.702058 0.228509 
 0.357785 0.703006 0.215259 
 0.336081 0.703954 0.202008 
 0.314377 0.704902 0.188758 
 0.305243 0.704882 0.142994 
 0.296220 0.704858 0.097299 
 0.274628 0.705801 0.084117 
 0.253036 0.706744 0.070934 
 0.244235 0.706710 0.025375 
 0.222699 0.707651 0.012227 
 0.201163 0.708591 -0.000922 
 0.179626 0.709532 -0.014071 
 0.158090 0.710473 -0.027219 
 0.136553 0.711413 -0.040368 
 0.115017 0.712354 -0.053516 
 0.093481 0.713294 -0.066665 
 0.071944 0.714235 -0.079814 
 0.050408 0.715176 -0.092962 
 0.028872 0.716116 -0.106111 
 0.007335 0.717057 -0.119259 
 -0.027662 0.719004 -0.100440 
 -0.083045 0.722469 -0.033787 
 -0.104776 0.723418 -0.047055 
 -0.126507 0.724367 -0.060323 
 -0.161923 0.726333 -0.041758 
 -0.197449 0.728303 -0.023261 
 -0.219292 0.729257 -0.036597 
 -0.254985 0.731234 -0.018203 
 -0.262977 0.731165 -0.063269 
 -0.270858 0.731090 -0.108266 
 -0.306663 0.733073 -0.089940 
 -0.328506 0.734027 -0.103276 
 0.394240 0.676126 0.257600 
 0.378683 0.676629 0.228009 
 0.356979 0.677577 0.214758 
 0.335276 0.678525 0.201508 
 0.326088 0.678573 0.155711 
 0.317011 0.678617 0.109984 
 0.295419 0.679560 0.096801 
 0.273827 0.680503 0.083619 
 0.264973 0.680537 0.038027 
 0.243436 0.681477 0.024878 
 0.221900 0.682418 0.011730 
 0.200364 0.683358 -0.001419 
 0.185309 0.683839 -0.030705 
 0.163800 0.684779 -0.043836 
 0.142292 0.685718 -0.056968 
 0.120783 0.686658 -0.070099 
 0.099274 0.687597 -0.083231 
 0.077766 0.688536 -0.096363 
 0.049609 0.689943 -0.093459 
 0.028073 0.690883 -0.106607 
 0.006536 0.691824 -0.119756 
 -0.015000 0.692765 -0.132905 
 -0.050055 0.694649 -0.114121 
 -0.098795 0.697484 -0.063505 
 -0.120499 0.698432 -0.076756 
 -0.149045 0.699855 -0.074091 
 -0.184518 0.701757 -0.055562 
 -0.220102 0.703665 -0.037101 
 -0.241945 0.704619 -0.050437 
 -0.249879 0.704612 -0.095467 
 -0.257702 0.704601 -0.140430 
 -0.293453 0.706515 -0.122070 
 -0.315241 0.707467 -0.135372 
 0.399581 0.650253 0.240759 
 0.377878 0.651201 0.227508 
 0.356174 0.652149 0.214258 
 0.346933 0.652264 0.168429 
 0.325285 0.653210 0.155212 
 0.316210 0.653319 0.109486 
 0.307247 0.653422 0.063828 
 0.285711 0.654363 0.050679 
 0.264174 0.655304 0.037530 
 0.242638 0.656244 0.024382 
 0.227528 0.656760 -0.004938 
 0.206019 0.657700 -0.018069 
 0.184511 0.658639 -0.031201 
 0.163002 0.659579 -0.044332 
 0.141494 0.660518 -0.057464 
 0.119985 0.661457 -0.070595 
 0.098477 0.662397 -0.083727 
 0.076968 0.663336 -0.096859 
 0.055460 0.664276 -0.109990 
 0.033951 0.665215 -0.123122 
 0.012443 0.666154 -0.136253 
 -0.009066 0.667094 -0.149385 
 -0.037335 0.668472 -0.146550 
 -0.058872 0.669413 -0.159698 
 -0.080408 0.670354 -0.172847 
 -0.115632 0.672180 -0.154166 
 -0.137224 0.673123 -0.167349 
 -0.186414 0.675847 -0.117009 
 -0.215045 0.677241 -0.114395 
 -0.236777 0.678190 -0.127663 
 -0.258508 0.679139 -0.140931 
 -0.280239 0.680088 -0.154199 
 -0.316049 0.681940 -0.135874 
 0.420480 0.623876 0.253509 
 0.398776 0.624824 0.240259 
 0.377073 0.625772 0.227008 
 0.355369 0.626720 0.213757 
 0.346130 0.626901 0.167929 
 0.337001 0.627077 0.122170 
 0.315409 0.628020 0.108988 
 0.306448 0.628189 0.063331 
 0.284912 0.629130 0.050182 
 0.269747 0.629681 0.020830 
 0.248238 0.630621 0.007698 
 0.226730 0.631560 -0.005434 
 0.205221 0.632499 -0.018565 
 0.183713 0.633439 -0.031697 
 0.162204 0.634378 -0.044828 
 0.153773 0.634524 -0.090162 
 0.132320 0.635461 -0.103259 
 0.110867 0.636398 -0.116357 
 0.089414 0.637335 -0.129455 
 0.054662 0.639075 -0.110486 
 0.033153 0.640015 -0.123618 
 0.011645 0.640954 -0.136749 
 -0.009864 0.641894 -0.149881 
 -0.031372 0.642833 -0.163012 
 -0.059670 0.644180 -0.160195 
 -0.081207 0.645121 -0.173344 
 -0.102743 0.646061 -0.186492 
 -0.124280 0.647002 -0.199641 
 -0.173418 0.649593 -0.149270 
 -0.208923 0.651366 -0.130760 
 -0.230627 0.652314 -0.144010 
 -0.252330 0.653262 -0.157261 
 -0.281046 0.654627 -0.154700 
 -0.302777 0.655576 -0.167967 
 -0.324508 0.656525 -0.181235 
 -0.346240 0.657474 -0.194503 
 0.419675 0.598447 0.253009 
 0.397971 0.599395 0.239758 
 0.376268 0.600343 0.226507 
 0.354564 0.601291 0.213257 
 0.345327 0.601537 0.167430 
 0.336200 0.601779 0.121673 
 0.314608 0.602722 0.108490 
 0.305649 0.602956 0.062834 
 0.284113 0.603897 0.049686 
 0.268949 0.604481 0.020334 
 0.247441 0.605420 0.007202 
 0.225932 0.606360 -0.005930 
 0.217335 0.606578 -0.051364 
 0.195882 0.607515 -0.064461 
 0.174429 0.608452 -0.077559 
 0.152977 0.609389 -0.090657 
 0.131524 0.610326 -0.103754 
 0.110071 0.611263 -0.116852 
 0.088618 0.612200 -0.129949 
 0.067166 0.613137 -0.143047 
 0.032355 0.614814 -0.124114 
 0.010847 0.615754 -0.137245 
 -0.010662 0.616693 -0.150377 
 -0.032170 0.617633 -0.163509 
 -0.060469 0.618947 -0.160692 
 -0.082006 0.619888 -0.173840 
 -0.103542 0.620828 -0.186989 
 -0.125078 0.621769 -0.200138 
 -0.160418 0.623469 -0.181528 
 -0.182010 0.624412 -0.194710 
 -0.217517 0.626120 -0.176202 
 -0.253135 0.627833 -0.157761 
 -0.281852 0.629166 -0.155201 
 -0.303583 0.630115 -0.168468 
 -0.318246 0.630677 -0.197513 
 -0.339949 0.631625 -0.210764 
 -0.361653 0.632572 -0.224015 
 0.431115 0.572392 0.219798 
 0.409467 0.573337 0.206581 
 0.387820 0.574283 0.193364 
 0.366172 0.575228 0.180148 
 0.344524 0.576174 0.166931 
 0.335400 0.576481 0.121175 
 0.326387 0.576783 0.075486 
 0.304850 0.577723 0.062338 
 0.289660 0.578341 0.032969 
 0.268151 0.579281 0.019838 
 0.246643 0.580220 0.006706 
 0.237992 0.580506 -0.038761 
 0.216539 0.581443 -0.051859 
 0.195087 0.582380 -0.064956 
 0.186659 0.582657 -0.110288 
 0.165262 0.583591 -0.123352 
 0.143865 0.584526 -0.136415 
 0.122468 0.585460 -0.149479 
 0.101071 0.586395 -0.162542 
 0.079674 0.587329 -0.175606 
 0.044917 0.588939 -0.156639 
 0.010049 0.590554 -0.137741 
 -0.011459 0.591493 -0.150873 
 -0.032968 0.592432 -0.164005 
 -0.054476 0.593372 -0.177136 
 -0.082805 0.594655 -0.174337 
 -0.097493 0.595251 -0.203399 
 -0.119002 0.596190 -0.216531 
 -0.147414 0.597477 -0.213783 
 -0.168950 0.598417 -0.226931 
 -0.218320 0.600757 -0.176702 
 -0.239967 0.601702 -0.189918 
 -0.296686 0.604408 -0.124080 
 -0.304389 0.604653 -0.168970 
 -0.326120 0.605602 -0.182237 
 -0.347852 0.606552 -0.195505 
 -0.369583 0.607501 -0.208773 
 0.442559 0.546467 0.186590 
 0.408665 0.547974 0.206082 
 0.387017 0.548919 0.192865 
 0.365369 0.549865 0.179648 
 0.356191 0.550240 0.133859 
 0.347124 0.550609 0.088138 
 0.325588 0.551550 0.074990 
 0.310371 0.552201 0.045605 
 0.288862 0.553141 0.032473 
 0.280102 0.553497 -0.013061 
 0.258649 0.554434 -0.026158 
 0.250057 0.554783 -0.071591 
 0.228660 0.555718 -0.084655 
 0.207263 0.556652 -0.097718 
 0.185865 0.557587 -0.110782 
 0.164469 0.558522 -0.123845 
 0.143072 0.559456 -0.136909 
 0.121674 0.560391 -0.149972 
 0.100277 0.561325 -0.163036 
 0.078880 0.562260 -0.176099 
 0.044121 0.563804 -0.157134 
 0.009251 0.565353 -0.138237 
 -0.012257 0.566293 -0.151369 
 -0.033766 0.567232 -0.164501 
 -0.055274 0.568171 -0.177632 
 -0.076783 0.569111 -0.190764 
 -0.098291 0.570050 -0.203895 
 -0.119800 0.570990 -0.217027 
 -0.148213 0.572244 -0.214280 
 -0.169749 0.573184 -0.227428 
 -0.219123 0.575393 -0.177201 
 -0.240770 0.576339 -0.190417 
 -0.283464 0.578243 -0.156203 
 -0.319281 0.579833 -0.137884 
 -0.341069 0.580785 -0.151186 
 -0.377053 0.582383 -0.132969 
 -0.398896 0.583337 -0.146305 
 -0.420739 0.584291 -0.159641 
 0.441758 0.521169 0.186092 
 0.407862 0.522610 0.205582 
 0.398574 0.523055 0.159727 
 0.376982 0.523998 0.146544 
 0.355390 0.524941 0.133361 
 0.346325 0.525376 0.087641 
 0.324789 0.526317 0.074493 
 0.303253 0.527258 0.061344 
 0.288064 0.527941 0.031977 
 0.266556 0.528880 0.018846 
 0.270660 0.528779 -0.059021 
 0.255694 0.529452 -0.088251 
 0.234325 0.530386 -0.101298 
 0.212956 0.531319 -0.114344 
 0.191586 0.532252 -0.127391 
 0.170217 0.533186 -0.140437 
 0.148848 0.534119 -0.153484 
 0.120881 0.535321 -0.150466 
 0.099484 0.536255 -0.163529 
 0.078086 0.537190 -0.176593 
 0.056689 0.538125 -0.189656 
 0.008453 0.540153 -0.138733 
 -0.013055 0.541092 -0.151865 
 -0.034564 0.542032 -0.164997 
 -0.056072 0.542971 -0.178128 
 -0.077581 0.543911 -0.191260 
 -0.099089 0.544850 -0.204391 
 -0.120598 0.545789 -0.217523 
 -0.142106 0.546729 -0.230655 
 -0.163615 0.547668 -0.243786 
 -0.192084 0.548892 -0.241073 
 -0.227597 0.550404 -0.222569 
 -0.277254 0.552494 -0.172514 
 -0.306001 0.553730 -0.169972 
 -0.341877 0.555258 -0.151688 
 -0.363664 0.556210 -0.164990 
 -0.385451 0.557161 -0.178292 
 -0.421549 0.558699 -0.160145 
 0.453209 0.495440 0.152888 
 0.419365 0.496814 0.172411 
 0.397773 0.497757 0.159229 
 0.376181 0.498700 0.146046 
 0.354589 0.499643 0.132863 
 0.345527 0.500143 0.087145 
 0.323990 0.501084 0.073996 
 0.302454 0.502025 0.060848 
 0.287266 0.502740 0.031481 
 0.291264 0.502775 -0.046451 
 0.276271 0.503482 -0.075697 
 0.254902 0.504415 -0.088744 
 0.233532 0.505349 -0.101790 
 0.212163 0.506282 -0.114837 
 0.190794 0.507215 -0.127884 
 0.169425 0.508149 -0.140930 
 0.148055 0.509082 -0.153977 
 0.126686 0.510015 -0.167023 
 0.105317 0.510949 -0.180070 
 0.083948 0.511882 -0.193116 
 0.055896 0.513055 -0.190150 
 0.021077 0.514471 -0.171221 
 -0.013853 0.515892 -0.152361 
 -0.035361 0.516831 -0.165493 
 -0.043281 0.517282 -0.210514 
 -0.078378 0.518710 -0.191756 
 -0.099887 0.519650 -0.204887 
 -0.121395 0.520589 -0.218019 
 -0.142904 0.521528 -0.231151 
 -0.164413 0.522468 -0.244282 
 -0.192883 0.523659 -0.241570 
 -0.228398 0.525106 -0.223067 
 -0.278059 0.527066 -0.173014 
 -0.306807 0.528269 -0.170473 
 -0.342685 0.529731 -0.152191 
 -0.364472 0.530683 -0.165492 
 -0.386259 0.531635 -0.178794 
 0.440156 0.470573 0.185096 
 0.406256 0.471883 0.204584 
 0.396972 0.472459 0.158731 
 0.375380 0.473402 0.145548 
 0.366264 0.473970 0.099797 
 0.344728 0.474911 0.086648 
 0.329486 0.475661 0.057248 
 0.307977 0.476601 0.044117 
 0.286469 0.477540 0.030985 
 0.290470 0.477705 -0.046944 
 0.275478 0.478445 -0.076190 
 0.254109 0.479378 -0.089237 
 0.232740 0.480312 -0.102283 
 0.211370 0.481245 -0.115330 
 0.190001 0.482178 -0.128376 
 0.168632 0.483111 -0.141423 
 0.147263 0.484045 -0.154469 
 0.125894 0.484978 -0.167516 
 0.104524 0.485911 -0.180562 
 0.083155 0.486845 -0.193609 
 0.055102 0.487985 -0.190643 
 0.020281 0.489336 -0.171716 
 -0.001172 0.490273 -0.184813 
 -0.036159 0.491631 -0.165989 
 -0.044077 0.492147 -0.211008 
 -0.079176 0.493510 -0.192252 
 -0.100685 0.494449 -0.205383 
 -0.122193 0.495389 -0.218515 
 -0.150609 0.496545 -0.215770 
 -0.172145 0.497486 -0.228918 
 -0.207607 0.498864 -0.210383 
 -0.243179 0.500248 -0.191915 
 -0.278864 0.501637 -0.173515 
 -0.307613 0.502808 -0.170974 
 -0.343493 0.504205 -0.152693 
 -0.379484 0.505607 -0.134481 
 -0.401326 0.506561 -0.147816 
 -0.423169 0.507515 -0.161152 
 0.439356 0.445274 0.184598 
 0.417763 0.446218 0.171415 
 0.396171 0.447161 0.158233 
 0.374579 0.448104 0.145050 
 0.365465 0.448737 0.099300 
 0.343929 0.449678 0.086151 
 0.328688 0.450461 0.056752 
 0.319825 0.451083 0.011155 
 0.298372 0.452020 -0.001942 
 0.276919 0.452957 -0.015040 
 0.268279 0.453570 -0.060501 
 0.246882 0.454504 -0.073565 
 0.225485 0.455439 -0.086628 
 0.204088 0.456374 -0.099692 
 0.182691 0.457308 -0.112756 
 0.167839 0.458074 -0.141916 
 0.146470 0.459008 -0.154962 
 0.125101 0.459941 -0.168009 
 0.103732 0.460874 -0.181055 
 0.082362 0.461808 -0.194102 
 0.060993 0.462741 -0.207148 
 0.032911 0.463850 -0.204200 
 0.011514 0.464784 -0.217264 
 -0.023420 0.466075 -0.198406 
 -0.031280 0.466654 -0.243391 
 -0.066326 0.467949 -0.224601 
 -0.087779 0.468886 -0.237698 
 -0.122991 0.470188 -0.219011 
 -0.151408 0.471312 -0.216266 
 -0.186816 0.472623 -0.197698 
 -0.208408 0.473566 -0.210880 
 -0.257965 0.475260 -0.160765 
 -0.279669 0.476208 -0.174015 
 -0.336608 0.478107 -0.108313 
 -0.344301 0.478678 -0.153196 
 -0.366088 0.479630 -0.166497 
 -0.437790 0.481938 -0.069622 
 -0.459772 0.482898 -0.083043 
 -0.481754 0.483858 -0.096464 
 0.438555 0.419976 0.184100 
 0.416962 0.420919 0.170917 
 0.395370 0.421862 0.157735 
 0.386203 0.422563 0.111952 
 0.364666 0.423504 0.098803 
 0.349399 0.424321 0.069388 
 0.340482 0.425011 0.023758 
 0.331677 0.425697 -0.021804 
 0.310280 0.426631 -0.034868 
 0.288883 0.427566 -0.047931 
 0.267486 0.428500 -0.060995 
 0.252524 0.429304 -0.090222 
 0.224691 0.430369 -0.087122 
 0.203294 0.431304 -0.100185 
 0.188416 0.432104 -0.129362 
 0.167047 0.433037 -0.142409 
 0.145677 0.433971 -0.155455 
 0.124308 0.434904 -0.168502 
 0.102939 0.435837 -0.181548 
 0.081570 0.436771 -0.194595 
 0.060201 0.437704 -0.207641 
 0.038831 0.438637 -0.220688 
 -0.022988 0.440435 -0.137871 
 -0.010677 0.440649 -0.230821 
 -0.032074 0.441584 -0.243884 
 -0.053471 0.442518 -0.256948 
 -0.088574 0.443751 -0.238193 
 -0.123789 0.444988 -0.219507 
 -0.145297 0.445928 -0.232639 
 -0.187616 0.447325 -0.198196 
 -0.223137 0.448576 -0.179697 
 -0.258770 0.449831 -0.161265 
 -0.301535 0.451248 -0.127095 
 -0.337418 0.452515 -0.108817 
 -0.373413 0.453786 -0.090607 
 -0.409520 0.455062 -0.072464 
 -0.438606 0.456182 -0.070129 
 -0.460588 0.457143 -0.083550 
 -0.482570 0.458103 -0.096971 
 -0.533413 0.459722 -0.047640 
 -0.606209 0.461849 0.048567 
 -0.628498 0.462822 0.034959 
 0.450013 0.394509 0.150901 
 0.428477 0.395449 0.137752 
 0.406940 0.396390 0.124604 
 0.385404 0.397330 0.111455 
 0.363868 0.398271 0.098307 
 0.348601 0.399121 0.068892 
 0.339686 0.399876 0.023264 
 0.330883 0.400627 -0.022298 
 0.309486 0.401561 -0.035361 
 0.288089 0.402496 -0.048425 
 0.266692 0.403430 -0.061488 
 0.251731 0.404267 -0.090715 
 0.230362 0.405200 -0.103762 
 0.208992 0.406134 -0.116808 
 0.187623 0.407067 -0.129855 
 0.166254 0.408000 -0.142901 
 0.144885 0.408934 -0.155948 
 0.123516 0.409867 -0.168994 
 0.102146 0.410800 -0.182041 
 0.080777 0.411734 -0.195088 
 0.059408 0.412667 -0.208134 
 0.038039 0.413600 -0.221181 
 -0.023787 0.415202 -0.138368 
 -0.011470 0.415580 -0.231314 
 -0.032867 0.416514 -0.244378 
 -0.054264 0.417449 -0.257441 
 -0.075661 0.418383 -0.270505 
 -0.145233 0.420141 -0.172329 
 -0.180645 0.421321 -0.153763 
 -0.223106 0.422627 -0.119407 
 -0.258769 0.423818 -0.100994 
 -0.294543 0.425015 -0.082649 
 -0.330428 0.426216 -0.064373 
 -0.352327 0.427172 -0.077742 
 -0.388380 0.428381 -0.059567 
 -0.417439 0.429467 -0.057216 
 -0.453686 0.430684 -0.039160 
 -0.475724 0.431647 -0.052615 
 -0.512139 0.432871 -0.034661 
 -0.534233 0.433836 -0.048149 
 -0.607036 0.435735 0.048053 
 -0.629325 0.436708 0.034445 
 -0.651613 0.437682 0.020837 
 0.470751 0.368335 0.163553 
 0.449214 0.369276 0.150404 
 0.427678 0.370216 0.137256 
 0.406142 0.371157 0.124107 
 0.384605 0.372098 0.110959 
 0.369312 0.372981 0.081527 
 0.360343 0.373804 0.035866 
 0.351486 0.374623 -0.009728 
 0.330089 0.375557 -0.022791 
 0.308692 0.376492 -0.035855 
 0.287295 0.377426 -0.048918 
 0.265898 0.378361 -0.061982 
 0.244501 0.379295 -0.075045 
 0.223104 0.380230 -0.088109 
 0.201707 0.381164 -0.101172 
 0.186831 0.382030 -0.130348 
 0.165461 0.382963 -0.143394 
 0.144092 0.383896 -0.156441 
 0.122723 0.384830 -0.169487 
 -0.033661 0.391444 -0.244871 
 -0.055058 0.392379 -0.257935 
 -0.076455 0.393313 -0.270998 
 -0.097852 0.394248 -0.284062 
 -0.243646 0.396733 -0.011399 
 -0.265545 0.397689 -0.024768 
 -0.287443 0.398646 -0.038138 
 -0.309342 0.399602 -0.051508 
 -0.331240 0.400559 -0.064878 
 -0.367240 0.401699 -0.046669 
 -0.396272 0.402752 -0.044302 
 -0.418254 0.403712 -0.057723 
 -0.454504 0.404864 -0.039668 
 -0.476542 0.405826 -0.053123 
 -0.512959 0.406985 -0.035170 
 -0.535053 0.407950 -0.048659 
 -0.557146 0.408915 -0.062148 
 -0.615605 0.410390 0.002626 
 -0.637838 0.411361 -0.010947 
 0.469952 0.343102 0.163056 
 0.448416 0.344043 0.149908 
 0.426879 0.344983 0.136759 
 0.405343 0.345924 0.123611 
 0.383806 0.346865 0.110462 
 0.368514 0.347781 0.081031 
 0.359547 0.348669 0.035372 
 0.350693 0.349553 -0.010221 
 0.329296 0.350487 -0.023285 
 0.307899 0.351422 -0.036348 
 0.286502 0.352356 -0.049412 
 0.265104 0.353291 -0.062475 
 0.243707 0.354226 -0.075539 
 0.209378 0.355228 -0.056311 
 0.200913 0.356095 -0.101666 
 0.179516 0.357029 -0.114729 
 0.164669 0.357926 -0.143887 
 0.143299 0.358859 -0.156934 
 -0.055852 0.367309 -0.258428 
 -0.077249 0.368244 -0.271492 
 -0.098646 0.369178 -0.284555 
 -0.258283 0.371183 0.019843 
 -0.280237 0.372141 0.006439 
 -0.302191 0.373100 -0.006964 
 -0.324145 0.374059 -0.020368 
 -0.346100 0.375018 -0.033772 
 -0.375105 0.376036 -0.031388 
 -0.397087 0.376997 -0.044809 
 -0.433283 0.378081 -0.026722 
 -0.455321 0.379043 -0.040177 
 -0.477359 0.380006 -0.053631 
 -0.499397 0.380968 -0.067086 
 -0.535872 0.382065 -0.049169 
 -0.557966 0.383029 -0.062657 
 -0.616430 0.384341 0.002114 
 -0.653267 0.385453 0.019809 
 -0.675555 0.386427 0.006201 
 0.469153 0.317869 0.162560 
 0.447617 0.318810 0.149411 
 0.426080 0.319750 0.136262 
 0.404544 0.320691 0.123114 
 0.383007 0.321632 0.109965 
 0.367716 0.322581 0.080535 
 0.358751 0.323534 0.034877 
 0.349899 0.324483 -0.010714 
 0.328502 0.325418 -0.023778 
 0.307105 0.326352 -0.036842 
 0.285708 0.327287 -0.049905 
 0.251488 0.328219 -0.030611 
 0.230035 0.329156 -0.043709 
 0.208582 0.330093 -0.056806 
 0.187129 0.331030 -0.069904 
 0.165676 0.331967 -0.083001 
 0.157325 0.332894 -0.128286 
 0.135928 0.333829 -0.141350 
 -0.279836 0.345522 0.066953 
 -0.301874 0.346485 0.053499 
 -0.309974 0.347401 0.008367 
 -0.331956 0.348361 -0.005053 
 -0.353938 0.349321 -0.018474 
 -0.375921 0.350281 -0.031895 
 -0.412063 0.351298 -0.013775 
 -0.434101 0.352260 -0.027230 
 -0.456139 0.353223 -0.040685 
 -0.492504 0.354249 -0.022700 
 -0.514598 0.355214 -0.036189 
 -0.536692 0.356179 -0.049678 
 -0.558785 0.357144 -0.063167 
 -0.617255 0.358292 0.001601 
 -0.639488 0.359263 -0.011973 
 -0.661720 0.360234 -0.025547 
 0.468354 0.292636 0.162063 
 0.446818 0.293577 0.148914 
 0.425281 0.294517 0.135766 
 0.403745 0.295458 0.122617 
 0.388427 0.296441 0.093171 
 0.379409 0.297462 0.047480 
 0.370502 0.298479 0.001856 
 0.349105 0.299413 -0.011208 
 0.334037 0.300385 -0.040500 
 0.306311 0.301283 -0.037335 
 0.284914 0.302217 -0.050399 
 0.250692 0.303084 -0.031106 
 0.229239 0.304021 -0.044203 
 0.194850 0.304896 -0.025013 
 0.186333 0.305895 -0.070398 
 0.164881 0.306832 -0.083496 
 0.156532 0.307824 -0.128780 
 0.135135 0.308759 -0.141843 
 -0.294481 0.319678 0.098189 
 -0.302691 0.320664 0.052990 
 -0.310789 0.321646 0.007860 
 -0.332772 0.322606 -0.005560 
 -0.354754 0.323566 -0.018981 
 -0.390843 0.324515 -0.000829 
 -0.412880 0.325477 -0.014283 
 -0.434918 0.326440 -0.027738 
 -0.471230 0.327398 -0.009721 
 -0.493324 0.328363 -0.023210 
 -0.529802 0.329329 -0.005296 
 -0.537511 0.330293 -0.050188 
 -0.574101 0.331263 -0.032341 
 -0.618079 0.332243 0.001088 
 -0.640312 0.333214 -0.012486 
 -0.662545 0.334185 -0.026059 
 0.455341 0.267244 0.194295 
 0.446019 0.268344 0.148418 
 0.424483 0.269285 0.135269 
 0.402946 0.270225 0.122121 
 0.387629 0.271241 0.092675 
 0.378613 0.272327 0.046985 
 0.369709 0.273409 0.001362 
 0.354614 0.274415 -0.027947 
 0.333244 0.275348 -0.040993 
 0.305518 0.276213 -0.037828 
 0.284121 0.277147 -0.050892 
 0.262723 0.278082 -0.063956 
 0.241326 0.279016 -0.077019 
 0.194052 0.279695 -0.025509 
 0.172544 0.280635 -0.038641 
 0.164085 0.281697 -0.083991 
 -0.295301 0.293793 0.097680 
 -0.317395 0.294758 0.084191 
 -0.325546 0.295806 0.039027 
 -0.347584 0.296769 0.025573 
 -0.369622 0.297732 0.012118 
 -0.391660 0.298694 -0.001337 
 -0.413698 0.299657 -0.014792 
 -0.449956 0.300547 0.003258 
 -0.472050 0.301512 -0.010231 
 -0.494143 0.302477 -0.023719 
 -0.530624 0.303378 -0.005806 
 -0.538331 0.304407 -0.050697 
 -0.574923 0.305312 -0.032852 
 -0.618904 0.306194 0.000575 
 -0.641137 0.307165 -0.012998 
 -0.663370 0.308136 -0.026572 
 0.476132 0.241003 0.206980 
 0.454540 0.241946 0.193797 
 0.445220 0.243111 0.147921 
 0.423684 0.244052 0.134772 
 0.402147 0.244992 0.121624 
 0.399270 0.246255 0.059588 
 0.377817 0.247192 0.046490 
 0.356364 0.248129 0.033393 
 0.353821 0.249378 -0.028439 
 0.332452 0.250311 -0.041486 
 0.311083 0.251244 -0.054533 
 0.289713 0.252178 -0.067579 
 0.261930 0.253012 -0.064449 
 0.240532 0.253947 -0.077513 
 0.206195 0.254688 -0.058290 
 0.184742 0.255625 -0.071388 
 0.163289 0.256562 -0.084486 
 -0.309952 0.267753 0.128911 
 -0.318214 0.268872 0.083681 
 -0.326364 0.269986 0.038519 
 -0.348402 0.270949 0.025064 
 -0.370440 0.271911 0.011610 
 -0.406588 0.272732 0.029726 
 -0.414515 0.273836 -0.015300 
 -0.450776 0.274661 0.002749 
 -0.472869 0.275626 -0.010740 
 -0.494963 0.276591 -0.024229 
 -0.531446 0.277427 -0.006317 
 -0.553595 0.278394 -0.019840 
 -0.575744 0.279361 -0.033363 
 -0.612451 0.280206 -0.015587 
 -0.634656 0.281176 -0.029143 
 0.475332 0.215704 0.206482 
 0.453739 0.216647 0.193299 
 0.444421 0.217878 0.147424 
 0.422885 0.218819 0.134276 
 0.401348 0.219759 0.121127 
 0.398474 0.221120 0.059093 
 0.389519 0.222335 0.013439 
 0.368121 0.223270 0.000375 
 0.346724 0.224204 -0.012688 
 0.325327 0.225139 -0.025752 
 0.303930 0.226073 -0.038815 
 0.282533 0.227008 -0.051879 
 0.248305 0.227679 -0.032590 
 0.226852 0.228616 -0.045688 
 0.192456 0.229295 -0.026501 
 0.170948 0.230234 -0.039633 
 0.149439 0.231174 -0.052765 
 0.127931 0.232113 -0.065896 
 -0.296940 0.242021 0.096661 
 -0.332923 0.242769 0.114877 
 -0.327181 0.244165 0.038011 
 -0.349219 0.245128 0.024556 
 -0.385314 0.245881 0.042705 
 -0.407408 0.246846 0.029217 
 -0.429502 0.247811 0.015728 
 -0.451595 0.248776 0.002239 
 -0.473689 0.249741 -0.011250 
 -0.510118 0.250508 0.006695 
 -0.532267 0.251475 -0.006828 
 -0.554417 0.252443 -0.020351 
 -0.591069 0.253220 -0.002542 
 -0.620553 0.254096 -0.000450 
 -0.642786 0.255067 -0.014024 
 0.474531 0.190406 0.205984 
 0.452939 0.191349 0.192801 
 0.443622 0.192645 0.146928 
 0.422086 0.193586 0.133779 
 0.400550 0.194526 0.120630 
 0.397678 0.195985 0.058598 
 0.388725 0.197265 0.012945 
 0.373605 0.198370 -0.016379 
 0.352236 0.199304 -0.029425 
 0.324534 0.200069 -0.026245 
 0.303136 0.201004 -0.039309 
 0.281740 0.201938 -0.052372 
 0.260342 0.202873 -0.065436 
 0.226056 0.203481 -0.046182 
 0.191659 0.204094 -0.026998 
 0.170150 0.205034 -0.040129 
 0.148641 0.205973 -0.053261 
 0.127133 0.206913 -0.066392 
 -0.346186 0.215139 0.207235 
 -0.354583 0.216394 0.161923 
 -0.355894 0.217785 0.100844 
 -0.378044 0.218753 0.087321 
 -0.400193 0.219720 0.073798 
 -0.422342 0.220687 0.060275 
 -0.444491 0.221655 0.046752 
 -0.466641 0.222622 0.033230 
 -0.503073 0.223324 0.051173 
 -0.525278 0.224294 0.037617 
 -0.547483 0.225264 0.024060 
 -0.569688 0.226234 0.010503 
 -0.591893 0.227204 -0.003054 
 0.473730 0.165108 0.205486 
 0.464360 0.166472 0.159580 
 0.442824 0.167412 0.146431 
 0.427455 0.168561 0.116954 
 0.405946 0.169500 0.103822 
 0.409328 0.171261 0.025515 
 0.387931 0.172196 0.012452 
 0.372812 0.173333 -0.016871 
 0.351443 0.174267 -0.029918 
 0.323740 0.174999 -0.026739 
 0.302343 0.175934 -0.039802 
 0.280946 0.176868 -0.052866 
 0.246713 0.177409 -0.033579 
 0.225260 0.178346 -0.046677 
 0.190861 0.178894 -0.027494 
 0.169352 0.179834 -0.040625 
 0.147844 0.180773 -0.053757 
 0.126335 0.181712 -0.066888 
 0.104827 0.182652 -0.080020 
 -0.369302 0.189998 0.193113 
 -0.370666 0.191489 0.132002 
 -0.392871 0.192459 0.118445 
 -0.415076 0.193429 0.104889 
 -0.423164 0.194736 0.059764 
 -0.445313 0.195704 0.046242 
 -0.467462 0.196671 0.032719 
 -0.503896 0.197308 0.050661 
 -0.533271 0.198114 0.052820 
 -0.555504 0.199085 0.039246 
 -0.577737 0.200056 0.025672 
 -0.592716 0.201187 -0.003566 
 0.470295 0.137885 0.283751 
 0.472929 0.139810 0.204988 
 0.463561 0.141239 0.159083 
 0.429745 0.141696 0.178622 
 0.420488 0.143120 0.132786 
 0.405148 0.144300 0.103326 
 0.408535 0.146191 0.025022 
 0.393389 0.147363 -0.004318 
 0.372020 0.148296 -0.017364 
 0.350650 0.149230 -0.030411 
 0.329281 0.150163 -0.043457 
 0.301549 0.150864 -0.040296 
 0.280152 0.151799 -0.053359 
 0.245917 0.152274 -0.034074 
 0.224464 0.153211 -0.047172 
 0.203012 0.154148 -0.060269 
 0.181559 0.155085 -0.073367 
 0.160106 0.156022 -0.086464 
 0.138653 0.156959 -0.099562 
 0.117200 0.157896 -0.112660 
 -0.378466 0.165267 0.147324 
 -0.393695 0.166442 0.117933 
 -0.415900 0.167412 0.104377 
 -0.438105 0.168382 0.090820 
 -0.460310 0.169352 0.077263 
 -0.489630 0.170123 0.079455 
 -0.504720 0.171292 0.050149 
 -0.534096 0.172065 0.052307 
 -0.556329 0.173036 0.038733 
 -0.578562 0.174007 0.025159 
 0.469490 0.112456 0.283251 
 0.472128 0.114511 0.204490 
 0.450536 0.115454 0.191307 
 0.441226 0.116946 0.145438 
 0.419689 0.117887 0.132289 
 0.404350 0.119099 0.102830 
 0.407741 0.121122 0.024529 
 0.392596 0.122326 -0.004810 
 0.371227 0.123259 -0.017857 
 0.349858 0.124192 -0.030904 
 0.328489 0.125126 -0.043950 
 0.300755 0.125794 -0.040789 
 0.279358 0.126729 -0.053853 
 0.257961 0.127664 -0.066916 
 0.223669 0.128076 -0.047667 
 0.202216 0.129013 -0.060764 
 0.180763 0.129950 -0.073862 
 0.159310 0.130887 -0.086959 
 0.137858 0.131824 -0.100057 
 -0.379290 0.139218 0.146811 
 -0.401523 0.140189 0.133237 
 -0.423756 0.141160 0.119664 
 -0.438928 0.142366 0.090308 
 -0.468222 0.143103 0.092516 
 -0.490455 0.144074 0.078942 
 -0.512688 0.145045 0.065368 
 -0.534920 0.146016 0.051794 
 -0.557153 0.146987 0.038221 
 -0.579386 0.147958 0.024647 
 0.468685 0.087027 0.282750 
 0.471327 0.089213 0.203992 
 0.449735 0.090156 0.190809 
 0.440427 0.091713 0.144941 
 0.425061 0.092960 0.115466 
 0.403553 0.093899 0.102334 
 0.406947 0.096052 0.024035 
 0.385550 0.096987 0.010971 
 0.370434 0.098222 -0.018350 
 0.349065 0.099155 -0.031396 
 0.327696 0.100089 -0.044443 
 0.299962 0.100725 -0.041283 
 0.278565 0.101659 -0.054346 
 0.257168 0.102594 -0.067410 
 0.222873 0.102941 -0.048161 
 0.201420 0.103878 -0.061259 
 0.179968 0.104815 -0.074356 
 0.158515 0.105752 -0.087454 
 -0.380115 0.113169 0.146298 
 -0.402348 0.114140 0.132725 
 -0.424581 0.115111 0.119151 
 -0.439752 0.116349 0.089796 
 -0.469047 0.117054 0.092003 
 -0.491279 0.118025 0.078429 
 -0.513512 0.118996 0.064856 
 -0.550091 0.119443 0.082708 
 -0.572380 0.120416 0.069100 
 -0.580211 0.121909 0.024134 
 -0.602444 0.122880 0.010560 
 0.479999 0.062285 0.249463 
 0.470526 0.063915 0.203494 
 0.448934 0.064858 0.190311 
 0.427342 0.065801 0.177129 
 0.418092 0.067421 0.131296 
 0.402755 0.068699 0.101838 
 0.406154 0.070982 0.023542 
 0.391011 0.072252 -0.005796 
 0.369642 0.073185 -0.018843 
 0.348272 0.074118 -0.031889 
 0.326903 0.075052 -0.044936 
 0.299168 0.075655 -0.041776 
 0.277771 0.076590 -0.054840 
 0.256374 0.077524 -0.067903 
 0.222077 0.077806 -0.048656 
 0.213580 0.079393 -0.094030 
 0.179172 0.079680 -0.074851 
 0.157719 0.080617 -0.087949 
 -0.380940 0.087120 0.145786 
 -0.403173 0.088091 0.132212 
 -0.425405 0.089062 0.118638 
 -0.447638 0.090033 0.105064 
 -0.484052 0.090408 0.123018 
 -0.506341 0.091381 0.109410 
 -0.514337 0.092947 0.064343 
 -0.550918 0.093328 0.082194 
 -0.573206 0.094302 0.068586 
 -0.595495 0.095275 0.054979 
 -0.617784 0.096249 0.041371 
 0.479196 0.036922 0.248963 
 0.469725 0.038617 0.202996 
 0.423668 0.038066 0.255248 
 0.414253 0.039758 0.209314 
 0.404949 0.041446 0.163448 
 0.383357 0.042389 0.150265 
 0.405360 0.045913 0.023048 
 0.383963 0.046847 0.009985 
 0.368849 0.048148 -0.019335 
 0.347480 0.049081 -0.032382 
 0.326111 0.050015 -0.045429 
 0.304741 0.050948 -0.058475 
 0.276977 0.051520 -0.055333 
 0.255580 0.052454 -0.068397 
 0.234183 0.053389 -0.081460 
 0.212786 0.054323 -0.094524 
 0.191389 0.055258 -0.107587 
 0.169992 0.056193 -0.120651 
 0.148595 0.057127 -0.133714 
 -0.351147 0.058453 0.204151 
 -0.373435 0.059426 0.190543 
 -0.381764 0.061071 0.145273 
 -0.403997 0.062042 0.131699 
 -0.426230 0.063013 0.118125 
 -0.448463 0.063984 0.104552 
 -0.484879 0.064294 0.122504 
 -0.507167 0.065267 0.108896 
 -0.515162 0.066898 0.063830 
 -0.551745 0.067214 0.081680 
 -0.574033 0.068188 0.068072 
 -0.596322 0.069161 0.054465 
 -0.618610 0.070135 0.040857 
 0.422862 0.012637 0.254747 
 0.425740 0.015205 0.176133 
 0.404148 0.016148 0.162950 
 0.394958 0.017896 0.117154 
 0.392108 0.020040 0.055135 
 0.383169 0.021777 0.009491 
 0.361772 0.022712 -0.003572 
 0.346687 0.024044 -0.032875 
 0.318978 0.024581 -0.029699 
 0.297581 0.025516 -0.042763 
 0.276184 0.026450 -0.055827 
 0.254787 0.027385 -0.068890 
 0.233389 0.028319 -0.081954 
 0.211993 0.029254 -0.095017 
 0.190595 0.030188 -0.108081 
 0.169198 0.031123 -0.121144 
 -0.151376 0.023577 0.326108 
 -0.173665 0.024551 0.312500 
 -0.218242 0.026498 0.285284 
 -0.240531 0.027471 0.271676 
 -0.262819 0.028445 0.258068 
 -0.285108 0.029418 0.244461 
 -0.307396 0.030392 0.230853 
 -0.329685 0.031365 0.217245 
 -0.338123 0.033080 0.171908 
 -0.360356 0.034051 0.158334 
 -0.382589 0.035022 0.144760 
 -0.397813 0.036361 0.115373 
 -0.420018 0.037330 0.101816 
 -0.449288 0.037935 0.104039 
 -0.471521 0.038907 0.090465 
 -0.507994 0.039153 0.108382 
 -0.515986 0.040849 0.063317 
 -0.552571 0.041100 0.081166 
 -0.574860 0.042073 0.067558 
 -0.597149 0.043047 0.053951 
 -0.619437 0.044020 0.040343 
 -0.641726 0.044994 0.026735 
 0.422057 -0.012792 0.254247 
 0.424939 -0.010094 0.175635 
 0.403347 -0.009151 0.162452 
 0.394159 -0.007337 0.116657 
 0.391312 -0.005095 0.054640 
 0.382375 -0.003292 0.008998 
 0.360978 -0.002358 -0.004066 
 0.345895 -0.000993 -0.033368 
 0.324525 -0.000060 -0.046414 
 0.303156 0.000874 -0.059461 
 0.275390 0.001380 -0.056320 
 0.260418 0.002740 -0.085554 
 0.232596 0.003249 -0.082447 
 0.217679 0.004607 -0.111647 
 0.196310 0.005540 -0.124693 
 0.174941 0.006474 -0.137740 
 -0.129914 -0.003511 0.339202 
 -0.152203 -0.002537 0.325594 
 -0.174491 -0.001564 0.311986 
 -0.196780 -0.000590 0.298378 
 -0.219069 0.000383 0.284770 
 -0.241357 0.001357 0.271162 
 -0.263646 0.002330 0.257554 
 -0.285934 0.003304 0.243947 
 -0.308223 0.004277 0.230339 
 -0.316715 0.006060 0.184969 
 -0.338948 0.007031 0.171395 
 -0.361181 0.008002 0.157821 
 -0.376432 0.009374 0.128418 
 -0.405647 0.009944 0.130674 
 -0.427879 0.010915 0.117100 
 -0.450112 0.011886 0.103526 
 -0.472345 0.012857 0.089952 
 -0.508821 0.013039 0.107868 
 -0.516811 0.014800 0.062805 
 -0.539044 0.015771 0.049231 
 -0.575687 0.015959 0.067044 
 -0.597975 0.016932 0.053437 
 -0.620264 0.017906 0.039829 
 -0.642553 0.018879 0.026221 
 0.421252 -0.038221 0.253746 
 0.411844 -0.036332 0.207816 
 0.402546 -0.034449 0.161954 
 0.393360 -0.032570 0.116160 
 0.390517 -0.030230 0.054146 
 0.369064 -0.029293 0.041048 
 0.360185 -0.027428 -0.004559 
 0.338788 -0.026493 -0.017623 
 0.317390 -0.025558 -0.030686 
 0.302363 -0.024163 -0.059954 
 0.274596 -0.023689 -0.056813 
 0.259625 -0.022297 -0.086046 
 0.231802 -0.021820 -0.082941 
 0.210405 -0.020886 -0.096004 
 0.195517 -0.019497 -0.125186 
 0.174148 -0.018563 -0.138233 
 -0.130741 -0.029625 0.338688 
 -0.153030 -0.028651 0.325080 
 -0.175318 -0.027678 0.311472 
 -0.197607 -0.026704 0.297864 
 -0.219895 -0.025731 0.284256 
 -0.242184 -0.024757 0.270648 
 -0.264473 -0.023784 0.257040 
 -0.286761 -0.022811 0.243433 
 -0.295307 -0.020960 0.198030 
 -0.317540 -0.019989 0.184456 
 -0.332845 -0.018582 0.155019 
 -0.362005 -0.018047 0.157309 
 -0.377255 -0.016642 0.127906 
 -0.420493 -0.016970 0.161785 
 -0.428704 -0.015134 0.116587 
 -0.450937 -0.014163 0.103013 
 -0.487359 -0.014049 0.120962 
 -0.509648 -0.013076 0.107354 
 -0.531936 -0.012102 0.093746 
 -0.554225 -0.011129 0.080138 
 -0.576513 -0.010155 0.066530 
 -0.598802 -0.009182 0.052923 
 -0.621091 -0.008208 0.039315 
 -0.643379 -0.007235 0.025707 
 0.420447 -0.063649 0.253246 
 0.411041 -0.061696 0.207317 
 0.401745 -0.059747 0.161456 
 0.392561 -0.057803 0.115664 
 0.377257 -0.056363 0.086226 
 0.368268 -0.054428 0.040553 
 0.359391 -0.052497 -0.005053 
 0.337994 -0.051563 -0.018116 
 0.316597 -0.050628 -0.031180 
 0.301571 -0.049201 -0.060446 
 0.273803 -0.048759 -0.057307 
 0.258833 -0.047334 -0.086539 
 0.231008 -0.046890 -0.083434 
 0.209612 -0.045955 -0.096498 
 0.194725 -0.044534 -0.125679 
 0.173356 -0.043601 -0.138726 
 0.151986 -0.042667 -0.151772 
 -0.131568 -0.055739 0.338174 
 -0.153856 -0.054766 0.324566 
 -0.176145 -0.053792 0.310958 
 -0.198434 -0.052819 0.297350 
 -0.220722 -0.051845 0.283742 
 -0.229433 -0.049922 0.238239 
 -0.251666 -0.048951 0.224665 
 -0.273899 -0.047980 0.211091 
 -0.296131 -0.047009 0.197517 
 -0.318364 -0.046038 0.183944 
 -0.333669 -0.044598 0.154507 
 -0.355874 -0.043628 0.140950 
 -0.385063 -0.043125 0.143222 
 -0.407296 -0.042154 0.129648 
 -0.422489 -0.040719 0.100280 
 -0.451762 -0.040212 0.102501 
 -0.488186 -0.040164 0.120448 
 -0.510474 -0.039190 0.106840 
 -0.518460 -0.037298 0.061779 
 -0.540693 -0.036327 0.048205 
 -0.577340 -0.036270 0.066016 
 -0.599629 -0.035296 0.052409 
 -0.621917 -0.034323 0.038801 
 0.419642 -0.089078 0.252745 
 0.422536 -0.085988 0.174141 
 0.413299 -0.083977 0.128316 
 0.391762 -0.083036 0.115167 
 0.388925 -0.080500 0.053156 
 0.367472 -0.079563 0.040059 
 0.358597 -0.077567 -0.005546 
 0.337200 -0.076632 -0.018610 
 0.315803 -0.075698 -0.031673 
 0.300778 -0.074238 -0.060939 
 0.273009 -0.073829 -0.057800 
 0.251612 -0.072894 -0.070864 
 0.230215 -0.071960 -0.083928 
 0.208818 -0.071025 -0.096991 
 0.193932 -0.069571 -0.126172 
 0.172563 -0.068638 -0.139218 
 0.151194 -0.067704 -0.152265 
 -0.110106 -0.082827 0.351267 
 -0.132394 -0.081853 0.337660 
 -0.141326 -0.079855 0.292022 
 -0.163559 -0.078884 0.278448 
 -0.185791 -0.077913 0.264874 
 -0.208024 -0.076942 0.251300 
 -0.230257 -0.075971 0.237726 
 -0.252490 -0.075000 0.224152 
 -0.274723 -0.074029 0.210579 
 -0.296956 -0.073058 0.197005 
 -0.319189 -0.072087 0.183431 
 -0.334492 -0.070614 0.153995 
 -0.363655 -0.070145 0.156283 
 -0.385888 -0.069174 0.142709 
 -0.408121 -0.068203 0.129136 
 -0.423313 -0.066735 0.099768 
 -0.452586 -0.066261 0.101988 
 -0.474819 -0.065290 0.088414 
 -0.497052 -0.064318 0.074840 
 -0.519285 -0.063347 0.061266 
 -0.541518 -0.062376 0.047693 
 -0.563751 -0.061405 0.034119 
 -0.600456 -0.061410 0.051894 
 0.421735 -0.111287 0.173643 
 0.400143 -0.110343 0.160460 
 0.390963 -0.108269 0.114670 
 0.388129 -0.105635 0.052661 
 0.366677 -0.104698 0.039564 
 0.357804 -0.102637 -0.006040 
 0.336407 -0.101702 -0.019103 
 0.315009 -0.100768 -0.032167 
 0.293612 -0.099833 -0.045230 
 0.272215 -0.098899 -0.058294 
 0.250818 -0.097964 -0.071357 
 0.229421 -0.097029 -0.084421 
 0.208024 -0.096095 -0.097484 
 0.186627 -0.095160 -0.110548 
 0.171770 -0.093675 -0.139711 
 0.163538 -0.091642 -0.184922 
 0.142224 -0.090711 -0.197935 
 -0.133221 -0.107968 0.337145 
 -0.142150 -0.105904 0.291509 
 -0.164383 -0.104933 0.277935 
 -0.186616 -0.103962 0.264361 
 -0.208849 -0.102991 0.250787 
 -0.224291 -0.101480 0.221267 
 -0.246496 -0.100510 0.207710 
 -0.275548 -0.100078 0.210066 
 -0.297781 -0.099107 0.196492 
 -0.320014 -0.098136 0.182918 
 -0.335316 -0.096631 0.153483 
 -0.357521 -0.095661 0.139926 
 -0.386712 -0.095223 0.142197 
 -0.408945 -0.094252 0.128623 
 -0.424136 -0.092751 0.099256 
 -0.446341 -0.091782 0.085699 
 -0.475644 -0.091339 0.087901 
 -0.497877 -0.090367 0.074327 
 -0.520110 -0.089396 0.060754 
 -0.542343 -0.088425 0.047180 
 -0.564576 -0.087454 0.033606 
 0.399342 -0.135642 0.159962 
 0.390165 -0.133502 0.114174 
 0.387334 -0.130770 0.052167 
 0.365881 -0.129833 0.039069 
 0.357010 -0.127706 -0.006533 
 0.335613 -0.126772 -0.019597 
 0.320562 -0.125245 -0.048878 
 0.299193 -0.124312 -0.061925 
 0.277824 -0.123378 -0.074971 
 0.256455 -0.122445 -0.088018 
 0.228627 -0.122099 -0.084915 
 0.207230 -0.121165 -0.097978 
 0.185833 -0.120230 -0.111041 
 0.164436 -0.119296 -0.124105 
 0.162747 -0.116613 -0.185414 
 0.141434 -0.115682 -0.198426 
 -0.111759 -0.135056 0.350239 
 -0.120742 -0.132924 0.304570 
 -0.136294 -0.131376 0.274982 
 -0.158499 -0.130406 0.261426 
 -0.180705 -0.129436 0.247869 
 -0.202909 -0.128466 0.234312 
 -0.225114 -0.127496 0.220755 
 -0.247320 -0.126526 0.207198 
 -0.269525 -0.125557 0.193641 
 -0.291730 -0.124587 0.180085 
 -0.313935 -0.123617 0.166528 
 -0.336140 -0.122647 0.152971 
 -0.358345 -0.121677 0.139414 
 -0.366575 -0.119579 0.094203 
 -0.388724 -0.118611 0.080680 
 -0.424960 -0.118768 0.098744 
 -0.447165 -0.117798 0.085187 
 -0.469370 -0.116828 0.071630 
 -0.498702 -0.116416 0.073815 
 -0.520934 -0.115445 0.060241 
 -0.543167 -0.114474 0.046667 
 0.410902 -0.159675 0.126826 
 0.395574 -0.158104 0.097374 
 0.386538 -0.155905 0.051672 
 0.377613 -0.153711 0.006037 
 0.362508 -0.152149 -0.023278 
 0.341139 -0.151215 -0.036325 
 0.319769 -0.150282 -0.049371 
 0.298400 -0.149349 -0.062418 
 0.277031 -0.148416 -0.075464 
 0.255662 -0.147482 -0.088511 
 0.234293 -0.146549 -0.101557 
 0.206437 -0.146234 -0.098471 
 0.185040 -0.145300 -0.111535 
 0.163642 -0.144365 -0.124599 
 0.148816 -0.142816 -0.153743 
 0.127447 -0.141882 -0.166790 
 -0.112586 -0.161170 0.349725 
 -0.114913 -0.158362 0.288027 
 -0.123754 -0.156171 0.242443 
 -0.159323 -0.156422 0.260913 
 -0.168053 -0.154236 0.215398 
 -0.203733 -0.154482 0.233800 
 -0.225938 -0.153513 0.220243 
 -0.248143 -0.152543 0.206686 
 -0.270348 -0.151573 0.193129 
 -0.292553 -0.150603 0.179572 
 -0.314758 -0.149633 0.166016 
 -0.336963 -0.148663 0.152459 
 -0.359168 -0.147694 0.138902 
 -0.367396 -0.145530 0.093692 
 -0.389546 -0.144563 0.080169 
 -0.425784 -0.144784 0.098232 
 -0.433844 -0.142628 0.053124 
 -0.455994 -0.141660 0.039601 
 -0.492399 -0.141875 0.057561 
 -0.514604 -0.140905 0.044004 
 -0.536809 -0.139935 0.030447 
 0.410103 -0.184908 0.126329 
 0.407195 -0.181977 0.064275 
 0.385742 -0.181040 0.051177 
 0.376820 -0.178780 0.005543 
 0.355423 -0.177846 -0.007520 
 0.340346 -0.176253 -0.036817 
 0.318977 -0.175319 -0.049864 
 0.297608 -0.174386 -0.062910 
 0.276238 -0.173453 -0.075957 
 0.254869 -0.172519 -0.089003 
 0.227040 -0.172239 -0.085901 
 0.192667 -0.172607 -0.066701 
 0.171214 -0.171670 -0.079798 
 0.149761 -0.170733 -0.092896 
 0.141452 -0.168500 -0.138155 
 0.126654 -0.166919 -0.167283 
 0.098658 -0.166631 -0.164283 
 0.077261 -0.165697 -0.177346 
 -0.111210 -0.180836 0.209907 
 -0.133303 -0.179871 0.196419 
 -0.155397 -0.178907 0.182930 
 -0.177491 -0.177942 0.169441 
 -0.199584 -0.176977 0.155952 
 -0.221678 -0.176012 0.142463 
 -0.243771 -0.175047 0.128975 
 -0.279621 -0.175351 0.147273 
 -0.301770 -0.174383 0.133750 
 -0.323919 -0.173416 0.120227 
 -0.346069 -0.172448 0.106704 
 -0.368218 -0.171481 0.093182 
 -0.390367 -0.170514 0.079659 
 -0.412517 -0.169546 0.066136 
 -0.434666 -0.168579 0.052613 
 -0.456815 -0.167611 0.039090 
 -0.493222 -0.167891 0.057049 
 -0.515427 -0.166921 0.043492 
 -0.537632 -0.165951 0.029935 
 0.409304 -0.210141 0.125832 
 0.406399 -0.207112 0.063780 
 0.397423 -0.204785 0.018114 
 0.376026 -0.203850 0.005050 
 0.354629 -0.202916 -0.008014 
 0.333232 -0.201981 -0.021077 
 0.318184 -0.200356 -0.050357 
 0.296815 -0.199423 -0.063403 
 0.275446 -0.198490 -0.076450 
 0.247644 -0.198243 -0.073331 
 0.226246 -0.197308 -0.086395 
 0.191871 -0.197742 -0.067196 
 0.170419 -0.196805 -0.080293 
 0.148966 -0.195868 -0.093391 
 0.127513 -0.194931 -0.106488 
 0.106060 -0.193994 -0.119586 
 0.084607 -0.193057 -0.132684 
 0.063154 -0.192120 -0.145781 
 -0.098661 -0.205371 0.177373 
 -0.120699 -0.204408 0.163919 
 -0.156217 -0.204792 0.182420 
 -0.178310 -0.203827 0.168931 
 -0.200404 -0.202862 0.155443 
 -0.222497 -0.201897 0.141954 
 -0.244591 -0.200932 0.128465 
 -0.266685 -0.199967 0.114976 
 -0.316406 -0.201666 0.164992 
 -0.338611 -0.200696 0.151435 
 -0.367778 -0.200390 0.153720 
 -0.390011 -0.199419 0.140146 
 -0.405226 -0.197787 0.110764 
 -0.427431 -0.196817 0.097207 
 -0.435488 -0.194530 0.052102 
 -0.457637 -0.193563 0.038580 
 -0.479786 -0.192595 0.025057 
 -0.501936 -0.191628 0.011534 
 -0.538456 -0.191968 0.029423 
 0.414690 -0.234644 0.109017 
 0.405603 -0.232247 0.063285 
 0.396629 -0.229854 0.017620 
 0.375232 -0.228920 0.004557 
 0.353835 -0.227985 -0.008507 
 0.338761 -0.226327 -0.037803 
 0.317392 -0.225393 -0.050849 
 0.296022 -0.224460 -0.063896 
 0.274653 -0.223527 -0.076942 
 0.253284 -0.222593 -0.089989 
 0.231915 -0.221660 -0.103036 
 0.204056 -0.221444 -0.099952 
 0.169623 -0.221940 -0.080788 
 0.148170 -0.221003 -0.093886 
 0.126717 -0.220066 -0.106983 
 0.092062 -0.220553 -0.087956 
 0.083811 -0.218192 -0.133178 
 0.062359 -0.217255 -0.146276 
 -0.099479 -0.231192 0.176865 
 -0.121517 -0.230229 0.163410 
 -0.157036 -0.230678 0.181911 
 -0.179130 -0.229713 0.168422 
 -0.201223 -0.228748 0.154933 
 -0.223317 -0.227783 0.141444 
 -0.245410 -0.226818 0.127956 
 -0.267504 -0.225853 0.114467 
 -0.303413 -0.226285 0.132728 
 -0.325563 -0.225318 0.119206 
 -0.361639 -0.225743 0.137366 
 -0.369861 -0.223383 0.092160 
 -0.406049 -0.223803 0.110252 
 -0.435302 -0.223526 0.112485 
 -0.450460 -0.221863 0.083138 
 -0.472665 -0.220894 0.069582 
 -0.494870 -0.219924 0.056025 
 -0.517075 -0.218954 0.042468 
 0.407707 -0.260607 0.124839 
 0.404808 -0.257382 0.062790 
 0.383355 -0.256445 0.049693 
 0.374439 -0.253990 0.004063 
 0.353041 -0.253055 -0.009000 
 0.337968 -0.251364 -0.038296 
 0.316599 -0.250430 -0.051342 
 0.295230 -0.249497 -0.064389 
 0.273861 -0.248564 -0.077435 
 0.252491 -0.247631 -0.090482 
 0.231122 -0.246697 -0.103528 
 0.203262 -0.246513 -0.100445 
 0.181865 -0.245579 -0.113509 
 0.147374 -0.246138 -0.094380 
 0.125921 -0.245201 -0.107478 
 0.104469 -0.244264 -0.120575 
 0.083016 -0.243327 -0.133673 
 0.048247 -0.243874 -0.114716 
 0.026738 -0.242935 -0.127847 
 -0.108906 -0.254570 0.130915 
 -0.144372 -0.255087 0.149447 
 -0.166410 -0.254124 0.135993 
 -0.202043 -0.254634 0.154424 
 -0.210486 -0.252199 0.109083 
 -0.246230 -0.252704 0.127446 
 -0.282086 -0.253204 0.145740 
 -0.304235 -0.252236 0.132218 
 -0.326384 -0.251269 0.118695 
 -0.362463 -0.251759 0.136854 
 -0.370683 -0.249334 0.091649 
 -0.406873 -0.249819 0.109740 
 -0.436126 -0.249575 0.111973 
 -0.451283 -0.247880 0.082626 
 -0.473488 -0.246910 0.069069 
 -0.502825 -0.246662 0.071251 
 -0.525058 -0.245690 0.057677 
 0.413094 -0.285045 0.108025 
 0.391585 -0.284105 0.094894 
 0.382559 -0.281580 0.049198 
 0.361106 -0.280643 0.036101 
 0.352248 -0.278125 -0.009494 
 0.337175 -0.276401 -0.038789 
 0.315806 -0.275468 -0.051835 
 0.294437 -0.274534 -0.064882 
 0.285884 -0.272030 -0.110288 
 0.264571 -0.271099 -0.123301 
 0.230330 -0.271734 -0.104021 
 0.208960 -0.270801 -0.117068 
 0.181071 -0.270648 -0.114002 
 0.146578 -0.271273 -0.094875 
 0.111975 -0.271893 -0.075817 
 0.090466 -0.270954 -0.088948 
 0.068957 -0.270014 -0.102080 
 0.047449 -0.269075 -0.115212 
 0.025940 -0.268135 -0.128343 
 -0.103007 -0.279553 0.114415 
 -0.145189 -0.280908 0.148939 
 -0.167227 -0.279945 0.135484 
 -0.202862 -0.280520 0.153914 
 -0.211303 -0.278020 0.108575 
 -0.247049 -0.278590 0.126937 
 -0.282907 -0.279155 0.145230 
 -0.305056 -0.278188 0.131707 
 -0.327206 -0.277220 0.118184 
 -0.349355 -0.276253 0.104661 
 -0.357517 -0.273765 0.059493 
 -0.393654 -0.274318 0.077615 
 -0.429902 -0.274866 0.095671 
 -0.452107 -0.273896 0.082114 
 -0.474312 -0.272926 0.068557 
 -0.496517 -0.271957 0.055001 
 -0.525882 -0.271739 0.057165 
 0.406109 -0.311073 0.123846 
 0.390788 -0.309306 0.094398 
 0.381763 -0.306715 0.048703 
 0.360311 -0.305778 0.035606 
 0.351454 -0.303195 -0.009987 
 0.336383 -0.301438 -0.039281 
 0.315014 -0.300505 -0.052328 
 0.293644 -0.299571 -0.065375 
 0.272275 -0.298638 -0.078421 
 0.250906 -0.297705 -0.091467 
 0.229537 -0.296771 -0.104514 
 0.208168 -0.295838 -0.117561 
 0.180278 -0.295718 -0.114496 
 0.158880 -0.294784 -0.127559 
 0.124330 -0.295471 -0.108467 
 0.102877 -0.294534 -0.121565 
 0.081424 -0.293597 -0.134663 
 0.059971 -0.292660 -0.147760 
 0.038519 -0.291723 -0.160858 
 0.017066 -0.290786 -0.173955 
 -0.146007 -0.306728 0.148431 
 -0.168045 -0.305765 0.134976 
 -0.190083 -0.304803 0.121521 
 -0.212120 -0.303840 0.108067 
 -0.247869 -0.304476 0.126427 
 -0.283729 -0.305106 0.144719 
 -0.305878 -0.304139 0.131196 
 -0.328027 -0.303171 0.117673 
 -0.350177 -0.302204 0.104150 
 -0.372326 -0.301236 0.090628 
 -0.408520 -0.301852 0.108716 
 -0.437776 -0.301673 0.110947 
 -0.460009 -0.300702 0.097373 
 -0.482241 -0.299731 0.083799 
 -0.497341 -0.297973 0.054488 
 0.405310 -0.336306 0.123349 
 0.402420 -0.332787 0.061306 
 0.380968 -0.331850 0.048209 
 0.372058 -0.329199 0.002583 
 0.350660 -0.328264 -0.010481 
 0.335590 -0.326475 -0.039774 
 0.314221 -0.325542 -0.052821 
 0.292852 -0.324608 -0.065867 
 0.271483 -0.323675 -0.078914 
 0.250113 -0.322742 -0.091960 
 0.228744 -0.321808 -0.105007 
 0.207375 -0.320875 -0.118053 
 0.179484 -0.320788 -0.114989 
 0.158087 -0.319853 -0.128053 
 0.136690 -0.318919 -0.141116 
 0.102081 -0.319669 -0.122060 
 0.080628 -0.318732 -0.135157 
 0.059176 -0.317795 -0.148255 
 0.024345 -0.318536 -0.129335 
 0.002836 -0.317597 -0.142467 
 -0.133335 -0.330876 0.115973 
 -0.155317 -0.329916 0.102553 
 -0.190900 -0.330623 0.121013 
 -0.212938 -0.329661 0.107558 
 -0.248689 -0.330361 0.125918 
 -0.270782 -0.329396 0.112429 
 -0.306700 -0.330090 0.130685 
 -0.328849 -0.329122 0.117162 
 -0.350998 -0.328155 0.103639 
 -0.359156 -0.325537 0.058474 
 -0.395297 -0.326220 0.076594 
 -0.431549 -0.326899 0.094647 
 -0.460833 -0.326751 0.096861 
 -0.483066 -0.325780 0.083287 
 0.404511 -0.361539 0.122852 
 0.401625 -0.357922 0.060811 
 0.380172 -0.356985 0.047714 
 0.371264 -0.354268 0.002089 
 0.349867 -0.353334 -0.010974 
 0.334798 -0.351512 -0.040267 
 0.313428 -0.350579 -0.053314 
 0.292059 -0.349645 -0.066360 
 0.270690 -0.348712 -0.079407 
 0.249321 -0.347779 -0.092453 
 0.227952 -0.346846 -0.105500 
 0.206582 -0.345912 -0.118546 
 0.178690 -0.345858 -0.115483 
 0.157293 -0.344923 -0.128546 
 0.135896 -0.343989 -0.141610 
 0.101286 -0.344804 -0.122554 
 0.079833 -0.343867 -0.135652 
 0.058380 -0.342930 -0.148750 
 0.023547 -0.343736 -0.129831 
 0.002038 -0.342797 -0.142963 
 -0.127404 -0.355762 0.099493 
 -0.156132 -0.355671 0.102046 
 -0.191717 -0.356444 0.120505 
 -0.213755 -0.355481 0.107050 
 -0.235793 -0.354519 0.093595 
 -0.271602 -0.355282 0.111919 
 -0.293695 -0.354317 0.098430 
 -0.329670 -0.355073 0.116652 
 -0.351820 -0.354106 0.103129 
 -0.359976 -0.351422 0.057964 
 -0.396118 -0.352171 0.076083 
 -0.432373 -0.352915 0.094135 
 -0.454578 -0.351945 0.080578 
 -0.476783 -0.350975 0.067021 
 0.403712 -0.386772 0.122356 
 0.388394 -0.384907 0.092910 
 0.366886 -0.383967 0.079778 
 0.357923 -0.381183 0.034122 
 0.336471 -0.380246 0.021024 
 0.327676 -0.377469 -0.024531 
 0.312636 -0.375616 -0.053806 
 0.291266 -0.374683 -0.066853 
 0.269897 -0.373749 -0.079899 
 0.248528 -0.372816 -0.092946 
 0.227159 -0.371883 -0.105992 
 0.205790 -0.370949 -0.119039 
 0.184420 -0.370016 -0.132086 
 0.163051 -0.369083 -0.145132 
 0.135102 -0.369058 -0.142103 
 0.113705 -0.368124 -0.155167 
 0.079037 -0.369002 -0.136147 
 0.057584 -0.368065 -0.149244 
 0.022749 -0.368937 -0.130327 
 -0.005479 -0.368900 -0.127468 
 -0.101231 -0.377878 0.035092 
 -0.150173 -0.380526 0.085582 
 -0.178930 -0.380466 0.088118 
 -0.200912 -0.379506 0.074697 
 -0.236611 -0.380339 0.093087 
 -0.258649 -0.379377 0.079632 
 -0.280686 -0.378414 0.066178 
 -0.316608 -0.379238 0.084432 
 -0.352641 -0.380057 0.102618 
 -0.360796 -0.377308 0.057455 
 -0.396940 -0.378122 0.075572 
 -0.433196 -0.378931 0.093623 
 -0.455401 -0.377962 0.080066 
 -0.477606 -0.376992 0.066509 
 0.390532 -0.413922 0.154485 
 0.387596 -0.410107 0.092414 
 0.366088 -0.409167 0.079282 
 0.357128 -0.406318 0.033627 
 0.335675 -0.405381 0.020529 
 0.326882 -0.402539 -0.025025 
 0.311843 -0.400653 -0.054299 
 0.290474 -0.399720 -0.067346 
 0.269105 -0.398786 -0.080392 
 0.247735 -0.397853 -0.093439 
 0.226366 -0.396920 -0.106485 
 0.204997 -0.395986 -0.119532 
 0.183628 -0.395053 -0.132578 
 0.155706 -0.395063 -0.129533 
 0.134309 -0.394128 -0.142597 
 0.099694 -0.395074 -0.123544 
 0.078241 -0.394137 -0.136641 
 0.056788 -0.393200 -0.149739 
 0.015259 -0.395074 -0.114816 
 -0.006278 -0.394133 -0.127964 
 -0.102041 -0.403470 0.034588 
 -0.137435 -0.404382 0.053164 
 -0.172942 -0.405289 0.071672 
 -0.194896 -0.404330 0.058269 
 -0.223709 -0.404301 0.060770 
 -0.259466 -0.405197 0.079124 
 -0.281504 -0.404235 0.065669 
 -0.317428 -0.405124 0.083923 
 -0.339522 -0.404159 0.070434 
 -0.361615 -0.403194 0.056945 
 -0.383709 -0.402229 0.043456 
 -0.405802 -0.401264 0.029967 
 -0.442060 -0.402139 0.048016 
 -0.478430 -0.403008 0.065997 
 0.402115 -0.437238 0.121362 
 0.386798 -0.435307 0.091918 
 0.365290 -0.434368 0.078786 
 0.343781 -0.433428 0.065654 
 0.334879 -0.430516 0.020035 
 0.326089 -0.427609 -0.025518 
 0.304692 -0.426674 -0.038582 
 0.289681 -0.424757 -0.067839 
 0.268312 -0.423823 -0.080885 
 0.246943 -0.422890 -0.093932 
 0.225574 -0.421957 -0.106978 
 0.204204 -0.421023 -0.120025 
 0.182835 -0.420090 -0.133071 
 0.161466 -0.419157 -0.146118 
 0.133515 -0.419198 -0.143090 
 0.098898 -0.420209 -0.124039 
 0.077445 -0.419272 -0.137136 
 0.055993 -0.418335 -0.150234 
 0.021154 -0.419337 -0.131319 
 -0.000355 -0.418398 -0.144451 
 -0.069107 -0.424227 -0.045777 
 -0.138248 -0.430039 0.052659 
 -0.160146 -0.429083 0.039289 
 -0.195710 -0.430053 0.057762 
 -0.217665 -0.429094 0.044359 
 -0.260283 -0.431018 0.078616 
 -0.282321 -0.430055 0.065161 
 -0.318247 -0.431010 0.083413 
 -0.340341 -0.430045 0.069924 
 -0.362435 -0.429080 0.056436 
 -0.384528 -0.428115 0.042947 
 -0.406622 -0.427150 0.029458 
 -0.428715 -0.426185 0.015969 
 0.407509 -0.461447 0.104553 
 0.386001 -0.460507 0.091422 
 0.364492 -0.459568 0.078290 
 0.342984 -0.458629 0.065158 
 0.334083 -0.455651 0.019540 
 0.312631 -0.454714 0.006442 
 0.303898 -0.451744 -0.039075 
 0.288888 -0.449794 -0.068331 
 0.267519 -0.448860 -0.081378 
 0.246150 -0.447927 -0.094424 
 0.224781 -0.446994 -0.107471 
 0.203412 -0.446060 -0.120517 
 0.175516 -0.446137 -0.117456 
 0.154118 -0.445202 -0.130520 
 0.132721 -0.444267 -0.143583 
 0.098103 -0.445344 -0.124533 
 0.076650 -0.444407 -0.137631 
 0.055197 -0.443470 -0.150728 
 0.020356 -0.444537 -0.131815 
 -0.001153 -0.443598 -0.144947 
 -0.069912 -0.449656 -0.046277 
 -0.125505 -0.453700 0.020245 
 -0.147347 -0.452746 0.006909 
 -0.182857 -0.453784 0.025414 
 -0.218479 -0.454817 0.043852 
 -0.247322 -0.454851 0.046335 
 -0.283139 -0.455876 0.064653 
 -0.305177 -0.454913 0.051198 
 -0.341161 -0.455931 0.069415 
 -0.363254 -0.454966 0.055926 
 -0.399405 -0.455976 0.074040 
 -0.407441 -0.453036 0.028948 
 -0.429535 -0.452071 0.015460 
 -0.451629 -0.451106 0.001971 
 0.400517 -0.487704 0.120369 
 0.385203 -0.485708 0.090926 
 0.363694 -0.484768 0.077794 
 0.342186 -0.483829 0.064662 
 0.320677 -0.482889 0.051531 
 0.311835 -0.479849 0.005948 
 0.303104 -0.476814 -0.039569 
 0.288096 -0.474831 -0.068824 
 0.266727 -0.473898 -0.081871 
 0.245358 -0.472964 -0.094917 
 0.223988 -0.472031 -0.107964 
 0.202619 -0.471098 -0.121010 
 0.181250 -0.470164 -0.134057 
 0.159881 -0.469231 -0.147103 
 0.131928 -0.469337 -0.144077 
 0.084084 -0.472556 -0.092917 
 0.062575 -0.471617 -0.106048 
 0.041067 -0.470677 -0.119180 
 0.019558 -0.469738 -0.132311 
 -0.008674 -0.469832 -0.129454 
 -0.070717 -0.475085 -0.046778 
 -0.099199 -0.475168 -0.044074 
 -0.148158 -0.478338 0.006406 
 -0.183669 -0.479441 0.024909 
 -0.205568 -0.478485 0.011540 
 -0.241247 -0.479580 0.029942 
 -0.270120 -0.479646 0.032407 
 -0.292102 -0.478686 0.018987 
 -0.341980 -0.481816 0.068905 
 -0.350070 -0.478809 0.023780 
 -0.386167 -0.479886 0.041928 
 -0.408261 -0.478921 0.028439 
 -0.430354 -0.477957 0.014950 
 -0.452448 -0.476992 0.001461 
 0.405914 -0.511847 0.103561 
 0.384405 -0.510908 0.090430 
 0.362896 -0.509969 0.077298 
 0.341388 -0.509029 0.064166 
 0.319879 -0.508090 0.051035 
 0.311039 -0.504984 0.005453 
 0.302311 -0.501883 -0.040062 
 0.287303 -0.499868 -0.069317 
 0.265934 -0.498935 -0.082363 
 0.244565 -0.498001 -0.095410 
 0.223196 -0.497068 -0.108456 
 0.201826 -0.496135 -0.121503 
 0.180457 -0.495201 -0.134550 
 0.159088 -0.494268 -0.147596 
 0.131134 -0.494407 -0.144570 
 0.083286 -0.497756 -0.093413 
 0.061777 -0.496817 -0.106544 
 0.040269 -0.495877 -0.119676 
 0.018760 -0.494938 -0.132807 
 -0.009473 -0.495065 -0.129951 
 -0.044513 -0.496254 -0.111159 
 -0.093225 -0.499565 -0.060529 
 -0.121736 -0.499680 -0.057843 
 -0.170811 -0.502976 -0.007434 
 -0.206380 -0.504142 0.011035 
 -0.242062 -0.505303 0.029436 
 -0.264016 -0.504344 0.016032 
 -0.292917 -0.504442 0.018480 
 -0.328849 -0.505592 0.036727 
 -0.364893 -0.506737 0.054907 
 -0.386987 -0.505772 0.041418 
 -0.409080 -0.504807 0.027929 
 -0.431174 -0.503842 0.014441 
 -0.453267 -0.502877 0.000952 
 -0.475361 -0.501912 -0.012537 
 0.398919 -0.538170 0.119376 
 0.383607 -0.536108 0.089933 
 0.362099 -0.535169 0.076802 
 0.340590 -0.534229 0.063670 
 0.319082 -0.533290 0.050539 
 0.297573 -0.532351 0.037407 
 0.288791 -0.529182 -0.008139 
 0.280120 -0.526018 -0.053619 
 0.265141 -0.523972 -0.082856 
 0.243772 -0.523038 -0.095903 
 0.222403 -0.522105 -0.108949 
 0.201034 -0.521172 -0.121996 
 0.179665 -0.520238 -0.135042 
 0.158295 -0.519305 -0.148089 
 0.130340 -0.519477 -0.145064 
 0.095715 -0.520749 -0.126018 
 0.074263 -0.519812 -0.139115 
 0.039471 -0.521078 -0.120172 
 0.017962 -0.520138 -0.133303 
 -0.010272 -0.520298 -0.130448 
 -0.045314 -0.521552 -0.111657 
 -0.094030 -0.524994 -0.061029 
 -0.115734 -0.524046 -0.074280 
 -0.157948 -0.526380 -0.039774 
 -0.179735 -0.525428 -0.053076 
 -0.229091 -0.528843 -0.002840 
 -0.264831 -0.530067 0.015526 
 -0.286785 -0.529108 0.002122 
 -0.329667 -0.531412 0.036219 
 -0.365712 -0.532623 0.054398 
 -0.387806 -0.531658 0.040909 
 -0.409900 -0.530693 0.027420 
 -0.431993 -0.529728 0.013931 
 -0.454087 -0.528763 0.000442 
 -0.476181 -0.527798 -0.013046 
 0.398121 -0.563403 0.118879 
 0.382809 -0.561309 0.089437 
 0.361301 -0.560369 0.076306 
 0.339792 -0.559430 0.063174 
 0.318284 -0.558490 0.050043 
 0.296775 -0.557551 0.036911 
 0.275267 -0.556612 0.023780 
 0.279326 -0.551088 -0.054113 
 0.264349 -0.549009 -0.083349 
 0.242980 -0.548075 -0.096396 
 0.215135 -0.548284 -0.093303 
 0.200241 -0.546209 -0.122489 
 0.172341 -0.546415 -0.119430 
 0.150944 -0.545481 -0.132494 
 0.129547 -0.544546 -0.145557 
 0.094920 -0.545884 -0.126512 
 0.060182 -0.547217 -0.107536 
 0.038673 -0.546278 -0.120668 
 0.017165 -0.545339 -0.133799 
 -0.011071 -0.545531 -0.130944 
 -0.032607 -0.544590 -0.144093 
 -0.081271 -0.548165 -0.093434 
 -0.116539 -0.549475 -0.074780 
 -0.145080 -0.549654 -0.072113 
 -0.180543 -0.550955 -0.053578 
 -0.216117 -0.552252 -0.035113 
 -0.251802 -0.553544 -0.016715 
 -0.287599 -0.554830 0.001616 
 -0.316530 -0.554992 0.004045 
 -0.366532 -0.558509 0.053888 
 -0.388626 -0.557544 0.040399 
 -0.410719 -0.556579 0.026910 
 -0.432813 -0.555614 0.013422 
 0.397322 -0.588635 0.118382 
 0.382012 -0.586509 0.088941 
 0.360503 -0.585569 0.075810 
 0.338995 -0.584630 0.062678 
 0.317486 -0.583691 0.049547 
 0.295977 -0.582751 0.036415 
 0.274469 -0.581812 0.023284 
 0.252960 -0.580872 0.010152 
 0.257135 -0.575223 -0.067670 
 0.242187 -0.573113 -0.096888 
 0.214341 -0.573354 -0.093797 
 0.192944 -0.572420 -0.106860 
 0.171547 -0.571485 -0.119924 
 0.150150 -0.570551 -0.132987 
 0.128753 -0.569616 -0.146051 
 0.094124 -0.571019 -0.127007 
 0.072671 -0.570082 -0.140105 
 0.037875 -0.571478 -0.121164 
 0.016367 -0.570539 -0.134295 
 -0.011870 -0.570764 -0.131441 
 -0.046916 -0.572149 -0.112653 
 -0.068508 -0.571205 -0.125836 
 -0.103722 -0.572583 -0.107150 
 -0.145886 -0.575115 -0.072614 
 -0.167617 -0.574166 -0.085882 
 -0.216927 -0.577844 -0.035616 
 -0.252614 -0.579201 -0.017220 
 -0.288413 -0.580553 0.001110 
 -0.310368 -0.579594 -0.012294 
 -0.332322 -0.578635 -0.025698 
 -0.389445 -0.583430 0.039890 
 -0.411539 -0.582465 0.026401 
 0.381214 -0.611709 0.088445 
 0.353450 -0.611987 0.091588 
 0.338197 -0.609830 0.062182 
 0.316688 -0.608891 0.049051 
 0.295180 -0.607952 0.035919 
 0.273671 -0.607012 0.022788 
 0.252163 -0.606073 0.009656 
 0.230654 -0.605133 -0.003476 
 0.222045 -0.601776 -0.048916 
 0.200592 -0.600839 -0.062014 
 0.179139 -0.599902 -0.075112 
 0.157687 -0.598965 -0.088209 
 0.136234 -0.598028 -0.101307 
 0.114781 -0.597091 -0.114404 
 0.093328 -0.596154 -0.127502 
 0.071875 -0.595217 -0.140599 
 0.037077 -0.596679 -0.121660 
 0.015569 -0.595739 -0.134791 
 -0.012668 -0.595996 -0.131938 
 -0.034205 -0.595056 -0.145086 
 -0.069309 -0.596504 -0.126334 
 -0.104525 -0.597947 -0.107649 
 -0.126173 -0.597001 -0.120866 
 -0.182159 -0.602009 -0.054583 
 -0.217737 -0.603436 -0.036120 
 -0.239580 -0.602482 -0.049456 
 -0.275325 -0.603902 -0.031095 
 -0.297224 -0.602945 -0.044464 
 -0.319122 -0.601989 -0.057834 
 0.380416 -0.636909 0.087949 
 0.358907 -0.635970 0.074818 
 0.337399 -0.635031 0.061686 
 0.315890 -0.634091 0.048555 
 0.294382 -0.633152 0.035423 
 0.272873 -0.632212 0.022291 
 0.251365 -0.631273 0.009160 
 0.229856 -0.630334 -0.003972 
 0.208348 -0.629394 -0.017103 
 0.186839 -0.628455 -0.030235 
 0.178344 -0.625037 -0.075606 
 0.156891 -0.624100 -0.088704 
 0.135438 -0.623163 -0.101801 
 0.113985 -0.622226 -0.114899 
 0.092532 -0.621289 -0.127996 
 0.071080 -0.620352 -0.141094 
 0.036280 -0.621879 -0.122156 
 0.014771 -0.620940 -0.135287 
 -0.006737 -0.620000 -0.148419 
 -0.035003 -0.620289 -0.145583 
 -0.056540 -0.619348 -0.158731 
 -0.105328 -0.623310 -0.108149 
 -0.147498 -0.626038 -0.073617 
 -0.182967 -0.627535 -0.055086 
 -0.232340 -0.631472 -0.004860 
 -0.254239 -0.630515 -0.018230 
 -0.276137 -0.629559 -0.031600 
 -0.298036 -0.628603 -0.044969 
 -0.319934 -0.627646 -0.058339 
 -0.341833 -0.626690 -0.071709 
 0.351852 -0.662453 0.090595 
 0.330316 -0.661512 0.077446 
 0.308780 -0.660572 0.064298 
 0.287243 -0.659631 0.051149 
 0.265707 -0.658690 0.038001 
 0.250567 -0.656473 0.008664 
 0.229058 -0.655534 -0.004468 
 0.207550 -0.654594 -0.017599 
 0.186041 -0.653655 -0.030731 
 0.177548 -0.650172 -0.076101 
 0.156095 -0.649235 -0.089199 
 0.134642 -0.648298 -0.102296 
 0.113189 -0.647361 -0.115394 
 0.091737 -0.646424 -0.128491 
 0.070284 -0.645487 -0.141589 
 0.035482 -0.647079 -0.122652 
 0.013973 -0.646140 -0.135784 
 -0.007535 -0.645200 -0.148915 
 -0.035802 -0.645522 -0.146079 
 -0.070911 -0.647100 -0.127329 
 -0.119759 -0.651190 -0.076782 
 -0.148304 -0.651499 -0.074118 
 -0.170036 -0.650550 -0.087386 
 -0.219358 -0.654620 -0.037128 
 -0.255051 -0.656173 -0.018735 
 -0.276950 -0.655216 -0.032105 
 -0.298848 -0.654260 -0.045474 
 -0.320747 -0.653303 -0.058844 
 -0.342645 -0.652347 -0.072214 
 0.351054 -0.687686 0.090098 
 0.329517 -0.686745 0.076950 
 0.307981 -0.685805 0.063801 
 0.286444 -0.684864 0.050653 
 0.264908 -0.683923 0.037504 
 0.243372 -0.682983 0.024355 
 0.228261 -0.680734 -0.004964 
 0.206752 -0.679795 -0.018095 
 0.185244 -0.678855 -0.031227 
 0.176752 -0.675307 -0.076596 
 0.155299 -0.674370 -0.089693 
 0.133846 -0.673433 -0.102791 
 0.112394 -0.672496 -0.115888 
 0.090941 -0.671559 -0.128986 
 0.069488 -0.670622 -0.142084 
 0.034684 -0.672280 -0.123148 
 0.013176 -0.671340 -0.136280 
 -0.008333 -0.670401 -0.149411 
 -0.036601 -0.670755 -0.146576 
 -0.085286 -0.674983 -0.095930 
 -0.120564 -0.676619 -0.077283 
 -0.149110 -0.676961 -0.074619 
 -0.170842 -0.676012 -0.087887 
 -0.220168 -0.680212 -0.037631 
 -0.242011 -0.679258 -0.050967 
 -0.277762 -0.680874 -0.032610 
 -0.299660 -0.679917 -0.045979 
 -0.335580 -0.681526 -0.027723 
 -0.378647 -0.684410 0.006260 
 -0.400685 -0.683448 -0.007195 
 0.328718 -0.711978 0.076453 
 0.307182 -0.711038 0.063305 
 0.285646 -0.710097 0.050156 
 0.264109 -0.709156 0.037007 
 0.242573 -0.708216 0.023859 
 0.227463 -0.705935 -0.005460 
 0.205954 -0.704995 -0.018591 
 0.184446 -0.704056 -0.031723 
 0.162937 -0.703116 -0.044855 
 0.141429 -0.702177 -0.057986 
 0.119920 -0.701237 -0.071118 
 0.111598 -0.697631 -0.116383 
 0.076903 -0.699359 -0.097381 
 0.055395 -0.698419 -0.110512 
 0.033886 -0.697480 -0.123644 
 0.012378 -0.696540 -0.136776 
 -0.015864 -0.696928 -0.133924 
 -0.037400 -0.695988 -0.147073 
 -0.086089 -0.700346 -0.096430 
 -0.121369 -0.702048 -0.077784 
 -0.143073 -0.701100 -0.091034 
 -0.171648 -0.701473 -0.088388 
 -0.207179 -0.703164 -0.069895 
 -0.242821 -0.704850 -0.051471 
 -0.264664 -0.703896 -0.064806 
 -0.300473 -0.705574 -0.046484 
 -0.336394 -0.707248 -0.028229 
 -0.365387 -0.707603 -0.025838 
 -0.387369 -0.706643 -0.039259 
 0.293752 -0.739027 0.095281 
 0.272160 -0.738084 0.082098 
 0.263310 -0.734389 0.036511 
 0.241774 -0.733449 0.023362 
 0.226665 -0.731135 -0.005956 
 0.205157 -0.730195 -0.019087 
 0.183648 -0.729256 -0.032219 
 0.162140 -0.728317 -0.045351 
 0.140631 -0.727377 -0.058482 
 0.119122 -0.726438 -0.071614 
 0.097614 -0.725498 -0.084745 
 0.076106 -0.724559 -0.097877 
 0.054597 -0.723620 -0.111008 
 0.033088 -0.722680 -0.124140 
 0.011580 -0.721741 -0.137272 
 -0.016663 -0.722161 -0.134421 
 -0.038199 -0.721221 -0.147569 
 -0.086892 -0.725710 -0.096929 
 -0.122174 -0.727477 -0.078284 
 -0.150723 -0.727884 -0.075621 
 -0.172454 -0.726935 -0.088889 
 -0.207987 -0.728691 -0.070397 
 -0.243631 -0.730442 -0.051974 
 -0.265474 -0.729488 -0.065310 
 -0.301285 -0.731232 -0.046989 
 -0.344220 -0.734319 -0.012925 
 -0.380282 -0.736051 0.005243 
 -0.402320 -0.735089 -0.008212 
 0.289388 -0.770916 0.172978 
 0.267685 -0.769968 0.159727 
 0.258670 -0.766201 0.114038 
 0.249767 -0.762439 0.068418 
 0.240975 -0.758682 0.022865 
 0.219439 -0.757741 0.009717 
 0.197902 -0.756800 -0.003432 
 0.182850 -0.754456 -0.032715 
 0.161342 -0.753517 -0.045847 
 0.139833 -0.752577 -0.058978 
 0.118325 -0.751638 -0.072110 
 0.096816 -0.750699 -0.085241 
 0.075308 -0.749759 -0.098373 
 0.053799 -0.748820 -0.111504 
 0.032291 -0.747880 -0.124636 
 0.010782 -0.746941 -0.137768 
 -0.017461 -0.747394 -0.134918 
 -0.052522 -0.749236 -0.116139 
 -0.087695 -0.751073 -0.097428 
 -0.122979 -0.752905 -0.078785 
 -0.151529 -0.753345 -0.076123 
 -0.187008 -0.755169 -0.057598 
 -0.222598 -0.756988 -0.039142 
 -0.244441 -0.756034 -0.052478 
 -0.266284 -0.755080 -0.065814 
 -0.302097 -0.756889 -0.047494 
 -0.338023 -0.758693 -0.029242 
 -0.367018 -0.759114 -0.026852 
 -0.389000 -0.758154 -0.040273 
 0.291501 -0.801630 0.234536 
 0.269714 -0.800679 0.221235 
 0.266879 -0.795397 0.159227 
 0.257867 -0.791565 0.113539 
 0.236220 -0.790619 0.100322 
 0.227374 -0.786794 0.054737 
 0.218640 -0.782974 0.009220 
 0.197103 -0.782033 -0.003928 
 0.182052 -0.779657 -0.033211 
 0.160544 -0.778717 -0.046343 
 0.139035 -0.777778 -0.059474 
 0.117527 -0.776838 -0.072606 
 0.096018 -0.775899 -0.085737 
 0.074510 -0.774959 -0.098869 
 0.053001 -0.774020 -0.112001 
 0.031493 -0.773081 -0.125132 
 0.009984 -0.772141 -0.138264 
 -0.018260 -0.772627 -0.135414 
 -0.053323 -0.774534 -0.116637 
 -0.088498 -0.776437 -0.097927 
 -0.123784 -0.778334 -0.079285 
 -0.166029 -0.781647 -0.044799 
 -0.187816 -0.780696 -0.058101 
 -0.223409 -0.782580 -0.039646 
 -0.245251 -0.781626 -0.052982 
 -0.281011 -0.783503 -0.034630 
 -0.302910 -0.782546 -0.047999 
 -0.324808 -0.781590 -0.061369 
 -0.346707 -0.780633 -0.074739 
 -0.389815 -0.783909 -0.040780 
 0.290692 -0.827157 0.234034 
 0.281487 -0.823251 0.188228 
 0.259756 -0.822302 0.174961 
 0.244371 -0.819878 0.145475 
 0.235417 -0.815983 0.099823 
 0.213769 -0.815037 0.086606 
 0.217841 -0.808207 0.008724 
 0.196304 -0.807266 -0.004425 
 0.174768 -0.806326 -0.017574 
 0.153232 -0.805385 -0.030722 
 0.131696 -0.804444 -0.043871 
 0.110159 -0.803504 -0.057019 
 0.088623 -0.802563 -0.070168 
 0.067086 -0.801622 -0.083317 
 0.045550 -0.800682 -0.096465 
 0.024014 -0.799741 -0.109614 
 0.002477 -0.798801 -0.122762 
 -0.019059 -0.797860 -0.135911 
 -0.054124 -0.799833 -0.117135 
 -0.089301 -0.801800 -0.098427 
 -0.131409 -0.805217 -0.063857 
 -0.153141 -0.804268 -0.077125 
 -0.188624 -0.806222 -0.058603 
 -0.224219 -0.808172 -0.040150 
 -0.246062 -0.807218 -0.053486 
 -0.281823 -0.809160 -0.035135 
 -0.324684 -0.812544 -0.001025 
 -0.346666 -0.811584 -0.014445 
 -0.347519 -0.806291 -0.075244 
 0.302413 -0.849662 0.200995 
 0.280681 -0.848712 0.187727 
 0.265269 -0.846255 0.158225 
 0.243566 -0.845307 0.144975 
 0.234614 -0.841346 0.099324 
 0.212966 -0.840401 0.086107 
 0.217042 -0.833440 0.008227 
 0.195506 -0.832499 -0.004922 
 0.173970 -0.831558 -0.018070 
 0.158948 -0.829118 -0.047335 
 0.130897 -0.829677 -0.044367 
 0.109360 -0.828737 -0.057516 
 0.087824 -0.827796 -0.070665 
 0.066288 -0.826855 -0.083813 
 0.044751 -0.825915 -0.096962 
 0.023215 -0.824974 -0.110110 
 0.001678 -0.824034 -0.123259 
 -0.033333 -0.826074 -0.104450 
 -0.068456 -0.828109 -0.085709 
 -0.103691 -0.830140 -0.067035 
 -0.132215 -0.830679 -0.064358 
 -0.181343 -0.835672 -0.013982 
 -0.203186 -0.834718 -0.027318 
 -0.238838 -0.836730 -0.008900 
 -0.260737 -0.835774 -0.022270 
 -0.296557 -0.837779 -0.003953 
 -0.318511 -0.836820 -0.017357 
 -0.347482 -0.837339 -0.014952 
 0.289076 -0.878211 0.233029 
 0.267289 -0.877259 0.219727 
 0.264464 -0.871683 0.157725 
 0.242761 -0.870735 0.144474 
 0.221057 -0.869787 0.131224 
 0.212163 -0.865764 0.085608 
 0.203379 -0.861746 0.040061 
 0.194707 -0.857732 -0.005418 
 0.173171 -0.856791 -0.018567 
 0.151634 -0.855851 -0.031716 
 0.130098 -0.854910 -0.044864 
 0.108561 -0.853970 -0.058013 
 0.087025 -0.853029 -0.071161 
 0.065489 -0.852088 -0.084310 
 0.043952 -0.851148 -0.097458 
 0.022416 -0.850207 -0.110607 
 -0.012542 -0.852315 -0.091765 
 -0.047611 -0.854418 -0.072992 
 -0.082792 -0.856517 -0.054285 
 -0.111290 -0.857089 -0.051592 
 -0.146666 -0.859179 -0.033005 
 -0.182154 -0.861264 -0.014486 
 -0.217752 -0.863344 0.003964 
 -0.239651 -0.862388 -0.009405 
 -0.275417 -0.864460 0.008944 
 -0.304333 -0.865015 0.011382 
 -0.326315 -0.864055 -0.002039 
 0.288268 -0.903737 0.232527 
 0.266481 -0.902786 0.219225 
 0.257337 -0.898686 0.173457 
 0.241956 -0.896164 0.143974 
 0.220252 -0.895216 0.130723 
 0.211360 -0.891128 0.085109 
 0.202578 -0.887044 0.039563 
 0.193908 -0.882965 -0.005915 
 0.172372 -0.882024 -0.019064 
 0.150835 -0.881084 -0.032212 
 0.129299 -0.880143 -0.045361 
 0.107762 -0.879203 -0.058510 
 0.086226 -0.878262 -0.071658 
 0.064690 -0.877321 -0.084807 
 0.043154 -0.876381 -0.097955 
 0.008249 -0.878556 -0.079081 
 -0.013343 -0.877613 -0.092263 
 -0.061894 -0.882893 -0.041535 
 -0.090365 -0.883500 -0.038825 
 -0.125687 -0.885657 -0.020205 
 -0.161121 -0.887810 -0.001654 
 -0.196666 -0.889958 0.016829 
 -0.218564 -0.889001 0.003459 
 -0.254277 -0.891142 0.021842 
 -0.283166 -0.891730 0.024296 
 -0.319073 -0.893862 0.042558 
 -0.341111 -0.892900 0.029103 
 0.287460 -0.929264 0.232024 
 0.265673 -0.928312 0.218723 
 0.256531 -0.924148 0.172956 
 0.241151 -0.921593 0.143473 
 0.219447 -0.920645 0.130223 
 0.210557 -0.916491 0.084609 
 0.201777 -0.912342 0.039065 
 0.193109 -0.908198 -0.006412 
 0.171573 -0.907257 -0.019560 
 0.150037 -0.906317 -0.032709 
 0.128500 -0.905376 -0.045857 
 0.106964 -0.904435 -0.059006 
 0.085427 -0.903495 -0.072155 
 0.063891 -0.902554 -0.085303 
 0.042355 -0.901614 -0.098452 
 0.007448 -0.903855 -0.079579 
 -0.027569 -0.906091 -0.060774 
 -0.062699 -0.908322 -0.042036 
 -0.091171 -0.908961 -0.039327 
 -0.126496 -0.911184 -0.020708 
 -0.161931 -0.913402 -0.002158 
 -0.197478 -0.915615 0.016324 
 -0.233137 -0.917823 0.034739 
 -0.255091 -0.916864 0.021335 
 -0.297853 -0.920645 0.055505 
 0.200976 -0.937640 0.038567 
 0.192310 -0.933431 -0.006909 
 0.170774 -0.932490 -0.020057 
 0.149238 -0.931550 -0.033206 
 0.127701 -0.930609 -0.046354 
 0.106165 -0.929668 -0.059503 
 0.084628 -0.928728 -0.072651 
 0.063092 -0.927787 -0.085800 
 0.041556 -0.926847 -0.098949 
 0.006647 -0.929153 -0.080077 
 -0.028372 -0.931454 -0.061273 
 -0.063504 -0.933751 -0.042536 
 -0.105517 -0.937663 -0.007909 
 