0.472770 0.855609 0.055408 
 0.454614 0.871177 0.049326 
 0.441279 0.889374 0.009749 
 0.423170 0.904902 0.003682 
 0.473915 0.819496 0.072985 
 0.458118 0.836463 0.050139 
 0.439963 0.852031 0.044056 
 0.421807 0.867599 0.037974 
 0.403651 0.883167 0.031891 
 0.385495 0.898735 0.025809 
 0.364840 0.913023 0.036443 
 0.346661 0.928611 0.030353 
 0.328482 0.944199 0.024263 
 0.477424 0.784737 0.073799 
 0.461623 0.801749 0.050952 
 0.443467 0.817317 0.044869 
 0.425311 0.832885 0.038787 
 0.407155 0.848453 0.032704 
 0.388999 0.864021 0.026622 
 0.370844 0.879589 0.020540 
 0.357724 0.897765 -0.018963 
 0.339615 0.913293 -0.025030 
 0.321506 0.928821 -0.031097 
 0.462754 0.765567 0.068523 
 0.446971 0.782604 0.045682 
 0.428815 0.798172 0.039600 
 0.410660 0.813739 0.033518 
 0.392504 0.829307 0.027435 
 0.374348 0.844875 0.021353 
 0.356192 0.860443 0.015270 
 0.348184 0.881326 -0.057625 
 0.335242 0.899431 -0.097067 
 0.317226 0.914879 -0.103103 
 0.299210 0.930327 -0.109138 
 0.466262 0.730809 0.069337 
 0.448083 0.746397 0.063246 
 0.432320 0.763458 0.040413 
 0.411725 0.777573 0.051066 
 0.396008 0.794594 0.028248 
 0.375367 0.808748 0.038885 
 0.357188 0.824336 0.032795 
 0.341541 0.841297 0.010001 
 0.333608 0.862278 -0.062868 
 0.320703 0.880433 -0.102296 
 0.302687 0.895881 -0.108331 
 0.284672 0.911329 -0.114367 
 0.451592 0.711639 0.064061 
 0.433413 0.727226 0.057970 
 0.415234 0.742814 0.051880 
 0.397055 0.758402 0.045790 
 0.381357 0.775448 0.022979 
 0.360696 0.789578 0.033609 
 0.342517 0.805166 0.027519 
 0.326889 0.822152 0.004732 
 0.319032 0.843231 -0.068110 
 0.300969 0.858719 -0.074161 
 0.282907 0.874207 -0.080212 
 0.432108 0.689344 0.092276 
 0.418743 0.708056 0.052694 
 0.400564 0.723644 0.046604 
 0.382385 0.739232 0.040514 
 0.364205 0.754820 0.034423 
 0.346026 0.770408 0.028333 
 0.327847 0.785995 0.022243 
 0.309668 0.801583 0.016153 
 0.304456 0.824183 -0.073352 
 0.286393 0.839671 -0.079403 
 0.268330 0.855159 -0.085455 
 0.417400 0.670124 0.086986 
 0.399175 0.685752 0.080880 
 0.385894 0.704474 0.041328 
 0.367714 0.720062 0.035238 
 0.349535 0.735650 0.029147 
 0.326272 0.748263 0.056457 
 0.313177 0.766825 0.016967 
 0.289820 0.779519 0.044245 
 0.271594 0.795147 0.038139 
 0.253369 0.810775 0.032033 
 0.253754 0.836112 -0.090697 
 0.402692 0.650905 0.081696 
 0.384467 0.666533 0.075591 
 0.366241 0.682161 0.069485 
 0.353044 0.700891 0.029961 
 0.334865 0.716479 0.023871 
 0.311564 0.729044 0.051167 
 0.288169 0.741689 0.078431 
 0.269897 0.757356 0.072310 
 0.251625 0.773024 0.066188 
 0.233352 0.788692 0.060067 
 0.409936 0.590374 0.189063 
 0.401330 0.612745 0.115978 
 0.383058 0.628413 0.109857 
 0.369759 0.647313 0.070301 
 0.351533 0.662941 0.064195 
 0.333307 0.678569 0.058089 
 0.315082 0.694197 0.051983 
 0.291696 0.706752 0.079249 
 0.268218 0.719388 0.106484 
 0.249899 0.735095 0.100347 
 0.231580 0.750803 0.094210 
 0.218607 0.769423 0.054764 
 0.395115 0.571007 0.183733 
 0.381667 0.590116 0.144127 
 0.363349 0.605823 0.137990 
 0.350040 0.624813 0.098432 
 0.331768 0.640480 0.092311 
 0.313495 0.656148 0.086189 
 0.295223 0.671816 0.080068 
 0.276951 0.687484 0.073946 
 0.253435 0.700070 0.101167 
 0.235116 0.715778 0.095030 
 0.211459 0.728484 0.122206 
 0.193094 0.744232 0.116053 
 0.174728 0.759980 0.109900 
 0.380294 0.551640 0.178402 
 0.366884 0.570798 0.138810 
 0.348565 0.586506 0.132673 
 0.335295 0.605544 0.093129 
 0.311927 0.617921 0.120399 
 0.293609 0.633629 0.114262 
 0.275290 0.649337 0.108125 
 0.256971 0.665044 0.101988 
 0.233370 0.677622 0.129181 
 0.220333 0.696460 0.089714 
 0.202014 0.712168 0.083576 
 0.183695 0.727875 0.077439 
 0.159908 0.740613 0.104570 
 0.370420 0.535772 0.139631 
 0.352101 0.551480 0.133493 
 0.333782 0.567188 0.127356 
 0.315463 0.582896 0.121219 
 0.297144 0.598603 0.115082 
 0.278826 0.614311 0.108945 
 0.260506 0.630019 0.102808 
 0.236915 0.642507 0.130003 
 0.218549 0.658255 0.123851 
 0.200184 0.674002 0.117698 
 0.181818 0.689750 0.111545 
 0.163452 0.705498 0.105392 
 0.145087 0.721246 0.099240 
 0.350653 0.512906 0.167742 
 0.337318 0.532162 0.128177 
 0.318999 0.547870 0.122040 
 0.295556 0.560149 0.149284 
 0.277191 0.575897 0.143131 
 0.258825 0.591645 0.136978 
 0.240460 0.607392 0.130826 
 0.222094 0.623140 0.124673 
 0.203729 0.638888 0.118520 
 0.185363 0.654636 0.112368 
 0.166997 0.670383 0.106215 
 0.148632 0.686131 0.100062 
 0.130266 0.701879 0.093909 
 0.335832 0.493539 0.162412 
 0.322535 0.512844 0.122860 
 0.304216 0.528552 0.116723 
 0.280736 0.540782 0.143953 
 0.262370 0.556530 0.137801 
 0.244005 0.572278 0.131648 
 0.225639 0.588025 0.125495 
 0.207273 0.603773 0.119343 
 0.186211 0.617882 0.129834 
 0.162381 0.630412 0.156947 
 0.152177 0.651016 0.100885 
 0.131044 0.665185 0.111353 
 0.112655 0.680953 0.105192 
 0.094266 0.696721 0.099032 
 0.321012 0.474172 0.157081 
 0.302646 0.489920 0.150929 
 0.284281 0.505667 0.144776 
 0.265915 0.521415 0.138623 
 0.247550 0.537163 0.132471 
 0.229184 0.552911 0.126318 
 0.210818 0.568658 0.120165 
 0.192453 0.584406 0.114012 
 0.165939 0.595163 0.157772 
 0.147504 0.610971 0.151596 
 0.134593 0.630026 0.112176 
 0.116205 0.645794 0.106016 
 0.097816 0.661561 0.099855 
 0.079427 0.677329 0.093695 
 0.311288 0.458501 0.118364 
 0.292969 0.474209 0.112227 
 0.269460 0.486301 0.139446 
 0.251094 0.502048 0.133293 
 0.232729 0.517796 0.127140 
 0.214363 0.533544 0.120988 
 0.193309 0.547563 0.131481 
 0.177632 0.565039 0.108682 
 0.151062 0.575722 0.152422 
 0.132627 0.591530 0.146246 
 0.114191 0.607338 0.140069 
 0.095756 0.623146 0.133893 
 0.077320 0.638953 0.127717 
 0.064587 0.657938 0.088358 
 0.291370 0.435438 0.146421 
 0.273005 0.451186 0.140268 
 0.254639 0.466934 0.134115 
 0.233637 0.480869 0.144626 
 0.215248 0.496636 0.138465 
 0.196859 0.512404 0.132305 
 0.178470 0.528172 0.126144 
 0.154621 0.540474 0.153247 
 0.136185 0.556282 0.147071 
 0.117750 0.572090 0.140895 
 0.099314 0.587897 0.134719 
 0.080879 0.603705 0.128543 
 0.062443 0.619513 0.122367 
 0.273964 0.414174 0.157770 
 0.255575 0.429942 0.151610 
 0.237186 0.445709 0.145449 
 0.213486 0.457803 0.172601 
 0.200409 0.477245 0.133128 
 0.182020 0.493013 0.126968 
 0.158179 0.505226 0.154073 
 0.139744 0.521033 0.147897 
 0.121308 0.536841 0.141721 
 0.102873 0.552649 0.135544 
 0.084437 0.568457 0.129368 
 0.071686 0.587619 0.090005 
 0.053297 0.603387 0.083844 
 0.259124 0.394782 0.152433 
 0.240736 0.410550 0.146273 
 0.217044 0.422554 0.173427 
 0.198608 0.438362 0.167251 
 0.180173 0.454170 0.161075 
 0.161737 0.469977 0.154898 
 0.143302 0.485785 0.148722 
 0.124867 0.501593 0.142546 
 0.100848 0.513877 0.169592 
 0.087995 0.533208 0.130194 
 0.069560 0.549016 0.124018 
 0.051124 0.564824 0.117842 
 0.038458 0.583995 0.078507 
 0.244285 0.375391 0.147096 
 0.225896 0.391159 0.140936 
 0.202167 0.403114 0.168076 
 0.183731 0.418921 0.161900 
 0.165296 0.434729 0.155724 
 0.146860 0.450537 0.149548 
 0.122898 0.462691 0.176611 
 0.109989 0.482152 0.137196 
 0.085934 0.494387 0.164228 
 0.073118 0.513768 0.124843 
 0.054683 0.529575 0.118667 
 0.036247 0.545383 0.112491 
 0.242596 0.336250 0.181254 
 0.224161 0.352058 0.175078 
 0.205725 0.367865 0.168902 
 0.187290 0.383673 0.162726 
 0.168854 0.399481 0.156550 
 0.150419 0.415288 0.150373 
 0.131983 0.431096 0.144197 
 0.107983 0.443202 0.171247 
 0.089501 0.459049 0.165055 
 0.071019 0.474897 0.158864 
 0.052537 0.490745 0.152672 
 0.039806 0.510135 0.113317 
 0.021370 0.525942 0.107141 
 0.227719 0.316809 0.175904 
 0.203961 0.328626 0.203034 
 0.185479 0.344474 0.196842 
 0.166997 0.360321 0.190650 
 0.148515 0.376169 0.184458 
 0.135542 0.395848 0.145023 
 0.111550 0.407864 0.172075 
 0.093068 0.423712 0.165883 
 0.074586 0.439559 0.159691 
 0.056104 0.455407 0.153500 
 0.037622 0.471255 0.147308 
 0.024929 0.490694 0.107966 
 0.006493 0.506502 0.101790 
 0.278679 0.318642 -0.123180 
 0.260663 0.334090 -0.129216 
 0.189046 0.309136 0.197669 
 0.170564 0.324984 0.191478 
 0.152082 0.340831 0.185286 
 0.133600 0.356679 0.179094 
 0.120665 0.376407 0.139672 
 0.096636 0.388374 0.166711 
 0.078154 0.404222 0.160519 
 0.059672 0.420070 0.154327 
 0.041189 0.435917 0.148136 
 0.022707 0.451765 0.141944 
 0.010052 0.471253 0.102616 
 -0.008384 0.487061 0.096440 
 0.434624 0.136026 -0.001122 
 0.416515 0.151554 -0.007189 
 0.403337 0.171571 -0.046690 
 0.385274 0.187059 -0.052741 
 0.372236 0.206956 -0.092196 
 0.354220 0.222404 -0.098231 
 0.336204 0.237852 -0.104267 
 0.320771 0.255444 -0.126981 
 0.302778 0.270872 -0.133009 
 0.282156 0.284196 -0.122373 
 0.264140 0.299644 -0.128409 
 0.240773 0.310962 -0.101151 
 0.211915 0.318272 -0.040645 
 0.155650 0.305494 0.186114 
 0.137167 0.321342 0.179922 
 0.118685 0.337189 0.173730 
 0.100203 0.353037 0.167538 
 0.081721 0.368885 0.161347 
 0.063239 0.384732 0.155155 
 0.044757 0.400580 0.148963 
 0.026275 0.416428 0.142771 
 0.007793 0.432275 0.136580 
 -0.004826 0.451813 0.097265 
 -0.023261 0.467620 0.091089 
 0.468185 0.097619 -0.077953 
 0.450192 0.113047 -0.083981 
 0.429761 0.126166 -0.073282 
 0.411746 0.141614 -0.079318 
 0.388761 0.152523 -0.051932 
 0.375714 0.172509 -0.091389 
 0.357698 0.187957 -0.097424 
 0.339682 0.203405 -0.103460 
 0.321666 0.218853 -0.109495 
 0.306251 0.236471 -0.132203 
 0.288258 0.251899 -0.138231 
 0.270266 0.267327 -0.144259 
 0.252273 0.282755 -0.150287 
 0.234280 0.298183 -0.156315 
 0.216288 0.313611 -0.162342 
 0.179108 0.314694 -0.051996 
 0.122253 0.301852 0.174558 
 0.103771 0.317699 0.168366 
 0.085289 0.333547 0.162174 
 0.066806 0.349395 0.155983 
 0.048324 0.365242 0.149791 
 0.029842 0.381090 0.143599 
 0.011360 0.396938 0.137407 
 -0.007122 0.412785 0.131216 
 -0.025604 0.428633 0.125024 
 -0.044086 0.444481 0.118832 
 0.494378 0.052616 -0.104621 
 0.481205 0.072791 -0.144119 
 0.453665 0.078645 -0.083175 
 0.435673 0.094073 -0.089203 
 0.417680 0.109501 -0.095231 
 0.397207 0.122615 -0.084546 
 0.379191 0.138063 -0.090582 
 0.361175 0.153511 -0.096618 
 0.343159 0.168959 -0.102653 
 0.327717 0.186641 -0.125370 
 0.309724 0.202069 -0.131398 
 0.291731 0.217497 -0.137425 
 0.273739 0.232925 -0.143453 
 0.255746 0.248353 -0.149481 
 0.237753 0.263781 -0.155509 
 0.219761 0.279209 -0.161537 
 0.199031 0.292543 -0.150938 
 0.181015 0.307991 -0.156973 
 0.162999 0.323439 -0.163009 
 0.144983 0.338887 -0.169044 
 0.070374 0.314057 0.156810 
 0.051892 0.329905 0.150619 
 0.033410 0.345753 0.144427 
 0.014928 0.361600 0.138235 
 -0.009400 0.373580 0.165170 
 -0.027929 0.389468 0.158962 
 -0.040519 0.409143 0.119660 
 -0.059001 0.424991 0.113468 
 0.533734 -0.012473 -0.091793 
 0.520459 0.007872 -0.131325 
 0.502560 0.023220 -0.137321 
 0.484660 0.038568 -0.143318 
 0.466761 0.053916 -0.149314 
 0.448861 0.069264 -0.155311 
 0.421153 0.075099 -0.094425 
 0.403160 0.090527 -0.100453 
 0.385168 0.105955 -0.106481 
 0.367175 0.121383 -0.112509 
 0.349182 0.136811 -0.118536 
 0.328620 0.149961 -0.107882 
 0.313197 0.167667 -0.130592 
 0.295204 0.183095 -0.136620 
 0.277212 0.198523 -0.142647 
 0.259219 0.213951 -0.148675 
 0.241226 0.229379 -0.154703 
 0.223233 0.244807 -0.160731 
 0.205241 0.260235 -0.166759 
 0.184492 0.273545 -0.156167 
 0.166477 0.288993 -0.162202 
 0.148461 0.304441 -0.168238 
 0.130445 0.319889 -0.174273 
 0.055459 0.294567 0.151446 
 0.031233 0.306378 0.178414 
 0.012705 0.322266 0.172207 
 -0.005824 0.338153 0.165999 
 -0.024353 0.354041 0.159792 
 -0.042881 0.369929 0.153585 
 -0.055434 0.389653 0.114296 
 -0.073916 0.405501 0.108104 
 0.550575 -0.067298 -0.051425 
 0.537198 -0.046785 -0.090989 
 0.514589 -0.036442 -0.063481 
 0.501305 -0.016009 -0.103014 
 0.483359 -0.000621 -0.109026 
 0.470216 0.019692 -0.148513 
 0.452316 0.035041 -0.154509 
 0.434417 0.050389 -0.160506 
 0.411575 0.060931 -0.133074 
 0.393629 0.076319 -0.139086 
 0.375683 0.091707 -0.145099 
 0.352655 0.102410 -0.117731 
 0.334662 0.117838 -0.123758 
 0.316670 0.133265 -0.129786 
 0.298677 0.148694 -0.135814 
 0.280685 0.164121 -0.141842 
 0.262692 0.179550 -0.147869 
 0.244699 0.194978 -0.153897 
 0.226706 0.210405 -0.159925 
 0.205986 0.223651 -0.149324 
 0.187970 0.239099 -0.155360 
 0.169954 0.254547 -0.161395 
 0.151938 0.269995 -0.167431 
 0.133922 0.285442 -0.173466 
 0.115906 0.300890 -0.179502 
 0.034810 0.270951 0.179244 
 0.016281 0.286839 0.173036 
 -0.002247 0.302727 0.166829 
 -0.020776 0.318614 0.160622 
 -0.039305 0.334502 0.154414 
 -0.057834 0.350390 0.148207 
 -0.076362 0.366277 0.142000 
 -0.094891 0.382165 0.135792 
 0.551767 -0.104307 -0.033841 
 0.536055 -0.086272 -0.056647 
 0.522716 -0.065710 -0.096198 
 0.500070 -0.055416 -0.068703 
 0.486823 -0.034934 -0.108222 
 0.468877 -0.019546 -0.114234 
 0.455771 0.000817 -0.153708 
 0.437872 0.016165 -0.159704 
 0.419972 0.031513 -0.165701 
 0.402073 0.046861 -0.171697 
 0.384174 0.062209 -0.177694 
 0.361201 0.072783 -0.150307 
 0.338135 0.083436 -0.122953 
 0.320143 0.098864 -0.128980 
 0.302150 0.114292 -0.135008 
 0.284157 0.129720 -0.141036 
 0.266165 0.145148 -0.147064 
 0.248172 0.160576 -0.153091 
 0.230179 0.176004 -0.159119 
 0.212187 0.191432 -0.165147 
 0.191447 0.204652 -0.154553 
 0.173431 0.220100 -0.160589 
 0.155415 0.235548 -0.166624 
 0.137399 0.250996 -0.172660 
 0.119384 0.266444 -0.178695 
 0.101368 0.281892 -0.184731 
 0.019858 0.251413 0.173866 
 0.001329 0.267300 0.167659 
 -0.017200 0.283188 0.161452 
 -0.041641 0.295020 0.188346 
 -0.054257 0.314963 0.149037 
 -0.078791 0.326875 0.175900 
 -0.091315 0.346738 0.136622 
 -0.109843 0.362626 0.130415 
 0.557520 -0.136102 -0.049814 
 0.544125 -0.115410 -0.089382 
 0.521535 -0.105246 -0.061869 
 0.508233 -0.084634 -0.101406 
 0.490287 -0.069246 -0.107418 
 0.472341 -0.053858 -0.113431 
 0.459226 -0.033406 -0.152906 
 0.441327 -0.018058 -0.158903 
 0.425889 -0.000218 -0.181615 
 0.405528 0.012638 -0.170896 
 0.387629 0.027986 -0.176892 
 0.372261 0.045766 -0.199581 
 0.351830 0.058682 -0.188885 
 0.328773 0.069246 -0.161528 
 0.310827 0.084634 -0.167540 
 0.287630 0.095318 -0.140230 
 0.269638 0.110746 -0.146258 
 0.251645 0.126174 -0.152286 
 0.233652 0.141602 -0.158314 
 0.215660 0.157030 -0.164341 
 0.197667 0.172458 -0.170369 
 0.176909 0.185654 -0.159782 
 0.158893 0.201102 -0.165817 
 0.140877 0.216550 -0.171853 
 0.122861 0.231998 -0.177888 
 0.104845 0.247446 -0.183924 
 0.086829 0.262894 -0.189960 
 0.004905 0.231874 0.168489 
 -0.013623 0.247761 0.162281 
 -0.038055 0.259504 0.189178 
 -0.056631 0.275432 0.182955 
 -0.069210 0.295424 0.143659 
 -0.093781 0.307287 0.170509 
 -0.112357 0.323215 0.164286 
 -0.130932 0.339143 0.158063 
 0.565535 -0.165111 -0.082566 
 0.543001 -0.155076 -0.055036 
 0.529643 -0.134335 -0.094590 
 0.511697 -0.118947 -0.100603 
 0.493751 -0.103559 -0.106615 
 0.475805 -0.088171 -0.112627 
 0.462681 -0.067630 -0.152104 
 0.444782 -0.052282 -0.158101 
 0.426882 -0.036934 -0.164098 
 0.411464 -0.019069 -0.186803 
 0.393588 -0.003741 -0.192792 
 0.373184 0.009110 -0.182087 
 0.357835 0.026915 -0.204769 
 0.337385 0.039807 -0.194080 
 0.314291 0.050322 -0.166736 
 0.296345 0.065710 -0.172748 
 0.278399 0.081098 -0.178761 
 0.260452 0.096486 -0.184773 
 0.237125 0.107200 -0.157508 
 0.219133 0.122628 -0.163536 
 0.201140 0.138056 -0.169563 
 0.183147 0.153484 -0.175591 
 0.162370 0.166656 -0.165011 
 0.144354 0.182104 -0.171046 
 0.126338 0.197552 -0.177082 
 0.108322 0.213000 -0.183117 
 0.090306 0.228448 -0.189153 
 0.072291 0.243896 -0.195188 
 -0.010047 0.212335 0.163111 
 -0.028576 0.228222 0.156904 
 -0.053045 0.239916 0.183787 
 -0.071621 0.255844 0.177564 
 -0.084162 0.275885 0.138282 
 -0.108771 0.287699 0.165118 
 -0.127347 0.303627 0.158895 
 -0.145922 0.319554 0.152672 
 0.586946 -0.214811 -0.075750 
 0.568999 -0.199423 -0.081762 
 0.551053 -0.184035 -0.087775 
 0.533107 -0.168647 -0.093787 
 0.515161 -0.153259 -0.099799 
 0.501935 -0.132549 -0.139310 
 0.484036 -0.117201 -0.145306 
 0.461323 -0.107095 -0.117835 
 0.443377 -0.091707 -0.123848 
 0.425431 -0.076319 -0.129860 
 0.412438 -0.055809 -0.169293 
 0.394538 -0.040461 -0.175289 
 0.376639 -0.025113 -0.181286 
 0.358740 -0.009765 -0.187282 
 0.340840 0.005583 -0.193279 
 0.322941 0.020931 -0.199275 
 0.299808 0.031397 -0.171945 
 0.281862 0.046785 -0.177957 
 0.263916 0.062173 -0.183969 
 0.245970 0.077561 -0.189981 
 0.222606 0.088227 -0.162730 
 0.204613 0.103655 -0.168758 
 0.186620 0.119083 -0.174785 
 0.168628 0.134511 -0.180813 
 0.147832 0.147657 -0.170239 
 0.129816 0.163105 -0.176275 
 0.111800 0.178554 -0.182310 
 0.093784 0.194001 -0.188346 
 0.069976 0.205047 -0.161243 
 0.051914 0.220535 -0.167294 
 -0.024999 0.192796 0.157733 
 -0.043528 0.208683 0.151526 
 -0.068035 0.220328 0.178396 
 -0.080586 0.240459 0.139111 
 -0.105186 0.252183 0.165950 
 -0.123761 0.268111 0.159727 
 -0.142337 0.284039 0.153504 
 -0.160912 0.299966 0.147281 
 0.583693 -0.257540 -0.024579 
 0.567939 -0.239307 -0.047396 
 0.554517 -0.218348 -0.086971 
 0.536571 -0.202960 -0.092983 
 0.518625 -0.187572 -0.098995 
 0.500679 -0.172184 -0.105007 
 0.482733 -0.156796 -0.111020 
 0.469591 -0.136077 -0.150501 
 0.451692 -0.120729 -0.156498 
 0.428895 -0.110632 -0.129056 
 0.410949 -0.095244 -0.135068 
 0.393003 -0.079856 -0.141080 
 0.380094 -0.059336 -0.180484 
 0.362194 -0.043988 -0.186481 
 0.344295 -0.028640 -0.192477 
 0.326396 -0.013292 -0.198474 
 0.308496 0.002056 -0.204470 
 0.290596 0.017404 -0.210467 
 0.267380 0.027861 -0.183165 
 0.249434 0.043248 -0.189178 
 0.231488 0.058637 -0.195190 
 0.213542 0.074025 -0.201202 
 0.190093 0.084681 -0.173980 
 0.172100 0.100109 -0.180007 
 0.154108 0.115537 -0.186035 
 0.133293 0.128659 -0.175468 
 0.115277 0.144107 -0.181504 
 0.097261 0.159555 -0.187539 
 0.073463 0.170511 -0.160434 
 0.055400 0.185999 -0.166485 
 -0.021423 0.157369 0.158563 
 -0.045874 0.168885 0.185451 
 -0.064450 0.184812 0.179228 
 -0.083025 0.200740 0.173005 
 -0.101601 0.216668 0.166782 
 -0.123230 0.230489 0.177075 
 -0.138751 0.248523 0.154336 
 -0.157327 0.264450 0.148113 
 -0.175902 0.280378 0.141890 
 -0.528833 0.583003 0.023653 
 -0.550999 0.597284 0.033767 
 -0.565984 0.614858 0.011208 
 -0.584559 0.630785 0.004985 
 0.569154 -0.276539 -0.029807 
 0.553420 -0.258281 -0.052618 
 0.540035 -0.237272 -0.092179 
 0.522089 -0.221884 -0.098192 
 0.504143 -0.206496 -0.104204 
 0.486197 -0.191108 -0.110216 
 0.468251 -0.175720 -0.116228 
 0.450305 -0.160332 -0.122240 
 0.432359 -0.144944 -0.128252 
 0.409478 -0.134857 -0.100841 
 0.391486 -0.119429 -0.106868 
 0.378521 -0.098780 -0.146289 
 0.360574 -0.083392 -0.152301 
 0.342629 -0.068004 -0.158313 
 0.324682 -0.052616 -0.164325 
 0.306736 -0.037228 -0.170337 
 0.288790 -0.021840 -0.176350 
 0.270844 -0.006452 -0.182362 
 0.252898 0.008936 -0.188374 
 0.234952 0.024324 -0.194386 
 0.211559 0.034851 -0.167146 
 0.193566 0.050279 -0.173174 
 0.175573 0.065707 -0.179202 
 0.157581 0.081135 -0.185229 
 0.139588 0.096563 -0.191257 
 0.118755 0.109661 -0.180697 
 0.100739 0.125109 -0.186732 
 0.076949 0.135976 -0.159625 
 0.044335 0.140112 -0.082857 
 -0.011980 0.126443 0.126281 
 -0.036375 0.137830 0.153186 
 -0.054904 0.153718 0.146978 
 -0.073433 0.169605 0.140771 
 -0.098015 0.181152 0.167614 
 -0.116590 0.197079 0.161391 
 -0.135166 0.213007 0.155168 
 -0.153741 0.228935 0.148945 
 -0.172317 0.244862 0.142722 
 -0.190892 0.260790 0.136499 
 -0.510212 0.529828 0.047061 
 -0.528811 0.545776 0.040830 
 -0.543823 0.563414 0.018262 
 -0.566008 0.577671 0.028369 
 -0.580974 0.595270 0.005816 
 -0.599549 0.611197 -0.000407 
 0.554616 -0.295537 -0.035036 
 0.538900 -0.277254 -0.057840 
 0.520907 -0.261826 -0.063868 
 0.507607 -0.240809 -0.103400 
 0.494400 -0.219872 -0.142902 
 0.471715 -0.210033 -0.115424 
 0.458602 -0.189176 -0.154895 
 0.440702 -0.173827 -0.160891 
 0.417877 -0.163869 -0.133461 
 0.399931 -0.148481 -0.139473 
 0.381985 -0.133093 -0.145485 
 0.364038 -0.117705 -0.151497 
 0.346092 -0.102317 -0.157509 
 0.328146 -0.086929 -0.163522 
 0.310200 -0.071541 -0.169534 
 0.292254 -0.056153 -0.175546 
 0.274308 -0.040765 -0.181558 
 0.256362 -0.025377 -0.187570 
 0.238416 -0.009989 -0.193582 
 0.215032 0.000450 -0.166340 
 0.197039 0.015878 -0.172368 
 0.179046 0.031306 -0.178396 
 0.161054 0.046734 -0.184424 
 0.140248 0.059767 -0.173854 
 0.122232 0.075215 -0.179890 
 0.098498 0.085953 -0.152765 
 0.080435 0.101441 -0.158816 
 0.050750 0.107669 -0.098608 
 0.017949 0.111761 -0.021905 
 -0.032799 0.102403 0.154015 
 -0.051328 0.118291 0.147808 
 -0.075854 0.129708 0.174668 
 -0.094430 0.145636 0.168445 
 -0.113005 0.161564 0.162222 
 -0.125443 0.181842 0.122979 
 -0.150156 0.193419 0.149777 
 -0.168731 0.209347 0.143554 
 -0.187306 0.225274 0.137331 
 -0.199557 0.245392 0.098149 
 -0.218086 0.261280 0.091942 
 -0.415019 0.439755 -0.009109 
 -0.426571 0.459273 -0.048057 
 -0.445006 0.475081 -0.054233 
 -0.470465 0.487298 -0.027685 
 -0.488947 0.503145 -0.033876 
 -0.507429 0.518993 -0.040068 
 -0.525912 0.534841 -0.046260 
 -0.544394 0.550688 -0.052452 
 -0.570132 0.563145 -0.025998 
 -0.588661 0.579033 -0.032205 
 -0.599840 0.598231 -0.071027 
 -0.618322 0.614079 -0.077218 
 -0.636804 0.629927 -0.083410 
 0.540077 -0.314535 -0.040265 
 0.522061 -0.299087 -0.046301 
 0.506387 -0.280800 -0.069090 
 0.488395 -0.265372 -0.075118 
 0.479956 -0.238747 -0.148097 
 0.457233 -0.228957 -0.120633 
 0.439287 -0.213569 -0.126645 
 0.421341 -0.198181 -0.132657 
 0.403395 -0.182793 -0.138669 
 0.385448 -0.167405 -0.144682 
 0.362446 -0.157376 -0.117312 
 0.344453 -0.141948 -0.123340 
 0.331610 -0.121241 -0.162718 
 0.313664 -0.105853 -0.168730 
 0.295718 -0.090465 -0.174742 
 0.277772 -0.075077 -0.180754 
 0.259826 -0.059689 -0.186767 
 0.236497 -0.049380 -0.159507 
 0.218505 -0.033952 -0.165535 
 0.200512 -0.018524 -0.171562 
 0.182519 -0.003096 -0.177590 
 0.161741 0.009873 -0.167012 
 0.143726 0.025320 -0.173048 
 0.125710 0.040768 -0.179083 
 0.101984 0.051417 -0.151956 
 0.083922 0.066905 -0.158007 
 0.054254 0.072955 -0.097795 
 0.027325 0.081504 -0.054203 
 -0.008588 0.083214 0.038993 
 -0.047751 0.082864 0.148638 
 -0.066280 0.098752 0.142430 
 -0.084809 0.114640 0.136223 
 -0.103337 0.130527 0.130016 
 -0.127995 0.141976 0.156831 
 -0.140395 0.162303 0.117601 
 -0.158924 0.178190 0.111394 
 -0.183721 0.189758 0.138162 
 -0.195981 0.209966 0.098979 
 -0.214510 0.225853 0.092772 
 -0.233039 0.241741 0.086564 
 -0.404577 0.408217 -0.041055 
 -0.423012 0.424025 -0.047231 
 -0.441448 0.439832 -0.053407 
 -0.459883 0.455640 -0.059583 
 -0.478319 0.471448 -0.065759 
 -0.503862 0.483655 -0.039240 
 -0.522344 0.499503 -0.045432 
 -0.540826 0.515351 -0.051624 
 -0.552061 0.534679 -0.090464 
 -0.577790 0.547046 -0.064007 
 -0.596272 0.562894 -0.070199 
 -0.614755 0.578742 -0.076391 
 -0.633237 0.594589 -0.082583 
 -0.651719 0.610437 -0.088774 
 0.498173 -0.329621 0.015487 
 0.489507 -0.302638 -0.057565 
 0.473875 -0.284346 -0.080340 
 0.465511 -0.257622 -0.153292 
 0.442751 -0.247882 -0.125841 
 0.424804 -0.232494 -0.131854 
 0.406859 -0.217106 -0.137866 
 0.388912 -0.201718 -0.143878 
 0.365919 -0.191778 -0.116507 
 0.347926 -0.176350 -0.122534 
 0.329934 -0.160922 -0.128562 
 0.311941 -0.145494 -0.134590 
 0.293948 -0.130066 -0.140618 
 0.275956 -0.114638 -0.146646 
 0.257963 -0.099210 -0.152673 
 0.239970 -0.083782 -0.158701 
 0.221977 -0.068354 -0.164729 
 0.203985 -0.052926 -0.170757 
 0.183235 -0.040022 -0.160170 
 0.165219 -0.024574 -0.166205 
 0.147203 -0.009126 -0.172241 
 0.123533 0.001394 -0.145096 
 0.105471 0.016882 -0.151147 
 0.087408 0.032370 -0.157198 
 0.063552 0.043049 -0.130116 
 0.036683 0.051425 -0.086505 
 -0.005043 0.048100 0.039816 
 -0.026375 0.061503 0.050206 
 -0.062704 0.063325 0.143260 
 -0.081232 0.079213 0.137053 
 -0.099761 0.095101 0.130845 
 -0.118290 0.110988 0.124638 
 -0.136818 0.126876 0.118431 
 -0.155347 0.142764 0.112223 
 -0.173876 0.158651 0.106016 
 -0.192405 0.174539 0.099809 
 -0.217286 0.186098 0.126548 
 -0.229462 0.206314 0.087394 
 -0.247991 0.222202 0.081187 
 -0.266520 0.238089 0.074979 
 -0.382583 0.357161 -0.034053 
 -0.401018 0.372969 -0.040229 
 -0.419454 0.388776 -0.046405 
 -0.437889 0.404584 -0.052582 
 -0.456325 0.420392 -0.058758 
 -0.474760 0.436200 -0.064934 
 -0.493196 0.452007 -0.071110 
 -0.511631 0.467815 -0.077286 
 -0.530067 0.483623 -0.083462 
 -0.548502 0.499430 -0.089638 
 -0.566938 0.515238 -0.095814 
 -0.585373 0.531046 -0.101991 
 -0.603809 0.546853 -0.108167 
 -0.629669 0.559252 -0.081755 
 -0.648151 0.575099 -0.087947 
 -0.666634 0.590947 -0.094138 
 0.512849 -0.388618 0.072655 
 0.497003 -0.370102 0.049810 
 0.483560 -0.348717 0.010231 
 0.470209 -0.327413 -0.029314 
 0.456952 -0.306188 -0.068829 
 0.446215 -0.282195 -0.125038 
 0.428268 -0.266807 -0.131050 
 0.410322 -0.251418 -0.137062 
 0.392376 -0.236031 -0.143074 
 0.369392 -0.226179 -0.115701 
 0.351399 -0.210751 -0.121729 
 0.330840 -0.198052 -0.111078 
 0.312824 -0.182604 -0.117114 
 0.297421 -0.164467 -0.139812 
 0.279429 -0.149039 -0.145840 
 0.258776 -0.136260 -0.135221 
 0.240760 -0.120812 -0.141256 
 0.222744 -0.105364 -0.147292 
 0.204728 -0.089916 -0.153327 
 0.186712 -0.074468 -0.159363 
 0.168696 -0.059020 -0.165399 
 0.145082 -0.048629 -0.138236 
 0.132664 -0.028124 -0.177470 
 0.108957 -0.017653 -0.150338 
 0.085157 -0.007103 -0.123238 
 0.058371 0.001079 -0.079601 
 0.040192 0.016667 -0.085691 
 0.010257 0.022620 -0.025572 
 -0.019864 0.028733 0.034486 
 -0.047185 0.037374 0.077943 
 -0.071639 0.048484 0.104825 
 -0.096185 0.059674 0.131675 
 -0.114713 0.075562 0.125468 
 -0.133242 0.091449 0.119260 
 -0.151771 0.107337 0.113053 
 -0.170300 0.123225 0.106846 
 -0.188828 0.139112 0.100638 
 -0.207357 0.155000 0.094431 
 -0.225886 0.170888 0.088224 
 -0.244414 0.186775 0.082016 
 -0.262943 0.202663 0.075809 
 -0.281472 0.218551 0.069602 
 -0.311906 0.254504 0.024332 
 -0.330388 0.270351 0.018141 
 -0.348870 0.286199 0.011949 
 -0.367352 0.302047 0.005757 
 -0.379024 0.321913 -0.033228 
 -0.397460 0.337720 -0.039404 
 -0.415895 0.353528 -0.045580 
 -0.434331 0.369336 -0.051756 
 -0.452766 0.385143 -0.057932 
 -0.471202 0.400951 -0.064108 
 -0.489637 0.416759 -0.070284 
 -0.508073 0.432566 -0.076460 
 -0.526508 0.448374 -0.082637 
 -0.544944 0.464182 -0.088813 
 -0.563379 0.479990 -0.094989 
 -0.581815 0.495797 -0.101165 
 -0.607620 0.508067 -0.074736 
 -0.626102 0.523914 -0.080927 
 0.511748 -0.429362 0.106998 
 0.493522 -0.413734 0.100892 
 0.480000 -0.392200 0.061289 
 0.461821 -0.376612 0.055198 
 0.450837 -0.352286 -0.001091 
 0.437570 -0.330972 -0.040608 
 0.426843 -0.306865 -0.096812 
 0.408850 -0.291437 -0.102840 
 0.395840 -0.270343 -0.142271 
 0.372865 -0.260581 -0.114895 
 0.359948 -0.239567 -0.154295 
 0.336879 -0.229725 -0.126951 
 0.316302 -0.217050 -0.116307 
 0.298286 -0.201602 -0.122343 
 0.282901 -0.183441 -0.145034 
 0.264909 -0.168013 -0.151062 
 0.244238 -0.155258 -0.140449 
 0.226222 -0.139810 -0.146485 
 0.202757 -0.129629 -0.119273 
 0.184694 -0.114141 -0.125325 
 0.166631 -0.098653 -0.131376 
 0.148569 -0.083165 -0.137427 
 0.130506 -0.067677 -0.143478 
 0.112444 -0.052189 -0.149529 
 0.088652 -0.041727 -0.122427 
 0.070543 -0.026199 -0.128494 
 0.046612 -0.015618 -0.101438 
 0.028456 -0.000050 -0.107520 
 -0.010403 -0.001515 0.002216 
 -0.034684 0.009366 0.029155 
 -0.062062 0.017933 0.072592 
 -0.092608 0.024248 0.132505 
 -0.111137 0.040135 0.126298 
 -0.129666 0.056023 0.120090 
 -0.148194 0.071910 0.113883 
 -0.166723 0.087798 0.107676 
 -0.185252 0.103686 0.101468 
 -0.203781 0.119573 0.095261 
 -0.215928 0.139928 0.056119 
 -0.240838 0.151349 0.082846 
 -0.259367 0.167236 0.076639 
 -0.271374 0.187471 0.037543 
 -0.289856 0.203319 0.031352 
 -0.308339 0.219166 0.025160 
 -0.326821 0.235014 0.018968 
 -0.345303 0.250862 0.012777 
 -0.363785 0.266709 0.006585 
 -0.382267 0.282557 0.000393 
 -0.393901 0.302472 -0.038578 
 -0.405443 0.322307 -0.077517 
 -0.423832 0.338075 -0.083678 
 -0.449208 0.349895 -0.057107 
 -0.467644 0.365703 -0.063283 
 -0.486079 0.381510 -0.069459 
 -0.504514 0.397318 -0.075635 
 -0.522950 0.413126 -0.081811 
 -0.541385 0.428934 -0.087987 
 -0.559821 0.444741 -0.094163 
 -0.578256 0.460549 -0.100339 
 -0.596692 0.476357 -0.106515 
 -0.622535 0.488577 -0.080100 
 -0.641017 0.504424 -0.086291 
 0.506064 -0.476359 0.174875 
 0.497040 -0.448581 0.101708 
 0.478814 -0.432953 0.095603 
 0.460589 -0.417326 0.089497 
 0.447151 -0.395783 0.049922 
 0.431389 -0.377257 0.027106 
 0.422994 -0.350019 -0.045850 
 0.409859 -0.328736 -0.085322 
 0.394330 -0.310411 -0.108062 
 0.381358 -0.289268 -0.147479 
 0.363412 -0.273880 -0.153491 
 0.345466 -0.258492 -0.159503 
 0.322360 -0.248699 -0.132173 
 0.301763 -0.236048 -0.121536 
 0.283747 -0.220600 -0.127572 
 0.268382 -0.202415 -0.150256 
 0.247715 -0.189705 -0.139643 
 0.229699 -0.174256 -0.145678 
 0.206243 -0.164164 -0.118465 
 0.188181 -0.148676 -0.124516 
 0.164585 -0.138464 -0.097349 
 0.146476 -0.122936 -0.103416 
 0.128366 -0.107408 -0.109483 
 0.110257 -0.091880 -0.115550 
 0.092148 -0.076352 -0.121616 
 0.074039 -0.060824 -0.127683 
 0.050116 -0.050332 -0.100625 
 0.031960 -0.034764 -0.106707 
 0.013805 -0.019196 -0.112790 
 -0.019233 -0.015918 -0.036178 
 -0.049505 -0.010001 0.023825 
 -0.076939 -0.001507 0.067242 
 -0.101468 0.009504 0.094097 
 -0.126089 0.020596 0.120920 
 -0.144618 0.036484 0.114713 
 -0.163147 0.052372 0.108505 
 -0.175396 0.072895 0.069330 
 -0.200204 0.084147 0.096091 
 -0.218733 0.100034 0.089883 
 -0.230843 0.120438 0.050755 
 -0.249325 0.136286 0.044563 
 -0.267807 0.152134 0.038371 
 -0.286289 0.167981 0.032179 
 -0.304771 0.183829 0.025988 
 -0.323253 0.199676 0.019796 
 -0.341735 0.215524 0.013604 
 -0.360217 0.231372 0.007412 
 -0.378700 0.247220 0.001221 
 -0.397182 0.263067 -0.004971 
 -0.401893 0.287148 -0.076694 
 -0.420282 0.302915 -0.082854 
 -0.438671 0.318683 -0.089015 
 -0.464085 0.330454 -0.062457 
 -0.482521 0.346262 -0.068633 
 -0.500956 0.362070 -0.074809 
 -0.519392 0.377878 -0.080985 
 -0.537827 0.393685 -0.087162 
 -0.556263 0.409493 -0.093338 
 -0.574698 0.425301 -0.099514 
 -0.593133 0.441108 -0.105690 
 -0.611569 0.456916 -0.111866 
 -0.630005 0.472724 -0.118042 
 -0.655931 0.484935 -0.091655 
 0.495919 -0.489553 0.136041 
 0.477647 -0.473885 0.129920 
 0.459375 -0.458217 0.123798 
 0.441102 -0.442549 0.117677 
 0.427655 -0.420917 0.078101 
 0.414301 -0.399365 0.038556 
 0.398581 -0.380835 0.015754 
 0.380426 -0.365267 0.009672 
 0.379811 -0.329385 -0.113284 
 0.361818 -0.313956 -0.119311 
 0.343825 -0.298528 -0.125339 
 0.325833 -0.283101 -0.131367 
 0.307840 -0.267672 -0.137395 
 0.287225 -0.255047 -0.126765 
 0.269209 -0.239599 -0.132800 
 0.253862 -0.221388 -0.155478 
 0.233177 -0.208703 -0.144871 
 0.209730 -0.198699 -0.117656 
 0.191667 -0.183211 -0.123707 
 0.168080 -0.173088 -0.096538 
 0.149971 -0.157560 -0.102605 
 0.126244 -0.147317 -0.075482 
 0.108088 -0.131749 -0.081565 
 0.089932 -0.116181 -0.087647 
 0.071777 -0.100613 -0.093729 
 0.053621 -0.085045 -0.099812 
 0.032540 -0.072020 -0.089339 
 0.014360 -0.056432 -0.095429 
 -0.003819 -0.040844 -0.101519 
 -0.039969 -0.040151 -0.008417 
 -0.067344 -0.031831 0.035019 
 -0.091817 -0.020948 0.061891 
 -0.116383 -0.009985 0.088733 
 -0.134865 0.005862 0.082541 
 -0.153347 0.021710 0.076349 
 -0.171829 0.037558 0.070157 
 -0.190311 0.053405 0.063966 
 -0.208793 0.069253 0.057774 
 -0.227275 0.085101 0.051582 
 -0.245757 0.100948 0.045391 
 -0.264239 0.116796 0.039199 
 -0.282722 0.132644 0.033007 
 -0.301204 0.148491 0.026815 
 -0.319686 0.164339 0.020624 
 -0.338168 0.180187 0.014432 
 -0.356650 0.196034 0.008240 
 -0.375132 0.211882 0.002048 
 -0.393614 0.227730 -0.004143 
 -0.405220 0.247783 -0.043103 
 -0.416733 0.267756 -0.082031 
 -0.435122 0.283524 -0.088191 
 -0.453511 0.299292 -0.094352 
 -0.478962 0.311014 -0.067808 
 -0.497398 0.326821 -0.073984 
 -0.515833 0.342629 -0.080160 
 -0.534269 0.358437 -0.086336 
 -0.552704 0.374244 -0.092512 
 -0.571140 0.390052 -0.098688 
 -0.589575 0.405860 -0.104864 
 -0.608011 0.421668 -0.111040 
 -0.626446 0.437475 -0.117217 
 -0.644882 0.453283 -0.123393 
 0.481174 -0.508821 0.130738 
 0.462902 -0.493153 0.124617 
 0.444629 -0.477486 0.118495 
 0.426357 -0.461818 0.112374 
 0.408085 -0.446150 0.106252 
 0.394722 -0.424509 0.066706 
 0.381452 -0.402948 0.027190 
 0.363273 -0.387360 0.021099 
 0.345094 -0.371772 0.015009 
 0.339654 -0.341650 -0.074488 
 0.316449 -0.331936 -0.047193 
 0.303529 -0.310674 -0.086591 
 0.280231 -0.300880 -0.059326 
 0.256839 -0.291006 -0.032092 
 0.238683 -0.275438 -0.038175 
 0.220527 -0.259870 -0.044257 
 0.199661 -0.247069 -0.033713 
 0.181481 -0.231481 -0.039803 
 0.163302 -0.215893 -0.045893 
 0.145123 -0.200305 -0.051984 
 0.126944 -0.184718 -0.058074 
 0.103110 -0.174464 -0.030988 
 0.090586 -0.153542 -0.070254 
 0.066658 -0.143208 -0.043200 
 0.048432 -0.127580 -0.049305 
 0.036049 -0.106778 -0.088525 
 0.017869 -0.091190 -0.094615 
 -0.012180 -0.085790 -0.034541 
 -0.036433 -0.075177 -0.007597 
 -0.060781 -0.064483 0.019317 
 -0.079146 -0.048735 0.013165 
 -0.106694 -0.040389 0.056540 
 -0.125129 -0.024581 0.050364 
 -0.143565 -0.008773 0.044188 
 -0.162000 0.007034 0.038012 
 -0.180436 0.022842 0.031836 
 -0.198871 0.038650 0.025660 
 -0.217307 0.054457 0.019484 
 -0.242190 0.065611 0.046218 
 -0.254178 0.086073 0.007131 
 -0.272613 0.101881 0.000955 
 -0.291049 0.117688 -0.005221 
 -0.316118 0.129002 0.021451 
 -0.334601 0.144849 0.015260 
 -0.353083 0.160697 0.009068 
 -0.371565 0.176545 0.002876 
 -0.390047 0.192392 -0.003316 
 -0.408529 0.208240 -0.009507 
 -0.420097 0.228342 -0.048454 
 -0.431572 0.248365 -0.087368 
 -0.449961 0.264132 -0.093528 
 -0.468350 0.279900 -0.099689 
 -0.486739 0.295668 -0.105849 
 -0.512275 0.307381 -0.079334 
 -0.530710 0.323188 -0.085510 
 -0.549146 0.338996 -0.091687 
 -0.567581 0.354804 -0.097863 
 -0.578684 0.374507 -0.136652 
 -0.597072 0.390274 -0.142812 
 -0.615461 0.406042 -0.148973 
 -0.633850 0.421810 -0.155133 
 -0.652239 0.437577 -0.161294 
 0.466429 -0.528090 0.125435 
 0.448156 -0.512422 0.119314 
 0.429884 -0.496754 0.113192 
 0.411612 -0.481087 0.107071 
 0.393339 -0.465419 0.100949 
 0.380014 -0.443728 0.061416 
 0.366782 -0.422118 0.021913 
 0.348603 -0.406530 0.015823 
 0.330424 -0.390942 0.009733 
 0.312244 -0.375354 0.003643 
 0.294065 -0.359767 -0.002448 
 0.275886 -0.344179 -0.008538 
 0.257707 -0.328591 -0.014628 
 0.234208 -0.318706 0.012569 
 0.215982 -0.303078 0.006463 
 0.192343 -0.293073 0.033613 
 0.179531 -0.271822 -0.005748 
 0.161305 -0.256194 -0.011854 
 0.143079 -0.240566 -0.017960 
 0.119254 -0.230402 0.009127 
 0.100981 -0.214734 0.003006 
 0.082709 -0.199066 -0.003116 
 0.064437 -0.183398 -0.009237 
 0.040379 -0.173033 0.017772 
 0.022059 -0.157326 0.011635 
 -0.002139 -0.146841 0.038598 
 -0.020505 -0.131093 0.032445 
 -0.038870 -0.115345 0.026292 
 -0.057236 -0.099598 0.020140 
 -0.078634 -0.086382 0.030505 
 -0.103135 -0.075637 0.057366 
 -0.121571 -0.059829 0.051190 
 -0.140006 -0.044022 0.045014 
 -0.158442 -0.028214 0.038838 
 -0.176877 -0.012406 0.032662 
 -0.188967 0.008225 -0.006458 
 -0.213748 0.019209 0.020309 
 -0.232184 0.035017 0.014133 
 -0.250619 0.050825 0.007957 
 -0.269055 0.066632 0.001781 
 -0.287490 0.082440 -0.004395 
 -0.305926 0.098248 -0.010571 
 -0.331033 0.109512 0.016087 
 -0.349515 0.125359 0.009895 
 -0.367997 0.141207 0.003704 
 -0.386480 0.157055 -0.002488 
 -0.404962 0.172902 -0.008680 
 -0.423444 0.188750 -0.014872 
 -0.441926 0.204598 -0.021063 
 -0.446412 0.228973 -0.092705 
 -0.464801 0.244741 -0.098865 
 -0.483190 0.260509 -0.105026 
 -0.501579 0.276276 -0.111186 
 -0.519967 0.292044 -0.117347 
 -0.545587 0.303748 -0.090861 
 -0.564023 0.319556 -0.097037 
 -0.582458 0.335363 -0.103213 
 -0.593523 0.355115 -0.141989 
 -0.611912 0.370883 -0.148149 
 -0.630301 0.386650 -0.154310 
 -0.648690 0.402418 -0.160470 
 -0.667078 0.418186 -0.166631 
 0.446932 -0.553630 0.153608 
 0.433411 -0.531691 0.114010 
 0.410294 -0.522214 0.141334 
 0.391975 -0.506507 0.135197 
 0.378594 -0.484687 0.095646 
 0.360321 -0.469020 0.089525 
 0.347080 -0.447320 0.050021 
 0.328854 -0.431692 0.043915 
 0.310629 -0.416064 0.037809 
 0.292403 -0.400436 0.031703 
 0.274177 -0.384809 0.025597 
 0.255951 -0.369181 0.019491 
 0.232415 -0.359345 0.046674 
 0.214142 -0.343677 0.040553 
 0.195870 -0.328009 0.034431 
 0.172147 -0.318013 0.061552 
 0.153828 -0.302306 0.055415 
 0.141053 -0.281006 0.016067 
 0.122781 -0.265338 0.009945 
 0.098871 -0.255182 0.037003 
 0.074868 -0.244947 0.064031 
 0.056503 -0.229199 0.057878 
 0.038137 -0.213451 0.051726 
 0.019772 -0.197703 0.045573 
 -0.001529 -0.184612 0.055971 
 -0.016960 -0.166208 0.033268 
 -0.038307 -0.153076 0.043650 
 -0.053691 -0.134712 0.020962 
 -0.075085 -0.121541 0.031329 
 -0.093474 -0.105773 0.025168 
 -0.118012 -0.095078 0.052015 
 -0.136448 -0.079270 0.045839 
 -0.154883 -0.063462 0.039663 
 -0.173319 -0.047655 0.033487 
 -0.185418 -0.026934 -0.005634 
 -0.203807 -0.011167 -0.011795 
 -0.222196 0.004601 -0.017955 
 -0.247061 0.015576 0.008783 
 -0.265496 0.031384 0.002606 
 -0.283932 0.047192 -0.003570 
 -0.302367 0.062999 -0.009746 
 -0.320803 0.078807 -0.015922 
 -0.345948 0.090022 0.010723 
 -0.364430 0.105869 0.004531 
 -0.382912 0.121717 -0.001660 
 -0.401394 0.137565 -0.007852 
 -0.419876 0.153413 -0.014044 
 -0.438358 0.169260 -0.020236 
 -0.456840 0.185108 -0.026427 
 -0.468287 0.205269 -0.065331 
 -0.479640 0.225349 -0.104202 
 -0.498029 0.241117 -0.110363 
 -0.516418 0.256885 -0.116523 
 -0.542029 0.268500 -0.090035 
 -0.560464 0.284307 -0.096211 
 -0.578900 0.300115 -0.102388 
 -0.597335 0.315923 -0.108564 
 -0.623180 0.327737 -0.082153 
 -0.641662 0.343585 -0.088345 
 -0.645140 0.367259 -0.159647 
 0.436938 -0.566627 0.114829 
 0.413830 -0.557240 0.142154 
 0.395511 -0.541532 0.136017 
 0.377192 -0.525824 0.129880 
 0.358873 -0.510117 0.123743 
 0.345576 -0.488288 0.084221 
 0.327304 -0.472620 0.078100 
 0.309031 -0.456953 0.071978 
 0.290759 -0.441285 0.065857 
 0.272486 -0.425617 0.059735 
 0.254214 -0.409949 0.053614 
 0.235942 -0.394281 0.047492 
 0.212321 -0.384454 0.074646 
 0.194002 -0.368747 0.068509 
 0.175683 -0.353039 0.062372 
 0.151876 -0.343052 0.089464 
 0.133510 -0.327304 0.083312 
 0.115144 -0.311557 0.077159 
 0.096779 -0.295809 0.071006 
 0.078413 -0.280061 0.064854 
 0.060048 -0.264314 0.058701 
 0.038798 -0.251306 0.069115 
 0.020409 -0.235539 0.062955 
 0.002020 -0.219771 0.056794 
 -0.016369 -0.204003 0.050634 
 -0.040712 -0.193557 0.077546 
 -0.053146 -0.172468 0.038313 
 -0.068512 -0.154079 0.015632 
 -0.089924 -0.140932 0.025992 
 -0.108313 -0.125165 0.019831 
 -0.132889 -0.114518 0.046665 
 -0.145091 -0.093629 0.007510 
 -0.163480 -0.077861 0.001350 
 -0.181869 -0.062094 -0.004811 
 -0.200257 -0.046326 -0.010971 
 -0.218646 -0.030558 -0.017132 
 -0.237035 -0.014790 -0.023292 
 -0.255424 0.000977 -0.029453 
 -0.280373 0.011943 -0.002744 
 -0.292202 0.032513 -0.041774 
 -0.317245 0.043559 -0.015096 
 -0.335680 0.059366 -0.021272 
 -0.360863 0.070532 0.005359 
 -0.379345 0.086380 -0.000833 
 -0.397827 0.102227 -0.007024 
 -0.416309 0.118075 -0.013216 
 -0.434791 0.133923 -0.019408 
 -0.453273 0.149770 -0.025600 
 -0.471755 0.165618 -0.031791 
 -0.476091 0.190190 -0.103379 
 -0.494480 0.205958 -0.109539 
 -0.512869 0.221726 -0.115700 
 -0.531257 0.237493 -0.121860 
 -0.549646 0.253261 -0.128021 
 -0.568035 0.269029 -0.134181 
 -0.593777 0.280674 -0.107738 
 -0.612212 0.296482 -0.113914 
 -0.638094 0.308247 -0.087517 
 0.417366 -0.592266 0.142974 
 0.399047 -0.576558 0.136837 
 0.380728 -0.560850 0.130700 
 0.362409 -0.545142 0.124563 
 0.344090 -0.529434 0.118426 
 0.325771 -0.513727 0.112289 
 0.307452 -0.498019 0.106152 
 0.289133 -0.482311 0.100015 
 0.270814 -0.466603 0.093878 
 0.257741 -0.444885 0.054432 
 0.239469 -0.429218 0.048311 
 0.215857 -0.419480 0.075466 
 0.197538 -0.403772 0.069329 
 0.173786 -0.393915 0.096439 
 0.155420 -0.378167 0.090287 
 0.137055 -0.362419 0.084134 
 0.118689 -0.346671 0.077981 
 0.100324 -0.330924 0.071829 
 0.081958 -0.315176 0.065676 
 0.063593 -0.299428 0.059523 
 0.045227 -0.283681 0.053371 
 0.023959 -0.270698 0.063778 
 0.005570 -0.254930 0.057618 
 -0.012819 -0.239162 0.051457 
 -0.037153 -0.228805 0.078371 
 -0.055589 -0.212998 0.072195 
 -0.067986 -0.191859 0.032976 
 -0.086375 -0.176091 0.026815 
 -0.104764 -0.160324 0.020655 
 -0.123152 -0.144556 0.014494 
 -0.141541 -0.128788 0.008334 
 -0.159930 -0.113021 0.002173 
 -0.178319 -0.097253 -0.003987 
 -0.196708 -0.081485 -0.010148 
 -0.215097 -0.065717 -0.016308 
 -0.230257 -0.047464 -0.038920 
 -0.251875 -0.034182 -0.028629 
 -0.270264 -0.018414 -0.034790 
 -0.288653 -0.002646 -0.040950 
 -0.307041 0.013121 -0.047111 
 -0.325430 0.028889 -0.053271 
 -0.350557 0.039926 -0.026623 
 -0.368993 0.055733 -0.032799 
 -0.394259 0.066890 -0.006197 
 -0.412742 0.082738 -0.012389 
 -0.431224 0.098585 -0.018580 
 -0.456677 0.109902 0.007959 
 -0.468188 0.130281 -0.030964 
 -0.486670 0.146128 -0.037155 
 -0.498041 0.166387 -0.076032 
 -0.509319 0.186566 -0.114876 
 -0.527708 0.202334 -0.121037 
 -0.553348 0.213810 -0.094560 
 -0.571783 0.229618 -0.100736 
 -0.582875 0.249637 -0.139518 
 0.430537 -0.614373 0.076892 
 0.412311 -0.598745 0.070787 
 0.384264 -0.595876 0.131521 
 0.365945 -0.580168 0.125383 
 0.347626 -0.564460 0.119246 
 0.329306 -0.548752 0.113109 
 0.310988 -0.533045 0.106972 
 0.292669 -0.517337 0.100835 
 0.274350 -0.501629 0.094698 
 0.256031 -0.485921 0.088561 
 0.237712 -0.470213 0.082424 
 0.219393 -0.454506 0.076287 
 0.201074 -0.438798 0.070150 
 0.177331 -0.429029 0.097262 
 0.158965 -0.413282 0.091109 
 0.140600 -0.397534 0.084956 
 0.122234 -0.381786 0.078804 
 0.103869 -0.366038 0.072651 
 0.085503 -0.350291 0.066498 
 0.067137 -0.334543 0.060346 
 0.048772 -0.318795 0.054193 
 0.027508 -0.305857 0.064602 
 0.009119 -0.290089 0.058441 
 -0.009270 -0.274322 0.052281 
 -0.027659 -0.258554 0.046120 
 -0.052031 -0.248246 0.073021 
 -0.070466 -0.232438 0.066844 
 -0.088902 -0.216631 0.060668 
 -0.101214 -0.195483 0.021478 
 -0.119603 -0.179715 0.015318 
 -0.137992 -0.163948 0.009157 
 -0.156381 -0.148180 0.002997 
 -0.174770 -0.132412 -0.003164 
 -0.193159 -0.116644 -0.009324 
 -0.208346 -0.098327 -0.031945 
 -0.226712 -0.082579 -0.038097 
 -0.245078 -0.066831 -0.044250 
 -0.266714 -0.053573 -0.033966 
 -0.285103 -0.037806 -0.040127 
 -0.303492 -0.022038 -0.046287 
 -0.321881 -0.006270 -0.052448 
 -0.340270 0.009498 -0.058608 
 -0.365434 0.020485 -0.031974 
 -0.383870 0.036293 -0.038150 
 -0.402305 0.052100 -0.044326 
 -0.427656 0.063248 -0.017753 
 -0.446138 0.079095 -0.023944 
 -0.471629 0.090363 0.002581 
 -0.490158 0.106250 -0.003626 
 -0.501585 0.126638 -0.042520 
 -0.512918 0.146947 -0.081383 
 -0.531354 0.162754 -0.087559 
 -0.557031 0.174181 -0.061095 
 -0.575513 0.190029 -0.067287 
 -0.593995 0.205877 -0.073478 
 0.415829 -0.633593 0.071603 
 0.392701 -0.624433 0.098919 
 0.369481 -0.615193 0.126204 
 0.351161 -0.599486 0.120067 
 0.327800 -0.590126 0.147306 
 0.314523 -0.568070 0.107793 
 0.296205 -0.552362 0.101656 
 0.277886 -0.536654 0.095518 
 0.259567 -0.520947 0.089381 
 0.241248 -0.505239 0.083244 
 0.222929 -0.489531 0.077107 
 0.204610 -0.473823 0.070970 
 0.186291 -0.458115 0.064833 
 0.162510 -0.448396 0.091932 
 0.144145 -0.432649 0.085779 
 0.125779 -0.416901 0.079626 
 0.107414 -0.401153 0.073474 
 0.089048 -0.385405 0.067321 
 0.070682 -0.369658 0.061168 
 0.052317 -0.353910 0.055015 
 0.031057 -0.341016 0.065425 
 0.012668 -0.325249 0.059265 
 -0.005720 -0.309481 0.053104 
 -0.024109 -0.293713 0.046944 
 -0.042498 -0.277945 0.040783 
 -0.066908 -0.267687 0.067670 
 -0.079276 -0.246410 0.028462 
 -0.094608 -0.227928 0.005794 
 -0.112974 -0.212180 -0.000359 
 -0.131339 -0.196432 -0.006512 
 -0.149705 -0.180685 -0.012664 
 -0.171220 -0.167571 -0.002340 
 -0.186436 -0.149189 -0.024970 
 -0.204801 -0.133441 -0.031122 
 -0.223167 -0.117694 -0.037275 
 -0.241533 -0.101946 -0.043428 
 -0.259898 -0.086198 -0.049580 
 -0.281554 -0.072965 -0.039303 
 -0.299943 -0.057197 -0.045464 
 -0.318332 -0.041429 -0.051624 
 -0.336720 -0.025662 -0.057785 
 -0.355109 -0.009894 -0.063945 
 -0.380311 0.001044 -0.037324 
 -0.398747 0.016852 -0.043500 
 -0.417182 0.032660 -0.049676 
 -0.442571 0.043758 -0.023117 
 -0.468053 0.054936 0.003411 
 -0.486581 0.070824 -0.002796 
 -0.505110 0.086711 -0.009004 
 -0.523639 0.102599 -0.015211 
 -0.527795 0.127506 -0.086733 
 -0.546231 0.143314 -0.092909 
 -0.564666 0.159121 -0.099085 
 -0.590428 0.170539 -0.072651 
 -0.608910 0.186387 -0.078842 
 0.377956 -0.643702 0.093616 
 0.349711 -0.640988 0.154281 
 0.331345 -0.625241 0.148128 
 0.312980 -0.609493 0.141976 
 0.294614 -0.593745 0.135823 
 0.276249 -0.577997 0.129670 
 0.257883 -0.562250 0.123518 
 0.244784 -0.540265 0.084065 
 0.226465 -0.524557 0.077928 
 0.208146 -0.508849 0.071790 
 0.189827 -0.493141 0.065653 
 0.171508 -0.477433 0.059516 
 0.153189 -0.461726 0.053379 
 0.134870 -0.446018 0.047242 
 0.116551 -0.430310 0.041105 
 0.098232 -0.414602 0.034968 
 0.074227 -0.404772 0.061991 
 0.055862 -0.389024 0.055838 
 0.037496 -0.373277 0.049685 
 0.019131 -0.357529 0.043532 
 0.000765 -0.341781 0.037380 
 -0.017601 -0.326033 0.031227 
 -0.038949 -0.313105 0.041607 
 -0.057338 -0.297337 0.035446 
 -0.075727 -0.281569 0.029286 
 -0.094115 -0.265802 0.023125 
 -0.112504 -0.250034 0.016965 
 -0.127794 -0.231547 -0.005689 
 -0.149282 -0.218498 0.004644 
 -0.167671 -0.202731 -0.001517 
 -0.182891 -0.184304 -0.024147 
 -0.201257 -0.168556 -0.030300 
 -0.219622 -0.152808 -0.036453 
 -0.237988 -0.137061 -0.042605 
 -0.256353 -0.121313 -0.048758 
 -0.274719 -0.105565 -0.054911 
 -0.293084 -0.089817 -0.061063 
 -0.314782 -0.076589 -0.050801 
 -0.333171 -0.060821 -0.056961 
 -0.351560 -0.045053 -0.063122 
 -0.369949 -0.029285 -0.069282 
 -0.388338 -0.013518 -0.075443 
 -0.413624 -0.002589 -0.048851 
 -0.432059 0.013219 -0.055027 
 -0.457486 0.024268 -0.028481 
 -0.483005 0.035397 -0.001967 
 -0.508618 0.046606 0.024517 
 -0.520062 0.067172 -0.014381 
 -0.538591 0.083060 -0.020589 
 -0.557120 0.098948 -0.026796 
 -0.561108 0.123873 -0.098260 
 -0.579543 0.139681 -0.104436 
 0.334890 -0.660355 0.148951 
 0.316525 -0.644608 0.142798 
 0.298159 -0.628860 0.136645 
 0.279793 -0.613112 0.130493 
 0.261428 -0.597364 0.124340 
 0.248319 -0.575290 0.084885 
 0.230001 -0.559582 0.078748 
 0.211682 -0.543874 0.072611 
 0.193363 -0.528167 0.066474 
 0.175044 -0.512459 0.060337 
 0.156725 -0.496751 0.054200 
 0.138406 -0.481043 0.048063 
 0.120087 -0.465336 0.041925 
 0.101768 -0.449628 0.035788 
 0.083449 -0.433920 0.029651 
 0.065130 -0.418212 0.023514 
 0.041041 -0.408391 0.050508 
 0.022675 -0.392644 0.044355 
 0.001378 -0.379799 0.054751 
 -0.017010 -0.364032 0.048591 
 -0.035399 -0.348264 0.042430 
 -0.053788 -0.332496 0.036270 
 -0.072177 -0.316728 0.030109 
 -0.090566 -0.300961 0.023949 
 -0.105884 -0.282409 0.001286 
 -0.127344 -0.269425 0.011628 
 -0.145733 -0.253658 0.005467 
 -0.164121 -0.237890 -0.000693 
 -0.179346 -0.219419 -0.023325 
 -0.197712 -0.203671 -0.029477 
 -0.216077 -0.187923 -0.035630 
 -0.234443 -0.172175 -0.041783 
 -0.252808 -0.156427 -0.047936 
 -0.271174 -0.140680 -0.054088 
 -0.289540 -0.124932 -0.060241 
 -0.307905 -0.109184 -0.066394 
 -0.326271 -0.093436 -0.072546 
 -0.348010 -0.080212 -0.062298 
 -0.366399 -0.064445 -0.068459 
 -0.384788 -0.048677 -0.074619 
 -0.403177 -0.032909 -0.080780 
 -0.428501 -0.022029 -0.054201 
 -0.446936 -0.006222 -0.060377 
 -0.472400 0.004778 -0.033845 
 -0.497957 0.015858 -0.007344 
 -0.523608 0.027018 0.019126 
 -0.542183 0.042946 0.012903 
 -0.560758 0.058873 0.006680 
 -0.572072 0.079409 -0.032174 
 0.306812 -0.657439 0.104117 
 0.283338 -0.648227 0.131315 
 0.264973 -0.632479 0.125162 
 0.246607 -0.616731 0.119010 
 0.233536 -0.594608 0.079568 
 0.215218 -0.578900 0.073431 
 0.196899 -0.563192 0.067294 
 0.178580 -0.547484 0.061157 
 0.160261 -0.531777 0.055020 
 0.141942 -0.516069 0.048883 
 0.123623 -0.500361 0.042746 
 0.105304 -0.484653 0.036609 
 0.086985 -0.468946 0.030472 
 0.062952 -0.459254 0.057483 
 0.050347 -0.437530 0.018198 
 0.026220 -0.427758 0.045177 
 0.007855 -0.412011 0.039025 
 -0.010511 -0.396263 0.032872 
 -0.028876 -0.380515 0.026719 
 -0.050239 -0.367655 0.037093 
 -0.065608 -0.349020 0.014414 
 -0.087017 -0.336120 0.024772 
 -0.105406 -0.320352 0.018612 
 -0.123794 -0.304585 0.012451 
 -0.142183 -0.288817 0.006291 
 -0.160572 -0.273049 0.000130 
 -0.175801 -0.254533 -0.022502 
 -0.197350 -0.241514 -0.012191 
 -0.215739 -0.225746 -0.018351 
 -0.230898 -0.207290 -0.040960 
 -0.249263 -0.191542 -0.047113 
 -0.267629 -0.175794 -0.053266 
 -0.285995 -0.160047 -0.059418 
 -0.307683 -0.146907 -0.049154 
 -0.326072 -0.131139 -0.055314 
 -0.344461 -0.115372 -0.061475 
 -0.362850 -0.099604 -0.067635 
 -0.381239 -0.083836 -0.073796 
 -0.399628 -0.068068 -0.079956 
 -0.418017 -0.052301 -0.086117 
 -0.443378 -0.041470 -0.059552 
 -0.468833 -0.030559 -0.033017 
 -0.487315 -0.014712 -0.039209 
 -0.505797 0.001136 -0.045401 
 -0.524279 0.016984 -0.051592 
 -0.549967 0.028094 -0.025137 
 -0.575748 0.039285 0.001289 
 0.268518 -0.667594 0.125985 
 0.250152 -0.651846 0.119832 
 0.231787 -0.636098 0.113679 
 0.213421 -0.620350 0.107527 
 0.200435 -0.598218 0.068115 
 0.182116 -0.582510 0.061977 
 0.163796 -0.566802 0.055840 
 0.145478 -0.551094 0.049703 
 0.127158 -0.535387 0.043566 
 0.108840 -0.519679 0.037429 
 0.084862 -0.510116 0.064458 
 0.072202 -0.488263 0.025155 
 0.048131 -0.478621 0.052153 
 0.029765 -0.462873 0.046000 
 0.011400 -0.447125 0.039847 
 -0.006966 -0.431378 0.033694 
 -0.025331 -0.415630 0.027542 
 -0.043697 -0.399882 0.021389 
 -0.065078 -0.387047 0.031756 
 -0.083467 -0.371279 0.025596 
 -0.098794 -0.352639 0.002931 
 -0.120245 -0.339744 0.013275 
 -0.138634 -0.323976 0.007114 
 -0.157023 -0.308208 0.000954 
 -0.175412 -0.292441 -0.005207 
 -0.193800 -0.276673 -0.011367 
 -0.212189 -0.260905 -0.017528 
 -0.230578 -0.245137 -0.023688 
 -0.248967 -0.229370 -0.029849 
 -0.264084 -0.210909 -0.052443 
 -0.282450 -0.195161 -0.058596 
 -0.300815 -0.179414 -0.064749 
 -0.322523 -0.166299 -0.054491 
 -0.340912 -0.150531 -0.060651 
 -0.359301 -0.134763 -0.066812 
 -0.384513 -0.124141 -0.040198 
 -0.402949 -0.108334 -0.046374 
 -0.421384 -0.092526 -0.052550 
 -0.439820 -0.076718 -0.058726 
 -0.465266 -0.065897 -0.032190 
 -0.483748 -0.050049 -0.038381 
 -0.502230 -0.034201 -0.044573 
 -0.520712 -0.018354 -0.050765 
 -0.539194 -0.002506 -0.056956 
 -0.564919 0.008555 -0.030514 
 0.235331 -0.671213 0.114502 
 0.216966 -0.655465 0.108349 
 0.198600 -0.639717 0.102197 
 0.185652 -0.617536 0.062798 
 0.167332 -0.601828 0.056661 
 0.149013 -0.586120 0.050524 
 0.130694 -0.570412 0.044387 
 0.112375 -0.554704 0.038249 
 0.094057 -0.538997 0.032112 
 0.070041 -0.529483 0.059128 
 0.057419 -0.507581 0.019838 
 0.033310 -0.497988 0.046822 
 0.014945 -0.482240 0.040670 
 -0.003421 -0.466492 0.034517 
 -0.021787 -0.450745 0.028364 
 -0.043140 -0.437974 0.038740 
 -0.061529 -0.422206 0.032580 
 -0.079918 -0.406438 0.026419 
 -0.098307 -0.390671 0.020259 
 -0.116696 -0.374903 0.014098 
 -0.135084 -0.359135 0.007938 
 -0.153473 -0.343368 0.001777 
 -0.171862 -0.327600 -0.004383 
 -0.190251 -0.311832 -0.010544 
 -0.208640 -0.296064 -0.016704 
 -0.227029 -0.280297 -0.022865 
 -0.245418 -0.264529 -0.029025 
 -0.263807 -0.248761 -0.035186 
 -0.278905 -0.230276 -0.057774 
 -0.297270 -0.214528 -0.063926 
 -0.315636 -0.198781 -0.070079 
 -0.337362 -0.185690 -0.059828 
 -0.362519 -0.175197 -0.033196 
 -0.380955 -0.159390 -0.039372 
 -0.399390 -0.143582 -0.045548 
 -0.424734 -0.132929 -0.018978 
 -0.443216 -0.117082 -0.025170 
 -0.461698 -0.101234 -0.031362 
 -0.487228 -0.090422 -0.004855 
 -0.505757 -0.074534 -0.011062 
 -0.517144 -0.053691 -0.049937 
 0.202145 -0.674832 0.103019 
 0.183780 -0.659084 0.096866 
 0.170868 -0.636853 0.057481 
 0.152549 -0.621146 0.051344 
 0.134230 -0.605438 0.045207 
 0.115911 -0.589730 0.039070 
 0.097592 -0.574022 0.032933 
 0.079274 -0.558314 0.026796 
 0.055221 -0.548850 0.053797 
 0.042636 -0.526899 0.014521 
 0.018490 -0.517355 0.041492 
 0.000124 -0.501607 0.035339 
 -0.018242 -0.485859 0.029187 
 -0.036607 -0.470111 0.023034 
 -0.057979 -0.457365 0.033403 
 -0.076368 -0.441598 0.027243 
 -0.100864 -0.431754 0.054095 
 -0.113146 -0.410062 0.014922 
 -0.131535 -0.394295 0.008761 
 -0.149924 -0.378527 0.002601 
 -0.168313 -0.362759 -0.003560 
 -0.186702 -0.346991 -0.009720 
 -0.205091 -0.331224 -0.015881 
 -0.220263 -0.312634 -0.038493 
 -0.241868 -0.299688 -0.028202 
 -0.260257 -0.283920 -0.034362 
 -0.278646 -0.268153 -0.040523 
 -0.297035 -0.252385 -0.046683 
 -0.315424 -0.236617 -0.052844 
 -0.333813 -0.220850 -0.059004 
 -0.352202 -0.205082 -0.065165 
 -0.384202 -0.199962 -0.005767 
 -0.402684 -0.184115 -0.011959 
 -0.421167 -0.168267 -0.018151 
 -0.439649 -0.152419 -0.024342 
 -0.465123 -0.141736 0.002182 
 -0.476613 -0.120724 -0.036726 
 -0.495095 -0.104876 -0.042918 
 -0.520709 -0.094073 -0.016440 
 0.168959 -0.678451 0.091536 
 0.150593 -0.662704 0.085383 
 0.137766 -0.640463 0.046027 
 0.119447 -0.624756 0.039890 
 0.101128 -0.609048 0.033753 
 0.082809 -0.593340 0.027616 
 0.064491 -0.577632 0.021479 
 0.040400 -0.568217 0.048467 
 0.022034 -0.552469 0.042314 
 0.003669 -0.536722 0.036162 
 -0.014697 -0.520974 0.030009 
 -0.033062 -0.505226 0.023856 
 -0.051428 -0.489478 0.017704 
 -0.072819 -0.476757 0.028066 
 -0.091208 -0.460989 0.021906 
 -0.109597 -0.445221 0.015745 
 -0.127986 -0.429454 0.009585 
 -0.146374 -0.413686 0.003424 
 -0.164763 -0.397918 -0.002736 
 -0.183152 -0.382151 -0.008897 
 -0.207918 -0.372156 0.017864 
 -0.219930 -0.350615 -0.021218 
 -0.238319 -0.334847 -0.027378 
 -0.256708 -0.319080 -0.033539 
 -0.281660 -0.308925 -0.006841 
 -0.300096 -0.293117 -0.013017 
 -0.311874 -0.271776 -0.052020 
 -0.336967 -0.261502 -0.025369 
 -0.355402 -0.245694 -0.031545 
 -0.373838 -0.229887 -0.037721 
 -0.399117 -0.219452 -0.011131 
 -0.424489 -0.208938 0.015427 
 -0.443018 -0.193050 0.009219 
 -0.454563 -0.171909 -0.029707 
 -0.480075 -0.161275 -0.003195 
 -0.498604 -0.145387 -0.009403 
 -0.510010 -0.124366 -0.048282 
 0.122983 -0.659781 0.040711 
 0.104664 -0.644073 0.034573 
 0.086345 -0.628366 0.028436 
 0.068026 -0.612658 0.022299 
 0.043945 -0.603332 0.049290 
 0.025579 -0.587584 0.043137 
 0.007214 -0.571836 0.036984 
 -0.011152 -0.556089 0.030832 
 -0.029517 -0.540341 0.024679 
 -0.047883 -0.524593 0.018526 
 -0.069270 -0.511916 0.028890 
 -0.087658 -0.496148 0.022729 
 -0.112183 -0.486443 0.049570 
 -0.130618 -0.470635 0.043394 
 -0.142825 -0.448845 0.004248 
 -0.161214 -0.433078 -0.001913 
 -0.179603 -0.417310 -0.008073 
 -0.204360 -0.407404 0.018690 
 -0.222795 -0.391597 0.012513 
 -0.241231 -0.375789 0.006337 
 -0.253158 -0.354239 -0.032715 
 -0.278102 -0.344173 -0.006015 
 -0.296538 -0.328366 -0.012191 
 -0.314973 -0.312558 -0.018367 
 -0.333408 -0.296750 -0.024543 
 -0.351844 -0.280943 -0.030719 
 -0.377067 -0.270637 -0.004112 
 -0.388715 -0.249327 -0.043072 
 -0.420913 -0.244364 0.016256 
 -0.439441 -0.228477 0.010049 
 -0.457970 -0.212589 0.003842 
 -0.476499 -0.196702 -0.002366 
 -0.495027 -0.180814 -0.008573 
 -0.513556 -0.164926 -0.014780 
 0.084221 -0.669942 0.062417 
 0.065855 -0.654194 0.056265 
 0.047490 -0.638446 0.050112 
 0.029124 -0.622699 0.043959 
 0.010759 -0.606951 0.037807 
 -0.007607 -0.591203 0.031654 
 -0.028942 -0.578611 0.042034 
 -0.047331 -0.562843 0.035874 
 -0.065720 -0.547075 0.029713 
 -0.084109 -0.531308 0.023553 
 -0.102498 -0.515540 0.017392 
 -0.127060 -0.505883 0.044220 
 -0.145495 -0.490076 0.038043 
 -0.163931 -0.474268 0.031867 
 -0.182366 -0.458460 0.025691 
 -0.200801 -0.442653 0.019515 
 -0.219237 -0.426845 0.013339 
 -0.237673 -0.411037 0.007163 
 -0.256108 -0.395229 0.000987 
 -0.274544 -0.379422 -0.005189 
 -0.292979 -0.363614 -0.011366 
 -0.318054 -0.353518 0.015291 
 -0.336536 -0.337670 0.009099 
 -0.355018 -0.321822 0.002907 
 -0.373500 -0.305975 -0.003284 
 -0.391982 -0.290127 -0.009476 
 -0.410464 -0.274279 -0.015668 
 -0.435865 -0.263903 0.010879 
 -0.454394 -0.248016 0.004671 
 -0.472922 -0.232128 -0.001536 
 -0.491451 -0.216240 -0.007743 
 -0.509980 -0.200353 -0.013951 
 0.051035 -0.673561 0.050935 
 0.032669 -0.657813 0.044782 
 0.014303 -0.642066 0.038629 
 -0.007004 -0.629538 0.049018 
 -0.025393 -0.613770 0.042858 
 -0.043782 -0.598002 0.036697 
 -0.062171 -0.582235 0.030537 
 -0.080560 -0.566467 0.024376 
 -0.098949 -0.550699 0.018216 
 -0.123501 -0.541132 0.045045 
 -0.141937 -0.525324 0.038869 
 -0.160372 -0.509516 0.032693 
 -0.178808 -0.493709 0.026517 
 -0.197243 -0.477901 0.020341 
 -0.215679 -0.462093 0.014165 
 -0.234114 -0.446286 0.007988 
 -0.252550 -0.430478 0.001812 
 -0.270985 -0.414670 -0.004364 
 -0.289421 -0.398862 -0.010540 
 -0.307856 -0.383055 -0.016716 
 -0.332968 -0.373008 0.009927 
 -0.351451 -0.357160 0.003735 
 -0.369933 -0.341312 -0.002457 
 -0.388415 -0.325465 -0.008648 
 -0.406897 -0.309617 -0.014840 
 -0.425379 -0.293769 -0.021032 
 -0.450817 -0.283442 0.005501 
 -0.476349 -0.273036 0.032004 
 -0.494924 -0.257108 0.025781 
 -0.513500 -0.241180 0.019558 
 0.014934 -0.680465 0.056002 
 -0.003455 -0.664697 0.049842 
 -0.021844 -0.648929 0.043681 
 -0.040232 -0.633162 0.037521 
 -0.064636 -0.623803 0.064399 
 -0.083072 -0.607996 0.058223 
 -0.101507 -0.592188 0.052047 
 -0.126098 -0.582669 0.078864 
 -0.144580 -0.566822 0.072672 
 -0.163062 -0.550974 0.066480 
 -0.181544 -0.535126 0.060288 
 -0.200026 -0.519279 0.054097 
 -0.218508 -0.503431 0.047905 
 -0.236990 -0.487583 0.041713 
 -0.248991 -0.465726 0.002638 
 -0.273955 -0.455888 0.029330 
 -0.292437 -0.440040 0.023138 
 -0.310919 -0.424193 0.016946 
 -0.329401 -0.408345 0.010755 
 -0.347883 -0.392497 0.004563 
 -0.366365 -0.376650 -0.001629 
 -0.384847 -0.360802 -0.007821 
 -0.410183 -0.350644 0.018746 
 -0.428712 -0.334757 0.012538 
 -0.440294 -0.313259 -0.026396 
 -0.458776 -0.297411 -0.032588 
 -0.491339 -0.292624 0.026612 
 -0.042642 -0.674859 0.071401 
 -0.061078 -0.659051 0.065225 
 -0.085566 -0.649702 0.092075 
 -0.104048 -0.633855 0.085883 
 -0.122530 -0.618007 0.079691 
 -0.141013 -0.602159 0.073500 
 -0.159495 -0.586312 0.067308 
 -0.177977 -0.570464 0.061116 
 -0.196459 -0.554616 0.054924 
 -0.214941 -0.538769 0.048733 
 -0.233423 -0.522921 0.042541 
 -0.251905 -0.507073 0.036349 
 -0.270387 -0.491226 0.030157 
 -0.288870 -0.475378 0.023966 
 -0.307352 -0.459530 0.017774 
 -0.325834 -0.443683 0.011582 
 -0.344316 -0.427835 0.005390 
 -0.362798 -0.411987 -0.000801 
 -0.381280 -0.396140 -0.006993 
 -0.399762 -0.380292 -0.013185 
 -0.418244 -0.364444 -0.019376 
 -0.436726 -0.348597 -0.025568 
 -0.455208 -0.332749 -0.031760 
 -0.473691 -0.316901 -0.037952 
 -0.100481 -0.669192 0.086711 
 -0.118963 -0.653345 0.080519 
 -0.137445 -0.637497 0.074327 
 -0.155927 -0.621649 0.068136 
 -0.174409 -0.605802 0.061944 
 -0.192891 -0.589954 0.055752 
 -0.211374 -0.574106 0.049560 
 -0.229856 -0.558258 0.043369 
 -0.248338 -0.542411 0.037177 
 -0.273329 -0.532711 0.063857 
 -0.285302 -0.510715 0.024793 
 -0.310387 -0.500936 0.051442 
 -0.328916 -0.485048 0.045234 
 -0.347444 -0.469161 0.039027 
 -0.365973 -0.453273 0.032820 
 -0.377712 -0.431477 -0.006165 
 -0.396195 -0.415629 -0.012357 
 -0.414677 -0.399782 -0.018549 
 -0.433159 -0.383934 -0.024740 
 -0.451641 -0.368086 -0.030932 
 -0.133878 -0.672834 0.075155 
 -0.158581 -0.663464 0.101930 
 -0.177110 -0.647576 0.095723 
 -0.195638 -0.631688 0.089516 
 -0.214167 -0.615801 0.083308 
 -0.232696 -0.599913 0.077101 
 -0.251224 -0.584025 0.070894 
 -0.269753 -0.568138 0.064686 
 -0.288282 -0.552250 0.058479 
 -0.306811 -0.536362 0.052272 
 -0.325339 -0.520475 0.046064 
 -0.343868 -0.504587 0.039857 
 -0.369131 -0.494737 0.066446 
 -0.380925 -0.472812 0.027442 
 -0.399454 -0.456924 0.021235 
 -0.411109 -0.435119 -0.017721 
 -0.429592 -0.419272 -0.023913 
 -0.192062 -0.667115 0.090345 
 -0.210590 -0.651227 0.084138 
 -0.235518 -0.641746 0.110838 
 -0.247648 -0.619452 0.071723 
 -0.266177 -0.603564 0.065516 
 -0.291244 -0.593963 0.092169 
 -0.309819 -0.578035 0.085946 
 -0.328395 -0.562108 0.079724 
 -0.350309 -0.549263 0.089907 
 -0.365546 -0.530252 0.067278 
 -0.384121 -0.514325 0.061055 
 -0.395878 -0.492351 0.022065 
 -0.414407 -0.476463 0.015857 
 -0.231933 -0.677261 0.111670 
 -0.250508 -0.661334 0.105447 
 -0.269083 -0.645406 0.099224 
 -0.290923 -0.632666 0.109432 
 -0.309522 -0.616718 0.103202 
 -0.328120 -0.600771 0.096971 
 -0.353388 -0.591079 0.123555 
 -0.372034 -0.575091 0.117309 
 -0.390679 -0.559104 0.111062 
 -0.409324 -0.543116 0.104816 
 -0.287333 -0.668226 0.110265 
 -0.305932 -0.652279 0.104034 
 -0.324531 -0.636331 0.097804 
 -0.343129 -0.620384 0.091573 
 -0.327545 -0.678365 0.131471 
 -0.346191 -0.662377 0.125225 
 -0.364836 -0.646390 0.118979 
 -0.383481 -0.630402 0.112732 
 -0.402126 -0.614415 0.106486 
 -0.420772 -0.598427 0.100239 
 -0.435818 -0.618089 0.094828 
 