0.133053 -0.559887 0.042634 
 -0.434130 -0.240175 0.016615 
 0.116258 0.448909 0.164233 
 -0.097522 -0.534718 0.019708 
 0.187839 -0.375916 0.058732 
 0.320069 0.421675 0.140415 
 0.146435 0.147077 -0.182248 
 0.029940 -0.107701 -0.097387 
 -0.211362 -0.557021 0.053381 
 -0.098211 -0.691399 0.090542 
 0.397112 0.152646 -0.101595 
 -0.325957 -0.499474 0.051467 
 -0.212340 -0.557388 0.053398 
 0.026766 -0.034980 -0.116018 
 -0.167975 -0.271292 -0.020536 
 0.034549 0.462429 0.100443 
 0.122579 -0.036189 -0.155610 
 -0.195875 -0.461463 0.023177 
 0.132211 -0.526576 0.041698 
 -0.285573 -0.491296 0.029232 
 0.374697 -0.573595 0.120914 
 0.400519 0.707496 0.025409 
 -0.355947 -0.186289 -0.028665 
 -0.303043 -0.398248 -0.012056 
 -0.488064 0.161642 -0.070878 
 -0.405030 -0.012140 -0.044365 
 0.144637 -0.469485 0.044621 
 0.161142 -0.027745 -0.177927 
 0.393139 -0.590208 0.126898 
 0.380766 0.133650 -0.105897 
 -0.479905 0.100832 0.004723 
 0.361067 0.775579 0.012942 
 0.221432 0.085558 -0.176298 
 0.401911 0.634487 0.060931 
 0.093155 0.650604 0.083147 
 -0.204804 -0.276111 -0.014887 
 -0.058821 -0.249425 0.068204 
 0.209123 0.031727 -0.180386 
 -0.406419 -0.363484 0.026482 
 0.432549 0.672967 0.070809 
 -0.567667 0.497177 -0.096594 
 -0.618818 0.597908 -0.077296 
 0.239677 -0.586100 0.076681 
 0.016425 -0.432844 0.040258 
 0.368544 0.116846 -0.127859 
 -0.184865 0.073768 0.101495 
 0.373001 -0.265378 -0.162822 
 -0.348419 0.062402 0.009414 
 0.426516 -0.663165 0.066717 
 -0.284333 -0.101492 -0.058362 
 0.240663 0.069613 -0.170439 
 -0.518328 0.198423 -0.116469 
 0.411553 -0.605016 0.132876 
 0.200990 0.300280 -0.059392 
 0.191398 0.422928 0.151903 
 -0.487618 0.359998 -0.070338 
 -0.306071 -0.475583 0.023228 
 0.155261 0.042888 -0.180252 
 -0.293548 0.087932 -0.007704 
 0.210821 0.188172 -0.162093 
 -0.158492 -0.218263 0.000396 
 0.331539 0.029617 -0.176622 
 0.412484 -0.407686 0.009423 
 -0.198404 -0.111479 -0.031053 
 -0.504720 -0.129909 -0.041773 
 -0.285145 -0.491981 0.029228 
 0.000536 -0.103018 -0.036037 
 0.159878 0.344441 0.176376 
 0.180933 0.292220 0.182535 
 0.236424 0.104552 -0.171879 
 -0.035703 -0.458273 0.040638 
 0.374661 0.005637 -0.214974 
 0.153649 -0.575015 0.048578 
 0.104349 0.247757 -0.196489 
 -0.137298 -0.543499 0.042148 
 -0.428892 0.473628 -0.051161 
 -0.032680 0.380901 0.111703 
 0.480121 -0.092426 -0.162168 
 -0.309032 0.069254 -0.012813 
 0.461989 -0.423881 0.043322 
 -0.490886 0.519261 -0.034620 
 -0.476702 -0.057800 -0.031769 
 -0.293493 0.091138 -0.007716 
 -0.111474 -0.038713 0.051595 
 -0.251363 -0.410533 0.005104 
 0.585513 -0.266949 -0.057862 
 -0.379988 -0.022565 -0.070321 
 -0.247660 -0.131478 -0.046370 
 -0.581081 0.565182 -0.065231 
 0.379938 -0.449376 0.016336 
 0.160599 0.695494 0.088770 
 0.308628 0.676701 0.066229 
 -0.540122 0.373928 -0.087827 
 -0.262685 -0.153394 -0.051454 
 -0.303969 -0.398232 -0.012041 
 0.229910 0.314899 0.199626 
 0.343125 -0.418332 0.004469 
 -0.566198 0.461067 -0.095652 
 0.498002 0.752708 0.057427 
 0.289222 -0.062046 -0.190020 
 0.200988 0.299223 -0.058371 
 0.058684 -0.459520 0.017502 
 0.425878 -0.159447 -0.109494 
 -0.466087 0.308998 -0.063742 
 0.054084 0.370857 0.141885 
 0.226667 -0.367162 0.039201 
 -0.007535 0.216746 0.157019 
 -0.627709 0.308141 -0.081127 
 0.151908 -0.420313 0.083533 
 -0.047706 -0.315519 0.037496 
 0.179939 -0.118506 -0.137016 
 0.349753 0.460208 0.150609 
 -0.033443 0.305345 0.149146 
 -0.097571 -0.537563 0.019719 
 0.069634 0.390372 0.147866 
 -0.276610 -0.208399 -0.055605 
 0.351871 -0.367701 -0.081222 
 -0.342435 -0.637728 0.099194 
 0.311066 0.528339 0.137513 
 0.451911 -0.359472 -0.048512 
 0.208574 0.481604 0.122271 
 -0.378362 -0.410644 -0.000949 
 0.421499 0.888845 0.016126 
 -0.097210 -0.299676 0.002508 
 0.036607 -0.484723 0.046380 
 -0.346519 -0.216313 -0.061116 
 0.314064 0.492520 0.138593 
 -0.175371 0.166113 0.102014 
 0.161771 0.166091 -0.177947 
 -0.167961 -0.270454 -0.020539 
 -0.296321 0.248071 0.026784 
 0.016248 -0.630454 0.038919 
 0.554032 -0.037769 -0.103175 
 -0.050358 0.245811 0.177006 
 0.372981 0.203612 -0.107655 
 0.300792 0.301299 -0.132134 
 -0.396443 -0.193949 -0.006462 
 -0.089950 -0.090431 0.058531 
 -0.111703 -0.037885 0.051596 
 0.394156 0.187608 -0.103357 
 -0.510789 -0.060163 -0.043601 
 -0.530426 0.265820 -0.085088 
 -0.472368 0.502895 -0.030827 
 0.139520 -0.167083 -0.079538 
 -0.249779 0.230835 0.078394 
 0.160554 0.694014 0.087578 
 0.251548 0.123547 -0.166917 
 0.250963 0.336606 0.170873 
 0.486390 0.030683 -0.160463 
 0.251582 0.123554 -0.164798 
 0.293776 -0.171740 -0.153314 
 0.264096 0.742769 0.087249 
 -0.309896 -0.326673 -0.013042 
 -0.195960 -0.537891 0.058504 
 -0.216009 0.114104 0.053125 
 -0.160364 0.061838 0.073600 
 0.271213 -0.045948 -0.195699 
 -0.198875 -0.424576 0.021723 
 0.043146 0.066596 -0.057412 
 0.269209 0.397052 0.141168 
 -0.301884 -0.120844 -0.063415 
 0.254044 -0.105925 -0.165947 
 0.176549 0.185116 -0.172951 
 -0.422629 0.401840 -0.049334 
 0.106368 0.630106 0.124141 
 0.159337 0.384023 0.141708 
 -0.078120 -0.629821 0.061124 
 -0.173753 -0.590129 0.065448 
 0.095267 -0.218499 -0.004287 
 0.325222 0.622096 0.106325 
 0.443563 -0.023584 -0.192504 
 -0.551979 0.565110 -0.020892 
 -0.112555 -0.357486 0.015244 
 0.382535 0.871536 -0.069016 
 0.302536 0.747743 0.064416 
 0.474621 0.056314 -0.093500 
 -0.442164 0.144210 -0.020003 
 -0.433137 0.036597 -0.018929 
 -0.405085 0.110496 -0.008677 
 0.161809 -0.102674 -0.142585 
 0.000568 -0.102176 -0.034927 
 0.206175 0.066563 -0.181792 
 0.084305 -0.426581 0.061619 
 0.294853 0.180568 -0.151344 
 0.247443 -0.495628 0.079962 
 0.504371 0.014844 -0.153880 
 0.069572 0.056927 -0.101830 
 0.449745 -0.596694 0.110051 
 -0.299994 -0.120872 -0.062078 
 0.192907 0.621436 0.152415 
 -0.137318 -0.544675 0.042152 
 -0.137008 -0.269832 0.008226 
 -0.061447 -0.015290 0.067819 
 -0.457011 0.398927 -0.060456 
 0.311710 -0.225236 -0.129291 
 -0.566387 0.634657 0.010498 
 0.319990 -0.292413 -0.145377 
 0.244067 -0.231365 -0.151323 
 0.019399 -0.469170 0.040364 
 0.034814 -0.449108 0.043334 
 -0.269007 0.000834 0.000146 
 -0.506458 0.499741 -0.041957 
 0.240638 -0.664494 0.112352 
 -0.614427 0.438437 -0.111908 
 -0.453809 0.486009 -0.023895 
 -0.509210 -0.250764 0.028053 
 0.070649 -0.601729 0.021113 
 -0.130001 -0.021580 0.043443 
 -0.549604 0.282524 -0.091101 
 -0.373292 0.150503 0.001546 
 0.188932 0.239101 -0.167811 
 -0.044257 0.174325 0.180387 
 -0.628379 0.506660 -0.080577 
 -0.087795 0.354517 0.130966 
 -0.164947 -0.344352 -0.002760 
 0.017620 0.331059 0.165430 
 0.139545 0.251934 -0.185649 
 0.400055 0.117682 -0.100596 
 0.005015 0.272307 0.161231 
 -0.456606 0.400304 -0.060467 
 0.427923 -0.159484 -0.109893 
 -0.486899 -0.225975 -0.001181 
 -0.246757 0.195178 0.078727 
 0.441452 0.053141 -0.103143 
 -0.383944 -0.261411 -0.038324 
 -0.322944 -0.536219 0.052391 
 -0.567653 0.497970 -0.096597 
 0.268805 0.397058 0.141174 
 0.218394 0.121889 -0.177194 
 -0.614749 0.562022 -0.076394 
 -0.656510 0.417039 -0.161247 
 0.011116 0.200617 0.165917 
 0.184875 -0.340067 0.059255 
 0.339669 -0.618507 0.144688 
 0.284642 0.126621 -0.155466 
 0.252855 0.377651 0.135230 
 0.188043 0.082491 -0.187155 
 0.154958 0.080878 -0.198023 
 -0.004153 0.014253 0.032601 
 0.356652 -0.324268 -0.132999 
 0.277228 0.527225 0.126587 
 -0.007522 0.217007 0.157585 
 -0.207866 -0.240423 -0.016142 
 0.452330 0.696274 0.042313 
 -0.118784 -0.559443 0.048168 
 -0.371007 -0.007815 -0.033353 
 -0.147689 0.042072 0.110825 
 -0.044540 -0.115194 0.020157 
 0.346629 0.048563 -0.171325 
 -0.187921 0.110546 0.097802 
 -0.434007 -0.361111 -0.018528 
 0.029065 -0.108374 -0.097371 
 -0.194487 0.058937 0.060091 
 0.540582 -0.131238 -0.070869 
 -0.147707 0.041045 0.110829 
 -0.610292 0.327264 -0.076036 
 -0.488096 0.160074 -0.071197 
 0.011303 0.033645 0.038783 
 0.117189 0.034454 -0.157414 
 -0.364887 -0.546074 0.074602 
 0.322408 0.769760 0.035571 
 -0.275459 -0.323538 -0.002753 
 -0.097754 -0.535923 0.019716 
 -0.018628 -0.400369 0.027422 
 0.283212 0.455163 0.128413 
 0.089241 0.230796 -0.201486 
 0.344546 -0.109717 -0.172271 
 -0.518273 0.198414 -0.118575 
 0.282712 0.317587 -0.138021 
 -0.032279 -0.296971 0.041530 
 0.209953 0.482186 0.122247 
 -0.627717 0.307665 -0.081125 
 -0.345883 0.225406 0.010876 
 -0.263164 -0.154682 -0.051442 
 0.215222 -0.498993 0.068879 
 -0.346907 -0.293038 -0.025920 
 -0.504746 -0.132689 -0.040439 
 0.396444 -0.157330 -0.154650 
 -0.198366 -0.110074 -0.030193 
 0.556964 -0.072377 -0.102411 
 0.397535 0.741859 0.024509 
 0.107876 -0.437054 0.033909 
 -0.561991 0.425268 -0.094756 
 0.242738 -0.196428 -0.152244 
 -0.383910 -0.259757 -0.037967 
 -0.080213 -0.120823 0.025845 
 -0.370976 0.114730 0.002475 
 -0.011446 -0.506057 0.030183 
 -0.372668 -0.093968 -0.069879 
 0.033669 -0.175081 0.010494 
 0.523072 -0.001014 -0.148959 
 0.251896 0.123543 -0.166334 
 -0.331424 -0.274425 -0.020811 
 0.466154 0.676075 0.081098 
 -0.184907 0.073759 0.098840 
 0.515058 0.029044 -0.116787 
 -0.285741 -0.568871 0.064495 
 0.288785 -0.563634 0.092728 
 -0.562763 0.425281 -0.094744 
 0.522333 -0.505396 0.169305 
 0.325223 0.622096 0.106402 
 0.441817 -0.645105 0.071842 
 0.320999 0.731568 0.069961 
 0.327200 0.547716 0.142756 
 -0.213016 0.075041 0.055901 
 0.104738 0.631318 0.124163 
 0.000978 -0.452235 0.034630 
 0.018844 -0.468480 0.040370 
 -0.068009 -0.263579 0.029495 
 0.162395 0.308582 0.177549 
 0.250935 -0.455097 0.045183 
 -0.101717 -0.023111 0.090628 
 -0.393894 -0.429883 -0.006069 
 -0.442191 0.143308 -0.020752 
 -0.167935 -0.270296 -0.019129 
 0.042028 -0.016258 -0.110476 
 -0.333219 0.280783 0.015076 
 -0.257765 -0.224661 -0.049613 
 0.350097 0.460202 0.150603 
 0.119228 0.411904 0.163397 
 0.312069 0.199531 -0.145588 
 0.217935 -0.073112 -0.177726 
 -0.513790 -0.023260 -0.044523 
 -0.278583 -0.172955 -0.056533 
 0.288412 0.654515 0.092513 
 -0.154322 0.148796 0.108029 
 -0.392087 0.242068 -0.039648 
 0.311989 -0.187667 -0.147439 
 0.337165 -0.541156 0.108958 
 0.358026 -0.515835 0.080081 
 0.360174 -0.050882 -0.202081 
 -0.314890 0.264424 0.019812 
 0.368549 0.888387 -0.108833 
 -0.232993 -0.661181 0.116737 
 -0.020139 0.436287 0.117305 
 0.228422 0.466374 0.128251 
 -0.124501 0.152033 0.119283 
 0.535543 -0.061419 -0.074095 
 -0.184921 0.073047 0.098728 
 0.193999 0.012652 -0.185230 
 -0.456620 -0.308867 -0.026000 
 -0.367886 -0.318953 0.002318 
 0.362472 0.628321 0.084153 
 0.341431 -0.654129 0.145620 
 0.501009 -0.143007 -0.155712 
 0.072811 -0.015532 -0.082761 
 -0.023420 -0.091869 -0.008381 
 -0.121631 -0.604156 0.082653 
 0.271502 -0.158364 -0.142240 
 -0.189711 -0.687711 0.096673 
 -0.063064 0.190159 0.174325 
 -0.293723 -0.033187 -0.043475 
 -0.025386 -0.246268 0.079599 
 0.315705 -0.336295 -0.093023 
 -0.182937 -0.130216 -0.006578 
 -0.025394 -0.246270 0.079099 
 0.094197 0.302270 0.154071 
 0.079146 0.483034 0.150396 
 -0.420976 -0.614094 0.109154 
 0.400060 0.117683 -0.100281 
 0.336454 0.813524 -0.084014 
 -0.537117 0.337862 -0.086911 
 -0.158923 -0.415394 -0.000134 
 -0.130594 -0.143362 0.008245 
 0.242709 0.226288 -0.169002 
 0.043182 0.068553 -0.057260 
 -0.256189 0.179487 0.040137 
 -0.396825 -0.471376 0.028176 
 0.433295 0.120759 -0.089141 
 0.141208 -0.631032 0.043592 
 -0.282016 0.022545 -0.039286 
 -0.425643 0.437467 -0.050248 
 0.226036 0.244208 -0.174908 
 -0.172858 0.129286 0.102944 
 0.159068 -0.142811 -0.108253 
 0.137421 0.471851 0.133814 
 -0.454238 0.240399 -0.095170 
 0.118798 0.267925 -0.191491 
 0.457247 -0.273553 -0.135300 
 -0.217669 0.024200 0.016348 
 0.462797 -0.076598 -0.168789 
 0.409497 -0.103566 -0.149244 
 -0.352399 0.098287 0.008511 
 -0.106287 0.294524 0.160344 
 -0.241772 -0.243197 -0.026900 
 -0.427847 -0.432853 -0.017228 
 -0.371006 -0.007815 -0.033249 
 -0.032638 0.105963 0.148125 
 -0.256857 0.056869 0.004339 
 0.167918 0.510781 0.143222 
 -0.452661 -0.222812 0.010559 
 -0.066623 -0.496817 0.029899 
 0.019423 -0.467750 0.040358 
 0.125375 0.197980 -0.191056 
 -0.637501 0.403128 -0.155257 
 0.317244 0.901894 -0.125595 
 -0.055114 0.035422 0.105668 
 0.376378 -0.106355 -0.161419 
 0.254955 0.282226 -0.163375 
 0.057074 0.333235 0.142923 
 0.072790 -0.015537 -0.084122 
 0.206434 0.554578 0.102913 
 0.359689 -0.474470 0.044425 
 -0.626299 0.506624 -0.080611 
 -0.089959 -0.211608 0.022583 
 -0.235267 -0.078967 -0.042330 
 -0.041237 -0.186960 0.038780 
 0.300198 0.846119 -0.095817 
 0.212061 0.680912 0.105874 
 0.117868 0.109007 -0.192941 
 -0.540834 0.373179 -0.087813 
 0.429938 -0.621512 0.138861 
 -0.551541 0.516270 -0.091496 
 -0.075768 -0.390034 0.027163 
 0.081706 -0.390946 0.060700 
 -0.245470 -0.560561 0.041530 
 -0.558640 0.389484 -0.093681 
 -0.153118 0.236308 0.145038 
 0.241957 0.445518 0.168002 
 -0.123947 -0.093169 0.047401 
 -0.243811 -0.169655 -0.045463 
 0.054540 -0.000296 -0.089116 
 0.321819 0.461754 0.105584 
 0.586691 -0.228242 -0.092854 
 0.032516 0.423085 0.135146 
 -0.004517 0.180297 0.157941 
 -0.611577 0.526150 -0.075479 
 -0.404025 0.263259 -0.078992 
 -0.130793 0.060497 0.115940 
 0.089017 -0.617947 0.025790 
 -0.077466 -0.034746 0.062125 
 -0.158721 -0.570386 0.070575 
 -0.007252 -0.221546 0.050847 
 -0.229928 -0.541048 0.046999 
 0.215857 0.155391 -0.178090 
 -0.382816 0.059254 -0.001737 
 0.467969 -0.147068 -0.166997 
 -0.219819 -0.059576 -0.036618 
 -0.077916 -0.233102 0.061287 
 0.231640 0.664637 0.111855 
 0.354339 0.018469 -0.203019 
 0.209939 0.187948 -0.162078 
 -0.075157 -0.190192 0.027680 
 -0.183394 -0.328073 -0.007880 
 -0.056342 0.118048 0.176158 
 -0.318449 -0.104380 -0.069444 
 -0.358505 0.047429 -0.028114 
 0.513459 0.771902 0.063856 
 0.226607 -0.367175 0.035473 
 0.361501 -0.200492 -0.130673 
 -0.196218 -0.460347 0.023178 
 0.477584 0.878583 -0.002270 
 -0.311863 0.228558 0.021338 
 -0.004123 0.015060 0.033589 
 -0.256213 0.178098 0.040150 
 0.074090 -0.439973 0.022828 
 -0.054245 0.158996 0.141619 
 -0.489472 0.009128 -0.001013 
 0.522327 -0.505737 0.169306 
 0.399461 0.708137 0.025424 
 0.219206 0.277266 -0.158879 
 -0.056385 -0.285194 0.069099 
 0.461998 -0.423371 0.043320 
 0.051082 0.407545 0.141077 
 0.137163 0.058121 -0.186134 
 0.011090 -0.203116 0.055898 
 0.185000 0.274078 -0.169737 
 0.323839 -0.637889 0.139405 
 0.140547 0.217005 -0.184369 
 -0.251363 -0.411400 0.006047 
 0.500670 -0.143003 -0.156190 
 0.239603 -0.586098 0.076974 
 0.296931 0.180533 -0.151426 
 0.518020 -0.198878 -0.115420 
 0.321849 0.460549 0.105588 
 0.053154 -0.191311 0.016773 
 0.377743 -0.609348 0.121823 
 0.029824 -0.108387 -0.097383 
 -0.078958 0.047277 0.133191 
 -0.269014 0.001618 -0.001172 
 -0.385885 0.095124 -0.002654 
 -0.489771 0.161670 -0.071176 
 0.051018 -0.270423 0.068157 
 -0.214407 -0.521540 0.051155 
 0.152747 0.271232 -0.180628 
 0.426503 -0.663872 0.066720 
 0.389674 0.023648 -0.210019 
 0.174437 0.439219 0.145857 
 0.011533 -0.202190 0.055887 
 0.179900 -0.118670 -0.139295 
 -0.187946 0.109715 0.097164 
 0.148938 -0.384663 0.084453 
 0.074266 -0.440183 0.022825 
 -0.428650 0.473623 -0.051383 
 0.148919 -0.384667 0.083216 
 0.344952 -0.222159 -0.117613 
 -0.091538 -0.409442 0.022074 
 0.243651 -0.699246 0.113261 
 0.295527 0.061388 -0.187095 
 -0.210433 -0.007729 -0.016181 
 -0.175695 -0.003756 -0.005098 
 0.251415 -0.298067 -0.043050 
 -0.414108 -0.178629 -0.012509 
 -0.086041 0.278670 0.166384 
 0.172998 0.063495 -0.192028 
 0.192055 0.422917 0.151893 
 0.000783 -0.688674 0.052797 
 -0.304696 0.034234 -0.011921 
 0.260380 -0.212368 -0.146855 
 -0.078205 -0.157161 0.026777 
 0.104418 -0.172773 -0.073656 
 -0.386522 0.095132 -0.003161 
 0.139423 -0.205160 -0.061756 
 -0.016725 -0.312334 0.047581 
 -0.250161 0.107281 0.041983 
 -0.388789 -0.575600 0.119472 
 0.401859 0.040425 -0.188088 
 0.228386 0.465302 0.127179 
 0.099176 0.578955 0.086211 
 0.401760 0.520244 0.131874 
 -0.440717 0.418376 -0.055363 
 0.257611 -0.177404 -0.147249 
 0.176290 -0.008724 -0.172664 
 0.308442 -0.657268 0.136912 
 0.358032 -0.515833 0.080486 
 -0.007813 -0.383764 0.048444 
 -0.264829 -0.430901 -0.000032 
 -0.393891 -0.429696 -0.006112 
 0.185970 0.274061 -0.170021 
 0.145961 0.364132 0.136569 
 -0.109125 -0.196277 0.016592 
 0.206434 0.553998 0.103512 
 -0.342920 0.189538 0.012034 
 -0.521630 0.356850 -0.081944 
 -0.069608 -0.460138 0.028982 
 0.044985 -0.051495 -0.110051 
 0.119647 -0.000591 -0.156027 
 -0.204376 -0.076035 -0.014367 
 0.218232 -0.534330 0.070707 
 -0.157393 0.025416 0.072167 
 -0.168702 0.218544 0.139755 
 0.161746 0.308592 0.177313 
 -0.336885 0.117950 0.013630 
 0.011606 0.200598 0.163062 
 0.443555 0.576514 0.180159 
 -0.284598 -0.102718 -0.058353 
 0.140547 0.217005 -0.184344 
 0.464707 -0.380128 -0.008587 
 0.212264 -0.461522 0.067963 
 0.436288 -0.223938 -0.141691 
 -0.599939 0.183817 -0.072337 
 0.077936 0.026722 -0.136020 
 0.377786 -0.609140 0.124321 
 -0.394617 0.044316 -0.040145 
 0.465658 -0.379375 -0.008605 
 0.409872 0.797711 0.028636 
 0.509750 -0.248303 -0.153525 
 -0.002534 0.014229 0.033566 
 0.460572 -0.117595 -0.133887 
 -0.051224 0.397261 0.106297 
 -0.131004 -0.340460 0.009138 
 -0.228168 0.178121 0.084781 
 -0.393410 -0.228862 -0.005547 
 0.217929 -0.073113 -0.178110 
 0.110583 -0.472602 0.034800 
 -0.063785 0.066843 0.138042 
 -0.498040 -0.005580 -0.039400 
 -0.306154 -0.086866 -0.047661 
 -0.462633 0.470482 -0.061191 
 0.505859 -0.059554 -0.118337 
 0.205791 -0.589229 0.064449 
 -0.362847 -0.392392 0.004175 
 -0.548138 0.579980 0.034125 
 -0.204443 -0.080000 -0.014352 
 -0.567677 0.496556 -0.096592 
 0.224043 -0.682912 0.107280 
 0.129004 -0.488816 0.040783 
 -0.020314 0.436292 0.117853 
 -0.106557 -0.428863 0.016592 
 -0.229647 -0.697234 0.117969 
 0.102621 -0.134939 -0.091845 
 -0.252686 -0.334324 -0.030143 
 -0.410490 0.183220 -0.010527 
 0.489757 0.075977 -0.088519 
 0.489316 -0.004055 -0.159371 
 -0.533642 0.501508 -0.085470 
 -0.066176 -0.298815 0.030426 
 -0.275603 -0.209675 -0.055617 
 0.206140 -0.589231 0.065619 
 0.155408 0.079411 -0.198025 
 0.477480 -0.522551 0.119140 
 0.108634 0.670021 0.089501 
 0.244969 0.409730 0.169036 
 0.282721 0.318248 -0.138115 
 -0.488562 0.161650 -0.071195 
 -0.383034 0.258125 -0.000224 
 0.260791 0.212378 -0.164086 
 -0.364492 0.241766 0.005082 
 0.303751 0.267364 -0.131243 
 0.267074 0.706433 0.088161 
 -0.418044 -0.142746 -0.014093 
 -0.517639 0.321055 -0.080902 
 -0.137301 -0.543647 0.042148 
 -0.128171 -0.179036 0.010590 
 -0.200962 0.007919 0.023825 
 0.093174 -0.533504 0.065337 
 -0.045132 -0.510403 0.019099 
 -0.394335 -0.507326 0.029138 
 0.491399 0.859796 0.036391 
 -0.235762 -0.314933 -0.024402 
 -0.173502 -0.039659 -0.004171 
 -0.229954 -0.697132 0.117974 
 -0.422451 0.281552 -0.085005 
 0.260385 -0.212542 -0.146352 
 -0.207871 -0.241043 -0.015796 
 0.005030 0.272528 0.161876 
 -0.487604 0.361135 -0.070679 
 -0.235883 -0.392041 0.010214 
 0.112970 -0.234664 0.000688 
 -0.201843 -0.311795 -0.013193 
 0.305435 -0.619906 0.133602 
 -0.336882 0.118093 0.013630 
 -0.071532 0.298298 0.171547 
 -0.026391 -0.246252 0.079358 
 0.350947 0.460189 0.150946 
 0.426531 -0.586677 0.137961 
 0.185791 -0.416955 0.094877 
 -0.347313 -0.019411 -0.060565 
 -0.505134 -0.132688 -0.041756 
 -0.409456 -0.450952 -0.011182 
 0.110851 -0.472610 0.033777 
 -0.162157 -0.024749 0.034414 
 -0.094554 -0.571617 0.019797 
 -0.108416 -0.071678 0.052500 
 0.502863 0.717395 0.058299 
 0.113213 0.484772 0.161614 
 -0.124982 -0.410872 0.010960 
 0.063201 -0.067567 -0.104796 
 -0.201871 -0.312687 -0.013969 
 0.134684 0.288484 -0.186518 
 -0.204008 0.043690 0.020714 
 0.284640 -0.451149 0.055501 
 0.342783 0.791661 0.004872 
 -0.252715 0.021072 0.005236 
 0.310189 -0.112757 -0.183083 
 0.264100 0.741847 0.088527 
 -0.185081 0.073761 0.098728 
 0.167886 0.289891 -0.175638 
 0.269486 0.321239 0.176891 
 0.281814 0.161540 -0.155928 
 0.342585 0.237512 -0.136431 
 0.296948 0.180536 -0.150371 
 0.321004 0.731569 0.070316 
 0.090830 -0.300266 0.063969 
 -0.023442 0.197450 0.151891 
 0.329102 -0.357354 -0.051759 
 -0.077869 -0.233092 0.064272 
 -0.524615 0.392629 -0.082719 
 0.422477 -0.472501 0.101228 
 0.373004 -0.265221 -0.162822 
 0.232493 0.354501 0.165497 
 -0.203545 0.088102 0.092680 
 -0.510859 -0.060968 -0.047136 
 0.144186 -0.668153 0.045334 
 0.460616 -0.114974 -0.133897 
 0.172772 0.255009 -0.174774 
 0.462114 -0.541944 0.113830 
 -0.121438 -0.128900 0.048325 
 0.311147 -0.187661 -0.149828 
 0.263749 0.177464 -0.161955 
 -0.307123 -0.439740 0.024354 
 0.160994 0.655889 0.106587 
 0.241974 0.445522 0.169027 
 0.034914 0.461821 0.100440 
 0.016958 0.402428 0.129929 
 -0.487335 0.236601 -0.106281 
 0.156444 -0.261674 -0.021166 
 0.382026 0.613499 0.090097 
 -0.211110 -0.479819 0.018063 
 -0.308544 -0.051992 -0.048581 
 0.342295 -0.654140 0.146643 
 0.402475 0.521681 0.131857 
 -0.051164 -0.477348 0.034992 
 -0.330400 -0.387492 0.015352 
 -0.232996 -0.661181 0.116538 
 0.006974 -0.523350 0.036186 
 -0.533483 0.037634 0.020147 
 0.139060 -0.167081 -0.080868 
 0.164963 0.325971 -0.176536 
 -0.118322 0.116019 0.120153 
 0.082164 0.447167 0.151314 
 0.397545 0.742465 0.024507 
 0.019234 -0.704952 0.058175 
 -0.044285 0.172669 0.180394 
 0.229322 0.055263 -0.208858 
 0.432437 -0.189096 -0.142926 
 -0.490634 0.395775 -0.071602 
 -0.405968 0.111508 -0.008667 
 0.415815 0.763953 0.012537 
 -0.091092 -0.409347 0.022067 
 -0.456425 0.275100 -0.096093 
 0.191335 -0.686067 0.095806 
 -0.181238 0.237153 0.100173 
 0.350240 -0.254950 -0.134776 
 0.308666 0.678959 0.066220 
 0.183020 0.308362 -0.170645 
 0.111797 -0.352156 0.070887 
 0.525281 -0.268559 -0.113661 
 -0.137486 -0.468867 0.006792 
 0.229447 0.388815 0.163935 
 -0.382171 -0.529658 0.068329 
 0.269637 -0.314427 -0.037118 
 -0.503579 0.142177 -0.077130 
 -0.420227 -0.614107 0.109142 
 0.518001 -0.198878 -0.115420 
 0.406981 -0.261846 -0.152005 
 -0.391593 0.318033 -0.075936 
 0.309253 -0.657291 0.134507 
 0.000968 -0.452237 0.034006 
 0.225386 0.500990 0.126470 
 0.094208 0.302063 0.154991 
 0.418258 -0.208058 -0.148416 
 0.206613 0.752189 0.104041 
 -0.213054 0.074521 0.054056 
 0.325263 -0.093405 -0.178114 
 0.219192 0.277133 -0.159622 
 0.152758 0.271869 -0.180631 
 -0.383960 -0.261415 -0.039327 
 -0.358530 0.047424 -0.029675 
 -0.529090 0.428433 -0.083610 
 -0.042163 -0.584856 0.037734 
 0.301394 0.400219 0.152295 
 0.050340 -0.394123 0.049574 
 -0.600114 0.183819 -0.072698 
 -0.555625 0.354069 -0.092932 
 0.468408 0.045947 -0.166485 
 0.405534 -0.534922 0.129908 
 -0.001508 0.145080 0.157071 
 0.083024 0.445734 0.151305 
 -0.053834 0.356158 0.142159 
 -0.005466 -0.578552 0.032178 
 0.326915 0.547721 0.142761 
 0.158662 0.201066 -0.176625 
 0.326968 0.660347 0.072198 
 0.475316 -0.404750 0.048389 
 0.445601 0.802291 0.020525 
 -0.082090 -0.516792 0.024807 
 -0.051248 0.397256 0.104804 
 0.222389 0.536679 0.125902 
 0.570365 -0.286845 -0.062842 
 -0.076337 0.011323 0.133688 
 0.166142 0.546542 0.143098 
 -0.304640 -0.671374 0.111339 
 0.473837 -0.215538 -0.164851 
 0.170688 0.098403 -0.193044 
 0.232210 0.703183 0.077121 
 0.131287 0.128472 -0.187926 
 0.401881 0.632529 0.061196 
 0.428476 -0.427073 0.033628 
 -0.548305 0.094499 -0.020669 
 0.247948 -0.419833 0.044275 
 0.108637 0.670276 0.089476 
 0.193835 0.621250 0.152400 
 -0.189384 -0.218402 -0.026785 
 -0.383961 -0.262766 -0.037956 
 0.495845 -0.538820 0.126575 
 0.110171 0.559772 0.126004 
 -0.275582 -0.208417 -0.055684 
 0.253209 -0.030276 -0.200561 
 0.282927 0.007620 -0.191611 
 0.029033 -0.377819 0.043621 
 0.392597 0.888178 -0.029990 
 0.302112 0.709395 0.099200 
 -0.075199 -0.192648 0.027689 
 0.166859 -0.324152 0.053267 
 -0.380025 0.222597 -0.000280 
 -0.346831 -0.019419 -0.060572 
 -0.520262 0.158464 -0.082360 
 -0.340089 -0.091006 -0.058757 
 0.500477 -0.183003 -0.121291 
 0.038575 -0.325448 0.064640 
 -0.377003 0.186386 0.001323 
 -0.045215 0.050437 0.142221 
 0.251689 0.687931 0.083085 
 -0.300000 -0.119963 -0.063449 
 0.271229 -0.046158 -0.194432 
 -0.005422 -0.183332 0.033079 
 0.218206 -0.534985 0.069791 
 0.265345 0.433999 0.140263 
 0.078832 0.481624 0.150406 
 -0.111448 -0.037206 0.051589 
 0.026756 -0.035427 -0.116167 
 -0.492926 -0.153108 -0.002469 
 -0.134011 -0.305521 0.008722 
 -0.519062 0.122717 -0.081383 
 0.414191 0.576584 0.135947 
 0.271187 0.596489 0.124238 
 0.164043 0.621202 0.109349 
 -0.097100 -0.338142 0.020241 
 -0.122097 -0.603315 0.082658 
 0.359302 -0.592934 0.115839 
 0.161486 0.385259 0.141669 
 -0.084769 -0.244590 0.006718 
 0.286757 0.380785 0.145389 
 0.252850 0.376582 0.136093 
 -0.120931 -0.128646 0.048316 
 -0.582026 0.614429 0.004507 
 -0.627691 0.307790 -0.079647 
 -0.085648 -0.282955 0.024436 
 -0.219482 0.024866 0.016375 
 0.254983 -0.567588 0.081760 
 0.443518 -0.023374 -0.192504 
 -0.537590 0.137898 -0.087433 
 -0.325983 -0.501003 0.051490 
 -0.291165 -0.266750 -0.043089 
 0.258741 0.540582 0.120599 
 0.159474 0.007195 -0.179376 
 0.043119 0.064845 -0.057246 
 0.322594 -0.559435 0.103867 
 0.375186 -0.496576 0.085116 
 0.241826 -0.621639 0.077604 
 0.117869 0.034442 -0.157425 
 0.264167 0.177456 -0.162245 
 0.239738 0.557724 0.114605 
 0.010640 -0.400040 0.054069 
 0.263753 0.178019 -0.162240 
 0.308258 -0.152732 -0.147670 
 -0.185494 0.027375 0.027146 
 -0.032125 0.305322 0.149125 
 -0.169359 -0.075139 -0.003277 
 0.063227 -0.066589 -0.104159 
 0.088174 0.374011 0.153045 
 -0.358013 -0.074542 -0.064773 
 0.206954 0.517272 0.122205 
 0.283389 0.007618 -0.190092 
 0.346658 0.049785 -0.170849 
 -0.540121 0.373967 -0.087827 
 0.300191 0.473282 0.133481 
 -0.477939 0.451012 -0.067403 
 0.265304 0.431580 0.140273 
 0.207960 0.442374 0.157330 
 -0.464192 -0.002422 -0.028102 
 0.378144 -0.066852 -0.195988 
 0.166499 -0.324141 0.054419 
 -0.471122 -0.328271 -0.031136 
 -0.333427 0.280786 0.014836 
 -0.059408 -0.249418 0.067323 
 -0.422642 0.005341 -0.050405 
 -0.351960 0.297149 0.010114 
 0.394177 -0.589827 0.126880 
 0.099179 0.579183 0.086210 
 -0.303866 -0.398228 -0.010586 
 0.349108 0.130549 -0.116796 
 0.604416 -0.243452 -0.086990 
 -0.076992 -0.354376 0.026221 
 -0.110497 0.008164 0.123496 
 0.129265 -0.488818 0.041244 
 -0.009909 0.047635 0.049756 
 0.375227 -0.031600 -0.197125 
 0.345774 0.755987 0.007594 
 -0.278257 -0.013245 -0.038384 
 -0.209518 0.164642 0.090823 
 0.124453 -0.070684 -0.154698 
 -0.081197 -0.120858 0.025861 
 0.325565 0.622093 0.107018 
 0.268260 -0.011338 -0.197759 
 -0.026282 -0.368791 0.043358 
 -0.109106 -0.195154 0.016587 
 0.176944 0.403444 0.145679 
 0.230569 0.314743 0.199616 
 0.261760 0.505818 0.121818 
 0.479119 0.805165 0.033566 
 0.074263 -0.015558 -0.083205 
 0.391517 -0.589781 0.126922 
 -0.084750 -0.243487 0.006714 
 -0.558640 0.389484 -0.093680 
 0.112221 0.559737 0.125971 
 0.206242 -0.392126 0.065554 
 0.134769 0.431662 0.168515 
 0.063237 0.462113 0.145287 
 0.283224 0.453928 0.130499 
 0.034907 0.462418 0.099352 
 0.501424 0.049017 -0.155680 
 -0.031453 0.380887 0.113630 
 0.191075 0.048575 -0.186267 
 0.227171 0.015718 -0.175312 
 0.456273 -0.007115 -0.171924 
 0.480119 -0.092426 -0.162323 
 0.073620 -0.637286 0.020864 
 -0.374016 0.027983 -0.034157 
 -0.339891 0.154557 0.012710 
 0.468428 0.046527 -0.165827 
 -0.016578 0.326582 0.154251 
 0.334309 0.515439 0.109751 
 -0.121890 -0.525617 0.047261 
 -0.503586 0.142175 -0.077554 
 -0.407587 0.222429 -0.044754 
 0.340310 -0.074873 -0.175133 
 0.018624 0.403545 0.129898 
 -0.550928 0.282170 -0.091078 
 -0.365230 -0.546068 0.074607 
 0.418155 0.102050 -0.094147 
 0.236450 0.104558 -0.170231 
 -0.063782 0.066844 0.138256 
 0.234355 0.629008 0.114858 
 0.359352 -0.593179 0.115839 
 -0.367113 0.353115 -0.031782 
 -0.428089 -0.432849 -0.017224 
 -0.249786 0.230981 0.077807 
 -0.469468 0.220982 -0.100267 
 0.001888 0.459260 0.089293 
 -0.617757 0.598548 -0.077315 
 0.272990 0.266295 -0.159237 
 -0.423149 0.005350 -0.050397 
 -0.458778 -0.150895 0.007956 
 -0.453808 0.486093 -0.023895 
 0.304185 -0.544296 0.097857 
 0.283346 0.006551 -0.191614 
 -0.541509 0.373190 -0.087802 
 -0.557810 0.003023 -0.022767 
 0.394655 -0.512767 0.091066 
 0.361295 -0.125577 -0.165977 
 0.089670 0.155604 -0.168486 
 0.102052 -0.059616 -0.126906 
 0.099078 -0.025498 -0.127801 
 0.418228 -0.210303 -0.147903 
 -0.419480 0.243968 -0.084085 
 0.163053 -0.485325 0.051836 
 -0.003580 0.014247 0.033583 
 -0.209590 0.160395 0.090839 
 0.195457 0.386504 0.152805 
 0.449854 0.730403 0.041407 
 0.427487 -0.119712 -0.144722 
 0.192757 0.047541 -0.186290 
 -0.602125 0.295318 -0.108441 
 -0.192789 -0.572229 0.059413 
 -0.384372 -0.338444 -0.001669 
 -0.150743 0.076329 0.109912 
 0.233481 0.139470 -0.173081 
 0.308044 -0.657271 0.134526 
 -0.473890 0.028905 0.004279 
 0.236627 -0.549407 0.075768 
 0.126247 -0.454421 0.039874 
 0.228411 0.465307 0.128738 
 -0.573628 0.246828 -0.134488 
 -0.348984 0.261276 0.009960 
 -0.035727 0.341292 0.148213 
 0.282665 0.453929 0.128426 
 -0.204272 -0.276120 -0.014895 
 0.257885 0.247305 -0.162976 
 0.128313 0.305429 0.166831 
 -0.001337 -0.257280 0.052474 
 0.013813 -0.594821 0.037997 
 0.009337 -0.057029 -0.104235 
 -0.356492 0.011665 -0.028120 
 0.032492 0.421764 0.135049 
 -0.057256 -0.680777 0.068068 
 0.251412 -0.298223 -0.043050 
 -0.518219 0.199649 -0.116475 
 0.359375 0.737789 0.047470 
 -0.516819 0.010786 -0.044271 
 -0.065049 -0.299266 0.030409 
 0.150330 0.452056 0.173631 
 -0.342908 0.190419 0.011792 
 -0.171758 0.253293 0.138838 
 0.029897 -0.108396 -0.099315 
 -0.136973 0.132419 0.114101 
 0.383436 -0.251390 -0.123917 
 -0.017076 0.400427 0.121021 
 0.330631 0.029636 -0.175800 
 0.375693 0.831339 -0.000214 
 -0.505497 -0.209891 -0.006676 
 -0.627730 0.307781 -0.082047 
 -0.248351 -0.446179 0.006019 
 0.128292 0.305424 0.165516 
 -0.387413 -0.302900 -0.003703 
 0.036219 -0.449124 0.045426 
 -0.007590 -0.148289 0.032155 
 -0.611610 0.526150 -0.075478 
 0.234765 0.104582 -0.171286 
 -0.173978 -0.200323 -0.022359 
 -0.032168 0.306109 0.149123 
 0.383419 0.537911 0.127449 
 0.185296 -0.537474 0.058717 
 -0.204392 -0.076987 -0.014363 
 0.196850 -0.481741 0.062892 
 -0.170502 -0.075121 -0.003676 
 0.235072 -0.126469 -0.154005 
 0.217941 -0.072752 -0.177707 
 0.080142 -0.511285 0.024647 
 0.190621 0.047578 -0.186256 
 0.135253 -0.559097 0.042596 
 0.242571 -0.621656 0.076492 
 -0.480380 -0.097871 0.001744 
 0.414429 -0.408142 0.009394 
 0.072157 -0.284561 0.057975 
 -0.425031 -0.347088 0.019754 
 0.422488 -0.318809 -0.111267 
 0.305867 0.638328 0.101055 
 -0.272686 -0.281927 -0.037087 
 0.247953 -0.418805 0.043476 
 -0.620775 0.633762 -0.077553 
 -0.326548 -0.697583 0.139595 
 0.191854 0.204132 -0.168096 
 -0.557907 0.266656 -0.129400 
 0.111284 -0.276986 0.035327 
 0.344339 -0.184591 -0.138743 
 0.036165 0.462401 0.100417 
 0.415104 0.763964 0.012114 
 0.158867 -0.066879 -0.143815 
 0.487328 0.030666 -0.160655 
 -0.195392 -0.147118 -0.029321 
 -0.048216 0.085767 0.143464 
 -0.073027 -0.425717 0.028080 
 -0.519067 0.122716 -0.081659 
 0.246930 -0.343304 0.008620 
 0.183054 0.309025 -0.170648 
 -0.211348 -0.557400 0.054631 
 -0.106281 0.295136 0.160029 
 0.056211 -0.698608 0.051827 
 0.209958 0.188191 -0.161092 
 -0.165748 0.180648 0.140685 
 0.195436 0.585495 0.153338 
 -0.096666 -0.140223 0.019980 
 -0.003878 0.380401 0.158466 
 0.433628 0.599082 0.107107 
 -0.103198 -0.228389 0.001293 
 -0.168738 0.216697 0.139482 
 0.209238 -0.427971 0.067060 
 0.479686 -0.284431 -0.163447 
 0.371752 -0.538726 0.120006 
 0.353413 0.869902 -0.113825 
 0.015967 -0.630450 0.038897 
 -0.189389 -0.256011 -0.009795 
 0.047740 -0.394078 0.049616 
 0.190426 -0.608561 0.061500 
 0.488872 -0.312095 -0.089547 
 -0.370980 0.114645 0.002302 
 0.076914 -0.202000 -0.011261 
 -0.521624 0.356852 -0.081584 
 0.280439 0.042767 -0.192511 
 0.561574 -0.182084 -0.064636 
 0.124305 -0.070681 -0.154695 
 0.006884 0.272494 0.161201 
 -0.336078 -0.126513 -0.057861 
 -0.307602 -0.595424 0.091234 
 0.415821 0.727312 0.031002 
 0.422454 -0.474136 0.101581 
 0.221865 0.572936 0.108601 
 -0.241703 -0.205144 -0.044536 
 -0.412955 -0.490927 0.023053 
 0.268184 0.631403 0.123861 
 0.019203 -0.706183 0.057584 
 0.466932 0.750993 0.029436 
 0.359784 -0.592942 0.115832 
 -0.439029 -0.014992 -0.055494 
 0.477488 -0.522651 0.119748 
 -0.294401 -0.306519 -0.008770 
 -0.155911 -0.451410 0.001784 
 0.426927 -0.587140 0.137956 
 0.177949 0.329346 0.182417 
 0.437753 0.008742 -0.176394 
 0.540308 -0.016840 -0.142244 
 0.366789 0.705020 0.014436 
 0.186433 0.494189 0.150057 
 -0.334303 0.081938 0.014556 
 0.000806 -0.686194 0.051563 
 -0.602876 0.617413 -0.072182 
 0.528094 -0.417755 0.065285 
 -0.234938 -0.661146 0.117083 
 -0.214395 -0.522061 0.052467 
 -0.402050 0.075624 -0.007706 
 -0.382142 -0.529652 0.070155 
 0.202797 -0.554928 0.064720 
 0.307244 -0.077928 -0.183745 
 0.130474 -0.368414 0.076785 
 0.026629 0.219188 0.168206 
 0.229323 0.055264 -0.208795 
 -0.542982 0.210580 -0.089278 
 -0.422520 0.277515 -0.084990 
 0.498006 -0.377036 0.002345 
 0.208646 -0.351002 0.031422 
 -0.140022 -0.234146 0.006559 
 -0.237993 0.040927 0.010354 
 -0.185483 0.027378 0.027843 
 -0.237972 0.042146 0.010349 
 0.203957 -0.205439 -0.129319 
 0.142545 0.673157 0.100213 
 0.023131 -0.344047 0.059544 
 -0.341995 -0.637742 0.097562 
 -0.602943 0.617414 -0.072181 
 -0.344579 -0.484604 0.045659 
 -0.131442 0.183660 0.151898 
 -0.331422 -0.274580 -0.020476 
 -0.019610 -0.007250 0.028512 
 0.442142 -0.293578 -0.140267 
 0.438325 0.008709 -0.176403 
 0.176976 0.404329 0.146776 
 0.502507 -0.216493 -0.120389 
 -0.213813 -0.129957 -0.035278 
 -0.395466 -0.041982 -0.076710 
 -0.016825 -0.276700 0.045533 
 0.406198 0.869669 0.008619 
 -0.128019 -0.377230 0.010055 
 -0.451015 -0.258749 0.011500 
 0.050264 -0.429718 0.049128 
 0.322149 0.731550 0.070364 
 -0.487884 0.483771 -0.035054 
 -0.417785 0.056116 -0.012880 
 -0.327627 -0.035537 -0.054579 
 0.191846 0.204130 -0.168597 
 0.501845 -0.143023 -0.156209 
 -0.259827 -0.029438 -0.034379 
 0.335113 -0.274102 -0.139759 
 -0.586616 0.315303 -0.103145 
 0.389697 0.025037 -0.210025 
 0.183037 0.309345 -0.170649 
 -0.432987 -0.085661 -0.053232 
 0.202930 -0.553675 0.064713 
 -0.327602 -0.387540 0.015307 
 0.148866 0.527110 0.138021 
 0.540294 -0.016882 -0.143101 
 0.262322 0.468444 0.139412 
 -0.184314 0.073748 0.098716 
 0.079228 0.282752 0.149862 
 -0.042349 -0.546441 0.020015 
 0.261115 0.468464 0.139375 
 0.265546 0.780092 0.052484 
 -0.395579 0.202739 -0.006121 
 -0.026274 -0.367489 0.042453 
 0.394379 -0.122518 -0.156257 
 0.057129 0.336443 0.142911 
 0.212047 -0.003276 -0.180260 
 0.039176 0.274557 0.172418 
 0.266482 -0.244648 -0.162387 
 -0.454881 -0.222774 0.010594 
 0.321363 -0.482087 0.068140 
 0.164896 0.546557 0.141603 
 0.217949 -0.072298 -0.177709 
 0.285487 0.690083 0.095727 
 -0.598653 0.457898 -0.105937 
 -0.314829 0.264428 0.021116 
 -0.362718 -0.663637 0.127392 
 0.240622 -0.663551 0.110320 
 -0.005422 -0.031258 -0.038203 
 0.012954 -0.595707 0.038014 
 0.196488 0.311736 0.188847 
 0.254067 -0.104538 -0.165952 
 -0.057634 -0.604168 0.031759 
 -0.250680 -0.411415 0.005097 
 0.252027 -0.531203 0.082113 
 -0.408108 0.146012 -0.009594 
 0.033757 0.097553 -0.024473 
 -0.384399 -0.338450 -0.003342 
 0.195471 0.387133 0.153018 
 -0.388246 0.008480 -0.039283 
 -0.349407 0.062419 0.009390 
 0.243640 -0.699190 0.112493 
 -0.119548 0.116048 0.122325 
 -0.103115 -0.266700 0.017705 
 0.175065 -0.627904 0.055476 
 -0.054258 0.158260 0.141622 
 -0.203992 0.043693 0.021708 
 -0.304358 -0.553361 0.058403 
 -0.092939 -0.053402 0.057611 
 0.523427 -0.268528 -0.113844 
 -0.446324 0.180096 -0.021655 
 0.377570 -0.181511 -0.125153 
 -0.361428 -0.038846 -0.065679 
 0.424107 -0.277718 -0.147320 
 -0.270516 0.159955 0.035006 
 -0.058942 -0.249423 0.068206 
 -0.393920 -0.429703 -0.007885 
 -0.548159 0.578789 0.034108 
 0.077712 -0.553324 0.059272 
 0.287595 -0.605390 0.127599 
 -0.100055 -0.655553 0.088978 
 0.361038 0.774216 0.012633 
 0.502831 -0.292965 -0.084546 
 0.130467 -0.368945 0.076883 
 -0.023107 0.197444 0.151814 
 -0.087975 0.354522 0.131551 
 0.339283 -0.618306 0.144694 
 -0.630752 0.343650 -0.083223 
 -0.490316 0.272937 -0.106501 
 0.210368 -0.427695 0.067041 
 0.347053 0.682887 0.045058 
 -0.198376 0.253527 0.094098 
 0.143645 -0.088172 -0.148810 
 0.216374 0.155382 -0.178098 
 0.215207 -0.498785 0.067680 
 0.122820 -0.615481 0.038438 
 -0.023120 0.197441 0.150978 
 -0.408030 0.024817 -0.045918 
 0.177906 0.328087 0.181080 
 0.119804 -0.579271 0.035292 
 0.159381 0.344876 0.176383 
 -0.411121 0.182251 -0.010514 
 0.176260 -0.008731 -0.174520 
 -0.410974 -0.064253 -0.081860 
 0.474450 -0.487190 0.118233 
 -0.184936 0.073752 0.097054 
 0.028414 -0.575416 0.043598 
 -0.553475 0.565136 -0.020868 
 0.216180 -0.150640 -0.126634 
 -0.434012 -0.361112 -0.018851 
 0.344049 0.718246 0.042423 
 -0.393895 -0.429951 -0.006069 
 0.278277 0.196467 -0.157245 
 -0.043893 -0.229691 0.073319 
 -0.355405 0.134165 0.009845 
 -0.339322 0.031098 -0.023040 
 0.359497 -0.165627 -0.131581 
 -0.468866 0.220842 -0.100276 
 0.259098 -0.679797 0.118780 
 0.431290 0.783117 0.017562 
 0.332536 0.478362 0.144584 
 -0.131849 -0.694561 0.079378 
 -0.521238 0.234109 -0.117383 
 0.562818 -0.142035 -0.100987 
 -0.404417 0.385755 -0.043307 
 0.081433 0.521846 0.115751 
 0.532647 -0.180414 -0.110441 
 0.236411 0.104549 -0.172695 
 0.487396 -0.236970 -0.125354 
 0.069611 0.390367 0.146460 
 -0.181434 0.237157 0.100295 
 0.100809 0.504478 0.121763 
 -0.234743 -0.350590 -0.024127 
 0.207767 0.554558 0.103489 
 -0.155852 -0.528768 0.034864 
 -0.138196 0.131687 0.114123 
 0.365357 0.668879 0.049273 
 0.068589 0.092512 -0.102764 
 -0.581565 0.166801 -0.066296 
 0.034860 -0.448382 0.045445 
 0.102903 -0.174234 -0.073627 
 0.267390 -0.512748 0.085924 
 0.049050 -0.627302 0.050022 
 0.285478 0.690081 0.095170 
 -0.137496 0.256479 0.150050 
 0.401917 0.634488 0.061324 
 -0.001041 0.343894 0.159392 
 0.004379 -0.328655 0.053544 
 -0.056388 -0.285383 0.069130 
 -0.008467 -0.542862 0.031099 
 -0.200995 0.007912 0.021760 
 0.367999 0.518812 0.120809 
 -0.468005 -0.242377 0.005423 
 -0.167493 -0.270309 -0.020547 
 0.571617 -0.246520 -0.097829 
 0.139420 -0.205365 -0.061755 
 -0.244419 -0.638537 0.077505 
 0.173330 -0.472213 0.089602 
 0.022019 -0.504126 0.041280 
 -0.364080 0.317342 -0.029510 
 -0.627256 0.507419 -0.080598 
 -0.518645 0.321065 -0.082614 
 0.501000 -0.143063 -0.156195 
 -0.083917 -0.282985 0.024409 
 0.474516 -0.485975 0.118227 
 -0.368819 0.078792 0.003406 
 0.556516 -0.266364 -0.102795 
 0.145961 0.364117 0.136569 
 0.393963 -0.315604 -0.155628 
 0.310160 -0.113404 -0.183080 
 0.274570 -0.657984 0.123425 
 -0.300019 -0.121082 -0.063444 
 -0.093625 -0.174371 0.021675 
 0.101821 0.429372 0.157337 
 0.353154 0.870960 -0.113825 
 -0.474884 0.292345 -0.103052 
 -0.025620 0.157201 0.186458 
 0.019419 -0.704957 0.057576 
 -0.366543 -0.509402 0.073655 
 0.553601 -0.230653 -0.103690 
 -0.189392 -0.256696 -0.009252 
 -0.043631 -0.546021 0.020034 
 0.391734 -0.512395 0.091111 
 -0.232796 -0.350629 -0.025733 
 -0.158717 -0.570168 0.070574 
 -0.092918 -0.052150 0.057606 
 -0.293105 -0.068216 -0.042527 
 0.034735 -0.175105 0.009059 
 0.394599 0.778682 0.024010 
 0.329774 -0.242175 -0.123704 
 -0.349401 0.062420 0.009744 
 -0.195196 0.058688 0.060103 
 -0.122587 0.153274 0.119248 
 -0.446663 -0.294730 0.012427 
 -0.432988 -0.085335 -0.053667 
 -0.355812 -0.186709 -0.028666 
 -0.123042 0.152008 0.119260 
 -0.582679 0.351382 -0.137218 
 -0.513802 -0.101709 -0.009450 
 -0.285391 -0.415072 -0.006019 
 -0.093670 -0.177002 0.021685 
 0.224497 0.207217 -0.157079 
 -0.627705 0.308380 -0.081128 
 0.308068 0.563901 0.136768 
 -0.532677 0.499948 -0.085480 
 -0.043888 -0.229951 0.073894 
 -0.303875 -0.397415 -0.012045 
 0.259084 -0.679800 0.117910 
 0.044996 -0.050807 -0.110087 
 -0.361516 -0.036906 -0.065685 
 0.310693 -0.187644 -0.147418 
 -0.365248 -0.468170 0.039402 
 -0.363521 -0.546071 0.074580 
 -0.180401 -0.364247 -0.007050 
 0.291530 -0.136833 -0.154219 
 -0.019575 -0.005193 0.028505 
 -0.070278 0.298277 0.171527 
 -0.464170 -0.002417 -0.026731 
 -0.201843 -0.386854 0.021334 
 -0.121857 -0.525625 0.045428 
 -0.418896 0.243513 -0.084093 
 0.341402 -0.458482 0.039289 
 0.234522 0.303388 -0.045691 
 -0.198865 -0.424574 0.022387 
 0.179936 -0.118662 -0.137027 
 0.263141 0.177474 -0.162229 
 -0.174304 -0.435139 -0.005227 
 0.343395 -0.689753 0.146549 
 -0.176947 -0.399458 -0.006147 
 0.601536 -0.286513 -0.033702 
 -0.278273 -0.013159 -0.039483 
 0.056730 -0.303396 0.052969 
 0.269064 0.321874 0.176896 
 -0.552165 0.516284 -0.090828 
 0.281472 0.042423 -0.192526 
 0.136470 -0.439701 0.078466 
 -0.085375 0.242660 0.167345 
 -0.042393 -0.546042 0.020015 
 -0.315626 -0.178775 -0.050924 
 0.254058 -0.104961 -0.166088 
 -0.470837 0.343709 -0.064625 
 -0.059924 -0.249406 0.068222 
 0.194299 -0.644132 0.061446 
 -0.062308 -0.137089 0.031861 
 0.113588 -0.235044 0.000679 
 -0.492131 0.530290 0.052330 
 -0.094841 0.027721 0.128065 
 0.253147 -0.531227 0.080828 
 -0.251219 -0.333654 -0.030169 
 -0.013792 -0.312382 0.048270 
 0.446381 0.766093 0.040511 
 -0.340023 0.031108 -0.023747 
 -0.549156 0.481061 -0.090573 
 -0.530658 0.464186 -0.084549 
 0.271350 0.362637 0.142090 
 0.135258 -0.558816 0.042595 
 -0.153102 0.237330 0.144903 
 -0.047756 0.285879 0.143993 
 0.067007 0.092539 -0.102739 
 -0.388620 0.405212 -0.038107 
 0.029943 -0.107519 -0.097388 
 -0.566028 0.373705 -0.132154 
 -0.009874 0.047634 0.049500 
 -0.100978 0.099643 0.126506 
 0.066164 -0.103527 -0.103251 
 0.319604 -0.523817 0.102957 
 -0.425015 -0.347084 0.020787 
 -0.069166 -0.263559 0.029513 
 -0.175269 0.165236 0.102015 
 -0.532387 -0.008732 -0.051330 
 0.063578 0.462106 0.144801 
 0.288447 0.654523 0.094703 
 0.331757 0.476455 0.144603 
 0.111289 0.321758 0.160084 
 -0.117132 0.203450 0.157063 
 -0.064275 0.190180 0.174344 
 0.498766 0.752695 0.057414 
 0.292702 -0.326348 -0.065052 
 0.142067 0.598680 0.136202 
 0.342271 0.235467 -0.136419 
 0.247964 -0.418893 0.044272 
 -0.010805 -0.507277 0.030177 
 -0.449558 -0.380624 -0.024530 
 0.270142 -0.352969 -0.019287 
 -0.326513 -0.695493 0.139587 
 -0.259516 0.092643 0.003491 
 0.064987 -0.102779 -0.103234 
 0.523426 -0.268796 -0.113630 
 -0.228028 0.178472 0.084777 
 -0.252827 0.143613 0.041057 
 0.347119 0.534823 0.114866 
 -0.394438 -0.230823 -0.005524 
 0.365026 0.554124 0.121291 
 -0.475153 0.414258 -0.066480 
 -0.315626 -0.178780 -0.050924 
 0.077953 0.026725 -0.134973 
 -0.210399 -0.006876 -0.014931 
 -0.017469 -0.435982 0.027979 
 -0.329729 -0.274610 -0.020838 
 -0.194685 -0.496100 0.024118 
 0.224690 0.244738 -0.174889 
 0.200301 0.136048 -0.183065 
 -0.123092 -0.489870 0.046317 
 -0.601099 0.370032 -0.143233 
 0.474509 -0.486346 0.118229 
 -0.191955 -0.022928 -0.010179 
 -0.055502 -0.406340 0.033140 
 -0.577167 0.405796 -0.101007 
 0.412847 0.055144 -0.149181 
 0.042021 -0.016259 -0.110946 
 -0.153739 0.114096 0.108985 
 -0.134149 -0.658708 0.077567 
 -0.457087 0.199899 -0.060988 
 -0.077877 -0.233094 0.063752 
 0.004674 -0.327591 0.053536 
 -0.149925 0.200256 0.145827 
 -0.026366 -0.053703 -0.009300 
 -0.377001 0.186387 0.001417 
 0.432653 0.120770 -0.089146 
 -0.567185 0.373722 -0.132966 
 -0.059700 -0.249410 0.068218 
 -0.097963 0.063681 0.126748 
 0.138220 -0.596078 0.043512 
 -0.408019 0.024819 -0.045285 
 0.400244 -0.192174 -0.154110 
 0.003399 -0.016659 0.000870 
 0.380491 -0.216858 -0.124810 
 -0.137027 -0.270114 0.007315 
 -0.519508 0.122725 -0.081408 
 -0.246746 0.194878 0.079768 
 -0.016791 -0.276693 0.047634 
 -0.214355 -0.521529 0.054384 
 -0.464191 -0.002422 -0.028062 
 -0.461348 0.084142 0.008331 
 0.099201 0.580456 0.086205 
 0.255593 -0.104987 -0.165975 
 -0.509258 0.289218 -0.113196 
 -0.201198 0.130426 0.058267 
 0.250613 0.760605 0.047417 
 -0.032182 0.305323 0.149119 
 0.206739 -0.666686 0.098801 
 0.368581 0.890262 -0.108840 
 -0.161928 -0.380036 -0.000781 
 0.311099 0.528346 0.139598 
 -0.113317 -0.159612 0.015693 
 -0.561665 0.425260 -0.095588 
 0.438315 0.008153 -0.176401 
 0.228635 -0.326184 0.001742 
 0.081427 0.520811 0.116477 
 -0.204430 -0.079216 -0.014355 
 0.323405 -0.442211 0.033330 
 0.224135 0.735949 0.110055 
 0.224993 0.735935 0.110041 
 0.069660 0.390378 0.149514 
 0.409856 0.796790 0.028640 
 -0.437658 0.382596 -0.054448 
 -0.532382 -0.008731 -0.051017 
 -0.370957 0.115848 0.002471 
 -0.157383 0.026043 0.072165 
 -0.180782 -0.363754 -0.007046 
 0.320055 0.421409 0.139878 
 -0.508534 -0.174662 -0.007593 
 0.149427 0.527101 0.138265 
 -0.026395 -0.055382 -0.009294 
 0.457648 0.114894 -0.010261 
 -0.456752 0.276079 -0.096091 
 0.421506 0.888846 0.016567 
 0.202825 -0.553671 0.065159 
 -0.331071 -0.197870 -0.055624 
 -0.232851 -0.427715 0.012351 
 -0.326419 -0.578975 0.086718 
 0.428446 -0.427640 0.032352 
 0.430414 -0.079663 -0.179604 
 0.206925 0.517265 0.120412 
 0.356558 -0.324267 -0.132998 
 -0.318354 0.100228 0.019673 
 0.345263 -0.690641 0.146522 
 0.124128 0.689442 0.096907 
 0.168198 -0.400938 0.088866 
 -0.026408 -0.055358 -0.010148 
 0.400050 0.117681 -0.100931 
 -0.491709 -0.267187 0.033581 
 -0.490321 0.272936 -0.106780 
 0.509499 -0.442785 0.094792 
 -0.078826 -0.629816 0.059103 
 0.374749 -0.573964 0.120914 
 0.125557 -0.069621 -0.154719 
 0.004228 -0.487882 0.035271 
 -0.615091 0.438448 -0.111897 
 -0.259545 0.092636 0.001651 
 -0.518247 0.198420 -0.116961 
 0.140087 0.023158 -0.186432 
 0.269620 0.107624 -0.160453 
 -0.065747 -0.101396 0.030400 
 -0.291168 -0.266877 -0.043089 
 -0.533674 0.499963 -0.085799 
 0.208916 0.442356 0.156978 
 0.422493 -0.318480 -0.111268 
 -0.001465 0.145089 0.159757 
 -0.231075 0.214433 0.083858 
 0.225206 -0.683518 0.107264 
 -0.404106 0.386481 -0.043315 
 0.255185 -0.104980 -0.165969 
 0.377557 -0.181752 -0.125703 
 0.084898 0.409885 0.152240 
 0.143484 0.182145 -0.183829 
 0.240335 0.558653 0.114593 
 -0.209541 0.162081 0.092093 
 0.254501 0.088969 -0.165437 
 0.149355 0.111480 -0.182037 
 -0.030975 0.023045 0.078042 
 0.192486 0.424542 0.151880 
 -0.383062 0.257381 -0.001194 
 -0.491788 0.121545 -0.036146 
 0.104356 0.248147 -0.196490 
 -0.514836 0.021193 0.026214 
 0.234328 0.629354 0.112771 
 0.102610 0.015375 -0.162427 
 0.476118 0.840624 0.030142 
 0.320885 0.094774 -0.142755 
 0.477670 0.878328 -0.002270 
 0.278859 0.195849 -0.157252 
 0.016438 0.479970 0.094411 
 0.532662 -0.179550 -0.110444 
 0.259001 0.247282 -0.164044 
 0.159381 0.344896 0.176383 
 0.341400 -0.458338 0.038987 
 -0.235879 -0.391850 0.010213 
 0.019202 -0.706240 0.057584 
 0.302783 0.110690 -0.151052 
 0.123165 -0.112191 -0.120086 
 -0.407127 0.421529 -0.044141 
 -0.287266 0.140463 0.029640 
 -0.087635 0.278695 0.166000 
 0.231342 0.664647 0.113029 
 -0.475129 0.415672 -0.066485 
 0.294030 0.217595 -0.152279 
 0.374737 0.794798 0.017688 
 -0.118614 -0.639196 0.082585 
 -0.246427 0.194868 0.078722 
 -0.358714 -0.426561 0.005069 
 -0.571551 0.135893 -0.097124 
 0.497365 0.790253 0.039492 
 -0.517995 0.198417 -0.116474 
 -0.479955 0.100821 0.001621 
 -0.281229 0.024189 -0.039304 
 -0.205121 0.043711 0.021502 
 0.420356 0.024574 -0.182273 
 -0.008704 -0.383746 0.049375 
 0.005023 0.272774 0.161229 
 -0.066574 0.102800 0.137406 
 -0.504779 -0.132697 -0.042503 
 0.104429 -0.599338 0.032454 
 -0.367125 0.353112 -0.032564 
 0.172987 0.063492 -0.192717 
 -0.025799 -0.168662 0.043877 
 0.015962 -0.630451 0.038577 
 0.071259 -0.679217 0.055724 
 -0.534095 0.301614 -0.084817 
 0.455869 -0.199288 -0.171071 
 -0.510808 -0.060957 -0.043930 
 0.465656 -0.380142 -0.007905 
 -0.371894 -0.283072 -0.000025 
 0.318300 0.828323 -0.089909 
 -0.596457 0.422130 -0.105876 
 0.154918 -0.455573 0.084703 
 0.038548 0.351346 0.136734 
 0.307258 -0.076902 -0.183978 
 0.333060 0.148684 -0.139403 
 -0.035667 0.141922 0.146934 
 -0.422636 0.402064 -0.050006 
 -0.065343 -0.063306 0.013236 
 0.300845 0.708535 0.099223 
 -0.227490 0.055504 0.048918 
 0.298476 0.026563 -0.184978 
 0.194808 0.169170 -0.166504 
 0.122436 0.232945 -0.191775 
 0.019465 0.442969 0.097734 
 -0.174965 -0.590108 0.065468 
 -0.384408 -0.338452 -0.003936 
 -0.017465 -0.435981 0.028227 
 -0.290744 -0.070252 -0.042557 
 0.219208 0.277401 -0.158879 
 0.377400 -0.181510 -0.125701 
 0.296911 0.180528 -0.152670 
 0.477583 0.878529 -0.002270 
 0.228778 0.015694 -0.174534 
 -0.235274 -0.078968 -0.042772 
 0.449762 -0.595551 0.109921 
 0.157687 -0.220451 -0.055821 
 -0.567661 0.496822 -0.095844 
 0.516884 -0.198859 -0.115402 
 -0.618793 0.474239 -0.112801 
 -0.552705 0.119565 -0.092550 
 -0.571558 0.136825 -0.098569 
 0.053136 -0.191315 0.015684 
 -0.029275 -0.332524 0.042443 
 -0.306033 0.034251 -0.013432 
 0.269505 0.321868 0.177394 
 0.456142 -0.471021 0.111678 
 -0.150087 0.200217 0.145830 
 0.280683 0.489554 0.127498 
 0.285652 0.283281 -0.137882 
 0.534654 -0.061411 -0.075870 
 -0.241730 -0.045700 -0.026365 
 -0.296988 0.248083 0.027163 
 -0.040902 -0.265735 0.073350 
 