-0.108998 0.985745 0.027565
-0.125403 0.987736 0.006456
-0.140703 0.987736 0.006456
-0.156002 0.987736 0.006456
-0.078319 0.970406 0.027565
-0.092513 0.968375 0.048675
-0.110104 0.972436 0.006456
-0.125403 0.972436 0.006456
-0.140703 0.972436 0.006456
-0.156002 0.972436 0.006456
-0.062979 0.955066 0.027565
-0.078319 0.955066 0.027565
-0.092513 0.952995 0.048675
-0.108998 0.955066 0.027565
-0.125403 0.957137 0.006456
-0.140703 0.957137 0.006456
-0.156002 0.957137 0.006456
-0.062979 0.939726 0.027565
-0.077133 0.937615 0.048675
-0.091367 0.935504 0.069784
-0.108998 0.939726 0.027565
-0.124338 0.939726 0.027565
-0.140703 0.941837 0.006456
-0.156002 0.941837 0.006456
-0.171302 0.941837 0.006456
-0.064206 0.926538 0.006456
-0.077133 0.922236 0.048675
-0.091367 0.920084 0.069784
-0.108998 0.924387 0.027565
-0.124338 0.924387 0.027565
-0.140703 0.926538 0.006456
-0.155017 0.924387 0.027565
-0.170357 0.924387 0.027565
-0.062979 0.909047 0.027565
-0.077133 0.906856 0.048675
-0.092513 0.906856 0.048675
-0.108998 0.909047 0.027565
-0.124338 0.909047 0.027565
-0.139678 0.909047 0.027565
-0.155017 0.909047 0.027565
-0.170357 0.909047 0.027565
-0.185696 0.909047 0.027565
-0.061753 0.891476 0.048675
-0.077133 0.891476 0.048675
-0.093659 0.893707 0.027565
-0.108998 0.893707 0.027565
-0.124338 0.893707 0.027565
-0.139678 0.893707 0.027565
-0.154032 0.891476 0.048675
-0.169412 0.891476 0.048675
-0.184792 0.891476 0.048675
-0.060527 0.873824 0.069784
-0.075947 0.873824 0.069784
-0.091367 0.873824 0.069784
-0.107893 0.876096 0.048675
-0.123272 0.876096 0.048675
-0.138652 0.876096 0.048675
-0.154032 0.876096 0.048675
-0.168467 0.873824 0.069784
-0.183887 0.873824 0.069784
-0.199307 0.873824 0.069784
-0.059913 0.857248 0.080339
-0.075947 0.858404 0.069784
-0.091367 0.858404 0.069784
-0.106787 0.858404 0.069784
-0.123272 0.860716 0.048675
-0.138652 0.860716 0.048675
-0.153047 0.858404 0.069784
-0.168467 0.858404 0.069784
-0.183887 0.858404 0.069784
-0.199307 0.858404 0.069784
-0.058687 0.839456 0.101449
-0.075947 0.842984 0.069784
-0.091367 0.842984 0.069784
-0.106787 0.842984 0.069784
-0.122207 0.842984 0.069784
-0.138652 0.845336 0.048675
-0.153047 0.842984 0.069784
-0.168467 0.842984 0.069784
-0.183887 0.842984 0.069784
-0.199307 0.842984 0.069784
-0.058687 0.823975 0.101449
-0.075354 0.826368 0.080339
-0.091367 0.827564 0.069784
-0.106787 0.827564 0.069784
-0.122207 0.827564 0.069784
-0.137627 0.827564 0.069784
-0.153047 0.827564 0.069784
-0.168467 0.827564 0.069784
-0.183887 0.827564 0.069784
-0.058687 0.808495 0.101449
-0.075354 0.810928 0.080339
-0.090794 0.810928 0.080339
-0.106234 0.810928 0.080339
-0.122207 0.812144 0.069784
-0.137114 0.810928 0.080339
-0.153047 0.812144 0.069784
-0.168467 0.812144 0.069784
-0.183887 0.812144 0.069784
-0.075354 0.795488 0.080339
-0.090794 0.795488 0.080339
-0.106234 0.795488 0.080339
-0.121674 0.795488 0.080339
-0.137114 0.795488 0.080339
-0.152554 0.795488 0.080339
-0.168467 0.796724 0.069784
-0.183887 0.796724 0.069784
-0.057461 0.775021 0.122558
-0.074167 0.777534 0.101449
-0.089648 0.777534 0.101449
-0.106234 0.780047 0.080339
-0.120609 0.777534 0.101449
-0.136089 0.777534 0.101449
-0.152554 0.780047 0.080339
-0.167995 0.780047 0.080339
-0.183435 0.780047 0.080339
-0.072981 0.759501 0.122558
-0.088502 0.759501 0.122558
-0.105128 0.762054 0.101449
-0.120609 0.762054 0.101449
-0.136089 0.762054 0.101449
-0.151569 0.762054 0.101449
-0.167050 0.762054 0.101449
-0.182530 0.762054 0.101449
-0.057461 0.743980 0.122558
-0.072981 0.743980 0.122558
-0.088502 0.743980 0.122558
-0.105128 0.746574 0.101449
-0.120609 0.746574 0.101449
-0.136089 0.746574 0.101449
-0.151569 0.746574 0.101449
-0.167050 0.746574 0.101449
-0.182530 0.746574 0.101449
-0.072981 0.728460 0.122558
-0.088502 0.728459 0.122558
-0.103470 0.727143 0.133113
-0.119543 0.728459 0.122558
-0.136089 0.731093 0.101449
-0.150584 0.728459 0.122558
-0.166105 0.728459 0.122558
-0.181625 0.728459 0.122558
-0.197146 0.728459 0.122558
-0.041307 0.711602 0.133113
-0.056848 0.711602 0.133113
-0.072388 0.711602 0.133113
-0.087929 0.711602 0.133113
-0.103470 0.711602 0.133113
-0.119543 0.712939 0.122558
-0.135064 0.712939 0.122558
-0.150092 0.711602 0.133113
-0.165632 0.711602 0.133113
-0.181173 0.711602 0.133113
-0.196714 0.711602 0.133113
-0.041307 0.696061 0.133113
-0.055621 0.693347 0.154223
-0.072388 0.696061 0.133113
-0.087929 0.696061 0.133113
-0.102364 0.693347 0.154223
-0.119010 0.696061 0.133113
-0.134551 0.696061 0.133113
-0.150092 0.696061 0.133113
-0.165632 0.696061 0.133113
-0.181173 0.696061 0.133113
-0.196714 0.696061 0.133113
-0.040040 0.677766 0.154223
-0.055621 0.677766 0.154223
-0.071202 0.677766 0.154223
-0.086783 0.677766 0.154223
-0.102364 0.677766 0.154223
-0.119010 0.680521 0.133113
-0.134551 0.680521 0.133113
-0.149107 0.677766 0.154223
-0.164687 0.677766 0.154223
-0.180268 0.677766 0.154223
-0.195849 0.677766 0.154223
-0.040040 0.662186 0.154223
-0.054395 0.659391 0.175332
-0.070016 0.659391 0.175332
-0.086783 0.662185 0.154223
-0.101258 0.659391 0.175332
-0.117945 0.662185 0.154223
-0.133526 0.662185 0.154223
-0.148121 0.659391 0.175332
-0.164687 0.662185 0.154223
-0.179364 0.659391 0.175332
-0.194985 0.659391 0.175332
-0.021192 0.639518 0.206997
-0.036874 0.639518 0.206997
-0.052555 0.639518 0.206997
-0.068830 0.640935 0.196442
-0.085637 0.643770 0.175332
-0.101258 0.643770 0.175332
-0.116879 0.643770 0.175332
-0.133526 0.646605 0.154223
-0.148121 0.643770 0.175332
-0.164687 0.646605 0.154223
-0.180268 0.646605 0.154223
-0.195849 0.646605 0.154223
-0.004164 0.620961 0.228107
-0.019886 0.620961 0.228107
-0.035607 0.620961 0.228107
-0.052555 0.623836 0.206997
-0.068237 0.623836 0.206997
-0.083918 0.623836 0.206997
-0.100152 0.625274 0.196442
-0.116879 0.628149 0.175332
-0.132500 0.628149 0.175332
-0.148121 0.628149 0.175332
-0.163742 0.628149 0.175332
-0.180268 0.631024 0.154223
-0.195849 0.631024 0.154223
-0.004164 0.605240 0.228107
-0.019886 0.605240 0.228107
-0.036874 0.608155 0.206997
-0.052555 0.608155 0.206997
-0.068830 0.609613 0.196442
-0.084491 0.609613 0.196442
-0.100152 0.609613 0.196442
-0.116879 0.612528 0.175332
-0.133526 0.615443 0.154223
-0.148121 0.612528 0.175332
-0.163742 0.612528 0.175332
-0.180268 0.615443 0.154223
-0.195849 0.615443 0.154223
-0.021192 0.592474 0.206997
-0.036874 0.592474 0.206997
-0.052555 0.592474 0.206997
-0.068830 0.593951 0.196442
-0.084491 0.593951 0.196442
-0.099599 0.592474 0.206997
-0.116879 0.596907 0.175332
-0.132500 0.596907 0.175332
-0.148121 0.596907 0.175332
-0.163742 0.596907 0.175332
-0.179364 0.596907 0.175332
-0.194985 0.596907 0.175332
-0.021192 0.576792 0.206997
-0.036874 0.576792 0.206997
-0.051329 0.573797 0.228107
-0.068830 0.578290 0.196442
-0.084491 0.578290 0.196442
-0.100152 0.578290 0.196442
-0.116879 0.581285 0.175332
-0.132500 0.581285 0.175332
-0.148121 0.581285 0.175332
-0.163742 0.581285 0.175332
-0.179364 0.581285 0.175332
-0.194985 0.581285 0.175332
-0.023153 0.565664 0.175332
-0.035607 0.558075 0.228107
-0.051329 0.558075 0.228107
-0.067050 0.558075 0.228107
-0.082772 0.558075 0.228107
-0.099599 0.561111 0.206997
-0.115814 0.562629 0.196442
-0.131475 0.562629 0.196442
-0.147136 0.562629 0.196442
-0.162798 0.562629 0.196442
-0.179364 0.565664 0.175332
-0.194985 0.565664 0.175332
-0.021192 0.545429 0.206997
-0.035607 0.542353 0.228107
-0.051329 0.542353 0.228107
-0.067050 0.542353 0.228107
-0.082772 0.542353 0.228107
-0.098494 0.542353 0.228107
-0.114215 0.542353 0.228107
-0.130962 0.545429 0.206997
-0.146644 0.545429 0.206997
-0.162798 0.546967 0.196442
-0.178459 0.546967 0.196442
-0.194120 0.546967 0.196442
-0.021846 0.531306 0.196442
-0.037507 0.531306 0.196442
-0.052555 0.529748 0.206997
-0.067050 0.526632 0.228107
-0.082772 0.526632 0.228107
-0.098494 0.526632 0.228107
-0.114215 0.526632 0.228107
-0.130962 0.529748 0.206997
-0.145659 0.526632 0.228107
-0.162325 0.529748 0.206997
-0.178007 0.529748 0.206997
-0.193688 0.529748 0.206997
-0.021846 0.515645 0.196442
-0.037507 0.515645 0.196442
-0.053168 0.515645 0.196442
-0.068830 0.515645 0.196442
-0.084491 0.515645 0.196442
-0.099599 0.514067 0.206997
-0.115281 0.514067 0.206997
-0.130962 0.514067 0.206997
-0.145659 0.510910 0.228107
-0.161380 0.510910 0.228107
-0.177102 0.510910 0.228107
-0.192823 0.510910 0.228107
-0.208545 0.510910 0.228107
-0.021846 0.499983 0.196442
-0.037507 0.499983 0.196442
-0.053168 0.499983 0.196442
-0.068830 0.499983 0.196442
-0.084491 0.499983 0.196442
-0.100152 0.499983 0.196442
-0.115814 0.499983 0.196442
-0.129937 0.495189 0.228107
-0.145659 0.495189 0.228107
-0.161380 0.495189 0.228107
-0.177102 0.495189 0.228107
-0.192823 0.495189 0.228107
-0.208545 0.495189 0.228107
-0.005511 0.482704 0.206997
-0.021846 0.484322 0.196442
-0.037507 0.484322 0.196442
-0.053168 0.484322 0.196442
-0.068830 0.484322 0.196442
-0.084491 0.484322 0.196442
-0.100152 0.484322 0.196442
-0.115814 0.484322 0.196442
-0.130962 0.482704 0.206997
-0.146644 0.482704 0.206997
-0.162325 0.482704 0.206997
-0.177102 0.479467 0.228107
-0.192823 0.479467 0.228107
-0.208545 0.479467 0.228107
-0.224267 0.479467 0.228107
-0.004164 0.463745 0.228107
-0.021192 0.467022 0.206997
-0.036874 0.467022 0.206997
-0.053168 0.468661 0.196442
-0.068830 0.468661 0.196442
-0.083918 0.467022 0.206997
-0.099599 0.467022 0.206997
-0.114215 0.463745 0.228107
-0.129937 0.463745 0.228107
-0.146644 0.467022 0.206997
-0.161380 0.463745 0.228107
-0.178007 0.467022 0.206997
-0.192823 0.463745 0.228107
-0.208545 0.463745 0.228107
-0.224267 0.463745 0.228107
-0.005511 0.451341 0.206997
-0.021192 0.451341 0.206997
-0.036874 0.451341 0.206997
-0.053168 0.453000 0.196442
-0.068830 0.453000 0.196442
-0.083918 0.451341 0.206997
-0.099599 0.451341 0.206997
-0.115281 0.451341 0.206997
-0.130962 0.451341 0.206997
-0.146644 0.451341 0.206997
-0.161380 0.448024 0.228107
-0.177102 0.448024 0.228107
-0.191959 0.444706 0.249216
-0.207721 0.444706 0.249216
-0.006184 0.437338 0.196442
-0.021846 0.437338 0.196442
-0.037507 0.437338 0.196442
-0.052555 0.435659 0.206997
-0.068830 0.437338 0.196442
-0.083918 0.435659 0.206997
-0.099599 0.435659 0.206997
-0.115281 0.435659 0.206997
-0.130962 0.435659 0.206997
-0.146644 0.435659 0.206997
-0.161380 0.432302 0.228107
-0.178007 0.435659 0.206997
-0.192823 0.432302 0.228107
-0.208545 0.432302 0.228107
-0.006184 0.421677 0.196442
-0.021846 0.421677 0.196442
-0.037507 0.421677 0.196442
-0.052555 0.419978 0.206997
-0.068830 0.421677 0.196442
-0.083918 0.419978 0.206997
-0.099599 0.419978 0.206997
-0.115281 0.419978 0.206997
-0.129937 0.416580 0.228107
-0.145659 0.416580 0.228107
-0.161380 0.416580 0.228107
-0.177102 0.416580 0.228107
-0.192823 0.416580 0.228107
-0.208545 0.416580 0.228107
0.064754 0.455864 -0.109647
0.048127 0.459302 -0.130757
0.033089 0.459302 -0.130757
0.019519 0.455864 -0.109647
0.004441 0.455864 -0.109647
-0.010638 0.455864 -0.109647
-0.006184 0.406016 0.196442
-0.021846 0.406016 0.196442
-0.037507 0.406016 0.196442
-0.053168 0.406016 0.196442
-0.068830 0.406016 0.196442
-0.084491 0.406016 0.196442
-0.099599 0.404297 0.206997
-0.115281 0.404297 0.206997
-0.129937 0.400859 0.228107
-0.145659 0.400859 0.228107
-0.161380 0.400859 0.228107
-0.177102 0.400859 0.228107
-0.192823 0.400859 0.228107
0.093242 0.444264 -0.130757
0.079832 0.440786 -0.109647
0.063166 0.444264 -0.130757
0.048127 0.444264 -0.130757
0.033089 0.444264 -0.130757
0.018051 0.444264 -0.130757
0.003013 0.444264 -0.130757
-0.012025 0.444264 -0.130757
-0.025716 0.440786 -0.109647
-0.040794 0.440786 -0.109647
-0.036874 0.388615 0.206997
-0.052555 0.388615 0.206997
-0.068237 0.388615 0.206997
-0.083918 0.388615 0.206997
-0.098494 0.385137 0.228107
-0.114215 0.385137 0.228107
-0.129937 0.385137 0.228107
-0.145659 0.385137 0.228107
-0.161380 0.385137 0.228107
-0.177102 0.385137 0.228107
-0.192823 0.385137 0.228107
0.093242 0.429226 -0.130757
0.079832 0.425708 -0.109647
0.064754 0.425708 -0.109647
0.049676 0.425708 -0.109647
0.034597 0.425708 -0.109647
0.019519 0.425708 -0.109647
0.003013 0.429226 -0.130757
-0.010638 0.425708 -0.109647
-0.025716 0.425708 -0.109647
-0.019886 0.369416 0.228107
-0.035607 0.369416 0.228107
-0.051329 0.369416 0.228107
-0.067050 0.369416 0.228107
-0.082772 0.369416 0.228107
-0.098494 0.369416 0.228107
-0.114215 0.369416 0.228107
-0.129937 0.369416 0.228107
-0.145659 0.369416 0.228107
-0.161380 0.369416 0.228107
-0.177102 0.369416 0.228107
-0.192823 0.369416 0.228107
0.093242 0.414188 -0.130757
0.079832 0.410629 -0.109647
0.064754 0.410629 -0.109647
0.048127 0.414188 -0.130757
0.033089 0.414188 -0.130757
0.018051 0.414188 -0.130757
0.002300 0.415967 -0.141311
-0.012025 0.414188 -0.130757
-0.027736 0.415967 -0.141311
-0.042754 0.415967 -0.141311
-0.034341 0.350135 0.249216
-0.050102 0.350135 0.249216
-0.067050 0.353694 0.228107
-0.082772 0.353694 0.228107
-0.098494 0.353694 0.228107
-0.114215 0.353694 0.228107
-0.129937 0.353694 0.228107
-0.145659 0.353694 0.228107
-0.161380 0.353694 0.228107
-0.177102 0.353694 0.228107
-0.192823 0.353694 0.228107
0.093242 0.399150 -0.130757
0.078204 0.399150 -0.130757
0.063166 0.399150 -0.130757
0.048127 0.399150 -0.130757
0.033089 0.399150 -0.130757
0.017318 0.400949 -0.141311
0.002300 0.400949 -0.141311
-0.012718 0.400949 -0.141311
-0.029083 0.404548 -0.162421
-0.044061 0.404548 -0.162421
-0.034341 0.334374 0.249216
-0.050102 0.334374 0.249216
-0.065864 0.334374 0.249216
-0.082772 0.337972 0.228107
-0.098494 0.337972 0.228107
-0.114215 0.337972 0.228107
-0.129937 0.337972 0.228107
-0.145659 0.337972 0.228107
-0.161380 0.337972 0.228107
-0.177102 0.337972 0.228107
-0.192823 0.337972 0.228107
-0.208545 0.337972 0.228107
0.107425 0.385931 -0.141311
0.092407 0.385931 -0.141311
0.077389 0.385931 -0.141311
0.062371 0.385931 -0.141311
0.047353 0.385931 -0.141311
0.032336 0.385931 -0.141311
0.017318 0.385931 -0.141311
0.000872 0.389570 -0.162421
-0.015493 0.393209 -0.183531
-0.030430 0.393209 -0.183531
-0.045368 0.393209 -0.183531
-0.060305 0.393209 -0.183531
-0.050102 0.318612 0.249216
-0.067050 0.322251 0.228107
-0.082772 0.322251 0.228107
-0.098494 0.322251 0.228107
-0.114215 0.322251 0.228107
-0.129937 0.322251 0.228107
-0.145659 0.322251 0.228107
-0.161380 0.322251 0.228107
-0.177102 0.322251 0.228107
-0.191959 0.318612 0.249216
-0.207721 0.318612 0.249216
0.109989 0.365394 -0.109647
0.092407 0.370913 -0.141311
0.077389 0.370913 -0.141311
0.062371 0.370913 -0.141311
0.045805 0.374592 -0.162421
0.030828 0.374592 -0.162421
0.015850 0.374592 -0.162421
-0.000555 0.378271 -0.183531
-0.016186 0.380111 -0.194085
-0.030430 0.378271 -0.183531
-0.044061 0.374592 -0.162421
-0.059039 0.374592 -0.162421
-0.050102 0.302850 0.249216
-0.067050 0.306529 0.228107
-0.082772 0.306529 0.228107
-0.098494 0.306529 0.228107
-0.114215 0.306529 0.228107
-0.130962 0.310208 0.206997
-0.146644 0.310208 0.206997
-0.161380 0.306529 0.228107
-0.177102 0.306529 0.228107
-0.191959 0.302850 0.249216
-0.207721 0.302850 0.249216
0.109989 0.350316 -0.109647
0.092407 0.355895 -0.141311
0.075761 0.359615 -0.162421
0.060783 0.359615 -0.162421
0.044257 0.363334 -0.183531
0.029320 0.363334 -0.183531
0.014382 0.363334 -0.183531
-0.000555 0.363334 -0.183531
-0.016186 0.365194 -0.194085
-0.030430 0.363334 -0.183531
-0.045368 0.363334 -0.183531
-0.060305 0.363334 -0.183531
-0.050102 0.287088 0.249216
-0.065864 0.287088 0.249216
-0.082772 0.290807 0.228107
-0.098494 0.290807 0.228107
-0.115281 0.294527 0.206997
-0.130962 0.294527 0.206997
-0.146644 0.294527 0.206997
-0.162325 0.294527 0.206997
-0.178007 0.294527 0.206997
-0.192823 0.290807 0.228107
-0.208545 0.290807 0.228107
-0.224267 0.290807 0.228107
0.155224 0.335238 -0.109647
0.140145 0.335238 -0.109647
0.118945 0.348396 -0.183531
0.104008 0.348396 -0.183531
0.089070 0.348396 -0.183531
0.074133 0.348396 -0.183531
0.059195 0.348396 -0.183531
0.044257 0.348396 -0.183531
0.028566 0.350276 -0.194085
0.013649 0.350276 -0.194085
-0.001269 0.350276 -0.194085
-0.016186 0.350276 -0.194085
-0.031104 0.350276 -0.194085
-0.046021 0.350276 -0.194085
-0.060939 0.350276 -0.194085
-0.075856 0.350276 -0.194085
-0.065864 0.271326 0.249216
-0.082772 0.275086 0.228107
-0.099599 0.278845 0.206997
-0.115281 0.278845 0.206997
-0.131475 0.280725 0.196442
-0.147136 0.280725 0.196442
-0.162798 0.280725 0.196442
-0.178007 0.278845 0.206997
-0.193688 0.278845 0.206997
-0.208545 0.275086 0.228107
-0.224267 0.275086 0.228107
-0.239988 0.275086 0.228107
0.212551 0.325859 -0.141311
0.198508 0.323959 -0.130757
0.183470 0.323959 -0.130757
0.168432 0.323959 -0.130757
0.153394 0.323959 -0.130757
0.138356 0.323959 -0.130757
0.118945 0.333459 -0.183531
0.104008 0.333459 -0.183531
0.088236 0.335359 -0.194085
0.073318 0.335359 -0.194085
0.058401 0.335359 -0.194085
0.041935 0.339158 -0.215195
0.027058 0.339158 -0.215195
0.012181 0.339158 -0.215195
-0.003410 0.341058 -0.225750
-0.018267 0.341058 -0.225750
-0.033124 0.341058 -0.225750
-0.047981 0.341058 -0.225750
-0.062839 0.341058 -0.225750
-0.078922 0.344858 -0.246859
-0.093739 0.344858 -0.246859
-0.108556 0.344858 -0.246859
-0.099599 0.263164 0.206997
-0.115814 0.265064 0.196442
-0.131475 0.265064 0.196442
-0.147136 0.265064 0.196442
-0.162798 0.265064 0.196442
-0.178459 0.265064 0.196442
-0.193688 0.263164 0.206997
-0.209369 0.263164 0.206997
-0.225051 0.263164 0.206997
-0.239988 0.259364 0.228107
0.227569 0.310841 -0.141311
0.212551 0.310841 -0.141311
0.197533 0.310841 -0.141311
0.182515 0.310841 -0.141311
0.168432 0.308921 -0.130757
0.153394 0.308921 -0.130757
0.137461 0.310841 -0.141311
0.118945 0.318521 -0.183531
0.104008 0.318521 -0.183531
0.088236 0.320441 -0.194085
0.073318 0.320441 -0.194085
0.058401 0.320441 -0.194085
0.041935 0.324281 -0.215195
0.026304 0.326201 -0.225750
0.011447 0.326201 -0.225750
-0.004837 0.330041 -0.246859
-0.019654 0.330041 -0.246859
-0.034471 0.330041 -0.246859
-0.049288 0.330041 -0.246859
-0.062839 0.326201 -0.225750
-0.078922 0.330041 -0.246859
-0.093739 0.330041 -0.246859
-0.108556 0.330041 -0.246859
-0.100152 0.249402 0.196442
-0.115814 0.249402 0.196442
-0.131475 0.249402 0.196442
-0.147136 0.249402 0.196442
-0.162798 0.249402 0.196442
-0.178459 0.249402 0.196442
-0.194120 0.249402 0.196442
-0.210606 0.253242 0.175332
-0.226227 0.253242 0.175332
0.242587 0.295823 -0.141311
0.227569 0.295823 -0.141311
0.212551 0.295823 -0.141311
0.195583 0.299704 -0.162421
0.182515 0.295823 -0.141311
0.165628 0.299704 -0.162421
0.152479 0.295823 -0.141311
0.135672 0.299704 -0.162421
0.118945 0.303584 -0.183531
0.104008 0.303584 -0.183531
0.088236 0.305524 -0.194085
0.073318 0.305524 -0.194085
0.056813 0.309404 -0.215195
0.041935 0.309404 -0.215195
0.026304 0.311344 -0.225750
0.011447 0.311344 -0.225750
-0.004837 0.315224 -0.246859
-0.019654 0.315224 -0.246859
-0.034471 0.315224 -0.246859
-0.049288 0.315224 -0.246859
-0.064105 0.315224 -0.246859
-0.077696 0.311344 -0.225750
-0.092553 0.311344 -0.225750
-0.107410 0.311344 -0.225750
-0.099599 0.231801 0.206997
-0.115814 0.233741 0.196442
-0.131475 0.233741 0.196442
-0.147136 0.233741 0.196442
-0.162798 0.233741 0.196442
-0.178459 0.233741 0.196442
-0.194985 0.237621 0.175332
-0.210606 0.237621 0.175332
-0.226227 0.237621 0.175332
0.240516 0.284726 -0.162421
0.227569 0.280805 -0.141311
0.210561 0.284726 -0.162421
0.195583 0.284726 -0.162421
0.180605 0.284726 -0.162421
0.165628 0.284726 -0.162421
0.150650 0.284726 -0.162421
0.133883 0.288646 -0.183531
0.118945 0.288646 -0.183531
0.103153 0.290606 -0.194085
0.086567 0.294527 -0.215195
0.071690 0.294527 -0.215195
0.056018 0.296487 -0.225750
0.041161 0.296487 -0.225750
0.026304 0.296487 -0.225750
0.009979 0.300407 -0.246859
-0.005551 0.302367 -0.257414
-0.020348 0.302367 -0.257414
-0.034471 0.300407 -0.246859
-0.049942 0.302367 -0.257414
-0.064738 0.302367 -0.257414
-0.079535 0.302367 -0.257414
-0.094332 0.302367 -0.257414
-0.109129 0.302367 -0.257414
-0.098494 0.212199 0.228107
-0.115814 0.218080 0.196442
-0.131475 0.218080 0.196442
-0.147136 0.218080 0.196442
-0.162798 0.218080 0.196442
-0.178459 0.218080 0.196442
-0.194985 0.222000 0.175332
-0.210606 0.222000 0.175332
-0.226227 0.222000 0.175332
0.255494 0.269748 -0.162421
0.240516 0.269748 -0.162421
0.225539 0.269748 -0.162421
0.210561 0.269748 -0.162421
0.195583 0.269748 -0.162421
0.180605 0.269748 -0.162421
0.165628 0.269748 -0.162421
0.148820 0.273709 -0.183531
0.132988 0.275689 -0.194085
0.118071 0.275689 -0.194085
0.103153 0.275689 -0.194085
0.085733 0.281630 -0.225750
0.070876 0.281630 -0.225750
0.056018 0.281630 -0.225750
0.041161 0.281630 -0.225750
0.024796 0.285590 -0.246859
0.009246 0.287570 -0.257414
-0.005551 0.287570 -0.257414
-0.020348 0.287570 -0.257414
-0.036492 0.291531 -0.278524
-0.049942 0.287570 -0.257414
-0.064738 0.287570 -0.257414
-0.080762 0.291531 -0.278524
-0.094332 0.287570 -0.257414
-0.109129 0.287570 -0.257414
-0.123926 0.287570 -0.257414
-0.115281 0.200438 0.206997
-0.131475 0.202418 0.196442
-0.147136 0.202418 0.196442
-0.162798 0.202418 0.196442
-0.177102 0.196478 0.228107
-0.192823 0.196478 0.228107
-0.209369 0.200438 0.206997
-0.225051 0.200438 0.206997
-0.240732 0.200438 0.206997
0.268321 0.258771 -0.183531
0.253383 0.258771 -0.183531
0.240516 0.254770 -0.162421
0.225539 0.254770 -0.162421
0.208570 0.258771 -0.183531
0.193633 0.258771 -0.183531
0.178695 0.258771 -0.183531
0.163758 0.258771 -0.183531
0.147906 0.260771 -0.194085
0.132988 0.260771 -0.194085
0.118071 0.260771 -0.194085
0.101444 0.264772 -0.215195
0.085733 0.266773 -0.225750
0.070876 0.266773 -0.225750
0.056018 0.266773 -0.225750
0.039613 0.270773 -0.246859
0.024796 0.270773 -0.246859
0.009246 0.272774 -0.257414
-0.005551 0.272774 -0.257414
-0.020348 0.272774 -0.257414
-0.035145 0.272774 -0.257414
-0.049942 0.272774 -0.257414
-0.064738 0.272774 -0.257414
-0.080762 0.276775 -0.278524
-0.094332 0.272774 -0.257414
-0.109129 0.272774 -0.257414
-0.123926 0.272774 -0.257414
-0.114215 0.180756 0.228107
-0.130962 0.184757 0.206997
-0.146644 0.184757 0.206997
-0.162325 0.184757 0.206997
-0.177102 0.180756 0.228107
-0.192823 0.180756 0.228107
-0.209369 0.184757 0.206997
-0.226227 0.190758 0.175332
-0.241848 0.190758 0.175332
0.270472 0.239793 -0.162421
0.255494 0.239793 -0.162421
0.240516 0.239793 -0.162421
0.225539 0.239793 -0.162421
0.208570 0.243834 -0.183531
0.193633 0.243834 -0.183531
0.178695 0.243834 -0.183531
0.162823 0.245854 -0.194085
0.147906 0.245854 -0.194085
0.130304 0.251915 -0.225750
0.116322 0.249895 -0.215195
0.100590 0.251915 -0.225750
0.085733 0.251915 -0.225750
0.070876 0.251915 -0.225750
0.054430 0.255956 -0.246859
0.039613 0.255956 -0.246859
0.024796 0.255956 -0.246859
0.009246 0.257977 -0.257414
-0.005551 0.257977 -0.257414
-0.020348 0.257977 -0.257414
-0.036492 0.262018 -0.278524
-0.051248 0.262018 -0.278524
-0.066005 0.262018 -0.278524
-0.082601 0.268079 -0.310189
-0.096704 0.266059 -0.299633
-0.111994 0.268079 -0.310189
-0.126690 0.268079 -0.310189
-0.114215 0.165034 0.228107
-0.130962 0.169075 0.206997
-0.146644 0.169075 0.206997
-0.162325 0.169075 0.206997
-0.177102 0.165034 0.228107
-0.192823 0.165034 0.228107
-0.209369 0.169075 0.206997
-0.225051 0.169075 0.206997
-0.240732 0.169075 0.206997
-0.256414 0.169075 0.206997
0.270472 0.224815 -0.162421
0.255494 0.224815 -0.162421
0.240516 0.224815 -0.162421
0.225539 0.224815 -0.162421
0.208570 0.228896 -0.183531
0.193633 0.228896 -0.183531
0.175831 0.235018 -0.215195
0.160953 0.235018 -0.215195
0.146076 0.235018 -0.215195
0.130304 0.237058 -0.225750
0.115447 0.237058 -0.225750
0.100590 0.237058 -0.225750
0.085733 0.237058 -0.225750
0.070876 0.237058 -0.225750
0.054430 0.241139 -0.246859
0.039613 0.241139 -0.246859
0.024796 0.241139 -0.246859
0.009246 0.243180 -0.257414
-0.005551 0.243180 -0.257414
-0.021735 0.247261 -0.278524
-0.036492 0.247261 -0.278524
-0.051248 0.247261 -0.278524
-0.066005 0.247261 -0.278524
-0.083828 0.257464 -0.331298
-0.098484 0.257464 -0.331298
-0.113140 0.257464 -0.331298
-0.127796 0.257464 -0.331298
-0.142452 0.257464 -0.331298
-0.130962 0.153394 0.206997
-0.146644 0.153394 0.206997
-0.162325 0.153394 0.206997
-0.177102 0.149313 0.228107
-0.192823 0.149313 0.228107
-0.209369 0.153394 0.206997
-0.225051 0.153394 0.206997
-0.239988 0.149313 0.228107
-0.255710 0.149313 0.228107
0.255494 0.209837 -0.162421
0.240516 0.209837 -0.162421
0.225539 0.209837 -0.162421
0.208570 0.213958 -0.183531
0.192658 0.216019 -0.194085
0.175831 0.220141 -0.215195
0.160018 0.222201 -0.225750
0.145161 0.222201 -0.225750
0.128515 0.226322 -0.246859
0.113698 0.226322 -0.246859
0.098881 0.226322 -0.246859
0.084064 0.226322 -0.246859
0.069247 0.226322 -0.246859
0.054430 0.226322 -0.246859
0.038839 0.228383 -0.257414
0.024042 0.228383 -0.257414
0.009246 0.228383 -0.257414
-0.009120 0.238687 -0.310189
-0.023816 0.238687 -0.310189
-0.038512 0.238687 -0.310189
-0.053209 0.238687 -0.310189
-0.067272 0.236626 -0.299633
-0.083828 0.242808 -0.331298
-0.099077 0.244869 -0.341853
-0.113140 0.242808 -0.331298
-0.128349 0.244869 -0.341853
-0.142985 0.244869 -0.341853
-0.130962 0.137713 0.206997
-0.146644 0.137713 0.206997
-0.162325 0.137713 0.206997
-0.177102 0.133591 0.228107
-0.193688 0.137713 0.206997
-0.209369 0.137713 0.206997
-0.224267 0.133591 0.228107
-0.239988 0.133591 0.228107
-0.255710 0.133591 0.228107
0.240516 0.194859 -0.162421
0.225539 0.194859 -0.162421
0.208570 0.199021 -0.183531
0.192658 0.201102 -0.194085
0.174876 0.207344 -0.225750
0.160018 0.207344 -0.225750
0.143332 0.211506 -0.246859
0.128515 0.211506 -0.246859
0.113698 0.211506 -0.246859
0.098881 0.211506 -0.246859
0.084064 0.211506 -0.246859
0.068433 0.213586 -0.257414
0.053636 0.213586 -0.257414
0.038839 0.213586 -0.257414
0.022535 0.217748 -0.278524
0.006310 0.221910 -0.299633
-0.009120 0.223990 -0.310189
-0.025203 0.228152 -0.331298
-0.039859 0.228152 -0.331298
-0.054515 0.228152 -0.331298
-0.069171 0.228152 -0.331298
-0.083828 0.228152 -0.331298
-0.099077 0.230233 -0.341853
-0.113713 0.230233 -0.341853
-0.128349 0.230233 -0.341853
-0.142985 0.230233 -0.341853
-0.157621 0.230233 -0.341853
-0.146644 0.122031 0.206997
-0.162325 0.122031 0.206997
-0.178006 0.122031 0.206997
-0.192823 0.117870 0.228107
-0.208545 0.117870 0.228107
-0.224267 0.117870 0.228107
-0.239988 0.117870 0.228107
-0.255710 0.117870 0.228107
0.225539 0.179881 -0.162421
0.208570 0.184083 -0.183531
0.190708 0.190386 -0.215195
0.174876 0.192487 -0.225750
0.158149 0.196689 -0.246859
0.143332 0.196689 -0.246859
0.127620 0.198790 -0.257414
0.112823 0.198790 -0.257414
0.098027 0.198790 -0.257414
0.083230 0.198790 -0.257414
0.068433 0.198790 -0.257414
0.053636 0.198790 -0.257414
0.038839 0.198790 -0.257414
0.020273 0.209294 -0.310189
0.005577 0.209294 -0.310189
-0.010547 0.213496 -0.331298
-0.025203 0.213496 -0.331298
-0.039859 0.213496 -0.331298
-0.054515 0.213496 -0.331298
-0.071071 0.219799 -0.362963
-0.084441 0.215597 -0.341853
-0.100263 0.219799 -0.362963
-0.113140 0.213496 -0.331298
-0.128349 0.215597 -0.341853
-0.144050 0.219799 -0.362963
-0.158646 0.219799 -0.362963
-0.146644 0.106350 0.206997
-0.162325 0.106350 0.206997
-0.177102 0.102148 0.228107
-0.192823 0.102148 0.228107
-0.208545 0.102148 0.228107
-0.224267 0.102148 0.228107
-0.239988 0.102148 0.228107
-0.255006 0.097946 0.249216
-0.270768 0.097946 0.249216
0.208570 0.169146 -0.183531
0.190708 0.175509 -0.215195
0.172966 0.181872 -0.246859
0.158149 0.181872 -0.246859
0.142417 0.183993 -0.257414
0.127620 0.183993 -0.257414
0.112823 0.183993 -0.257414
0.096318 0.188235 -0.278524
0.083230 0.183993 -0.257414
0.068433 0.183993 -0.257414
0.053636 0.183993 -0.257414
0.038839 0.183993 -0.257414
0.020273 0.194598 -0.310189
0.005577 0.194598 -0.310189
-0.010547 0.198840 -0.331298
-0.025203 0.198840 -0.331298
-0.039859 0.198840 -0.331298
-0.054515 0.198840 -0.331298
-0.071071 0.205203 -0.362963
-0.084441 0.200961 -0.341853
-0.100263 0.205203 -0.362963
-0.113713 0.200961 -0.341853
-0.128349 0.200961 -0.341853
-0.144050 0.205203 -0.362963
-0.158646 0.205203 -0.362963
-0.147136 0.092789 0.196442
-0.162798 0.092789 0.196442
-0.178006 0.090668 0.206997
-0.192823 0.086426 0.228107
-0.207721 0.082184 0.249216
-0.223483 0.082184 0.249216
-0.239244 0.082184 0.249216
-0.255006 0.082184 0.249216
-0.270768 0.082184 0.249216
0.208570 0.154208 -0.183531
0.190708 0.160631 -0.215195
0.172966 0.167055 -0.246859
0.157214 0.169196 -0.257414
0.142417 0.169196 -0.257414
0.127620 0.169196 -0.257414
0.112823 0.169196 -0.257414
0.096318 0.173478 -0.278524
0.081561 0.173478 -0.278524
0.065176 0.177760 -0.299633
0.052048 0.173478 -0.278524
0.037291 0.173478 -0.278524
0.020273 0.179902 -0.310189
0.005577 0.179902 -0.310189
-0.010547 0.184184 -0.331298
-0.025203 0.184184 -0.331298
-0.039859 0.184184 -0.331298
-0.055169 0.186325 -0.341853
-0.071705 0.192748 -0.373517
-0.085667 0.190607 -0.362963
-0.100856 0.192748 -0.373517
-0.114859 0.190607 -0.362963
-0.129454 0.190607 -0.362963
-0.144583 0.192748 -0.373517
-0.159159 0.192748 -0.373517
-0.146644 0.074987 0.206997
-0.162325 0.074987 0.206997
-0.177102 0.070705 0.228107
-0.192823 0.070705 0.228107
-0.207721 0.066422 0.249216
-0.223483 0.066422 0.249216
-0.239244 0.066422 0.249216
-0.254303 0.062140 0.270325
-0.270105 0.062140 0.270325
0.190708 0.145754 -0.215195
0.172011 0.154399 -0.257414
0.157214 0.154399 -0.257414
0.140588 0.158722 -0.278524
0.125831 0.158722 -0.278524
0.112823 0.154399 -0.257414
0.096318 0.158722 -0.278524
0.081561 0.158722 -0.278524
0.065176 0.163044 -0.299633
0.052048 0.158722 -0.278524
0.034969 0.165205 -0.310189
0.020273 0.165205 -0.310189
0.004109 0.169528 -0.331298
-0.010547 0.169528 -0.331298
-0.025203 0.169528 -0.331298
-0.039859 0.169528 -0.331298
-0.055169 0.171689 -0.341853
-0.071705 0.178173 -0.373517
-0.086280 0.178173 -0.373517
-0.100856 0.178173 -0.373517
-0.114859 0.176011 -0.362963
-0.130007 0.178173 -0.373517
-0.144583 0.178173 -0.373517
-0.159159 0.178173 -0.373517
-0.173734 0.178173 -0.373517
-0.161380 0.054983 0.228107
-0.176197 0.050661 0.249216
-0.192823 0.054983 0.228107
-0.207721 0.050661 0.249216
-0.223483 0.050661 0.249216
-0.238501 0.046338 0.270325
-0.254303 0.046338 0.270325
-0.270105 0.046338 0.270325
0.172011 0.139602 -0.257414
0.155344 0.143965 -0.278524
0.140588 0.143965 -0.278524
0.125831 0.143965 -0.278524
0.111074 0.143965 -0.278524
0.094609 0.148328 -0.299633
0.079058 0.150509 -0.310189
0.064362 0.150509 -0.310189
0.049666 0.150509 -0.310189
0.034969 0.150509 -0.310189
0.018765 0.154872 -0.331298
0.004109 0.154872 -0.331298
-0.010547 0.154872 -0.331298
-0.025203 0.154872 -0.331298
-0.040533 0.157053 -0.341853
-0.055169 0.157053 -0.341853
-0.071705 0.163597 -0.373517
-0.086280 0.163597 -0.373517
-0.100856 0.163597 -0.373517
-0.115432 0.163597 -0.373517
-0.130007 0.163597 -0.373517
-0.144583 0.163597 -0.373517
-0.159159 0.163597 -0.373517
-0.173242 0.161416 -0.362963
-0.187838 0.161416 -0.362963
-0.176197 0.034899 0.249216
-0.192823 0.039261 0.228107
-0.207721 0.034899 0.249216
-0.223483 0.034899 0.249216
-0.239244 0.034899 0.249216
-0.255006 0.034899 0.249216
0.172966 0.122604 -0.246859
0.155344 0.129208 -0.278524
0.140588 0.129208 -0.278524
0.124042 0.133611 -0.299633
0.109325 0.133611 -0.299633
0.093754 0.135813 -0.310189
0.079892 0.133611 -0.299633
0.064362 0.135813 -0.310189
0.049666 0.135813 -0.310189
0.033421 0.140216 -0.331298
0.018765 0.140216 -0.331298
0.004109 0.140216 -0.331298
-0.011261 0.142417 -0.341853
-0.025897 0.142417 -0.341853
-0.041880 0.146820 -0.362963
-0.056476 0.146820 -0.362963
-0.071705 0.149021 -0.373517
-0.086280 0.149021 -0.373517
-0.100856 0.149021 -0.373517
-0.115432 0.149021 -0.373517
-0.130007 0.149021 -0.373517
-0.144583 0.149021 -0.373517
-0.159159 0.149021 -0.373517
-0.173734 0.149021 -0.373517
-0.188310 0.149021 -0.373517
-0.176197 0.019137 0.249216
-0.192823 0.023540 0.228107
-0.207721 0.019137 0.249216
-0.223483 0.019137 0.249216
-0.239244 0.019137 0.249216
-0.255006 0.019137 0.249216
0.172966 0.107787 -0.246859
0.155344 0.114452 -0.278524
0.138758 0.118895 -0.299633
0.123147 0.121116 -0.310189
0.108451 0.121116 -0.310189
0.093754 0.121116 -0.310189
0.079058 0.121116 -0.310189
0.064362 0.121116 -0.310189
0.048077 0.125559 -0.331298
0.032647 0.127781 -0.341853
0.018011 0.127781 -0.341853
0.003375 0.127781 -0.341853
-0.011261 0.127781 -0.341853
-0.025897 0.127781 -0.341853
-0.041880 0.132224 -0.362963
-0.057129 0.134446 -0.373517
-0.071705 0.134446 -0.373517
-0.086280 0.134446 -0.373517
-0.100856 0.134446 -0.373517
-0.115432 0.134446 -0.373517
-0.130007 0.134446 -0.373517
-0.144583 0.134446 -0.373517
-0.159159 0.134446 -0.373517
-0.173734 0.134446 -0.373517
-0.189255 0.138889 -0.394627
-0.203790 0.138889 -0.394627
-0.191959 0.003375 0.249216
-0.207721 0.003375 0.249216
-0.223483 0.003375 0.249216
-0.239244 0.003375 0.249216
-0.255006 0.003375 0.249216
0.160018 0.088487 -0.225750
0.138758 0.104178 -0.299633
0.124042 0.104178 -0.299633
0.108451 0.106420 -0.310189
0.093754 0.106420 -0.310189
0.079058 0.106420 -0.310189
0.064362 0.106420 -0.310189
0.048077 0.110903 -0.331298
0.032647 0.113145 -0.341853
0.018011 0.113145 -0.341853
0.003375 0.113145 -0.341853
-0.011261 0.113145 -0.341853
-0.027284 0.117628 -0.362963
-0.041880 0.117628 -0.362963
-0.057129 0.119870 -0.373517
-0.071705 0.119870 -0.373517
-0.086280 0.119870 -0.373517
-0.100856 0.119870 -0.373517
-0.115432 0.119870 -0.373517
-0.130007 0.119870 -0.373517
-0.144583 0.119870 -0.373517
-0.159159 0.119870 -0.373517
-0.173734 0.119870 -0.373517
-0.189255 0.124353 -0.394627
-0.203790 0.124353 -0.394627
-0.191959 -0.012387 0.249216
-0.207721 -0.012387 0.249216
-0.223483 -0.012387 0.249216
-0.239244 -0.012387 0.249216
-0.255006 -0.012387 0.249216
0.207575 0.066845 -0.194085
0.192658 0.066845 -0.194085
0.177740 0.066845 -0.194085
0.160018 0.073630 -0.225750
0.140588 0.084939 -0.278524
0.125831 0.084939 -0.278524
0.108451 0.091724 -0.310189
0.093754 0.091724 -0.310189
0.079058 0.091724 -0.310189
0.062733 0.096247 -0.331298
0.048077 0.096247 -0.331298
0.032647 0.098509 -0.341853
0.018011 0.098509 -0.341853
0.003375 0.098509 -0.341853
-0.011261 0.098509 -0.341853
-0.025897 0.098509 -0.341853
-0.041880 0.103033 -0.362963
-0.057129 0.105294 -0.373517
-0.071071 0.103033 -0.362963
-0.086280 0.105294 -0.373517
-0.100856 0.105294 -0.373517
-0.115432 0.105294 -0.373517
-0.130007 0.105294 -0.373517
-0.144583 0.105294 -0.373517
-0.159159 0.105294 -0.373517
-0.174719 0.109818 -0.394627
-0.190672 0.116603 -0.426291
-0.205147 0.116603 -0.426291
-0.191959 -0.028149 0.249216
-0.207721 -0.028149 0.249216
-0.223483 -0.028149 0.249216
-0.239988 -0.023625 0.228107
-0.255710 -0.023625 0.228107
0.208570 0.049645 -0.183531
0.192658 0.051927 -0.194085
0.178695 0.049645 -0.183531
0.160953 0.056491 -0.215195
0.143332 0.063336 -0.246859
0.130304 0.058773 -0.225750
0.109325 0.074746 -0.299633
0.093754 0.077027 -0.310189
0.079058 0.077027 -0.310189
0.062733 0.081591 -0.331298
0.047283 0.083873 -0.341853
0.031099 0.088437 -0.362963
0.016503 0.088437 -0.362963
0.001908 0.088437 -0.362963
-0.012688 0.088437 -0.362963
-0.027284 0.088437 -0.362963
-0.041880 0.088437 -0.362963
-0.057129 0.090719 -0.373517
-0.071071 0.088437 -0.362963
-0.086280 0.090719 -0.373517
-0.100856 0.090719 -0.373517
-0.115432 0.090719 -0.373517
-0.131113 0.095282 -0.394627
-0.145648 0.095282 -0.394627
-0.159159 0.090719 -0.373517
-0.174719 0.095282 -0.394627
-0.189727 0.097564 -0.405181
-0.204243 0.097564 -0.405181
-0.191959 -0.043910 0.249216
-0.207721 -0.043910 0.249216
-0.224267 -0.039347 0.228107
-0.239988 -0.039347 0.228107
-0.255710 -0.039347 0.228107
0.208570 0.034708 -0.183531
0.192658 0.037010 -0.194085
0.178695 0.034708 -0.183531
0.160953 0.041614 -0.215195
0.143332 0.048519 -0.246859
0.128515 0.048519 -0.246859
0.108451 0.062331 -0.310189
0.093754 0.062331 -0.310189
0.077389 0.066935 -0.331298
0.062733 0.066935 -0.331298
0.045695 0.073841 -0.362963
0.030325 0.076143 -0.373517
0.016503 0.073841 -0.362963
0.001174 0.076143 -0.373517
-0.013402 0.076143 -0.373517
-0.027284 0.073841 -0.362963
-0.042553 0.076143 -0.373517
-0.057129 0.076143 -0.373517
-0.071705 0.076143 -0.373517
-0.086280 0.076143 -0.373517
-0.100856 0.076143 -0.373517
-0.116578 0.080747 -0.394627
-0.131113 0.080747 -0.394627
-0.145648 0.080747 -0.394627
-0.160184 0.080747 -0.394627
-0.175212 0.083049 -0.405181
-0.189255 0.080747 -0.394627
-0.203790 0.080747 -0.394627
-0.208545 -0.055068 0.228107
-0.224267 -0.055068 0.228107
-0.239988 -0.055068 0.228107
-0.255710 -0.055068 0.228107
0.223508 0.019770 -0.183531
0.207575 0.022092 -0.194085
0.192658 0.022092 -0.194085
0.177740 0.022092 -0.194085
0.160953 0.026736 -0.215195
0.143332 0.033702 -0.246859
0.128515 0.033702 -0.246859
0.111074 0.040669 -0.278524
0.094609 0.045313 -0.299633
0.079058 0.047635 -0.310189
0.062733 0.052279 -0.331298
0.047283 0.054601 -0.341853
0.031099 0.059245 -0.362963
0.016503 0.059245 -0.362963
0.001174 0.061567 -0.373517
-0.013402 0.061567 -0.373517
-0.027978 0.061567 -0.373517
-0.042553 0.061567 -0.373517
-0.057129 0.061567 -0.373517
-0.071705 0.061567 -0.373517
-0.086280 0.061567 -0.373517
-0.100856 0.061567 -0.373517
-0.116578 0.066211 -0.394627
-0.131113 0.066211 -0.394627
-0.145648 0.066211 -0.394627
-0.160184 0.066211 -0.394627
-0.174719 0.066211 -0.394627
-0.188310 0.061567 -0.373517
-0.202886 0.061567 -0.373517
-0.208545 -0.070790 0.228107
-0.224267 -0.070790 0.228107
-0.239988 -0.070790 0.228107
-0.255710 -0.070790 0.228107
0.223508 0.004833 -0.183531
0.207575 0.007175 -0.194085
0.192658 0.007175 -0.194085
0.175831 0.011859 -0.215195
0.160018 0.014201 -0.225750
0.143332 0.018886 -0.246859
0.127620 0.021228 -0.257414
0.111074 0.025912 -0.278524
0.094609 0.030596 -0.299633
0.079058 0.032939 -0.310189
0.062733 0.037623 -0.331298
0.045695 0.044649 -0.362963
0.031099 0.044649 -0.362963
0.016503 0.044649 -0.362963
0.001174 0.046992 -0.373517
-0.013402 0.046992 -0.373517
-0.027978 0.046992 -0.373517
-0.042553 0.046992 -0.373517
-0.057129 0.046992 -0.373517
-0.071705 0.046992 -0.373517
-0.086280 0.046992 -0.373517
-0.100856 0.046992 -0.373517
-0.116578 0.051676 -0.394627
-0.131113 0.051676 -0.394627
-0.145648 0.051676 -0.394627
-0.160184 0.051676 -0.394627
-0.173734 0.046992 -0.373517
-0.187838 0.044649 -0.362963
-0.201529 0.039965 -0.341853
-0.216165 0.039965 -0.341853
-0.210606 -0.074801 0.175332
-0.224267 -0.086512 0.228107
-0.239244 -0.091196 0.249216
-0.254303 -0.095880 0.270325
-0.270105 -0.095880 0.270325
0.257605 -0.019554 -0.141311
0.238446 -0.010105 -0.183531
0.223508 -0.010105 -0.183531
0.207575 -0.007743 -0.194085
0.190708 -0.003018 -0.215195
0.175831 -0.003018 -0.215195
0.160018 -0.000656 -0.225750
0.143332 0.004069 -0.246859
0.127620 0.006431 -0.257414
0.111074 0.011155 -0.278524
0.094609 0.015880 -0.299633
0.079058 0.018242 -0.310189
0.064362 0.018242 -0.310189
0.045695 0.030054 -0.362963
0.030325 0.032416 -0.373517
0.015749 0.032416 -0.373517
0.001174 0.032416 -0.373517
-0.013402 0.032416 -0.373517
-0.027978 0.032416 -0.373517
-0.042553 0.032416 -0.373517
-0.057129 0.032416 -0.373517
-0.071705 0.032416 -0.373517
-0.086280 0.032416 -0.373517
-0.100856 0.032416 -0.373517
-0.116578 0.037140 -0.394627
-0.131113 0.037140 -0.394627
-0.145648 0.037140 -0.394627
-0.160184 0.037140 -0.394627
-0.174719 0.037140 -0.394627
-0.186420 0.022967 -0.331298
-0.201076 0.022967 -0.331298
-0.215732 0.022967 -0.331298
-0.210606 -0.090422 0.175332
-0.224267 -0.102233 0.228107
-0.239988 -0.102233 0.228107
-0.256414 -0.097509 0.206997
-0.272095 -0.097509 0.206997
0.340395 -0.082219 0.069784
0.324975 -0.082219 0.069784
0.278001 -0.046484 -0.088538
0.262883 -0.046484 -0.088538
0.240516 -0.029807 -0.162421
0.223508 -0.025042 -0.183531
0.207575 -0.022660 -0.194085
0.190708 -0.017895 -0.215195
0.174876 -0.015513 -0.225750
0.158149 -0.010748 -0.246859
0.142417 -0.008366 -0.257414
0.127620 -0.008366 -0.257414
0.111074 -0.003601 -0.278524
0.094609 0.001164 -0.299633
0.079058 0.003546 -0.310189
0.064362 0.003546 -0.310189
0.047283 0.010693 -0.341853
0.030325 0.017840 -0.373517
0.015749 0.017840 -0.373517
0.001174 0.017840 -0.373517
-0.013402 0.017840 -0.373517
-0.027978 0.017840 -0.373517
-0.042553 0.017840 -0.373517
-0.058436 0.022605 -0.394627
-0.071705 0.017840 -0.373517
-0.087507 0.022605 -0.394627
-0.102042 0.022605 -0.394627
-0.116578 0.022605 -0.394627
-0.131113 0.022605 -0.394627
-0.145648 0.022605 -0.394627
-0.160184 0.022605 -0.394627
-0.173734 0.017840 -0.373517
-0.186893 0.010693 -0.341853
-0.201529 0.010693 -0.341853
-0.215732 0.008311 -0.331298
-0.230388 0.008311 -0.331298
-0.224267 -0.117955 0.228107
-0.239988 -0.117955 0.228107
-0.255710 -0.117955 0.228107
-0.271432 -0.117955 0.228107
0.390244 -0.104847 0.101449
0.374763 -0.104847 0.101449
0.356971 -0.100042 0.080339
0.340395 -0.097639 0.069784
0.324975 -0.097639 0.069784
0.278001 -0.061602 -0.088538
0.262883 -0.061602 -0.088538
0.242587 -0.049590 -0.141311
0.225539 -0.044785 -0.162421
0.207575 -0.037578 -0.194085
0.190708 -0.032773 -0.215195
0.172966 -0.025565 -0.246859
0.157214 -0.023163 -0.257414
0.140588 -0.018358 -0.278524
0.125831 -0.018358 -0.278524
0.109325 -0.013553 -0.299633
0.093754 -0.011150 -0.310189
0.079058 -0.011150 -0.310189
0.062733 -0.006345 -0.331298
0.045695 0.000862 -0.362963
0.030325 0.003264 -0.373517
0.015749 0.003264 -0.373517
-0.000294 0.008070 -0.394627
-0.014829 0.008070 -0.394627
-0.029365 0.008070 -0.394627
-0.043900 0.008070 -0.394627
-0.058436 0.008070 -0.394627
-0.072971 0.008070 -0.394627
-0.087507 0.008070 -0.394627
-0.102042 0.008070 -0.394627
-0.116578 0.008070 -0.394627
-0.131666 0.010472 -0.405181
-0.146181 0.010472 -0.405181
-0.160184 0.008070 -0.394627
-0.173734 0.003264 -0.373517
-0.186420 -0.006345 -0.331298
-0.201076 -0.006345 -0.331298
-0.214436 -0.013553 -0.299633
-0.229152 -0.013553 -0.299633
-0.243868 -0.013553 -0.299633
-0.258585 -0.013553 -0.299633
-0.255710 -0.133676 0.228107
-0.271432 -0.133676 0.228107
0.390244 -0.120327 0.101449
0.372411 -0.115482 0.080339
0.356971 -0.115482 0.080339
0.338123 -0.108214 0.048675
0.320512 -0.103369 0.027565
0.297502 -0.086411 -0.046318
0.281228 -0.083988 -0.056873
0.263938 -0.079143 -0.077983
0.248799 -0.079143 -0.077983
0.233661 -0.079143 -0.077983
0.202600 -0.040382 -0.246859
0.187783 -0.040382 -0.246859
0.170101 -0.033114 -0.278524
0.155344 -0.033114 -0.278524
0.140588 -0.033114 -0.278524
0.124042 -0.028269 -0.299633
0.109325 -0.028269 -0.299633
0.093754 -0.025847 -0.310189
0.079058 -0.025847 -0.310189
0.061919 -0.018579 -0.341853
0.045695 -0.013734 -0.362963
0.030325 -0.011311 -0.373517
0.015749 -0.011311 -0.373517
-0.000294 -0.006466 -0.394627
-0.014829 -0.006466 -0.394627
-0.030058 -0.004043 -0.405181
-0.043900 -0.006466 -0.394627
-0.058436 -0.006466 -0.394627
-0.072971 -0.006466 -0.394627
-0.087507 -0.006466 -0.394627
-0.102042 -0.006466 -0.394627
-0.116578 -0.006466 -0.394627
-0.131666 -0.004043 -0.405181
-0.146181 -0.004043 -0.405181
-0.160697 -0.004043 -0.405181
-0.174719 -0.006466 -0.394627
-0.189255 -0.006466 -0.394627
-0.200172 -0.025847 -0.310189
-0.214868 -0.025847 -0.310189
-0.229152 -0.028269 -0.299633
-0.243868 -0.028269 -0.299633
-0.258585 -0.028269 -0.299633
-0.273301 -0.028269 -0.299633
-0.288018 -0.028269 -0.299633
0.408157 -0.140693 0.122558
0.390244 -0.135807 0.101449
0.374763 -0.135807 0.101449
0.359283 -0.135808 0.101449
0.340395 -0.128479 0.069784
0.320512 -0.118709 0.027565
0.305172 -0.118709 0.027565
0.287681 -0.113823 0.006456
0.267104 -0.101610 -0.046318
0.251905 -0.101610 -0.046318
0.240768 -0.111381 -0.004099
0.225488 -0.111381 -0.004099
0.211184 -0.113823 0.006456
0.195885 -0.113823 0.006456
0.153474 -0.042985 -0.299633
0.138758 -0.042985 -0.299633
0.124042 -0.042985 -0.299633
0.108451 -0.040543 -0.310189
0.093754 -0.040543 -0.310189
0.077389 -0.035658 -0.331298
0.061919 -0.033215 -0.341853
0.045695 -0.028330 -0.362963
0.030325 -0.025887 -0.373517
0.015749 -0.025887 -0.373517
-0.000294 -0.021001 -0.394627
-0.014829 -0.021001 -0.394627
-0.030058 -0.018559 -0.405181
-0.044574 -0.018559 -0.405181
-0.060396 -0.013673 -0.426291
-0.072971 -0.021001 -0.394627
-0.089346 -0.013673 -0.426291
-0.103821 -0.013673 -0.426291
-0.118296 -0.013673 -0.426291
-0.132772 -0.013673 -0.426291
-0.147247 -0.013673 -0.426291
-0.161722 -0.013673 -0.426291
-0.175212 -0.018559 -0.405181
-0.188310 -0.025887 -0.373517
-0.200172 -0.040543 -0.310189
-0.214436 -0.042985 -0.299633
-0.229152 -0.042985 -0.299633
-0.243868 -0.042985 -0.299633
-0.258585 -0.042985 -0.299633
-0.273301 -0.042985 -0.299633
-0.288018 -0.042985 -0.299633
-0.302734 -0.042985 -0.299633
0.408157 -0.156213 0.122558
0.390244 -0.151288 0.101449
0.372411 -0.146362 0.080339
0.356971 -0.146362 0.080339
0.340395 -0.143899 0.069784
0.320512 -0.134048 0.027565
0.305172 -0.134048 0.027565
0.287681 -0.129123 0.006456
0.272382 -0.129123 0.006456
0.256047 -0.126660 -0.004099
0.240768 -0.126660 -0.004099
0.226484 -0.129123 0.006456
0.211184 -0.129123 0.006456
0.195885 -0.129123 0.006456
0.180585 -0.129123 0.006456
0.138758 -0.057702 -0.299633
0.124042 -0.057702 -0.299633
0.108451 -0.055239 -0.310189
0.092046 -0.050314 -0.331298
0.077389 -0.050314 -0.331298
0.060291 -0.042925 -0.362963
0.044901 -0.040462 -0.373517
0.028777 -0.035537 -0.394627
0.015749 -0.040462 -0.373517
-0.000294 -0.035537 -0.394627
-0.015543 -0.033074 -0.405181
-0.031446 -0.028149 -0.426291
-0.045921 -0.028149 -0.426291
-0.059089 -0.033074 -0.405181
-0.072971 -0.035537 -0.394627
-0.087507 -0.035537 -0.394627
-0.102635 -0.033074 -0.405181
-0.117151 -0.033074 -0.405181
-0.131666 -0.033074 -0.405181
-0.147247 -0.028149 -0.426291
-0.161722 -0.028149 -0.426291
-0.175212 -0.033074 -0.405181
-0.188310 -0.040462 -0.373517
-0.202886 -0.040462 -0.373517
-0.214436 -0.057702 -0.299633
-0.229152 -0.057702 -0.299633
-0.243868 -0.057702 -0.299633
-0.258585 -0.057702 -0.299633
-0.273301 -0.057702 -0.299633
-0.288018 -0.057702 -0.299633
-0.302734 -0.057702 -0.299633
0.405724 -0.166768 0.101449
0.390244 -0.166768 0.101449
0.372411 -0.161802 0.080339
0.356971 -0.161803 0.080339
0.340395 -0.159320 0.069784
0.322743 -0.154354 0.048675
0.305172 -0.149388 0.027565
0.287681 -0.144422 0.006456
0.271326 -0.141939 -0.004099
0.257082 -0.144422 0.006456
0.241783 -0.144422 0.006456
0.226484 -0.144422 0.006456
0.211184 -0.144422 0.006456
0.195885 -0.144422 0.006456
0.182455 -0.149388 0.027565
0.167115 -0.149388 0.027565
0.120463 -0.062487 -0.341853
0.105827 -0.062487 -0.341853
0.091191 -0.062487 -0.341853
0.076555 -0.062487 -0.341853
0.059476 -0.055038 -0.373517
0.044901 -0.055038 -0.373517
0.028777 -0.050072 -0.394627
0.014242 -0.050072 -0.394627
-0.000294 -0.050072 -0.394627
-0.015543 -0.047590 -0.405181
-0.031446 -0.042624 -0.426291
-0.044574 -0.047590 -0.405181
-0.060396 -0.042624 -0.426291
-0.072971 -0.050072 -0.394627
-0.089346 -0.042624 -0.426291
-0.103821 -0.042624 -0.426291
-0.117151 -0.047590 -0.405181
-0.131666 -0.047590 -0.405181
-0.146181 -0.047590 -0.405181
-0.160697 -0.047590 -0.405181
-0.174719 -0.050072 -0.394627
-0.188310 -0.055038 -0.373517
-0.202886 -0.055038 -0.373517
-0.214436 -0.072418 -0.299633
-0.228328 -0.077384 -0.278524
-0.243084 -0.077384 -0.278524
-0.257097 -0.082350 -0.257414
-0.272598 -0.077384 -0.278524
-0.287354 -0.077384 -0.278524
-0.302734 -0.072418 -0.299633
-0.317450 -0.072418 -0.299633
0.408157 -0.187254 0.122558
0.390244 -0.182248 0.101449
0.374763 -0.182248 0.101449
0.356971 -0.177243 0.080339
0.340395 -0.174740 0.069784
0.322743 -0.169734 0.048675
0.302981 -0.159722 0.006456
0.287681 -0.159722 0.006456
0.271326 -0.157219 -0.004099
0.257082 -0.159722 0.006456
0.241783 -0.159722 0.006456
0.228474 -0.164728 0.027565
0.213134 -0.164728 0.027565
0.197795 -0.164728 0.027565
0.182455 -0.164728 0.027565
0.167115 -0.164728 0.027565
0.120463 -0.077123 -0.341853
0.105827 -0.077123 -0.341853
0.089482 -0.072117 -0.362963
0.074886 -0.072117 -0.362963
0.059476 -0.069614 -0.373517
0.044901 -0.069614 -0.373517
0.028777 -0.064608 -0.394627
0.014242 -0.064608 -0.394627
-0.000294 -0.064608 -0.394627
-0.015543 -0.062105 -0.405181
-0.030058 -0.062105 -0.405181
-0.044574 -0.062105 -0.405181
-0.059089 -0.062105 -0.405181
-0.072971 -0.064608 -0.394627
-0.087507 -0.064608 -0.394627
-0.102635 -0.062105 -0.405181
-0.117151 -0.062105 -0.405181
-0.131666 -0.062105 -0.405181
-0.147247 -0.057099 -0.426291
-0.161722 -0.057099 -0.426291
-0.174719 -0.064608 -0.394627
-0.188310 -0.069614 -0.373517
-0.199719 -0.087135 -0.299633
-0.213571 -0.092141 -0.278524
-0.229152 -0.087135 -0.299633
-0.243868 -0.087135 -0.299633
-0.258585 -0.087135 -0.299633
-0.273301 -0.087135 -0.299633
-0.288018 -0.087135 -0.299633
-0.302734 -0.087135 -0.299633
-0.317450 -0.087135 -0.299633
0.408157 -0.202775 0.122558
0.390244 -0.197729 0.101449
0.374763 -0.197729 0.101449
0.356971 -0.192683 0.080339
0.341531 -0.192683 0.080339
0.324975 -0.190160 0.069784
0.305172 -0.180067 0.027565
0.289832 -0.180067 0.027565
0.272382 -0.175021 0.006456
0.259153 -0.180067 0.027565
0.243813 -0.180067 0.027565
0.228474 -0.180067 0.027565
0.213134 -0.180067 0.027565
0.197795 -0.180067 0.027565
0.182455 -0.180067 0.027565
0.167115 -0.180067 0.027565
0.164301 -0.215391 0.175332
0.148680 -0.215391 0.175332
0.134767 -0.220437 0.196442
0.074052 -0.084190 -0.373517
0.059476 -0.084190 -0.373517
0.044901 -0.084190 -0.373517
0.028777 -0.079143 -0.394627
0.015749 -0.084190 -0.373517
-0.000294 -0.079143 -0.394627
-0.015543 -0.076620 -0.405181
-0.030058 -0.076620 -0.405181
-0.043900 -0.079143 -0.394627
-0.059089 -0.076620 -0.405181
-0.071705 -0.084190 -0.373517
-0.088120 -0.076620 -0.405181
-0.102635 -0.076620 -0.405181
-0.117151 -0.076620 -0.405181
-0.131666 -0.076620 -0.405181
-0.147247 -0.071574 -0.426291
-0.160697 -0.076620 -0.405181
-0.174719 -0.079143 -0.394627
-0.186893 -0.091759 -0.341853
-0.200172 -0.099328 -0.310189
-0.213571 -0.106897 -0.278524
-0.228328 -0.106897 -0.278524
-0.243084 -0.106897 -0.278524
-0.257841 -0.106897 -0.278524
-0.272598 -0.106897 -0.278524
-0.287354 -0.106897 -0.278524
-0.302111 -0.106897 -0.278524
-0.316867 -0.106897 -0.278524
0.390244 -0.213209 0.101449
0.374763 -0.213209 0.101449
0.356971 -0.208123 0.080339
0.341531 -0.208123 0.080339
0.326091 -0.208123 0.080339
0.309555 -0.205580 0.069784
0.289832 -0.195407 0.027565
0.274493 -0.195407 0.027565
0.261224 -0.200493 0.048675
0.245844 -0.200493 0.048675
0.230464 -0.200493 0.048675
0.215084 -0.200493 0.048675
0.202569 -0.208123 0.080339
0.190869 -0.218296 0.122558
0.176263 -0.220839 0.133113
0.162511 -0.225925 0.154223
0.146931 -0.225925 0.154223
0.134767 -0.236098 0.196442
0.072383 -0.093679 -0.394627
0.057848 -0.093679 -0.394627
0.043313 -0.093679 -0.394627
0.028777 -0.093679 -0.394627
0.015749 -0.098765 -0.373517
-0.000294 -0.093679 -0.394627
-0.015543 -0.091136 -0.405181
-0.030058 -0.091136 -0.405181
-0.043900 -0.093679 -0.394627
-0.059089 -0.091136 -0.405181
-0.072971 -0.093679 -0.394627
-0.089346 -0.086049 -0.426291
-0.102635 -0.091136 -0.405181
-0.117151 -0.091136 -0.405181
-0.131666 -0.091136 -0.405181
-0.146181 -0.091136 -0.405181
-0.160697 -0.091136 -0.405181
-0.173734 -0.098765 -0.373517
-0.186893 -0.106395 -0.341853
-0.200172 -0.114024 -0.310189
-0.212707 -0.126740 -0.257414
-0.228328 -0.121654 -0.278524
-0.243084 -0.121654 -0.278524
-0.257841 -0.121654 -0.278524
-0.272598 -0.121654 -0.278524
-0.287354 -0.121654 -0.278524
-0.301176 -0.129284 -0.246859
-0.315993 -0.129284 -0.246859
0.328322 -0.228690 0.101449
0.310651 -0.223563 0.080339
0.294135 -0.221000 0.069784
0.278715 -0.221000 0.069784
0.263295 -0.221000 0.069784
0.247875 -0.221000 0.069784
0.232455 -0.221000 0.069784
0.217034 -0.221000 0.069784
0.204479 -0.228690 0.101449
0.190869 -0.233816 0.122558
0.176263 -0.236380 0.133113
0.162511 -0.241506 0.154223
0.148680 -0.246633 0.175332
0.133058 -0.246633 0.175332
0.072383 -0.108214 -0.394627
0.057848 -0.108214 -0.394627
0.043313 -0.108214 -0.394627
0.028777 -0.108214 -0.394627
0.015749 -0.113341 -0.373517
0.043001 -0.259449 0.228107
0.027279 -0.259449 0.228107
-0.030058 -0.105651 -0.405181
-0.044574 -0.105651 -0.405181
-0.059089 -0.105651 -0.405181
-0.071705 -0.113341 -0.373517
-0.087507 -0.108214 -0.394627
-0.102042 -0.108214 -0.394627
-0.116578 -0.108214 -0.394627
-0.131113 -0.108214 -0.394627
-0.146181 -0.105651 -0.405181
-0.159159 -0.113341 -0.373517
-0.171764 -0.123594 -0.331298
-0.185475 -0.128721 -0.310189
-0.200172 -0.128721 -0.310189
-0.212707 -0.141537 -0.257414
-0.227503 -0.141537 -0.257414
-0.242300 -0.141537 -0.257414
-0.257097 -0.141537 -0.257414
-0.271542 -0.144100 -0.246859
-0.286359 -0.144100 -0.246859
-0.301176 -0.144100 -0.246859
-0.315993 -0.144100 -0.246859
-0.330810 -0.144100 -0.246859
0.343803 -0.244170 0.101449
0.328322 -0.244170 0.101449
0.310651 -0.239003 0.080339
0.294135 -0.236420 0.069784
0.278715 -0.236420 0.069784
0.263295 -0.236420 0.069784
0.248890 -0.239003 0.080339
0.233450 -0.239003 0.080339
0.218009 -0.239003 0.080339
0.206389 -0.249337 0.122558
0.191803 -0.251920 0.133113
0.178092 -0.257087 0.154223
0.164301 -0.262254 0.175332
0.150429 -0.267421 0.196442
0.135622 -0.270004 0.206997
0.119940 -0.270004 0.206997
0.105887 -0.275171 0.228107
0.090166 -0.275171 0.228107
0.074444 -0.275171 0.228107
0.058723 -0.275171 0.228107
0.043001 -0.275171 0.228107
0.027279 -0.275171 0.228107
-0.044574 -0.120166 -0.405181
-0.058436 -0.122750 -0.394627
-0.072971 -0.122750 -0.394627
-0.087507 -0.122750 -0.394627
-0.102042 -0.122750 -0.394627
-0.115432 -0.127917 -0.373517
-0.130007 -0.127917 -0.373517
-0.144583 -0.127917 -0.373517
-0.158646 -0.130500 -0.362963
-0.172257 -0.135667 -0.341853
-0.186420 -0.138250 -0.331298
-0.200172 -0.143417 -0.310189
-0.214868 -0.143417 -0.310189
-0.227503 -0.156334 -0.257414
-0.242300 -0.156334 -0.257414
-0.257097 -0.156334 -0.257414
-0.271542 -0.158917 -0.246859
-0.286359 -0.158917 -0.246859
-0.301176 -0.158917 -0.246859
-0.315993 -0.158917 -0.246859
-0.330810 -0.158917 -0.246859
0.362751 -0.267461 0.133113
0.347210 -0.267461 0.133113
0.328322 -0.259650 0.101449
0.310651 -0.254443 0.080339
0.295210 -0.254443 0.080339
0.279770 -0.254443 0.080339
0.266401 -0.259650 0.101449
0.250920 -0.259650 0.101449
0.235440 -0.259650 0.101449
0.219960 -0.259650 0.101449
0.206389 -0.264858 0.122558
0.191803 -0.267461 0.133113
0.178092 -0.272668 0.154223
0.164301 -0.277875 0.175332
0.150429 -0.283082 0.196442
0.135622 -0.285686 0.206997
0.119940 -0.285686 0.206997
0.105887 -0.290893 0.228107
0.090166 -0.290893 0.228107
0.074444 -0.290893 0.228107
0.058723 -0.290893 0.228107
0.043001 -0.290893 0.228107
0.027279 -0.290893 0.228107
0.010171 -0.285686 0.206997
-0.007531 -0.277875 0.175332
-0.023153 -0.277875 0.175332
-0.038774 -0.277875 0.175332
-0.086280 -0.142492 -0.373517
-0.100856 -0.142492 -0.373517
-0.115432 -0.142492 -0.373517
-0.130007 -0.142492 -0.373517
-0.144583 -0.142492 -0.373517
-0.158646 -0.145096 -0.362963
-0.172257 -0.150303 -0.341853
-0.186893 -0.150303 -0.341853
-0.199719 -0.160717 -0.299633
-0.214436 -0.160717 -0.299633
-0.227091 -0.173735 -0.246859
-0.241908 -0.173735 -0.246859
-0.256725 -0.173735 -0.246859
-0.271542 -0.173735 -0.246859
-0.286359 -0.173735 -0.246859
-0.301176 -0.173735 -0.246859
-0.315993 -0.173735 -0.246859
0.382996 -0.293496 0.175332
0.365063 -0.288249 0.154223
0.347210 -0.283002 0.133113
0.328322 -0.275131 0.101449
0.312842 -0.275131 0.101449
0.295210 -0.269884 0.080339
0.279770 -0.269884 0.080339
0.266401 -0.275131 0.101449
0.250920 -0.275131 0.101449
0.235440 -0.275131 0.101449
0.219960 -0.275131 0.101449
0.206389 -0.280378 0.122558
0.191803 -0.283002 0.133113
0.179922 -0.293496 0.175332
0.166090 -0.298743 0.196442
0.150429 -0.298743 0.196442
0.135622 -0.301367 0.206997
0.119940 -0.301367 0.206997
0.105887 -0.306614 0.228107
0.090166 -0.306614 0.228107
0.074444 -0.306614 0.228107
0.058723 -0.306614 0.228107
0.043001 -0.306614 0.228107
0.025852 -0.301367 0.206997
0.010171 -0.301367 0.206997
-0.007531 -0.293496 0.175332
-0.023152 -0.293496 0.175332
-0.038774 -0.293496 0.175332
-0.056847 -0.283002 0.133113
-0.072981 -0.280378 0.122558
-0.089648 -0.275131 0.101449
-0.131113 -0.151821 -0.394627
-0.145648 -0.151821 -0.394627
-0.160184 -0.151821 -0.394627
-0.174719 -0.151821 -0.394627
-0.189255 -0.151821 -0.394627
-0.196553 -0.193799 -0.225750
-0.211410 -0.193799 -0.225750
-0.227091 -0.188551 -0.246859
-0.241908 -0.188551 -0.246859
-0.256725 -0.188551 -0.246859
-0.271542 -0.188551 -0.246859
-0.286359 -0.188551 -0.246859
-0.301176 -0.188551 -0.246859
-0.315993 -0.188551 -0.246859
0.382996 -0.309117 0.175332
0.362751 -0.298542 0.133113
0.347210 -0.298542 0.133113
0.328322 -0.290611 0.101449
0.312842 -0.290611 0.101449
0.295210 -0.285324 0.080339
0.279770 -0.285324 0.080339
0.266401 -0.290611 0.101449
0.250920 -0.290611 0.101449
0.235440 -0.290611 0.101449
0.219960 -0.290611 0.101449
0.206389 -0.295899 0.122558
0.191803 -0.298542 0.133113
0.179922 -0.309117 0.175332
0.164301 -0.309117 0.175332
0.150429 -0.314405 0.196442
0.135622 -0.317048 0.206997
0.119940 -0.317048 0.206997
0.105887 -0.322336 0.228107
0.090166 -0.322336 0.228107
0.074444 -0.322336 0.228107
0.058723 -0.322336 0.228107
0.043001 -0.322336 0.228107
0.025852 -0.317048 0.206997
0.010171 -0.317048 0.206997
-0.006184 -0.314405 0.196442
-0.023152 -0.309117 0.175332
-0.038774 -0.309117 0.175332
-0.057461 -0.295899 0.122558
-0.074167 -0.290611 0.101449
-0.089648 -0.290611 0.101449
-0.106234 -0.285324 0.080339
-0.121674 -0.285324 0.080339
-0.137114 -0.285324 0.080339
-0.153047 -0.282680 0.069784
-0.168467 -0.282680 0.069784
-0.196553 -0.208656 -0.225750
-0.200172 -0.277393 0.048675
-0.215551 -0.277393 0.048675
-0.230931 -0.277393 0.048675
-0.256725 -0.203368 -0.246859
-0.271542 -0.203368 -0.246859
-0.286359 -0.203368 -0.246859
-0.301176 -0.203368 -0.246859
0.382996 -0.324738 0.175332
0.365063 -0.319411 0.154223
0.347210 -0.314083 0.133113
0.330554 -0.311419 0.122558
0.312842 -0.306092 0.101449
0.297361 -0.306092 0.101449
0.279770 -0.300764 0.080339
0.266401 -0.306092 0.101449
0.250920 -0.306092 0.101449
0.237430 -0.311419 0.122558
0.221910 -0.311419 0.122558
0.207344 -0.314083 0.133113
0.191803 -0.314083 0.133113
0.179922 -0.324738 0.175332
0.166090 -0.330066 0.196442
0.150429 -0.330066 0.196442
0.135622 -0.332730 0.206997
0.119940 -0.332730 0.206997
0.105887 -0.338058 0.228107
0.090166 -0.338058 0.228107
0.074444 -0.338058 0.228107
0.058723 -0.338058 0.228107
0.043001 -0.338058 0.228107
0.025852 -0.332730 0.206997
0.010171 -0.332730 0.206997
-0.006184 -0.330066 0.196442
-0.023152 -0.324738 0.175332
-0.040040 -0.319411 0.154223
-0.058687 -0.306092 0.101449
-0.074167 -0.306092 0.101449
-0.089648 -0.306092 0.101449
-0.106234 -0.300764 0.080339
-0.121674 -0.300764 0.080339
-0.137627 -0.298100 0.069784
-0.155017 -0.287445 0.027565
-0.170357 -0.287445 0.027565
-0.185696 -0.287445 0.027565
-0.201036 -0.287445 0.027565
-0.215551 -0.292772 0.048675
-0.230931 -0.292772 0.048675
0.365063 -0.334992 0.154223
0.347210 -0.329624 0.133113
0.330554 -0.326940 0.122558
0.312842 -0.321572 0.101449
0.297361 -0.321572 0.101449
0.281881 -0.321572 0.101449
0.268471 -0.326940 0.122558
0.250920 -0.321572 0.101449
0.237430 -0.326940 0.122558
0.222885 -0.329624 0.133113
0.207344 -0.329624 0.133113
0.193673 -0.334992 0.154223
0.179922 -0.340360 0.175332
0.164301 -0.340360 0.175332
0.150429 -0.345727 0.196442
0.134767 -0.345727 0.196442
0.119940 -0.348411 0.206997
0.104259 -0.348411 0.206997
0.090166 -0.353779 0.228107
0.074444 -0.353779 0.228107
0.058723 -0.353779 0.228107
0.043001 -0.353779 0.228107
0.025852 -0.348411 0.206997
0.010171 -0.348411 0.206997
-0.006184 -0.345727 0.196442
-0.024459 -0.334992 0.154223
-0.040040 -0.334992 0.154223
-0.058687 -0.321572 0.101449
-0.075353 -0.316204 0.080339
-0.090794 -0.316204 0.080339
-0.106234 -0.316204 0.080339
-0.122207 -0.313520 0.069784
-0.137627 -0.313520 0.069784
-0.155017 -0.302784 0.027565
-0.170357 -0.302784 0.027565
-0.185696 -0.302784 0.027565
-0.200172 -0.308152 0.048675
-0.215551 -0.308152 0.048675
-0.230931 -0.308152 0.048675
0.365063 -0.350573 0.154223
0.347210 -0.345164 0.133113
0.330554 -0.342460 0.122558
0.315033 -0.342460 0.122558
0.299513 -0.342460 0.122558
0.281881 -0.337052 0.101449
0.268471 -0.342460 0.122558
0.252951 -0.342460 0.122558
0.238426 -0.345164 0.133113
0.224835 -0.350573 0.154223
0.209254 -0.350573 0.154223
0.193673 -0.350573 0.154223
0.179922 -0.355981 0.175332
0.166090 -0.361389 0.196442
0.150429 -0.361389 0.196442
0.135622 -0.364093 0.206997
0.119940 -0.364093 0.206997
0.104259 -0.364093 0.206997
0.090166 -0.369501 0.228107
0.074444 -0.369501 0.228107
0.058723 -0.369501 0.228107
0.043001 -0.369501 0.228107
0.025852 -0.364093 0.206997
0.010171 -0.364093 0.206997
-0.006184 -0.361389 0.196442
-0.023152 -0.355981 0.175332
-0.038774 -0.355981 0.175332
-0.058687 -0.337052 0.101449
-0.075353 -0.331644 0.080339
-0.090794 -0.331644 0.080339
-0.106234 -0.331644 0.080339
-0.122207 -0.328940 0.069784
-0.137627 -0.328940 0.069784
-0.155017 -0.318124 0.027565
-0.170357 -0.318124 0.027565
-0.184792 -0.323532 0.048675
-0.200172 -0.323532 0.048675
-0.215551 -0.323532 0.048675
-0.230931 -0.323532 0.048675
-0.246311 -0.323532 0.048675
-0.261691 -0.323532 0.048675
0.365063 -0.366153 0.154223
0.351754 -0.371602 0.175332
0.333901 -0.366153 0.154223
0.316129 -0.360705 0.133113
0.302739 -0.366153 0.154223
0.285048 -0.360705 0.133113
0.269507 -0.360705 0.133113
0.253966 -0.360705 0.133113
0.240416 -0.366153 0.154223
0.224835 -0.366153 0.154223
0.209254 -0.366153 0.154223
0.193673 -0.366153 0.154223
0.178092 -0.366153 0.154223
0.166090 -0.377050 0.196442
0.150429 -0.377050 0.196442
0.135622 -0.379774 0.206997
0.119940 -0.379774 0.206997
0.105887 -0.385222 0.228107
0.090166 -0.385222 0.228107
0.074444 -0.385222 0.228107
0.058723 -0.385222 0.228107
0.043001 -0.385222 0.228107
0.027279 -0.385222 0.228107
0.010171 -0.379774 0.206997
-0.006184 -0.377050 0.196442
-0.021846 -0.377050 0.196442
-0.038774 -0.371602 0.175332
-0.056847 -0.360705 0.133113
-0.075353 -0.347084 0.080339
-0.089648 -0.352533 0.101449
-0.105128 -0.352533 0.101449
-0.121674 -0.347084 0.080339
-0.137114 -0.347084 0.080339
-0.152554 -0.347084 0.080339
-0.168467 -0.344360 0.069784
-0.183435 -0.347084 0.080339
-0.198875 -0.347084 0.080339
-0.214315 -0.347084 0.080339
-0.228971 -0.352533 0.101449
-0.244451 -0.352533 0.101449
-0.259932 -0.352533 0.101449
0.351754 -0.387223 0.175332
0.333901 -0.381734 0.154223
0.318320 -0.381734 0.154223
0.302739 -0.381734 0.154223
0.287158 -0.381734 0.154223
0.271578 -0.381734 0.154223
0.255997 -0.381734 0.154223
0.238426 -0.376246 0.133113
0.224835 -0.381734 0.154223
0.209254 -0.381734 0.154223
0.195543 -0.387223 0.175332
0.179922 -0.387223 0.175332
0.166090 -0.392711 0.196442
0.151303 -0.395456 0.206997
0.135622 -0.395456 0.206997
0.121609 -0.400944 0.228107
0.105887 -0.400944 0.228107
0.091754 -0.406432 0.249216
0.075992 -0.406432 0.249216
0.060230 -0.406432 0.249216
0.043001 -0.400944 0.228107
0.027279 -0.400944 0.228107
0.011558 -0.400944 0.228107
-0.006184 -0.392711 0.196442
-0.021846 -0.392711 0.196442
-0.038774 -0.387223 0.175332
-0.056847 -0.376246 0.133113
-0.072388 -0.376246 0.133113
-0.089648 -0.368013 0.101449
-0.105128 -0.368013 0.101449
-0.121674 -0.362524 0.080339
-0.137114 -0.362524 0.080339
-0.152554 -0.362524 0.080339
-0.167994 -0.362524 0.080339
-0.182530 -0.368013 0.101449
-0.198010 -0.368013 0.101449
-0.212666 -0.373502 0.122558
-0.227795 -0.376246 0.133113
-0.243336 -0.376246 0.133113
-0.258173 -0.381734 0.154223
-0.273754 -0.381734 0.154223
0.351754 -0.402844 0.175332
0.333901 -0.397315 0.154223
0.320512 -0.402844 0.175332
0.302739 -0.397315 0.154223
0.287158 -0.397315 0.154223
0.271578 -0.397315 0.154223
0.255997 -0.397315 0.154223
0.238426 -0.391786 0.133113
0.224835 -0.397315 0.154223
0.209254 -0.397315 0.154223
0.193673 -0.397315 0.154223
0.179922 -0.402844 0.175332
0.166090 -0.408373 0.196442
0.150429 -0.408373 0.196442
0.135622 -0.411137 0.206997
0.121609 -0.416666 0.228107
0.105887 -0.416666 0.228107
0.091754 -0.422194 0.249216
0.075992 -0.422194 0.249216
0.060230 -0.422194 0.249216
0.044469 -0.422194 0.249216
0.028707 -0.422194 0.249216
0.011558 -0.416666 0.228107
-0.005511 -0.411137 0.206997
-0.021846 -0.408373 0.196442
-0.038774 -0.402844 0.175332
-0.055621 -0.397315 0.154223
-0.071202 -0.397315 0.154223
-0.088502 -0.389022 0.122558
-0.105128 -0.383493 0.101449
-0.120608 -0.383493 0.101449
-0.136089 -0.383493 0.101449
-0.151569 -0.383493 0.101449
-0.167050 -0.383493 0.101449
-0.182530 -0.383493 0.101449
-0.197146 -0.389022 0.122558
-0.212254 -0.391786 0.133113
-0.227795 -0.391786 0.133113
-0.243336 -0.391786 0.133113
-0.258173 -0.397315 0.154223
-0.273754 -0.397315 0.154223
-0.289334 -0.397315 0.154223
0.333901 -0.412896 0.154223
0.318320 -0.412896 0.154223
0.304891 -0.418465 0.175332
0.287158 -0.412896 0.154223
0.271578 -0.412896 0.154223
0.255997 -0.412896 0.154223
0.240416 -0.412896 0.154223
0.224835 -0.412896 0.154223
0.209254 -0.412896 0.154223
0.193673 -0.412896 0.154223
0.179922 -0.418465 0.175332
0.166090 -0.424034 0.196442
0.150429 -0.424034 0.196442
0.135622 -0.426818 0.206997
0.121609 -0.432387 0.228107
0.107516 -0.437956 0.249216
0.091754 -0.437956 0.249216
0.075992 -0.437956 0.249216
0.060230 -0.437956 0.249216
0.044469 -0.437956 0.249216
0.027279 -0.432387 0.228107
0.011558 -0.432387 0.228107
-0.005511 -0.426818 0.206997
-0.021192 -0.426818 0.206997
-0.037507 -0.424034 0.196442
-0.054395 -0.418465 0.175332
-0.071202 -0.412896 0.154223
-0.087929 -0.407327 0.133113
-0.104022 -0.404543 0.122558
-0.120608 -0.398974 0.101449
-0.136089 -0.398974 0.101449
-0.150584 -0.404543 0.122558
-0.166105 -0.404543 0.122558
-0.181173 -0.407327 0.133113
-0.195849 -0.412896 0.154223
-0.211430 -0.412896 0.154223
-0.227011 -0.412896 0.154223
-0.241848 -0.418465 0.175332
-0.257469 -0.418465 0.175332
-0.273754 -0.412896 0.154223
-0.289334 -0.412896 0.154223
0.333901 -0.428477 0.154223
0.320512 -0.434086 0.175332
0.307042 -0.439695 0.196442
0.289269 -0.434086 0.175332
0.273648 -0.434086 0.175332
0.255997 -0.428477 0.154223
0.240416 -0.428477 0.154223
0.224835 -0.428477 0.154223
0.209254 -0.428477 0.154223
0.193673 -0.428477 0.154223
0.179922 -0.434086 0.175332
0.166090 -0.439695 0.196442
0.151303 -0.442500 0.206997
0.137331 -0.448109 0.228107
0.121609 -0.448109 0.228107
0.107516 -0.453718 0.249216
0.093342 -0.459327 0.270325
0.077540 -0.459327 0.270325
0.060230 -0.453718 0.249216
0.044469 -0.453718 0.249216
0.027279 -0.448109 0.228107
0.011558 -0.448109 0.228107
-0.005511 -0.442500 0.206997
-0.021192 -0.442500 0.206997
-0.038774 -0.434086 0.175332
-0.055621 -0.428477 0.154223
-0.071202 -0.428477 0.154223
-0.087929 -0.422868 0.133113
-0.103469 -0.422868 0.133113
-0.119543 -0.420063 0.122558
-0.135063 -0.420063 0.122558
-0.150092 -0.422868 0.133113
-0.165632 -0.422868 0.133113
-0.180268 -0.428477 0.154223
-0.195849 -0.428477 0.154223
-0.210606 -0.434086 0.175332
-0.226227 -0.434086 0.175332
-0.241848 -0.434086 0.175332
-0.257469 -0.434086 0.175332
0.323799 -0.458181 0.206997
0.308117 -0.458181 0.206997
0.291380 -0.455357 0.196442
0.273648 -0.449707 0.175332
0.258027 -0.449707 0.175332
0.240416 -0.444058 0.154223
0.224835 -0.444058 0.154223
0.209254 -0.444058 0.154223
0.195543 -0.449707 0.175332
0.181751 -0.455357 0.196442
0.166985 -0.458181 0.206997
0.153052 -0.463831 0.228107
0.137331 -0.463831 0.228107
0.123278 -0.469480 0.249216
0.109144 -0.475129 0.270325
0.093342 -0.475129 0.270325
0.077540 -0.475129 0.270325
0.061738 -0.475129 0.270325
0.044469 -0.469480 0.249216
0.028707 -0.469480 0.249216
0.011558 -0.463831 0.228107
-0.005511 -0.458181 0.206997
-0.021192 -0.458181 0.206997
-0.038774 -0.449707 0.175332
-0.055621 -0.444058 0.154223
-0.072388 -0.438409 0.133113
-0.086783 -0.444058 0.154223
-0.102364 -0.444058 0.154223
-0.119010 -0.438409 0.133113
-0.134551 -0.438409 0.133113
-0.149106 -0.444058 0.154223
-0.164687 -0.444058 0.154223
-0.179363 -0.449707 0.175332
-0.194120 -0.455357 0.196442
-0.210606 -0.449707 0.175332
-0.226227 -0.449707 0.175332
-0.241848 -0.449707 0.175332
0.325990 -0.479552 0.228107
0.310268 -0.479552 0.228107
0.292436 -0.473863 0.206997
0.275719 -0.471018 0.196442
0.258027 -0.465328 0.175332
0.242406 -0.465328 0.175332
0.226785 -0.465328 0.175332
0.211164 -0.465328 0.175332
0.195543 -0.465328 0.175332
0.181751 -0.471018 0.196442
0.166985 -0.473863 0.206997
0.153052 -0.479552 0.228107
0.137331 -0.479552 0.228107
0.123278 -0.485242 0.249216
0.109144 -0.490931 0.270325
0.093342 -0.490931 0.270325
0.077540 -0.490931 0.270325
0.061738 -0.490931 0.270325
0.045936 -0.490931 0.270325
0.028707 -0.485242 0.249216
0.011558 -0.479552 0.228107
-0.005511 -0.473863 0.206997
-0.019886 -0.479552 0.228107
-0.038774 -0.465328 0.175332
-0.055621 -0.459639 0.154223
-0.071202 -0.459639 0.154223
-0.086783 -0.459639 0.154223
-0.102364 -0.459639 0.154223
-0.117945 -0.459639 0.154223
-0.133525 -0.459639 0.154223
-0.149106 -0.459639 0.154223
-0.163742 -0.465328 0.175332
-0.179363 -0.465328 0.175332
-0.193688 -0.473863 0.206997
-0.209369 -0.473863 0.206997
-0.226227 -0.465328 0.175332
0.325990 -0.495274 0.228107
0.310268 -0.495274 0.228107
0.294547 -0.495274 0.228107
0.276755 -0.489544 0.206997
0.260058 -0.486679 0.196442
0.242406 -0.480949 0.175332
0.226785 -0.480949 0.175332
0.211164 -0.480949 0.175332
0.195543 -0.480949 0.175332
0.181751 -0.486679 0.196442
0.166985 -0.489544 0.206997
0.153052 -0.495274 0.228107
0.137331 -0.495274 0.228107
0.123278 -0.501004 0.249216
0.109144 -0.506733 0.270325
0.093342 -0.506733 0.270325
0.077540 -0.506733 0.270325
0.063246 -0.512463 0.291435
0.045936 -0.506733 0.270325
0.030134 -0.506733 0.270325
0.012945 -0.501004 0.249216
-0.004164 -0.495274 0.228107
-0.019886 -0.495274 0.228107
-0.037507 -0.486679 0.196442
-0.054395 -0.480949 0.175332
-0.070016 -0.480949 0.175332
-0.085637 -0.480949 0.175332
-0.101258 -0.480949 0.175332
-0.117945 -0.475220 0.154223
-0.133525 -0.475220 0.154223
-0.148121 -0.480949 0.175332
-0.162797 -0.486679 0.196442
-0.178459 -0.486679 0.196442
-0.194120 -0.486679 0.196442
-0.209781 -0.486679 0.196442
0.319949 -0.536960 0.323099
0.298769 -0.522535 0.270325
0.282967 -0.522535 0.270325
0.261073 -0.505225 0.206997
0.245392 -0.505225 0.206997
0.228735 -0.502340 0.196442
0.211164 -0.496571 0.175332
0.197413 -0.502340 0.196442
0.181751 -0.502340 0.196442
0.166985 -0.505225 0.206997
0.151303 -0.505225 0.206997
0.137331 -0.510995 0.228107
0.123278 -0.516765 0.249216
0.107516 -0.516765 0.249216
0.093342 -0.522535 0.270325
0.077540 -0.522535 0.270325
0.063246 -0.528305 0.291435
0.045936 -0.522535 0.270325
0.028707 -0.516765 0.249216
0.014332 -0.522535 0.270325
-0.002817 -0.516765 0.249216
-0.018579 -0.516765 0.249216
-0.035607 -0.510995 0.228107
-0.053168 -0.502340 0.196442
-0.070016 -0.496571 0.175332
-0.085637 -0.496571 0.175332
-0.100152 -0.502340 0.196442
-0.116879 -0.496571 0.175332
-0.132500 -0.496571 0.175332
-0.147136 -0.502340 0.196442
-0.162325 -0.505225 0.206997
-0.177102 -0.510995 0.228107
-0.192823 -0.510995 0.228107
-0.207721 -0.516765 0.249216
-0.223483 -0.516765 0.249216
0.340234 -0.564483 0.365319
0.319949 -0.552863 0.323099
0.300880 -0.544147 0.291435
0.280896 -0.532527 0.249216
0.263104 -0.526717 0.228107
0.247382 -0.526717 0.228107
0.231660 -0.526717 0.228107
0.215939 -0.526717 0.228107
0.198348 -0.520907 0.206997
0.184496 -0.526717 0.228107
0.168774 -0.526717 0.228107
0.154801 -0.532527 0.249216
0.139040 -0.532527 0.249216
0.123278 -0.532527 0.249216
0.109144 -0.538337 0.270325
0.093342 -0.538337 0.270325
0.077540 -0.538337 0.270325
0.061738 -0.538337 0.270325
0.047404 -0.544147 0.291435
0.030134 -0.538337 0.270325
0.014332 -0.538337 0.270325
-0.002817 -0.532527 0.249216
-0.019886 -0.526717 0.228107
-0.035607 -0.526717 0.228107
-0.053168 -0.518002 0.196442
-0.068830 -0.518002 0.196442
-0.084491 -0.518002 0.196442
-0.099599 -0.520907 0.206997
-0.115814 -0.518002 0.196442
-0.130962 -0.520907 0.206997
-0.146644 -0.520907 0.206997
-0.161380 -0.526717 0.228107
-0.176197 -0.532527 0.249216
-0.191959 -0.532527 0.249216
-0.207721 -0.532527 0.249216
-0.223483 -0.532527 0.249216
0.340234 -0.580466 0.365319
0.319949 -0.568765 0.323099
0.300880 -0.559990 0.291435
0.282967 -0.554139 0.270325
0.265134 -0.548289 0.249216
0.249372 -0.548289 0.249216
0.231660 -0.542439 0.228107
0.215939 -0.542439 0.228107
0.200217 -0.542439 0.228107
0.184496 -0.542439 0.228107
0.168774 -0.542439 0.228107
0.154801 -0.548289 0.249216
0.139040 -0.548289 0.249216
0.123278 -0.548289 0.249216
0.109144 -0.554139 0.270325
0.094931 -0.559990 0.291435
0.077540 -0.554139 0.270325
0.063246 -0.559990 0.291435
0.047404 -0.559990 0.291435
0.031562 -0.559990 0.291435
0.016413 -0.562915 0.301990
-0.000123 -0.559990 0.291435
-0.017272 -0.554139 0.270325
-0.033074 -0.554139 0.270325
-0.050102 -0.548289 0.249216
-0.065864 -0.548289 0.249216
-0.083918 -0.536588 0.206997
-0.098494 -0.542439 0.228107
-0.115281 -0.536588 0.206997
-0.129937 -0.542439 0.228107
-0.145658 -0.542439 0.228107
-0.160435 -0.548289 0.249216
-0.175292 -0.554139 0.270325
-0.191094 -0.554139 0.270325
-0.207721 -0.548289 0.249216
0.342426 -0.602340 0.386428
0.322100 -0.590559 0.344209
0.301935 -0.578777 0.301990
0.285038 -0.575832 0.291435
0.267165 -0.569941 0.270325
0.249372 -0.564051 0.249216
0.233611 -0.564051 0.249216
0.215939 -0.558160 0.228107
0.200217 -0.558160 0.228107
0.186325 -0.564051 0.249216
0.170563 -0.564051 0.249216
0.154801 -0.564051 0.249216
0.139040 -0.564051 0.249216
0.123278 -0.564051 0.249216
0.109144 -0.569941 0.270325
0.094931 -0.575832 0.291435
0.079088 -0.575832 0.291435
0.063246 -0.575832 0.291435
0.047404 -0.575832 0.291435
0.032275 -0.578777 0.301990
0.017800 -0.584668 0.323099
0.000551 -0.578777 0.301990
-0.015312 -0.578777 0.301990
-0.031174 -0.578777 0.301990
-0.047650 -0.575832 0.291435
-0.057561 -0.605285 0.396983
-0.080480 -0.569941 0.270325
-0.096282 -0.569941 0.270325
-0.112084 -0.569941 0.270325
-0.127886 -0.569941 0.270325
-0.143688 -0.569941 0.270325
-0.160435 -0.564051 0.249216
-0.175292 -0.569941 0.270325
-0.191094 -0.569941 0.270325
0.342426 -0.618363 0.386428
0.326402 -0.618363 0.386428
0.304046 -0.600570 0.323099
0.286073 -0.594640 0.301990
0.267165 -0.585743 0.270325
0.251363 -0.585743 0.270325
0.233611 -0.579813 0.249216
0.217849 -0.579813 0.249216
0.200217 -0.573882 0.228107
0.186325 -0.579813 0.249216
0.170563 -0.579813 0.249216
0.154801 -0.579813 0.249216
0.139040 -0.579813 0.249216
0.124946 -0.585743 0.270325
0.109144 -0.585743 0.270325
0.094931 -0.591674 0.291435
0.079088 -0.591674 0.291435
0.063246 -0.591674 0.291435
0.047404 -0.591674 0.291435
0.032275 -0.594640 0.301990
0.017800 -0.600570 0.323099
0.001898 -0.600570 0.323099
-0.014005 -0.600570 0.323099
-0.029908 -0.600570 0.323099
-0.044584 -0.606501 0.344209
-0.057561 -0.621328 0.396983
-0.073604 -0.621328 0.396983
-0.089648 -0.621328 0.396983
-0.104625 -0.627259 0.418092
-0.120709 -0.627259 0.418092
-0.143688 -0.585743 0.270325
0.359565 -0.637371 0.396983
0.342426 -0.634386 0.386428
0.324251 -0.628415 0.365319
0.304046 -0.616473 0.323099
0.286073 -0.610502 0.301990
0.267165 -0.601546 0.270325
0.251363 -0.601546 0.270325
0.233611 -0.595574 0.249216
0.217849 -0.595574 0.249216
0.202087 -0.595574 0.249216
0.186325 -0.595574 0.249216
0.172353 -0.601546 0.270325
0.156551 -0.601546 0.270325
0.140749 -0.601546 0.270325
0.124946 -0.601546 0.270325
0.110773 -0.607517 0.291435
0.094931 -0.607517 0.291435
0.079088 -0.607517 0.291435
0.064000 -0.610502 0.301990
0.048138 -0.610502 0.301990
0.033703 -0.616473 0.323099
0.017800 -0.616473 0.323099
0.003245 -0.622444 0.344209
-0.011391 -0.628415 0.365319
-0.028641 -0.622444 0.344209
-0.043357 -0.628415 0.365319
-0.057561 -0.637371 0.396983
-0.073604 -0.637371 0.396983
-0.088542 -0.643343 0.418092
-0.104625 -0.643343 0.418092
0.359565 -0.653415 0.396983
0.342426 -0.650409 0.386428
0.324251 -0.644398 0.365319
0.306157 -0.638387 0.344209
0.286073 -0.626364 0.301990
0.270211 -0.626364 0.301990
0.253353 -0.623359 0.291435
0.235561 -0.617347 0.270325
0.219759 -0.617347 0.270325
0.202087 -0.611336 0.249216
0.188155 -0.617347 0.270325
0.172353 -0.617347 0.270325
0.159174 -0.626364 0.301990
0.142457 -0.623359 0.291435
0.126615 -0.623359 0.291435
0.110773 -0.623359 0.291435
0.095725 -0.626364 0.301990
0.079088 -0.623359 0.291435
0.064000 -0.626364 0.301990
0.048138 -0.626364 0.301990
0.033703 -0.632375 0.323099
0.019187 -0.638387 0.344209
0.005939 -0.650409 0.386428
-0.010085 -0.650409 0.386428
-0.026108 -0.650409 0.386428
-0.041518 -0.653415 0.396983
-0.056375 -0.659426 0.418092
-0.072458 -0.659426 0.418092
0.342426 -0.666432 0.386428
0.324251 -0.660381 0.365319
0.306157 -0.654330 0.344209
0.288144 -0.648278 0.323099
0.270211 -0.642227 0.301990
0.254348 -0.642227 0.301990
0.237511 -0.639201 0.291435
0.219759 -0.633150 0.270325
0.203957 -0.633150 0.270325
0.188155 -0.633150 0.270325
0.174142 -0.639201 0.291435
0.158300 -0.639201 0.291435
0.142457 -0.639201 0.291435
0.126615 -0.639201 0.291435
0.111587 -0.642227 0.301990
0.095725 -0.642227 0.301990
0.079862 -0.642227 0.301990
0.065508 -0.648278 0.323099
0.049605 -0.648278 0.323099
0.037985 -0.666432 0.386428
0.021962 -0.666432 0.386428
0.007959 -0.675509 0.418092
-0.008124 -0.675509 0.418092
-0.024208 -0.675509 0.418092
-0.040291 -0.675509 0.418092
0.326402 -0.682456 0.386428
0.308268 -0.676364 0.365319
0.290215 -0.670272 0.344209
0.272241 -0.664181 0.323099
0.254348 -0.658089 0.301990
0.238486 -0.658089 0.301990
0.221669 -0.655043 0.291435
0.205826 -0.655043 0.291435
0.189984 -0.655043 0.291435
0.174142 -0.655043 0.291435
0.159174 -0.658089 0.301990
0.143312 -0.658089 0.301990
0.127449 -0.658089 0.301990
0.111587 -0.658089 0.301990
0.095725 -0.658089 0.301990
0.079862 -0.658089 0.301990
0.065508 -0.664181 0.323099
0.049605 -0.664181 0.323099
0.036558 -0.676364 0.365319
0.022655 -0.685501 0.396983
0.329629 -0.707676 0.418092
0.310379 -0.698479 0.386428
0.294356 -0.698479 0.386428
0.276302 -0.692347 0.365319
0.258329 -0.686215 0.344209
0.242386 -0.686215 0.344209
0.224533 -0.680083 0.323099
0.208631 -0.680083 0.323099
0.192728 -0.680083 0.323099
0.176826 -0.680083 0.323099
0.160923 -0.680083 0.323099
0.145021 -0.680083 0.323099
0.129118 -0.680083 0.323099
0.113215 -0.680083 0.323099
0.097313 -0.680083 0.323099
0.082958 -0.686215 0.344209
0.068523 -0.692347 0.365319
0.052541 -0.692347 0.365319
0.037985 -0.698479 0.386428
0.294356 -0.714502 0.386428
0.278333 -0.714502 0.386428
0.260319 -0.708330 0.365319
0.244336 -0.708330 0.365319
0.228353 -0.708330 0.365319
0.214240 -0.714502 0.386428
0.194558 -0.702158 0.344209
0.178615 -0.702158 0.344209
0.164421 -0.708330 0.365319
0.148438 -0.708330 0.365319
0.132455 -0.708330 0.365319
0.114844 -0.702158 0.344209
0.100489 -0.708330 0.365319
0.086054 -0.714502 0.386428
0.070785 -0.717588 0.396983
0.054742 -0.717588 0.396983
0.297462 -0.739844 0.418092
0.279348 -0.733631 0.396983
0.263305 -0.733631 0.396983
0.246286 -0.730525 0.386428
0.230263 -0.730525 0.386428
0.214240 -0.730525 0.386428
0.198217 -0.730525 0.386428
0.182194 -0.730525 0.386428
0.166170 -0.730525 0.386428
0.150147 -0.730525 0.386428
0.134124 -0.730525 0.386428
0.118101 -0.730525 0.386428
0.102078 -0.730525 0.386428
0.086829 -0.733631 0.396983
0.072293 -0.739844 0.418092
0.056210 -0.739844 0.418092
0.265295 -0.755927 0.418092
0.249212 -0.755927 0.418092
0.231218 -0.749675 0.396983
0.215175 -0.749675 0.396983
0.199132 -0.749675 0.396983
0.183088 -0.749675 0.396983
0.167045 -0.749675 0.396983
0.151002 -0.749675 0.396983
0.136627 -0.755927 0.418092
0.120544 -0.755927 0.418092
0.104460 -0.755927 0.418092
0.168794 -0.772010 0.418092
