-0.313322 -0.176526 0.033123 
 -0.464483 -0.163790 0.121013 
 0.475111 0.080718 0.095130 
 -0.228903 -0.438941 -0.087797 
 -0.325213 0.147708 0.198996 
 0.588676 0.130322 0.113335 
 0.160626 0.069834 -0.175584 
 -0.124821 0.021507 -0.089804 
 -0.405492 -0.324665 0.043170 
 -0.274206 -0.482100 -0.041579 
 -0.059979 0.439234 -0.034776 
 -0.088705 -0.649047 0.125255 
 -0.393905 -0.337094 0.039371 
 -0.031985 0.008765 -0.182269 
 -0.325704 -0.134653 0.079123 
 0.272479 0.167457 -0.051215 
 0.036831 0.043212 -0.164034 
 -0.320993 -0.347818 -0.047134 
 0.016146 -0.464244 -0.021729 
 -0.478609 -0.247166 0.102271 
 -0.040732 -0.233159 -0.172474 
 0.714153 0.341497 0.000685 
 0.174716 -0.671037 0.148873 
 -0.475690 -0.200465 0.119189 
 -0.276185 0.019423 0.131248 
 -0.366380 0.008741 0.244924 
 -0.378293 0.042145 0.253146 
 0.499613 -0.273136 0.105620 
 -0.010289 -0.250807 -0.134448 
 0.013591 0.325919 -0.121766 
 -0.181096 -0.160936 -0.093787 
 0.725909 0.355279 -0.001709 
 0.241054 0.007006 -0.147379 
 0.593622 0.421647 0.072856 
 0.617461 0.105468 0.113884 
 -0.070084 -0.442189 -0.077303 
 -0.290884 0.016585 0.160504 
 -0.477830 0.663345 0.038708 
 -0.024670 -0.662181 0.115883 
 0.628978 0.460209 0.066658 
 0.179538 -0.102325 -0.154085 
 -0.215155 0.331669 -0.084783 
 -0.178240 -0.269589 -0.170269 
 -0.165950 -0.321813 -0.143145 
 0.217580 0.107352 -0.189216 
 -0.117415 0.158269 0.121741 
 -0.084949 0.169803 0.001018 
 -0.249200 0.036764 0.099857 
 -0.264263 -0.040142 0.118768 
 -0.279521 -0.107488 0.066863 
 0.306845 -0.036516 -0.087847 
 -0.303828 0.060732 0.206771 
 -0.001444 -0.262239 -0.139532 
 0.568884 -0.094474 0.093824 
 0.469220 0.149979 0.154208 
 0.005021 -0.057219 -0.227471 
 -0.479304 -0.247736 0.102271 
 -0.466312 0.628372 0.030733 
 -0.312881 0.226993 0.277461 
 -0.389922 0.677969 0.038340 
 -0.201165 -0.224792 -0.156784 
 0.171995 0.082064 -0.177561 
 -0.194975 0.214139 0.165939 
 0.209953 -0.479591 0.064708 
 -0.441334 -0.163075 0.112684 
 -0.469614 -0.258703 0.097140 
 -0.136302 0.032910 -0.086819 
 0.512767 -0.014047 0.046665 
 0.544103 -0.055224 0.078140 
 0.080145 0.173282 -0.137675 
 -0.222605 -0.336168 -0.126625 
 0.215616 0.045546 -0.171916 
 -0.308922 -0.185129 0.006181 
 -0.276322 0.539980 -0.015090 
 -0.317174 -0.379681 -0.076527 
 0.115662 0.043871 -0.164091 
 -0.194300 0.498381 -0.071568 
 0.456351 -0.111485 0.028166 
 -0.292524 0.144790 0.213588 
 -0.082544 0.104147 -0.067420 
 0.037395 0.114428 -0.155835 
 -0.360370 -0.148208 0.088598 
 -0.312881 0.227245 0.279224 
 -0.178998 0.111456 0.086812 
 -0.370925 -0.293848 0.000793 
 -0.158575 0.368479 -0.098327 
 -0.335254 -0.019219 0.257910 
 -0.266565 -0.135209 -0.002436 
 -0.161284 0.284868 -0.083178 
 -0.265339 0.186751 0.186046 
 0.615896 0.210617 0.065389 
 0.568071 0.406440 0.104746 
 -0.098890 0.013510 -0.123746 
 -0.110408 -0.346911 -0.138867 
 -0.475885 -0.200925 0.119189 
 0.165881 0.310866 -0.036797 
 -0.289343 0.228358 0.271795 
 0.047015 -0.046883 -0.215210 
 0.749088 0.490049 0.032667 
 -0.333051 0.502448 -0.001511 
 0.583635 -0.107684 0.099145 
 -0.123011 -0.359237 -0.136726 
 -0.249710 0.436794 -0.060261 
 -0.028882 -0.070851 -0.220338 
 0.373127 0.052077 0.013017 
 0.343564 -0.447536 0.097449 
 -0.158687 0.393464 -0.094166 
 0.066444 -0.316058 -0.106181 
 -0.143567 -0.179030 -0.132800 
 -0.044784 -0.352043 -0.099417 
 0.419019 -0.289324 0.043149 
 0.660279 0.134120 0.091243 
 0.408867 -0.057406 -0.011798 
 -0.228903 -0.438341 -0.087797 
 0.382368 0.073388 0.037919 
 -0.211258 -0.323801 -0.128728 
 0.357806 -0.369724 0.077696 
 -0.257880 -0.587940 0.137278 
 0.540114 0.302272 0.152165 
 0.000681 0.062622 -0.125103 
 0.581304 0.091458 0.123665 
 -0.085186 -0.633662 0.101477 
 0.854189 0.434267 -0.008571 
 0.163048 -0.555434 0.068347 
 -0.399540 -0.079476 0.132297 
 -0.179852 -0.422362 -0.126024 
 0.616563 0.161401 0.059298 
 0.034898 0.076085 -0.135292 
 -0.024615 0.267117 -0.127675 
 -0.318921 -0.143781 0.063056 
 -0.522893 0.591056 0.045414 
 -0.063150 -0.571843 0.028025 
 -0.410102 0.748067 0.065370 
 -0.184720 0.425001 -0.058418 
 0.090023 0.323544 -0.060358 
 0.191416 0.253298 -0.076707 
 -0.202814 -0.399366 -0.115882 
 -0.160336 0.025026 -0.015927 
 -0.183572 0.119226 0.113811 
 0.122011 0.300011 -0.048959 
 -0.083361 -0.470843 -0.051422 
 0.041653 -0.251890 -0.127405 
 0.072913 0.080311 -0.170438 
 -0.017201 -0.058566 -0.220326 
 -0.046043 0.155901 -0.098958 
 0.604395 0.222467 0.069380 
 -0.139088 0.404946 -0.075703 
 0.459892 0.127137 0.130752 
 0.463103 -0.048609 0.021005 
 -0.139032 0.404398 -0.075703 
 0.284305 -0.149602 -0.068877 
 0.593739 0.397935 0.070628 
 -0.355670 -0.282963 0.008792 
 -0.389472 -0.320403 0.015363 
 -0.160284 0.203501 0.154241 
 -0.110407 0.138668 0.069320 
 -0.363658 0.527628 -0.013469 
 -0.271476 -0.376898 -0.091317 
 0.432281 -0.202447 0.050045 
 0.594110 0.054640 0.115296 
 -0.169904 -0.297620 -0.151042 
 -0.541807 0.649788 0.034363 
 -0.215829 0.473746 -0.067178 
 -0.117532 0.233897 -0.041433 
 0.468629 0.274287 0.171004 
 0.479277 0.036931 0.038891 
 -0.297744 -0.418409 -0.063406 
 -0.355215 -0.378791 -0.003778 
 -0.019042 -0.144433 -0.205363 
 0.639723 0.285863 0.068090 
 0.081049 0.197084 -0.134225 
 -0.019860 0.171243 -0.129976 
 0.070699 -0.549148 0.038512 
 0.734129 0.487901 0.061419 
 0.734414 0.290006 0.037052 
 0.124696 0.232457 -0.119064 
 -0.331802 0.142673 0.250926 
 0.054696 -0.410281 -0.051466 
 -0.288235 0.088407 0.180699 
 0.395500 -0.265175 0.053663 
 -0.124821 0.021113 -0.089836 
 0.530602 -0.208001 0.091347 
 0.186559 -0.527314 0.063920 
 0.124658 0.199077 -0.148648 
 -0.023400 -0.287153 -0.135240 
 0.480072 -0.061641 0.026769 
 0.485468 -0.243814 0.075640 
 -0.121116 -0.107466 -0.131224 
 -0.169904 -0.296297 -0.151042 
 0.568714 0.233282 0.082339 
 -0.328656 -0.368421 -0.071823 
 0.117539 -0.522644 0.025574 
 -0.067867 0.059471 -0.103469 
 0.408724 -0.252829 0.051444 
 -0.075380 0.202848 0.174884 
 -0.042988 0.242656 -0.114015 
 0.322683 -0.300593 0.035943 
 0.133756 -0.176106 -0.147564 
 -0.411202 -0.067894 0.138636 
 -0.154228 -0.334058 -0.148203 
 -0.188088 -0.038888 0.009363 
 -0.068546 0.202507 -0.083831 
 -0.226859 -0.287089 -0.132696 
 -0.142197 0.082667 0.009595 
 0.084380 0.068938 -0.175496 
 -0.122117 -0.566292 0.010397 
 -0.433524 -0.148822 0.098746 
 -0.187285 0.130515 0.139487 
 0.022192 -0.237377 -0.143224 
 0.275838 -0.376394 0.040175 
 0.338242 0.019774 -0.041280 
 0.172221 0.035338 -0.183585 
 -0.000616 0.007327 -0.167774 
 0.317337 0.011142 -0.060494 
 -0.332912 -0.210089 0.010490 
 -0.116503 0.429098 -0.079967 
 -0.485712 0.758378 0.028008 
 0.036493 0.303602 -0.131882 
 0.511050 -0.127992 0.056033 
 0.408909 -0.252829 0.051444 
 -0.251010 0.436794 -0.060936 
 0.028469 -0.664150 0.122451 
 -0.466117 0.543903 0.058507 
 0.408635 -0.008494 -0.004559 
 -0.433295 -0.196986 0.093535 
 -0.234781 -0.555898 0.025324 
 0.158967 -0.088442 -0.169576 
 0.593904 0.054640 0.114789 
 0.057076 0.196087 -0.127014 
 -0.348304 0.434291 -0.054289 
 -0.159522 -0.015689 -0.083415 
 -0.115148 0.357976 -0.088725 
 0.280486 -0.402015 0.049244 
 -0.307742 0.021416 0.227712 
 -0.318233 0.599339 -0.019063 
 0.519588 0.092534 0.105993 
 0.518610 -0.196444 0.096644 
 -0.553519 0.731834 0.047736 
 -0.056839 0.142454 -0.096818 
 0.349662 -0.325736 0.035964 
 0.568832 0.208545 0.080986 
 -0.124652 0.369333 -0.083673 
 -0.341346 -0.113208 0.111702 
 0.678302 0.427054 0.020022 
 -0.313529 -0.387646 -0.103701 
 0.132021 -0.470168 0.002456 
 -0.107780 0.118541 0.003115 
 -0.136076 -0.014254 -0.090627 
 -0.031876 0.301720 -0.110304 
 -0.044581 0.084498 -0.107750 
 -0.176701 -0.567114 0.003465 
 -0.113340 0.009485 -0.094907 
 -0.222112 0.222969 0.200426 
 0.215503 0.069154 -0.168553 
 -0.105317 0.129158 0.040891 
 -0.076598 -0.158731 -0.189097 
 -0.288004 0.041258 0.174456 
 0.239247 -0.104351 -0.134521 
 -0.609498 0.730069 0.028580 
 -0.059869 -0.738882 0.190733 
 0.640643 0.423713 0.058714 
 -0.256611 -0.373266 -0.120062 
 -0.228903 -0.438150 -0.087797 
 -0.215536 -0.275878 -0.133757 
 0.531079 0.179850 0.114152 
 -0.100470 0.345438 -0.082880 
 -0.272434 0.435804 -0.053772 
 -0.304340 0.060835 0.206771 
 0.179311 0.265436 -0.071589 
 -0.191886 -0.171891 -0.091647 
 0.564927 0.104419 0.119348 
 0.092006 -0.332464 -0.078429 
 0.304203 -0.269891 -0.003150 
 -0.110810 -0.346911 -0.138867 
 0.144291 -0.456422 0.000262 
 -0.395332 -0.240094 0.051201 
 -0.441334 -0.164084 0.112684 
 -0.226786 0.391604 -0.073923 
 0.230740 -0.494489 0.078653 
 -0.226771 0.543375 -0.018477 
 0.783711 0.306833 -0.001333 
 0.257839 -0.580378 0.134733 
 -0.040740 0.004125 -0.143244 
 0.294916 -0.242437 -0.022249 
 -0.421678 -0.207653 0.088477 
 -0.124369 -0.073159 -0.101559 
 -0.340632 0.211370 0.308997 
 -0.366373 -0.199615 0.022853 
 0.139537 -0.581169 0.072774 
 -0.085426 -0.085111 -0.199571 
 0.521838 -0.090369 0.058819 
 -0.139088 0.404399 -0.075703 
 -0.306032 -0.319992 -0.073173 
 0.702047 0.403473 0.011080 
 -0.117415 0.158857 0.121741 
 0.148580 0.200073 -0.156481 
 -0.152054 -0.620333 0.099942 
 -0.365376 0.079996 0.253958 
 -0.053311 0.014920 -0.138187 
 -0.011931 0.018684 -0.163375 
 0.638077 0.285863 0.067032 
 0.330928 -0.547307 0.151317 
 0.605407 0.435276 0.071447 
 0.628143 0.223503 0.064710 
 -0.253092 0.248089 0.188863 
 0.629573 0.094795 0.108581 
 -0.427143 -0.046431 0.171522 
 -0.411202 -0.067894 0.138812 
 -0.219688 -0.133203 -0.016954 
 0.491383 -0.023853 0.027587 
 -0.176582 -0.081963 -0.036442 
 -0.145595 0.125062 0.077313 
 -0.266225 -0.509970 -0.022837 
 -0.331802 0.142673 0.249286 
 -0.325704 -0.132965 0.079123 
 0.170038 -0.114789 -0.151073 
 -0.564335 0.624673 0.038273 
 -0.188356 -0.346546 -0.138498 
 0.492261 0.324371 0.168463 
 0.440270 0.081826 0.081246 
 -0.061109 0.415824 -0.037715 
 -0.590892 0.695289 0.042196 
 -0.387400 -0.122724 0.088578 
 -0.413220 -0.020827 0.256733 
 0.603925 0.321415 0.082713 
 0.049324 0.055578 -0.166169 
 0.061426 -0.147165 -0.194610 
 0.329743 -0.179920 -0.027975 
 -0.089529 -0.186303 -0.163047 
 -0.179788 -0.017322 0.033674 
 -0.405744 0.609278 -0.014648 
 -0.533371 0.601757 0.050452 
 0.733773 0.487901 0.061374 
 -0.123874 -0.659157 0.172565 
 0.191751 0.163864 -0.149570 
 0.593786 0.079533 0.118121 
 0.181650 -0.040454 -0.170930 
 -0.253653 0.565388 -0.019354 
 -0.117415 0.157867 0.122972 
 -0.432094 0.594389 0.016449 
 -0.133328 -0.579910 0.012576 
 -0.476000 -0.176352 0.123132 
 0.605713 0.360478 0.062333 
 -0.234264 -0.144282 -0.025684 
 -0.398213 0.631342 0.009600 
 0.000745 0.086491 -0.122173 
 -0.139132 0.049986 -0.020236 
 -0.312991 -0.399010 -0.030678 
 0.253131 -0.132493 -0.106772 
 -0.080058 -0.698387 0.178364 
 0.160740 0.046441 -0.178514 
 0.057455 -0.370821 -0.072600 
 0.317212 -0.516661 0.122408 
 0.299202 -0.326203 0.040174 
 0.272495 -0.525273 0.110830 
 0.296631 -0.500113 0.106370 
 -0.265223 0.600452 -0.010446 
 0.436084 0.125984 0.137625 
 -0.261843 -0.604584 0.161551 
 0.013591 0.327408 -0.121766 
 0.690291 0.390651 0.014418 
 -0.088453 -0.052501 -0.172225 
 -0.064118 -0.528390 -0.002610 
 0.099667 -0.359905 -0.060620 
 0.078980 0.254322 -0.101665 
 0.453084 -0.217160 0.066075 
 -0.088114 0.155284 0.024146 
 -0.335630 -0.465764 0.005463 
 0.068098 0.303690 -0.117089 
 -0.233935 -0.349553 -0.124490 
 -0.202907 -0.018193 0.041399 
 0.023285 0.111288 -0.126454 
 0.045362 0.278171 -0.113151 
 -0.245809 0.307670 -0.102413 
 0.145360 -0.139716 -0.146769 
 0.582555 0.016780 0.114470 
 0.081199 -0.240822 -0.126066 
 -0.497088 0.769676 0.034859 
 -0.329215 0.445836 -0.034405 
 -0.245664 0.140121 0.161730 
 0.408984 -0.082312 -0.014660 
 -0.333277 0.551298 0.004327 
 -0.317481 0.187818 0.300427 
 -0.241901 0.482908 -0.032317 
 -0.145954 -0.384107 -0.132445 
 -0.056193 -0.722072 0.167823 
 0.152155 -0.484424 0.018669 
 0.523631 -0.244749 0.101143 
 -0.289333 0.185733 0.192432 
 0.528006 0.140150 0.134204 
 -0.489670 -0.140687 0.130265 
 0.097874 -0.653742 0.126720 
 -0.415451 -0.058857 0.166415 
 -0.046149 0.298707 -0.079753 
 -0.135963 -0.039732 -0.093557 
 0.698210 0.473979 0.071365 
 -0.086028 0.185228 -0.033128 
 -0.298856 0.491314 -0.013745 
 -0.230415 0.600149 0.014819 
 -0.295408 0.623974 -0.023316 
 0.000568 0.084817 -0.122173 
 0.553860 0.180889 0.106162 
 -0.233479 0.104180 0.152570 
 -0.000616 0.007327 -0.168270 
 -0.327246 0.060188 0.214162 
 0.143556 -0.432028 0.003599 
 0.035314 -0.264333 -0.114498 
 0.664686 0.424074 0.051238 
 0.578105 0.305923 0.113558 
 -0.598390 0.767254 0.029360 
 -0.098890 0.013510 -0.125405 
 0.034726 -0.289868 -0.117448 
 -0.294885 0.387524 -0.052195 
 0.177736 -0.629457 0.128672 
 -0.086085 -0.282727 -0.163604 
 -0.416964 -0.339268 0.046649 
 -0.101972 0.022523 -0.097048 
 0.160853 0.022040 -0.181445 
 0.627608 0.054362 0.129012 
 -0.158812 -0.038185 -0.086346 
 -0.091787 -0.360794 -0.122364 
 -0.022395 0.109295 -0.111964 
 0.530844 0.229449 0.118711 
 -0.287645 0.528337 -0.014166 
 0.180515 0.198832 -0.141547 
 0.047200 0.174272 -0.151554 
 0.095102 -0.037389 -0.193634 
 0.037917 -0.130136 -0.221818 
 0.003606 0.030232 -0.154707 
 -0.410487 -0.171896 0.089277 
 -0.130028 0.104202 0.045228 
 -0.347615 -0.364624 -0.016575 
 0.079579 -0.303546 -0.108341 
 -0.405492 -0.324665 0.042515 
 -0.173397 0.437794 -0.060550 
 -0.207144 -0.072293 -0.013209 
 -0.276096 0.494413 -0.020928 
 -0.063521 -0.233940 -0.165281 
 -0.299625 0.027069 0.177073 
 0.594436 0.273600 0.055437 
 0.184587 0.070662 -0.182795 
 -0.410394 0.689960 0.021239 
 0.208220 -0.436979 0.031259 
 -0.333013 -0.210089 0.010545 
 0.485937 -0.219015 0.079848 
 -0.180795 -0.285104 -0.145991 
 -0.176540 -0.106282 -0.039388 
 0.779961 0.514709 0.049474 
 0.322054 -0.433120 0.081408 
 -0.412879 0.534732 0.027294 
 -0.324760 -0.339696 -0.021143 
 0.853954 0.482360 -0.003187 
 -0.117176 0.216803 0.165664 
 -0.056839 0.143502 -0.097576 
 -0.099730 0.165707 0.030804 
 -0.302009 -0.108497 0.074786 
 0.341346 -0.103069 -0.045562 
 -0.302556 -0.131224 0.071817 
 -0.019183 0.028858 -0.149009 
 0.714153 0.343260 0.000685 
 -0.173735 0.509593 -0.050232 
 -0.207354 -0.151914 -0.058911 
 -0.082504 0.104147 -0.068682 
 0.262165 0.154863 -0.049383 
 -0.493157 0.661649 0.067203 
 -0.042492 -0.169069 -0.201453 
 0.009356 0.303278 -0.135529 
 -0.252915 -0.122729 -0.004208 
 -0.253449 0.518390 -0.025192 
 -0.378670 -0.283966 0.015288 
 -0.397524 0.631342 0.010378 
 -0.178240 -0.269589 -0.168521 
 0.137211 0.186342 -0.153719 
 -0.216532 0.426456 -0.073138 
 0.528476 0.239597 0.145900 
 -0.074050 -0.096408 -0.206605 
 0.218502 -0.465000 0.049621 
 -0.113340 0.010105 -0.094946 
 -0.097570 0.196690 -0.028693 
 -0.191290 -0.029867 0.038392 
 -0.288235 0.088407 0.179748 
 -0.280084 0.029244 0.158319 
 0.219815 -0.399713 0.032073 
 -0.413111 -0.297449 0.025792 
 0.259127 0.074081 -0.095678 
 -0.252571 -0.050960 0.114952 
 0.013929 0.255866 -0.130745 
 0.444118 0.173800 0.165161 
 -0.042492 -0.169069 -0.200567 
 0.440749 -0.304257 0.059162 
 -0.045131 0.084498 -0.108925 
 -0.236229 0.000136 0.091729 
 -0.306143 -0.099602 0.101797 
 0.094651 0.057566 -0.182345 
 -0.237423 -0.001039 0.091729 
 0.381269 -0.212409 0.027753 
 -0.267783 -0.290678 -0.106394 
 -0.434410 -0.068906 0.145931 
 0.117102 0.128432 -0.178978 
 -0.223547 0.051771 0.068514 
 -0.222220 0.116314 0.150385 
 0.172626 -0.244535 -0.094356 
 -0.233822 -0.372273 -0.126839 
 -0.227123 0.461621 -0.065189 
 -0.530767 0.709238 0.036554 
 0.457227 0.161889 0.160550 
 -0.176275 -0.523040 -0.028166 
 -0.225876 0.012730 0.091262 
 0.352424 -0.276512 0.042025 
 -0.029394 -0.222358 -0.174608 
 -0.061969 -0.060541 -0.206035 
 -0.280368 0.077845 0.163120 
 -0.028770 -0.095091 -0.221109 
 -0.193227 -0.178916 -0.130159 
 0.381554 -0.368689 0.069660 
 -0.107583 -0.710445 0.246050 
 -0.193130 0.474736 -0.076682 
 0.627608 0.053913 0.129012 
 0.444998 0.222557 0.171283 
 0.618014 0.274633 0.046925 
 -0.172608 0.269698 -0.080984 
 -0.257118 0.296598 -0.100293 
 -0.541919 0.673371 0.035285 
 -0.056227 -0.365751 -0.096769 
 -0.176296 -0.026375 0.007203 
 -0.330872 -0.052976 0.224880 
 -0.440480 -0.242105 0.065964 
 -0.246741 -0.526071 -0.006276 
 0.002252 0.314465 -0.119631 
 0.490683 0.000404 0.030617 
 -0.323893 0.067368 0.263315 
 0.566850 0.169008 0.103100 
 0.159734 -0.215958 -0.123461 
 -0.080218 -0.008039 -0.144745 
 -0.418300 -0.137786 0.108347 
 -0.017843 -0.011400 -0.214092 
 0.419859 -0.215301 0.052264 
 -0.052070 -0.243734 -0.170339 
 -0.315853 -0.025054 0.199954 
 -0.183523 0.178151 0.157759 
 0.229839 -0.053750 -0.151603 
 0.491088 -0.024208 0.027587 
 0.334293 -0.419210 0.079183 
 -0.116103 0.357493 -0.088725 
 0.655025 0.352187 0.019479 
 -0.291153 -0.096142 0.072618 
 -0.253449 0.517973 -0.025841 
 0.012162 0.051288 -0.130056 
 -0.089651 -0.233718 -0.168885 
 -0.274244 0.412159 -0.056683 
 -0.191808 -0.202624 -0.132182 
 0.320357 -0.152751 -0.045433 
 0.217251 -0.465743 0.049621 
 -0.121660 -0.229545 -0.183314 
 0.014111 0.051288 -0.130174 
 0.796793 0.357718 -0.023900 
 -0.068772 0.250818 -0.080024 
 -0.056839 0.142035 -0.096818 
 -0.462736 0.687750 0.013378 
 -0.208712 0.519958 -0.039559 
 0.058902 -0.537432 0.043298 
 -0.306179 0.375760 -0.050304 
 -0.336528 -0.280382 -0.009131 
 -0.609386 0.706620 0.025688 
 -0.276074 -0.147689 -0.000282 
 0.149711 -0.038124 -0.185166 
 -0.070623 -0.418124 -0.074345 
 -0.295043 -0.087008 0.098992 
 -0.031199 0.159166 -0.127842 
 -0.069058 0.369114 -0.065371 
 0.135526 -0.554635 0.065095 
 0.035243 -0.709929 0.164594 
 0.048734 0.126361 -0.157400 
 -0.030970 -0.260119 -0.153850 
 0.179538 -0.102325 -0.154311 
 -0.465441 -0.043225 0.134835 
 -0.275800 -0.147689 0.000551 
 0.192140 0.164632 -0.149570 
 -0.441563 -0.114555 0.116918 
 -0.155520 -0.655597 0.158412 
 -0.053855 -0.015870 -0.178604 
 -0.214182 -0.409698 -0.113742 
 0.178375 -0.311714 -0.055229 
 0.156885 0.239523 -0.067269 
 -0.330114 0.633910 -0.011114 
 -0.280049 0.366359 -0.083999 
 -0.077426 -0.334155 -0.148218 
 -0.199807 -0.332780 -0.133818 
 0.171931 -0.584131 0.086709 
 -0.542143 0.722052 0.042742 
 -0.159191 0.121970 0.106467 
 0.556744 0.195659 0.082604 
 0.569888 0.078491 0.124968 
 0.179830 0.265361 -0.071589 
 -0.275993 0.019945 0.131248 
 0.216238 -0.209154 -0.079384 
 0.111674 0.220009 -0.116918 
 0.236991 -0.224344 -0.062610 
 -0.166210 0.565987 0.013921 
 0.675403 0.275365 0.054266 
 0.067691 -0.590212 0.056164 
 -0.074162 -0.072392 -0.203915 
 -0.324646 -0.361593 -0.023201 
 -0.349912 0.090601 0.273763 
 -0.233942 0.128480 0.154163 
 -0.329431 -0.156326 0.065626 
 0.138974 -0.686009 0.159006 
 -0.095758 -0.703240 0.207758 
 0.853142 0.507035 0.000544 
 0.068770 -0.607579 0.092115 
 -0.191519 0.018297 0.042226 
 -0.171357 -0.641435 0.152835 
 0.014116 -0.107481 -0.211742 
 0.350357 -0.276512 0.042025 
 -0.364669 -0.092936 0.121598 
 0.490304 -0.113503 0.041988 
 0.016397 -0.069392 -0.232496 
 -0.298084 -0.347899 -0.054352 
 0.002324 -0.167089 -0.215439 
 -0.360059 -0.177949 0.047678 
 -0.252915 -0.122809 -0.004591 
 0.335272 -0.420234 0.079183 
 -0.421138 0.677642 0.023931 
 0.317212 -0.514813 0.122408 
 0.492261 0.325051 0.168031 
 -0.135737 -0.085417 -0.099418 
 -0.202793 -0.040500 0.038434 
 0.172719 -0.499777 0.034855 
 -0.443371 -0.162781 0.112684 
 -0.358803 -0.442725 0.015146 
 -0.275800 -0.148169 -0.000282 
 -0.201686 0.086268 0.091160 
 -0.274835 -0.417470 -0.070398 
 -0.171445 0.036503 -0.010822 
 0.772931 0.406564 -0.008893 
 0.565281 0.031750 0.109130 
 -0.476458 -0.079900 0.132227 
 0.005493 -0.033996 -0.224567 
 -0.348472 -0.190188 0.042561 
 0.194731 0.106862 -0.180303 
 -0.257686 0.209240 0.210137 
 -0.229763 0.046212 0.119534 
 0.713441 0.367070 0.003716 
 -0.245351 0.091521 0.154755 
 -0.399622 0.536762 -0.001267 
 0.594175 0.396973 0.070628 
 -0.113881 0.148238 0.095967 
 -0.012045 0.335904 -0.088880 
 0.459892 0.127137 0.130193 
 0.489004 -0.088829 0.045026 
 -0.029799 0.438954 -0.019574 
 0.126755 0.199077 -0.148648 
 0.756840 0.276512 0.052746 
 0.256205 -0.428306 0.053671 
 0.014105 0.208389 -0.136381 
 0.336691 -0.354938 0.061720 
 -0.299625 0.027069 0.176508 
 -0.019428 -0.034983 -0.217422 
 -0.223089 0.189739 0.159361 
 -0.085029 0.161302 -0.035979 
 0.438460 0.159883 0.178114 
 -0.136810 0.179825 0.143015 
 -0.085138 -0.471147 -0.051422 
 -0.367365 -0.223572 0.019904 
 -0.461610 0.688618 0.013378 
 0.270744 0.063230 -0.100766 
 -0.176211 0.077903 0.057597 
 -0.079429 -0.173559 -0.165179 
 0.308736 -0.165426 -0.042703 
 0.451363 -0.060864 0.023570 
 -0.502650 -0.200011 0.115498 
 0.552225 0.266741 0.141978 
 0.627608 0.054586 0.129012 
 0.260818 0.180048 -0.046407 
 0.358830 0.072476 0.044860 
 0.115428 -0.307341 -0.083442 
 0.067897 -0.211515 -0.155248 
 0.619641 0.339194 0.030514 
 -0.377428 -0.307923 0.013208 
 0.269751 -0.567426 0.131351 
 -0.233793 -0.144282 -0.025407 
 0.639840 0.260409 0.063986 
 -0.387171 -0.169762 0.081980 
 -0.487517 -0.188913 0.125723 
 -0.155728 -0.636742 0.123764 
 -0.344340 -0.222569 0.012645 
 -0.322147 -0.103273 0.130246 
 -0.017618 -0.058566 -0.220801 
 -0.230301 0.576348 0.011137 
 0.071238 0.032834 -0.176284 
 0.418950 0.105468 0.091760 
 0.770519 0.318360 0.003924 
 -0.143289 -0.551849 -0.006034 
 0.172823 0.034462 -0.183585 
 -0.542255 0.743088 0.045646 
 -0.162828 0.332283 -0.077277 
 0.193357 -0.156423 -0.126984 
 -0.296410 0.107434 0.234739 
 0.702582 0.428085 0.015020 
 -0.271928 -0.282483 -0.079940 
 -0.017282 -0.129447 -0.229037 
 -0.168484 -0.407794 -0.128165 
 0.229839 -0.053750 -0.151052 
 -0.101018 0.190902 0.033769 
 0.701097 0.240973 0.017237 
 -0.215300 0.554530 -0.020611 
 -0.264269 0.032571 0.129069 
 -0.071226 0.250109 -0.080024 
 -0.187358 -0.453315 -0.078480 
 0.505199 0.114248 0.140049 
 -0.079941 -0.723800 0.175318 
 0.213953 -0.274151 -0.061768 
 -0.199396 -0.130817 -0.035433 
 -0.293156 -0.577247 0.151661 
 -0.238417 0.449111 -0.063441 
 0.496891 -0.296490 0.091932 
 0.372597 -0.275481 0.034568 
 -0.100275 -0.334012 -0.141007 
 -0.427143 -0.047597 0.171522 
 0.482463 0.237515 0.161515 
 -0.265223 0.599904 -0.011384 
 -0.283704 0.424320 -0.051645 
 0.593974 0.347849 0.064552 
 -0.264035 0.259745 0.194047 
 -0.295222 0.458459 -0.044821 
 -0.162299 0.498685 -0.056844 
 0.259127 0.074081 -0.095595 
 -0.441219 -0.185693 0.109715 
 -0.188082 -0.094427 -0.035160 
 0.090873 -0.084191 -0.208835 
 -0.162516 -0.494251 -0.052567 
 0.504844 0.189888 0.147859 
 0.120528 -0.481837 0.004650 
 -0.193114 -0.200994 -0.132182 
 -0.101745 -0.025098 -0.102141 
 0.441105 -0.034379 0.005274 
 -0.210877 0.064332 0.065528 
 0.240866 -0.017313 -0.150329 
 0.424239 0.113180 0.139463 
 0.068437 0.231693 -0.126223 
 0.053726 -0.638443 0.118013 
 0.628143 0.223503 0.062833 
 -0.251039 0.507729 -0.052202 
 0.579824 0.394170 0.099476 
 0.026396 0.030570 -0.161899 
 0.796120 0.407595 -0.017839 
 -0.119645 -0.508478 -0.043899 
 -0.193242 0.498381 -0.070567 
 0.600551 0.143273 0.113500 
 -0.080367 0.285312 -0.071847 
 0.045016 -0.014675 -0.185712 
 0.605675 0.093709 0.116123 
 -0.201380 -0.632992 0.176357 
 -0.139103 0.309568 -0.087380 
 0.453530 -0.152065 0.048645 
 0.534578 0.381866 0.087799 
 0.385622 -0.107342 -0.010267 
 0.744995 0.263593 0.052782 
 -0.171905 0.191109 0.155571 
 0.085184 -0.471172 0.017500 
 -0.268761 0.090503 0.164011 
 0.555826 0.195659 0.082604 
 0.580647 0.221432 0.077340 
 0.008394 -0.437051 -0.040251 
 -0.441219 -0.186894 0.108807 
 -0.164809 0.114577 0.058384 
 0.468984 0.198755 0.160689 
 -0.210966 -0.323801 -0.128760 
 -0.376238 0.537752 -0.008431 
 -0.470838 0.686349 0.064940 
 0.088160 -0.454914 -0.004047 
 0.808314 0.419348 -0.020052 
 0.631855 0.351157 0.028301 
 0.187509 -0.421747 0.014623 
 0.234233 -0.369601 0.006285 
 0.122514 -0.188490 -0.145412 
 0.197930 -0.517025 0.061707 
 -0.206916 -0.120723 -0.019640 
 -0.211596 -0.253619 -0.119991 
 -0.238417 0.449111 -0.062813 
 -0.225797 -0.067529 0.042766 
 0.136109 -0.241068 -0.119141 
 0.169913 -0.051906 -0.168784 
 0.546481 0.370232 0.084214 
 -0.169904 -0.296461 -0.150604 
 -0.363658 0.526424 -0.013079 
 -0.065304 -0.146413 -0.189829 
 -0.315322 -0.025054 0.199954 
 0.468866 0.224009 0.163751 
 0.449319 0.114218 0.132341 
 -0.179918 0.111456 0.085901 
 -0.020152 -0.002563 -0.187894 
 -0.433409 -0.174102 0.096573 
 -0.291045 -0.183520 -0.011980 
 -0.124497 -0.270769 -0.160182 
 0.666110 0.301374 0.036047 
 0.578223 0.281124 0.110020 
 0.636411 0.132404 0.097888 
 -0.276978 -0.202639 -0.043953 
 -0.332278 -0.384112 -0.047504 
 0.196510 -0.449714 0.033955 
 0.479277 0.036807 0.036886 
 -0.229915 -0.122089 -0.011849 
 0.421012 0.248411 0.181877 
 0.519840 0.092534 0.106746 
 -0.091780 -0.162596 -0.160128 
 0.002929 0.172284 -0.138912 
 0.092006 -0.332464 -0.079589 
 -0.108762 -0.307459 -0.160841 
 -0.257386 0.151763 0.165916 
 -0.291268 -0.071823 0.075040 
 0.080031 0.196328 -0.134225 
 -0.155653 -0.244954 -0.174353 
 -0.087756 -0.650446 0.125255 
 -0.052542 -0.516120 -0.005666 
 0.544967 0.232246 0.091807 
 -0.564560 0.695966 0.046984 
 0.430739 -0.203025 0.050045 
 0.089337 -0.371778 -0.058446 
 -0.225111 0.085256 0.098485 
 0.222215 -0.619467 0.140295 
 -0.624637 0.742155 0.022419 
 0.451363 -0.061310 0.023570 
 0.540350 0.253474 0.144213 
 -0.330872 -0.052976 0.227525 
 0.467989 -0.074126 0.028983 
 -0.477493 0.591787 0.031086 
 -0.253718 0.198836 0.182871 
 0.408867 -0.055796 -0.011649 
 -0.132454 -0.119275 -0.129089 
 -0.006467 -0.022698 -0.218670 
 0.394195 0.060905 0.032208 
 -0.226455 -0.232888 -0.088125 
 0.468748 0.249775 0.166812 
 -0.469421 0.686349 0.064940 
 -0.031876 0.301356 -0.112792 
 -0.098890 0.013510 -0.122857 
 0.495045 0.265090 0.135634 
 -0.195480 0.294633 -0.070881 
 0.468866 0.225779 0.163751 
 0.541059 0.103748 0.125846 
 -0.293692 -0.142772 0.055760 
 -0.386695 0.596810 0.002429 
 0.213463 -0.355783 -0.010193 
 -0.254752 -0.498183 -0.024997 
 -0.575710 0.635246 0.043297 
 -0.291743 0.016585 0.159062 
 -0.378177 0.016936 0.250135 
 -0.575710 0.636515 0.043382 
 -0.012115 -0.250807 -0.134711 
 0.444998 0.223523 0.170879 
 -0.464254 -0.212016 0.115205 
 0.203765 0.128997 -0.157592 
 -0.276209 0.519095 -0.018009 
 -0.262371 -0.222482 -0.075874 
 -0.082431 0.080284 -0.072590 
 -0.275469 -0.147689 -0.000282 
 0.203466 -0.077397 -0.157528 
 0.542477 -0.194961 0.090534 
 0.654791 0.402324 0.026904 
 -0.120536 -0.177394 -0.139992 
 -0.302689 0.365372 -0.077939 
 0.327449 -0.218320 -0.005287 
 -0.125479 -0.073697 -0.101559 
 0.651655 0.274012 0.061738 
 -0.433100 0.618034 0.019669 
 -0.358792 -0.020001 0.263892 
 -0.335491 0.078855 0.268539 
 0.565399 0.004973 0.105337 
 0.606385 -0.057583 0.097733 
 0.641462 0.106510 0.105063 
 0.796325 0.456819 -0.012348 
 -0.010914 0.098851 -0.117102 
 -0.040732 -0.233261 -0.172815 
 -0.233520 -0.112957 0.013865 
 -0.101972 0.022504 -0.095888 
 0.480977 0.188196 0.155392 
 -0.292408 0.122330 0.210256 
 0.498294 0.057017 0.085276 
 0.412277 0.125060 0.143718 
 0.543042 0.165994 0.108393 
 0.271689 0.167457 -0.051557 
 0.137098 0.211852 -0.150788 
 -0.181836 0.487054 -0.076749 
 -0.500642 0.687013 0.049896 
 -0.455018 0.640689 0.029963 
 -0.135049 0.427446 -0.062591 
 0.456351 -0.111896 0.027503 
 -0.532977 -0.077992 0.115569 
 -0.074747 -0.271230 -0.166069 
 0.224178 -0.301233 -0.043363 
 0.420432 -0.020210 -0.009189 
 0.091400 0.209482 -0.135808 
 0.564100 0.278451 0.138591 
 -0.259881 -0.412891 -0.096948 
 -0.196651 -0.139483 -0.061913 
 0.070473 -0.196132 -0.180109 
 -0.333164 0.526352 0.001273 
 0.358830 0.070392 0.044860 
 0.002038 -0.222661 -0.160271 
 -0.060028 -0.738882 0.191597 
 0.056730 0.291291 -0.116567 
 0.068663 0.184882 -0.132085 
 0.151284 -0.037937 -0.185166 
 0.539996 0.327133 0.152818 
 0.155207 -0.418192 0.001072 
 -0.068433 0.179262 -0.088816 
 -0.076264 -0.705811 0.152276 
 -0.057629 0.167303 -0.093887 
 0.133928 -0.322124 -0.067142 
 0.148824 0.223874 -0.152929 
 -0.203749 0.321473 -0.089821 
 -0.231028 0.590088 -0.024385 
 -0.378177 0.017627 0.250135 
 -0.279626 -0.326783 -0.108693 
 0.071749 0.080311 -0.169940 
 0.044330 -0.341083 -0.102440 
 -0.489349 0.698276 0.047769 
 -0.078524 -0.000301 -0.107190 
 -0.430161 -0.077880 0.118680 
 -0.214559 0.073674 0.091570 
 -0.272801 0.435804 -0.053772 
 0.317019 -0.063247 -0.069447 
 0.250879 -0.172011 -0.086780 
 0.012049 0.074664 -0.127244 
 -0.283704 0.425418 -0.051645 
 0.035255 -0.168990 -0.201094 
 -0.354699 0.019399 0.242725 
 -0.055818 0.143502 -0.096818 
 -0.291313 0.353640 -0.082315 
 0.577654 -0.006938 0.100771 
 0.737547 0.392603 -0.000711 
 -0.321841 0.538702 -0.001831 
 -0.500379 0.686000 0.049896 
 0.092006 -0.332464 -0.078848 
 -0.382319 -0.347679 0.035007 
 0.104222 -0.741820 0.200103 
 -0.010687 0.050291 -0.122815 
 -0.157838 0.426639 -0.054669 
 -0.080389 -0.351569 -0.124510 
 0.245964 -0.593161 0.135823 
 -0.291397 -0.056532 0.151528 
 -0.401888 0.066232 0.263650 
 0.605794 0.066947 0.113058 
 -0.359593 0.126865 0.282006 
 -0.152478 0.250815 0.181256 
 0.091400 0.209482 -0.135009 
 0.544799 0.167970 0.108393 
 -0.079524 -0.430682 -0.072185 
 -0.139426 0.475082 -0.066946 
 0.500701 -0.051300 0.045845 
 0.342847 -0.533017 0.148660 
 0.086059 -0.667422 0.128945 
 -0.114145 0.057707 -0.089046 
 -0.034798 -0.299533 -0.135156 
 0.180515 0.198678 -0.141547 
 -0.251207 -0.482088 -0.048838 
 0.148084 -0.228470 -0.121301 
 -0.303828 0.060835 0.208796 
 0.679118 0.377830 0.016417 
 -0.115285 -0.386552 -0.118072 
 -0.077996 -0.333516 -0.148218 
 0.593700 0.004855 0.109166 
 0.192635 -0.234980 -0.075036 
 0.126409 0.056698 -0.166232 
 -0.110228 0.001143 -0.122032 
 0.060523 0.044206 -0.170353 
 0.452327 -0.266634 0.059003 
 -0.375524 0.703267 0.011948 
 0.160513 0.093467 -0.174353 
 0.761527 0.393743 -0.008168 
 0.009876 -0.648329 0.107568 
 0.092611 -0.332464 -0.079105 
 -0.436338 -0.250538 0.038698 
 0.499995 -0.051300 0.045845 
 -0.510895 -0.141697 0.135889 
 -0.134492 -0.347767 -0.131655 
 -0.102752 -0.056409 -0.143759 
 0.095450 -0.037389 -0.192245 
 0.081922 0.173282 -0.137156 
 -0.215029 -0.196688 -0.087366 
 0.430143 -0.071670 0.005514 
 0.594208 0.298754 0.058475 
 -0.226569 -0.209087 -0.083825 
 -0.031881 -0.260119 -0.153850 
 0.131905 -0.444736 0.003925 
 -0.135624 -0.109897 -0.102417 
 0.158854 -0.065143 -0.166638 
 -0.591964 0.695289 0.042981 
 -0.352892 -0.125802 0.113340 
 -0.499174 0.686000 0.049896 
 -0.310128 -0.185129 0.005318 
 0.247492 -0.637018 0.168137 
 -0.040425 -0.503138 -0.007846 
 -0.182391 0.202483 0.160755 
 0.240207 -0.414809 0.048226 
 -0.081619 -0.616944 0.077632 
 -0.056725 0.121439 -0.099748 
 0.626694 0.297714 0.072302 
 -0.032473 -0.531127 0.010261 
 -0.280483 0.101563 0.167295 
 -0.081087 0.237710 -0.077884 
 -0.293272 -0.552791 0.153020 
 -0.409844 0.690260 0.021239 
 0.187393 -0.397291 0.018245 
 0.101692 -0.279373 -0.112661 
 -0.424315 0.544001 0.033059 
 0.261554 0.179039 -0.046407 
 0.701930 0.426808 0.015020 
 0.060636 0.020467 -0.175040 
 0.441738 -0.034379 0.004090 
 -0.311131 -0.008335 0.175837 
 0.331979 -0.141423 -0.046370 
 -0.245499 -0.313983 -0.116510 
 -0.112651 -0.282126 -0.167540 
 0.257595 -0.345688 0.001886 
 -0.216252 0.554530 -0.020611 
 -0.394510 -0.336172 0.039371 
 -0.241901 0.482908 -0.033015 
 -0.046588 -0.603180 0.068103 
 -0.390795 0.677969 0.038616 
 0.126635 0.009759 -0.172093 
 0.494837 0.290244 0.138688 
 -0.069852 -0.185311 -0.170230 
 -0.375851 0.704685 0.011948 
 0.631280 0.376791 0.031331 
 -0.233224 -0.106065 0.052868 
 0.250605 -0.067819 -0.133954 
 -0.199217 -0.051400 0.010613 
 -0.313643 0.423835 -0.066459 
 -0.161260 -0.046845 -0.024802 
 0.723847 0.439667 0.033939 
 -0.043095 -0.586562 0.044364 
 -0.329684 -0.123696 0.106145 
 0.108602 -0.470182 0.009847 
 -0.275440 -0.226502 -0.046891 
 -0.283591 0.400369 -0.054557 
 -0.316917 0.187818 0.299758 
 -0.039922 -0.130301 -0.219282 
 -0.067850 -0.019358 -0.149796 
 0.397303 -0.095510 -0.012461 
 -0.496401 0.746093 0.031356 
 0.348517 -0.233760 0.010838 
 0.509875 -0.127992 0.057998 
 0.235572 -0.650092 0.169271 
 -0.281362 -0.539618 0.001976 
 0.663106 0.460057 0.080858 
 -0.223057 0.189739 0.159361 
 0.528357 0.264459 0.149528 
 -0.380491 -0.068270 0.153850 
 -0.099702 -0.695438 0.234338 
 0.650696 0.224539 0.055670 
 -0.161714 -0.536474 -0.020179 
 0.735632 0.452520 0.032073 
 0.174602 -0.434487 0.017281 
 -0.283359 -0.170212 -0.014131 
 -0.160303 0.123213 0.106467 
 -0.268062 -0.362221 -0.115163 
 -0.225551 -0.423297 -0.112029 
 -0.134811 -0.086096 -0.099418 
 0.567910 -0.054819 0.073397 
 -0.146500 0.438818 -0.057285 
 -0.421553 0.759232 0.069799 
 0.628583 0.410860 0.060933 
 0.564927 0.104419 0.119618 
 -0.296642 0.156437 0.241534 
 -0.177385 -0.523040 -0.028294 
 -0.065665 0.216779 -0.109869 
 -0.500193 0.591419 0.038510 
 -0.155747 -0.636642 0.123764 
 -0.426192 -0.285972 0.030676 
 -0.214295 -0.054724 0.040600 
 -0.079941 -0.722833 0.174473 
 -0.215578 -0.220489 -0.090297 
 -0.326749 0.492441 -0.028583 
 -0.249085 0.011718 0.096227 
 -0.310630 0.575990 0.000063 
 -0.542255 0.744119 0.046563 
 -0.315595 0.071014 0.211968 
 0.015036 -0.107481 -0.211742 
 -0.534411 0.625661 0.053364 
 0.292359 -0.414455 0.042979 
 -0.178353 -0.246379 -0.166859 
 -0.264830 0.162420 0.182064 
 -0.254221 0.199426 0.182871 
 -0.265826 0.162420 0.182064 
 0.048082 -0.116246 -0.223944 
 0.528584 0.289320 0.152572 
 -0.144359 -0.232636 -0.175106 
 -0.257880 -0.587940 0.136697 
 -0.068659 0.227539 -0.082955 
 -0.156468 -0.598033 0.054518 
 0.352930 -0.130111 -0.024866 
 -0.306364 -0.319680 -0.073173 
 0.114182 -0.075134 -0.178744 
 -0.608528 0.693991 0.061275 
 -0.146500 0.439779 -0.056804 
 0.522159 0.033316 0.073758 
 -0.150186 0.343316 -0.079409 
 -0.307626 -0.003755 0.224894 
 -0.252946 -0.201866 -0.051183 
 -0.253831 -0.027516 0.117936 
 0.820187 0.408640 -0.025296 
 -0.298186 -0.251365 -0.042599 
 0.116141 -0.730369 0.197858 
 -0.314610 -0.081633 0.158205 
 0.756840 0.276512 0.053625 
 -0.057065 0.191234 -0.090956 
 -0.133066 -0.220872 -0.178276 
 0.198744 -0.517025 0.061707 
 -0.420856 0.701287 0.026277 
 -0.399466 0.631342 0.010378 
 -0.109045 -0.188766 -0.145050 
 -0.175896 0.249405 0.188847 
 -0.065192 -0.170059 -0.193802 
 0.002478 0.269603 -0.125477 
 -0.230915 0.566221 -0.026537 
 -0.332413 -0.186132 0.013440 
 -0.215087 -0.220816 -0.090297 
 -0.499149 -0.177361 0.128458 
 0.517091 0.152061 0.139501 
 -0.421553 0.759432 0.070428 
 0.528712 0.189874 0.140866 
 -0.117415 0.156525 0.121741 
 -0.045897 0.370111 -0.072583 
 -0.019918 -0.585540 0.036982 
 0.528894 0.189874 0.140327 
 0.666897 0.342142 0.015600 
 0.099658 -0.213497 -0.140047 
 -0.346965 -0.031992 0.257498 
 -0.272522 0.459449 -0.051802 
 -0.304249 0.635302 -0.018278 
 -0.409282 0.571071 0.006682 
 0.171768 0.129735 -0.171863 
 0.169810 -0.203445 -0.125622 
 -0.487746 -0.140687 0.130301 
 -0.203159 0.013742 0.082230 
 0.605675 0.092582 0.116123 
 -0.590637 0.695289 0.042981 
 0.699268 0.251347 0.042133 
 -0.079235 0.047301 -0.099985 
 -0.534299 0.602346 0.050452 
 -0.119657 -0.723413 0.249613 
 -0.226981 -0.287089 -0.131625 
 -0.030522 0.015834 -0.145379 
 0.086059 -0.666109 0.128828 
 0.589621 -0.068571 0.089727 
 -0.555073 0.661085 0.039056 
 -0.232038 -0.455318 -0.063981 
 -0.390226 -0.271729 0.021263 
 0.251705 -0.536497 0.091709 
 0.310663 -0.444906 0.083632 
 -0.598279 0.742703 0.026468 
 0.084984 -0.727000 0.183971 
 0.589385 -0.018848 0.095044 
 0.131107 -0.469130 0.002456 
 -0.253032 0.044105 0.126889 
 -0.453546 -0.054777 0.129698 
 0.083426 0.020837 -0.181342 
 -0.135821 -0.283670 -0.160357 
 0.145989 -0.626415 0.114776 
 0.344519 -0.103069 -0.045562 
 -0.257686 0.208932 0.210010 
 -0.195542 -0.586849 0.056513 
 -0.177153 0.102016 0.059840 
 -0.056891 0.238706 -0.085095 
 0.231526 -0.386878 0.029916 
 -0.328993 0.468796 -0.031494 
 -0.319191 -0.040236 0.223660 
 -0.632702 0.716586 0.070960 
 -0.218969 0.261783 0.180271 
 -0.291743 0.016500 0.160504 
 -0.246741 -0.526065 -0.008080 
 0.048734 0.126863 -0.157400 
 -0.029388 -0.490512 -0.010910 
 -0.262942 -0.105137 0.049263 
 -0.278253 -0.457322 -0.048405 
 0.714036 0.369449 0.003716 
 -0.174144 0.319933 -0.075145 
 -0.260747 0.023405 0.102031 
 0.025606 0.197137 -0.141439 
 0.315814 0.009466 -0.060494 
 -0.309106 0.021416 0.227905 
 -0.090978 -0.138888 -0.157313 
 0.000652 -0.182333 -0.191779 
 -0.197867 -0.051400 0.011523 
 0.677057 0.314457 0.033828 
 0.161489 -0.001738 -0.184375 
 0.374296 -0.250653 0.037598 
 -0.173397 0.439114 -0.060550 
 0.143838 -0.456422 0.000262 
 -0.256837 -0.325789 -0.114566 
 0.025606 0.196421 -0.141439 
 0.099782 -0.442823 -0.008600 
 0.567910 -0.054185 0.073867 
 0.026928 -0.534710 0.028165 
 0.512767 -0.013459 0.046665 
 0.179223 -0.311714 -0.057619 
 -0.552028 0.684668 0.041959 
 0.070583 -0.524692 0.039882 
 -0.125458 0.135611 0.099114 
 -0.113881 0.148238 0.094308 
 -0.476344 -0.104269 0.131066 
 -0.019860 0.171290 -0.130147 
 -0.620382 0.647949 0.021676 
 -0.208012 -0.537948 -0.007880 
 0.605407 0.434964 0.071447 
 -0.246891 -0.526065 -0.006276 
 0.114434 0.210479 -0.143577 
 0.245337 -0.465740 0.054034 
 0.304114 -0.401149 0.041787 
 -0.176540 -0.105889 -0.039445 
 -0.340734 0.481144 -0.026456 
 0.156070 -0.336966 -0.051340 
 -0.213666 -0.300063 -0.125837 
 0.709025 0.486865 0.068914 
 0.660279 0.132669 0.091243 
 -0.335744 -0.441376 0.007868 
 0.256242 -0.452918 0.050640 
 0.258440 0.049999 -0.098600 
 -0.105233 0.222465 -0.046760 
 0.508437 0.079615 0.108976 
 -0.375401 0.608879 0.000303 
 0.068663 0.184685 -0.129945 
 -0.103216 0.284315 -0.066395 
 0.382368 0.073388 0.036184 
 0.203348 -0.038476 -0.178160 
 0.528172 0.065565 0.125021 
 -0.214182 -0.410898 -0.114218 
 0.554887 0.180889 0.106553 
 -0.336187 -0.352160 -0.018249 
 0.059740 0.044206 -0.171226 
 0.688960 0.300924 0.028571 
 -0.554476 0.708251 0.044863 
 -0.189871 -0.209455 -0.158910 
 -0.134492 -0.347907 -0.133411 
 -0.074274 -0.049897 -0.201011 
 0.012646 -0.314828 -0.113139 
 0.127099 -0.697929 0.161242 
 0.687336 0.263198 0.048061 
 0.060072 0.137461 -0.159535 
 0.593622 0.422636 0.073666 
 -0.134770 0.451184 -0.058938 
 -0.166952 -0.209981 -0.166074 
 -0.207633 -0.151914 -0.059767 
 -0.504135 -0.079602 0.130324 
 -0.222148 0.116838 0.150385 
 0.663300 0.187951 0.047353 
 0.070896 -0.695972 0.154657 
 -0.326463 -0.133620 0.079123 
 -0.158575 0.370747 -0.098327 
 -0.016522 -0.105731 -0.226133 
 -0.195257 -0.605960 0.090912 
 0.086786 -0.412724 -0.037791 
 -0.117582 -0.427288 -0.097282 
 -0.601490 0.659469 0.042199 
 0.002121 -0.001884 -0.195059 
 -0.085538 -0.061528 -0.199240 
 -0.398213 0.632577 0.010378 
 -0.108762 -0.309502 -0.159665 
 -0.125167 0.135611 0.096944 
 -0.264724 0.059560 0.132053 
 -0.092092 0.296714 -0.066951 
 0.512767 -0.015146 0.046665 
 -0.105293 0.179288 0.158207 
 -0.397764 0.536762 -0.000579 
 -0.402105 -0.007136 0.254533 
 -0.169592 -0.296461 -0.151042 
 0.146550 -0.391539 -0.017352 
 0.429331 0.093100 0.086503 
 0.725558 0.429628 0.007563 
 -0.051410 -0.095421 -0.214858 
 0.192100 0.020683 -0.167200 
 -0.161714 -0.534901 -0.022492 
 -0.300870 -0.500285 -0.009101 
 -0.173171 0.391056 -0.067190 
 -0.341346 -0.113208 0.113022 
 -0.039791 -0.570008 0.021582 
 -0.213988 0.073674 0.093335 
 -0.202148 -0.422300 -0.118813 
 -0.359157 -0.353161 -0.011493 
 -0.164694 0.090464 0.053760 
 0.295169 -0.584710 0.158050 
 -0.085426 -0.085111 -0.202117 
 0.689673 0.450454 0.046800 
 -0.073773 0.200934 0.174884 
 -0.249200 0.034192 0.099857 
 -0.222617 0.222969 0.201813 
 0.193161 -0.051815 -0.176014 
 -0.001880 -0.661151 0.107914 
 -0.334389 -0.186132 0.013440 
 0.174992 -0.671037 0.149238 
 0.181650 -0.038687 -0.170930 
 -0.102639 -0.080326 -0.146319 
 -0.314334 -0.279380 -0.016514 
 -0.456299 -0.222504 0.097940 
 0.166858 -0.406613 -0.002953 
 0.387536 -0.018692 -0.024781 
 0.067386 -0.316058 -0.106181 
 0.604277 0.247204 0.072655 
 -0.270092 0.355061 -0.089461 
 0.266213 -0.482304 0.068958 
 -0.462831 -0.212016 0.114052 
 -0.199920 -0.311435 -0.131651 
 -0.006467 -0.022698 -0.220202 
 -0.319191 -0.038402 0.224082 
 0.308736 -0.165426 -0.042437 
 -0.172213 -0.584792 0.048889 
 -0.059869 -0.738882 0.191364 
 0.150848 -0.672862 0.156770 
 -0.507836 0.615895 0.018958 
 0.115378 -0.075134 -0.178744 
 -0.409732 0.666315 0.018362 
 -0.294810 -0.142772 0.054649 
 -0.127985 -0.480733 -0.065219 
 -0.240123 -0.427843 -0.082712 
 0.034369 -0.169114 -0.201094 
 -0.246766 0.115821 0.157747 
 0.576728 -0.081523 0.091588 
 -0.260945 -0.389090 -0.096388 
 0.419305 -0.289324 0.043419 
 0.467989 -0.074462 0.028144 
 -0.248513 -0.400169 -0.101459 
 -0.005697 -0.407110 -0.069546 
 -0.107269 -0.495933 -0.047090 
 -0.111761 0.333485 -0.080746 
 -0.120777 -0.177303 -0.139992 
 -0.296520 0.083068 0.231728 
 0.471855 0.116606 0.124827 
 -0.291631 0.377657 -0.079412 
 0.376116 -0.080303 -0.028173 
 0.022178 -0.366108 -0.097541 
 -0.035048 0.263504 -0.089376 
 -0.039791 -0.570008 0.021151 
 -0.238182 -0.299439 -0.129586 
 -0.552487 0.661085 0.039056 
 0.036563 -0.082846 -0.216263 
 -0.291743 0.016585 0.159965 
 0.211734 -0.675367 0.173759 
 -0.120286 -0.082439 -0.128301 
 0.002089 -0.167089 -0.215439 
 0.126250 0.056270 -0.166232 
 0.033580 -0.003038 -0.179386 
 0.230857 -0.518705 0.075614 
 -0.214182 -0.410219 -0.113742 
 -0.193303 -0.178916 -0.129263 
 0.723492 0.464341 0.037105 
 -0.161649 -0.126053 -0.072694 
 0.179538 -0.102646 -0.153224 
 0.250764 -0.146042 -0.082930 
 0.541177 0.078517 0.122128 
 -0.313093 -0.176526 0.033123 
 0.171619 0.010661 -0.186516 
 -0.398326 0.653465 0.013290 
 -0.564783 0.719549 0.049991 
 0.037508 0.091497 -0.158188 
 -0.110228 0.001143 -0.121916 
 -0.101745 -0.025098 -0.102542 
 0.218510 -0.090187 -0.151656 
 0.094877 0.011838 -0.186400 
 -0.067008 0.012098 -0.109330 
 -0.109439 -0.165027 -0.142540 
 -0.081619 -0.616944 0.078032 
 -0.218359 -0.133207 -0.016954 
 0.014719 0.089695 -0.148667 
 -0.406897 -0.100984 0.108904 
 0.412526 0.125060 0.145139 
 0.603925 0.320624 0.082843 
 0.616563 0.161143 0.059689 
 0.462987 -0.024514 0.024386 
 0.203978 -0.014613 -0.175222 
 0.148735 0.057267 -0.173443 
 0.759203 0.478228 0.025155 
 0.234734 -0.288575 -0.045549 
 0.516601 0.225697 0.148685 
 -0.029799 0.440213 -0.020224 
 -0.280483 0.102145 0.165732 
 -0.356866 -0.211092 0.017749 
 -0.320318 -0.461807 -0.024112 
 0.294035 -0.365230 0.050061 
 -0.293272 -0.552943 0.153435 
 0.402207 -0.419838 0.143997 
 -0.067171 0.012098 -0.109330 
 -0.068772 0.248948 -0.080024 
 -0.306179 0.375206 -0.050371 
 -0.195495 0.238579 0.168935 
 0.638244 0.211652 0.057894 
 -0.336528 -0.281947 -0.009265 
 0.592109 0.308735 0.085068 
 0.360228 -0.223247 0.008633 
 -0.245611 -0.289684 -0.114797 
 0.320357 -0.152148 -0.044182 
 -0.222394 0.051771 0.066463 
 -0.450527 -0.024023 0.181688 
 -0.302416 -0.328339 -0.099990 
 -0.378556 -0.308182 0.013208 
 0.056843 0.266951 -0.118222 
 0.025493 0.221247 -0.138516 
 -0.151044 -0.481738 -0.055905 
 -0.102639 -0.081254 -0.146319 
 -0.125458 0.135611 0.096637 
 -0.203136 0.030708 0.047330 
 0.223171 -0.663018 0.171515 
 -0.124934 0.045521 -0.086906 
 -0.402344 0.713034 0.045437 
 0.168111 -0.114789 -0.151288 
 -0.226337 0.295913 -0.085508 
 -0.320691 -0.437179 -0.021162 
 0.181131 -0.353514 -0.022650 
 -0.303712 0.036441 0.203203 
 -0.166770 -0.209981 -0.166074 
 0.306221 -0.102624 -0.070252 
 -0.115831 0.077042 -0.024544 
 0.136109 -0.241627 -0.119141 
 0.046020 0.316704 -0.134016 
 -0.101745 -0.024797 -0.102909 
 -0.291490 0.016585 0.160504 
 -0.148688 0.234720 -0.056842 
 0.067574 -0.565693 0.061302 
 0.075033 -0.423394 -0.035611 
 -0.306241 0.446141 -0.041570 
 0.146847 -0.100633 -0.167430 
 -0.390006 0.513110 0.017906 
 0.117539 -0.521339 0.025267 
 -0.112723 -0.282126 -0.167540 
 -0.466874 0.543596 0.058507 
 -0.251926 -0.027516 0.117936 
 -0.413111 -0.297449 0.026071 
 -0.290996 -0.151501 0.028862 
 -0.167228 -0.179381 -0.125607 
 0.458093 0.211613 0.165986 
 -0.553092 0.661085 0.039056 
 -0.019975 -0.168079 -0.208274 
 -0.068796 0.107302 -0.097608 
 0.700980 0.265912 0.021986 
 0.430143 -0.071670 0.004557 
 0.211734 -0.676018 0.174487 
 0.720048 0.499751 0.066689 
 -0.512227 -0.045245 0.149447 
 0.539436 0.302272 0.150336 
 0.122440 -0.374845 -0.044330 
 -0.041860 0.002849 -0.143244 
 -0.162073 0.450136 -0.062682 
 0.211494 -0.313892 -0.041409 
 0.508323 0.079615 0.108976 
 -0.032066 -0.260719 -0.153850 
 -0.268312 0.147745 0.206197 
 0.629682 0.310609 0.048780 
 0.617779 0.323982 0.053695 
 0.370540 0.085489 0.042655 
 0.798014 0.358370 -0.023900 
 0.431090 -0.276326 0.040930 
 -0.418529 -0.089432 0.114444 
 -0.328790 0.199594 0.305665 
 -0.195264 0.189808 0.164156 
 0.162841 -0.685681 0.151474 
 0.588676 0.130322 0.113785 
 0.119503 -0.711709 0.174190 
 0.516955 0.152061 0.135779 
 -0.116659 0.074946 -0.024544 
 0.180555 0.223023 -0.138609 
 -0.028658 -0.118709 -0.224013 
 0.866091 0.421191 -0.014616 
 -0.212376 -0.228847 -0.117068 
 -0.488150 -0.044235 0.142141 
 -0.359696 -0.305310 -0.004962 
 -0.323929 -0.501291 -0.002350 
 -0.159761 0.179170 0.150387 
 -0.508240 0.734259 0.033476 
 0.456755 0.261020 0.172109 
 0.351019 -0.325128 0.035964 
 -0.324709 0.238739 0.283698 
 -0.025038 -0.392139 -0.085943 
 0.516246 0.301231 0.158212 
 -0.225761 -0.011888 0.086579 
 -0.113754 0.074946 -0.024544 
 0.025042 0.315677 -0.126824 
 -0.110425 -0.578826 0.005232 
 0.015029 -0.195169 -0.186071 
 0.072200 -0.014644 -0.180690 
 -0.286232 -0.430585 -0.068252 
 -0.052183 -0.220869 -0.167416 
 0.327449 -0.219955 -0.006692 
 -0.168597 -0.385537 -0.125234 
 -0.138830 0.074112 -0.017286 
 0.374542 -0.401141 0.117352 
 -0.316201 0.072521 0.211968 
 -0.608322 0.730652 0.028580 
 -0.112034 0.381334 -0.074900 
 -0.139307 -0.005736 -0.063597 
 -0.052542 -0.516375 -0.005666 
 -0.268673 0.355061 -0.087832 
 0.529066 0.115289 0.131450 
 -0.045244 0.109333 -0.104819 
 0.225022 -0.005130 -0.155939 
 -0.042537 0.146251 -0.125707 
 -0.465056 -0.044689 0.134835 
 -0.106020 0.222465 -0.047491 
 -0.564559 0.671915 0.044080 
 -0.317922 0.457469 -0.037949 
 0.431193 0.050922 0.019555 
 -0.023885 0.275903 -0.091516 
 0.540350 0.251749 0.144213 
 -0.291313 0.355250 -0.082315 
 0.082749 0.165619 -0.163804 
 0.453907 -0.152065 0.048645 
 -0.071004 0.164305 -0.064952 
 0.455467 0.161889 0.159864 
 0.235176 -0.224344 -0.063143 
 -0.184992 -0.150915 -0.066998 
 -0.287194 0.552045 -0.010039 
 -0.306475 -0.124404 0.098820 
 0.539721 0.327133 0.153397 
 0.393010 -0.201355 0.025543 
 0.830266 0.481327 0.005418 
 -0.263020 0.553038 -0.017222 
 0.853954 0.480887 -0.002495 
 0.125993 0.199077 -0.148648 
 0.248682 0.190620 -0.041256 
 -0.356262 0.596057 0.017348 
 -0.139426 0.474809 -0.066946 
 0.512767 -0.013581 0.046665 
 -0.247466 0.115821 0.157747 
 -0.298004 -0.346819 -0.054352 
 -0.161714 -0.537205 -0.022492 
 -0.287870 0.575752 -0.005987 
 0.104351 -0.108008 -0.179535 
 0.027040 0.102062 -0.153130 
 0.310943 -0.315123 0.037990 
 -0.230464 0.471550 -0.039278 
 0.582423 0.287342 0.060694 
 0.360228 -0.221490 0.008633 
 -0.089470 0.429678 -0.076247 
 0.676354 0.462275 0.051596 
 -0.301792 -0.434398 -0.039288 
 -0.477740 0.554969 0.063564 
 -0.065107 -0.649329 0.117807 
 0.019941 -0.422235 -0.042425 
 0.819740 0.433237 -0.022265 
 -0.315595 0.070839 0.211968 
 -0.182390 -0.159492 -0.093787 
 -0.212391 -0.006793 0.046530 
 -0.256846 0.209240 0.210010 
 -0.162073 0.449827 -0.062682 
 -0.346965 -0.031587 0.258668 
 0.478843 -0.101683 0.047245 
 0.315607 -0.127159 -0.051869 
 -0.441334 -0.162781 0.111465 
 -0.268288 -0.314417 -0.109445 
 -0.068433 0.178705 -0.089773 
 -0.530767 0.709238 0.037738 
 -0.088116 -0.122308 -0.180959 
 -0.022981 -0.602156 0.059817 
 0.061396 -0.667145 0.136440 
 -0.051186 -0.142586 -0.219907 
 -0.150074 0.321009 -0.082329 
 -0.085138 -0.470843 -0.051581 
 0.012162 0.048973 -0.130174 
 -0.417535 -0.218147 0.061436 
 0.665784 0.414233 0.024691 
 -0.127764 0.062466 -0.022390 
 0.054582 -0.384669 -0.048947 
 -0.317068 0.646630 -0.013241 
 -0.310179 0.479930 -0.011519 
 0.183136 0.142065 -0.173758 
 0.396255 -0.134506 0.008056 
 -0.117532 0.233897 -0.042450 
 -0.152532 0.070708 0.011755 
 0.619524 0.361584 0.033544 
 -0.288929 0.234395 0.198270 
 0.417967 -0.108961 0.003646 
 -0.204423 0.463356 -0.072353 
 -0.264416 0.529330 -0.020141 
 0.148466 0.223874 -0.153789 
 -0.366771 -0.368967 0.002205 
 0.104222 -0.744230 0.200103 
 -0.450527 -0.024023 0.182284 
 -0.390207 0.077492 0.261368 
 -0.173735 0.509593 -0.051640 
 -0.317922 0.457469 -0.036523 
 0.138901 0.187674 -0.153719 
 0.853954 0.483284 -0.002495 
 -0.454406 0.640689 0.029745 
 0.155323 -0.443715 -0.000918 
 -0.109664 -0.117550 -0.136322 
 0.014089 -0.130824 -0.214653 
 0.158967 -0.087651 -0.169576 
 -0.217510 0.426456 -0.073138 
 -0.090717 0.058902 -0.096258 
 0.085184 -0.471172 0.019011 
 0.019941 -0.423887 -0.040561 
 -0.062674 -0.106797 -0.211843 
 -0.013378 -0.379627 -0.088103 
 -0.225806 0.012730 0.089555 
 0.459892 0.127137 0.129053 
 -0.136694 0.155133 0.140019 
 0.276953 -0.083257 -0.107863 
 0.471030 0.289591 0.146202 
 -0.176449 0.578355 0.019005 
 -0.254697 0.565388 -0.019354 
 -0.090640 -0.209663 -0.165966 
 -0.522893 0.590429 0.044774 
 -0.280306 0.004944 0.155327 
 0.094200 0.152521 -0.168756 
 0.745471 0.525524 0.061468 
 -0.127273 0.062466 -0.022003 
 0.126479 0.103872 -0.160370 
 -0.447781 -0.263018 0.039686 
 -0.487746 -0.141704 0.130265 
 0.473623 -0.256733 0.078467 
 0.713802 0.416294 0.008132 
 -0.051073 -0.245628 -0.170339 
 0.006695 -0.519308 0.012181 
 -0.156468 -0.599433 0.054586 
 0.591874 0.357127 0.091159 
 0.419305 -0.290424 0.043149 
 -0.222697 0.116838 0.150385 
 -0.023400 -0.285499 -0.135240 
 -0.144359 -0.232636 -0.175744 
 -0.367193 0.177821 0.267207 
 -0.343018 0.032172 0.240525 
 0.115751 0.020070 -0.167022 
 -0.202970 0.086268 0.091160 
 0.594022 0.029747 0.112003 
 0.568009 0.381703 0.101872 
 -0.234781 -0.555898 0.022772 
 -0.100357 0.322112 -0.085406 
 -0.158925 -0.016880 -0.083415 
 -0.105097 -0.619414 0.085122 
 0.350889 0.040645 -0.006185 
 -0.033784 0.358708 -0.077654 
 -0.530655 0.685808 0.034814 
 -0.438847 -0.242105 0.065756 
 -0.579531 0.684006 0.039377 
 0.520884 -0.179478 0.073157 
 0.394195 0.061774 0.032208 
 0.138469 -0.026535 -0.180095 
 0.071862 0.056572 -0.174462 
 0.532744 -0.003272 0.065732 
 0.431090 -0.275239 0.040930 
 0.494955 0.265090 0.134608 
 -0.245535 0.091521 0.154755 
 0.772697 0.455260 -0.004321 
 0.104835 -0.238945 -0.133325 
 0.192630 -0.598913 0.102832 
 0.057069 0.216909 -0.124083 
 -0.140041 0.263134 0.179062 
 -0.312998 0.251511 0.281926 
 0.568127 0.357204 0.098654 
 0.124887 -0.149359 -0.164113 
 -0.133524 -0.109897 -0.102349 
 -0.287870 0.574953 -0.007120 
 0.006813 -0.519308 0.011901 
 -0.120498 -0.622532 0.114130 
 -0.398903 -0.135269 0.090438 
 -0.196069 0.214139 0.165939 
 0.148555 0.081068 -0.170513 
 0.072101 -0.441498 -0.011621 
 -0.020424 0.288984 -0.115362 
 -0.393905 -0.335575 0.039371 
 0.156070 -0.335526 -0.050869 
 -0.292346 0.171117 0.216591 
 -0.026575 0.381075 -0.053828 
 0.533152 0.218145 0.093145 
 0.170548 0.082064 -0.177724 
 -0.336388 -0.232531 -0.003373 
 -0.087272 -0.553060 0.000873 
 0.155323 -0.443715 -0.001568 
 -0.291512 -0.032015 0.155275 
 0.354759 -0.017400 -0.038006 
 -0.062378 -0.107706 -0.211843 
 -0.192551 -0.321161 -0.145835 
 -0.117532 0.233897 -0.042168 
 -0.079941 -0.722488 0.175318 
 0.545084 0.209539 0.087874 
 0.455165 -0.176739 0.045607 
 0.093096 -0.147534 -0.180916 
 0.603925 0.321326 0.082843 
 -0.299293 -0.021593 0.170653 
 0.161109 -0.257096 -0.092515 
 -0.063010 -0.038079 -0.203132 
 -0.338239 -0.177531 0.040401 
 -0.337699 -0.232531 -0.003373 
 0.247050 -0.637018 0.167027 
 -0.519898 0.697941 0.032693 
 0.296436 -0.202432 -0.042802 
 -0.226682 -0.184114 -0.082295 
 0.433005 0.235854 0.176580 
 0.445247 0.223523 0.171283 
 -0.432431 0.665325 0.026177 
 0.225530 -0.260123 -0.063947 
 -0.235125 -0.537601 -0.011924 
 -0.287772 -0.008918 0.167650 
 -0.273199 0.459449 -0.050860 
 -0.375891 0.585042 -0.002609 
 0.099386 -0.611702 0.106099 
 -0.127048 -0.522302 -0.031966 
 -0.029394 -0.220895 -0.174171 
 0.160513 0.093997 -0.172653 
 0.614583 0.146285 0.084774 
 -0.081981 -0.453288 -0.075143 
 -0.304523 0.207548 0.224792 
 -0.514268 -0.187711 0.120629 
 0.580683 0.345116 0.093384 
 -0.304523 0.207526 0.224792 
 -0.112202 0.333485 -0.080746 
 -0.272775 -0.258682 -0.076664 
 0.045012 0.278892 -0.113151 
 0.000681 0.063538 -0.125103 
 0.419247 -0.215301 0.052264 
 -0.238182 -0.299439 -0.128532 
 -0.225179 -0.043420 0.045731 
 0.338242 0.021137 -0.041280 
 -0.530767 0.709238 0.037369 
 0.417429 0.105979 0.091760 
 -0.052684 -0.245628 -0.170339 
 0.292125 -0.366375 0.050061 
 0.089378 0.266753 -0.103811 
 -0.163766 0.565987 0.013921 
 -0.116107 0.190974 0.162661 
 0.119503 -0.712990 0.174750 
 -0.257864 0.209240 0.210010 
 0.678419 0.401482 0.019447 
 0.567891 0.404819 0.104746 
 0.160146 -0.596979 0.088928 
 0.374933 -0.250869 0.037598 
 -0.257657 0.367346 -0.091581 
 0.192630 -0.599606 0.103045 
 -0.474436 0.605585 0.006788 
 -0.127273 0.061913 -0.022390 
 -0.331380 0.044848 0.238326 
 -0.291078 -0.314131 -0.102124 
 0.002929 0.172989 -0.137169 
 0.354766 -0.521842 0.146829 
 -0.336495 -0.441745 0.007868 
 0.604395 0.223043 0.070660 
 0.275209 -0.376394 0.041595 
 -0.632702 0.716024 0.071324 
 -0.170422 0.357501 -0.096200 
 -0.184720 0.426812 -0.058418 
 -0.401772 0.041776 0.260206 
 -0.202893 -0.632992 0.175897 
 0.229061 0.096456 -0.194178 
 -0.205536 -0.262389 -0.135889 
 -0.150750 0.462764 -0.064814 
 -0.328185 -0.517553 0.020744 
 -0.384029 -0.060385 0.180979 
 -0.056839 0.143502 -0.096078 
 0.271073 -0.567426 0.131351 
 0.005021 -0.059797 -0.227471 
 -0.090555 -0.403113 -0.090799 
 -0.149961 0.297054 -0.085248 
 0.575974 0.291402 0.136178 
 -0.019792 -0.168079 -0.206922 
 -0.022981 -0.601868 0.060693 
 -0.050415 0.380075 -0.045737 
 -0.564335 0.626204 0.038273 
 -0.108762 -0.307459 -0.157534 
 0.736336 0.304250 0.013619 
 -0.459646 -0.251541 0.045988 
 -0.080389 -0.349220 -0.124510 
 0.001508 -0.143443 -0.212527 
 0.463103 -0.046408 0.021359 
 0.036566 -0.082846 -0.215995 
 -0.128863 0.104035 0.045228 
 -0.131528 -0.692398 0.220405 
 -0.211032 -0.371312 -0.134606 
 -0.133109 -0.598415 0.047724 
 -0.280137 0.029381 0.158319 
 -0.106020 0.222465 -0.046265 
 -0.510780 -0.165810 0.135171 
 0.350785 -0.277499 0.042025 
 0.194844 0.081439 -0.184935 
 0.182821 -0.063339 -0.173868 
 -0.158761 -0.189281 -0.141497 
 0.014201 -0.154494 -0.217565 
 -0.319191 -0.040236 0.223581 
 -0.217649 -0.619235 0.170757 
 -0.133109 -0.598130 0.047146 
 -0.187400 0.154815 0.142747 
 -0.219644 -0.526941 -0.002077 
 0.606030 0.017822 0.107669 
 0.665272 0.301015 0.036047 
 0.037170 0.161905 -0.148973 
 -0.173158 0.036503 -0.008129 
 -0.098890 0.013510 -0.122625 
 -0.309595 -0.333584 -0.049268 
 0.172626 -0.245530 -0.094285 
 -0.545705 0.611368 0.055490 
 0.025495 -0.142453 -0.220875 
 -0.354931 0.068280 0.249661 
 0.796676 0.382982 -0.020495 
 -0.341401 -0.113208 0.111296 
 0.249156 0.190620 -0.042020 
 0.395035 -0.315032 0.047587 
 0.094200 0.152521 -0.169137 
 0.452092 -0.218905 0.066075 
 -0.226460 -0.011445 0.086579 
 0.110099 0.253558 -0.087287 
 0.149145 0.081068 -0.172080 
 -0.253675 0.564422 -0.019354 
 -0.123710 0.439858 -0.063996 
 0.083087 0.092677 -0.172203 
 0.066342 -0.625589 0.115794 
 -0.012052 0.018684 -0.163237 
 -0.137320 0.247119 -0.058557 
 -0.318821 0.647176 -0.013241 
 -0.428963 -0.325671 0.051766 
 -0.293519 0.387524 -0.052430 
 -0.344569 -0.198612 0.016203 
 -0.276729 0.125414 0.182155 
 0.011823 0.121275 -0.121383 
 -0.476306 -0.104013 0.131066 
 -0.302556 -0.132610 0.072648 
 0.362541 -0.263690 0.041606 
 -0.302473 -0.195773 -0.009828 
 -0.186376 -0.453315 -0.079197 
 -0.279937 0.342776 -0.086449 
 -0.226786 0.390119 -0.073923 
 -0.191634 0.042378 0.045877 
 -0.336415 -0.304308 -0.011871 
 0.001193 -0.327308 -0.110985 
 -0.030623 0.158924 -0.127842 
 -0.155653 -0.244807 -0.174023 
 -0.276980 -0.457322 -0.049483 
 0.025495 -0.142453 -0.220403 
 0.214957 -0.273835 -0.061768 
 -0.249710 0.436794 -0.060900 
 0.640075 0.211652 0.058591 
 -0.408548 0.747860 0.065370 
 0.612544 0.130597 0.106309 
 0.442252 -0.328994 0.056116 
 0.757403 0.512614 0.056969 
 -0.305806 -0.367282 -0.078716 
 -0.158586 -0.087092 -0.092475 
 0.853954 0.482360 -0.002514 
 0.650715 0.470317 0.086128 
 0.270744 0.063307 -0.100766 
 0.095215 -0.061487 -0.195168 
 0.471973 0.088368 0.121774 
 0.770988 0.491082 0.025533 
 -0.343018 0.032108 0.241180 
 -0.054214 0.206825 -0.114803 
 -0.181415 -0.285104 -0.145991 
 0.339130 -0.207215 -0.007502 
 0.339130 -0.207215 -0.009107 
 0.605642 0.385152 0.066454 
 0.593503 0.396973 0.070628 
 0.527446 0.239597 0.146449 
 -0.132792 -0.046238 -0.120320 
 -0.184833 0.449309 -0.055499 
 -0.245499 -0.313423 -0.116596 
 -0.294777 -0.283480 -0.072731 
 -0.208012 -0.538493 -0.009102 
 -0.106994 0.128272 0.040891 
 -0.253562 0.542370 -0.022273 
 -0.497088 0.769676 0.033807 
 -0.246035 0.221490 0.207817 
 0.040187 -0.436209 -0.026088 
 0.250605 -0.068416 -0.134827 
 -0.107223 0.177384 0.047754 
 -0.030034 -0.220895 -0.174608 
 -0.378924 -0.283966 0.016158 
 -0.230415 0.599589 0.014415 
 0.111403 -0.429564 -0.010317 
 -0.113812 -0.045051 -0.138349 
 -0.612565 0.670752 0.047217 
 -0.214182 -0.410178 -0.113742 
 0.441059 -0.230047 0.068299 
 -0.307415 0.635229 -0.018278 
 -0.358102 0.182676 0.214548 
 -0.076598 -0.158731 -0.188012 
 0.037283 0.137419 -0.152342 
 -0.397037 -0.041824 0.224321 
 -0.293156 -0.576305 0.150424 
 -0.300870 -0.499092 -0.010442 
 0.474429 0.081156 0.095130 
 0.183363 0.093063 -0.179864 
 0.761292 0.370136 -0.011199 
 -0.042645 -0.169069 -0.201110 
 0.614709 0.040492 0.131256 
 -0.294885 0.388347 -0.052430 
 -0.202701 -0.421926 -0.118813 
 -0.150273 0.061338 -0.015131 
 0.452092 -0.217160 0.064788 
 0.306551 0.045316 -0.052346 
 0.056339 -0.002045 -0.188707 
 -0.355215 -0.380038 -0.002900 
 0.438038 0.159883 0.178247 
 -0.000107 0.007327 -0.168426 
 -0.291190 -0.291672 -0.099360 
 0.712648 0.302322 0.021095 
 -0.206632 -0.096765 -0.016158 
 -0.179826 -0.601236 0.061890 
 -0.034555 0.262438 -0.089376 
 0.417429 0.105468 0.089632 
 0.068972 -0.356834 -0.074768 
 0.017428 -0.633475 0.093253 
 -0.158812 -0.037525 -0.086346 
 -0.270778 -0.377688 -0.091317 
 -0.046488 0.370111 -0.072923 
 -0.271806 -0.117682 0.051872 
 0.352459 -0.130111 -0.027210 
 0.190966 -0.089223 -0.155376 
 0.113249 0.277330 -0.073533 
 -0.463745 -0.012411 0.187014 
 -0.102414 -0.127531 -0.151334 
 -0.252915 -0.122729 -0.003045 
 0.160146 -0.596782 0.088156 
 0.630033 0.238569 0.039666 
 -0.053367 -0.636409 0.115597 
 0.047969 -0.093086 -0.221033 
 -0.295049 -0.087008 0.099623 
 -0.355168 0.019368 0.242725 
 -0.375784 -0.133727 0.082780 
 0.047831 0.316722 -0.134016 
 0.002492 0.029852 -0.154707 
 0.340673 -0.464857 0.120998 
 -0.425963 -0.262015 0.033626 
 0.145252 -0.626415 0.114911 
 0.000497 -0.601132 0.053829 
 -0.224439 0.116838 0.150385 
 -0.233942 0.128253 0.155562 
 -0.211032 -0.371279 -0.133692 
 0.760024 0.305656 0.006143 
 -0.266861 -0.361894 -0.115163 
 -0.306291 0.398318 -0.047392 
 0.692226 0.366039 0.011173 
 0.088160 -0.454914 -0.005992 
 0.156885 0.240865 -0.067269 
 0.159361 0.254688 -0.091000 
 0.053833 -0.239426 -0.129795 
 0.194544 0.059260 -0.187866 
 0.204445 -0.014613 -0.174440 
 -0.045470 0.155901 -0.099172 
 -0.249261 0.340399 -0.072581 
 -0.390006 0.512017 0.017799 
 -0.121228 -0.081426 -0.128301 
 0.203652 0.152863 -0.154654 
 0.159642 0.164870 -0.163861 
 0.530961 0.204437 0.116730 
 0.270778 -0.057865 -0.115592 
 -0.283308 -0.130227 0.054087 
 0.102994 0.173870 -0.144367 
 -0.287280 -0.065395 0.124475 
 -0.238337 -0.055965 0.047896 
 -0.126194 -0.398984 -0.115926 
 -0.283522 -0.247280 -0.071077 
 -0.464251 0.665035 0.010475 
 -0.171054 0.357501 -0.096200 
 0.348476 -0.341772 0.058915 
 0.149371 0.033466 -0.176491 
 -0.406818 -0.100984 0.109148 
 -0.177017 -0.334180 -0.141506 
 0.115640 -0.226465 -0.135140 
 -0.158687 0.393137 -0.095415 
 -0.324010 0.091494 0.266334 
 0.125956 0.150018 -0.154509 
 0.033580 -0.004228 -0.180661 
 -0.329215 0.443985 -0.034405 
 0.336691 -0.354626 0.062541 
 -0.292860 -0.544276 0.043066 
 -0.295043 -0.087008 0.100476 
 -0.290550 -0.511792 -0.015559 
 0.079703 0.197084 -0.134225 
 -0.028227 -0.070851 -0.218205 
 0.665107 0.301374 0.036047 
 -0.331076 -0.028520 0.229292 
 0.343564 -0.448438 0.095619 
 -0.295248 -0.283480 -0.072383 
 -0.079941 -0.722833 0.174295 
 -0.328656 -0.368278 -0.070399 
 -0.374727 0.467519 -0.017166 
 0.854885 0.507035 0.000544 
 0.147581 -0.227900 -0.121301 
 0.338242 0.018759 -0.041280 
 -0.215789 0.497391 -0.064404 
 0.126409 0.056270 -0.165508 
 0.492615 0.252114 0.159279 
 0.006994 -0.394968 -0.071712 
 -0.077426 -0.333516 -0.148834 
 -0.006018 -0.117029 -0.229601 
 -0.386470 0.549079 -0.003146 
 -0.419166 -0.089432 0.114285 
 -0.277192 0.222739 0.193162 
 -0.405492 -0.324665 0.045150 
 -0.532882 -0.077992 0.115569 
 -0.149961 0.297218 -0.083497 
 -0.110228 0.001406 -0.121667 
 0.326753 -0.114404 -0.054055 
 -0.018203 -0.208529 -0.176743 
 -0.224223 -0.264952 -0.117856 
 0.108602 -0.470992 0.009847 
 0.553407 0.016883 0.113592 
 -0.006120 -0.489215 -0.017369 
 0.703427 0.428085 0.015020 
 0.495606 -0.296490 0.091932 
 0.075033 -0.425006 -0.035611 
 -0.211596 -0.252454 -0.119991 
 -0.609365 0.730652 0.028580 
 0.186450 -0.529846 0.063920 
 -0.499493 -0.105300 0.138371 
 -0.250048 0.507729 -0.051317 
 0.175669 0.299329 -0.041928 
 -0.436112 0.723399 0.058544 
 0.115041 0.043516 -0.164091 
 -0.196043 0.415849 -0.056286 
 -0.233160 -0.455318 -0.063981 
 0.665406 0.301374 0.036047 
 -0.088228 -0.100113 -0.178420 
 0.544221 -0.080023 0.077625 
 -0.081981 -0.453688 -0.075143 
 0.180629 0.175296 -0.144169 
 -0.097001 0.077061 -0.043580 
 -0.273375 -0.592838 0.166946 
 -0.103103 0.259950 -0.067742 
 0.700862 0.290587 0.022806 
 0.009468 0.280276 -0.138448 
 0.106785 -0.001284 -0.191457 
 -0.203974 0.365864 -0.083998 
 0.365417 -0.029056 -0.043947 
 0.083716 -0.727717 0.183971 
 0.217251 -0.463746 0.049621 
 -0.105097 -0.617968 0.085921 
 0.208648 -0.126624 -0.152715 
 -0.208634 -0.496262 -0.039299 
 0.806578 0.480294 0.011997 
 -0.135850 -0.062295 -0.097594 
 -0.354180 -0.101626 0.116447 
 0.148919 0.129034 -0.164651 
 -0.436338 -0.251945 0.038730 
 -0.037160 -0.380632 -0.080826 
 -0.237521 -0.299439 -0.129493 
 0.088230 -0.225961 -0.140959 
 -0.003632 -0.449074 -0.038077 
 -0.008522 0.183656 -0.130858 
 -0.387032 0.667305 0.010767 
 -0.288454 0.480922 -0.018796 
 -0.300434 0.197389 0.198381 
 -0.337140 -0.177531 0.040401 
 -0.332675 0.550060 0.004327 
 -0.079914 0.190108 -0.082545 
 -0.453195 -0.103003 0.123341 
 -0.257155 0.101988 0.159933 
 -0.242209 -0.583046 0.107800 
 -0.486651 0.781961 0.032138 
 -0.260560 -0.270085 -0.081482 
 -0.195588 -0.084081 -0.018313 
 -0.512038 0.757619 0.025693 
 -0.105293 0.181572 0.157463 
 0.060523 0.044206 -0.173703 
 -0.265140 0.138089 0.179068 
 -0.329684 -0.125075 0.106145 
 0.456873 0.236149 0.169048 
 0.072829 -0.549148 0.037075 
 -0.234048 -0.322470 -0.121567 
 -0.065922 0.216779 -0.109745 
 -0.307035 0.375206 -0.050304 
 0.170166 -0.284343 -0.072909 
 0.077941 -0.385093 -0.056272 
 -0.353871 0.019368 0.242725 
 -0.364824 0.006628 0.244924 
 -0.511420 0.626392 0.046199 
 -0.292039 0.354074 -0.082315 
 -0.365222 -0.367314 0.002205 
 0.124637 -0.253169 -0.116981 
 0.141123 -0.643258 0.138416 
 0.296607 -0.024934 -0.082799 
 0.022053 -0.237377 -0.143824 
 0.158619 -0.296936 -0.070334 
 -0.197351 -0.550044 -0.013017 
 0.556899 0.220396 0.085529 
 -0.053311 0.014612 -0.138187 
 -0.253502 0.248089 0.188863 
 0.545084 0.207510 0.087527 
 -0.421678 -0.208523 0.089847 
 -0.214182 -0.410898 -0.112226 
 0.158967 -0.088201 -0.171190 
 -0.223203 -0.241213 -0.114933 
 -0.199996 0.600284 0.029174 
 0.201812 -0.368491 -0.008483 
 -0.046149 0.298988 -0.081374 
 -0.084949 0.169803 0.001500 
 -0.325328 -0.220067 -0.006756 
 -0.181509 0.487054 -0.076606 
 0.060072 0.139161 -0.160007 
 0.059263 -0.082529 -0.223159 
 -0.363658 0.526424 -0.014171 
 -0.287367 -0.191207 -0.038517 
 -0.347103 -0.478277 0.005962 
 -0.150975 0.508860 -0.058976 
 -0.008973 0.279395 -0.120419 
 -0.014938 -0.314209 -0.116647 
 0.048959 0.079317 -0.161590 
 -0.289398 -0.486286 -0.012602 
 -0.211572 -0.555760 0.015940 
 -0.176768 -0.059780 -0.033496 
 -0.383739 -0.179543 0.054956 
 -0.045470 0.155901 -0.098735 
 -0.292408 0.122330 0.211029 
 -0.214922 -0.590039 0.074446 
 -0.028489 -0.118016 -0.224013 
 -0.465811 -0.212016 0.114052 
 -0.178577 -0.198654 -0.161201 
 0.025045 -0.048393 -0.208046 
 -0.000717 -0.238376 -0.137193 
 -0.336528 -0.280382 -0.008597 
 -0.276547 0.587182 -0.009252 
 0.239247 -0.104351 -0.134547 
 -0.269680 -0.551767 0.146025 
 -0.068433 0.179055 -0.088816 
 -0.158135 -0.110893 -0.095138 
 -0.309340 -0.335386 -0.049268 
 -0.202893 -0.632992 0.176266 
 0.132813 -0.362219 -0.046510 
 0.492970 0.175612 0.150095 
 0.702281 0.354248 0.005488 
 0.342473 -0.464857 0.120998 
 -0.245779 0.164956 0.163732 
 -0.085132 -0.633662 0.100822 
 0.108602 -0.469282 0.009847 
 -0.260508 0.023299 0.102031 
 0.327900 -0.326766 0.043421 
 -0.024615 0.267117 -0.129296 
 -0.085132 -0.632001 0.101477 
 0.213576 -0.273835 -0.061768 
 0.650715 0.472514 0.086128 
 -0.324861 0.067109 0.263315 
 -0.171789 0.166306 0.152575 
 0.661864 0.262162 0.056491 
 -0.410156 -0.195977 0.086312 
 -0.054327 0.229146 -0.111213 
 0.364485 -0.029056 -0.043947 
 0.469102 0.174841 0.157544 
 -0.238304 0.425060 -0.065974 
 0.458136 -0.087284 0.031196 
 0.228875 -0.427103 0.050437 
 0.674269 0.200838 0.045129 
 0.376263 -0.080303 -0.028594 
 0.014155 0.210899 -0.136381 
 0.084213 -0.641372 0.131991 
 -0.059748 0.128141 -0.072974 
 -0.313772 -0.057332 0.158891 
 0.234233 -0.370318 0.006285 
 -0.275969 -0.180376 -0.041015 
 0.469102 0.174585 0.157628 
 -0.152207 -0.620016 0.099942 
 -0.488205 -0.043130 0.142141 
 0.689077 0.276008 0.025533 
 0.260145 -0.199092 -0.068048 
 0.137890 0.044868 -0.170693 
 -0.241455 0.057483 0.124709 
 0.337628 -0.004544 -0.044272 
 -0.162425 0.025026 -0.015927 
 0.264097 -0.389199 0.043207 
 -0.280873 0.160988 0.211394 
 -0.257274 0.296598 -0.100293 
 0.736218 0.329347 0.016657 
 -0.040370 -0.036349 -0.210277 
 -0.306291 0.400471 -0.047392 
 0.516955 0.152061 0.139467 
 -0.074350 0.125914 -0.044023 
 0.394781 -0.265683 0.053663 
 -0.224001 0.165439 0.156369 
 0.139537 -0.581778 0.072774 
 0.077790 -0.385093 -0.058123 
 -0.301515 -0.290843 -0.021612 
 0.619641 0.338336 0.030074 
 -0.233061 0.518965 -0.032375 
 -0.071146 0.117048 -0.070828 
 -0.447667 -0.288344 0.037934 
 0.171931 -0.583928 0.087446 
 0.327449 -0.219873 -0.005287 
 -0.192568 0.356689 -0.089036 
 0.663588 0.261802 0.056491 
 -0.303119 -0.044674 0.155561 
 -0.230590 0.248307 0.181491 
 -0.331766 0.634312 -0.011114 
 -0.171651 0.257525 -0.046031 
 0.134583 0.221120 -0.124148 
 -0.203719 -0.208461 -0.092437 
 0.485468 -0.243814 0.076727 
 -0.286232 -0.429841 -0.067597 
 0.772931 0.406564 -0.010917 
 -0.313521 -0.207603 -0.007676 
 -0.149302 -0.065894 -0.067559 
 0.337783 -0.354626 0.061720 
 0.329087 -0.502670 0.118884 
 -0.331221 0.020392 0.235834 
 0.542924 0.192531 0.111446 
 -0.503224 -0.078719 0.130324 
 0.760331 0.442967 -0.002107 
 -0.489349 0.698317 0.049360 
 -0.349425 0.669972 -0.024294 
 -0.165882 -0.512235 -0.030332 
 0.582423 0.286182 0.060694 
 -0.199360 0.076893 0.065781 
 0.103523 -0.319903 -0.080820 
 0.256809 -0.452918 0.050640 
 0.109689 -0.640337 0.124025 
 0.631136 0.312162 0.048780 
 -0.387878 -0.092638 0.128922 
 -0.040013 -0.059553 -0.213181 
 -0.276070 -0.004690 0.128264 
 0.079918 0.220922 -0.131294 
 -0.006043 -0.117029 -0.231158 
 -0.035732 -0.299533 -0.133094 
 -0.366494 -0.367314 0.002205 
 -0.071260 0.141709 -0.067890 
 0.568832 0.208545 0.080824 
 0.570702 0.371265 0.075066 
 -0.225991 0.036905 0.093660 
 -0.215536 -0.276195 -0.133757 
 -0.188334 -0.118353 -0.037236 
 0.451974 -0.193012 0.069121 
 -0.466480 -0.234621 0.100105 
 -0.194264 0.189808 0.162943 
 -0.262763 -0.471912 -0.043734 
 0.563982 0.303987 0.142803 
 0.365686 -0.004725 -0.040951 
 0.163048 -0.556527 0.068347 
 -0.270036 -0.401489 -0.094248 
 -0.248963 -0.210084 -0.078014 
 -0.542255 0.742575 0.045646 
 0.393633 0.061642 0.032208 
 -0.464941 -0.067338 0.131790 
 -0.302556 -0.133113 0.071817 
 -0.466649 0.699307 0.038549 
 0.489548 -0.113503 0.041456 
 0.454309 -0.176739 0.045675 
 -0.333127 -0.186132 0.013031 
 0.018316 -0.506158 0.009713 
 0.303997 -0.377021 0.043609 
 0.211304 -0.313892 -0.041178 
 -0.158575 0.371341 -0.098327 
 0.210045 -0.479591 0.062524 
 -0.215536 -0.274739 -0.134375 
 0.037617 0.019473 -0.166957 
 -0.099339 0.190902 0.033769 
 0.305001 -0.229729 -0.024443 
 0.137664 0.092948 -0.165441 
 -0.176540 -0.105358 -0.039388 
 -0.390340 -0.248532 0.024894 
 0.103231 -0.698756 0.168775 
 0.032998 -0.411293 -0.044599 
 -0.046149 0.297554 -0.081374 
 -0.155712 -0.167015 -0.127742 
 0.499470 0.022723 0.054960 
 0.457346 0.137028 0.156870 
 0.057910 0.267490 -0.118222 
 0.091557 0.323544 -0.060375 
 -0.301054 0.214478 0.274000 
 0.563982 0.303313 0.142245 
 -0.006120 -0.488770 -0.017369 
 -0.233520 -0.112957 0.014406 
 -0.155048 -0.522032 -0.035462 
 0.405184 -0.342916 0.066912 
 0.023872 -0.277464 -0.112344 
 -0.410176 -0.194525 0.086312 
 0.357806 -0.369724 0.077197 
 0.002704 0.220362 -0.131323 
 -0.382091 -0.395717 0.028487 
 0.690408 0.366039 0.009963 
 0.114898 0.067673 -0.161161 
 -0.266757 -0.510786 -0.022837 
 -0.500236 0.638709 0.044073 
 -0.168722 0.357501 -0.096200 
 0.565281 0.028700 0.109130 
 -0.324760 -0.339696 -0.021250 
 0.223705 0.231545 -0.065417 
 -0.138638 0.309770 -0.087380 
 -0.131261 -0.496941 -0.040809 
 -0.040482 -0.012388 -0.207774 
 -0.268877 0.114804 0.164576 
 -0.257386 0.151763 0.167110 
 0.274324 -0.525951 0.110830 
 0.677278 0.437600 0.049019 
 0.013976 -0.107481 -0.211747 
 0.714036 0.367070 0.002177 
 -0.256251 -0.278312 -0.108529 
 -0.454084 0.617044 0.026833 
 -0.406783 -0.125097 0.104693 
 -0.386920 0.643060 0.008252 
 -0.203012 0.086268 0.090527 
 -0.029769 -0.635582 0.107385 
 0.655142 0.327575 0.018186 
 0.566740 0.406440 0.104746 
 0.761175 0.391765 -0.008168 
 -0.359492 0.126865 0.283482 
 -0.245548 0.115821 0.156600 
 0.469102 0.177079 0.157628 
 -0.215536 -0.274739 -0.133211 
 -0.340632 0.211370 0.312245 
 0.675873 0.175994 0.042083 
 0.566143 0.317966 0.119200 
 0.191416 0.253165 -0.076707 
 -0.424526 0.016296 0.264954 
 0.640521 0.106510 0.106342 
 -0.047636 0.322508 -0.078444 
 -0.287758 0.552045 -0.010403 
 0.468866 0.225779 0.163751 
 -0.325214 -0.243268 -0.008471 
 0.272495 -0.525951 0.110495 
 -0.077539 -0.310019 -0.145288 
 0.329087 -0.502670 0.119772 
 -0.101422 0.046305 -0.094117 
 0.094538 0.080620 -0.177631 
 -0.227169 -0.011445 0.086579 
 0.520376 0.092534 0.106746 
 -0.176449 0.577419 0.019551 
 0.796793 0.358370 -0.024099 
 -0.243166 -0.509780 -0.030177 
 -0.072764 -0.664242 0.130612 
 0.450046 0.147958 0.171248 
 0.172740 -0.140108 -0.143571 
 -0.080461 -0.197661 -0.168098 
 -0.321841 0.540004 -0.000724 
 -0.279102 -0.107488 0.067480 
 0.035324 -0.168990 -0.201094 
 -0.207602 0.282883 -0.068749 
 -0.329777 0.563377 -0.019569 
 -0.264357 -0.135209 -0.001479 
 -0.186376 -0.451962 -0.078480 
 0.295169 -0.584471 0.158050 
 -0.269895 0.355061 -0.089461 
 -0.078165 -0.600291 0.053603 
 0.160513 0.093851 -0.172653 
 -0.145985 0.092559 0.036502 
 -0.300864 -0.434398 -0.039288 
 -0.352589 0.584500 -0.009773 
 0.542359 -0.170326 0.092173 
 -0.251812 -0.440900 -0.080566 
 0.589992 0.294043 0.108632 
 0.287453 -0.046583 -0.106701 
 -0.051186 -0.142586 -0.220708 
 -0.475117 0.770664 0.027114 
 0.219815 -0.399650 0.032357 
 -0.275855 -0.202639 -0.042935 
 -0.090717 0.058530 -0.096258 
 0.298966 -0.481402 0.082811 
 -0.200033 -0.287696 -0.128421 
 0.137046 0.140072 -0.159580 
 -0.308556 0.190611 0.248984 
 0.529066 0.115289 0.132562 
 -0.087552 0.025484 -0.125936 
 -0.057831 -0.471648 -0.047215 
 -0.499263 -0.153804 0.132433 
 0.016397 -0.068876 -0.230635 
 0.196788 0.035459 -0.190797 
 0.187250 -0.397291 0.018093 
 -0.379507 -0.283966 0.016158 
 0.204692 -0.222386 -0.076100 
 -0.320502 -0.461136 -0.024112 
 -0.220907 0.531315 -0.034507 
 0.593904 0.054640 0.114815 
 0.454192 -0.149952 0.048645 
 0.181763 -0.063339 -0.173894 
 0.072087 0.009335 -0.179207 
 -0.260382 0.448121 -0.055898 
 -0.264378 -0.015993 0.123100 
 0.482993 0.276971 0.141114 
 -0.058159 0.167303 -0.093887 
 -0.530879 0.733608 0.040622 
 -0.042988 0.241604 -0.114015 
 0.627608 0.053374 0.129012 
 -0.121341 -0.057266 -0.125378 
 -0.020199 0.242506 -0.121581 
 0.145298 0.251918 -0.062731 
 0.841812 0.518856 0.005801 
 -0.054552 0.276058 -0.106034 
 -0.205969 0.152801 0.162135 
 -0.268175 -0.338132 -0.112240 
 0.617310 0.422680 0.066273 
 -0.421678 -0.208166 0.088477 
 0.555830 -0.017506 0.081158 
 -0.476688 -0.031674 0.140580 
 -0.329684 -0.126313 0.106145 
 -0.401782 -0.261012 0.025327 
 0.154005 0.298321 -0.035293 
 -0.148431 0.168603 0.145203 
 -0.179487 0.283026 -0.065014 
 -0.061109 0.415371 -0.037177 
 -0.019450 -0.144433 -0.205363 
 0.025187 -0.221926 -0.167482 
 -0.009086 0.302538 -0.117497 
 -0.183114 0.178151 0.157759 
 -0.099702 -0.696290 0.234334 
 -0.116944 0.157867 0.121741 
 -0.291743 0.016585 0.159949 
 -0.523005 0.614074 0.048141 
 0.808000 0.288056 0.075002 
 -0.439872 0.643134 0.000426 
 -0.364540 -0.090045 0.121598 
 0.327213 -0.114277 -0.054055 
 0.504254 0.312717 0.163166 
 0.104916 -0.158936 -0.185396 
 -0.574933 0.707263 0.052008 
 -0.271920 -0.092738 0.054393 
 0.213838 -0.249597 -0.059122 
 0.211452 -0.632183 0.142530 
 -0.387878 -0.091020 0.128922 
 0.114249 0.209740 -0.143577 
 0.450046 0.147958 0.172350 
 0.091112 -0.564667 0.052823 
 0.067160 -0.292039 -0.102927 
 0.808365 0.371192 -0.026113 
 -0.039791 -0.570008 0.020334 
 -0.067192 0.012098 -0.109330 
 -0.051522 -0.071838 -0.210318 
 0.013406 -0.210009 -0.162411 
 0.149783 -0.525323 0.039085 
 -0.222484 -0.359906 -0.129561 
 -0.260779 0.377186 -0.064011 
 0.604083 0.172993 0.064568 
 -0.097327 -0.295093 -0.161800 
 -0.127320 0.298211 -0.092431 
 -0.168597 -0.385104 -0.124798 
 0.229953 -0.077707 -0.154089 
 -0.288975 -0.238934 -0.044745 
 -0.196607 0.532308 -0.041400 
 0.177124 0.299329 -0.041393 
 0.085621 -0.641372 0.131991 
 0.665891 0.340397 0.015600 
 -0.024061 -0.287102 -0.135240 
 -0.097423 -0.295093 -0.161343 
 0.297114 -0.179286 -0.039806 
 -0.125952 0.259518 -0.060610 
 -0.234781 -0.555898 0.023611 
 0.060523 0.044922 -0.171226 
 0.095102 -0.037342 -0.192245 
 0.036420 0.328076 -0.128959 
 0.126409 0.056270 -0.166641 
 -0.363770 0.550069 -0.009923 
 0.065629 -0.650263 0.112038 
 -0.432544 0.688540 0.028403 
 -0.226714 0.414139 -0.071011 
 -0.351915 0.443799 -0.027241 
 -0.225683 -0.091686 0.039800 
 0.179090 0.241417 -0.074547 
 -0.291995 -0.315411 -0.102124 
 0.504254 0.313141 0.163140 
 -0.081875 0.180309 0.149371 
 0.650765 0.471907 0.086128 
 -0.245220 -0.155602 -0.023532 
 0.143853 -0.432028 0.003266 
 -0.020537 0.313768 -0.112439 
 -0.303828 0.062780 0.206771 
 0.099859 -0.213497 -0.141109 
 0.067691 -0.592189 0.057718 
 0.014201 -0.153313 -0.217565 
 -0.324873 -0.316061 -0.017309 
 0.118195 -0.036395 -0.199438 
 -0.226674 0.366848 -0.078091 
 -0.107594 0.129158 0.040891 
 0.128553 0.118404 -0.182914 
 -0.317174 -0.379763 -0.076894 
 0.218641 -0.170177 -0.099989 
 0.240940 0.029879 -0.144429 
 -0.504142 0.578176 0.062849 
 -0.034798 -0.299533 -0.131538 
 -0.067339 0.178705 -0.088816 
 -0.411414 0.747860 0.065370 
 -0.268787 -0.314417 -0.109317 
 -0.288385 0.185733 0.192432 
 0.126635 0.007316 -0.172093 
 -0.318596 0.597432 -0.019063 
 -0.204536 0.486064 -0.070085 
 -0.277423 0.271402 0.199898 
 -0.614917 0.670752 0.047217 
 -0.314324 -0.025054 0.199954 
 0.664411 0.187951 0.047353 
 -0.441678 -0.089379 0.121591 
 -0.303828 0.057908 0.206771 
 0.178035 0.275247 -0.044893 
 -0.325214 -0.242122 -0.008471 
 -0.330114 0.634312 -0.012907 
 -0.042492 -0.169069 -0.200037 
 0.014310 -0.131126 -0.214653 
 0.582724 -0.108442 0.099145 
 0.817534 0.468474 0.007200 
 -0.326666 -0.062712 0.199144 
 -0.135659 -0.306826 -0.163276 
 0.060636 0.020467 -0.173903 
 0.593974 0.347624 0.064011 
 0.354282 -0.435519 0.095219 
 -0.100921 0.440854 -0.071189 
 0.269713 -0.566565 0.131351 
 -0.171995 0.133582 0.112594 
 0.317754 -0.014772 -0.063479 
 -0.370925 -0.293848 0.000206 
 -0.389974 0.030060 0.256581 
 -0.313446 -0.304862 -0.019460 
 0.577096 0.305923 0.113916 
 0.479745 -0.061641 0.026743 
 -0.215314 -0.172887 -0.084555 
 -0.347548 0.090377 0.273763 
 0.028611 -0.451618 -0.022854 
 -0.102198 0.069606 -0.091187 
 -0.086391 0.185228 -0.033033 
 -0.170294 -0.028088 -0.080261 
 -0.245386 -0.337161 -0.118395 
 -0.002413 -0.277820 -0.115852 
 0.310943 -0.314107 0.037990 
 0.338704 -0.077589 -0.053248 
 -0.121660 -0.231504 -0.183314 
 -0.215155 0.331431 -0.084783 
 -0.265339 0.186751 0.186507 
 -0.336528 -0.280312 -0.009265 
 -0.294890 -0.259679 -0.069822 
 -0.225551 -0.423240 -0.111601 
 -0.122117 -0.567284 0.010295 
 -0.341048 -0.144889 0.070353 
 0.853954 0.480382 -0.002495 
 0.842169 0.469507 0.000731 
 0.492362 0.289889 0.138688 
 -0.046149 0.298707 -0.081315 
 0.686278 0.486422 0.076408 
 -0.045357 0.132100 -0.100715 
 -0.493157 0.659944 0.069204 
 0.127083 -0.213985 -0.137974 
 -0.165882 -0.510275 -0.030332 
 0.355106 -0.090394 -0.048309 
 -0.376138 0.537752 -0.008431 
 -0.367568 -0.199615 0.022947 
 -0.485152 0.640465 0.015751 
 0.554813 -0.042305 0.078681 
 0.351710 -0.325736 0.035964 
 -0.280491 -0.303044 -0.104259 
 -0.325665 0.435132 -0.061120 
 -0.315479 0.048127 0.209658 
 -0.176272 -0.026375 0.005466 
 0.419305 -0.288956 0.043149 
 -0.093963 0.115579 -0.063598 
 -0.005318 -0.678037 0.130625 
 0.492261 0.324475 0.168463 
 0.094313 0.128782 -0.172907 
 -0.084276 0.214565 0.180095 
 0.225114 -0.343076 -0.010720 
 -0.503224 -0.079602 0.130939 
 0.068001 -0.062140 -0.198733 
 0.271606 -0.162022 -0.066697 
 0.088160 -0.454914 -0.007324 
 0.136171 -0.111346 -0.165284 
 -0.398788 -0.159245 0.087111 
 0.239332 -0.184604 -0.084650 
 0.016397 -0.068664 -0.232496 
 -0.080215 0.080284 -0.071620 
 0.366496 -0.029056 -0.042736 
 0.568832 0.208545 0.080037 
 0.627555 0.248240 0.066210 
 -0.355784 -0.257095 0.011849 
 0.150787 0.128670 -0.164651 
 -0.429127 -0.126106 0.113485 
 -0.331337 0.042896 0.238326 
 -0.325101 -0.267918 -0.012624 
 -0.050334 -0.619863 0.091844 
 0.462966 0.025134 0.030439 
 0.393010 -0.199182 0.027635 
 -0.289284 -0.511792 -0.014596 
 -0.201833 -0.018330 0.041399 
 -0.051528 -0.558641 0.025837 
 0.115833 -0.123931 -0.184606 
 0.760527 0.442967 -0.002107 
 -0.017202 -0.208529 -0.176743 
 0.270859 0.039902 -0.103731 
 0.025382 -0.118182 -0.216780 
 -0.279790 -0.043656 0.149735 
 -0.042432 -0.169069 -0.201110 
 0.158619 -0.297513 -0.071491 
 -0.613873 0.670752 0.047217 
 -0.310630 0.573898 0.000063 
 -0.261200 0.329896 -0.070455 
 0.809314 0.420416 -0.020052 
 -0.091091 -0.113624 -0.154289 
 -0.415179 -0.313158 0.049606 
 0.516601 0.224479 0.148685 
 0.736218 0.329148 0.014432 
 -0.302416 -0.327777 -0.097739 
 -0.421138 0.678129 0.023365 
 0.759085 0.502527 0.030448 
 -0.325528 -0.165019 0.037866 
 0.417733 0.062668 0.023781 
 0.085941 -0.641663 0.131991 
 0.516690 0.226646 0.148685 
 0.001402 0.148545 -0.140092 
 -0.103442 -0.080116 -0.146319 
 -0.312881 0.226993 0.279274 
 0.208220 -0.436941 0.032246 
 -0.285974 0.095808 0.229529 
 -0.613390 0.670404 0.047217 
 0.450895 0.036910 0.034942 
 -0.215200 -0.196688 -0.087112 
 -0.215829 0.473746 -0.068030 
 0.328911 -0.502670 0.120172 
 -0.294777 -0.284941 -0.072383 
 0.616563 0.160374 0.059298 
 -0.191923 -0.570329 0.033404 
 0.747278 0.342002 0.014438 
 0.124672 -0.612921 0.098623 
 0.102460 -0.594983 0.082444 
 0.581837 0.408793 0.077504 
 -0.091541 -0.020803 -0.142613 
 -0.336074 -0.375272 -0.021049 
 0.416375 -0.148991 0.026654 
 0.082380 -0.536408 0.033708 
 -0.317034 0.212399 0.302456 
 0.193537 -0.599606 0.102832 
 -0.298685 -0.172581 0.004027 
 0.593739 0.395633 0.070628 
 -0.037615 0.254766 -0.127001 
 0.112431 -0.347312 -0.063690 
 -0.116938 0.157867 0.121741 
 -0.246741 -0.527368 -0.006276 
 -0.077426 -0.333076 -0.148218 
 -0.265339 0.186751 0.184450 
 0.338704 -0.077877 -0.053248 
 0.128553 0.118914 -0.184035 
 -0.306032 -0.319680 -0.073788 
 -0.073950 0.202848 0.174884 
 -0.352892 -0.125802 0.113072 
 0.543042 0.167970 0.107657 
 -0.365755 -0.199615 0.022853 
 0.737664 0.368100 -0.003174 
 -0.237032 -0.412494 -0.106530 
 -0.259994 -0.389090 -0.095257 
 0.270567 -0.292245 -0.020865 
 0.595625 0.004855 0.109166 
 -0.241783 0.589058 0.016556 
 -0.180619 -0.159492 -0.093787 
 -0.389275 -0.122724 0.087911 
 0.760024 0.305507 0.006182 
 -0.366930 0.006628 0.244924 
 -0.381799 -0.347679 0.034254 
 -0.586356 0.731636 0.021463 
 0.046635 -0.277388 -0.119603 
 -0.587785 0.731636 0.021463 
 -0.090164 0.381956 -0.082092 
 -0.346172 -0.080051 0.141342 
 -0.235265 -0.112957 0.015045 
 0.149691 0.081068 -0.170513 
 -0.221999 0.116838 0.150385 
 0.060636 0.021305 -0.174149 
 0.471030 0.288851 0.147682 
 0.749420 0.381460 -0.005955 
 -0.172021 0.214243 0.158567 
 0.170737 0.058263 -0.180655 
 -0.443500 0.605717 0.020497 
 -0.215605 0.426456 -0.073070 
 0.025042 0.315710 -0.127048 
 0.049072 0.056208 -0.166169 
 0.319008 -0.558775 0.153561 
 -0.485824 0.781961 0.032757 
 0.316936 -0.515621 0.122408 
 -0.010800 0.074092 -0.121816 
 -0.613390 0.670752 0.048764 
 -0.150862 0.487077 -0.061895 
 -0.035007 0.358708 -0.075346 
 -0.296642 0.156437 0.240196 
 -0.398213 0.630656 0.010378 
 -0.040034 -0.109158 -0.218988 
 -0.389438 -0.320403 0.015363 
 0.193770 -0.491941 0.054042 
 -0.288004 0.039946 0.174456 
 -0.467687 -0.258703 0.097340 
 0.145911 -0.541830 0.062884 
 -0.053659 -0.157741 -0.196072 
 -0.514268 -0.188474 0.120204 
 0.639723 0.285314 0.067032 
 -0.388070 0.620014 0.005341 
 -0.304269 -0.516545 0.013448 
 -0.336352 -0.043738 0.253444 
 -0.105011 0.170526 0.119556 
 -0.335837 0.103518 0.271558 
 0.308736 -0.165426 -0.041137 
 -0.137433 0.269197 -0.055459 
 0.046376 0.255091 -0.116081 
 -0.260779 0.377186 -0.066026 
 0.674580 0.448142 0.075587 
 -0.045018 0.060697 -0.111701 
 -0.192568 0.355680 -0.089036 
 -0.378100 -0.403751 0.000909 
 0.246456 -0.317661 -0.016478 
 -0.396146 -0.135269 0.090076 
 -0.324069 0.411550 -0.064338 
 -0.093642 0.193017 0.155270 
 -0.222709 -0.313140 -0.123702 
 -0.242209 -0.582886 0.108698 
 0.271719 -0.292245 -0.021370 
 -0.118737 -0.550837 -0.014059 
 -0.260304 -0.105137 0.049926 
 -0.253602 0.175095 0.178819 
 -0.429151 -0.325671 0.051766 
 -0.145747 -0.385644 -0.132445 
 -0.479304 -0.247166 0.103884 
 -0.249200 0.035748 0.099857 
 -0.115036 0.248116 -0.065601 
 -0.140595 0.213464 0.173055 
 -0.142764 -0.509487 -0.036858 
 0.747417 0.465092 0.029629 
 0.047831 0.316704 -0.136174 
 -0.030634 0.040902 -0.142456 
 0.014089 -0.129803 -0.214653 
 0.639784 0.285863 0.067032 
 -0.132341 -0.142282 -0.132908 
 -0.406063 -0.204568 0.057509 
 0.444998 0.224951 0.171283 
 0.250764 -0.147835 -0.082935 
 0.082862 0.139249 -0.166727 
 -0.217009 -0.589815 0.074446 
 -0.091091 -0.115181 -0.156210 
 0.270973 0.012570 -0.106696 
 0.455532 0.060664 0.049379 
 -0.074274 -0.049243 -0.201392 
 -0.283522 -0.247280 -0.070749 
 0.006174 -0.519308 0.011901 
 -0.465056 -0.043225 0.134456 
 -0.485824 0.781961 0.030879 
 -0.051522 -0.071838 -0.210336 
 -0.398674 -0.183432 0.084393 
 0.566945 0.029834 0.109130 
 -0.268288 -0.315683 -0.109317 
 -0.261440 -0.389090 -0.096388 
 -0.145889 0.438818 -0.056804 
 0.568788 0.258019 0.086471 
 -0.104616 0.135340 -0.021466 
 0.145252 -0.626415 0.114590 
 0.048075 -0.046883 -0.215210 
 -0.632702 0.716007 0.071324 
 -0.115945 0.098903 -0.021547 
 0.553407 0.016479 0.111365 
 0.468657 0.048598 0.044135 
 -0.256610 -0.349528 -0.117298 
 0.264097 -0.388051 0.043805 
 -0.242719 0.482908 -0.033163 
 0.109826 -0.640337 0.124496 
 0.709460 0.223365 0.061902 
 -0.010687 0.050291 -0.123442 
 -0.210824 -0.143280 -0.032948 
 -0.428272 0.584063 -0.010406 
 -0.022508 0.133644 -0.109100 
 0.061426 -0.145703 -0.196553 
 0.085375 -0.666109 0.128945 
 -0.071872 -0.376904 -0.105888 
 0.554180 0.329684 0.123093 
 0.149145 0.081068 -0.170248 
 -0.094623 0.233666 -0.048906 
 0.109853 -0.640337 0.124496 
 0.107257 -0.025022 -0.194380 
 -0.139877 0.404398 -0.075703 
 -0.214559 0.073674 0.092439 
 0.350785 -0.276512 0.040511 
 -0.203959 -0.438276 -0.095027 
 -0.499616 -0.177361 0.129464 
 -0.415451 -0.058501 0.166358 
 -0.256602 -0.058252 0.067512 
 -0.377629 0.042800 0.253146 
 -0.259994 -0.389090 -0.096437 
 0.567937 0.332230 0.095608 
 -0.294637 0.458459 -0.043696 
 0.866091 0.422240 -0.013828 
 -0.285987 -0.238934 -0.044745 
 0.394882 -0.355802 0.068060 
 -0.553295 0.685861 0.041959 
 -0.518977 0.792271 0.044308 
 -0.187400 0.153276 0.143829 
 -0.287532 0.504630 -0.015466 
 0.582423 0.285649 0.060694 
 0.592697 0.183482 0.069838 
 0.580707 0.285421 0.060694 
 -0.454778 0.556635 0.056372 
 0.457346 0.137162 0.156803 
 -0.010800 0.074405 -0.120032 
 -0.225551 -0.423297 -0.112346 
 -0.030767 0.182662 -0.124919 
 0.606148 -0.009285 0.103863 
 -0.301171 0.240363 0.277019 
 -0.398674 -0.183432 0.084517 
 0.172447 -0.013017 -0.189446 
 0.629212 0.410860 0.060979 
 0.249156 0.192012 -0.041256 
 0.580530 0.246168 0.082908 
 -0.291397 -0.056315 0.152087 
 0.033580 -0.003038 -0.180827 
 0.166858 -0.407419 -0.001122 
 0.209953 -0.479591 0.064873 
 0.236766 -0.330368 -0.014874 
 -0.199918 0.004554 0.055270 
 -0.503224 -0.080888 0.130324 
 -0.250593 0.011718 0.096880 
 -0.410290 -0.173936 0.089277 
 0.156683 -0.126829 -0.148921 
 0.404697 0.092614 0.093979 
 0.594326 0.272962 0.055437 
 0.193770 -0.490610 0.053899 
 -0.111191 0.309746 -0.083669 
 -0.032066 -0.260119 -0.155576 
 0.187393 -0.397291 0.017063 
 -0.098815 0.013510 -0.123802 
 0.131905 -0.444736 0.006684 
 -0.148431 0.168204 0.145203 
 -0.092946 0.099714 -0.028853 
 0.036563 -0.082846 -0.215756 
 0.083716 -0.727000 0.184461 
 -0.511160 0.626392 0.046199 
 0.541177 0.077292 0.122785 
 -0.157838 0.426445 -0.054669 
 0.089455 -0.372499 -0.058446 
 -0.135476 -0.411415 -0.113780 
 -0.074304 -0.664242 0.130797 
 -0.034894 0.334907 -0.081351 
 0.149145 -0.525323 0.039265 
 -0.288697 0.185733 0.192551 
 -0.082998 0.199601 -0.058789 
 0.204911 -0.222386 -0.077210 
 0.197446 -0.195299 -0.095652 
 0.257092 -0.451611 0.050640 
 -0.401356 0.066232 0.263567 
 0.137777 0.068669 -0.167227 
 0.568950 0.182440 0.077333 
 -0.211784 -0.323801 -0.128760 
 -0.523117 0.637506 0.051237 
 0.146808 -0.539727 0.062884 
 -0.319489 0.646630 -0.013241 
 0.456991 0.211613 0.168453 
 -0.443133 -0.186894 0.109715 
 -0.445140 -0.137285 0.103966 
 -0.304953 -0.565631 0.155634 
 0.150848 -0.673386 0.156770 
 0.666663 0.389204 0.021660 
 -0.063040 -0.060541 -0.206035 
 -0.116608 -0.723413 0.249613 
 0.104578 -0.159035 -0.185396 
 -0.356016 -0.235049 0.014799 
 0.675873 0.176101 0.040696 
 -0.346090 -0.478277 0.007071 
 0.070896 -0.696165 0.154851 
 -0.165142 0.058196 0.013815 
 -0.522893 0.590429 0.045411 
 -0.375064 0.537752 -0.007602 
 -0.181791 -0.190274 -0.135170 
 0.784686 0.419770 -0.012595 
 0.115154 0.018643 -0.167022 
 0.070896 -0.695618 0.154851 
 -0.111379 0.001143 -0.121667 
 -0.093059 0.123863 -0.026447 
 0.124527 -0.149359 -0.166077 
 -0.150186 0.344633 -0.078980 
 -0.082170 -0.616944 0.077712 
 -0.347828 -0.454257 0.010028 
 -0.028325 -0.047268 -0.215301 
 -0.339331 -0.506016 0.026720 
 0.056452 -0.025753 -0.189519 
 -0.109620 0.208152 -0.022838 
 0.043509 0.255091 -0.116081 
 -0.047801 0.370111 -0.072583 
 -0.434410 -0.069281 0.146549 
 -0.331221 0.019458 0.235315 
 -0.074386 -0.025465 -0.198107 
 -0.315859 -0.207603 -0.007676 
 0.047427 -0.117818 -0.223944 
 -0.253718 0.199937 0.182871 
 0.045050 0.255091 -0.116081 
 0.206156 -0.328164 -0.028293 
 0.205962 0.208774 -0.111417 
 0.619148 0.338336 0.030514 
 0.217251 -0.465000 0.048409 
 -0.088116 -0.123758 -0.182140 
 -0.219254 0.507608 -0.036933 
 -0.247467 0.342213 -0.072581 
 -0.229227 0.046212 0.119545 
 0.248417 -0.317661 -0.016167 
 0.460010 0.102337 0.126871 
 0.124920 0.241199 -0.083383 
 0.864767 0.470540 -0.007752 
 0.204901 -0.101323 -0.160474 
 -0.104502 0.111383 -0.024369 
 -0.185283 0.543004 -0.043823 
 0.265921 -0.481098 0.068958 
 0.737313 0.443140 0.005350 
 0.437919 0.184776 0.181159 
 -0.173232 -0.549035 -0.020507 
 -0.382091 -0.395717 0.030373 
 0.771528 0.318360 0.003924 
 0.332855 -0.287788 0.033569 
 -0.476458 -0.079900 0.133574 
 -0.254473 0.517973 -0.025192 
 0.211734 -0.676018 0.174406 
 -0.279390 -0.219648 -0.020023 
 -0.202668 0.012780 0.082230 
 0.849447 0.514697 0.076237 
 -0.114471 0.248116 -0.063906 
 -0.417535 -0.217080 0.062058 
 -0.309858 0.079882 0.261110 
 -0.072286 0.212032 -0.059075 
 -0.292408 0.123077 0.210584 
 -0.276322 0.539884 -0.015090 
 0.235264 -0.330368 -0.014284 
 -0.335918 -0.465764 0.004911 
 0.142083 -0.643639 0.138416 
 -0.034555 0.263363 -0.089376 
 0.282657 -0.513032 0.108600 
 -0.226674 0.368488 -0.076834 
 -0.323929 -0.500230 -0.003164 
 0.647585 0.145355 0.096540 
 0.520767 -0.155459 0.076823 
 -0.211371 -0.298687 -0.125837 
 0.616563 0.161077 0.059298 
 -0.101972 0.022349 -0.097048 
 -0.329684 -0.124790 0.104714 
 -0.264471 -0.111252 -0.001943 
 0.412395 0.099137 0.142085 
 0.250764 -0.148845 -0.082930 
 0.094651 0.057566 -0.181257 
 0.396006 -0.315032 0.047587 
 0.245388 -0.358047 0.004086 
 0.079313 0.335021 -0.055270 
 -0.441332 -0.186894 0.109715 
 -0.068783 -0.185311 -0.170230 
 0.543433 -0.080023 0.077857 
 -0.206840 0.119941 0.121420 
 -0.401669 -0.284969 0.023670 
 -0.264457 -0.190016 -0.046099 
 0.044330 -0.341083 -0.101988 
 0.260145 -0.198812 -0.067502 
 -0.035992 0.287305 -0.086445 
 -0.301171 0.239208 0.277019 
 -0.512038 0.758151 0.025255 
 -0.587060 0.755358 0.024355 
 -0.063248 -0.571027 0.028025 
 -0.255919 -0.373266 -0.120221 
 -0.134492 -0.347907 -0.132204 
 -0.130338 -0.539255 -0.008208 
 -0.307415 0.635302 -0.017164 
 -0.130725 0.095733 0.008427 
 -0.163246 -0.054462 -0.062475 
 -0.228903 -0.439275 -0.087951 
 -0.299150 0.075732 0.182636 
 -0.511711 0.626392 0.046460 
 -0.291268 -0.071823 0.075711 
 -0.411182 -0.067894 0.139224 
 -0.292640 0.171117 0.215448 
 0.592697 0.184844 0.071094 
 0.116141 -0.730223 0.197858 
 0.579824 0.394590 0.099950 
 0.061426 -0.145703 -0.194760 
 0.468769 0.149979 0.154567 
 -0.137433 0.270920 -0.056377 
 -0.272154 -0.235617 -0.073733 
 -0.297564 0.563402 -0.004988 
 -0.225664 -0.399702 -0.108671 
 -0.366729 0.079996 0.254041 
 -0.057065 0.191533 -0.090956 
 -0.512038 0.757632 0.025255 
 0.329144 -0.027106 -0.068643 
 -0.226569 -0.209087 -0.085524 
 0.581837 0.407720 0.075885 
 -0.252308 -0.000761 -0.110113 
 -0.303597 0.311995 0.186768 
 -0.003894 -0.421218 -0.012313 
 -0.223739 -0.475956 0.076978 
 0.305620 -0.245205 0.037135 
 -0.174190 0.687622 0.109132 
 0.052205 -0.670932 0.103303 
 -0.324763 -0.072784 -0.084589 
 -0.022868 -0.004717 -0.149546 
 0.199916 0.288258 -0.142895 
 -0.196495 0.148794 -0.009640 
 0.180679 0.129780 -0.143470 
 -0.202473 0.275241 0.126490 
 -0.136789 0.459892 0.030761 
 -0.040335 0.376581 0.032314 
 0.123873 -0.553155 0.047534 
 -0.207164 0.325845 0.158447 
 -0.349863 0.025335 0.001693 
 0.321684 -0.020896 -0.002390 
 0.013833 -0.348308 -0.033420 
 