-0.128284 -0.357642 0.006897 
 0.156014 -0.657861 0.125547 
 -0.061952 0.605892 0.010322 
 -0.121055 -0.497922 0.038204 
 -0.058750 -0.167650 -0.053595 
 0.068076 0.643228 0.014205 
 0.204200 0.113557 0.083902 
 -0.221666 0.043645 -0.195822 
 -0.207365 -0.524618 0.068449 
 -0.080300 -0.614398 0.075470 
 0.042965 0.434188 0.120833 
 -0.290103 -0.507219 0.088801 
 -0.207367 -0.524631 0.066809 
 0.161234 -0.102225 -0.121954 
 -0.235310 -0.275464 -0.012572 
 0.102449 0.442048 0.184377 
 -0.037740 0.098677 -0.212320 
 -0.206144 -0.452631 0.032353 
 0.066255 -0.439989 0.022128 
 -0.293290 -0.479138 0.062626 
 -0.249196 -0.086713 -0.082635 
 -0.114677 0.910946 0.016002 
 -0.117724 -0.411154 0.031835 
 -0.340129 -0.407874 0.048921 
 0.254645 -0.411951 0.045930 
 0.033271 -0.379175 0.023202 
 -0.090622 -0.289434 0.003179 
 0.336319 -0.101915 0.024558 
 -0.232444 -0.094506 -0.081604 
 -0.128660 0.512986 -0.017184 
 -0.065345 -0.254047 -0.033587 
 0.037599 0.830899 0.026385 
 0.254932 0.085544 0.087147 
 0.127470 0.741293 -0.012050 
 0.084833 0.634450 0.015358 
 0.193199 -0.558105 0.069037 
 -0.329822 -0.093892 -0.036016 
 -0.079822 0.212542 0.130594 
 0.065475 -0.670138 0.088051 
 -0.063923 0.884145 0.019464 
 0.019415 0.046346 -0.210124 
 0.080197 0.078272 -0.214604 
 -0.243073 -0.223405 -0.051381 
 -0.057074 -0.379489 0.041436 
 -0.057150 0.427146 0.038437 
 0.007689 -0.012517 -0.202258 
 0.386430 -0.200488 0.079695 
 0.088607 -0.277229 0.024128 
 -0.178903 -0.189869 -0.069157 
 0.153888 -0.440438 0.017852 
 0.288756 0.067329 0.089738 
 0.222961 -0.391134 0.029814 
 -0.215493 -0.103439 -0.080336 
 -0.119912 0.529531 -0.016602 
 0.030665 0.576878 0.018132 
 0.264973 -0.195315 0.022816 
 -0.292628 -0.479361 0.062627 
 0.261839 0.012359 -0.088441 
 0.295710 -0.326489 0.057983 
 0.204044 0.206214 -0.006770 
 0.265914 -0.506418 0.067290 
 -0.019822 0.272374 0.100041 
 0.010363 -0.038015 -0.175935 
 0.201581 -0.398177 -0.002821 
 0.124937 -0.606990 0.057003 
 -0.274895 -0.488238 0.063800 
 -0.238205 0.052462 -0.197502 
 -0.011955 0.535612 0.010170 
 0.093541 0.425151 0.182531 
 -0.099463 0.317744 0.065392 
 0.185516 -0.575062 0.066026 
 0.033394 0.252671 -0.008116 
 -0.111622 -0.366660 0.008240 
 -0.090625 0.334644 0.070538 
 -0.169186 -0.498704 0.060840 
 -0.139474 0.199233 0.164722 
 -0.014051 0.383391 0.040349 
 0.157419 0.191713 -0.041511 
 -0.147938 -0.093602 -0.072124 
 -0.000183 0.013216 -0.198691 
 -0.210571 0.235034 0.173794 
 -0.074793 -0.412326 0.036055 
 0.298829 -0.326501 0.057820 
 0.285608 -0.274033 0.046678 
 -0.259421 -0.425449 0.028844 
 -0.073993 0.256161 0.106672 
 0.050019 -0.388192 0.024621 
 0.187662 -0.459655 0.020189 
 0.118242 0.059970 -0.239923 
 0.273769 -0.290878 0.044273 
 0.011268 0.738035 0.015599 
 -0.163627 0.895378 0.008915 
 0.325338 -0.275859 0.066221 
 -0.108270 -0.323151 -0.002704 
 -0.340080 -0.407873 0.049106 
 0.045964 0.519970 0.127970 
 0.242123 -0.272869 0.042040 
 0.137299 -0.067936 -0.121875 
 -0.053517 0.943218 0.025474 
 -0.244729 0.279133 0.131366 
 -0.103162 0.520758 -0.014696 
 -0.018226 -0.394894 0.015373 
 0.192794 0.098743 -0.171918 
 -0.196488 0.051334 -0.191638 
 0.055788 0.407681 0.092828 
 -0.306683 0.009233 -0.081763 
 0.215320 0.129598 0.072493 
 -0.178847 -0.120369 -0.105495 
 -0.120157 -0.199968 -0.063297 
 -0.270747 -0.189227 -0.036504 
 0.226334 -0.096468 -0.099980 
 0.040166 0.702083 -0.012085 
 0.002772 0.306418 0.078612 
 -0.121690 -0.497749 0.038203 
 -0.001283 0.485415 0.035366 
 0.116312 -0.509819 0.022880 
 0.085976 -0.125374 -0.132493 
 -0.219996 -0.645137 0.155619 
 -0.080843 0.785100 0.051704 
 -0.209306 0.122352 0.192655 
 -0.060450 0.689709 0.016953 
 0.031239 -0.681723 0.124830 
 0.036692 0.915568 0.047529 
 0.041345 -0.405088 0.020092 
 -0.210364 -0.312604 -0.012635 
 -0.228185 -0.373812 0.021536 
 0.023462 0.710038 -0.013354 
 0.088253 0.053089 -0.215816 
 0.310495 0.074453 0.120996 
 -0.235314 -0.276938 -0.012001 
 0.264082 -0.098099 -0.067988 
 -0.019798 -0.552286 0.043094 
 0.143099 0.327729 -0.031827 
 0.201824 0.148407 -0.054267 
 -0.004385 0.509939 0.009984 
 0.069549 0.485569 0.127885 
 -0.249025 -0.365551 0.034938 
 -0.130997 -0.052221 -0.150962 
 0.267835 -0.265029 0.044713 
 0.007512 0.504812 0.037742 
 -0.262641 -0.328258 -0.006086 
 0.291988 -0.371689 0.095109 
 -0.176326 0.216334 0.176158 
 0.319266 -0.247944 0.052649 
 0.022319 0.087990 -0.206564 
 0.010593 0.738032 0.015043 
 0.058934 0.262347 -0.004584 
 0.053351 0.536909 0.131608 
 0.043213 0.365956 0.156846 
 0.058936 0.262787 -0.004587 
 0.129262 0.011518 -0.214771 
 0.001369 0.806876 0.034328 
 -0.305302 -0.381554 0.055124 
 -0.229823 -0.488447 0.054892 
 -0.025301 0.003157 -0.204515 
 0.024183 -0.020830 -0.198273 
 0.334031 -0.045527 0.113570 
 -0.214321 -0.426626 0.033604 
 -0.202498 0.208598 0.172535 
 -0.049908 0.663391 0.001644 
 -0.136846 -0.303698 -0.031778 
 0.409207 -0.149404 0.113318 
 -0.022978 0.298541 0.072672 
 -0.058953 0.132026 -0.226015 
 0.106229 0.626228 -0.011236 
 -0.017916 0.560813 -0.001866 
 -0.127649 -0.542949 0.061589 
 -0.156204 -0.550759 0.072016 
 0.032466 -0.139342 -0.125770 
 -0.041417 0.808030 0.029513 
 0.277345 0.137085 0.122312 
 -0.262025 0.262217 0.170257 
 -0.362360 -0.230744 -0.023596 
 0.021605 0.882668 0.028849 
 -0.071643 0.867432 0.017609 
 -0.070180 0.478354 0.027096 
 -0.000425 -0.219910 -0.051583 
 -0.329315 -0.136482 -0.038232 
 0.049890 -0.246925 -0.048114 
 0.213781 -0.086800 -0.114930 
 -0.221671 0.042078 -0.195453 
 0.163906 0.133573 -0.144112 
 -0.127598 -0.259133 -0.069319 
 -0.124515 0.463079 0.033795 
 -0.040108 -0.245972 -0.030031 
 0.060690 0.356874 0.158384 
 -0.168360 0.190332 0.174894 
 0.166823 -0.296413 0.031225 
 -0.136765 -0.302453 -0.031788 
 0.140379 0.649555 -0.005313 
 -0.168562 -0.498706 0.060839 
 0.024433 -0.396067 0.018935 
 0.099585 -0.066670 -0.154091 
 0.120663 -0.006909 -0.217100 
 0.337669 -0.172298 0.061125 
 0.334792 -0.003044 0.117242 
 -0.072024 0.006088 -0.181633 
 -0.154776 0.048896 -0.187320 
 -0.221736 -0.301594 -0.041222 
 -0.035134 -0.384859 0.015128 
 0.156163 -0.313251 0.030144 
 0.178452 0.025647 -0.207805 
 -0.010144 -0.419381 0.015043 
 0.259770 -0.239161 0.046633 
 -0.176331 0.215009 0.176169 
 -0.003578 -0.604279 0.042745 
 0.101794 -0.571640 0.043359 
 0.268272 -0.265024 0.045515 
 0.281163 -0.358598 0.053143 
 0.238523 -0.288338 0.011968 
 -0.027812 0.367092 0.064751 
 -0.065876 0.232333 0.105402 
 0.085994 -0.030445 -0.209148 
 -0.049056 0.333472 0.073747 
 0.057487 -0.499646 0.016057 
 0.034656 0.348963 0.154782 
 0.141597 0.243021 -0.039050 
 -0.111915 0.504027 -0.019028 
 0.070061 0.278687 -0.015896 
 0.120665 -0.006055 -0.218105 
 0.192800 0.100632 -0.171934 
 0.056242 -0.614507 0.048569 
 0.290159 -0.117260 -0.023977 
 0.021205 0.383744 0.085717 
 -0.381577 -0.335295 0.007597 
 -0.273161 -0.545618 0.129765 
 0.003056 0.055126 -0.211680 
 -0.049212 0.663396 0.002503 
 -0.138531 0.336155 0.093707 
 0.385537 -0.157717 0.082098 
 -0.038708 -0.133692 -0.062517 
 0.229377 0.120467 0.087488 
 0.315041 -0.365383 0.126845 
 -0.244747 -0.154089 -0.073534 
 -0.140606 0.403635 0.069172 
 0.062211 0.553826 0.133159 
 0.140511 0.141912 -0.103911 
 -0.150561 0.249666 0.139682 
 -0.200337 0.138883 0.196522 
 -0.050399 -0.002122 -0.207511 
 -0.033957 0.739927 0.024761 
 0.229322 0.120467 0.087488 
 -0.269938 -0.258923 -0.014886 
 0.149433 0.771860 -0.036129 
 -0.152809 -0.507779 0.062821 
 -0.278791 -0.163444 -0.036199 
 0.040678 -0.027819 -0.200004 
 -0.083961 -0.079385 -0.133775 
 0.166272 0.208359 -0.041676 
 -0.052483 0.065037 -0.217013 
 -0.009213 -0.650167 0.066468 
 -0.220861 0.043645 -0.195467 
 0.060113 -0.091079 -0.132412 
 -0.096127 0.360324 0.056441 
 0.040672 -0.029521 -0.199990 
 0.236780 -0.330945 0.007018 
 0.237731 -0.403458 0.044769 
 0.221312 -0.028215 -0.109284 
 -0.131312 0.172115 0.162925 
 -0.287702 -0.563792 0.154589 
 0.134287 0.757934 -0.010734 
 -0.238942 -0.391563 0.033685 
 -0.121693 -0.498633 0.038210 
 -0.085873 -0.358803 0.011780 
 0.016804 0.670031 0.010743 
 0.247826 0.111441 0.088652 
 -0.183031 0.242734 0.163635 
 0.222109 -0.392009 0.029822 
 0.040395 0.502249 0.098348 
 0.050944 -0.345413 0.028700 
 -0.060452 0.688751 0.017594 
 -0.168147 -0.131549 -0.063131 
 -0.163759 0.075523 -0.186111 
 -0.108268 -0.323137 -0.001009 
 0.281440 -0.474539 0.085907 
 -0.341837 -0.352443 -0.016810 
 0.124934 -0.607782 0.057267 
 -0.125364 0.214792 0.139597 
 0.201584 -0.398157 -0.000420 
 -0.064579 0.410332 0.035791 
 0.099541 0.799597 -0.040497 
 -0.116551 -0.267997 -0.040715 
 0.205168 -0.157319 -0.036993 
 0.320020 -0.206616 0.056062 
 -0.381579 -0.336106 0.008226 
 0.079504 -0.223216 -0.014647 
 -0.189975 -0.068500 -0.116776 
 0.115550 -0.552615 0.016882 
 0.205404 -0.542147 0.057724 
 -0.034060 -0.103857 -0.130354 
 0.074955 0.347980 0.173385 
 0.059470 0.262041 -0.004582 
 -0.296409 -0.365972 0.057580 
 0.161574 0.765670 -0.008036 
 0.006931 -0.012055 -0.202261 
 -0.021339 0.451395 0.044404 
 -0.223827 -0.558658 0.063636 
 -0.301304 -0.128196 -0.049814 
 0.193191 -0.147382 -0.065727 
 0.085140 -0.030442 -0.209147 
 -0.042250 0.808034 0.029626 
 0.137798 -0.346968 0.024003 
 -0.040658 0.851553 0.033244 
 -0.148983 0.844962 0.020298 
 0.049817 -0.081399 -0.161103 
 0.106224 0.624216 -0.009876 
 -0.244114 -0.293798 -0.014969 
 -0.221738 -0.301996 -0.041218 
 0.000209 -0.317991 0.024779 
 0.066582 0.442382 0.138064 
 0.276295 -0.404730 0.077046 
 0.158315 -0.144736 -0.112233 
 -0.008700 -0.679329 0.106322 
 -0.000427 -0.220179 -0.052395 
 -0.235261 -0.276943 -0.012560 
 0.123869 -0.031634 -0.190742 
 0.235028 -0.078747 -0.097618 
 0.133222 -0.518858 0.021785 
 0.057377 0.693172 -0.011060 
 -0.051416 0.577722 -0.004734 
 0.069140 0.373871 0.160846 
 0.362202 -0.122525 0.082176 
 -0.091749 -0.403263 0.036970 
 -0.347677 -0.214465 -0.048092 
 -0.080088 0.827629 0.054098 
 0.104960 0.044312 -0.215281 
 -0.130338 0.016041 -0.188228 
 0.144373 0.001292 -0.199832 
 -0.290570 -0.068876 -0.043778 
 0.080542 -0.251368 0.025263 
 0.279928 0.052716 0.087308 
 0.251656 -0.088551 -0.096464 
 0.020776 0.881840 0.028857 
 -0.130043 -0.630249 0.068254 
 -0.005196 0.442793 0.045561 
 -0.041154 0.680839 0.004886 
 0.371674 -0.105928 0.084589 
 -0.064711 0.410334 0.036035 
 0.008234 -0.012059 -0.202262 
 0.282713 -0.007204 -0.002375 
 -0.000313 -0.632602 0.069056 
 -0.367583 -0.359679 -0.020262 
 -0.113890 0.868579 0.012259 
 0.112043 -0.397572 0.016777 
 -0.027786 0.255893 0.097618 
 -0.087149 0.123410 -0.215712 
 0.340558 -0.313189 0.134122 
 -0.144680 -0.534531 0.060764 
 0.112814 0.019136 -0.215791 
 -0.085682 -0.660663 0.099177 
 -0.087793 0.240257 0.131834 
 0.112803 -0.354493 0.020427 
 0.042469 -0.263751 -0.050507 
 0.052247 -0.107669 -0.136372 
 0.228900 -0.418750 0.041747 
 0.041128 -0.263524 -0.050507 
 -0.097825 0.470547 0.023541 
 0.103216 0.485293 0.187717 
 -0.228184 -0.662320 0.153164 
 -0.127980 0.512969 -0.018993 
 0.001640 0.848291 0.037964 
 -0.117197 -0.034946 -0.175615 
 -0.120929 -0.454974 0.040971 
 -0.059186 -0.210073 -0.057440 
 0.217880 0.266149 -0.027611 
 -0.185273 0.199226 0.173716 
 -0.120814 0.102175 -0.221566 
 -0.333235 -0.506042 0.084021 
 0.085138 0.408127 0.179511 
 -0.349150 -0.282907 -0.011913 
 0.139274 -0.304246 0.028593 
 0.246599 -0.020485 -0.104057 
 0.201176 0.275035 -0.031529 
 0.362444 -0.165055 0.064703 
 0.262566 -0.167936 -0.017343 
 -0.036421 0.612918 0.013876 
 0.131967 -0.235681 0.031856 
 0.120309 0.252692 -0.012555 
 -0.029336 0.138479 -0.250090 
 -0.250274 0.009712 -0.145238 
 0.124146 0.210203 -0.043818 
 0.326694 0.022829 0.118493 
 -0.173296 -0.077262 -0.115628 
 0.150012 0.175100 -0.057712 
 0.162633 -0.538828 0.052950 
 -0.085680 -0.659913 0.099140 
 -0.278789 -0.162838 -0.036183 
 0.147183 0.085598 -0.206522 
 0.322759 -0.348392 0.129275 
 0.067328 0.599931 0.010590 
 0.142384 -0.646374 0.098123 
 -0.033538 -0.499278 0.033807 
 -0.221735 -0.301379 -0.040869 
 0.297593 0.084390 0.093090 
 -0.022292 -0.142626 -0.061630 
 0.070220 0.835698 -0.011433 
 -0.257337 0.166222 0.219041 
 0.139179 0.125887 -0.147714 
 -0.072176 0.503292 0.000684 
 -0.111739 0.479512 0.022692 
 -0.087147 0.124064 -0.215717 
 -0.081704 0.742559 0.047764 
 -0.158776 -0.060319 -0.140732 
 0.084653 -0.030451 -0.210464 
 0.291094 -0.457594 0.088328 
 0.166195 -0.380193 -0.003602 
 -0.299293 -0.043124 -0.043203 
 -0.031901 0.867179 0.034333 
 -0.050178 0.791539 0.027231 
 -0.164960 0.260071 0.124709 
 0.325336 -0.276100 0.065217 
 -0.192978 -0.111468 -0.106648 
 -0.293466 0.201716 0.274231 
 -0.311695 -0.257783 -0.021907 
 0.154643 -0.398701 0.020871 
 -0.221704 -0.543688 0.095018 
 0.308604 -0.266846 0.064050 
 0.252291 0.048330 -0.183770 
 -0.024408 0.671183 0.006382 
 0.057809 -0.202839 -0.084666 
 -0.094394 -0.332904 0.012887 
 -0.183169 0.129654 0.196292 
 0.064844 0.667601 -0.011845 
 0.094051 0.200893 -0.019707 
 -0.045885 0.511081 0.004230 
 0.125693 0.168007 -0.061246 
 -0.031517 0.072496 -0.199753 
 -0.145283 0.024863 -0.188551 
 -0.005547 0.038696 -0.213495 
 0.118688 -0.580685 0.044528 
 0.174949 -0.153594 -0.109391 
 -0.177421 -0.515702 0.058410 
 -0.257191 -0.059928 -0.081913 
 -0.224420 -0.516190 0.067331 
 0.005068 0.280790 0.117437 
 -0.319760 -0.077093 -0.034133 
 -0.215285 0.329683 0.124877 
 -0.160378 -0.155875 -0.078106 
 -0.345403 -0.085382 -0.037173 
 -0.014156 0.771759 0.015687 
 -0.005827 0.263850 0.115018 
 0.204046 0.207211 -0.007856 
 -0.009189 -0.237186 -0.053970 
 0.056735 -0.501094 0.016070 
 0.131152 0.093549 -0.207649 
 -0.150784 -0.294013 -0.046660 
 -0.277536 -0.093771 -0.071657 
 -0.027889 0.951018 0.031412 
 -0.306682 0.009241 -0.080846 
 -0.199567 0.182290 0.197904 
 -0.221535 -0.443579 0.031182 
 -0.034640 0.996637 0.074264 
 0.360681 -0.208358 0.074593 
 -0.217508 0.147636 0.193928 
 -0.137292 0.108006 -0.222677 
 0.223130 -0.506860 0.062548 
 0.312985 -0.010188 0.086237 
 -0.305188 -0.213868 -0.043525 
 0.068191 -0.020379 -0.210292 
 -0.113138 0.910941 0.016034 
 -0.013295 0.425986 0.043642 
 0.034039 -0.334171 0.027094 
 -0.000184 0.013204 -0.200125 
 -0.013150 0.492646 0.006547 
 0.235060 0.032728 -0.130654 
 0.156275 -0.270543 0.032472 
 0.184476 0.284110 -0.030754 
 0.076469 -0.380338 0.028197 
 -0.054285 0.316437 0.056571 
 -0.280150 -0.419359 0.055065 
 -0.028681 0.255899 0.097998 
 -0.244013 -0.223401 -0.051214 
 -0.123141 0.464784 0.033780 
 -0.141919 0.293362 0.102341 
 0.048311 0.676506 -0.013441 
 -0.000806 -0.123570 -0.129448 
 0.085530 -0.320662 0.036770 
 -0.223764 0.043655 -0.195464 
 -0.274550 0.176175 0.217897 
 0.156161 -0.313423 0.028820 
 0.049886 -0.248090 -0.048105 
 0.239342 -0.401873 0.044754 
 -0.182015 -0.095577 -0.117993 
 -0.229825 -0.488458 0.053575 
 -0.073375 0.394279 0.033626 
 -0.177662 -0.190228 -0.069155 
 0.195304 0.192488 -0.009183 
 0.013893 0.585823 0.016940 
 0.173525 -0.279552 0.033636 
 0.242968 -0.104958 -0.099126 
 -0.054706 0.065044 -0.217011 
 0.202343 -0.354761 0.002355 
 0.223133 -0.506267 0.063647 
 -0.139477 0.198310 0.165372 
 0.202339 -0.355576 0.001184 
 0.159864 -0.009209 -0.198683 
 0.153773 -0.555883 0.050555 
 -0.154288 -0.367245 0.003335 
 -0.065639 0.299450 0.068925 
 -0.051163 -0.150910 -0.051419 
 -0.233898 0.000634 -0.144090 
 -0.009362 -0.071423 -0.166888 
 -0.281878 -0.347442 0.032215 
 0.168070 0.166199 -0.056565 
 -0.113875 0.232343 0.127780 
 0.012435 0.585832 0.017347 
 -0.041888 -0.588363 0.067799 
 0.122387 -0.294470 0.026485 
 0.334934 -0.216209 0.071666 
 -0.332924 -0.023632 -0.044869 
 -0.138975 -0.000024 -0.189772 
 0.061924 -0.258519 -0.019430 
 -0.122109 -0.009279 -0.188630 
 0.051419 -0.345419 0.028278 
 0.016037 -0.063628 -0.163386 
 -0.296700 -0.582042 0.152167 
 -0.022218 0.341316 0.077324 
 -0.024409 0.671179 0.005955 
 -0.000156 0.636601 0.005966 
 0.143399 0.690211 -0.014599 
 -0.174199 0.146840 0.197785 
 0.297225 -0.143405 -0.011163 
 -0.074971 0.144965 0.139429 
 -0.170405 -0.257835 -0.074023 
 0.080541 -0.251373 0.024727 
 0.162931 -0.467278 0.016614 
 -0.289038 -0.433685 0.052615 
 -0.008952 -0.679328 0.106322 
 0.167776 0.292879 -0.030475 
 -0.026665 0.544103 -0.003840 
 0.290673 -0.457593 0.088329 
 -0.064780 0.733588 0.048955 
 -0.083332 -0.010740 -0.171536 
 0.336354 -0.286940 0.108455 
 0.064815 -0.525770 0.014813 
 0.177928 -0.110987 -0.120810 
 0.296142 -0.071758 -0.048005 
 -0.140704 -0.164995 -0.076953 
 -0.025544 -0.326834 0.021210 
 0.110749 -0.117651 -0.128333 
 -0.049005 0.154003 0.143027 
 0.066447 0.442283 0.138065 
 0.266452 -0.307737 0.041864 
 0.229945 0.120471 0.088267 
 -0.121883 0.895957 0.013598 
 0.136997 -0.432110 0.016693 
 -0.053802 0.316443 0.057525 
 -0.110556 0.116752 -0.232970 
 -0.068267 -0.226807 -0.059475 
 0.221655 0.013796 -0.105375 
 0.162710 -0.424335 0.020266 
 0.251180 -0.046287 -0.092868 
 0.085160 -0.320681 0.034268 
 0.011463 -0.302515 0.013462 
 -0.109554 0.116740 -0.233991 
 -0.122030 0.960132 -0.009270 
 0.057105 0.153809 -0.211800 
 -0.217500 0.150021 0.193909 
 -0.060855 0.273982 0.095280 
 -0.030894 0.392368 0.038412 
 -0.373307 -0.218814 -0.051682 
 0.305987 -0.126674 -0.009655 
 -0.333002 -0.335837 -0.014396 
 0.362206 -0.121248 0.082165 
 0.254972 -0.525389 0.077870 
 0.192534 -0.009877 -0.139573 
 0.108234 -0.483944 0.021391 
 0.137780 -0.432407 0.016695 
 0.213400 -0.002780 -0.107744 
 0.078813 0.295411 -0.012345 
 0.136065 -0.475121 0.013043 
 -0.374240 -0.404270 0.003303 
 0.172214 0.091790 -0.203032 
 -0.140703 -0.164815 -0.076522 
 0.019804 0.046345 -0.210124 
 -0.168517 -0.355683 -0.010549 
 -0.363756 -0.161127 -0.045690 
 -0.004268 0.442790 0.045561 
 0.030654 -0.507499 0.012481 
 -0.141753 -0.664676 0.164288 
 0.285486 -0.231297 0.052417 
 -0.205816 -0.409676 0.036026 
 0.203860 -0.268730 0.009634 
 -0.077665 0.528204 -0.011904 
 -0.131945 0.446271 0.032045 
 -0.276591 0.190426 0.275442 
 -0.287593 -0.180281 -0.042124 
 0.116306 -0.511402 0.021979 
 0.136243 -0.473702 0.013031 
 -0.128957 0.241423 0.127058 
 0.209104 -0.212138 0.043018 
 0.093079 0.651010 0.017748 
 0.089741 0.566762 0.021954 
 0.052588 0.494007 0.127005 
 0.254651 -0.410871 0.047999 
 0.371077 -0.263104 0.113805 
 -0.148829 0.479924 -0.009050 
 0.371079 -0.262711 0.113802 
 -0.085666 0.553033 -0.010663 
 0.133148 0.715804 -0.000457 
 -0.179047 -0.373359 -0.000258 
 -0.089289 -0.051992 -0.146316 
 -0.169595 -0.498703 0.060840 
 0.274109 -0.448536 0.087157 
 -0.250274 0.009513 -0.144198 
 -0.144754 -0.348622 0.005731 
 -0.016578 -0.507982 0.035176 
 -0.318146 -0.544432 0.124878 
 -0.012868 0.985503 0.047169 
 -0.112055 -0.437848 0.044297 
 -0.013962 -0.168275 -0.062832 
 -0.141755 -0.664699 0.161481 
 -0.166134 0.034441 -0.175946 
 0.336196 -0.216217 0.071283 
 -0.269087 -0.257506 -0.014899 
 0.070057 0.277750 -0.016003 
 0.281535 -0.204292 0.024574 
 -0.231698 -0.418615 0.032443 
 0.049091 -0.150168 -0.124260 
 0.038910 -0.490619 0.014893 
 0.075932 -0.380336 0.028185 
 0.266176 -0.307736 0.041864 
 0.286145 0.109999 0.121072 
 0.041127 -0.263644 -0.050506 
 0.056864 0.692199 -0.011052 
 0.164985 -0.296410 0.030856 
 0.231980 -0.375157 0.032229 
 -0.261950 -0.172957 -0.035013 
 0.137457 -0.616978 0.085628 
 -0.068583 -0.669699 0.100354 
 0.254730 -0.525381 0.078642 
 -0.204051 -0.017757 -0.114316 
 -0.135784 -0.518049 0.063197 
 -0.150492 -0.045186 -0.138348 
 -0.045392 0.917569 0.024055 
 -0.036420 0.613031 0.013875 
 -0.007719 -0.491404 0.036775 
 0.194430 -0.119942 -0.119665 
 0.040259 -0.490624 0.014892 
 -0.094496 0.403037 0.060096 
 0.183391 -0.219992 0.038568 
 0.028383 -0.211792 -0.061791 
 0.020849 0.839472 0.024876 
 -0.097704 -0.123617 -0.069509 
 0.122143 0.076929 -0.209991 
 0.000890 0.806873 0.033823 
 0.007415 -0.012057 -0.202261 
 0.153329 0.301135 -0.046887 
 0.067975 0.528698 0.145408 
 0.030193 0.331632 0.123959 
 -0.037926 0.528706 0.006616 
 -0.139990 0.472046 0.031266 
 -0.057435 0.859393 0.031471 
 -0.166779 -0.103262 -0.116852 
 0.085304 0.184925 -0.022101 
 0.068004 -0.116512 -0.133636 
 -0.342343 -0.084923 -0.037180 
 0.237392 -0.175731 -0.021255 
 0.146043 -0.174666 0.011047 
 0.397697 -0.211844 0.121067 
 0.050681 0.543166 0.044966 
 -0.008803 -0.003276 -0.205188 
 -0.263705 -0.328255 -0.006085 
 0.178226 -0.622964 0.104173 
 -0.062598 0.273989 0.095447 
 -0.061180 0.385023 0.062424 
 -0.249685 0.035735 -0.183008 
 0.296067 -0.399667 0.121993 
 0.127301 0.010371 -0.214760 
 0.020440 0.340145 0.079979 
 -0.334877 -0.435116 0.061535 
 0.102331 0.667701 0.017322 
 -0.024409 0.671176 0.005519 
 0.085388 0.451260 0.183201 
 0.024370 0.425414 0.075118 
 -0.314208 -0.007481 -0.083639 
 0.082351 -0.168630 -0.122310 
 -0.099741 0.860554 0.027767 
 -0.237324 -0.462372 0.056146 
 -0.204269 -0.197662 -0.072704 
 0.112044 -0.397116 0.016774 
 0.160070 0.679345 -0.014408 
 0.081729 -0.534552 0.017258 
 -0.348421 -0.396280 0.006310 
 -0.131782 -0.631276 0.068264 
 0.127953 -0.563506 0.046944 
 -0.337939 -0.195904 -0.045705 
 0.319262 -0.249325 0.053327 
 -0.063826 0.451573 0.039689 
 0.137851 0.026787 -0.210947 
 -0.089732 0.597088 0.006785 
 0.082911 0.808475 -0.040785 
 -0.003577 -0.604271 0.043723 
 -0.066319 0.231123 0.105412 
 0.180627 0.124750 -0.143077 
 -0.088713 0.197187 0.128208 
 0.218901 -0.112686 -0.102356 
 0.033116 -0.238530 -0.049266 
 -0.037014 0.891921 0.023005 
 0.141301 -0.544402 0.021882 
 -0.040211 -0.079936 -0.142871 
 -0.302303 -0.311659 0.018979 
 -0.049010 0.152663 0.143038 
 0.370442 -0.191481 0.077272 
 -0.164135 0.895453 0.008915 
 -0.044464 0.443631 0.027700 
 0.168655 -0.337618 -0.002125 
 0.057110 0.154797 -0.210977 
 -0.146779 -0.461941 0.038278 
 0.064210 0.559000 0.022080 
 -0.305764 -0.555677 0.153412 
 0.023943 -0.089743 -0.164600 
 -0.098977 -0.234599 -0.035917 
 -0.240656 -0.650787 0.124630 
 -0.164194 0.303352 0.128390 
 0.212636 -0.044788 -0.111488 
 0.284351 -0.160233 0.013807 
 -0.192616 -0.250312 -0.047242 
 -0.244138 -0.293797 -0.014936 
 -0.034915 0.697505 0.021049 
 -0.094921 0.470533 0.023005 
 0.209841 0.023200 -0.132285 
 0.068720 0.751258 -0.018940 
 0.048679 -0.081395 -0.161102 
 -0.193627 0.251740 0.134892 
 0.003550 0.418275 0.044309 
 -0.073377 0.393582 0.033632 
 0.170937 -0.668187 0.139873 
 -0.302921 -0.087145 -0.032446 
 0.169998 -0.085389 -0.119588 
 -0.070744 -0.525101 0.040865 
 0.042586 0.635459 0.012143 
 -0.162649 -0.241237 -0.071629 
 0.162711 -0.423922 0.020262 
 -0.133762 -0.026946 -0.177232 
 0.038116 0.374128 0.086887 
 -0.117187 -0.089327 -0.096041 
 -0.019832 0.203927 0.136546 
 -0.087493 0.596439 0.006789 
 0.212795 0.223054 -0.004383 
 -0.009639 -0.535324 0.047646 
 -0.150816 0.843213 0.020315 
 -0.054281 0.317521 0.057517 
 -0.145582 0.886440 0.010068 
 -0.093874 0.107980 -0.231837 
 -0.097239 0.967894 -0.005737 
 -0.100534 -0.491964 0.069217 
 -0.014633 0.383386 0.039517 
 -0.042925 0.723178 0.021070 
 0.290039 0.025544 0.072246 
 0.043856 0.012349 -0.209552 
 -0.090386 0.725771 0.045006 
 -0.171887 -0.657561 0.089580 
 -0.056013 0.178972 0.144292 
 0.097970 0.160504 -0.050966 
 -0.125275 0.852759 0.023738 
 0.060339 0.177246 -0.025644 
 0.127470 0.741291 -0.012243 
 0.043684 -0.055646 -0.172127 
 -0.099441 -0.305068 0.000393 
 -0.025205 -0.184742 -0.051507 
 0.095148 0.651004 0.017746 
 0.140584 0.648632 -0.005306 
 -0.048214 -0.362725 0.043856 
 0.170939 -0.668170 0.142013 
 0.230253 -0.219945 0.016991 
 0.017086 0.627669 0.007367 
 0.116313 -0.509818 0.023114 
 0.323056 -0.035620 0.070924 
 0.214417 0.086880 0.068597 
 -0.195186 -0.223356 -0.074833 
 0.014479 0.907482 0.030089 
 0.041668 0.786578 -0.003911 
 -0.008155 -0.236913 -0.053974 
 0.302876 -0.354005 0.084309 
 -0.113797 0.007238 -0.184812 
 -0.261587 -0.172428 -0.035018 
 -0.099285 -0.235845 -0.035907 
 -0.182936 -0.276076 -0.048979 
 -0.164196 0.302672 0.128960 
 -0.235984 -0.137349 -0.070924 
 0.041148 -0.124700 -0.123127 
 0.192536 -0.009356 -0.138869 
 -0.108505 0.843413 0.025006 
 -0.136769 -0.303787 -0.031777 
 0.334039 -0.043248 0.113552 
 0.138944 -0.261534 0.031309 
 -0.025542 -0.326263 0.021205 
 0.009420 0.653313 0.008354 
 0.103215 0.485286 0.186893 
 0.284720 -0.275338 0.046690 
 0.161320 -0.102059 -0.121956 
 0.137449 -0.619133 0.084543 
 -0.176555 -0.301972 -0.050216 
 0.228141 -0.461519 0.038998 
 -0.066197 0.842428 0.029707 
 0.133861 0.674203 -0.004076 
 -0.141717 0.795231 0.045528 
 -0.162406 -0.310362 -0.035350 
 -0.161707 -0.524778 0.059752 
 0.068427 -0.311661 0.033102 
 -0.017917 0.560804 -0.003030 
 0.000205 -0.319240 0.024789 
 -0.016761 0.645534 0.004812 
 0.062212 0.553840 0.134893 
 0.283115 -0.388642 0.092166 
 0.120548 0.118037 -0.192625 
 -0.166946 -0.130719 -0.063139 
 -0.301556 -0.169730 -0.053460 
 -0.266908 0.018368 -0.147188 
 0.025194 -0.353285 0.023330 
 0.277342 0.135977 0.122930 
 0.211227 -0.452512 0.036080 
 -0.290103 -0.507202 0.088730 
 -0.162999 -0.409955 0.040781 
 -0.055993 0.750377 0.051983 
 -0.092018 0.155737 0.138240 
 -0.202292 0.208597 0.172535 
 0.027473 -0.281856 -0.025396 
 -0.142546 -0.069200 -0.140831 
 0.167806 -0.494859 0.029126 
 -0.151028 0.181183 0.174078 
 0.022091 0.340156 0.082064 
 -0.076685 0.760109 0.064019 
 0.160238 -0.467269 0.016617 
 0.030195 0.331950 0.124701 
 -0.264795 0.209770 0.265207 
 0.200281 -0.228991 0.040786 
 0.002773 0.306423 0.079333 
 0.255408 -0.368357 0.049581 
 0.177927 -0.111088 -0.121324 
 0.012994 0.476406 0.050364 
 -0.201404 -0.266953 -0.050137 
 -0.052292 0.706454 0.019979 
 0.198498 0.095887 0.067675 
 0.166276 0.209039 -0.039135 
 0.325336 -0.275868 0.065020 
 0.031808 0.685413 -0.014593 
 -0.191368 0.155999 0.196793 
 0.009086 0.652866 0.008358 
 0.072972 0.575726 0.023173 
 -0.288351 -0.223914 -0.042214 
 0.295455 0.041611 0.088492 
 0.302877 -0.353952 0.084925 
 -0.059871 -0.623504 0.076642 
 0.220567 -0.070216 -0.112148 
 -0.328561 -0.093916 -0.038510 
 0.011526 -0.371785 0.049770 
 0.220563 -0.071273 -0.112551 
 -0.232451 -0.096755 -0.081472 
 0.000339 0.637045 0.005962 
 -0.325965 -0.417448 0.063961 
 -0.072062 0.436123 0.037276 
 0.115413 0.191177 -0.046180 
 -0.145570 -0.321136 -0.034175 
 0.085912 -0.056797 -0.169019 
 0.254972 -0.525641 0.078643 
 0.206407 -0.019360 -0.110114 
 -0.167011 0.328421 0.101872 
 0.152867 0.750568 -0.009599 
 -0.207696 -0.129076 -0.080451 
 0.318740 -0.137175 0.019775 
 0.178672 -0.069084 -0.118095 
 0.079142 -0.223689 -0.014643 
 -0.041416 0.808032 0.029787 
 -0.028725 0.188073 0.134090 
 0.128169 -0.450414 0.014297 
 0.273482 -0.448530 0.087642 
 0.005129 0.568670 0.014957 
 0.039476 0.526829 0.057569 
 -0.007428 0.704611 0.010824 
 -0.073519 0.975659 -0.002203 
 -0.086560 0.124263 -0.215719 
 -0.232442 -0.094496 -0.080439 
 -0.016705 -0.309329 0.024303 
 0.308425 -0.266839 0.064811 
 0.034681 0.618730 0.008273 
 -0.041350 -0.176599 -0.052657 
 -0.046170 0.595929 0.011488 
 0.111355 0.457860 0.186818 
 0.034591 0.662222 0.011888 
 0.085399 0.451763 0.183196 
 -0.035674 0.461641 0.029403 
 -0.004545 0.375378 0.082144 
 -0.096845 0.223273 0.130570 
 -0.047106 0.195990 0.146724 
 0.014039 0.323130 0.065834 
 0.157551 0.192596 -0.041519 
 0.059358 -0.569927 0.038599 
 0.025954 -0.310514 0.026425 
 0.075625 -0.142448 -0.121091 
 0.038115 0.373879 0.086889 
 0.229548 0.215020 -0.000978 
 -0.048129 0.767159 0.053720 
 -0.138673 -0.488862 0.037034 
 -0.082164 -0.245133 -0.034745 
 0.007884 -0.106969 -0.126598 
 0.096277 0.144151 -0.094771 
 0.038874 0.416688 0.089915 
 0.281156 -0.360577 0.053159 
 -0.286331 -0.564867 0.154597 
 -0.111916 0.503451 -0.017833 
 -0.116251 0.326774 0.065427 
 0.190863 -0.009866 -0.138863 
 0.082291 0.699623 -0.007516 
 0.051706 -0.301854 0.031930 
 -0.012670 0.105577 -0.207263 
 -0.084810 -0.659916 0.099170 
 0.003801 0.098052 -0.207707 
 -0.315430 -0.006649 -0.083645 
 -0.077665 0.528529 -0.012325 
 0.079315 0.078275 -0.214603 
 -0.055454 0.494707 0.001837 
 0.011600 -0.371760 0.049770 
 -0.316281 -0.329321 0.030257 
 -0.176323 0.217381 0.176150 
 0.010716 -0.272895 -0.027656 
 0.197531 0.096555 0.067671 
 0.327293 -0.275873 0.065213 
 -0.137372 -0.375072 0.004490 
 -0.125913 -0.078057 -0.138057 
 -0.181844 0.242039 0.163640 
 0.001071 0.194892 0.110094 
 0.150016 -0.050161 -0.147095 
 -0.070679 0.115474 -0.215381 
 0.209840 0.023190 -0.133464 
 -0.006257 -0.098620 -0.140574 
 -0.073733 -0.298446 0.003844 
 -0.217250 0.148028 0.193925 
 0.318737 -0.138067 0.019783 
 0.021901 0.560126 0.013928 
 -0.002654 0.874052 0.025312 
 0.343653 0.013997 0.119224 
 -0.096843 0.224006 0.129400 
 -0.167201 -0.130718 -0.063139 
 -0.190312 -0.533714 0.069629 
 0.108486 -0.671956 0.092088 
 -0.024945 0.047248 -0.200967 
 0.037360 0.271153 0.021652 
 -0.170408 -0.258972 -0.074013 
 -0.022368 -0.353669 0.047433 
 -0.008628 -0.335223 0.023621 
 -0.102328 -0.279068 -0.026128 
 -0.024038 0.671179 0.006046 
 0.159858 -0.354399 -0.001373 
 0.328796 -0.189759 0.058722 
 0.229068 0.215003 -0.003235 
 0.034586 0.661088 0.011108 
 0.194569 -0.558110 0.069036 
 0.012705 0.408838 0.086970 
 0.109827 0.372925 0.180006 
 0.053141 -0.274045 -0.022120 
 0.008478 -0.543633 0.035100 
 0.207533 -0.184036 0.003138 
 0.059777 -0.329223 0.030696 
 -0.046695 0.510028 0.004240 
 -0.068430 -0.596272 0.064171 
 -0.009175 -0.070735 -0.166893 
 0.223411 -0.392013 0.029821 
 -0.146634 0.928816 0.014645 
 0.074411 -0.466003 0.020883 
 -0.287590 -0.180253 -0.038753 
 -0.017162 0.603502 0.001186 
 -0.064184 -0.019235 -0.182633 
 0.235824 0.057443 -0.184689 
 -0.205128 0.034835 -0.193437 
 0.120170 0.035550 -0.213548 
 0.185750 -0.026405 -0.141229 
 0.189811 0.300874 -0.000688 
 -0.036781 0.281853 0.097319 
 0.158126 0.789595 -0.033206 
 0.056242 -0.614503 0.049002 
 -0.168147 -0.131750 -0.063130 
 -0.289042 -0.434982 0.052625 
 0.109807 0.372920 0.179431 
 0.129980 -0.666527 0.123151 
 -0.035141 -0.387097 0.015146 
 -0.050591 -0.096946 -0.131484 
 -0.031998 0.072498 -0.199752 
 -0.116377 0.325887 0.065434 
 0.248952 -0.498393 0.066739 
 0.007627 0.298677 0.147492 
 0.124425 0.699792 -0.001838 
 -0.313233 -0.188533 -0.042138 
 -0.126587 -0.173033 -0.062073 
 0.266099 -0.464547 0.070968 
 0.240606 -0.358295 0.035496 
 0.060853 0.045214 -0.205505 
 0.379113 -0.132104 0.083346 
 -0.177017 -0.329828 -0.010313 
 -0.096837 0.225753 0.129386 
 -0.112267 -0.366659 0.008063 
 0.166852 -0.494110 0.029121 
 -0.232719 -0.346287 -0.003751 
 0.027143 -0.047363 -0.174791 
 -0.182011 -0.094370 -0.117944 
 0.033746 -0.650756 0.072883 
 -0.266336 0.147785 0.216645 
 -0.063268 0.818668 0.056429 
 -0.163002 -0.410846 0.040692 
 -0.025211 -0.186524 -0.051493 
 0.348009 -0.070613 0.071254 
 -0.247954 -0.624498 0.125895 
 0.204042 0.205520 -0.006764 
 -0.118871 -0.157548 -0.059670 
 0.258606 -0.324595 0.039454 
 -0.216735 0.191457 0.197797 
 0.085398 0.451640 0.183198 
 -0.037393 0.891925 0.023343 
 -0.023805 0.090558 -0.197414 
 0.038113 0.373234 0.086894 
 -0.102564 -0.251342 -0.066134 
 -0.253759 0.236886 0.168987 
 0.153771 -0.555896 0.048905 
 0.240141 -0.472426 0.067381 
 0.157680 -0.227826 0.036364 
 -0.044465 0.443468 0.027016 
 -0.207365 -0.524615 0.068836 
 0.132113 0.181831 -0.045026 
 0.022278 -0.596370 0.046314 
 0.204047 0.207196 -0.006778 
 0.322299 -0.077580 0.067264 
 -0.109044 0.779396 0.061686 
 0.311108 -0.408393 0.136940 
 0.188804 0.300878 -0.000619 
 -0.138638 0.903151 0.011370 
 -0.016707 -0.309345 0.022390 
 0.032070 0.145845 -0.214444 
 0.245244 -0.384985 0.047168 
 -0.001558 0.122114 -0.221680 
 0.115465 -0.269387 0.027735 
 0.108233 0.816588 -0.037208 
 -0.019996 -0.552268 0.045226 
 -0.252203 -0.267764 -0.013725 
 -0.178415 -0.232300 -0.073419 
 -0.065087 -0.395399 0.039008 
 0.012398 0.113198 -0.207351 
 -0.173299 -0.078414 -0.115619 
 0.015830 -0.131907 -0.126904 
 0.347513 -0.296942 0.150353 
 0.322582 0.049784 0.092065 
 0.228264 0.146636 0.047672 
 0.178785 -0.069077 -0.117218 
 0.071188 0.278682 -0.016012 
 0.247415 -0.571556 0.116238 
 -0.218840 -0.601632 0.159343 
 0.116173 0.790735 -0.038374 
 0.146638 -0.175032 0.011050 
 -0.091653 0.769087 0.062856 
 -0.302871 -0.241309 -0.017211 
 -0.334848 -0.535275 0.123695 
 0.023784 0.753235 -0.009748 
 -0.025475 -0.597449 0.068248 
 -0.073744 0.933407 -0.006718 
 0.068615 -0.311667 0.032399 
 -0.271500 -0.230376 -0.041074 
 0.209104 -0.212143 0.042499 
 -0.239807 -0.392691 0.033695 
 -0.163093 -0.453801 0.037115 
 0.162815 -0.296400 0.031229 
 0.016294 0.519984 0.040154 
 0.014028 0.323117 0.064317 
 0.143101 0.328167 -0.031831 
 -0.023890 0.841519 0.035993 
 0.098507 0.583526 0.027621 
 -0.156579 -0.086623 -0.114475 
 -0.024223 -0.597447 0.068971 
 0.362959 -0.080044 0.083804 
 0.327528 -0.119801 0.021821 
 -0.131781 -0.631146 0.068263 
 -0.249613 -0.480310 0.067796 
 -0.336601 -0.067681 -0.034779 
 -0.304922 -0.555687 0.152528 
 -0.295690 -0.197062 -0.040983 
 -0.227676 0.269941 0.133812 
 0.185493 -0.347935 0.001212 
 -0.108479 0.343656 0.067839 
 0.180444 0.124746 -0.143634 
 0.210383 -0.381355 0.001336 
 -0.164867 0.033434 -0.175939 
 0.300022 -0.100551 -0.021629 
 0.328923 -0.375273 0.141042 
 -0.354955 -0.144301 -0.041066 
 -0.266908 0.018369 -0.147093 
 0.200335 -0.228990 0.040861 
 -0.283539 0.027183 -0.147528 
 -0.187847 0.067837 -0.189386 
 0.090271 0.675356 -0.008802 
 0.120869 -0.379874 0.019178 
 -0.219614 -0.645140 0.155406 
 0.361828 -0.080024 0.085837 
 -0.324300 -0.488974 0.086926 
 0.065080 0.128634 -0.212180 
 -0.296410 -0.365982 0.056372 
 0.096843 -0.013690 -0.220586 
 0.244168 -0.062891 -0.095241 
 0.014027 0.323115 0.064016 
 -0.009169 0.576330 -0.000035 
 0.239369 0.051582 0.068762 
 -0.118709 -0.242396 -0.066927 
 -0.243379 -0.251086 -0.011943 
 -0.286304 -0.111881 -0.074845 
 0.029181 0.898555 0.031246 
 0.107474 -0.527238 0.019558 
 0.107189 -0.641681 0.052093 
 0.193557 -0.486251 0.033280 
 -0.057434 0.859593 0.032096 
 0.193543 0.016586 -0.194047 
 -0.005418 -0.291754 0.012981 
 -0.241190 -0.180868 -0.047578 
 0.187301 0.216168 -0.006199 
 -0.027017 0.255891 0.097617 
 -0.185495 -0.138529 -0.107867 
 -0.147661 0.092357 -0.211275 
 0.249428 -0.341458 0.035845 
 0.195295 0.189839 -0.009161 
 -0.044466 0.443618 0.026105 
 -0.023916 -0.439463 0.039462 
 -0.296390 -0.197070 -0.042326 
 -0.348422 -0.396294 0.004653 
 0.067333 0.601293 0.010579 
 0.092005 0.337904 0.174575 
 0.001089 0.678953 0.008537 
 0.007681 -0.014920 -0.202238 
 0.113015 0.319896 -0.007692 
 -0.061872 -0.508160 0.042462 
 0.001091 0.678966 0.010091 
 -0.105164 0.885294 0.014767 
 0.024515 -0.115844 -0.125950 
 0.145062 -0.458265 0.015662 
 0.159815 0.117328 -0.174199 
 -0.111740 0.479254 0.022381 
 0.294810 -0.016777 0.027127 
 -0.129144 0.421320 0.057767 
 -0.132852 0.041872 -0.211449 
 0.144051 -0.646380 0.098121 
 0.058651 -0.230311 -0.045722 
 -0.090386 0.725645 0.045366 
 0.379114 -0.131821 0.083776 
 0.150772 0.707540 0.000688 
 0.185864 -0.134593 -0.122050 
 0.250923 -0.088356 -0.096465 
 -0.265730 -0.615338 0.124712 
 -0.010149 -0.420789 0.014569 
 0.144412 -0.093366 -0.123098 
 0.008482 -0.542298 0.035089 
 0.016287 0.518087 0.040170 
 0.396024 -0.140857 0.083124 
 -0.079617 -0.542251 0.039295 
 -0.280146 -0.418133 0.054396 
 -0.337359 -0.110702 -0.038299 
 -0.225230 -0.051410 -0.105338 
 0.175841 0.067039 -0.190437 
 0.109814 -0.671322 0.092082 
 0.021902 0.560133 0.014839 
 -0.278793 -0.164198 -0.036172 
 0.088614 -0.275096 0.024146 
 -0.152303 -0.365505 0.003318 
 0.137847 0.026113 -0.212411 
 -0.338113 -0.152582 -0.042068 
 -0.236078 -0.321149 -0.016200 
 0.312982 -0.011071 0.086005 
 0.182598 -0.219980 0.039697 
 -0.250489 -0.552680 0.104536 
 0.299591 -0.283161 0.061633 
 0.071147 0.144952 -0.195898 
 -0.259524 -0.034141 -0.107634 
 0.192126 0.042537 -0.233074 
 0.084007 -0.406424 0.026953 
 0.229244 -0.053598 -0.110193 
 -0.088627 0.040956 -0.223483 
 -0.328558 -0.093650 -0.036019 
 -0.008064 -0.679331 0.106322 
 0.172681 0.092417 -0.203037 
 -0.320517 -0.274619 -0.022033 
 0.059018 -0.371755 0.027035 
 -0.084346 -0.587192 0.063023 
 0.037597 0.830533 0.025284 
 0.290332 -0.032880 -0.002912 
 0.168658 -0.337593 0.000886 
 0.106695 0.176974 -0.048583 
 -0.047967 0.333454 0.072016 
 -0.244747 -0.154146 -0.073780 
 0.220667 -0.321953 0.007164 
 0.098194 -0.216440 0.030215 
 0.245712 -0.384987 0.047168 
 0.077432 0.767070 -0.016555 
 -0.080583 0.170701 0.126899 
 0.195282 -0.077931 -0.115629 
 0.003573 0.280147 0.117444 
 0.281599 -0.472109 0.085886 
 -0.388913 -0.266632 0.013139 
 0.106697 0.177734 -0.048589 
 -0.311345 -0.145481 -0.038501 
 0.016012 0.518578 0.040166 
 -0.289580 -0.293341 -0.006953 
 -0.012395 0.535538 0.010171 
 0.182829 -0.262700 0.036044 
 -0.074969 0.145588 0.139424 
 0.175884 -0.520028 0.027874 
 0.086210 -0.083361 -0.128358 
 0.006399 -0.012053 -0.202260 
 0.068217 -0.553227 0.041019 
 -0.261940 0.262203 0.168680 
 0.255371 -0.114300 -0.070088 
 -0.028691 -0.639626 0.078977 
 -0.043062 0.850460 0.033255 
 -0.008350 -0.679342 0.104902 
 -0.139988 0.472060 0.033044 
 0.024351 -0.255796 -0.051653 
 0.254380 -0.297316 0.013443 
 -0.278242 -0.093775 -0.072464 
 0.176011 0.052558 -0.234215 
 -0.298685 -0.016410 -0.082457 
 0.006764 -0.429477 0.016217 
 -0.123705 0.960138 -0.009269 
 0.039732 0.702083 -0.012210 
 -0.071722 -0.643447 0.074237 
 -0.083517 -0.175446 -0.057360 
 -0.079240 0.350792 0.057611 
 -0.037902 0.122411 -0.252431 
 0.096769 0.510999 0.175465 
 0.012514 0.238292 0.058523 
 -0.116375 0.326693 0.065427 
 -0.039106 0.169878 0.145467 
 -0.001284 0.485013 0.035944 
 -0.066059 0.162779 0.141854 
 -0.069966 0.630552 0.011129 
 -0.205836 -0.408986 0.036020 
 -0.081593 0.744499 0.047748 
 -0.187362 -0.489618 0.059667 
 0.119338 0.035553 -0.213548 
 0.094113 0.759102 -0.015413 
 0.212956 0.049208 -0.201978 
 0.180944 -0.433571 0.021431 
 -0.035137 -0.385928 0.015136 
 -0.153776 0.008358 -0.190910 
 -0.008561 -0.264564 -0.012456 
 0.025444 -0.550438 0.036250 
 0.149850 0.707528 -0.001147 
 -0.172501 0.285671 0.125968 
 0.127469 0.741138 -0.013113 
 0.012368 0.366075 0.085040 
 0.084768 -0.363457 0.030738 
 0.034032 -0.336397 0.027102 
 0.038464 -0.533396 0.011235 
 -0.233560 0.000633 -0.144091 
 -0.124399 0.828801 0.050325 
 0.090649 -0.632624 0.050994 
 -0.235314 -0.276932 -0.011339 
 -0.090973 0.266175 0.104393 
 -0.105901 -0.018098 -0.187407 
 -0.167625 -0.629140 0.162902 
 0.249714 -0.455498 0.070458 
 -0.379011 -0.249505 0.015555 
 0.203958 -0.061363 -0.113945 
 0.097980 -0.039578 -0.194227 
 -0.089344 -0.053363 -0.146304 
 -0.028682 0.255579 0.097622 
 -0.301559 -0.170738 -0.053590 
 0.084487 -0.083360 -0.128898 
 0.075873 -0.266892 -0.004521 
 0.290936 0.024984 0.072250 
 -0.011966 0.535612 0.010170 
 -0.080024 0.057025 -0.220491 
 0.122143 0.076831 -0.209990 
 0.214362 -0.523202 0.060124 
 -0.135626 -0.303702 -0.031779 
 -0.042730 -0.218321 -0.056290 
 -0.070719 0.588140 0.008677 
 0.108233 0.816603 -0.037208 
 -0.072686 -0.062227 -0.145880 
 -0.053888 0.222651 0.134178 
 -0.025474 -0.597443 0.068972 
 -0.324665 -0.516885 0.126131 
 -0.107951 0.276354 0.104314 
 -0.252200 -0.266910 -0.013732 
 -0.061870 -0.508029 0.044136 
 -0.125520 -0.078061 -0.138441 
 -0.188857 -0.418733 0.037296 
 -0.178733 -0.514826 0.058404 
 0.300734 -0.283728 0.061637 
 -0.203156 -0.197666 -0.072705 
 -0.034067 -0.105814 -0.130057 
 -0.054145 0.900127 0.021858 
 0.354560 -0.180771 0.062284 
 0.088608 -0.277217 0.025581 
 0.060944 -0.091082 -0.132413 
 0.371154 -0.105927 0.084590 
 0.064350 -0.640518 0.046623 
 -0.023916 -0.439462 0.039614 
 -0.117570 -0.411158 0.031482 
 0.370289 -0.105924 0.084591 
 0.017974 -0.159460 -0.086844 
 -0.365165 -0.301437 0.013058 
 -0.327330 -0.417814 0.063965 
 -0.025349 -0.227966 -0.055129 
 0.003527 0.348136 0.080908 
 -0.169482 -0.130711 -0.063137 
 0.161322 0.655585 0.026003 
 -0.248342 0.183312 0.221545 
 0.025017 -0.254803 -0.051662 
 -0.325967 -0.417821 0.063614 
 0.023675 -0.438961 0.017387 
 0.177931 -0.109956 -0.120819 
 0.067096 -0.397213 0.025860 
 0.128067 0.010368 -0.214761 
 -0.341401 -0.480126 0.085198 
 -0.287571 -0.564862 0.154598 
 -0.060763 -0.465194 0.047810 
 -0.284574 0.218989 0.262935 
 0.094634 -0.013682 -0.220584 
 0.285441 0.110013 0.122466 
 -0.288350 -0.223832 -0.042215 
 -0.154893 -0.437171 0.039540 
 -0.138673 -0.488865 0.036680 
 -0.006252 -0.097644 -0.139326 
 -0.175807 -0.051451 -0.142263 
 0.095242 0.425141 0.181942 
 -0.199572 -0.435676 0.034776 
 0.226337 -0.095576 -0.099988 
 0.030192 0.331282 0.124707 
 -0.195980 -0.435688 0.034773 
 -0.142163 -0.277784 -0.044256 
 -0.137907 -0.445061 0.040700 
 -0.057007 0.248297 0.107831 
 -0.206021 -0.129091 -0.081572 
 0.113560 -0.312110 0.022941 
 0.084957 0.519688 0.146577 
 -0.293894 0.201718 0.274272 
 0.322585 0.050683 0.092058 
 0.220064 -0.435630 0.039049 
 0.027816 0.211164 0.015865 
 -0.061869 -0.508133 0.045700 
 0.082491 -0.490716 0.019626 
 0.396187 -0.140846 0.084509 
 0.281540 -0.202642 0.023963 
 -0.328558 -0.093889 -0.035238 
 -0.202939 -0.337673 -0.013884 
 0.079501 -0.223697 -0.015474 
 0.048784 -0.150170 -0.124607 
 0.221549 0.066102 -0.200035 
 0.027386 0.020525 -0.211332 
 -0.354200 -0.101721 -0.039579 
 -0.205839 -0.409679 0.035690 
 0.066850 -0.354434 0.029444 
 -0.090446 0.941895 -0.006963 
 -0.260766 -0.103004 -0.071306 
 0.019078 0.046348 -0.210124 
 0.052460 0.028787 -0.206812 
 0.076847 0.545246 0.148849 
 -0.128532 -0.357625 0.008820 
 0.230547 0.035158 0.066529 
 0.302398 0.100672 0.122243 
 0.200975 0.060127 -0.230746 
 0.272993 -0.039624 -0.047907 
 -0.205601 0.034829 -0.194326 
 -0.134431 -0.026115 -0.177238 
 0.221312 -0.028402 -0.108967 
 0.154294 0.018005 -0.211290 
 0.255891 -0.212141 0.017948 
 -0.310960 -0.059992 -0.031216 
 0.033745 -0.650767 0.071504 
 0.017121 -0.327359 0.027869 
 0.070863 0.061864 -0.216948 
 -0.108710 -0.394237 0.033426 
 0.111357 0.458602 0.186812 
 -0.080088 0.827629 0.054118 
 0.023466 0.710995 -0.012639 
 0.109823 0.371959 0.179439 
 0.251932 0.026661 0.039870 
 -0.089141 0.240262 0.131836 
 -0.036974 0.934286 0.026629 
 0.023947 -0.089070 -0.162205 
 -0.117853 0.760180 0.059303 
 -0.037464 0.527821 0.006623 
 -0.025208 -0.185547 -0.051967 
 0.127957 -0.562558 0.046936 
 -0.054659 -0.649526 0.075387 
 0.157289 -0.227827 0.036126 
 -0.248565 -0.624500 0.125356 
 0.137239 -0.192887 0.008656 
 0.255894 -0.212119 0.020668 
 0.057106 0.153789 -0.210968 
 0.305987 -0.126755 -0.009012 
 -0.072502 0.032178 -0.221707 
 -0.139329 0.837779 0.050862 
 -0.332998 -0.334942 -0.013959 
 0.107723 0.708695 -0.003599 
 0.104224 0.002735 -0.217016 
 0.082294 -0.491786 0.019635 
 0.252402 -0.046855 -0.092864 
 -0.048697 -0.150919 -0.051422 
 -0.261028 -0.284797 -0.017057 
 -0.278946 -0.375057 0.058737 
 -0.237959 -0.463586 0.056156 
 0.217876 0.265285 -0.028445 
 -0.158136 0.345389 0.106827 
 -0.128950 -0.471917 0.039455 
 0.016429 -0.159462 -0.087698 
 0.086209 -0.083373 -0.129802 
 -0.031850 -0.159338 -0.064018 
 -0.294804 -0.266769 -0.018043 
 0.293548 -0.257172 0.049586 
 0.192450 0.258366 -0.034019 
 0.109724 -0.023159 -0.205660 
 0.363384 -0.163975 0.064693 
 -0.111129 -0.595101 0.059422 
 -0.282865 -0.025340 -0.081330 
 -0.345403 -0.084927 -0.038947 
 0.084767 -0.363463 0.030117 
 0.048514 0.137395 -0.214508 
 0.190713 -0.175650 0.001982 
 0.041147 -0.124707 -0.123937 
 0.084628 0.407362 0.179518 
 -0.133759 -0.026120 -0.177573 
 -0.327596 -0.093899 -0.036018 
 -0.302939 0.184081 0.271767 
 -0.272666 -0.302347 -0.003936 
 -0.312361 -0.145478 -0.038500 
 0.202146 0.032443 -0.190513 
 0.109728 -0.022058 -0.205669 
 -0.175968 0.173240 0.172452 
 0.024434 -0.396290 0.021046 
 0.227880 -0.461521 0.038687 
 0.291272 -0.117159 -0.023979 
 -0.286296 -0.109576 -0.074864 
 -0.249612 -0.480303 0.068670 
 -0.288346 -0.222509 -0.042226 
 -0.051048 -0.264049 -0.018684 
 0.017084 0.627068 0.007125 
 0.409207 -0.149230 0.113316 
 0.088288 -0.207647 -0.012239 
 -0.087885 0.082619 -0.218394 
 -0.032656 0.824021 0.032023 
 0.007624 0.297981 0.147529 
 -0.185406 -0.346329 -0.012725 
 0.005959 0.890766 0.027701 
 -0.041638 -0.473328 0.032734 
 -0.064024 0.776135 0.053520 
 -0.059413 -0.210072 -0.057440 
 0.206022 -0.157930 -0.036989 
 -0.002856 0.333371 0.064660 
 0.140792 -0.218445 0.034958 
 0.098497 0.510993 0.175463 
 -0.126590 -0.173842 -0.062066 
 -0.217392 -0.034742 -0.103258 
 0.102078 0.733628 -0.016643 
 0.085395 0.741143 -0.017781 
 -0.001286 0.484996 0.033906 
 -0.123853 0.958708 -0.009257 
 0.134798 -0.015139 -0.202094 
 -0.125668 -0.385186 0.032818 
 -0.189976 -0.068835 -0.117184 
 0.094142 -0.108789 -0.128953 
 -0.041635 -0.472871 0.035257 
 0.068091 0.645375 0.014188 
 0.082804 -0.605484 0.038523 
 0.067330 0.600858 0.009598 
 0.191049 -0.175651 0.001983 
 0.061774 0.468031 0.125470 
 -0.056076 -0.071067 -0.142572 
 0.036698 0.917176 0.047515 
 -0.296144 -0.197060 -0.040982 
 -0.103183 -0.421076 0.046063 
 -0.240561 -0.432854 0.029999 
 -0.235221 -0.575667 0.061207 
 0.043682 -0.055658 -0.173679 
 -0.114383 0.301127 0.091777 
 -0.051685 0.706700 0.019976 
 -0.050167 -0.002127 -0.208023 
 0.281916 -0.317485 0.056072 
 -0.142164 -0.277965 -0.044255 
 0.073568 0.684255 -0.011208 
 0.219182 -0.364554 0.002943 
 0.190716 -0.174678 0.001976 
 -0.128662 0.512968 -0.019339 
 0.013403 -0.613347 0.042695 
 0.098191 -0.217648 0.031404 
 -0.046345 0.081890 -0.214666 
 -0.110620 -0.552031 0.062773 
 -0.249192 -0.085565 -0.081947 
 0.178672 -0.069089 -0.118660 
 0.213324 -0.616564 0.221386 
 0.258969 -0.239158 0.046761 
 0.127247 -0.180829 -0.033847 
 0.210383 -0.381358 0.000975 
 -0.131308 0.173148 0.163462 
 0.078059 0.253040 -0.017024 
 -0.097971 -0.069943 -0.149414 
 -0.163003 -0.410850 0.040116 
 -0.247795 0.183401 0.221544 
 0.056197 0.583789 0.022056 
 -0.265238 0.149038 0.216634 
 -0.036859 0.213023 0.137028 
 0.020265 0.088002 -0.205995 
 -0.168520 -0.355701 -0.012726 
 -0.037896 0.123527 -0.250033 
 0.395320 -0.140843 0.084509 
 0.192402 0.042527 -0.234227 
 -0.076912 0.570893 -0.008421 
 0.310490 0.072987 0.121008 
 -0.092206 0.769354 0.062855 
 0.318580 -0.136582 0.019771 
 -0.099463 0.317743 0.065297 
 0.097967 0.159727 -0.050959 
 -0.233079 0.157181 0.192740 
 0.013892 0.585822 0.016758 
 0.371084 -0.260963 0.113788 
 -0.082161 -0.244251 -0.034753 
 -0.090626 0.334638 0.069754 
 -0.322717 -0.204882 -0.044544 
 0.080673 0.700938 -0.007526 
 0.281873 -0.064809 -0.062950 
 -0.035886 0.977585 0.030243 
 -0.104193 0.386180 0.056909 
 -0.034642 0.995910 0.074312 
 -0.139990 0.472044 0.031100 
 0.075321 0.459335 0.140991 
 0.012511 0.237691 0.057941 
 0.013127 0.408795 0.086970 
 -0.011903 0.535612 0.010170 
 -0.175808 -0.051454 -0.142632 
 -0.248678 -0.408523 0.029472 
 -0.025871 -0.597442 0.068973 
 -0.124365 0.395451 0.070331 
 0.231523 -0.149548 -0.034339 
 0.256867 -0.030804 -0.062865 
 -0.031103 -0.034916 -0.180589 
 0.151982 0.175093 -0.057714 
 -0.030901 0.781583 0.014526 
 0.105259 0.002721 -0.218241 
 0.056810 0.382041 0.131974 
 -0.065501 0.907837 -0.007047 
 -0.102488 -0.578217 0.061852 
 0.278681 -0.107448 -0.053872 
 -0.360570 -0.442759 0.057925 
 -0.127970 -0.286889 -0.029115 
 -0.056291 0.966755 -0.000289 
 0.210387 -0.380050 0.001109 
 -0.065344 -0.253786 -0.033439 
 0.139274 -0.304064 0.027653 
 0.183384 -0.222329 0.039716 
 -0.002859 0.332308 0.064669 
 0.145061 -0.458487 0.015453 
 0.046147 0.287939 0.024378 
 -0.270887 0.244458 0.167820 
 0.124831 -0.607784 0.057009 
 -0.388911 -0.266032 0.013135 
 -0.012671 0.105576 -0.207453 
 -0.112091 0.232340 0.128232 
 0.125754 -0.252538 0.030142 
 -0.000383 -0.560708 0.032683 
 0.050090 -0.587397 0.036185 
 0.078530 -0.196230 -0.055124 
 -0.071689 0.186771 0.129336 
 -0.265178 -0.328250 -0.006083 
 -0.109555 0.116731 -0.235064 
 -0.364619 -0.344824 0.009392 
 -0.015128 0.858239 0.036800 
 0.260281 -0.239162 0.046760 
 0.220067 -0.435606 0.041988 
 -0.122704 0.487706 -0.006412 
 -0.228390 0.269933 0.132543 
 -0.090041 0.445110 0.036116 
 0.329449 -0.019209 0.087163 
 -0.059999 0.132030 -0.226014 
 0.316502 -0.292309 0.062800 
 0.041666 0.786566 -0.005356 
 0.166504 -0.210967 0.039419 
 0.333584 0.039726 0.133753 
 -0.005733 0.289528 0.074830 
 -0.071175 0.325439 0.054636 
 -0.063106 0.520028 0.003075 
 -0.173259 -0.542797 0.072227 
 0.109102 -0.671320 0.092082 
 -0.261027 -0.284790 -0.016164 
 -0.187544 -0.206607 -0.071548 
 -0.013297 0.425968 0.041452 
 0.192404 0.042679 -0.233076 
 -0.123147 0.463071 0.033429 
 -0.034286 0.996636 0.074306 
 -0.046438 0.195988 0.146723 
 0.168073 -0.380199 -0.003603 
 0.186256 -0.303976 0.005914 
 -0.091982 -0.026770 -0.172598 
 0.003058 0.055141 -0.209836 
 -0.141732 0.293358 0.101982 
 0.169248 -0.127671 -0.124736 
 -0.099446 -0.306291 0.000334 
 -0.127973 -0.287708 -0.029370 
 -0.001893 -0.123555 -0.128045 
 -0.251104 -0.197651 -0.050107 
 0.123874 -0.295251 0.026490 
 0.067973 0.528283 0.144536 
 0.074374 -0.073693 -0.156472 
 0.032619 0.146175 -0.214447 
 0.011111 0.695671 0.011976 
 -0.086077 0.554182 -0.010672 
 -0.064578 0.410333 0.035954 
 -0.176900 -0.145689 -0.065545 
 0.250544 -0.088354 -0.096465 
 -0.311717 -0.102883 -0.035300 
 -0.082552 0.308143 0.067762 
 0.029390 0.898555 0.031246 
 0.276659 -0.248172 0.047502 
 0.196811 0.132292 -0.084292 
 -0.283718 -0.462122 0.065212 
 0.128550 -0.636984 0.083224 
 0.323506 -0.095314 -0.004212 
 -0.019898 0.882987 0.024159 
 -0.140708 -0.166115 -0.076944 
 -0.306492 -0.284320 -0.008073 
 -0.324302 -0.488988 0.085172 
 0.068726 0.752954 -0.018954 
 0.226331 -0.097452 -0.099972 
 -0.233645 0.000065 -0.144086 
 -0.017535 -0.253649 -0.056365 
 0.120865 -0.381067 0.019188 
 -0.034802 -0.202278 -0.053892 
 -0.136722 -0.233446 -0.068082 
 0.322297 -0.078462 0.067422 
 -0.206034 -0.017750 -0.114314 
 0.106259 0.527994 0.178174 
 0.032945 0.771009 -0.007377 
 -0.273160 -0.545258 0.129688 
 -0.041913 0.239017 0.109006 
 -0.038703 -0.132254 -0.062797 
 0.022463 -0.667934 0.082511 
 -0.005255 0.399586 0.041923 
 0.136654 0.310552 -0.047154 
 0.225037 0.040431 -0.174144 
 -0.308257 -0.426916 0.065139 
 0.379114 -0.131825 0.083317 
 -0.189357 0.337827 0.128348 
 0.013102 0.476405 0.050355 
 0.182702 0.000973 -0.181421 
 0.298732 -0.058597 -0.004149 
 0.013446 0.543404 0.013718 
 0.148977 -0.023721 -0.187256 
 0.031439 0.685409 -0.015272 
 -0.097701 -0.123588 -0.065986 
 -0.018947 0.925348 0.027781 
 0.087278 -0.180435 -0.052310 
 0.153711 -0.484131 0.014206 
 0.226654 0.173473 0.006969 
 0.296032 -0.143403 -0.011403 
 0.225234 -0.263935 0.040781 
 -0.108504 0.843804 0.023773 
 0.343475 -0.242113 0.070037 
 0.240107 -0.358301 0.034638 
 -0.123691 0.395449 0.070349 
 -0.306487 -0.283110 -0.007178 
 -0.307201 -0.498098 0.087556 
 -0.017029 -0.465424 0.038848 
 0.010609 -0.037996 -0.173587 
 0.213441 0.123118 -0.082915 
 -0.213202 -0.214399 -0.075096 
 0.174749 0.199452 -0.010317 
 -0.207361 -0.523355 0.068490 
 -0.298686 -0.016742 -0.082481 
 -0.231297 -0.025502 -0.118276 
 0.084805 0.364996 0.175823 
 0.076832 0.659298 0.016599 
 -0.036780 0.281862 0.098381 
 0.144912 -0.572813 0.047475 
 -0.037418 -0.543208 0.044055 
 0.167901 -0.380187 -0.002278 
 -0.093528 -0.262252 -0.022628 
 -0.036017 0.324760 0.102407 
 -0.000804 -0.123559 -0.128172 
 0.023675 -0.438824 0.017650 
 -0.059481 0.132130 -0.226015 
 -0.306469 -0.555674 0.153413 
 0.076835 0.660179 0.016591 
 -0.218769 0.286941 0.134116 
 -0.171807 0.059016 -0.188470 
 -0.077355 0.827628 0.055037 
 -0.102565 -0.251345 -0.066434 
 0.057783 -0.132326 -0.122246 
 -0.229562 0.068981 -0.193317 
 -0.040879 -0.431942 0.038940 
 0.145988 -0.572811 0.048113 
 0.184721 -0.502870 0.030283 
 -0.113875 0.232338 0.127197 
 0.162064 -0.060659 -0.118358 
 0.232392 -0.489354 0.064961 
 -0.000173 0.636601 0.005966 
 -0.000274 0.636601 0.005966 
 -0.062593 0.275583 0.095269 
 -0.047297 -0.028058 -0.181713 
 -0.008348 -0.679321 0.107382 
 -0.208451 -0.171456 -0.086316 
 0.176310 0.109788 -0.173073 
 0.296838 0.043028 0.088479 
 -0.168445 -0.383998 0.030709 
 -0.051595 -0.533124 0.029173 
 -0.334375 -0.025173 -0.044855 
 -0.035336 0.281861 0.098868 
 0.131653 0.632939 -0.007695 
 -0.340315 -0.266273 -0.009793 
 0.311732 -0.338370 0.086738 
 -0.351930 -0.426466 0.060363 
 -0.096907 0.836379 0.053883 
 0.310574 -0.337029 0.086728 
 -0.057007 0.248083 0.107833 
 0.049021 -0.473746 0.017304 
 0.201177 0.274787 -0.029600 
 -0.209306 0.121756 0.195001 
 0.296135 -0.074098 -0.047333 
 0.082488 -0.491655 0.019634 
 -0.353446 -0.059684 -0.035931 
 -0.027377 0.367006 0.064751 
 -0.113475 0.232345 0.128233 
 -0.088763 0.597084 0.006785 
 -0.140418 -0.164820 -0.076955 
 0.157680 -0.227827 0.036329 
 -0.080989 0.486556 -0.001562 
 -0.085654 0.556582 -0.010693 
 -0.099132 0.065811 -0.207863 
 0.085138 -0.605492 0.038521 
 0.183391 -0.220314 0.039699 
 -0.015129 0.858235 0.035779 
 -0.147248 0.886445 0.010069 
 0.220245 -0.550016 0.072626 
 0.195282 -0.077930 -0.115526 
 0.045331 0.094286 -0.203068 
 0.153726 -0.484131 0.014206 
 0.053694 0.112084 -0.200730 
 0.276844 -0.248169 0.047923 
 -0.267161 -0.144368 -0.047511 
 -0.329936 -0.319523 0.016471 
 0.137016 0.109807 -0.192682 
 -0.033970 -0.202288 -0.054848 
 -0.068498 -0.640523 0.074209 
 0.010591 0.737364 0.015605 
 0.237538 -0.288265 0.011968 
 0.228518 -0.053643 -0.110191 
 0.222482 0.061019 0.067632 
 0.200619 0.148411 -0.054266 
 -0.005432 -0.362632 0.048601 
 -0.171685 -0.657562 0.089580 
 -0.038939 0.418145 0.037980 
 -0.162394 -0.283650 -0.073893 
 0.012368 0.366659 0.083307 
 -0.239781 -0.607360 0.128344 
 -0.302993 -0.240910 -0.017215 
 -0.217509 0.147360 0.193931 
 -0.225498 -0.189837 -0.046537 
 0.264693 -0.195311 0.023197 
 0.089405 -0.474902 0.022049 
 0.307775 -0.041828 -0.001757 
 