0.047322 0.945457 0.047840 
 0.027401 0.953388 0.045053 
 0.007479 0.961320 0.042266 
 -0.011529 0.971784 0.068371 
 -0.031501 0.979736 0.065578 
 -0.051473 0.987687 0.062784 
 -0.071444 0.995639 0.059990 
 0.118968 0.893662 0.059343 
 0.099046 0.901593 0.056556 
 0.079125 0.909525 0.053770 
 0.059204 0.917456 0.050983 
 0.039282 0.925388 0.048196 
 0.019361 0.933319 0.045409 
 -0.000561 0.941251 0.042623 
 -0.020482 0.949182 0.039836 
 -0.040404 0.957114 0.037049 
 -0.059533 0.967568 0.063141 
 -0.079505 0.975519 0.060348 
 0.110928 0.873593 0.059699 
 0.091006 0.881524 0.056913 
 0.071085 0.889456 0.054126 
 0.051163 0.897387 0.051339 
 0.031242 0.905319 0.048553 
 0.011320 0.913250 0.045766 
 -0.008601 0.921182 0.042979 
 -0.028522 0.929113 0.040193 
 -0.048444 0.937045 0.037406 
 -0.068365 0.944976 0.034619 
 -0.088287 0.952908 0.031832 
 0.119671 0.840042 -0.009534 
 0.101080 0.850163 0.016641 
 0.081235 0.858065 0.013865 
 0.061941 0.867106 0.025553 
 0.043123 0.877318 0.051696 
 0.023202 0.885250 0.048909 
 0.003280 0.893181 0.046122 
 -0.015739 0.903473 0.072237 
 -0.035710 0.911425 0.069443 
 -0.056484 0.916976 0.037762 
 -0.076405 0.924907 0.034976 
 -0.096327 0.932839 0.032189 
 -0.116248 0.940770 0.029402 
 0.131477 0.812218 -0.006410 
 0.111682 0.820099 -0.009179 
 0.091886 0.827981 -0.011949 
 0.072091 0.835862 -0.014718 
 0.053921 0.847088 0.025909 
 0.035083 0.857249 0.052052 
 0.015162 0.865181 0.049265 
 -0.004760 0.873112 0.046479 
 -0.023799 0.883353 0.072594 
 -0.043771 0.891305 0.069801 
 -0.064524 0.896907 0.038119 
 -0.083714 0.907208 0.064213 
 -0.103686 0.915160 0.061420 
 -0.123658 0.923111 0.058626 
 0.122223 0.790177 -0.035015 
 0.103692 0.800157 -0.008825 
 0.083897 0.808039 -0.011594 
 0.064101 0.815920 -0.014363 
 0.045901 0.827070 0.026264 
 0.026030 0.834981 0.023485 
 0.007121 0.845112 0.049622 
 -0.012800 0.853043 0.046835 
 -0.032721 0.860975 0.044048 
 -0.052643 0.868906 0.041262 
 -0.072564 0.876838 0.038475 
 -0.091775 0.887088 0.064571 
 -0.111747 0.895040 0.061777 
 -0.131719 0.902992 0.058983 
 0.115499 0.772334 -0.005702 
 0.095703 0.780215 -0.008471 
 0.075908 0.788096 -0.011240 
 0.056112 0.795978 -0.014009 
 0.037360 0.805987 0.012154 
 0.018010 0.814963 0.023840 
 -0.000919 0.825043 0.049978 
 -0.020840 0.832974 0.047192 
 -0.040762 0.840906 0.044405 
 -0.060683 0.848837 0.041618 
 -0.080604 0.856769 0.038832 
 -0.100526 0.864700 0.036045 
 -0.120447 0.872632 0.033258 
 0.127305 0.744510 -0.002579 
 0.107509 0.752391 -0.005348 
 0.087714 0.760273 -0.008117 
 0.067918 0.768154 -0.010886 
 0.048123 0.776036 -0.013655 
 0.029350 0.785994 0.012509 
 0.010963 0.797042 0.053121 
 -0.008959 0.804973 0.050335 
 -0.028880 0.812905 0.047548 
 -0.048802 0.820837 0.044761 
 -0.068723 0.828768 0.041975 
 -0.088644 0.836700 0.039188 
 -0.108566 0.844631 0.036401 
 -0.128487 0.852563 0.033615 
 0.119316 0.724568 -0.002225 
 0.099520 0.732449 -0.004994 
 0.079725 0.740331 -0.007763 
 0.059929 0.748212 -0.010532 
 0.041186 0.758100 0.015641 
 0.021842 0.767015 0.027331 
 0.001971 0.774926 0.024551 
 -0.017901 0.782838 0.021772 
 -0.036920 0.792836 0.047904 
 -0.056842 0.800767 0.045118 
 -0.077514 0.806572 0.013433 
 -0.097385 0.814483 0.010653 
 -0.117256 0.822395 0.007874 
 -0.136527 0.832493 0.033971 
 0.112560 0.706501 0.027100 
 0.093306 0.715351 0.038805 
 0.072868 0.722304 0.021548 
 0.053022 0.730206 0.018772 
 0.033693 0.739085 0.030466 
 0.013822 0.746996 0.027687 
 -0.005118 0.756904 0.053834 
 -0.025039 0.764835 0.051048 
 -0.044961 0.772767 0.048261 
 -0.064882 0.780698 0.045474 
 -0.085534 0.786554 0.013788 
 -0.105405 0.794465 0.011009 
 -0.125276 0.802377 0.008229 
 0.105157 0.687421 0.041940 
 0.085286 0.695332 0.039161 
 0.064859 0.702311 0.021903 
 0.045544 0.711155 0.033601 
 0.025673 0.719067 0.030822 
 0.005802 0.726978 0.028042 
 -0.014069 0.734890 0.025262 
 -0.033079 0.744766 0.051404 
 -0.053001 0.752698 0.048617 
 -0.072922 0.760629 0.045831 
 -0.094618 0.763497 -0.029207 
 -0.114414 0.771379 -0.031976 
 0.098331 0.669177 0.071267 
 0.077266 0.675314 0.039516 
 0.057395 0.683226 0.036737 
 0.037524 0.691137 0.033957 
 0.017653 0.699048 0.031177 
 -0.002218 0.706960 0.028398 
 -0.022089 0.714871 0.025618 
 -0.041960 0.722783 0.022838 
 -0.061041 0.732629 0.048974 
 -0.081702 0.738606 0.017279 
 -0.101573 0.746517 0.014499 
 -0.121444 0.754429 0.011720 
 0.110212 0.641176 0.074410 
 0.090291 0.649108 0.071624 
 0.070369 0.657039 0.068837 
 0.049375 0.663207 0.037092 
 0.030526 0.672902 0.063264 
 0.009633 0.679030 0.031533 
 -0.010238 0.686942 0.028753 
 -0.029238 0.696697 0.054904 
 -0.049980 0.702764 0.023194 
 -0.069081 0.712560 0.049330 
 -0.089722 0.718587 0.017635 
 -0.109593 0.726499 0.014855 
 -0.129464 0.734410 0.012075 
 0.124600 0.616441 0.135529 
 0.103375 0.622760 0.103748 
 0.082250 0.629039 0.071980 
 0.062329 0.636970 0.069193 
 0.042408 0.644902 0.066407 
 0.022486 0.652833 0.063620 
 0.002565 0.660765 0.060833 
 -0.018257 0.666923 0.029109 
 -0.037278 0.676628 0.055260 
 -0.058000 0.682746 0.023549 
 -0.077871 0.690658 0.020770 
 -0.097742 0.698569 0.017990 
 -0.117613 0.706480 0.015210 
 -0.137484 0.714392 0.012431 
 0.116519 0.596270 0.135887 
 0.095314 0.602640 0.104105 
 0.075342 0.610592 0.101311 
 0.054289 0.616901 0.069550 
 0.034367 0.624833 0.066763 
 0.014446 0.632764 0.063976 
 -0.006406 0.638993 0.032244 
 -0.026277 0.646905 0.029464 
 -0.046148 0.654816 0.026685 
 -0.066019 0.662728 0.023905 
 -0.085890 0.670639 0.021125 
 -0.105761 0.678551 0.018346 
 -0.125633 0.686462 0.015566 
 -0.145504 0.694374 0.012786 
 0.108438 0.576100 0.136245 
 0.087254 0.582520 0.104462 
 0.067282 0.590472 0.101669 
 0.046249 0.596832 0.069906 
 0.026327 0.604764 0.067120 
 0.006406 0.612695 0.064333 
 -0.014426 0.618975 0.032599 
 -0.034297 0.626887 0.029820 
 -0.054168 0.634798 0.027040 
 -0.074039 0.642710 0.024260 
 -0.093910 0.650621 0.021481 
 -0.113781 0.658532 0.018701 
 -0.133652 0.666444 0.015921 
 0.120380 0.547958 0.139404 
 0.100358 0.555929 0.136604 
 0.079193 0.562400 0.104820 
 0.059222 0.570352 0.102026 
 0.038209 0.576763 0.070263 
 0.018287 0.584695 0.067476 
 -0.002575 0.591045 0.035735 
 -0.022446 0.598957 0.032955 
 -0.042317 0.606868 0.030175 
 -0.062188 0.614780 0.027396 
 -0.082059 0.622691 0.024616 
 -0.101930 0.630603 0.021836 
 -0.121801 0.638514 0.019057 
 -0.141672 0.646426 0.016277 
 0.133594 0.521205 0.171569 
 0.113521 0.529197 0.168761 
 0.093449 0.537188 0.165953 
 0.072255 0.543730 0.134161 
 0.051161 0.550232 0.102383 
 0.030168 0.556694 0.070619 
 0.010247 0.564625 0.067832 
 -0.009674 0.572557 0.065046 
 -0.029596 0.580489 0.062259 
 -0.050337 0.586850 0.030531 
 -0.069439 0.596351 0.056686 
 -0.090079 0.602673 0.024971 
 -0.109950 0.610584 0.022192 
 -0.129821 0.618496 0.019412 
 -0.149692 0.626407 0.016633 
 0.126119 0.501653 0.186431 
 0.105420 0.508975 0.169120 
 0.084196 0.515588 0.137320 
 0.063072 0.522161 0.105534 
 0.043101 0.530112 0.102741 
 0.022128 0.536625 0.070976 
 0.002207 0.544556 0.068189 
 -0.017714 0.552488 0.065402 
 -0.037636 0.560419 0.062615 
 -0.057557 0.568351 0.059829 
 -0.077479 0.576282 0.057042 
 -0.098099 0.582655 0.025327 
 -0.117970 0.590566 0.022547 
 -0.137841 0.598477 0.019768 
 -0.157712 0.606389 0.016988 
 0.118008 0.481406 0.186791 
 0.096137 0.487446 0.140479 
 0.076115 0.495418 0.137678 
 0.055012 0.502041 0.105892 
 0.035040 0.509993 0.103098 
 0.014088 0.516556 0.071332 
 -0.005833 0.524487 0.068545 
 -0.025755 0.532419 0.065759 
 -0.045676 0.540350 0.062972 
 -0.065598 0.548282 0.060185 
 -0.085519 0.556213 0.057399 
 -0.106119 0.562636 0.025683 
 -0.125989 0.570548 0.022903 
 -0.145861 0.578459 0.020123 
 -0.165732 0.586371 0.017344 
 0.109896 0.461160 0.187150 
 0.088056 0.467275 0.140837 
 0.068034 0.475247 0.138036 
 0.046951 0.481921 0.106249 
 0.026980 0.489873 0.103455 
 0.007008 0.497824 0.100662 
 -0.013873 0.504418 0.068902 
 -0.033795 0.512350 0.066115 
 -0.053716 0.520281 0.063328 
 -0.073638 0.528213 0.060542 
 -0.093559 0.536144 0.057755 
 -0.113480 0.544076 0.054968 
 -0.134009 0.550529 0.023258 
 -0.153880 0.558441 0.020479 
 -0.173751 0.566352 0.017699 
 0.121883 0.432911 0.190321 
 0.101785 0.440913 0.187510 
 0.081117 0.448311 0.170198 
 0.059954 0.455076 0.138395 
 0.038891 0.461801 0.106606 
 0.018919 0.469753 0.103813 
 -0.001053 0.477705 0.101019 
 -0.021024 0.485656 0.098225 
 -0.041835 0.492281 0.066471 
 -0.061757 0.500212 0.063685 
 -0.081678 0.508144 0.060898 
 -0.101599 0.516075 0.058111 
 -0.121521 0.524007 0.055325 
 -0.142029 0.530511 0.023614 
 -0.161364 0.539870 0.049751 
 -0.181285 0.547801 0.046965 
 0.113771 0.412665 0.190681 
 0.093088 0.420099 0.173365 
 0.071895 0.426934 0.141554 
 0.051873 0.434906 0.138753 
 0.030831 0.441682 0.106964 
 0.010859 0.449633 0.104170 
 -0.009113 0.457585 0.101376 
 -0.029085 0.465536 0.098583 
 -0.049875 0.472212 0.066828 
 -0.069797 0.480143 0.064041 
 -0.089718 0.488075 0.061255 
 -0.109639 0.496006 0.058468 
 -0.129561 0.503938 0.055681 
 -0.150049 0.510493 0.023969 
 -0.169920 0.518404 0.021190 
 -0.189325 0.527732 0.047321 
 0.290441 0.304189 -0.057184 
 0.270822 0.312000 -0.059929 
 0.251203 0.319811 -0.062673 
 0.231584 0.327623 -0.065417 
 0.211965 0.335434 -0.068162 
 0.192345 0.343245 -0.070906 
 0.176233 0.353518 -0.001036 
 0.156488 0.361379 -0.003798 
 0.105059 0.391886 0.176532 
 0.084987 0.399877 0.173724 
 0.063814 0.406764 0.141912 
 0.043792 0.414735 0.139111 
 0.022770 0.421562 0.107321 
 0.002798 0.429513 0.104527 
 -0.017174 0.437465 0.101734 
 -0.037145 0.445417 0.098940 
 -0.057915 0.452143 0.067184 
 -0.077837 0.460074 0.064398 
 -0.097758 0.468006 0.061611 
 -0.117679 0.475937 0.058824 
 -0.137601 0.483869 0.056038 
 -0.157522 0.491800 0.053251 
 -0.177940 0.498386 0.021545 
 -0.197811 0.506297 0.018766 
 0.302142 0.276613 -0.054089 
 0.282523 0.284424 -0.056833 
 0.262904 0.292236 -0.059578 
 0.243285 0.300047 -0.062322 
 0.223666 0.307858 -0.065066 
 0.204046 0.315669 -0.067811 
 0.184427 0.323480 -0.070555 
 0.164808 0.331292 -0.073300 
 0.145189 0.339103 -0.076044 
 0.125570 0.346914 -0.078788 
 0.103488 0.352737 -0.139584 
 0.083970 0.360508 -0.142315 
 0.076886 0.379656 0.174083 
 0.055733 0.386593 0.142270 
 0.035711 0.394565 0.139469 
 0.014710 0.401442 0.107678 
 -0.005262 0.409394 0.104885 
 -0.025234 0.417345 0.102091 
 -0.046034 0.424142 0.070327 
 -0.065955 0.432074 0.067541 
 -0.085877 0.440005 0.064754 
 -0.105798 0.447937 0.061967 
 -0.125720 0.455868 0.059181 
 -0.145641 0.463800 0.056394 
 -0.165563 0.471731 0.053607 
 -0.185484 0.479663 0.050821 
 -0.205405 0.487594 0.048034 
 0.313843 0.249037 -0.050993 
 0.294224 0.256849 -0.053738 
 0.274605 0.264660 -0.056482 
 0.254986 0.272471 -0.059227 
 0.235367 0.280282 -0.061971 
 0.215747 0.288093 -0.064715 
 0.194666 0.295061 -0.096522 
 0.175097 0.302852 -0.099259 
 0.155528 0.310644 -0.101997 
 0.135959 0.318435 -0.104734 
 0.115129 0.325302 -0.136505 
 0.095611 0.333074 -0.139235 
 0.076092 0.340845 -0.141965 
 0.067675 0.358451 0.145429 
 0.047652 0.366423 0.142628 
 0.026621 0.373371 0.110829 
 0.006649 0.381322 0.108036 
 -0.013323 0.389274 0.105242 
 -0.033294 0.397225 0.102448 
 -0.054074 0.404073 0.070684 
 -0.073238 0.413128 0.096861 
 -0.093917 0.419936 0.065110 
 -0.113182 0.429032 0.091273 
 -0.133153 0.436983 0.088480 
 -0.153681 0.443731 0.056750 
 -0.173097 0.452886 0.082892 
 -0.193524 0.459594 0.051177 
 -0.213445 0.467525 0.048390 
 0.325544 0.221462 -0.047898 
 0.305925 0.229273 -0.050642 
 0.286306 0.237084 -0.053387 
 0.266687 0.244895 -0.056131 
 0.247068 0.252706 -0.058876 
 0.227448 0.260518 -0.061620 
 0.207829 0.268329 -0.064364 
 0.186768 0.275348 -0.096172 
 0.167199 0.283139 -0.098909 
 0.147630 0.290930 -0.101647 
 0.128061 0.298721 -0.104384 
 0.107252 0.305639 -0.136156 
 0.087733 0.313410 -0.138886 
 0.068215 0.321182 -0.141616 
 0.059594 0.338281 0.145787 
 0.039572 0.346252 0.142987 
 0.018560 0.353251 0.111187 
 -0.001411 0.361202 0.108393 
 -0.021383 0.369154 0.105599 
 -0.042193 0.376072 0.073827 
 -0.062114 0.384004 0.071040 
 -0.081298 0.393009 0.097218 
 -0.101957 0.399867 0.065467 
 -0.121879 0.407799 0.062680 
 -0.141214 0.416863 0.088837 
 -0.161186 0.424815 0.086043 
 -0.181158 0.432767 0.083249 
 -0.201129 0.440718 0.080456 
 -0.221101 0.448670 0.077662 
 0.315852 0.201096 -0.076660 
 0.296283 0.208887 -0.079398 
 0.276714 0.216678 -0.082135 
 0.257145 0.224469 -0.084872 
 0.237577 0.232260 -0.087610 
 0.218008 0.240051 -0.090347 
 0.198439 0.247843 -0.093084 
 0.178870 0.255634 -0.095822 
 0.157929 0.262663 -0.127615 
 0.138411 0.270434 -0.130346 
 0.118892 0.278205 -0.133076 
 0.099374 0.285976 -0.135806 
 0.078685 0.292905 -0.167565 
 0.059217 0.300656 -0.170288 
 0.042957 0.311054 -0.085969 
 0.029453 0.324277 0.085330 
 0.009531 0.332209 0.082543 
 -0.010390 0.340140 0.079757 
 -0.029444 0.349034 0.105957 
 -0.050233 0.356003 0.074183 
 -0.070154 0.363935 0.071397 
 -0.089359 0.372889 0.097575 
 -0.109997 0.379798 0.065823 
 -0.129919 0.387729 0.063037 
 -0.149274 0.396744 0.089194 
 -0.169246 0.404695 0.086401 
 -0.189218 0.412647 0.083607 
 -0.209190 0.420598 0.080813 
 -0.229162 0.428550 0.078019 
 0.348947 0.166310 -0.041707 
 0.329327 0.174121 -0.044451 
 0.307954 0.181382 -0.076310 
 0.288385 0.189173 -0.079048 
 0.268816 0.196964 -0.081785 
 0.249247 0.204755 -0.084522 
 0.229679 0.212546 -0.087260 
 0.210110 0.220338 -0.089997 
 0.190541 0.228129 -0.092734 
 0.170972 0.235920 -0.095472 
 0.150052 0.243000 -0.127266 
 0.130534 0.250771 -0.129996 
 0.111015 0.258542 -0.132727 
 0.091497 0.266313 -0.135457 
 0.070828 0.273293 -0.167217 
 0.051360 0.281044 -0.169940 
 0.032941 0.289626 -0.143648 
 0.014421 0.298249 -0.117371 
 -0.005147 0.306040 -0.120108 
 -0.018430 0.320071 0.080113 
 -0.038352 0.328003 0.077327 
 -0.058273 0.335934 0.074540 
 -0.078195 0.343866 0.071753 
 -0.098116 0.351797 0.068966 
 -0.118037 0.359729 0.066180 
 -0.137959 0.367660 0.063393 
 -0.157335 0.376624 0.089552 
 -0.177307 0.384575 0.086758 
 -0.197279 0.392527 0.083964 
 -0.217250 0.400478 0.081170 
 0.356877 0.137855 -0.096883 
 0.337359 0.145626 -0.099614 
 0.319625 0.153877 -0.073223 
 0.298322 0.161168 -0.105074 
 0.280487 0.169459 -0.078697 
 0.260918 0.177250 -0.081435 
 0.241350 0.185041 -0.084172 
 0.221781 0.192833 -0.086910 
 0.202212 0.200624 -0.089647 
 0.182643 0.208415 -0.092384 
 0.163074 0.216206 -0.095122 
 0.142174 0.223337 -0.126917 
 0.122656 0.231108 -0.129647 
 0.103137 0.238879 -0.132378 
 0.083619 0.246650 -0.135108 
 0.062971 0.253681 -0.166868 
 0.043503 0.261432 -0.169591 
 0.025064 0.269963 -0.143299 
 0.006524 0.278535 -0.117021 
 -0.012117 0.287147 -0.090755 
 -0.027348 0.299162 0.051475 
 -0.046392 0.307934 0.077683 
 -0.066313 0.315865 0.074896 
 -0.086235 0.323797 0.072110 
 -0.105480 0.332649 0.098290 
 -0.126078 0.339660 0.066536 
 -0.145424 0.348552 0.092703 
 -0.165395 0.356504 0.089909 
 -0.185367 0.364456 0.087115 
 -0.205339 0.372407 0.084321 
 0.388037 0.102650 -0.091074 
 0.368518 0.110421 -0.093804 
 0.349000 0.118192 -0.096534 
 0.329482 0.125963 -0.099265 
 0.309963 0.133734 -0.101995 
 0.290445 0.141505 -0.104725 
 0.270926 0.149276 -0.107456 
 0.253021 0.157536 -0.081085 
 0.233452 0.165328 -0.083822 
 0.213883 0.173119 -0.086559 
 0.194314 0.180910 -0.089297 
 0.174745 0.188701 -0.092034 
 0.153815 0.195903 -0.123837 
 0.134297 0.203674 -0.126568 
 0.114779 0.211445 -0.129298 
 0.095260 0.219216 -0.132028 
 0.075742 0.226987 -0.134759 
 0.055114 0.234068 -0.166520 
 0.035646 0.241819 -0.169243 
 0.016178 0.249570 -0.171966 
 -0.002332 0.258071 -0.145680 
 -0.020035 0.267382 -0.090404 
 -0.035368 0.279143 0.051830 
 -0.054432 0.287865 0.078039 
 -0.074353 0.295796 0.075253 
 -0.094275 0.303728 0.072466 
 -0.113540 0.312530 0.098647 
 -0.133512 0.320481 0.095854 
 -0.153484 0.328433 0.093060 
 -0.173456 0.336384 0.090266 
 -0.193428 0.344336 0.087473 
 -0.213399 0.352287 0.084679 
 0.403669 0.075772 -0.029676 
 0.382105 0.083285 -0.061573 
 0.360641 0.090758 -0.093455 
 0.341122 0.098529 -0.096185 
 0.321604 0.106300 -0.098915 
 0.302085 0.114071 -0.101646 
 0.282567 0.121842 -0.104376 
 0.263049 0.129613 -0.107106 
 0.243530 0.137384 -0.109837 
 0.224012 0.145155 -0.112567 
 0.205985 0.153405 -0.086209 
 0.186416 0.161196 -0.088947 
 0.166847 0.168987 -0.091684 
 0.145938 0.176240 -0.123488 
 0.126419 0.184011 -0.126219 
 0.105661 0.191203 -0.158002 
 0.086193 0.198954 -0.160725 
 0.066725 0.206705 -0.163448 
 0.047257 0.214456 -0.166172 
 0.027789 0.222207 -0.168895 
 0.008320 0.229958 -0.171618 
 -0.010210 0.238408 -0.145331 
 -0.028841 0.246898 -0.119058 
 -0.048410 0.254690 -0.121795 
 -0.062472 0.267796 0.078396 
 -0.082394 0.275727 0.075609 
 -0.102315 0.283659 0.072822 
 -0.121601 0.292410 0.099005 
 -0.142158 0.299522 0.067249 
 -0.161545 0.308313 0.093417 
 -0.181516 0.316264 0.090624 
 -0.201488 0.324216 0.087830 
 -0.221460 0.332168 0.085036 
 0.413344 0.047989 -0.055748 
 0.393776 0.055780 -0.058485 
 0.372282 0.063324 -0.090375 
 0.350889 0.070827 -0.122251 
 0.331421 0.078578 -0.124974 
 0.311953 0.086329 -0.127697 
 0.292485 0.094080 -0.130421 
 0.274690 0.102179 -0.104027 
 0.255171 0.109950 -0.106757 
 0.235653 0.117721 -0.109487 
 0.216134 0.125492 -0.112218 
 0.198087 0.133691 -0.085859 
 0.178518 0.141482 -0.088597 
 0.158950 0.149273 -0.091334 
 0.138060 0.156576 -0.123139 
 0.118542 0.164348 -0.125869 
 0.099024 0.172119 -0.128600 
 0.079505 0.179890 -0.131330 
 0.059986 0.187661 -0.134060 
 0.039399 0.194844 -0.165823 
 0.019931 0.202595 -0.168547 
 0.000463 0.210346 -0.171270 
 -0.018087 0.218745 -0.144982 
 -0.035438 0.228187 -0.075200 
 -0.052632 0.238074 0.009045 
 -0.071279 0.247018 0.049762 
 -0.091150 0.254930 0.046982 
 -0.110355 0.263590 0.073179 
 -0.129661 0.272290 0.099362 
 -0.149633 0.280242 0.096568 
 -0.169605 0.288193 0.093775 
 -0.189577 0.296145 0.090981 
 -0.209549 0.304096 0.088187 
 -0.229520 0.312048 0.085393 
 -0.249492 0.319999 0.082600 
 0.428099 0.020688 -0.008898 
 0.407452 0.028431 -0.026230 
 0.385878 0.036066 -0.058135 
 0.364404 0.043661 -0.090026 
 0.343032 0.051215 -0.121903 
 0.323564 0.058966 -0.124626 
 0.304095 0.066717 -0.127349 
 0.284627 0.074468 -0.130072 
 0.265159 0.082219 -0.132796 
 0.247294 0.090287 -0.106408 
 0.227775 0.098058 -0.109138 
 0.209758 0.106186 -0.082772 
 0.190189 0.113977 -0.085509 
 0.172021 0.122165 -0.059163 
 0.151052 0.129559 -0.090984 
 0.131483 0.137351 -0.093721 
 0.110664 0.144684 -0.125520 
 0.091146 0.152455 -0.128250 
 0.071627 0.160227 -0.130981 
 0.052109 0.167998 -0.133711 
 0.031542 0.175231 -0.165475 
 0.013072 0.183540 -0.139172 
 -0.006446 0.191311 -0.141902 
 -0.025965 0.199082 -0.144632 
 -0.043790 0.208088 -0.089351 
 -0.062215 0.216856 -0.048598 
 -0.079671 0.226671 0.035622 
 -0.099169 0.234911 0.047338 
 -0.118395 0.243521 0.073535 
 -0.138317 0.251452 0.070749 
 -0.157694 0.260122 0.096926 
 -0.177665 0.268073 0.094132 
 -0.197637 0.276025 0.091338 
 -0.217609 0.283976 0.088544 
 -0.237581 0.291928 0.085751 
 -0.257553 0.299880 0.082957 
 0.420170 0.000898 -0.008547 
 0.399534 0.008667 -0.025879 
 0.379914 0.016478 -0.028623 
 0.358411 0.024143 -0.060523 
 0.337008 0.031768 -0.092407 
 0.315707 0.039354 -0.124277 
 0.296238 0.047105 -0.127001 
 0.276770 0.054856 -0.129724 
 0.256486 0.062484 -0.147008 
 0.239416 0.070624 -0.106059 
 0.219898 0.078395 -0.108789 
 0.201860 0.086472 -0.082422 
 0.182292 0.094263 -0.085159 
 0.162723 0.102055 -0.087896 
 0.144484 0.110212 -0.061556 
 0.123585 0.117637 -0.093371 
 0.104016 0.125428 -0.096108 
 0.083269 0.132792 -0.127901 
 0.063750 0.140564 -0.130632 
 0.044231 0.148335 -0.133362 
 0.024713 0.156106 -0.136092 
 0.005195 0.163877 -0.138822 
 -0.014324 0.171648 -0.141553 
 -0.033842 0.179419 -0.144283 
 -0.051708 0.188324 -0.089000 
 -0.071327 0.196135 -0.091745 
 -0.090946 0.203946 -0.094489 
 -0.106514 0.215520 0.076678 
 -0.125811 0.224099 0.102870 
 -0.145782 0.232050 0.100077 
 -0.165754 0.240002 0.097283 
 -0.185726 0.247954 0.094489 
 -0.205698 0.255905 0.091696 
 -0.225669 0.263857 0.088902 
 -0.245641 0.271808 0.086108 
 -0.265613 0.279760 0.083314 
 0.431886 -0.026713 -0.005447 
 0.412242 -0.018892 -0.008195 
 0.392598 -0.011070 -0.010943 
 0.372953 -0.003249 -0.013691 
 0.352377 0.004524 -0.031017 
 0.330944 0.012220 -0.062910 
 0.309612 0.019877 -0.094788 
 0.288381 0.027492 -0.126652 
 0.268913 0.035243 -0.129376 
 0.249445 0.042994 -0.132099 
 0.231539 0.050961 -0.105709 
 0.212020 0.058732 -0.108440 
 0.192502 0.066503 -0.111170 
 0.174394 0.074549 -0.084809 
 0.153465 0.082045 -0.116631 
 0.135256 0.090132 -0.090284 
 0.115687 0.097923 -0.093021 
 0.096118 0.105714 -0.095758 
 0.076550 0.113505 -0.098496 
 0.056981 0.121296 -0.101233 
 0.037412 0.129087 -0.103970 
 0.016835 0.136443 -0.135743 
 -0.002683 0.144214 -0.138473 
 -0.022201 0.151985 -0.141204 
 -0.040863 0.160252 -0.114920 
 -0.059626 0.168559 -0.088649 
 -0.079245 0.176370 -0.091394 
 -0.098512 0.184460 -0.079642 
 -0.115209 0.194875 0.048049 
 -0.133871 0.203979 0.103228 
 -0.153843 0.211931 0.100434 
 -0.173815 0.219882 0.097640 
 -0.193786 0.227834 0.094847 
 -0.213758 0.235785 0.092053 
 -0.233730 0.243737 0.089259 
 -0.254004 0.250972 0.057528 
 -0.273926 0.258903 0.054741 
 0.423958 -0.046503 -0.005096 
 0.404314 -0.038682 -0.007844 
 0.384669 -0.030860 -0.010592 
 0.365025 -0.023039 -0.013340 
 0.345381 -0.015218 -0.016088 
 0.324840 -0.007429 -0.033410 
 0.303478 0.000298 -0.065297 
 0.283909 0.008089 -0.068034 
 0.262698 0.015756 -0.099900 
 0.241588 0.023382 -0.131751 
 0.222120 0.031133 -0.134474 
 0.204143 0.039069 -0.108091 
 0.184624 0.046840 -0.110821 
 0.165106 0.054611 -0.113551 
 0.146927 0.062627 -0.087196 
 0.127358 0.070418 -0.089933 
 0.107789 0.078209 -0.092671 
 0.088221 0.086000 -0.095408 
 0.068652 0.093791 -0.098146 
 0.049083 0.101582 -0.100883 
 0.029514 0.109374 -0.103620 
 0.009945 0.117165 -0.106358 
 -0.009624 0.124956 -0.109095 
 -0.029192 0.132747 -0.111832 
 -0.048761 0.140538 -0.114570 
 -0.068330 0.148329 -0.117307 
 -0.087164 0.156606 -0.091043 
 -0.107468 0.163911 -0.122782 
 -0.126402 0.172228 -0.096532 
 -0.142516 0.183314 0.074605 
 -0.161903 0.191811 0.100791 
 -0.181875 0.199762 0.097998 
 -0.201414 0.208320 0.124163 
 -0.221436 0.216291 0.121362 
 -0.241790 0.223617 0.089616 
 -0.262044 0.230903 0.057884 
 -0.281966 0.238834 0.055098 
 0.420079 -0.066466 0.053626 
 0.398360 -0.058538 0.021686 
 0.378665 -0.050697 0.018931 
 0.357097 -0.042829 -0.012988 
 0.337452 -0.035008 -0.015736 
 0.317808 -0.027187 -0.018484 
 0.297302 -0.019382 -0.035803 
 0.277683 -0.011571 -0.038548 
 0.256442 -0.003834 -0.070422 
 0.235302 0.003863 -0.102281 
 0.215784 0.011635 -0.105011 
 0.196265 0.019406 -0.107741 
 0.176747 0.027177 -0.110472 
 0.157228 0.034948 -0.113202 
 0.139029 0.042913 -0.086846 
 0.119460 0.050704 -0.089583 
 0.101110 0.058729 -0.063248 
 0.081491 0.066541 -0.065992 
 0.061872 0.074352 -0.068736 
 0.041185 0.081869 -0.100533 
 0.022633 0.089974 -0.074225 
 0.002047 0.097451 -0.106008 
 -0.017521 0.105242 -0.108745 
 -0.037090 0.113033 -0.111482 
 -0.056659 0.120824 -0.114220 
 -0.076228 0.128615 -0.116957 
 -0.095797 0.136406 -0.119694 
 -0.115366 0.144198 -0.122432 
 -0.134934 0.151989 -0.125169 
 -0.154503 0.159780 -0.127906 
 -0.169964 0.171691 0.101149 
 -0.189935 0.179643 0.098355 
 -0.209495 0.188149 0.124521 
 -0.229879 0.195546 0.092768 
 -0.249539 0.204092 0.118919 
 -0.269823 0.211449 0.087180 
 -0.289794 0.219400 0.084386 
 0.475656 -0.110336 0.120681 
 0.455811 -0.102435 0.117905 
 0.433910 -0.094376 0.085935 
 0.412110 -0.086357 0.053980 
 0.392365 -0.078496 0.051218 
 0.372620 -0.070635 0.048456 
 0.351022 -0.062696 0.016529 
 0.331327 -0.054855 0.013774 
 0.309880 -0.046977 -0.018133 
 0.290235 -0.039155 -0.020881 
 0.270591 -0.031334 -0.023629 
 0.250146 -0.023525 -0.040941 
 0.227425 -0.015800 -0.101931 
 0.207906 -0.008029 -0.104662 
 0.189838 -0.000174 -0.078284 
 0.168869 0.007514 -0.110122 
 0.150700 0.015408 -0.083758 
 0.131131 0.023199 -0.086496 
 0.111562 0.030990 -0.089233 
 0.093192 0.038965 -0.062897 
 0.073573 0.046776 -0.065641 
 0.053954 0.054587 -0.068385 
 0.034335 0.062398 -0.071130 
 0.014715 0.070210 -0.073874 
 -0.005850 0.077737 -0.105657 
 -0.025419 0.085528 -0.108395 
 -0.044988 0.093319 -0.111132 
 -0.064557 0.101110 -0.113869 
 -0.084126 0.108902 -0.116607 
 -0.103695 0.116693 -0.119344 
 -0.123263 0.124484 -0.122082 
 -0.142832 0.132275 -0.124819 
 -0.162401 0.140066 -0.127556 
 -0.178517 0.151107 0.072531 
 -0.198439 0.159038 0.069744 
 -0.217968 0.167474 0.095919 
 -0.237940 0.175426 0.093125 
 -0.257911 0.183377 0.090331 
 -0.277883 0.191329 0.087537 
 -0.297855 0.199281 0.084744 
 0.467647 -0.130329 0.121036 
 0.447801 -0.122428 0.118260 
 0.427955 -0.114527 0.115484 
 0.406125 -0.106437 0.083520 
 0.386330 -0.098556 0.080751 
 0.364651 -0.090526 0.048809 
 0.343073 -0.082537 0.016881 
 0.323378 -0.074696 0.014126 
 0.303683 -0.066854 0.011371 
 0.283989 -0.059013 0.008616 
 0.262662 -0.051124 -0.023277 
 0.242227 -0.043289 -0.040590 
 0.219547 -0.035463 -0.101582 
 0.201509 -0.027679 -0.075196 
 0.181940 -0.019888 -0.077934 
 0.160992 -0.012149 -0.109773 
 0.142802 -0.004306 -0.083408 
 0.123233 0.003485 -0.086146 
 0.103665 0.011276 -0.088883 
 0.084096 0.019068 -0.091620 
 0.065655 0.027011 -0.065290 
 0.046035 0.034823 -0.068034 
 0.026416 0.042634 -0.070779 
 0.006797 0.050445 -0.073523 
 -0.013748 0.058023 -0.105307 
 -0.032441 0.066067 -0.079012 
 -0.052886 0.073605 -0.110782 
 -0.072455 0.081397 -0.113519 
 -0.092024 0.089188 -0.116257 
 -0.111593 0.096979 -0.118994 
 -0.131161 0.104770 -0.121731 
 -0.150730 0.112561 -0.124469 
 -0.169776 0.120746 -0.098223 
 -0.187030 0.130624 0.043912 
 -0.206479 0.138969 0.070100 
 -0.226400 0.146901 0.067314 
 -0.246322 0.154832 0.064527 
 -0.266243 0.162764 0.061740 
 -0.286165 0.170695 0.058954 
 0.459637 -0.150322 0.121391 
 0.439791 -0.142421 0.118615 
 0.419945 -0.134519 0.115839 
 0.400100 -0.126618 0.113063 
 0.378340 -0.118498 0.081105 
 0.358545 -0.110616 0.078336 
 0.336937 -0.102556 0.046400 
 0.317192 -0.094695 0.043638 
 0.297447 -0.086834 0.040876 
 0.277701 -0.078972 0.038114 
 0.256345 -0.071013 0.006214 
 0.236650 -0.063171 0.003459 
 0.213180 -0.055184 -0.072109 
 0.193611 -0.047393 -0.074846 
 0.174042 -0.039602 -0.077583 
 0.154473 -0.031811 -0.080321 
 0.134905 -0.024020 -0.083058 
 0.115336 -0.016229 -0.085796 
 0.095767 -0.008437 -0.088533 
 0.076198 -0.000646 -0.091270 
 0.057737 0.007247 -0.064939 
 0.038117 0.015058 -0.067683 
 0.018498 0.022869 -0.070428 
 -0.001121 0.030680 -0.073172 
 -0.020740 0.038492 -0.075917 
 -0.040359 0.046303 -0.078661 
 -0.059979 0.054114 -0.081405 
 -0.080353 0.061683 -0.113169 
 -0.099922 0.069474 -0.115907 
 -0.119490 0.077265 -0.118644 
 -0.139059 0.085056 -0.121381 
 -0.158628 0.092847 -0.124119 
 -0.178197 0.100638 -0.126856 
 -0.195729 0.110062 0.000802 
 -0.215525 0.117943 -0.001967 
 -0.234968 0.126228 0.024227 
 -0.254663 0.134340 0.035928 
 -0.274535 0.142252 0.033149 
 -0.294406 0.150163 0.030369 
 0.431782 -0.162414 0.118970 
 0.411936 -0.154512 0.116194 
 0.392090 -0.146611 0.113418 
 0.370351 -0.138440 0.081459 
 0.350556 -0.130559 0.078690 
 0.328968 -0.122448 0.046754 
 0.310965 -0.114796 0.073152 
 0.291169 -0.106915 0.070383 
 0.269732 -0.098864 0.038467 
 0.249987 -0.091003 0.035705 
 0.227161 -0.082883 -0.025322 
 0.206772 -0.075007 -0.042633 
 0.187153 -0.067196 -0.045377 
 0.166144 -0.059316 -0.077233 
 0.146576 -0.051525 -0.079971 
 0.127007 -0.043734 -0.082708 
 0.107438 -0.035942 -0.085445 
 0.087869 -0.028151 -0.088183 
 0.069438 -0.020329 -0.061843 
 0.049818 -0.012518 -0.064588 
 0.030199 -0.004706 -0.067332 
 0.010580 0.003105 -0.070077 
 -0.009039 0.010916 -0.072821 
 -0.028658 0.018727 -0.075566 
 -0.048278 0.026538 -0.078310 
 -0.067504 0.034435 -0.066541 
 -0.087149 0.042256 -0.069289 
 -0.107135 0.049972 -0.086543 
 -0.126754 0.057783 -0.089288 
 -0.146957 0.065342 -0.121031 
 -0.166526 0.073133 -0.123769 
 -0.185612 0.081216 -0.097521 
 -0.205231 0.089028 -0.100265 
 -0.223896 0.097669 -0.030583 
 -0.243309 0.105882 -0.004382 
 -0.263105 0.113764 -0.007151 
 -0.282900 0.121645 -0.009920 
 -0.302696 0.129527 -0.012689 
 0.423772 -0.182407 0.119325 
 0.403926 -0.174505 0.116549 
 0.384080 -0.166604 0.113773 
 0.362362 -0.158382 0.081813 
 0.342566 -0.150501 0.079044 
 0.320999 -0.142339 0.047107 
 0.301254 -0.134478 0.044345 
 0.283180 -0.126857 0.070737 
 0.261764 -0.118755 0.038821 
 0.242018 -0.110894 0.036059 
 0.219233 -0.102673 -0.024971 
 0.198854 -0.094772 -0.042282 
 0.179235 -0.086961 -0.045026 
 0.159615 -0.079149 -0.047770 
 0.138678 -0.071239 -0.079621 
 0.119109 -0.063447 -0.082358 
 0.099540 -0.055656 -0.085095 
 0.079971 -0.047865 -0.087833 
 0.060402 -0.040074 -0.090570 
 0.041900 -0.032282 -0.064237 
 0.022281 -0.024471 -0.066981 
 0.002662 -0.016660 -0.069726 
 -0.016957 -0.008849 -0.072470 
 -0.036144 -0.000997 -0.060694 
 -0.055788 0.006824 -0.063442 
 -0.075433 0.014645 -0.066190 
 -0.095434 0.022396 -0.083448 
 -0.115053 0.030207 -0.086192 
 -0.134673 0.038018 -0.088937 
 -0.154292 0.045829 -0.091681 
 -0.173911 0.053641 -0.094425 
 -0.193299 0.061572 -0.082677 
 -0.212120 0.069916 -0.027468 
 -0.231865 0.077778 -0.030230 
 -0.251610 0.085639 -0.032992 
 -0.271094 0.093822 -0.006797 
 -0.291100 0.101362 -0.038516 
 -0.310845 0.109223 -0.041278 
 0.413759 -0.201969 0.090475 
 0.393963 -0.194087 0.087706 
 0.374168 -0.186206 0.084937 
 0.354372 -0.178324 0.082167 
 0.334577 -0.170443 0.079398 
 0.313030 -0.162231 0.047460 
 0.293285 -0.154369 0.044698 
 0.273540 -0.146508 0.041936 
 0.253795 -0.138647 0.039174 
 0.234049 -0.130785 0.036412 
 0.212804 -0.122693 0.004516 
 0.190936 -0.114536 -0.041931 
 0.172016 -0.106820 -0.030115 
 0.151697 -0.098914 -0.047419 
 0.132078 -0.091103 -0.050164 
 0.111211 -0.083161 -0.082008 
 0.091642 -0.075370 -0.084745 
 0.072073 -0.067579 -0.087483 
 0.053601 -0.059858 -0.061141 
 0.033982 -0.052047 -0.063886 
 0.014363 -0.044236 -0.066630 
 -0.005256 -0.036425 -0.069375 
 -0.024428 -0.028608 -0.057594 
 -0.044072 -0.020787 -0.060342 
 -0.063717 -0.012966 -0.063090 
 -0.083361 -0.005145 -0.065838 
 -0.103005 0.002676 -0.068586 
 -0.122650 0.010498 -0.071334 
 -0.142591 0.018254 -0.088586 
 -0.161939 0.026140 -0.076830 
 -0.181829 0.033876 -0.094074 
 -0.200785 0.041973 -0.053339 
 -0.220089 0.050025 -0.027115 
 -0.239834 0.057886 -0.029877 
 -0.259579 0.065747 -0.032639 
 -0.279083 0.073879 -0.006443 
 -0.299069 0.081470 -0.038163 
 -0.318814 0.089331 -0.040925 
 0.405770 -0.221911 0.090829 
 0.385974 -0.214029 0.088060 
 0.366178 -0.206148 0.085291 
 0.346383 -0.198267 0.082522 
 0.324806 -0.189984 0.050575 
 0.305061 -0.182122 0.047813 
 0.285316 -0.174261 0.045051 
 0.265571 -0.166400 0.042289 
 0.245826 -0.158538 0.039527 
 0.226080 -0.150677 0.036765 
 0.204856 -0.142534 0.004868 
 0.183732 -0.134432 -0.027016 
 0.164088 -0.126610 -0.029763 
 0.144443 -0.118789 -0.032511 
 0.124160 -0.110867 -0.049813 
 0.104541 -0.103056 -0.052557 
 0.083744 -0.095084 -0.084395 
 0.064175 -0.087293 -0.087132 
 0.045683 -0.079623 -0.060790 
 0.026064 -0.071811 -0.063535 
 0.006445 -0.064000 -0.066279 
 -0.012712 -0.056219 -0.054495 
 -0.032356 -0.048398 -0.057243 
 -0.051176 -0.040598 -0.030947 
 -0.070871 -0.032756 -0.033702 
 -0.090566 -0.024915 -0.036457 
 -0.110934 -0.017113 -0.068235 
 -0.130578 -0.009292 -0.070983 
 -0.150223 -0.001471 -0.073730 
 -0.169867 0.006350 -0.076478 
 -0.189747 0.014112 -0.093723 
 -0.208734 0.022132 -0.052986 
 -0.228429 0.029974 -0.055741 
 -0.247803 0.037995 -0.029523 
 -0.267548 0.045856 -0.032285 
 -0.287293 0.053717 -0.035047 
 -0.307038 0.061579 -0.037810 
 -0.326783 0.069440 -0.040572 
 0.397780 -0.241853 0.091183 
 0.377985 -0.233972 0.088414 
 0.358189 -0.226090 0.085645 
 0.336582 -0.217736 0.053691 
 0.316837 -0.209875 0.050929 
 0.295381 -0.201581 0.018995 
 0.275686 -0.193740 0.016240 
 0.257602 -0.186291 0.042643 
 0.237857 -0.178430 0.039881 
 0.218111 -0.170568 0.037118 
 0.196907 -0.162375 0.005221 
 0.175804 -0.154222 -0.026664 
 0.156159 -0.146400 -0.029412 
 0.137823 -0.138851 -0.003044 
 0.116871 -0.130758 -0.034908 
 0.096622 -0.122821 -0.052206 
 0.077003 -0.115010 -0.054951 
 0.057384 -0.107198 -0.057695 
 0.037765 -0.099387 -0.060439 
 0.018649 -0.091652 -0.048648 
 -0.000996 -0.083831 -0.051396 
 -0.019735 -0.076121 -0.025084 
 -0.039430 -0.068280 -0.027839 
 -0.059125 -0.060438 -0.030594 
 -0.078820 -0.052597 -0.033349 
 -0.098514 -0.044756 -0.036104 
 -0.118862 -0.036903 -0.067883 
 -0.138507 -0.029082 -0.070631 
 -0.158151 -0.021261 -0.073379 
 -0.177795 -0.013440 -0.076127 
 -0.197666 -0.005653 -0.093372 
 -0.217084 0.002203 -0.081623 
 -0.236729 0.010024 -0.084371 
 -0.255772 0.018103 -0.029170 
 -0.275517 0.025965 -0.031932 
 -0.295262 0.033826 -0.034694 
 -0.315007 0.041687 -0.037456 
 -0.334505 0.050072 0.032147 
 -0.354376 0.057983 0.029367 
 0.387848 -0.261212 0.062330 
 0.369995 -0.253914 0.088768 
 0.350200 -0.246032 0.085999 
 0.328613 -0.237628 0.054044 
 0.308868 -0.229766 0.051282 
 0.287432 -0.221422 0.019348 
 0.267737 -0.213581 0.016593 
 0.248043 -0.205739 0.013838 
 0.228348 -0.197898 0.011083 
 0.210142 -0.190460 0.037472 
 0.188958 -0.182216 0.005573 
 0.169264 -0.174374 0.002818 
 0.149569 -0.166533 0.000063 
 0.129874 -0.158692 -0.002692 
 0.110179 -0.150850 -0.005447 
 0.089298 -0.142727 -0.037304 
 0.069654 -0.134906 -0.040052 
 0.050009 -0.127084 -0.042800 
 0.030365 -0.119263 -0.045548 
 0.010720 -0.111442 -0.048296 
 -0.008924 -0.103621 -0.051044 
 -0.028569 -0.095799 -0.053792 
 -0.048213 -0.087978 -0.056540 
 -0.067857 -0.080157 -0.059288 
 -0.087502 -0.072336 -0.062036 
 -0.107146 -0.064515 -0.064784 
 -0.126790 -0.056693 -0.067532 
 -0.146435 -0.048872 -0.070280 
 -0.166345 -0.041040 -0.087533 
 -0.185724 -0.033230 -0.075775 
 -0.205584 -0.025418 -0.093021 
 -0.225012 -0.017587 -0.081271 
 -0.244657 -0.009766 -0.084019 
 -0.264021 -0.001867 -0.057792 
 -0.283486 0.006073 -0.031579 
 -0.303051 0.014053 -0.005380 
 -0.322847 0.021934 -0.008149 
 -0.342642 0.029816 -0.010919 
 -0.362395 0.037965 0.029722 
 0.381802 -0.281737 0.091891 
 0.362006 -0.273856 0.089122 
 0.340389 -0.265380 0.057159 
 0.320644 -0.257519 0.054397 
 0.300899 -0.249658 0.051635 
 0.279484 -0.241263 0.019700 
 0.259789 -0.233421 0.016945 
 0.240094 -0.225580 0.014190 
 0.220399 -0.217739 0.011435 
 0.200705 -0.209898 0.008680 
 0.182428 -0.202490 0.035063 
 0.161315 -0.194215 0.003170 
 0.141620 -0.186374 0.000415 
 0.123193 -0.178906 0.026777 
 0.102231 -0.170691 -0.005095 
 0.083703 -0.163183 0.021253 
 0.062841 -0.155009 -0.010605 
 0.043147 -0.147167 -0.013360 
 0.023452 -0.139326 -0.016115 
 0.003757 -0.131485 -0.018870 
 -0.016853 -0.123411 -0.050693 
 -0.035633 -0.115802 -0.024380 
 -0.056141 -0.107768 -0.056188 
 -0.075786 -0.099947 -0.058936 
 -0.095430 -0.092126 -0.061684 
 -0.115074 -0.084305 -0.064432 
 -0.134719 -0.076483 -0.067180 
 -0.154363 -0.068662 -0.069928 
 -0.174263 -0.060805 -0.087182 
 -0.193883 -0.052993 -0.089926 
 -0.213502 -0.045182 -0.092670 
 -0.233121 -0.037371 -0.095415 
 -0.252740 -0.029560 -0.098159 
 -0.272230 -0.021735 -0.086416 
 -0.291874 -0.013914 -0.089164 
 -0.311200 -0.005957 -0.033988 
 -0.330945 0.001904 -0.036750 
 -0.350690 0.009766 -0.039512 
 0.373812 -0.301679 0.092246 
 0.354017 -0.293798 0.089476 
 0.332420 -0.285272 0.057513 
 0.310924 -0.276786 0.025562 
 0.291230 -0.268945 0.022808 
 0.271535 -0.261103 0.020053 
 0.251840 -0.253262 0.017298 
 0.232145 -0.245421 0.014543 
 0.212451 -0.237580 0.011788 
 0.192756 -0.229738 0.009033 
 0.174459 -0.222381 0.035416 
 0.154714 -0.214520 0.032654 
 0.134969 -0.206659 0.029892 
 0.115224 -0.198797 0.027130 
 0.095479 -0.190936 0.024368 
 0.075734 -0.183075 0.021606 
 0.055988 -0.175213 0.018844 
 0.036243 -0.167352 0.016082 
 0.016498 -0.159491 0.013320 
 -0.003247 -0.151630 0.010558 
 -0.023886 -0.143484 -0.021272 
 -0.043581 -0.135643 -0.024027 
 -0.064070 -0.127558 -0.055837 
 -0.083714 -0.119737 -0.058585 
 -0.103358 -0.111916 -0.061333 
 -0.123003 -0.104095 -0.064081 
 -0.142647 -0.096273 -0.066829 
 -0.162292 -0.088452 -0.069577 
 -0.182182 -0.080569 -0.086830 
 -0.201580 -0.072810 -0.075073 
 -0.221420 -0.064947 -0.092319 
 -0.241039 -0.057136 -0.095064 
 -0.260658 -0.049324 -0.097808 
 -0.280158 -0.041525 -0.086064 
 -0.299802 -0.033704 -0.088812 
 -0.319169 -0.025848 -0.033634 
 -0.338914 -0.017987 -0.036396 
 -0.358659 -0.010126 -0.039158 
 0.365823 -0.321622 0.092600 
 0.344196 -0.313025 0.060628 
 0.324451 -0.305163 0.057866 
 0.302976 -0.296626 0.025915 
 0.283281 -0.288785 0.023160 
 0.263586 -0.280944 0.020405 
 0.243891 -0.273103 0.017650 
 0.224197 -0.265261 0.014895 
 0.204502 -0.257420 0.012140 
 0.184807 -0.249579 0.009385 
 0.166490 -0.242273 0.035770 
 0.146745 -0.234411 0.033008 
 0.127000 -0.226550 0.030246 
 0.108481 -0.219164 0.056602 
 0.088686 -0.211282 0.053833 
 0.068891 -0.203401 0.051064 
 0.049095 -0.195520 0.048295 
 0.029300 -0.187638 0.045525 
 0.009504 -0.179757 0.042756 
 -0.011216 -0.171521 0.010911 
 -0.031835 -0.163325 -0.020920 
 -0.051530 -0.155484 -0.023675 
 -0.071998 -0.147348 -0.055486 
 -0.091642 -0.139527 -0.058233 
 -0.111287 -0.131706 -0.060981 
 -0.130931 -0.123885 -0.063729 
 -0.150575 -0.116063 -0.066477 
 -0.170220 -0.108242 -0.069225 
 -0.190100 -0.100334 -0.086479 
 -0.209719 -0.092523 -0.089224 
 -0.229338 -0.084711 -0.091968 
 -0.248957 -0.076900 -0.094713 
 -0.268577 -0.069089 -0.097457 
 -0.288086 -0.061315 -0.085713 
 -0.307731 -0.053494 -0.088461 
 -0.327375 -0.045672 -0.091209 
 -0.346883 -0.037879 -0.036043 
 -0.366628 -0.030017 -0.038805 
 0.357834 -0.341564 0.092954 
 0.338038 -0.333682 0.090185 
 0.316482 -0.325055 0.058219 
 0.295027 -0.316467 0.026267 
 0.275332 -0.308626 0.023512 
 0.255638 -0.300785 0.020757 
 0.235943 -0.292943 0.018002 
 0.216248 -0.285102 0.015247 
 0.196553 -0.277261 0.012492 
 0.176859 -0.269420 0.009737 
 0.158521 -0.262164 0.036123 
 0.138776 -0.254303 0.033361 
 0.119031 -0.246442 0.030599 
 0.100492 -0.239106 0.056956 
 0.080697 -0.231225 0.054187 
 0.060901 -0.223343 0.051418 
 0.041106 -0.215462 0.048649 
 0.021310 -0.207581 0.045880 
 0.001515 -0.199699 0.043111 
 -0.019185 -0.191412 0.011265 
 -0.039784 -0.183166 -0.020567 
 -0.060282 -0.174959 -0.052386 
 -0.079926 -0.167138 -0.055134 
 -0.099922 -0.159154 -0.072406 
 -0.119541 -0.151343 -0.075151 
 -0.139160 -0.143532 -0.077895 
 -0.158780 -0.135721 -0.080640 
 -0.178399 -0.127910 -0.083384 
 -0.198018 -0.120098 -0.086128 
 -0.217437 -0.112390 -0.074370 
 -0.237081 -0.104568 -0.077118 
 -0.256726 -0.096747 -0.079865 
 -0.276370 -0.088926 -0.082613 
 -0.296015 -0.081105 -0.085361 
 -0.315659 -0.073284 -0.088109 
 -0.335107 -0.065631 -0.032928 
 -0.354900 -0.057706 -0.064647 
 -0.374595 -0.049864 -0.067402 
 0.349844 -0.361506 0.093308 
 0.330049 -0.353625 0.090539 
 0.308513 -0.344946 0.058572 
 0.288768 -0.337085 0.055810 
 0.267384 -0.328467 0.023865 
 0.247689 -0.320625 0.021110 
 0.227994 -0.312784 0.018355 
 0.208299 -0.304943 0.015600 
 0.188605 -0.297102 0.012845 
 0.168910 -0.289260 0.010090 
 0.149215 -0.281419 0.007335 
 0.130807 -0.274194 0.033714 
 0.111062 -0.266333 0.030952 
 0.092503 -0.259048 0.057310 
 0.072707 -0.251167 0.054541 
 0.052912 -0.243285 0.051772 
 0.033117 -0.235404 0.049003 
 0.012336 -0.227027 0.017142 
 -0.008343 -0.218689 -0.014705 
 -0.028038 -0.210848 -0.017460 
 -0.048566 -0.202570 -0.049287 
 -0.068210 -0.194749 -0.052035 
 -0.088221 -0.186730 -0.069311 
 -0.107840 -0.178919 -0.072055 
 -0.127459 -0.171108 -0.074800 
 -0.147079 -0.163296 -0.077544 
 -0.166698 -0.155485 -0.080289 
 -0.186317 -0.147674 -0.083033 
 -0.205936 -0.139863 -0.085777 
 -0.225365 -0.132180 -0.074018 
 -0.245010 -0.124358 -0.076766 
 -0.264654 -0.116537 -0.079514 
 -0.284070 -0.108911 -0.053275 
 -0.303764 -0.101070 -0.056030 
 -0.323459 -0.093229 -0.058785 
 -0.343076 -0.085523 -0.032575 
 -0.362821 -0.077661 -0.035337 
 -0.382543 -0.069705 -0.067050 
 0.341855 -0.381448 0.093662 
 0.322060 -0.373567 0.090893 
 0.300544 -0.364838 0.058926 
 0.279130 -0.356149 0.026972 
 0.259435 -0.348307 0.024217 
 0.239740 -0.340466 0.021462 
 0.220045 -0.332625 0.018707 
 0.200351 -0.324784 0.015952 
 0.180656 -0.316942 0.013197 
 0.160961 -0.309101 0.010442 
 0.141266 -0.301260 0.007687 
 0.121572 -0.293418 0.004932 
 0.101877 -0.285577 0.002177 
 0.083348 -0.278363 0.028543 
 0.064718 -0.271109 0.054895 
 0.044923 -0.263228 0.052126 
 0.024113 -0.254779 0.020257 
 0.004367 -0.246918 0.017495 
 -0.016292 -0.238530 -0.014353 
 -0.035986 -0.230688 -0.017108 
 -0.056494 -0.222360 -0.048935 
 -0.076520 -0.214306 -0.066215 
 -0.096139 -0.206495 -0.068960 
 -0.115758 -0.198683 -0.071704 
 -0.135377 -0.190872 -0.074449 
 -0.154997 -0.183061 -0.077193 
 -0.174616 -0.175250 -0.079938 
 -0.194235 -0.167439 -0.082682 
 -0.213854 -0.159628 -0.085426 
 -0.233294 -0.151970 -0.073667 
 -0.252938 -0.144148 -0.076415 
 -0.272323 -0.136593 -0.050167 
 -0.292018 -0.128752 -0.052922 
 -0.311713 -0.120911 -0.055677 
 -0.331408 -0.113069 -0.058432 
 -0.351103 -0.105228 -0.061187 
 -0.370797 -0.097387 -0.063942 
 0.355512 -0.410230 0.126007 
 0.333866 -0.401390 0.094016 
 0.314070 -0.393509 0.091247 
 0.292575 -0.384729 0.059279 
 0.271181 -0.375989 0.027324 
 0.251486 -0.368148 0.024569 
 0.231792 -0.360307 0.021814 
 0.212097 -0.352465 0.019059 
 0.192402 -0.344624 0.016304 
 0.172707 -0.336783 0.013549 
 0.153013 -0.328942 0.010794 
 0.133318 -0.321100 0.008039 
 0.113623 -0.313259 0.005285 
 0.093928 -0.305418 0.002530 
 0.075379 -0.298255 0.028897 
 0.055634 -0.290393 0.026135 
 0.035889 -0.282532 0.023373 
 0.016144 -0.274671 0.020610 
 -0.003602 -0.266809 0.017848 
 -0.024240 -0.258370 -0.014000 
 -0.044778 -0.249972 -0.045836 
 -0.064423 -0.242150 -0.048584 
 -0.084438 -0.234070 -0.065864 
 -0.104057 -0.226259 -0.068609 
 -0.123676 -0.218448 -0.071353 
 -0.143296 -0.210637 -0.074098 
 -0.162915 -0.202826 -0.076842 
 -0.182534 -0.195014 -0.079587 
 -0.202153 -0.187203 -0.082331 
 -0.221772 -0.179392 -0.085075 
 -0.241222 -0.171760 -0.073315 
 -0.260866 -0.163938 -0.076063 
 -0.280272 -0.156434 -0.049815 
 -0.299967 -0.148593 -0.052570 
 -0.319662 -0.140751 -0.055325 
 -0.339356 -0.132910 -0.058080 
 -0.359051 -0.125069 -0.060835 
 -0.378746 -0.117228 -0.063590 
 -0.398441 -0.109386 -0.066345 
 0.367348 -0.438125 0.129138 
 0.347502 -0.430223 0.126362 
 0.325877 -0.421333 0.094371 
 0.306081 -0.413451 0.091602 
 0.284606 -0.404621 0.059632 
 0.264861 -0.396759 0.056870 
 0.243538 -0.387989 0.024922 
 0.223843 -0.380147 0.022167 
 0.204148 -0.372306 0.019412 
 0.184453 -0.364465 0.016657 
 0.163382 -0.355795 -0.015257 
 0.145064 -0.348782 0.011147 
 0.125369 -0.340941 0.008392 
 0.105674 -0.333100 0.005637 
 0.085980 -0.325259 0.002882 
 0.067410 -0.318146 0.029250 
 0.047665 -0.310285 0.026488 
 0.027920 -0.302424 0.023726 
 0.008175 -0.294562 0.020964 
 -0.011571 -0.286701 0.018202 
 -0.033062 -0.277583 -0.042736 
 -0.052706 -0.269762 -0.045484 
 -0.072737 -0.261646 -0.062769 
 -0.092356 -0.253835 -0.065513 
 -0.111975 -0.246024 -0.068258 
 -0.131595 -0.238213 -0.071002 
 -0.151214 -0.230401 -0.073747 
 -0.170833 -0.222590 -0.076491 
 -0.190452 -0.214779 -0.079236 
 -0.210071 -0.206968 -0.081980 
 -0.229691 -0.199157 -0.084724 
 -0.249150 -0.191549 -0.072964 
 -0.268795 -0.183728 -0.075712 
 -0.288221 -0.176275 -0.049463 
 -0.307916 -0.168433 -0.052218 
 -0.327610 -0.160592 -0.054973 
 -0.347305 -0.152751 -0.057728 
 -0.367000 -0.144910 -0.060483 
 -0.386695 -0.137068 -0.063238 
 -0.406389 -0.129227 -0.065993 
 0.379184 -0.466019 0.132269 
 0.359338 -0.458118 0.129493 
 0.339492 -0.450216 0.126717 
 0.317887 -0.441275 0.094725 
 0.298092 -0.433393 0.091956 
 0.276637 -0.424512 0.059985 
 0.256892 -0.416651 0.057223 
 0.235589 -0.407829 0.025274 
 0.215894 -0.399988 0.022519 
 0.196199 -0.392147 0.019764 
 0.176505 -0.384306 0.017009 
 0.155454 -0.375585 -0.014906 
 0.137115 -0.368623 0.011499 
 0.117420 -0.360782 0.008744 
 0.096520 -0.352121 -0.023149 
 0.078031 -0.345099 0.003234 
 0.059441 -0.338038 0.029603 
 0.039696 -0.330176 0.026841 
 0.019951 -0.322315 0.024079 
 0.000206 -0.314454 0.021317 
 -0.019540 -0.306592 0.018555 
 -0.040990 -0.297373 -0.042385 
 -0.060635 -0.289551 -0.045133 
 -0.080655 -0.281411 -0.062418 
 -0.100274 -0.273600 -0.065162 
 -0.119894 -0.265788 -0.067907 
 -0.139513 -0.257977 -0.070651 
 -0.159132 -0.250166 -0.073396 
 -0.178751 -0.242355 -0.076140 
 -0.198370 -0.234544 -0.078885 
 -0.217990 -0.226732 -0.081629 
 -0.237609 -0.218921 -0.084373 
 -0.257079 -0.211339 -0.072612 
 -0.276723 -0.203518 -0.075360 
 -0.296169 -0.196115 -0.049110 
 -0.315717 -0.188673 -0.022875 
 -0.335462 -0.180811 -0.025637 
 -0.355254 -0.172592 -0.057375 
 -0.374952 -0.165089 -0.031161 
 -0.394697 -0.157227 -0.033924 
 0.371175 -0.486012 0.132624 
 0.351329 -0.478111 0.129848 
 0.331483 -0.470209 0.127072 
 0.309898 -0.461217 0.095079 
 0.290102 -0.453336 0.092310 
 0.268668 -0.444403 0.060339 
 0.248923 -0.436542 0.057577 
 0.229178 -0.428681 0.054815 
 0.207946 -0.419829 0.022872 
 0.186814 -0.411017 -0.009058 
 0.167170 -0.403196 -0.011806 
 0.147525 -0.395375 -0.014554 
 0.127881 -0.387553 -0.017302 
 0.108236 -0.379732 -0.020050 
 0.087999 -0.371476 -0.037367 
 0.068948 -0.364090 -0.025546 
 0.050388 -0.357099 0.000832 
 0.030693 -0.349258 -0.001923 
 0.011982 -0.342206 0.024432 
 -0.007763 -0.334345 0.021670 
 -0.027509 -0.326484 0.018908 
 -0.048919 -0.317163 -0.042033 
 -0.068563 -0.309341 -0.044781 
 -0.088573 -0.301175 -0.062067 
 -0.108192 -0.293364 -0.064811 
 -0.127812 -0.285553 -0.067556 
 -0.147431 -0.277742 -0.070300 
 -0.167580 -0.269321 -0.102093 
 -0.187149 -0.261530 -0.104830 
 -0.206289 -0.254308 -0.078534 
 -0.225908 -0.246497 -0.081278 
 -0.245527 -0.238686 -0.084022 
 -0.265146 -0.230875 -0.086767 
 -0.284651 -0.223308 -0.075009 
 -0.303940 -0.216425 -0.019760 
 -0.323686 -0.208564 -0.022522 
 -0.343431 -0.200703 -0.025284 
 -0.363176 -0.192841 -0.028046 
 -0.382921 -0.184980 -0.030808 
 -0.402666 -0.177119 -0.033570 
 0.341500 -0.496922 0.100971 
 0.323473 -0.490202 0.127427 
 0.301909 -0.481159 0.095433 
 0.282113 -0.473278 0.092664 
 0.260699 -0.464295 0.060692 
 0.240954 -0.456434 0.057930 
 0.219692 -0.447511 0.025979 
 0.199997 -0.439670 0.023224 
 0.178886 -0.430807 -0.008707 
 0.159241 -0.422986 -0.011455 
 0.139597 -0.415165 -0.014203 
 0.119952 -0.407343 -0.016951 
 0.100308 -0.399522 -0.019699 
 0.080081 -0.391240 -0.037016 
 0.060462 -0.383429 -0.039761 
 0.041375 -0.376059 -0.027942 
 0.022744 -0.369098 -0.001571 
 0.004013 -0.362098 0.024786 
 -0.016645 -0.353416 -0.007081 
 -0.037203 -0.344774 -0.038934 
 -0.056847 -0.336953 -0.041682 
 -0.076491 -0.329131 -0.044430 
 -0.096492 -0.320940 -0.061716 
 -0.116111 -0.313129 -0.064460 
 -0.135730 -0.305318 -0.067205 
 -0.155349 -0.297506 -0.069949 
 -0.175478 -0.289035 -0.101742 
 -0.195047 -0.281244 -0.104480 
 -0.214207 -0.274073 -0.078182 
 -0.233826 -0.266262 -0.080927 
 -0.253445 -0.258450 -0.083671 
 -0.273064 -0.250639 -0.086416 
 -0.292580 -0.243098 -0.074657 
 -0.312067 -0.235797 -0.048406 
 -0.331762 -0.227956 -0.051161 
 -0.351400 -0.220594 -0.024931 
 -0.371151 -0.212273 -0.056671 
 -0.390846 -0.204432 -0.059426 
 -0.410635 -0.197010 -0.033217 
 0.333510 -0.516864 0.101325 
 0.315463 -0.510195 0.127782 
 0.293919 -0.501101 0.095787 
 0.274124 -0.493220 0.093018 
 0.252730 -0.484186 0.061045 
 0.232985 -0.476325 0.058283 
 0.213240 -0.468464 0.055521 
 0.192048 -0.459510 0.023576 
 0.172354 -0.451669 0.020821 
 0.151313 -0.442776 -0.011103 
 0.131669 -0.434955 -0.013851 
 0.112024 -0.427133 -0.016599 
 0.093574 -0.420304 0.009801 
 0.072163 -0.411005 -0.036665 
 0.052544 -0.403194 -0.039410 
 0.033447 -0.395849 -0.027591 
 0.014795 -0.388939 -0.001219 
 -0.004899 -0.381098 -0.003974 
 -0.024594 -0.373256 -0.006729 
 -0.045131 -0.364564 -0.038583 
 -0.063984 -0.357574 -0.012239 
 -0.084420 -0.348921 -0.044078 
 -0.104064 -0.341100 -0.046826 
 -0.124029 -0.332893 -0.064109 
 -0.143648 -0.325082 -0.066854 
 -0.163267 -0.317271 -0.069598 
 -0.182886 -0.309460 -0.072343 
 -0.202506 -0.301649 -0.075087 
 -0.222125 -0.293837 -0.077831 
 -0.241744 -0.286026 -0.080576 
 -0.261363 -0.278215 -0.083320 
 -0.280864 -0.270709 -0.071558 
 -0.300508 -0.262888 -0.074306 
 -0.320015 -0.255638 -0.048053 
 -0.339537 -0.248897 0.007177 
 -0.359369 -0.240486 -0.024578 
 -0.379100 -0.232114 -0.056318 
 -0.398794 -0.224272 -0.059073 
 0.307454 -0.530188 0.128137 
 0.285930 -0.521044 0.096141 
 0.266134 -0.513162 0.093372 
 0.244761 -0.504078 0.061399 
 0.225016 -0.496216 0.058636 
 0.205271 -0.488355 0.055874 
 0.184100 -0.479351 0.023929 
 0.164405 -0.471510 0.021174 
 0.143385 -0.462566 -0.010752 
 0.123740 -0.454745 -0.013500 
 0.104096 -0.446923 -0.016248 
 0.085626 -0.440145 0.010154 
 0.064245 -0.430770 -0.036314 
 0.044626 -0.422959 -0.039059 
 0.025518 -0.415639 -0.027239 
 0.006847 -0.408780 -0.000866 
 -0.011925 -0.401881 0.025492 
 -0.032543 -0.393097 -0.006376 
 -0.053059 -0.384354 -0.038231 
 -0.072704 -0.376533 -0.040979 
 -0.092348 -0.368711 -0.043727 
 -0.111993 -0.360890 -0.046475 
 -0.131947 -0.352658 -0.063758 
 -0.151566 -0.344847 -0.066503 
 -0.171185 -0.337036 -0.069247 
 -0.190805 -0.329224 -0.071992 
 -0.210424 -0.321413 -0.074736 
 -0.229859 -0.313963 -0.062963 
 -0.249503 -0.306142 -0.065710 
 -0.269148 -0.298320 -0.068458 
 -0.288575 -0.291161 -0.042191 
 -0.307935 -0.284602 0.013069 
 -0.327731 -0.276721 0.010300 
 -0.347526 -0.268840 0.007531 
 -0.367322 -0.260958 0.004762 
 -0.387048 -0.251954 -0.055966 
 -0.406743 -0.244113 -0.058721 
 0.297736 -0.548867 0.099265 
 0.277941 -0.540986 0.096496 
 0.258145 -0.533104 0.093727 
 0.236792 -0.523969 0.061752 
 0.217047 -0.516108 0.058990 
 0.197302 -0.508247 0.056228 
 0.176151 -0.499192 0.024281 
 0.155101 -0.490177 -0.007652 
 0.135456 -0.482356 -0.010400 
 0.115812 -0.474535 -0.013148 
 0.096167 -0.466713 -0.015896 
 0.076523 -0.458892 -0.018644 
 0.056327 -0.450534 -0.035963 
 0.036708 -0.442723 -0.038708 
 0.017590 -0.435429 -0.026888 
 -0.001102 -0.428620 -0.000514 
 -0.019894 -0.421772 0.025845 
 -0.040491 -0.412938 -0.006024 
 -0.060186 -0.405097 -0.008779 
 -0.079881 -0.397255 -0.011534 
 -0.100276 -0.388501 -0.043376 
 -0.119921 -0.380680 -0.046123 
 -0.139865 -0.372423 -0.063407 
 -0.159484 -0.364611 -0.066152 
 -0.179104 -0.356800 -0.068896 
 -0.198723 -0.348989 -0.071641 
 -0.218342 -0.341178 -0.074385 
 -0.237787 -0.333753 -0.062611 
 -0.257432 -0.325932 -0.065359 
 -0.277076 -0.318110 -0.068107 
 -0.296129 -0.312426 0.016193 
 -0.315778 -0.305237 0.042433 
 -0.335913 -0.295319 -0.047349 
 -0.355446 -0.289760 0.051378 
 -0.375318 -0.281849 0.048598 
 -0.395189 -0.273937 0.045818 
 -0.415060 -0.266026 0.043039 
 0.289747 -0.568809 0.099619 
 0.269951 -0.560928 0.096850 
 0.250156 -0.553047 0.094081 
 0.228823 -0.543861 0.062105 
 0.209078 -0.535999 0.059343 
 0.189333 -0.528138 0.056581 
 0.168202 -0.519032 0.024633 
 0.148508 -0.511191 0.021878 
 0.127528 -0.502146 -0.010049 
 0.107884 -0.494325 -0.012797 
 0.088239 -0.486503 -0.015545 
 0.068595 -0.478682 -0.018293 
 0.048409 -0.470299 -0.035612 
 0.028789 -0.462488 -0.038357 
 0.009662 -0.455219 -0.026536 
 -0.009051 -0.448461 -0.000161 
 -0.028745 -0.440620 -0.002916 
 -0.048440 -0.432779 -0.005671 
 -0.068135 -0.424937 -0.008426 
 -0.087099 -0.418080 0.017913 
 -0.107524 -0.409255 -0.013936 
 -0.127849 -0.400470 -0.045772 
 -0.147494 -0.392649 -0.048520 
 -0.167138 -0.384828 -0.051268 
 -0.187022 -0.376565 -0.068545 
 -0.206427 -0.369185 -0.056764 
 -0.226071 -0.361364 -0.059512 
 -0.245388 -0.354366 -0.033221 
 -0.265082 -0.346525 -0.035976 
 -0.284323 -0.340250 0.019316 
 -0.303853 -0.333513 0.060072 
 -0.323598 -0.326344 0.086302 
 -0.343519 -0.318413 0.083515 
 -0.363441 -0.310481 0.080729 
 -0.383362 -0.302550 0.077942 
 -0.403283 -0.294618 0.075155 
 -0.423205 -0.286687 0.072369 
 -0.443126 -0.278755 0.069582 
 0.281757 -0.588751 0.099973 
 0.261962 -0.580870 0.097204 
 0.242166 -0.572989 0.094435 
 0.220854 -0.563752 0.062458 
 0.201109 -0.555891 0.059696 
 0.181364 -0.548030 0.056934 
 0.160254 -0.538873 0.024986 
 0.140559 -0.531032 0.022231 
 0.119600 -0.521936 -0.009697 
 0.099955 -0.514115 -0.012445 
 0.080311 -0.506293 -0.015193 
 0.061780 -0.499667 0.011211 
 0.040490 -0.490063 -0.035261 
 0.021378 -0.482830 -0.023437 
 0.001733 -0.475008 -0.026185 
 -0.016999 -0.468302 0.000191 
 -0.036694 -0.460461 -0.002564 
 -0.056389 -0.452619 -0.005319 
 -0.076083 -0.444778 -0.008074 
 -0.095778 -0.436937 -0.010829 
 -0.116133 -0.428081 -0.042673 
 -0.135778 -0.420260 -0.045421 
 -0.155422 -0.412439 -0.048168 
 -0.175066 -0.404618 -0.050916 
 -0.194711 -0.396796 -0.053664 
 -0.214355 -0.388975 -0.056412 
 -0.233999 -0.381154 -0.059160 
 -0.253336 -0.374207 -0.032869 
 -0.272774 -0.367219 -0.006592 
 -0.292312 -0.360192 0.019670 
 -0.311951 -0.353124 0.045919 
 -0.331744 -0.345620 0.057648 
 -0.351615 -0.337708 0.054868 
 -0.371481 -0.330550 0.081085 
 -0.391402 -0.322619 0.078298 
 -0.411324 -0.314687 0.075512 
 -0.431245 -0.306756 0.072725 
 -0.451166 -0.298824 0.069938 
 0.253973 -0.600812 0.097558 
 0.232630 -0.591505 0.065574 
 0.212885 -0.583644 0.062812 
 0.193140 -0.575782 0.060050 
 0.173395 -0.567921 0.057288 
 0.153650 -0.560060 0.054526 
 0.132610 -0.550873 0.022583 
 0.112915 -0.543031 0.019828 
 0.092027 -0.533904 -0.012094 
 0.072382 -0.526083 -0.014842 
 0.053831 -0.519507 0.011563 
 0.032572 -0.509828 -0.034910 
 0.013449 -0.502620 -0.023086 
 -0.006195 -0.494798 -0.025833 
 -0.025839 -0.486977 -0.028581 
 -0.044643 -0.480301 -0.002212 
 -0.064337 -0.472460 -0.004967 
 -0.084032 -0.464619 -0.007722 
 -0.103727 -0.456777 -0.010477 
 -0.123422 -0.448936 -0.013232 
 -0.143116 -0.441095 -0.015987 
 -0.162811 -0.433254 -0.018742 
 -0.182995 -0.424407 -0.050565 
 -0.202201 -0.417571 -0.024252 
 -0.221895 -0.409730 -0.027007 
 -0.241590 -0.401889 -0.029762 
 -0.260998 -0.394972 -0.003477 
 -0.280506 -0.388015 0.022793 
 -0.300301 -0.380134 0.020024 
 -0.319961 -0.373117 0.046274 
 -0.339764 -0.365638 0.058004 
 -0.359635 -0.357726 0.055224 
 -0.379521 -0.350619 0.081441 
 -0.399442 -0.342688 0.078655 
 -0.419364 -0.334756 0.075868 
 -0.439285 -0.326825 0.073081 
 0.247560 -0.622251 0.127137 
 0.227714 -0.614350 0.124361 
 0.206392 -0.604992 0.092374 
 0.185171 -0.595674 0.060403 
 0.165426 -0.587812 0.057641 
 0.145681 -0.579951 0.054879 
 0.124662 -0.570713 0.022936 
 0.104967 -0.562872 0.020181 
 0.084099 -0.553694 -0.011742 
 0.065577 -0.547190 0.014671 
 0.045882 -0.539348 0.011916 
 0.025165 -0.530231 -0.019986 
 0.005521 -0.522410 -0.022734 
 -0.014123 -0.514588 -0.025482 
 -0.032897 -0.507983 0.000896 
 -0.052591 -0.500142 -0.001859 
 -0.072286 -0.492301 -0.004614 
 -0.091981 -0.484459 -0.007369 
 -0.111006 -0.477754 0.018972 
 -0.130751 -0.469893 0.016210 
 -0.151065 -0.460936 -0.015634 
 -0.170760 -0.453094 -0.018389 
 -0.190455 -0.445253 -0.021144 
 -0.210149 -0.437412 -0.023899 
 -0.229476 -0.430586 0.002400 
 -0.249221 -0.422725 -0.000362 
 -0.268967 -0.414863 -0.003124 
 -0.288495 -0.407958 0.023147 
 -0.308291 -0.400076 0.020378 
 -0.327971 -0.393110 0.046629 
 -0.347784 -0.385656 0.058359 
 -0.367655 -0.377745 0.055579 
 -0.387526 -0.369833 0.052800 
 -0.407397 -0.361922 0.050020 
 -0.427268 -0.354010 0.047240 
 -0.447325 -0.346894 0.073438 
 0.220457 -0.635107 0.139324 
 0.199858 -0.626441 0.121940 
 0.178607 -0.617053 0.089959 
 0.158812 -0.609171 0.087190 
 0.137712 -0.599843 0.055232 
 0.117967 -0.591981 0.052470 
 0.097018 -0.582713 0.020533 
 0.077323 -0.574871 0.017778 
 0.057629 -0.567030 0.015023 
 0.038986 -0.560536 0.041422 
 0.018239 -0.551348 0.009513 
 -0.001456 -0.543506 0.006758 
 -0.021150 -0.535665 0.004003 
 -0.039994 -0.529091 0.030374 
 -0.059739 -0.521229 0.027612 
 -0.079484 -0.513368 0.024850 
 -0.099229 -0.505507 0.022088 
 -0.118975 -0.497645 0.019326 
 -0.138720 -0.489784 0.016564 
 -0.158465 -0.481923 0.013802 
 -0.178210 -0.474061 0.011040 
 -0.197955 -0.466200 0.008278 
 -0.217303 -0.459425 0.034578 
 -0.237098 -0.451544 0.031809 
 -0.257190 -0.442616 -0.000008 
 -0.276936 -0.434755 -0.002771 
 -0.296681 -0.426894 -0.005533 
 -0.316280 -0.420018 0.020732 
 -0.335980 -0.413103 0.046984 
 -0.355826 -0.405201 0.044208 
 -0.375672 -0.397300 0.041432 
 -0.395545 -0.389852 0.053155 
 -0.415417 -0.381940 0.050376 
 -0.435288 -0.374029 0.047596 
 0.172003 -0.638533 0.119519 
 0.150823 -0.629113 0.087544 
 0.131027 -0.621232 0.084775 
 0.111232 -0.613351 0.082006 
 0.090253 -0.604011 0.050061 
 0.070508 -0.596150 0.047299 
 0.050763 -0.588289 0.044537 
 0.031017 -0.580427 0.041775 
 0.011272 -0.572566 0.039013 
 -0.008473 -0.564705 0.036251 
 -0.028218 -0.556843 0.033489 
 -0.047963 -0.548982 0.030727 
 -0.067708 -0.541121 0.027965 
 -0.087453 -0.533260 0.025203 
 -0.106519 -0.526656 0.051546 
 -0.126314 -0.518774 0.048777 
 -0.146110 -0.510893 0.046008 
 -0.165905 -0.503011 0.043239 
 -0.185701 -0.495130 0.040470 
 -0.205496 -0.487249 0.037701 
 -0.224915 -0.480504 0.063996 
 -0.245087 -0.471486 0.032163 
 -0.264883 -0.463605 0.029394 
 -0.284678 -0.455723 0.026625 
 -0.304474 -0.447842 0.023856 
 -0.324269 -0.439961 0.021087 
 -0.343990 -0.433096 0.047339 
 -0.363836 -0.425194 0.044563 
 -0.383681 -0.417293 0.041787 
 0.124301 -0.642723 0.114321 
 0.103242 -0.633293 0.082360 
 0.083447 -0.625412 0.079591 
 0.063651 -0.617530 0.076822 
 0.043856 -0.609649 0.074053 
 0.024060 -0.601767 0.071284 
 0.003303 -0.592458 0.039366 
 -0.016442 -0.584596 0.036604 
 -0.036187 -0.576735 0.033842 
 -0.055932 -0.568874 0.031080 
 -0.075677 -0.561012 0.028318 
 -0.095422 -0.553151 0.025556 
 -0.114508 -0.546598 0.051901 
 -0.133695 -0.540004 0.078232 
 -0.153541 -0.532103 0.075456 
 -0.173387 -0.524202 0.072680 
 -0.193233 -0.516300 0.069903 
 -0.213078 -0.508399 0.067127 
 -0.232924 -0.500497 0.064351 
 -0.252770 -0.492596 0.061575 
 -0.272616 -0.484694 0.058799 
 -0.292668 -0.475665 0.026979 
 -0.312463 -0.467784 0.024210 
 0.076600 -0.646913 0.109124 
 0.055662 -0.637472 0.077176 
 0.035867 -0.629591 0.074407 
 0.016071 -0.621710 0.071638 
 -0.004666 -0.612349 0.039720 
 -0.023520 -0.605947 0.066100 
 -0.043316 -0.598065 0.063331 
 -0.063111 -0.590184 0.060562 
 -0.082907 -0.582303 0.057793 
 -0.102702 -0.574421 0.055024 
 -0.121859 -0.567899 0.081363 
 -0.141704 -0.559997 0.078587 
 -0.161281 -0.552755 0.090357 
 -0.181152 -0.544844 0.087578 
 -0.201023 -0.536932 0.084798 
 -0.220894 -0.529021 0.082018 
 -0.240429 -0.522348 0.108304 
 -0.260637 -0.513198 0.076459 
 -0.280626 -0.504687 0.059154 
 -0.300471 -0.496786 0.056378 
 -0.320452 -0.487726 0.024564 
 0.009053 -0.643202 0.101151 
 -0.011714 -0.633770 0.069223 
 -0.031509 -0.625889 0.066454 
 -0.051305 -0.618008 0.063685 
 -0.071100 -0.610126 0.060916 
 -0.090896 -0.602245 0.058147 
 -0.110691 -0.594364 0.055378 
 -0.130487 -0.586482 0.052609 
 -0.149430 -0.580685 0.093492 
 -0.169301 -0.572774 0.090713 
 -0.188705 -0.566212 0.117020 
 -0.208626 -0.558280 0.114234 
 -0.228548 -0.550349 0.111447 
 -0.248469 -0.542417 0.108660 
 -0.268390 -0.534486 0.105874 
 -0.288312 -0.526554 0.103087 
 -0.308481 -0.516779 0.056733 
 -0.019703 -0.653713 0.069578 
 -0.038649 -0.647392 0.095954 
 -0.058494 -0.639490 0.093178 
 -0.078340 -0.631589 0.090402 
 -0.098186 -0.623688 0.087625 
 -0.118032 -0.615786 0.084849 
 -0.137579 -0.608615 0.096628 
 -0.157450 -0.600703 0.093848 
 -0.176823 -0.594212 0.120163 
 -0.196745 -0.586281 0.117377 
 -0.216666 -0.578349 0.114590 
 -0.236588 -0.570418 0.111803 
 -0.256509 -0.562486 0.109017 
 -0.276430 -0.554555 0.106230 
 -0.296352 -0.546623 0.103443 
 -0.086350 -0.651582 0.090757 
 -0.105856 -0.644456 0.102542 
 -0.125728 -0.636545 0.099763 
 -0.145599 -0.628633 0.096983 
 -0.164942 -0.622213 0.123306 
 -0.184864 -0.614281 0.120520 
 -0.204785 -0.606350 0.117733 
 -0.224706 -0.598418 0.114946 
 -0.244628 -0.590487 0.112160 
 -0.264273 -0.583946 0.138442 
 -0.284245 -0.575994 0.135648 
 -0.304217 -0.568043 0.132854 
 -0.324189 -0.560091 0.130060 
 -0.153061 -0.650213 0.126450 
 -0.172982 -0.642282 0.123663 
 -0.192904 -0.634350 0.120876 
 -0.212419 -0.627920 0.147180 
 -0.232390 -0.619969 0.144386 
 -0.252362 -0.612017 0.141593 
 -0.272334 -0.604066 0.138799 
 -0.292101 -0.597536 0.165067 
 -0.312123 -0.589564 0.162266 
 -0.332249 -0.580211 0.130418 
 -0.220479 -0.648040 0.147537 
 -0.240115 -0.641621 0.173827 
 -0.260137 -0.633649 0.171027 
 -0.280159 -0.625678 0.168226 
 -0.300181 -0.617706 0.165425 
 -0.320204 -0.609735 0.162624 
 -0.288240 -0.645848 0.168584 
 -0.308262 -0.637877 0.165783 
 -0.328284 -0.629905 0.162982 
 