-0.182568 -0.341108 -0.023642 
 -0.228250 -0.426021 0.026058 
 0.010840 0.516879 0.117763 
 0.098977 -0.483671 0.086519 
 0.195702 -0.228577 0.063154 
 -0.132325 0.604925 0.014951 
 0.189809 0.195357 -0.123713 
 -0.012813 -0.112190 -0.105006 
 -0.095013 -0.504366 0.085458 
 0.122361 -0.544707 0.074888 
 -0.124823 0.470720 0.047101 
 -0.153928 -0.509750 0.065715 
 -0.080564 -0.507066 0.088059 
 0.224640 -0.085230 -0.147568 
 -0.237653 -0.319187 -0.033744 
 -0.020329 0.488575 0.084589 
 0.166170 -0.005857 -0.192322 
 -0.018478 -0.470701 0.116428 
 0.161980 -0.372095 0.067889 
 -0.195150 -0.491107 0.057148 
 -0.176394 -0.194421 -0.033795 
 0.085158 0.779726 -0.012026 
 -0.379132 -0.347124 -0.005432 
 -0.234334 -0.457593 0.047817 
 0.276064 -0.282621 0.070486 
 0.307999 -0.362923 0.112596 
 0.254391 -0.337880 0.050596 
 -0.053044 0.065877 -0.206382 
 -0.163260 -0.196289 -0.031225 
 -0.099668 0.437523 0.053759 
 -0.268406 -0.226711 -0.046307 
 -0.011585 0.825307 -0.011688 
 -0.190836 0.273506 0.143405 
 0.022860 0.743493 -0.020144 
 -0.103259 0.599186 0.000155 
 0.127216 -0.398066 0.083432 
 0.274041 -0.297756 0.071566 
 0.154356 0.141900 -0.135901 
 0.266430 -0.550897 0.140321 
 0.000799 0.808977 -0.008323 
 -0.048549 0.005689 -0.180766 
 -0.006713 0.074114 -0.229780 
 -0.068468 -0.314158 0.076880 
 0.013490 -0.355203 0.112899 
 -0.178226 0.418824 0.062346 
 0.011436 -0.057213 -0.134890 
 0.243731 -0.043931 -0.126989 
 0.279078 -0.254202 0.068960 
 0.357259 -0.324112 0.117867 
 -0.306387 -0.266859 -0.020646 
 -0.143589 0.266700 0.130713 
 0.232669 -0.277793 0.071874 
 -0.135488 -0.198773 -0.005917 
 -0.039538 0.444680 0.062284 
 0.055482 0.527721 0.145644 
 0.261562 -0.104406 -0.058055 
 -0.195152 -0.490713 0.057149 
 -0.026891 0.136457 -0.237744 
 0.260318 -0.192468 0.040437 
 0.142922 0.290565 -0.087902 
 -0.145826 -0.286899 -0.020886 
 -0.038332 0.284152 0.147634 
 -0.105702 -0.056486 -0.124231 
 0.065369 -0.273427 0.156625 
 -0.224208 -0.410789 0.005992 
 -0.180739 -0.490984 0.059752 
 -0.028465 -0.109939 -0.086536 
 -0.205071 0.526189 0.029099 
 -0.050942 0.475978 0.059407 
 -0.153720 0.297116 0.106815 
 0.036474 -0.402363 0.100149 
 0.004237 0.278642 0.175673 
 -0.155112 -0.344835 -0.018496 
 0.081900 0.269847 -0.096608 
 -0.004257 -0.488123 0.099536 
 -0.013408 0.117496 -0.255638 
 0.122388 0.337925 -0.095250 
 0.180375 0.241543 -0.099007 
 0.226837 -0.215735 0.057121 
 0.160019 -0.062255 -0.191263 
 -0.132281 0.144140 0.142256 
 -0.227409 -0.348319 -0.030606 
 0.260320 -0.192293 0.039806 
 -0.155923 -0.094517 -0.109507 
 -0.088896 -0.458965 0.083164 
 -0.178221 0.256718 0.145496 
 0.336771 -0.365969 0.117086 
 -0.260166 -0.272013 -0.043917 
 0.033555 0.069597 -0.192008 
 -0.317115 -0.087438 -0.106760 
 -0.128689 0.667842 0.053105 
 -0.026027 0.722236 -0.006336 
 0.079578 -0.109610 -0.180638 
 0.029263 -0.343038 0.114736 
 -0.234347 -0.455948 0.048248 
 -0.130629 0.531451 0.041407 
 0.333803 -0.187115 0.053548 
 0.349262 -0.086207 -0.003664 
 -0.004142 0.940902 0.082907 
 0.121951 0.116782 -0.139476 
 -0.026506 0.444330 0.087703 
 0.057432 -0.360344 0.102505 
 0.020813 0.171028 -0.232439 
 0.178260 -0.120693 -0.183297 
 -0.191320 0.468846 0.107411 
 0.171059 -0.195765 0.056810 
 0.065384 0.239909 -0.117808 
 -0.094976 -0.205883 0.028593 
 -0.235729 -0.217345 -0.062694 
 0.002980 -0.308303 0.128221 
 0.005972 -0.012767 -0.149739 
 0.002433 0.615302 0.016597 
 -0.130793 0.337715 0.076694 
 0.100628 -0.483654 0.084160 
 -0.197048 0.496557 0.053522 
 0.008627 -0.384558 0.116476 
 -0.297774 -0.061583 -0.115732 
 -0.309805 -0.538580 0.093265 
 0.018922 0.627463 0.018678 
 -0.239039 0.032932 -0.133379 
 0.005920 0.557938 0.062639 
 -0.312917 -0.477020 0.066553 
 0.071599 0.965213 0.114543 
 0.250597 -0.367942 0.052109 
 -0.316136 -0.325449 0.003418 
 0.122213 -0.441067 0.067540 
 -0.025774 0.619064 0.011641 
 0.096308 0.033528 -0.137536 
 0.219102 0.221703 -0.089811 
 -0.223353 -0.321043 -0.032633 
 0.301110 -0.036774 -0.097324 
 0.244489 -0.502382 0.112481 
 0.066144 0.390334 0.155937 
 0.016841 0.262617 0.179100 
 -0.206358 0.511485 0.029871 
 -0.089413 0.512469 0.050028 
 0.092341 -0.438977 0.081643 
 -0.190205 -0.118552 -0.092414 
 -0.155921 -0.094671 -0.109507 
 -0.180435 0.509410 0.055436 
 0.166889 -0.431776 0.063346 
 -0.066109 -0.180628 0.086173 
 -0.057570 0.123663 -0.242032 
 0.217880 -0.112974 -0.064939 
 0.000880 0.045008 -0.195566 
 -0.128677 0.666887 0.051846 
 -0.224612 0.337497 0.111398 
 -0.144954 0.549867 0.058024 
 -0.032672 0.399570 0.088573 
 -0.224629 0.339605 0.111769 
 -0.201734 0.056987 -0.179930 
 0.004792 0.733095 -0.001903 
 -0.072182 -0.448476 0.105233 
 -0.107406 -0.489044 0.082087 
 -0.032299 -0.052850 -0.122338 
 0.040251 -0.060975 -0.140098 
 0.094179 0.120803 -0.144538 
 0.058226 -0.464257 0.097466 
 0.061312 0.080751 -0.167542 
 0.100787 0.538621 0.172241 
 -0.013326 -0.336762 0.106913 
 0.071471 0.050534 -0.164640 
 0.169080 0.257697 -0.101480 
 -0.096950 0.057639 -0.213545 
 -0.073865 0.595432 0.004503 
 0.108821 0.491860 0.177222 
 0.037681 -0.506226 0.097472 
 -0.024544 -0.514715 0.118731 
 0.028333 -0.146899 -0.135447 
 0.027758 0.685900 0.005592 
 0.024416 0.305092 0.155903 
 -0.209375 0.156131 0.169118 
 0.243505 -0.412050 0.073395 
 -0.035651 0.929901 0.077799 
 0.023472 0.758061 -0.020870 
 -0.000150 0.426445 0.102321 
 0.147718 -0.237933 0.096430 
 0.037086 -0.298746 0.132692 
 0.222375 -0.246849 0.068436 
 -0.009995 -0.010594 -0.152278 
 -0.028459 -0.110798 -0.086539 
 -0.222389 0.246539 0.117927 
 0.181983 -0.330123 0.056270 
 0.078390 0.374945 0.180810 
 -0.111717 -0.234480 0.010842 
 -0.004273 0.397014 0.104029 
 0.088623 0.077735 -0.142302 
 -0.225652 -0.158023 -0.083630 
 -0.014181 -0.337061 0.106909 
 -0.130923 0.651003 0.032624 
 -0.004260 -0.486400 0.097490 
 0.207478 -0.362638 0.044381 
 0.156347 -0.076364 -0.193298 
 0.090353 -0.009514 -0.135820 
 0.190072 -0.037683 -0.187729 
 -0.239112 0.233602 0.116777 
 -0.217502 -0.041675 -0.144587 
 0.341897 -0.129887 0.049523 
 -0.331142 -0.323582 0.001190 
 0.027831 -0.357088 0.115507 
 0.378728 -0.267683 0.117623 
 0.129499 0.057846 -0.154173 
 -0.032745 -0.366157 0.105830 
 -0.026465 -0.095882 -0.086028 
 -0.042761 0.121860 -0.240089 
 0.184301 -0.523637 0.073071 
 -0.221175 -0.395685 -0.005610 
 -0.169173 -0.091791 -0.112053 
 -0.080593 -0.178745 0.084231 
 0.172124 -0.182620 0.075687 
 0.001324 0.353424 0.150471 
 0.029670 0.186513 -0.160187 
 0.267050 -0.075994 -0.100215 
 -0.207899 0.350430 0.114610 
 -0.146801 -0.376509 0.015867 
 -0.201336 0.411250 0.130529 
 0.011835 0.321838 0.153274 
 -0.083917 0.435643 0.056494 
 -0.059850 0.329662 0.119936 
 0.090724 -0.009512 -0.135300 
 0.032641 0.170872 -0.199717 
 0.284205 -0.523527 0.141386 
 0.358085 -0.043637 -0.046521 
 -0.074736 0.404129 0.060644 
 -0.184180 -0.431632 0.033920 
 -0.115252 -0.532679 0.104614 
 -0.048570 0.008324 -0.180084 
 0.100372 0.538624 0.170110 
 -0.184818 0.303058 0.121238 
 0.208993 0.004151 -0.167177 
 -0.207408 -0.131058 -0.083509 
 0.106918 0.236413 -0.110170 
 0.139500 -0.189926 -0.164364 
 0.272007 -0.311050 0.072007 
 -0.222717 0.368519 0.130216 
 -0.199393 0.570988 0.026789 
 -0.237042 0.248444 0.116275 
 0.071318 0.152677 -0.171254 
 0.050182 0.010206 -0.143155 
 -0.189479 -0.045509 -0.149515 
 -0.085862 0.628608 0.021156 
 0.093623 0.238259 -0.113236 
 -0.269437 -0.316086 -0.007858 
 -0.029150 0.850025 0.054928 
 0.024822 -0.489738 0.094604 
 0.094443 -0.305562 0.102597 
 0.069619 -0.063627 -0.155057 
 -0.134299 -0.125845 -0.072700 
 -0.088682 0.317294 0.083564 
 0.228599 -0.057871 -0.149053 
 0.207576 -0.556688 0.110318 
 -0.012813 -0.112190 -0.105002 
 -0.149160 -0.065313 -0.139716 
 0.197502 0.268319 -0.097146 
 0.055609 -0.062432 -0.157584 
 -0.156390 -0.168108 -0.052871 
 0.261736 -0.281164 0.067902 
 0.293029 0.006477 -0.102095 
 0.145496 0.069810 -0.152374 
 -0.144464 -0.543289 0.079947 
 -0.015653 0.794445 -0.010162 
 0.047101 -0.447758 0.094915 
 0.115017 -0.487258 0.089114 
 -0.043668 -0.346123 0.082241 
 0.091604 0.570302 0.168044 
 0.121683 0.234056 -0.117711 
 0.208657 0.105119 -0.144516 
 0.233081 -0.277793 0.072903 
 -0.104493 0.512957 0.047405 
 -0.225510 -0.246537 -0.059887 
 0.005912 0.559123 0.062642 
 -0.086320 -0.208218 0.105928 
 -0.201589 -0.029379 -0.153190 
 0.043796 -0.344306 0.117347 
 0.082011 -0.289379 0.119498 
 -0.129302 -0.438896 0.064489 
 -0.224205 -0.410786 0.005117 
 -0.249863 0.191292 0.169613 
 0.081734 -0.275019 0.139845 
 0.047341 0.362548 0.157671 
 0.061797 0.813837 -0.018728 
 0.210633 -0.333069 0.063196 
 0.183747 -0.094087 -0.184770 
 -0.155202 -0.020957 -0.166056 
 -0.170694 -0.434667 0.036506 
 -0.195197 -0.147313 -0.081109 
 0.153658 -0.208566 0.074760 
 -0.148399 -0.391045 0.016873 
 0.273826 -0.401583 0.090459 
 -0.048201 -0.136905 -0.067414 
 0.023535 0.394636 0.128988 
 -0.224610 0.337498 0.110886 
 -0.013174 -0.441348 0.114897 
 0.004177 0.838566 0.001206 
 0.012452 -0.057178 -0.134885 
 0.055634 0.421874 0.153061 
 -0.057336 -0.540293 0.116485 
 0.185913 -0.301271 0.066668 
 0.167989 -0.092288 -0.187286 
 0.268671 -0.075983 -0.100146 
 0.041527 0.684710 0.018772 
 0.115065 -0.263541 0.103359 
 0.053666 0.754326 -0.015428 
 0.087877 0.643013 0.121323 
 -0.177364 -0.062032 -0.146258 
 -0.088311 0.597221 0.002759 
 -0.345545 -0.319181 -0.001763 
 -0.317823 -0.325461 0.003411 
 -0.284717 -0.239382 -0.048793 
 -0.078665 0.479766 0.054180 
 -0.364771 -0.170270 -0.048389 
 -0.037064 -0.081178 -0.110759 
 -0.286971 -0.495303 0.072535 
 0.148560 -0.237924 0.095349 
 -0.237648 -0.319328 -0.034702 
 -0.150501 0.007332 -0.177290 
 0.259729 -0.032022 -0.125208 
 0.040350 -0.387717 0.099391 
 0.015271 0.613411 0.019438 
 0.051333 0.499179 0.146540 
 0.135750 0.403411 0.280718 
 0.017358 0.056960 -0.203869 
 -0.255983 -0.346288 -0.036348 
 -0.386649 -0.302385 -0.010312 
 -0.001432 0.689250 0.000392 
 0.111517 0.030857 -0.153161 
 0.256033 -0.132669 -0.017009 
 -0.170720 0.052581 -0.204971 
 -0.216273 -0.188754 -0.061628 
 -0.344066 -0.142147 -0.066216 
 0.024730 0.199238 -0.234708 
 0.287066 -0.035110 -0.101205 
 -0.035657 0.929897 0.079013 
 -0.320208 -0.507265 0.086798 
 0.082568 0.421066 0.198601 
 0.032964 0.558424 0.097994 
 -0.092734 0.100809 -0.194666 
 0.034002 0.364799 0.133413 
 0.026301 -0.059146 -0.142448 
 0.014823 0.128716 -0.230226 
 0.196146 -0.539500 0.085372 
 -0.230280 -0.441332 0.026900 
 0.031848 0.714733 0.002099 
 -0.256530 -0.257523 -0.042877 
 0.203784 0.208745 -0.101714 
 0.105879 0.002453 -0.153733 
 -0.058386 -0.106098 -0.071477 
 -0.006316 -0.501042 0.101372 
 0.344173 -0.027499 -0.049896 
 -0.274546 -0.512029 0.077967 
 0.022760 0.184892 -0.233178 
 -0.035901 -0.260163 0.137763 
 0.101796 -0.242558 -0.136044 
 0.351630 -0.159866 0.073974 
 0.112429 -0.278178 0.103666 
 0.102855 -0.242551 -0.136039 
 -0.087207 0.421573 0.057260 
 -0.029278 0.518225 0.059526 
 -0.311493 -0.553284 0.093143 
 -0.099665 0.437525 0.053121 
 -0.045761 0.836799 0.053077 
 0.001489 -0.128461 -0.131190 
 0.220643 -0.469721 0.085376 
 -0.047697 -0.228785 0.134097 
 0.006854 0.381731 0.127975 
 0.078313 0.078948 -0.165005 
 0.131316 -0.044237 -0.176388 
 -0.200189 -0.520500 0.066321 
 -0.066526 0.463139 0.057566 
 0.034836 -0.418031 0.100914 
 0.365412 -0.268017 0.115029 
 0.242423 0.042748 -0.154237 
 -0.006336 0.382612 0.104641 
 -0.144130 0.035293 -0.199174 
 -0.261337 -0.008404 -0.113628 
 -0.012703 0.530426 0.061562 
 0.071550 -0.166069 -0.167561 
 0.011837 0.321584 0.153218 
 0.310733 0.020015 -0.100298 
 0.373535 -0.207495 0.111795 
 0.137985 0.248565 -0.105821 
 0.089451 0.193915 -0.139612 
 0.183386 -0.212752 0.059514 
 -0.069690 0.272003 0.142266 
 0.082491 -0.393063 0.097048 
 -0.245577 -0.515792 0.081290 
 0.108932 -0.306318 0.105202 
 -0.237722 0.173296 0.173046 
 0.317490 -0.199735 0.051215 
 -0.034620 0.560112 0.014700 
 -0.254957 -0.421592 0.000814 
 0.319095 -0.483856 0.154495 
 -0.331658 -0.323585 0.000821 
 0.179439 0.226723 -0.107538 
 -0.178970 -0.134758 -0.078599 
 0.034506 0.869365 0.044533 
 -0.004548 0.017052 -0.173177 
 -0.080820 0.198703 0.167117 
 0.017102 0.439422 0.104176 
 -0.117208 0.424696 0.052023 
 0.107571 0.001164 -0.153730 
 0.039049 0.585325 0.066335 
 0.343255 -0.217677 0.087197 
 0.267041 -0.074784 -0.100150 
 0.216716 -0.290004 0.060915 
 0.022312 -0.267744 0.149904 
 -0.103672 -0.189313 -0.001512 
 0.045394 0.799930 -0.020560 
 -0.019598 0.662767 -0.000674 
 0.045312 0.154674 -0.206532 
 0.065627 -0.107674 -0.185054 
 -0.106477 -0.203893 0.009329 
 0.263691 -0.003434 -0.126694 
 0.299848 -0.420541 0.117869 
 -0.087995 -0.265800 0.017535 
 -0.069763 -0.523732 0.111673 
 0.051000 -0.106104 -0.175565 
 -0.263041 0.208147 0.165265 
 0.059620 0.558395 0.143433 
 -0.254171 -0.139861 -0.072227 
 0.043742 -0.344623 0.117346 
 0.079637 0.006559 -0.138573 
 -0.071822 0.609487 0.004595 
 -0.126441 0.278510 0.112505 
 0.058132 0.451594 0.151500 
 0.076134 0.209695 -0.123840 
 -0.118639 0.018218 -0.193381 
 0.241823 -0.130828 -0.016957 
 0.283942 -0.063580 -0.098363 
 -0.190589 -0.397787 -0.020607 
 -0.008090 -0.082853 -0.115752 
 -0.052731 -0.497145 0.132582 
 -0.072664 -0.195501 0.127308 
 -0.095015 -0.504041 0.085459 
 0.210691 0.252177 -0.093847 
 -0.382775 -0.182964 -0.039044 
 0.159797 0.185579 -0.128035 
 -0.164301 -0.210762 -0.031547 
 0.259707 -0.295236 0.068663 
 0.023567 0.659446 0.037208 
 -0.023672 0.280580 0.150268 
 0.127648 0.294209 -0.069910 
 0.028399 -0.234620 -0.098108 
 -0.147331 -0.376512 0.015865 
 -0.267217 0.178722 0.167737 
 -0.028660 -0.334881 0.103516 
 -0.339298 -0.188565 -0.030619 
 -0.030926 0.976258 0.096059 
 0.171062 -0.195762 0.056039 
 0.212749 0.031789 -0.158532 
 -0.030353 -0.469071 0.083441 
 0.005996 0.995680 0.047688 
 0.045445 -0.032494 -0.141401 
 0.036135 0.012036 -0.146602 
 0.131312 -0.043506 -0.176791 
 -0.292048 -0.283099 -0.026421 
 -0.127787 0.189551 0.159909 
 -0.235624 -0.305330 -0.035462 
 0.253395 -0.074391 -0.122980 
 0.086512 0.779736 -0.012259 
 0.025607 0.408462 0.128450 
 -0.239750 -0.244685 -0.061177 
 0.158300 -0.062270 -0.190040 
 0.115632 0.447821 0.212108 
 -0.068269 0.139588 -0.245273 
 -0.083102 -0.162127 -0.039808 
 -0.049335 0.387237 0.086723 
 -0.287209 -0.253818 -0.048037 
 0.110590 0.266165 -0.092279 
 -0.088709 -0.460493 0.083161 
 0.218338 0.207399 -0.089058 
 -0.068465 -0.314156 0.076067 
 0.092207 0.373028 0.183176 
 0.228042 0.177535 -0.064780 
 -0.086273 0.612520 0.001995 
 -0.016059 -0.141511 -0.112764 
 0.056581 -0.252572 -0.122638 
 0.003478 -0.114206 -0.131931 
 -0.032577 0.021377 -0.178974 
 0.380229 -0.267672 0.117629 
 0.222369 -0.246853 0.069730 
 0.261738 -0.281484 0.067901 
 0.033751 -0.205229 -0.119994 
 -0.120992 -0.485253 0.069381 
 -0.053405 0.357742 0.088481 
 0.357256 -0.323790 0.118087 
 -0.047312 0.313413 0.124219 
 0.039620 0.529620 0.142339 
 -0.081261 -0.162112 -0.040773 
 0.019100 -0.014602 -0.147211 
 0.228598 -0.056810 -0.150574 
 0.306440 -0.272596 0.085620 
 -0.308422 -0.281402 -0.018621 
 -0.028837 0.119029 -0.237014 
 0.306442 -0.272457 0.085069 
 -0.142717 0.049488 -0.199919 
 -0.022368 -0.396175 0.109979 
 -0.333167 -0.339369 0.001583 
 -0.096814 0.290656 0.137073 
 0.355500 -0.234774 0.110919 
 -0.307161 -0.104426 -0.083396 
 0.282070 -0.150747 0.000691 
 0.062297 -0.434345 0.096746 
 -0.040400 0.268185 0.149397 
 0.112209 0.146636 -0.143499 
 0.055476 0.528958 0.144987 
 0.140738 -0.517030 0.065325 
 0.322818 -0.259924 0.087738 
 -0.141545 -0.022791 -0.163523 
 -0.145967 -0.183935 -0.029404 
 0.091134 -0.125456 -0.177384 
 0.237111 -0.246152 0.061224 
 0.133908 -0.130979 -0.190090 
 -0.212200 -0.248402 -0.056043 
 -0.222625 -0.056009 -0.143852 
 -0.191746 -0.553190 0.093101 
 -0.070811 0.345535 0.096510 
 0.044971 0.559308 0.142408 
 -0.139255 0.576232 0.036477 
 0.025043 0.671956 0.016608 
 -0.140715 0.063686 -0.200758 
 0.103605 -0.026897 -0.152243 
 0.216448 0.060108 -0.159612 
 0.030574 -0.328183 0.134222 
 -0.344047 -0.144808 -0.066223 
 -0.383611 -0.272368 -0.011840 
 -0.176302 -0.463454 0.058220 
 -0.270373 -0.496477 0.055149 
 -0.063846 0.389506 0.084101 
 0.121427 0.475275 0.180980 
 0.202376 -0.286856 0.058337 
 0.049125 0.588325 0.139235 
 0.326159 -0.141846 0.027008 
 0.094745 -0.110562 -0.198348 
 -0.234490 -0.379836 -0.000484 
 0.250311 -0.088407 -0.101943 
 -0.110709 0.074237 -0.196121 
 -0.150010 -0.212781 -0.027888 
 0.338802 -0.351395 0.117350 
 -0.109420 -0.072557 -0.103356 
 0.093406 0.105521 -0.163977 
 -0.078991 0.479741 0.054179 
 0.217430 -0.185846 0.032713 
 0.107738 0.237721 -0.110163 
 -0.048593 0.770729 -0.013826 
 -0.320741 -0.264994 -0.022242 
 0.110591 0.266166 -0.092573 
 -0.224879 0.032220 -0.132030 
 -0.166324 -0.225574 -0.029706 
 0.035432 0.097903 -0.193499 
 -0.184757 -0.266547 -0.051533 
 -0.167541 0.082178 -0.186380 
 0.056571 -0.251155 -0.122635 
 -0.168544 -0.239731 -0.028948 
 -0.224886 0.032384 -0.130824 
 0.034589 0.888102 0.072489 
 -0.050303 0.151051 -0.263607 
 0.036142 0.012040 -0.148144 
 0.149716 0.214431 -0.132067 
 0.090125 0.358661 0.184233 
 0.215697 -0.406532 0.049234 
 -0.234975 0.048180 -0.154176 
 -0.071959 -0.433818 0.104884 
 0.003696 0.058778 -0.206383 
 -0.246791 -0.288352 -0.038789 
 0.237924 0.013985 -0.152758 
 0.113734 -0.382238 0.101483 
 -0.335091 -0.263127 -0.024840 
 0.187108 0.049589 -0.164308 
 0.058398 0.330966 0.160363 
 0.248338 -0.382819 0.052865 
 -0.325249 -0.459699 0.043048 
 0.096946 0.133895 -0.165465 
 -0.137502 -0.214631 -0.005874 
 -0.048564 0.008328 -0.181645 
 -0.364310 -0.334869 0.015786 
 -0.231573 -0.288442 -0.056336 
 0.082571 0.421050 0.197845 
 -0.279688 -0.375913 0.013478 
 -0.232484 -0.532343 0.084510 
 0.164184 -0.106405 -0.186556 
 0.090290 -0.451250 0.082412 
 0.142564 -0.175094 -0.186857 
 0.018539 0.454986 0.103404 
 -0.051354 0.372486 0.089053 
 0.291031 -0.006643 -0.100492 
 -0.026006 -0.305920 0.122986 
 0.024347 -0.386428 0.117046 
 0.262637 -0.384281 0.053443 
 0.085339 0.149921 -0.169074 
 -0.085603 -0.089118 -0.067278 
 -0.028498 0.604425 0.012786 
 0.070987 0.542857 0.166949 
 -0.089399 0.511075 0.049156 
 0.276756 -0.283231 0.070487 
 -0.247063 -0.023343 -0.129124 
 0.049428 0.376064 0.155387 
 -0.233820 -0.025188 -0.127825 
 0.032552 0.470262 0.144902 
 0.083322 0.700318 0.085691 
 0.283342 -0.447056 0.094204 
 0.031693 -0.132226 -0.156434 
 -0.020176 -0.485368 0.116441 
 0.187578 -0.286739 0.068025 
 -0.335677 -0.099840 -0.089230 
 -0.211030 -0.337387 -0.028793 
 -0.384855 -0.376902 0.016173 
 -0.187799 -0.537022 0.072361 
 0.035097 0.991886 0.055036 
 0.293088 -0.464270 0.138332 
 -0.339710 -0.128731 -0.087229 
 -0.234258 -0.532355 0.084503 
 0.213426 -0.127129 -0.023074 
 -0.141218 -0.022788 -0.163522 
 -0.283774 -0.314211 -0.013443 
 -0.073273 0.332031 0.117309 
 0.276132 -0.106016 -0.055508 
 0.014266 -0.459012 0.098823 
 0.057746 -0.151245 -0.150606 
 -0.172241 -0.372354 -0.019551 
 -0.302635 -0.252195 -0.030525 
 0.231733 -0.188572 0.034669 
 -0.091558 0.301790 0.096142 
 0.100750 -0.242565 -0.136048 
 0.016878 0.612898 0.019443 
 -0.239862 -0.156167 -0.088444 
 0.363360 -0.280382 0.116371 
 0.123931 -0.308933 0.097659 
 -0.224200 -0.410783 0.004062 
 -0.231099 -0.517678 0.084425 
 -0.230455 -0.289867 -0.056335 
 -0.276495 -0.107401 -0.096616 
 0.055780 -0.493477 0.099811 
 -0.204392 -0.118163 -0.095564 
 0.023002 0.904770 0.069717 
 -0.027221 0.532938 0.057766 
 -0.308465 -0.371712 0.008294 
 0.278045 -0.091793 -0.067307 
 -0.157948 -0.373791 -0.017598 
 -0.067955 0.359640 0.084322 
 -0.272457 -0.078576 -0.102028 
 0.310497 -0.243095 0.083547 
 -0.011573 0.823577 -0.011692 
 0.299160 -0.226836 0.048645 
 -0.118757 0.115841 -0.201117 
 0.020780 0.728916 -0.019338 
 0.026207 -0.059142 -0.144095 
 -0.091311 0.391504 0.059292 
 -0.128875 0.546158 0.040636 
 0.132767 0.321724 -0.093353 
 0.088813 0.465802 0.196467 
 0.077519 0.374933 0.180806 
 0.039282 0.755947 -0.018272 
 0.061951 -0.208829 -0.124873 
 0.035165 0.215756 -0.151599 
 0.379628 -0.163769 0.111912 
 0.260390 -0.295886 0.068664 
 0.234974 -0.100848 -0.103727 
 -0.166198 -0.077788 -0.132914 
 0.257745 -0.045993 -0.124039 
 -0.171500 0.551833 0.032792 
 -0.018215 -0.051354 -0.119787 
 0.167070 -0.431775 0.063347 
 -0.123468 -0.409973 0.042760 
 0.149714 0.215107 -0.132543 
 -0.025323 0.354610 0.103557 
 -0.186264 -0.103283 -0.113855 
 -0.186920 -0.178510 -0.057251 
 -0.186686 0.055530 -0.188789 
 0.104436 0.325200 -0.097059 
 -0.250807 -0.468684 0.045340 
 0.083748 0.612897 0.122988 
 0.060501 0.557413 0.143434 
 -0.036824 0.490457 0.081312 
 0.125369 0.418948 0.256944 
 0.006170 -0.187387 -0.106683 
 0.115533 -0.158112 -0.170874 
 0.058781 0.716450 0.039352 
 -0.088982 -0.475115 0.083935 
 0.184007 -0.316258 0.057268 
 -0.258157 -0.256827 -0.042882 
 0.038183 0.670755 0.039036 
 -0.188553 -0.385422 -0.021370 
 -0.249551 -0.454076 0.045220 
 -0.334736 -0.505382 0.086610 
 -0.121441 -0.394843 0.041998 
 -0.280670 -0.299491 -0.022948 
 0.217190 -0.113520 -0.064943 
 -0.058440 0.417144 0.062490 
 0.154618 0.024715 -0.167865 
 0.023385 0.500213 0.121171 
 0.033034 0.816381 -0.024545 
 0.184292 -0.522380 0.073075 
 0.032155 0.186530 -0.160177 
 -0.179843 0.241839 0.147035 
 -0.188608 0.182315 0.150147 
 -0.167485 -0.005305 -0.169340 
 0.194768 -0.243108 0.063627 
 0.035114 0.849447 0.003503 
 -0.037238 -0.393573 0.107370 
 0.117499 -0.143230 -0.170781 
 0.108750 -0.424585 0.083477 
 0.079400 0.107330 -0.168204 
 0.217035 -0.041046 -0.162444 
 -0.039566 0.724118 -0.008931 
 -0.030625 0.416037 0.087805 
 0.262918 -0.266855 0.067138 
 -0.051128 0.150159 -0.263613 
 0.132512 -0.472411 0.070625 
 0.098284 0.523738 0.173454 
 -0.158907 -0.541417 0.077344 
 0.309869 -0.152047 0.025559 
 -0.313529 -0.221497 -0.034629 
 -0.340900 -0.547995 0.087914 
 0.215868 0.178786 -0.087553 
 -0.071249 0.039838 -0.207418 
 -0.068997 -0.017686 -0.152527 
 0.000938 -0.324483 0.128988 
 -0.359723 -0.319836 -0.004362 
 0.022482 0.572032 0.064488 
 -0.087203 0.420908 0.057258 
 0.010946 0.100508 -0.228216 
 -0.000318 0.703858 -0.000377 
 -0.192455 -0.059355 -0.138752 
 0.179475 0.108763 -0.151122 
 0.038910 0.409419 0.151199 
 -0.053419 0.359768 0.088272 
 -0.201836 -0.429782 0.031314 
 -0.353638 -0.186692 -0.035267 
 -0.243054 0.005359 -0.131471 
 0.174998 -0.491824 0.048625 
 0.132869 0.547875 0.156937 
 0.136690 -0.325188 0.080724 
 -0.184772 -0.265296 -0.050143 
 -0.030465 -0.124578 -0.085759 
 -0.032678 0.400414 0.088575 
 -0.309042 -0.117996 -0.082637 
 0.101108 0.177830 -0.137434 
 0.010173 0.497494 0.098449 
 -0.234286 0.385316 0.126796 
 0.303125 -0.497122 0.152660 
 0.087888 0.641427 0.121319 
 0.125285 0.263201 -0.109122 
 -0.011438 0.720946 -0.003735 
 -0.193611 0.027713 -0.155828 
 0.068833 0.913848 0.076822 
 0.190372 -0.479062 0.071359 
 0.120595 0.338719 -0.095255 
 0.077222 0.587082 0.164181 
 0.198027 0.151439 -0.118938 
 0.351775 -0.070138 -0.024686 
 -0.046740 0.576083 0.001311 
 -0.282800 -0.542370 0.097595 
 -0.144550 0.176608 0.158087 
 0.214094 0.162707 -0.117152 
 -0.088781 0.703860 0.014796 
 0.171883 0.168618 -0.124756 
 0.024569 0.743505 -0.020094 
 -0.079113 -0.059809 -0.097512 
 0.135336 -0.337848 0.081494 
 0.253493 -0.235940 0.061235 
 -0.013471 0.602551 0.015009 
 -0.114480 0.648982 0.035247 
 0.133307 -0.354342 0.083952 
 -0.199477 -0.429766 0.031451 
 -0.070577 -0.090170 -0.074801 
 -0.107434 0.569917 0.001686 
 0.008717 -0.384552 0.114432 
 0.079519 0.121510 -0.167254 
 -0.106435 0.232283 0.160265 
 0.092450 -0.320199 0.104563 
 0.067470 0.934183 0.115010 
 0.072884 0.731707 0.081395 
 0.027969 -0.233944 -0.098108 
 0.111578 -0.185654 -0.168744 
 0.299653 -0.138208 -0.008260 
 0.139419 -0.310605 0.079728 
 -0.328630 -0.219435 -0.037215 
 -0.069754 -0.328569 0.066164 
 0.201094 0.179856 -0.100213 
 -0.398722 -0.195633 -0.041002 
 0.220638 -0.157762 0.010889 
 0.251136 0.012622 -0.129964 
 -0.058688 0.697874 0.000004 
 -0.013761 -0.336765 0.106912 
 0.094184 0.120078 -0.144540 
 -0.113337 -0.158718 -0.025769 
 0.338893 -0.351394 0.117021 
 0.103563 0.553507 0.171466 
 -0.029283 0.518910 0.059720 
 -0.141769 -0.095485 -0.106227 
 0.237785 -0.086370 -0.124760 
 -0.211826 -0.413314 0.027261 
 -0.166185 -0.327935 -0.021823 
 -0.089115 -0.280332 0.018300 
 -0.067100 0.743722 -0.014894 
 0.020952 0.643782 0.017917 
 0.041103 0.599933 0.065565 
 -0.139386 -0.332545 0.003501 
 -0.005924 -0.501036 0.100309 
 0.042522 -0.249705 -0.125070 
 0.108813 0.492924 0.177225 
 -0.300100 -0.237672 -0.031281 
 -0.168262 0.581246 0.031249 
 -0.199389 0.570314 0.027063 
 -0.213430 -0.174991 -0.082497 
 0.042658 0.141517 -0.195714 
 -0.086323 -0.208220 0.106681 
 -0.053510 -0.301771 0.097547 
 0.359261 -0.205622 0.109392 
 -0.376107 -0.242984 -0.034179 
 0.024415 0.305091 0.156161 
 -0.116947 -0.276443 0.002696 
 -0.154655 -0.511060 0.065708 
 0.211160 -0.451108 0.051511 
 -0.119532 0.636447 0.056010 
 0.187157 0.063737 -0.165057 
 0.062017 0.080755 -0.167539 
 -0.033838 -0.246446 0.137495 
 0.370184 -0.222081 0.112741 
 0.304573 -0.392794 0.093736 
 0.131484 0.071544 -0.154917 
 0.105086 0.325411 -0.097056 
 0.123357 0.596229 0.171427 
 -0.382585 -0.272494 -0.011836 
 0.118591 0.324673 -0.094504 
 0.141533 0.041413 -0.150833 
 -0.259419 -0.080441 -0.097272 
 -0.130296 0.337454 0.076696 
 -0.272330 -0.166896 -0.072663 
 0.265027 -0.090138 -0.089256 
 -0.170387 0.492753 0.058478 
 -0.096184 -0.323957 0.020579 
 0.009352 0.571398 0.043177 
 -0.119846 0.232228 0.137538 
 -0.103243 0.318867 0.082714 
 0.065621 -0.107678 -0.183500 
 -0.104074 0.617814 0.040638 
 -0.170652 0.067936 -0.186019 
 0.104112 0.553511 0.171468 
 0.041094 0.544458 0.141560 
 -0.221338 -0.306063 -0.032883 
 0.033864 0.200415 -0.160924 
 0.113301 -0.185641 -0.169385 
 0.151066 -0.548987 0.079600 
 0.246514 -0.029479 -0.148011 
 0.288371 -0.299396 0.073827 
 0.295916 -0.359818 0.089640 
 0.246525 -0.030309 -0.149137 
 -0.162287 -0.195834 -0.031220 
 -0.139264 0.577468 0.036520 
 -0.219930 -0.456626 0.050425 
 -0.214121 0.428043 0.126234 
 -0.111947 0.275951 0.115136 
 -0.111589 -0.336626 0.020296 
 0.128489 -0.071695 -0.195545 
 -0.231404 -0.289873 -0.056339 
 0.265661 0.012430 -0.127432 
 -0.001312 0.249695 0.198125 
 0.013943 0.789093 -0.024985 
 -0.233721 -0.201349 -0.064262 
 -0.221149 0.046026 -0.151633 
 -0.050547 -0.005872 -0.180407 
 -0.195191 -0.147905 -0.081442 
 0.041530 0.684712 0.018218 
 -0.243197 0.219721 0.137674 
 0.347615 -0.383010 0.141534 
 0.202390 -0.288851 0.058332 
 0.096211 0.508584 0.173796 
 -0.145861 0.533335 0.038789 
 0.121275 0.581345 0.173575 
 0.056142 0.948096 0.093660 
 0.092328 0.004716 -0.134155 
 -0.162285 -0.196282 -0.031045 
 -0.301224 -0.237959 -0.031287 
 0.050989 -0.104586 -0.175561 
 -0.090885 0.568052 0.004297 
 0.223938 -0.232315 0.068031 
 0.038103 0.514782 0.143118 
 -0.003712 0.501243 0.085794 
 0.104516 0.568379 0.170676 
 -0.034871 0.490477 0.078894 
 0.042276 0.422625 0.130311 
 0.134763 0.336069 -0.092444 
 0.140299 0.143423 -0.136544 
 0.181270 0.137934 -0.130843 
 -0.015387 0.340495 0.146349 
 0.180376 0.240970 -0.098190 
 -0.329194 -0.398961 0.026427 
 -0.127230 -0.245540 -0.000349 
 0.265108 -0.164261 0.018600 
 -0.046939 0.401987 0.085953 
 -0.206842 0.381482 0.132081 
 0.057521 0.629483 0.096752 
 0.086221 -0.481794 0.086294 
 -0.296983 -0.224055 -0.052130 
 0.174792 -0.150510 -0.181822 
 -0.111023 0.202521 0.161363 
 0.137842 0.419646 0.279769 
 -0.080591 -0.178663 0.083576 
 -0.130410 -0.544541 0.082549 
 -0.070630 0.433747 0.058574 
 -0.170155 0.299154 0.123872 
 0.238472 0.013988 -0.152507 
 -0.021632 0.647257 0.000088 
 0.009821 -0.251184 0.145365 
 -0.027409 0.048543 -0.200604 
 -0.257979 -0.512994 0.060032 
 -0.027073 0.048544 -0.200165 
 0.021669 -0.189145 -0.122716 
 0.030473 0.455414 0.147431 
 -0.007099 0.074111 -0.229782 
 0.031062 0.436967 0.106799 
 0.295538 -0.359821 0.089639 
 0.003904 -0.427867 0.095568 
 -0.056257 0.123672 -0.242026 
 -0.062948 -0.242825 0.132249 
 -0.119847 0.232350 0.137538 
 0.079568 -0.109502 -0.178335 
 -0.303565 -0.341897 0.006774 
 -0.323435 -0.116140 -0.086048 
 0.207499 0.105114 -0.145407 
 0.128553 0.174163 -0.132367 
 -0.094299 0.000017 -0.167060 
 0.122711 0.000216 -0.170929 
 0.010956 0.100514 -0.230750 
 0.146497 -0.147252 -0.186842 
 0.282286 -0.342116 0.076108 
 0.036386 0.012037 -0.146173 
 -0.207636 0.044183 -0.149090 
 0.110903 0.506952 0.174703 
 0.063998 0.845686 0.009310 
 0.103530 0.192091 -0.139353 
 0.140307 0.143428 -0.138435 
 -0.086315 -0.208215 0.104742 
 -0.066121 -0.508910 0.090661 
 -0.322017 -0.445056 0.041958 
 0.269983 -0.061751 -0.100894 
 0.223892 0.251063 -0.071087 
 0.000934 -0.324411 0.129874 
 0.238195 -0.351601 0.048776 
 -0.404806 -0.239828 -0.038586 
 0.224965 -0.335002 0.065779 
 0.046086 0.559321 0.140795 
 0.130053 -0.265516 0.095363 
 0.015158 -0.028675 -0.136382 
 -0.220356 0.383504 0.129439 
 0.104509 0.569303 0.170685 
 0.127207 -0.398073 0.085783 
 0.066985 0.406945 0.176603 
 -0.083092 0.449723 0.055717 
 0.103246 -0.247500 0.089398 
 0.331438 -0.499644 0.178287 
 0.067598 -0.094266 -0.183894 
 -0.099411 -0.249389 0.015064 
 0.073221 0.450514 0.174264 
 0.108902 -0.529263 0.091439 
 0.267851 -0.148547 -0.002469 
 0.233752 -0.277789 0.072906 
 0.043360 0.785360 -0.022281 
 0.084882 -0.378449 0.097228 
 -0.025956 -0.305920 0.122986 
 0.000408 0.530326 0.084249 
 0.339862 -0.142452 0.050287 
 0.181447 0.123326 -0.150312 
 0.004595 -0.114198 -0.131901 
 0.139549 0.027655 -0.150161 
 -0.084950 0.041660 -0.210232 
 0.119874 0.389004 0.258510 
 -0.052964 0.283670 0.144988 
 -0.010557 0.896492 0.083791 
 0.270520 -0.523051 0.138787 
 -0.086317 -0.208217 0.105373 
 -0.162223 -0.465332 0.060555 
 -0.083095 0.450345 0.055315 
 -0.275584 -0.435704 0.040412 
 0.027208 -0.356664 0.115506 
 -0.077437 -0.131189 -0.062446 
 -0.106202 0.015609 -0.190865 
 -0.153715 0.297119 0.105496 
 -0.172191 -0.282848 -0.046819 
 -0.114672 0.335831 0.079324 
 -0.003133 0.674633 0.002578 
 -0.147851 -0.300469 -0.020762 
 -0.137265 -0.214631 -0.005160 
 0.065170 -0.287834 0.136495 
 -0.272473 -0.165265 -0.072659 
 0.287939 -0.020884 -0.100607 
 0.017543 0.056961 -0.203892 
 -0.254856 -0.331813 -0.036523 
 0.140305 0.143673 -0.138433 
 -0.167973 -0.342966 -0.021065 
 0.304562 -0.390773 0.093011 
 0.197375 -0.435501 0.048170 
 -0.091572 -0.058224 -0.122962 
 0.047821 -0.207059 -0.117857 
 0.238379 -0.545157 0.114741 
 0.312240 -0.052587 -0.063914 
 0.013341 0.687378 0.001814 
 0.223084 -0.453752 0.075597 
 0.253483 -0.235541 0.063041 
 0.232404 0.072452 -0.158565 
 -0.353358 -0.532911 0.085210 
 0.114599 0.294867 -0.094423 
 0.002189 -0.217950 -0.103943 
 0.037617 -0.176700 -0.131428 
 0.184542 0.035802 -0.163568 
 -0.047902 0.490695 0.058498 
 0.035102 0.850455 0.004591 
 0.194017 -0.009475 -0.188989 
 -0.032672 0.400093 0.087845 
 0.327029 -0.334484 0.092621 
 0.009517 0.086409 -0.228009 
 -0.007886 -0.398209 0.112587 
 -0.088040 -0.280325 0.018305 
 0.234566 -0.174054 0.015865 
 -0.030619 0.414837 0.088359 
 -0.080565 -0.506273 0.086911 
 -0.069703 0.271994 0.145496 
 0.228204 -0.514164 0.090244 
 0.142923 0.291180 -0.089034 
 -0.184086 0.121595 0.175848 
 0.095152 0.596156 0.146374 
 -0.172669 -0.179621 -0.054681 
 -0.212207 0.442919 0.126323 
 0.079198 0.738331 0.009056 
 -0.316684 -0.235719 -0.023830 
 0.107815 0.104387 -0.141255 
 0.377752 -0.282252 0.117812 
 -0.120958 0.090724 -0.219711 
 -0.315476 -0.146301 -0.061066 
 0.080478 0.858437 0.012368 
 0.243813 -0.502387 0.112447 
 -0.253537 -0.317336 -0.037284 
 0.122250 -0.323737 0.098425 
 -0.100954 -0.352613 0.042303 
 -0.092996 0.085962 -0.215442 
 0.168051 -0.211154 0.077214 
 0.028335 -0.146389 -0.136954 
 0.108669 -0.113249 -0.195345 
 -0.101059 0.260973 0.138048 
 -0.195486 0.317584 0.097791 
 -0.050064 -0.005869 -0.180013 
 -0.074462 0.332025 0.116563 
 0.316286 -0.407826 0.115717 
 -0.045288 -0.556848 0.118425 
 0.076755 0.808241 -0.036185 
 -0.166196 -0.077658 -0.133786 
 0.109790 0.595790 0.149017 
 -0.329119 -0.307074 0.000065 
 -0.201358 -0.535136 0.069542 
 0.076544 0.657153 0.097834 
 0.170983 -0.520749 0.070496 
 -0.039215 0.917406 0.099168 
 0.042784 -0.249703 -0.125166 
 -0.176553 -0.311849 -0.045310 
 -0.098973 -0.086471 -0.081013 
 0.046100 -0.447765 0.094911 
 0.101495 -0.469891 0.106328 
 -0.239866 -0.156170 -0.087621 
 -0.178384 0.525444 0.054325 
 -0.030040 0.342399 0.144671 
 0.051489 0.392424 0.154614 
 0.081248 0.750635 0.009557 
 -0.008604 0.560632 0.060025 
 0.212520 -0.216046 0.054532 
 0.155632 -0.518892 0.067991 
 0.259590 0.068760 -0.132936 
 0.123456 0.014839 -0.151944 
 -0.334735 -0.504992 0.085602 
 -0.135420 -0.483706 0.068136 
 0.377468 -0.296818 0.119160 
 -0.156345 -0.540762 0.077356 
 -0.133548 -0.303677 -0.018190 
 0.135936 0.114953 -0.136945 
 0.292427 -0.270579 0.071895 
 0.021010 0.290080 0.177536 
 -0.180879 0.241832 0.147031 
 0.203974 -0.274056 0.065671 
 0.213432 -0.127608 -0.023618 
 0.066222 0.022611 -0.141855 
 0.141808 -0.192113 0.071271 
 -0.105503 -0.293010 0.018497 
 0.346132 -0.203569 0.076256 
 -0.258948 -0.080438 -0.097270 
 0.344982 -0.203577 0.076251 
 0.285997 -0.121983 -0.011578 
 0.055278 0.614715 0.097524 
 -0.141784 -0.257505 -0.023037 
 -0.309800 -0.538577 0.092007 
 0.259582 0.069418 -0.132063 
 -0.197188 -0.505421 0.056935 
 0.148723 0.098893 -0.133665 
 -0.014028 -0.441350 0.113196 
 -0.195256 0.013501 -0.155079 
 -0.015077 0.032562 -0.195989 
 -0.029435 0.342404 0.144526 
 0.081523 0.510770 0.171119 
 0.127141 0.159486 -0.141715 
 0.312683 -0.332614 0.089018 
 -0.137361 -0.317999 0.002741 
 0.331085 -0.305406 0.091403 
 -0.047305 0.964274 0.094202 
 -0.090513 -0.385139 0.066632 
 -0.334248 -0.428541 0.038919 
 -0.337124 -0.277669 -0.023082 
 0.039277 0.756677 -0.018271 
 0.143509 0.055608 -0.150250 
 -0.182457 -0.237868 -0.031522 
 0.139424 -0.310602 0.078431 
 0.114593 0.294863 -0.093073 
 0.218758 0.206598 -0.089058 
 -0.220539 -0.203214 -0.060881 
 -0.042851 -0.035605 -0.145906 
 -0.140673 -0.169139 -0.050294 
 -0.047304 0.313418 0.122484 
 -0.030622 0.414836 0.088910 
 -0.169684 -0.357446 -0.020306 
 -0.132302 -0.303231 -0.018183 
 -0.249179 -0.454073 0.045221 
 -0.049066 0.562404 0.012020 
 0.051478 0.393971 0.154618 
 0.074050 0.572194 0.165386 
 0.011438 -0.057183 -0.135326 
 -0.120340 0.394703 0.053565 
 0.259965 -0.489684 0.114276 
 0.075146 0.572203 0.164976 
 -0.034165 0.768258 -0.011228 
 0.188253 -0.152325 -0.179164 
 -0.408862 -0.269181 -0.037065 
 -0.005546 0.171672 -0.257584 
 -0.130022 0.426597 0.049414 
 0.040700 0.124959 -0.194980 
 -0.109929 0.363978 0.056832 
 0.370020 -0.132833 0.073854 
 -0.254945 -0.419992 0.000818 
 0.367441 -0.252572 0.114268 
 -0.032577 0.574599 0.013934 
 0.017952 0.056964 -0.203867 
 -0.054704 0.725610 -0.011534 
 0.125709 -0.086857 -0.194813 
 0.286457 -0.035118 -0.099860 
 -0.239266 -0.562733 0.106369 
 -0.032886 -0.364228 0.105835 
 0.211113 -0.083417 -0.159948 
 0.331442 -0.500163 0.178285 
 -0.163823 0.522619 0.056945 
 0.055597 0.052341 -0.166063 
 0.098574 -0.496821 0.087293 
 -0.103336 -0.457595 0.080561 
 0.140401 -0.296984 0.099490 
 0.123232 -0.205006 0.100710 
 -0.207283 0.170182 0.167427 
 -0.335816 -0.443173 0.039687 
 0.125581 0.505037 0.179064 
 0.094497 -0.305561 0.102470 
 0.280121 -0.254195 0.068955 
 -0.347570 -0.335193 -0.001004 
 0.168593 0.023052 -0.165347 
 -0.079748 -0.297459 0.062037 
 0.297819 -0.434586 0.116413 
 -0.127784 0.189553 0.159286 
 -0.272477 -0.078589 -0.097223 
 -0.072479 -0.539379 0.132691 
 -0.127596 -0.098234 -0.104403 
 -0.024333 0.148259 -0.238486 
 0.079814 -0.195443 -0.143321 
 -0.031985 0.105934 -0.236279 
 -0.406838 -0.253864 -0.037824 
 -0.030585 0.034903 -0.180928 
 -0.102386 -0.042227 -0.135041 
 0.287883 -0.299624 0.073825 
 -0.270372 -0.496476 0.055012 
 0.097361 0.135080 -0.165460 
 0.184148 -0.419114 0.065175 
 -0.318775 -0.250343 -0.033114 
 0.064479 -0.524602 0.106243 
 -0.011581 0.824541 -0.011465 
 0.145186 0.084646 -0.132927 
 0.274359 -0.268741 0.069708 
 0.049228 0.214908 -0.149062 
 -0.207892 0.350106 0.113625 
 0.272017 -0.312275 0.071577 
 -0.183983 -0.163577 -0.058002 
 0.012296 -0.159435 -0.137234 
 0.377751 -0.282252 0.117910 
 -0.036200 0.753345 -0.011093 
 0.038087 0.112069 -0.194238 
 -0.038099 -0.007299 -0.156039 
 0.196492 0.254012 -0.095622 
 0.065168 -0.287836 0.137014 
 0.004540 -0.413896 0.115843 
 0.049235 0.213666 -0.148805 
 0.063114 -0.302446 0.137912 
 -0.165342 0.522254 0.056938 
 0.227977 -0.423782 0.052565 
 -0.205542 0.526188 0.028253 
 0.128148 -0.173290 -0.187875 
 0.205161 0.061946 -0.162522 
 0.202535 -0.391937 0.065582 
 0.009438 -0.070212 -0.134140 
 0.026196 -0.059149 -0.141533 
 -0.281720 -0.390883 0.014240 
 -0.208311 0.155269 0.169120 
 0.060259 -0.019835 -0.139619 
 0.194116 -0.554040 0.086339 
 0.066811 0.754384 0.006963 
 -0.269980 -0.496474 0.054996 
 0.063566 0.375484 0.158028 
 0.071377 -0.239237 -0.110729 
 0.202231 -0.183355 0.050435 
 -0.338950 -0.188561 -0.031284 
 -0.046327 0.108466 -0.217621 
 0.036424 -0.190928 -0.131784 
 -0.018286 -0.364883 0.108448 
 0.049790 0.886263 0.065731 
 0.002422 0.615295 0.019183 
 0.134352 -0.561114 0.077775 
 0.043075 -0.221493 -0.096318 
 0.213150 0.267621 -0.074384 
 -0.082982 0.056779 -0.210674 
 -0.083667 0.538694 0.028165 
 -0.216170 0.289749 0.116730 
 -0.170157 0.299473 0.123873 
 -0.078897 0.154433 -0.268614 
 -0.198190 0.496550 0.053238 
 0.079393 0.107340 -0.166503 
 -0.068835 0.536811 0.031065 
 0.103537 -0.455536 0.105306 
 0.039047 0.584210 0.068635 
 -0.036165 -0.484327 0.135481 
 0.125537 0.029168 -0.152686 
 -0.036198 0.752791 -0.010466 
 -0.160884 0.163616 0.156220 
 -0.170114 -0.268403 -0.047575 
 0.025960 -0.357101 0.115499 
 0.091841 -0.125451 -0.177381 
 -0.087138 -0.237227 0.066667 
 -0.358047 -0.395209 0.022279 
 -0.069148 0.730229 -0.014126 
 -0.108946 0.217241 0.161042 
 0.023572 0.743498 -0.020098 
 -0.245571 0.416656 0.122589 
 -0.170365 -0.254210 -0.029193 
 -0.239636 -0.244684 -0.061177 
 -0.327160 -0.384148 0.026569 
 -0.321425 -0.101699 -0.085425 
 -0.110366 0.677206 0.033704 
 -0.362716 -0.424779 0.033716 
 -0.237890 -0.319187 -0.034703 
 -0.192729 0.258628 0.143608 
 0.148450 -0.131045 -0.187574 
 0.015092 -0.562813 0.099490 
 0.034820 -0.284379 0.150986 
 0.125181 -0.412644 0.084364 
 0.223051 -0.027179 -0.183438 
 0.280750 -0.078378 -0.087470 
 0.031693 -0.132157 -0.156395 
 0.218038 0.207397 -0.089059 
 -0.040563 -0.304031 0.120405 
 -0.005113 -0.069612 -0.136681 
 0.265790 -0.252248 0.066382 
 0.184701 0.152181 -0.131582 
 0.121435 0.475280 0.179057 
 0.056283 -0.048571 -0.136788 
 -0.118780 0.119244 -0.201108 
 -0.399192 -0.285067 -0.013665 
 -0.028784 -0.334884 0.104299 
 -0.017953 -0.233316 0.149453 
 0.036693 0.499944 0.143781 
 0.080479 0.858438 0.012005 
 0.073743 -0.137792 -0.179165 
 0.060251 0.182873 -0.155114 
 0.169958 -0.519998 0.070493 
 -0.156860 -0.527466 0.076576 
 -0.220330 0.262478 0.118289 
 -0.251941 -0.317510 -0.037278 
 0.247790 -0.487795 0.111692 
 -0.323437 -0.116141 -0.085635 
 0.102623 -0.455282 0.105303 
 -0.052726 -0.498237 0.132990 
 -0.127725 -0.097328 -0.104401 
 0.198339 -0.318095 0.059851 
 -0.048197 -0.137579 -0.067416 
 -0.011802 0.862952 0.056783 
 0.205034 -0.039486 -0.185217 
 0.280123 -0.254502 0.068963 
 -0.163261 -0.063475 -0.143454 
 -0.093557 0.100805 -0.195320 
 0.268870 -0.536258 0.139557 
 -0.155930 -0.359310 -0.017685 
 -0.378036 -0.347117 -0.005427 
 -0.106743 0.102636 -0.198262 
 -0.123849 -0.142114 -0.049607 
 -0.068320 -0.418475 0.084432 
 -0.205497 -0.459787 0.053021 
 -0.017950 -0.232654 0.147654 
 0.059924 0.345872 0.159584 
 -0.086313 -0.208214 0.104404 
 0.057901 0.643205 0.085932 
 0.304757 -0.008273 -0.087587 
 0.071963 -0.236858 -0.110720 
 -0.221231 -0.457834 0.050416 
 -0.003798 -0.367891 0.111054 
 0.264686 -0.090019 -0.089257 
 -0.408359 -0.253800 -0.037830 
 -0.188054 0.055517 -0.187432 
 -0.211616 -0.503546 0.055211 
 -0.144104 -0.542657 0.079950 
 -0.381468 -0.362215 0.015414 
 0.113505 0.045289 -0.155955 
 -0.195085 0.013503 -0.155078 
 -0.091569 0.303348 0.096147 
 -0.221339 -0.305920 -0.032883 
 0.163904 -0.460810 0.064870 
 0.086232 -0.481787 0.083743 
 0.146499 -0.147484 -0.186842 
 0.329198 -0.216811 0.074430 
 -0.022386 0.473827 0.085184 
 0.073879 -0.465337 0.080537 
 0.004056 -0.012467 -0.149746 
 0.118608 0.323569 -0.096893 
 0.075143 -0.465329 0.080584 
 0.075970 -0.332950 0.101322 
 0.193318 -0.463747 0.051854 
 -0.132429 0.249942 0.133669 
 -0.233723 -0.201607 -0.063445 
 0.191646 -0.257655 0.064213 
 -0.128849 0.546159 0.040297 
 0.277700 -0.004676 -0.124168 
 -0.115714 0.263339 0.135988 
 -0.009001 -0.278701 0.144285 
 -0.060551 0.241428 0.167425 
 0.246519 -0.487807 0.112864 
 -0.020329 -0.380300 0.109214 
 0.057453 0.052354 -0.166112 
 0.289121 -0.106705 -0.032644 
 0.274044 -0.297754 0.070774 
 0.338155 -0.441479 0.144588 
 -0.196194 -0.147319 -0.081444 
 0.057744 -0.150847 -0.150605 
 0.181447 0.123325 -0.150312 
 0.336777 -0.070210 -0.027247 
 0.139596 -0.296393 0.099488 
 0.091086 -0.452628 0.082411 
 -0.196310 -0.250246 -0.053468 
 0.080113 0.878601 0.050937 
 -0.307250 -0.192170 -0.054082 
 -0.034547 0.006506 -0.179815 
 -0.006522 0.002858 -0.174428 
 -0.186079 0.568417 0.029398 
 -0.183625 -0.341115 -0.023647 
 -0.248301 0.206226 0.168354 
 -0.080200 0.303590 0.139326 
 -0.177840 0.166348 0.173495 
 0.268854 0.039194 -0.128926 
 0.003488 -0.115686 -0.131909 
 -0.031533 -0.124586 -0.085790 
 0.279675 0.010492 -0.124908 
 0.168600 0.023088 -0.167099 
 0.124564 -0.101609 -0.194074 
 -0.260118 -0.183195 -0.069338 
 0.238385 -0.546062 0.114739 
 -0.270420 -0.241190 -0.047152 
 0.082271 0.033325 -0.140073 
 -0.273495 -0.344173 -0.008159 
 -0.003323 0.501432 0.085796 
 -0.000869 0.689254 0.000394 
 -0.012290 0.617178 0.014239 
 -0.098524 0.452227 0.053100 
 -0.217775 0.201932 0.164121 
 0.008198 0.186939 -0.235689 
 0.011623 0.936193 0.065348 
 0.322799 -0.156292 0.048463 
 -0.016102 0.588840 0.015774 
 0.089684 0.465808 0.196263 
 0.253490 -0.236507 0.063038 
 -0.148221 -0.391043 0.016631 
 -0.347190 -0.489684 0.082212 
 0.235111 -0.174046 0.014223 
 -0.353353 -0.533220 0.084523 
 0.363697 -0.176420 0.087150 
 0.124551 -0.099723 -0.194069 
 -0.038813 0.148026 -0.241002 
 -0.234683 0.047867 -0.154176 
 -0.088755 -0.041319 -0.132494 
 0.115758 0.640740 0.146687 
 -0.071948 -0.435189 0.104453 
 -0.031980 0.678389 -0.003298 
 0.076296 -0.007688 -0.137146 
 -0.020891 -0.380787 0.109211 
 -0.154305 0.080345 -0.183852 
 0.355361 -0.234775 0.110918 
 -0.374298 -0.318511 -0.006956 
 0.000441 -0.442727 0.117504 
 -0.090924 -0.475126 0.083034 
 -0.007053 0.382243 0.104637 
 -0.214120 0.307475 0.115961 
 0.161706 -0.475334 0.066969 
 -0.123847 -0.142113 -0.050044 
 -0.004629 -0.069613 -0.134955 
 -0.353971 -0.126879 -0.088660 
 0.328631 -0.424967 0.141236 
 0.020792 -0.101852 -0.140211 
 -0.153231 0.385751 0.068498 
 -0.164547 0.009163 -0.181070 
 -0.130668 0.033772 -0.196651 
 0.062450 -0.539210 0.104375 
 0.051885 -0.192750 -0.128142 
 0.245393 -0.295937 0.066075 
 -0.170357 -0.255910 -0.028194 
 0.134340 0.100716 -0.134813 
 0.052981 -0.092539 -0.176308 
 0.222334 -0.157749 0.010386 
 -0.067786 0.463155 0.057560 
 -0.044353 -0.122733 -0.088337 
 0.274037 -0.296968 0.071246 
 -0.060597 0.024138 -0.184027 
 0.255030 -0.428444 0.078080 
 0.048600 -0.301085 0.135294 
 -0.002964 0.102325 -0.233086 
 -0.179568 0.011329 -0.172620 
 0.226585 0.029969 -0.156015 
 0.221773 -0.364221 0.045908 
 -0.090533 -0.280342 0.018294 
 0.356309 -0.044854 -0.046532 
 0.332504 -0.305397 0.091767 
 -0.120987 -0.485577 0.068625 
 -0.207038 -0.308420 -0.030967 
 -0.237769 -0.228410 -0.061928 
 -0.123012 0.573691 0.018649 
 0.057445 0.053391 -0.166052 
 -0.003951 -0.156968 -0.109705 
 0.202038 -0.054380 -0.184485 
 -0.023975 0.736851 -0.007100 
 -0.115970 0.335822 0.079319 
 0.354620 -0.443709 0.157439 
 -0.051790 0.934590 0.094644 
 -0.368385 -0.364098 0.016336 
 0.032319 0.628207 0.041346 
 -0.046342 -0.228899 0.134103 
 0.180992 -0.094107 -0.184782 
 -0.044193 0.343017 0.121790 
 0.203319 -0.170410 0.049667 
 -0.083669 0.538692 0.028724 
 -0.137502 -0.214631 -0.005999 
 0.301175 -0.212034 0.048923 
 0.042385 0.699337 0.017447 
 0.030672 0.700119 0.004830 
 0.115677 0.447821 0.212417 
 0.034586 0.888191 0.073113 
 0.121081 -0.014138 -0.180790 
 -0.290023 -0.342427 0.009366 
 0.167841 -0.210440 0.077215 
 -0.109437 -0.070471 -0.102930 
 -0.367600 -0.364097 0.018010 
 -0.133891 0.604914 0.014944 
 -0.346822 -0.412030 0.036048 
 -0.049066 0.562404 0.012006 
 0.053669 -0.091627 -0.176303 
 -0.091456 0.496363 0.050525 
 0.089589 -0.139594 -0.177180 
 0.071603 0.964514 0.114541 
 -0.120061 -0.305478 0.004567 
 -0.364800 -0.348996 -0.002839 
 -0.059371 -0.463858 0.078246 
 -0.088344 -0.551195 0.111872 
 -0.064950 -0.060696 -0.096443 
 0.106329 0.222282 -0.119500 
 0.009282 0.571401 0.041806 
 -0.189715 -0.045510 -0.149547 
 0.246030 -0.190430 0.036460 
 0.060270 -0.331839 0.119186 
 0.043151 0.615425 0.064798 
 0.320796 -0.274459 0.086998 
 0.053821 -0.091626 -0.176302 
 -0.100382 0.437518 0.053870 
 0.212530 -0.528351 0.088418 
 0.012291 -0.158802 -0.137130 
 -0.132653 0.020073 -0.195906 
 0.037680 -0.506226 0.097721 
 -0.176579 -0.194424 -0.033430 
 -0.066196 -0.003639 -0.162142 
 0.080794 -0.405930 0.097819 
 -0.025828 -0.095874 -0.087285 
 0.349606 -0.174531 0.074321 
 0.218314 -0.275930 0.070635 
 0.159510 0.067983 -0.149867 
 -0.195327 0.333677 0.119367 
 -0.148516 -0.124048 -0.075506 
 0.223337 -0.453747 0.074439 
 0.304767 -0.009061 -0.088666 
 0.030908 0.542782 0.099155 
 0.326349 -0.054909 -0.061033 
 0.086999 0.179660 -0.139969 
 0.012910 0.043623 -0.172890 
 -0.347553 -0.336279 -0.003258 
 -0.082949 0.055820 -0.210676 
 0.044792 0.052664 -0.188756 
 -0.016901 0.105389 -0.233763 
 0.049277 0.483200 0.145753 
 0.205772 0.223547 -0.092353 
 0.123360 0.595557 0.171770 
 -0.204815 0.044203 -0.149078 
 -0.139107 0.295063 0.109097 
 0.214103 0.161456 -0.117155 
 0.009937 0.015233 -0.171400 
 0.055493 0.526563 0.144981 
 -0.247057 -0.023340 -0.130439 
 -0.282697 -0.224740 -0.049551 
 0.065004 0.272813 -0.079023 
 -0.249910 -0.304404 -0.038040 
 -0.036058 0.649369 -0.002510 
 -0.124711 0.074677 -0.198884 
 0.003235 0.982393 0.059389 
 -0.171910 0.358750 0.068059 
 -0.008560 0.997574 0.045163 
 0.077519 0.374939 0.180644 
 -0.062417 0.492022 0.056024 
 -0.201530 0.288898 0.119372 
 0.066991 0.406072 0.176601 
 -0.205549 0.526677 0.029098 
 0.329192 -0.216229 0.074793 
 -0.001595 -0.459048 0.118268 
 0.169965 -0.520756 0.070185 
 -0.191180 0.364241 0.115491 
 0.346509 -0.100523 0.007322 
 0.255620 0.041235 -0.131448 
 -0.281569 -0.048061 -0.114795 
 -0.040395 0.268188 0.148192 
 0.009257 0.658145 0.004581 
 0.061989 -0.005860 -0.140367 
 0.121965 0.403923 0.258988 
 -0.012535 0.862949 0.056217 
 0.050464 -0.522716 0.101336 
 0.342193 -0.044320 -0.049080 
 -0.299418 -0.476819 0.069164 
 0.075974 -0.333593 0.101525 
 0.068950 0.946185 0.095287 
 0.218313 -0.275628 0.070317 
 -0.268150 -0.226708 -0.046975 
 0.337173 -0.261788 0.088886 
 -0.286688 -0.076734 -0.101826 
 -0.043189 0.344977 0.121800 
 -0.408593 -0.268328 -0.037061 
 -0.087353 0.332031 0.084562 
 -0.018867 0.091119 -0.233025 
 -0.224214 -0.409484 0.005228 
 -0.011043 -0.412664 0.133608 
 -0.027827 0.048540 -0.200606 
 0.112965 0.147091 -0.143494 
 -0.140124 -0.154705 -0.050558 
 0.258876 -0.504254 0.115101 
 0.314050 -0.514045 0.176437 
 -0.034907 -0.153257 -0.064098 
 -0.173830 0.180405 0.152794 
 0.167608 -0.431771 0.063349 
 -0.225586 0.032212 -0.130827 
 -0.156322 -0.435388 0.040807 
 0.075388 0.793706 -0.035325 
 -0.010822 -0.097882 -0.104190 
 0.003915 -0.280607 0.146902 
 -0.146147 0.428476 0.046791 
 0.149707 0.113123 -0.134414 
 -0.213026 0.428048 0.127107 
 -0.063044 0.165643 -0.266852 
 -0.096947 0.056955 -0.213196 
 -0.100984 -0.100862 -0.079386 
 0.061423 0.729028 0.038581 
 -0.300900 -0.075481 -0.104954 
 -0.085620 0.259071 0.141268 
 0.168254 0.256141 -0.101488 
 0.096426 0.268007 -0.094396 
 0.045124 0.453866 0.148868 
 -0.037535 -0.512821 0.116128 
 -0.307576 -0.446792 0.044890 
 -0.374303 -0.317965 -0.006795 
 0.198318 -0.317472 0.059853 
 0.025595 0.409437 0.129663 
 -0.016880 0.102441 -0.233770 
 0.092206 0.373027 0.183395 
 -0.008578 0.998848 0.047214 
 0.182475 0.137953 -0.134554 
 0.036046 -0.269640 0.151380 
 -0.211271 -0.159867 -0.083248 
 0.176307 -0.137101 -0.182565 
 -0.064205 0.010600 -0.163938 
 0.227373 0.177821 -0.064782 
 0.113831 -0.085237 -0.217548 
 0.119541 -0.338358 0.099187 
 0.075966 -0.332952 0.102339 
 -0.000095 -0.142713 -0.130412 
 0.017505 -0.311138 0.130835 
 0.322824 -0.260238 0.086892 
 -0.145153 0.550472 0.058025 
 -0.020194 -0.067536 -0.119793 
 0.105827 0.104373 -0.141263 
 -0.133106 0.621595 0.034514 
 0.019256 0.470116 0.122719 
 0.036087 0.363140 0.133418 
 -0.190955 -0.206950 -0.055739 
 0.301111 -0.036872 -0.097324 
 0.301342 -0.301679 0.086586 
 -0.124502 0.293309 0.113168 
 -0.047647 0.963529 0.094198 
 0.005461 -0.098931 -0.132648 
 0.147729 0.200854 -0.132722 
 -0.164260 -0.480381 0.061581 
 -0.254935 -0.421423 0.000814 
 -0.068827 0.068149 -0.208907 
 0.049592 0.846258 -0.002825 
 -0.148837 -0.212617 -0.027882 
 0.213682 -0.421782 0.049990 
 -0.197193 -0.505425 0.058145 
 0.000955 0.703257 -0.000373 
 0.018102 -0.014614 -0.145590 
 -0.321424 -0.101698 -0.085656 
 -0.111735 -0.231947 0.010849 
 -0.127484 -0.260304 -0.020464 
 0.105285 -0.232602 0.088635 
 0.270000 -0.328258 0.072760 
 -0.196911 0.122797 0.152534 
 -0.276484 -0.107863 -0.098322 
 -0.141310 0.562762 0.035836 
 -0.040692 0.709510 -0.008163 
 -0.115949 -0.532756 0.104610 
 -0.132425 0.249144 0.134122 
 -0.207411 -0.129880 -0.084753 
 -0.328377 -0.473419 0.063944 
 -0.118576 0.409991 0.052796 
 -0.119976 0.395286 0.053568 
 -0.084312 0.141384 -0.247790 
 -0.178460 -0.463469 0.058211 
 0.030262 0.055427 -0.191273 
 -0.014038 0.250577 0.174587 
 -0.182487 0.494038 0.055864 
 0.224222 0.015807 -0.155275 
 -0.245976 0.128183 0.195435 
 -0.188977 0.539005 0.031378 
 0.137240 -0.015938 -0.178265 
 -0.104058 0.616347 0.039399 
 0.299418 -0.226837 0.049681 
 0.040297 0.932396 0.070792 
 0.129489 -0.159609 -0.168359 
 0.276219 -0.387454 0.078383 
 -0.004885 0.309093 0.151356 
 0.117418 -0.028290 -0.180057 
 0.305934 -0.183325 0.027065 
 -0.059567 0.697138 -0.000001 
 0.358202 -0.116563 0.052474 
 -0.286741 -0.161721 -0.075223 
 -0.206764 0.366616 0.132869 
 0.213696 -0.423876 0.049985 
 -0.183709 -0.507751 0.069547 
 -0.243726 -0.360714 -0.032423 
 -0.105706 -0.056018 -0.124230 
 0.175860 0.197433 -0.126248 
 0.078013 -0.318315 0.100301 
 -0.076986 0.317215 0.118077 
 -0.080742 -0.506277 0.088060 
 0.036419 -0.190843 -0.130679 
 0.258284 -0.205127 0.041200 
 -0.172587 0.446967 0.040792 
 -0.042163 0.603637 -0.000221 
 -0.039615 0.283022 0.147625 
 -0.104921 -0.397253 0.044599 
 0.217416 -0.497747 0.086904 
 0.036879 -0.270627 0.151380 
 0.355222 -0.338285 0.118850 
 -0.173694 0.344052 0.078849 
 -0.000500 -0.142813 -0.130414 
 0.010689 -0.369877 0.112446 
 -0.096951 0.057639 -0.213323 
 -0.158908 -0.540777 0.076390 
 -0.028497 0.604426 0.012423 
 -0.021415 0.162945 -0.259340 
 0.314535 -0.125631 0.002833 
 -0.016426 0.691123 -0.002210 
 0.327026 -0.334485 0.093148 
 0.222332 -0.157668 0.010896 
 0.150432 -0.118682 -0.188476 
 -0.182585 -0.357385 -0.043048 
 -0.121430 -0.396461 0.041994 
 0.317551 -0.393258 0.116713 
 0.125766 0.145253 -0.140968 
 -0.078586 -0.000792 -0.185062 
 -0.185029 -0.280983 -0.049383 
 -0.139264 0.577468 0.036574 
 -0.139264 0.577467 0.036725 
 0.178977 0.211452 -0.126990 
 0.367992 -0.147354 0.075024 
 -0.254793 -0.498348 0.057602 
 0.300365 -0.317573 0.087347 
 -0.005560 0.173757 -0.257732 
 0.033281 0.200761 -0.160925 
 0.295781 -0.448754 0.117178 
 0.189753 -0.492703 0.051205 
 -0.145965 -0.183658 -0.030262 
 -0.052961 0.283286 0.144986 
 0.041118 0.597805 0.065559 
 0.154973 -0.415721 0.070601 
 0.289593 -0.197392 0.025248 
 -0.265235 -0.466808 0.043541 
 -0.029937 0.693006 -0.004796 
 0.291269 -0.195903 0.025259 
 -0.147085 0.252771 0.131487 
 -0.075212 -0.372409 0.068461 
 -0.020182 0.383447 0.092980 
 -0.239047 0.034060 -0.133417 
 -0.110710 0.074540 -0.196354 
 -0.020329 -0.380234 0.109215 
 0.359425 -0.294972 0.116553 
 0.015978 0.351720 0.151665 
 0.112198 0.147081 -0.141727 
 0.023378 0.500162 0.123031 
 -0.150017 -0.211718 -0.027885 
 0.234343 -0.174051 0.014220 
 -0.028489 0.429587 0.087031 
 0.032554 0.470263 0.144394 
 0.028191 -0.045633 -0.143195 
 -0.345919 -0.412023 0.035554 
 -0.272471 -0.077844 -0.099827 
 0.075382 0.794641 -0.035419 
 -0.026878 0.722230 -0.006339 
 0.288178 -0.403100 0.091917 
 -0.038091 -0.007294 -0.157981 
 -0.065331 0.082321 -0.209641 
 0.290210 -0.388909 0.091262 
 -0.258678 0.147252 0.191223 
 -0.010821 -0.097881 -0.104530 
 0.243650 -0.308544 0.066841 
 -0.011983 -0.426679 0.112930 
 0.056650 0.137561 -0.193202 
 0.103886 -0.228357 -0.137342 
 0.134690 -0.561108 0.076135 
 -0.127688 0.667853 0.051853 
 0.172113 -0.181285 0.075970 
 -0.030590 0.034899 -0.179652 
 0.114199 0.160448 -0.144245 
 0.002170 0.262444 0.176448 
 0.265460 -0.355840 0.074282 
 -0.264163 -0.541651 0.080061 
 -0.161847 0.415660 0.045355 
 -0.069709 -0.328571 0.067366 
 0.163089 0.332447 -0.087601 
 -0.350706 -0.518196 0.083757 
 -0.329064 -0.309003 0.000060 
 0.036135 0.012035 -0.146401 
 0.169178 -0.313945 0.065014 
 0.261562 -0.104179 -0.058547 
 0.100470 -0.379748 0.078990 
 0.161500 0.080996 -0.150613 
 0.007227 0.642087 0.005283 
 -0.005179 -0.156977 -0.109478 
 0.260097 -0.504245 0.115047 
 -0.151176 0.400649 0.068365 
 0.261358 -0.031782 -0.125201 
 -0.053535 -0.301775 0.098958 
 0.055696 0.769682 -0.016440 
 -0.178688 -0.477939 0.058984 
 0.015695 -0.326296 0.131604 
 0.117507 -0.143224 -0.172711 
 -0.019583 0.398187 0.091190 
 0.275677 -0.104790 -0.055506 
 0.007462 -0.085692 -0.134422 
 -0.218829 -0.547896 0.067701 
 0.078769 -0.422817 0.098577 
 -0.342209 -0.473253 0.061333 
 0.261732 -0.280678 0.067903 
 -0.082954 0.052846 -0.210684 
 -0.277904 -0.450689 0.050097 
 -0.141337 -0.022788 -0.163839 
 0.184365 0.270402 -0.099687 
 0.265664 0.010797 -0.125476 
 -0.221404 -0.232081 -0.059355 
 0.131465 -0.145842 -0.169100 
 -0.406721 -0.253789 -0.037823 
 -0.280769 -0.541945 0.097604 
 -0.342846 -0.473258 0.061691 
 -0.140452 -0.081138 -0.107707 
 0.164823 -0.550312 0.082185 
 -0.110582 0.557133 0.022809 
 0.084795 0.715190 0.094740 
 -0.153009 0.223730 0.153105 
 -0.204412 -0.115264 -0.095556 
 0.065913 -0.107677 -0.183151 
 -0.001599 -0.457909 0.117412 
 0.282081 -0.151958 0.000089 
 0.272296 -0.033627 -0.122689 
 0.190590 -0.138218 -0.180053 
 0.200356 -0.302370 0.059094 
 0.037302 0.901506 0.062694 
 -0.269432 -0.316083 -0.008930 
 -0.062424 0.492582 0.056782 
 -0.084765 -0.030111 -0.153380 
 -0.124500 0.293310 0.112672 
 0.061418 0.080753 -0.168032 
 0.320791 -0.274116 0.087655 
 -0.028573 0.431612 0.087036 
 0.190785 0.195363 -0.123709 
 0.034016 0.363127 0.132819 
 -0.230887 0.414983 0.125235 
 0.138421 0.129192 -0.137688 
 0.291056 -0.479676 0.138697 
 0.267057 -0.077113 -0.100156 
 -0.112165 0.059448 -0.215718 
 -0.146216 0.428475 0.046791 
 -0.083053 -0.520913 0.088824 
 0.277198 -0.005223 -0.124171 
 -0.147162 -0.376511 0.015866 
 0.270561 -0.221949 0.044532 
 0.228447 0.044550 -0.156754 
 -0.281481 -0.389377 0.014245 
 -0.235631 -0.304704 -0.034777 
 -0.069009 -0.016604 -0.151590 
 -0.141410 -0.347179 0.003744 
 0.132512 -0.472008 0.069813 
 -0.207398 0.044185 -0.149089 
 -0.265731 0.193202 0.166952 
 -0.282265 -0.121718 -0.077507 
 -0.045048 -0.451659 0.110445 
 -0.077960 -0.254236 0.110649 
 0.186518 0.050114 -0.164309 
 -0.116957 -0.276449 0.005017 
 0.080118 -0.524107 0.086226 
 0.190220 -0.137870 -0.180054 
 0.309881 -0.153675 0.025555 
 0.021413 0.171032 -0.232437 
 0.102489 0.640933 0.123955 
 0.065746 0.390328 0.157252 
 0.091174 0.585165 0.167255 
 0.001722 -0.027020 -0.149004 
 -0.018360 0.961307 0.099481 
 0.027627 -0.475118 0.093843 
 -0.300977 -0.163189 -0.076841 
 -0.007838 0.997574 0.047214 
 0.061796 0.814014 -0.018727 
 -0.025028 0.354613 0.103210 
 -0.209717 0.015846 -0.157621 
 -0.002267 0.516173 0.085019 
 0.013690 0.949817 0.064766 
 0.270828 -0.326790 0.072767 
 -0.255421 0.162233 0.191215 
 -0.027711 -0.334877 0.104304 
 0.048195 -0.004032 -0.142338 
 0.048019 -0.004031 -0.142898 
 0.033221 0.729534 0.013316 
 0.020836 0.727298 -0.019342 
 -0.086268 0.611747 0.001993 
 -0.165983 -0.136544 -0.056947 
 0.196247 0.254012 -0.096394 
 -0.007893 -0.397341 0.112803 
 -0.039672 -0.408248 0.108136 
 0.179766 -0.552728 0.084771 
 0.055571 -0.063058 -0.157586 
 -0.142803 0.355637 0.073306 
 -0.002818 0.324449 0.150581 
 -0.224727 -0.071898 -0.123020 
 0.089662 -0.334835 0.104125 
 0.093402 0.106077 -0.163976 
 0.100990 -0.040135 -0.151500 
 -0.145965 -0.184222 -0.029405 
 -0.089438 -0.460498 0.083158 
 0.016479 0.440107 0.104175 
 0.034816 -0.284381 0.151805 
 -0.091639 -0.131449 -0.065472 
 0.219889 -0.027202 -0.183342 
 0.102214 -0.455285 0.105301 
 -0.080996 0.069575 -0.211418 
 -0.131226 0.426589 0.049409 
 0.151277 -0.223307 0.095670 
 -0.156398 -0.167295 -0.052130 
 0.084713 0.135732 -0.167983 
 -0.372252 -0.305603 -0.007723 
 -0.340890 -0.549430 0.087910 
 -0.171312 -0.524431 0.073977 
 0.010846 0.516876 0.116437 
 0.170235 0.271999 -0.100882 
 -0.027243 0.883872 0.083373 
 -0.084027 -0.162131 -0.040785 
 0.115042 0.537692 0.174889 
 0.277695 -0.005225 -0.122041 
 0.103537 -0.455498 0.105306 
 -0.072893 -0.104559 -0.074039 
 0.061416 0.080789 -0.167541 
 -0.026314 0.354603 0.103553 
 -0.148528 0.023765 -0.178335 
 -0.024271 -0.514714 0.118732 
 -0.185760 0.553724 0.030177 
 0.280744 -0.077716 -0.087308 
 -0.024420 -0.410160 0.110749 
 0.009108 0.762326 -0.002854 
 -0.355675 -0.201099 -0.033109 
 -0.073412 -0.539387 0.133181 
 -0.060738 0.241425 0.167992 
 0.023392 0.499181 0.121168 
 -0.048390 -0.245142 0.134870 
 0.302136 -0.511233 0.153431 
 -0.253904 -0.139860 -0.071605 
 0.058221 -0.463982 0.098275 
 -0.134860 0.397175 0.050451 
 -0.305372 -0.266855 -0.019719 
 0.163471 0.096668 -0.151352 
 0.303103 -0.022703 -0.099151 
 -0.039001 0.460974 0.083528 
 0.356660 -0.429078 0.157379 
 -0.197203 -0.162076 -0.080687 
 -0.303254 -0.252201 -0.030082 
 0.288169 -0.403454 0.094605 
 0.062588 0.657967 0.086347 
 0.238373 -0.544313 0.114744 
 0.303298 -0.110561 -0.030098 
 -0.335079 -0.264840 -0.024899 
 0.282299 -0.343178 0.074923 
 -0.241696 -0.348152 -0.032273 
 -0.066528 0.463163 0.057939 
 0.296750 -0.065292 -0.085680 
 0.123239 -0.205001 0.099076 
 -0.148496 -0.467215 0.063414 
 0.311598 -0.437709 0.139125 
 0.274602 -0.494157 0.137256 
 -0.322121 -0.101702 -0.085966 
 -0.334508 -0.099834 -0.088526 
 0.064348 -0.420410 0.094415 
 -0.013613 0.808962 -0.010927 
 0.045837 -0.447721 0.094910 
 0.263689 -0.003397 -0.126324 
 0.058566 0.783486 -0.017201 
 0.107468 -0.321864 0.095962 
 0.003971 0.456081 0.100608 
 -0.120495 0.500686 0.045563 
 -0.006358 -0.171264 -0.108725 
 -0.009084 0.280343 0.173032 
 -0.217849 0.201930 0.164727 
 0.000877 0.044905 -0.194668 
 0.318841 -0.011515 -0.086132 
 0.240487 0.028150 -0.153497 
 -0.195199 -0.147314 -0.080611 
 0.096712 0.419860 0.213114 
 0.136771 0.349787 -0.093458 
 0.011409 0.586075 0.040323 
 -0.171849 0.195282 0.152904 
 -0.264309 -0.287208 -0.021261 
 0.084261 0.284198 -0.096645 
 -0.390461 -0.241119 -0.035659 
 0.373773 -0.311406 0.119916 
 0.099013 -0.394321 0.079359 
 -0.090249 -0.370390 0.065860 
 -0.076228 0.228467 0.165561 
 0.100144 0.163152 -0.147485 
 -0.250061 -0.052033 -0.128867 
 0.208573 0.120049 -0.124994 
 -0.273491 -0.345162 -0.007466 
 0.026715 -0.371754 0.116279 
 0.191969 -0.154783 0.046327 
 0.066872 0.241944 -0.117796 
 0.189623 -0.273253 0.065142 
 0.098426 0.282355 -0.094486 
 0.337627 -0.070203 -0.027511 
 0.309059 0.020004 -0.100325 
 0.379649 -0.165351 0.109691 
 -0.322272 -0.521216 0.088988 
 -0.335088 -0.263486 -0.024896 
 -0.142412 -0.530111 0.079176 
 0.024411 0.305089 0.156976 
 0.178268 -0.122307 -0.182647 
 0.084778 0.717603 0.094747 
 0.350570 -0.368389 0.140773 
 0.171062 -0.195763 0.056154 
 -0.038895 -0.408238 0.106522 
 -0.158916 -0.540783 0.078427 
 -0.004504 -0.486407 0.099540 
 0.180056 0.006876 -0.172213 
 0.035089 0.992974 0.055082 
 0.267857 -0.149414 -0.002472 
 0.001331 0.353429 0.148940 
 -0.097466 0.347377 0.060761 
 0.181455 0.122960 -0.151534 
 -0.044208 0.589817 0.000546 
 0.033349 -0.312389 0.113203 
 -0.011526 -0.307808 0.125150 
 0.162385 -0.135054 -0.185072 
 0.067341 0.126125 -0.169763 
 -0.304397 -0.342499 0.006769 
 -0.286689 -0.076735 -0.101467 
 -0.095652 -0.504400 0.085455 
 -0.329451 -0.398965 0.027333 
 0.161495 0.081625 -0.150611 
 0.018250 -0.116094 -0.138998 
 0.134721 0.100722 -0.136197 
 -0.100243 -0.174752 -0.022431 
 -0.057324 -0.344342 0.069531 
 0.122674 -0.323734 0.098426 
 0.081524 0.510697 0.171151 
 0.186374 -0.404911 0.074581 
 0.035106 0.849441 0.005483 
 -0.058612 0.037799 -0.184771 
 0.048604 -0.301653 0.135292 
 -0.069711 -0.327628 0.066167 
 0.145488 0.071001 -0.152388 
 0.167146 -0.328047 0.065604 
 -0.300340 -0.404115 0.032528 
 0.125860 0.264209 -0.109116 
 -0.116539 0.529559 0.044022 
 0.054804 0.316112 0.161133 
 -0.013417 0.118315 -0.254632 
 -0.249623 0.265564 0.113009 
 0.084197 -0.496488 0.084697 
 -0.067086 0.742487 -0.016183 
 -0.094319 -0.145818 -0.044101 
 -0.054058 0.446568 0.060089 
 0.154983 -0.416965 0.070164 
 0.069063 0.421489 0.175957 
 0.085276 -0.081414 -0.202332 
 -0.326371 -0.551397 0.090368 
 0.217553 0.073775 -0.140512 
 -0.021380 0.751469 -0.007863 
 0.187415 0.299216 -0.080998 
 0.183065 0.019961 -0.172952 
 -0.219920 0.187020 0.162777 
 -0.160321 0.342899 0.081472 
 -0.336462 -0.443128 0.039684 
 0.070610 -0.251400 -0.120099 
 -0.327668 -0.475138 0.063942 
 -0.006526 0.002856 -0.173522 
 0.126420 -0.515629 0.073352 
 0.015955 0.964282 0.053998 
 -0.223638 -0.142974 -0.086563 
 -0.269434 -0.315385 -0.009682 
 0.126341 0.277507 -0.109874 
 -0.162227 -0.465335 0.061640 
 0.029967 -0.328191 0.135763 
 -0.020322 -0.380781 0.108442 
 0.115525 -0.156939 -0.170871 
 0.145667 -0.370585 0.085608 
 0.029377 0.142896 -0.208306 
 0.158107 0.288153 -0.105527 
 -0.033793 0.177367 -0.262584 
 0.303835 -0.197237 0.027822 
 -0.182602 -0.355055 -0.043042 
 0.088343 0.193911 -0.140718 
 -0.041218 0.050362 -0.203122 
 -0.280874 -0.374809 0.013476 
 0.299155 -0.226840 0.049815 
 -0.307751 -0.523870 0.092146 
 -0.249865 0.402087 0.123359 
 -0.047744 -0.376677 0.083770 
 -0.367998 -0.184831 -0.035544 
 -0.212038 0.320897 0.115180 
 0.043437 -0.046731 -0.140656 
 0.125542 0.028506 -0.152688 
 0.302992 -0.212344 0.048929 
 -0.237651 -0.319186 -0.034282 
 0.087750 0.555864 0.168816 
 0.230000 -0.409525 0.051807 
 0.006589 -0.399223 0.114960 
 0.259173 0.069417 -0.132936 
 -0.234976 0.047863 -0.153397 
 0.175607 -0.166673 0.044293 
 -0.021336 -0.263870 0.140888 
 0.282294 -0.343181 0.075998 
 0.307987 -0.361215 0.112601 
 0.099490 0.047314 -0.158480 
 -0.207253 0.044186 -0.149088 
 -0.038752 -0.513041 0.116123 
 0.143989 -0.160998 -0.186105 
 0.323980 -0.454203 0.143255 
 -0.157848 0.267100 0.108013 
 -0.080455 -0.178743 0.083576 
 0.127716 -0.173293 -0.187877 
 0.193899 -0.554045 0.087358 
 -0.102018 0.632526 0.039149 
 0.166664 -0.092297 -0.187292 
 -0.178550 -0.061647 -0.146262 
 -0.028494 0.604427 0.011819 
 -0.170701 -0.433510 0.036392 
 0.090379 -0.452633 0.082408 
 -0.064206 0.010599 -0.163646 
 -0.082493 -0.326255 0.043705 
 -0.007826 0.471609 0.087337 
 0.065807 -0.194625 -0.145848 
 0.178873 0.225266 -0.107544 
 0.230576 -0.043842 -0.149794 
 -0.117662 -0.381404 0.021037 
 0.148923 0.334224 -0.089333 
 -0.123648 0.221373 0.158402 
 0.319453 -0.097063 -0.027442 
 0.092917 0.120432 -0.144544 
 -0.152215 -0.330347 -0.019250 
 -0.116646 -0.547419 0.105383 
 0.125995 0.433951 0.256152 
 -0.076619 0.317217 0.118078 
 -0.088347 -0.251734 0.055314 
 0.269165 0.039197 -0.128925 
 -0.318156 -0.492557 0.086425 
 -0.241492 -0.500239 0.061620 
 -0.362753 -0.155051 -0.047995 
 -0.173220 -0.386407 -0.018788 
 -0.012349 0.047021 -0.208156 
 0.210060 -0.231439 0.065445 
 0.000824 -0.560931 0.095832 
 0.089584 -0.139597 -0.175919 
 -0.205509 -0.458057 0.053025 
 -0.184659 -0.252755 -0.030766 
 0.291812 -0.093544 -0.054328 
 -0.131682 -0.185524 -0.025274 
 -0.071958 -0.433818 0.104704 
 0.004155 0.366923 0.128141 
 0.307073 0.005768 -0.099637 
 -0.351305 -0.518202 0.084414 
 -0.026439 0.048549 -0.200600 
 -0.319522 -0.175827 -0.057804 
 -0.016085 -0.455764 0.115662 
 -0.281226 -0.542359 0.097601 
 -0.061324 -0.212342 0.160993 
 -0.079238 0.566153 0.006889 
 0.072129 0.780769 -0.014615 
 0.139263 -0.206700 0.074255 
 -0.288697 -0.090857 -0.101636 
 -0.312389 -0.477016 0.066555 
 0.107859 -0.321860 0.095826 
 0.278093 -0.268372 0.069725 
 -0.265227 -0.050066 -0.131421 
 0.220883 0.221715 -0.089804 
 -0.313992 -0.477027 0.066549 
 0.309888 -0.154715 0.025552 
 0.061802 0.812633 -0.017847 
 0.200934 -0.288441 0.058327 
 -0.096541 -0.072083 -0.080659 
 0.067948 0.684939 0.063559 
 -0.183069 -0.414985 0.033159 
 -0.025752 0.148249 -0.238492 
 -0.160182 0.342148 0.081471 
 -0.023696 0.545828 0.037753 
 0.032644 0.170535 -0.199949 
 -0.099528 0.333679 0.061881 
 0.016281 -0.217813 -0.101081 
 0.104561 0.655412 0.122266 
 -0.115415 0.262879 0.135988 
 0.035171 0.214935 -0.151601 
 0.305166 -0.481971 0.151389 
 0.298795 -0.051219 -0.086426 
 -0.380094 -0.257781 -0.012596 
 0.125552 -0.189440 -0.166883 
 -0.163375 -0.313602 -0.042746 
 -0.023693 0.545111 0.038122 
 -0.057338 -0.539038 0.115053 
 -0.349600 -0.350866 0.000553 
 -0.036778 0.738738 -0.009693 
 -0.124387 -0.010561 -0.171535 
 0.194525 0.121880 -0.128022 
 0.296484 -0.241536 0.069682 
 -0.194416 0.348517 0.116261 
 -0.190205 -0.118187 -0.093000 
 0.125548 -0.188874 -0.166881 
 0.285931 -0.210504 0.046342 
 0.104258 -0.025927 -0.152237 
 -0.042460 0.813686 -0.018122 
 0.193681 -0.110016 -0.181532 
 0.263686 -0.003400 -0.125442 
 -0.049065 0.562405 0.011703 
 0.173160 -0.049982 -0.189503 
 -0.009995 -0.010954 -0.151515 
 -0.229949 -0.084135 -0.092143 
 0.274432 -0.401576 0.089333 
 -0.021354 -0.262061 0.142090 
 -0.055428 -0.421029 0.105880 
 0.058803 0.713179 0.039343 
 -0.111981 0.349268 0.057595 
 0.187287 -0.051791 -0.186994 
 -0.137455 -0.498318 0.067798 
 0.262627 -0.384082 0.055442 
 -0.066197 -0.003640 -0.161968 
 -0.205221 0.187378 0.167560 
 0.054711 0.685015 0.038409 
 0.353158 -0.353267 0.119612 
 -0.145316 -0.051585 -0.162030 
 -0.051345 0.372165 0.087494 
 -0.100513 0.029833 -0.191593 
 0.014407 0.426971 0.104953 
 -0.158522 -0.284707 -0.044254 
 0.101417 0.075897 -0.139775 
 0.052101 -0.508106 0.101323 
 0.007651 0.906661 0.067088 
 -0.143513 -0.361960 0.015112 
 -0.268892 -0.152441 -0.073413 
 0.379928 -0.163761 0.109696 
 0.089146 -0.226540 -0.139315 
 0.285866 -0.328651 0.075352 
 0.024536 0.586430 0.063717 
 -0.313693 -0.386231 0.029165 
 0.024806 0.918148 0.058835 
 -0.119991 0.233192 0.137540 
 -0.176174 0.433776 0.062731 
 0.142358 -0.502513 0.064563 
 0.009258 0.658145 0.004401 
 -0.262262 -0.110131 -0.095761 
 -0.042538 -0.199330 0.142658 
 0.059901 -0.223146 -0.114354 
 0.321937 -0.468820 0.144896 
 0.043566 0.699341 0.018966 
 -0.285801 -0.328749 -0.013120 
 0.164197 -0.120494 -0.185810 
 0.301861 -0.301676 0.086588 
 -0.235038 0.385313 0.126014 
 0.162380 -0.134317 -0.185070 
 -0.099406 -0.249386 0.013941 
 -0.038749 -0.512826 0.114894 
 0.285400 -0.049347 -0.099110 
 -0.069782 0.624699 0.003359 
 -0.027892 0.706949 -0.005572 
 0.338660 -0.247480 0.108386 
 -0.043662 -0.347183 0.082590 
 -0.325830 -0.204905 -0.039079 
 0.205526 0.089190 -0.143782 
 -0.193118 -0.475410 0.056386 
 -0.109640 -0.070471 -0.103351 
 0.094508 -0.527395 0.090468 
 -0.007217 0.646891 0.002692 
 0.046564 0.345547 0.136814 
 0.236075 -0.367823 0.049528 
 0.069987 -0.480755 0.101636 
 -0.123029 -0.320005 0.005545 
 -0.180303 0.241835 0.147477 
 -0.167935 0.492546 0.058487 
 -0.320653 -0.354607 0.004941 
 -0.237183 -0.304713 -0.035467 
 0.135644 0.216937 -0.134764 
 -0.074461 0.331503 0.117303 
 -0.021403 0.161500 -0.259942 
 -0.155933 -0.359312 -0.017066 
 0.200512 -0.407377 0.066992 
 0.248824 -0.175908 0.017865 
 0.190050 -0.168538 0.047089 
 -0.192913 0.258976 0.143608 
 0.066321 -0.273420 0.156629 
 -0.043406 -0.347180 0.082239 
 -0.193611 0.027793 -0.155919 
 0.216932 -0.040992 -0.162444 
 -0.110333 -0.012659 -0.169257 
 0.175863 0.197190 -0.126689 
 -0.337668 -0.188552 -0.031278 
 -0.129299 -0.439322 0.064488 
 -0.361260 -0.410148 0.032294 
 0.047828 -0.314094 0.115813 
 0.193208 0.224885 -0.104997 
 -0.249488 -0.213937 -0.065256 
 0.123506 0.490157 0.179706 
 -0.157898 0.551595 0.035409 
 -0.006710 0.382245 0.104638 
 0.118256 0.462576 0.201567 
 0.274360 -0.194066 0.022679 
 0.007218 0.643341 0.005286 
 0.183983 -0.404927 0.074571 
 -0.301206 -0.237679 -0.031286 
 0.171987 -0.506238 0.070397 
 -0.118958 -0.040409 -0.137593 
 -0.135478 -0.200112 -0.006005 
 -0.183052 -0.417466 0.033152 
 0.381536 -0.163750 0.109703 
 -0.006893 0.237782 0.248465 
 0.074574 -0.554683 0.087742 
 0.057883 0.783481 -0.017204 
 0.166404 0.128040 -0.132618 
 -0.288696 -0.495479 0.072528 
 0.257610 0.054353 -0.132194 
 0.115144 0.161328 -0.144238 
 -0.027229 0.533402 0.058949 
 -0.018120 -0.472296 0.116425 
 -0.060366 0.507038 0.055255 
 -0.144703 0.176581 0.158086 
 0.176035 -0.476093 0.068214 
 0.209153 -0.099281 -0.159488 
 0.270571 -0.223117 0.043983 
 0.373531 -0.207497 0.112592 
 0.113028 -0.278514 0.103667 
 -0.029879 0.850088 0.054925 
 0.212606 -0.127133 -0.023620 
 -0.026002 0.826420 -0.014886 
 -0.047756 -0.374895 0.083775 
 -0.013156 0.132338 -0.235243 
 -0.260115 -0.361103 -0.014877 
 -0.065547 0.301308 0.141573 
 -0.276499 -0.105779 -0.098316 
 0.254046 -0.534383 0.136922 
 -0.050718 0.755220 -0.013064 
 -0.026575 0.722232 -0.006338 
 -0.028188 0.901080 0.102580 
 0.145526 -0.267521 0.077674 
 0.343266 -0.218166 0.085348 
 -0.037677 0.547715 0.035517 
 -0.043659 -0.347181 0.081799 
 0.136905 -0.206711 0.072022 
 -0.095860 0.677126 0.036325 
 -0.034006 0.662409 -0.003279 
 -0.073286 0.507463 0.033336 
 0.318312 -0.393171 0.116717 
 0.121278 0.581526 0.172551 
 -0.117798 0.320717 0.080090 
 0.066837 0.272829 -0.080158 
 0.102445 0.552700 0.171459 
 -0.095976 -0.399778 0.067382 
 0.113025 -0.278174 0.103744 
 -0.065963 -0.285119 0.094169 
 0.089873 -0.226904 -0.139313 
 0.081551 -0.095353 -0.181445 
 0.152368 0.127362 -0.134502 
 0.320795 -0.274460 0.087120 
 0.128037 0.519919 0.178313 
 0.020427 0.470566 0.122725 
 0.021103 0.890004 0.070490 
 0.151068 -0.548437 0.078315 
 -0.153921 -0.511056 0.066230 
 -0.172403 0.551589 0.032788 
 -0.197608 0.000087 -0.154330 
 -0.218060 -0.188766 -0.061635 
 0.103519 0.192083 -0.136589 
 -0.306395 -0.266864 -0.018767 
 0.160426 -0.150438 -0.184337 
 -0.130671 0.034226 -0.196650 
 -0.155792 0.282307 0.108841 
 -0.260175 -0.272019 -0.041673 
 0.132227 -0.472012 0.070624 
 0.198336 -0.317471 0.059383 
 0.306214 -0.008260 -0.088658 
 0.212531 -0.528410 0.088418 
 -0.052728 0.284938 0.144992 
 -0.040621 -0.094432 -0.089841 
 0.050063 -0.522682 0.101334 
 -0.186908 0.287250 0.122012 
 0.221815 0.236020 -0.090557 
 0.084473 -0.496362 0.084698 
 -0.005176 0.661287 0.001926 
 0.115603 0.176000 -0.134452 
 -0.035475 -0.153261 -0.064100 
 -0.232969 0.400189 0.127141 
 0.033760 -0.206683 -0.119828 
 -0.139751 -0.332663 0.003499 
 0.113781 -0.085826 -0.217550 
 0.075917 -0.224880 -0.121588 
 -0.028219 -0.349055 0.084845 
 0.112599 0.279210 -0.092256 
 0.229705 -0.202384 0.036046 
 0.042213 0.544466 0.141564 
 0.110647 -0.100180 -0.196583 
 0.170648 -0.417578 0.072759 
 -0.258605 -0.436851 0.021719 
 0.275697 -0.107560 -0.055514 
 -0.218812 0.276217 0.117508 
 -0.031953 -0.216144 0.166183 
 -0.088882 -0.460996 0.083159 
 -0.293756 -0.031822 -0.119288 
 -0.347194 -0.488779 0.081684 
 0.075442 0.360058 0.181653 
 0.100364 0.538620 0.171832 
 0.214087 0.163660 -0.117149 
 0.251664 0.012629 -0.131168 
 0.207748 -0.011288 -0.186699 
 0.008312 0.173472 -0.255073 
 0.331175 -0.305406 0.091762 
 -0.118584 0.619709 0.036169 
 -0.012575 0.046451 -0.208159 
 -0.165110 0.239928 0.149681 
 -0.255316 0.235497 0.114555 
 0.059624 0.557884 0.143431 
 -0.152367 -0.137874 -0.054380 
 -0.031366 0.237603 0.173397 
 -0.009889 0.457452 0.088110 
 0.022049 0.993791 0.052463 
 -0.073828 0.241166 0.144679 
 -0.199110 -0.088116 -0.117164 
 0.017069 -0.429758 0.099075 
 0.066808 0.754818 0.007032 
 -0.169636 -0.433503 0.036513 
 -0.174786 0.538917 0.053556 
 -0.378731 -0.333762 0.013876 
 -0.237647 -0.319183 -0.035259 
 -0.116915 -0.455623 0.067852 
 -0.149263 0.520372 0.058929 
 -0.049982 -0.063747 -0.114053 
 -0.156607 0.066104 -0.182034 
 0.135744 0.404337 0.280556 
 0.043714 -0.146798 -0.153123 
 -0.020804 -0.169439 -0.101753 
 0.159080 0.304284 -0.086097 
 -0.096969 -0.072087 -0.080513 
 -0.202237 -0.535139 0.068330 
 0.011406 -0.057185 -0.134890 
 0.273511 -0.297759 0.071242 
 0.080455 0.020787 -0.139323 
 -0.012476 0.809934 -0.010919 
 -0.049635 0.224478 0.190958 
 -0.298124 -0.312344 -0.015849 
 0.148380 0.101332 -0.133660 
 0.029981 0.613734 0.042113 
 0.328179 -0.127400 0.025596 
 0.173525 0.066164 -0.147741 
 -0.347409 -0.246718 -0.028774 
 0.354159 -0.145528 0.054050 
 0.318105 -0.407818 0.117487 
 -0.285003 -0.328748 -0.011505 
 0.064068 0.375488 0.158025 
 -0.172398 0.551831 0.031253 
 0.258641 -0.413913 0.077327 
 -0.083444 -0.193501 0.104521 
 0.066420 0.897723 0.066093 
 0.260915 -0.490275 0.114278 
 0.124562 -0.100954 -0.194704 
 0.106706 -0.127350 -0.195867 
 -0.034933 -0.167603 -0.103344 
 0.178801 -0.344655 0.058785 
 0.049931 -0.420512 0.093376 
 -0.079029 0.084137 -0.210685 
 -0.040131 0.619935 -0.002126 
 -0.078836 -0.280774 0.071374 
 -0.144552 0.176581 0.158632 
 0.080800 -0.407679 0.099155 
 -0.062253 0.096036 -0.220438 
 -0.102983 -0.367953 0.043064 
 -0.002206 0.411019 0.103091 
 -0.099589 0.525909 0.026616 
 0.304224 -0.481979 0.151891 
 -0.035534 0.767949 -0.011235 
 -0.111726 -0.232979 0.010482 
 -0.065971 -0.284001 0.094172 
 0.020091 0.000351 -0.147958 
 0.073449 0.064731 -0.164609 
 -0.100770 -0.534941 0.107222 
 0.125540 0.029039 -0.153086 
 -0.117972 0.017448 -0.193380 
 -0.081039 0.464370 0.054947 
 0.180044 0.122947 -0.150319 
 -0.154295 0.208259 0.153886 
 0.331447 -0.501253 0.178828 
 -0.106141 0.305029 0.093320 
 0.045279 0.169590 -0.177111 
 0.209000 0.003251 -0.167365 
 -0.374442 -0.214048 -0.016446 
 -0.105973 0.498252 0.047908 
 0.002757 -0.427878 0.096473 
 0.029973 0.614833 0.042116 
 0.088022 -0.038304 -0.154020 
 0.062759 0.812642 -0.018727 
 -0.232382 -0.275743 -0.036979 
 0.022316 -0.267742 0.149039 
 0.144917 0.305524 -0.087695 
 0.218306 -0.274578 0.070320 
 0.188250 -0.151779 -0.179315 
 0.280873 -0.447073 0.094194 
 0.131461 -0.145043 -0.169452 
 -0.032059 -0.454523 0.133300 
 0.261349 -0.017597 -0.125952 
 0.077882 0.093129 -0.165758 
 0.055624 -0.064587 -0.157589 
 -0.082269 0.288524 0.139711 
 0.010179 -0.488909 0.102142 
 -0.153493 -0.006704 -0.166803 
 0.037769 0.261027 -0.103151 
 0.314857 -0.038609 -0.085571 
 -0.100076 -0.249391 0.014190 
 -0.027072 0.048544 -0.200320 
 0.079592 0.389815 0.181043 
 0.004541 -0.414070 0.115967 
 0.317477 -0.197509 0.050745 
 -0.184085 0.121596 0.175535 
 -0.222823 0.368518 0.130216 
 -0.084560 0.344789 0.083788 
 -0.206584 -0.057838 -0.139882 
 0.205054 -0.025425 -0.165700 
 0.338800 -0.351396 0.117750 
 -0.095853 0.676101 0.036322 
 -0.292056 -0.358357 0.011984 
 0.220031 -0.275917 0.070323 
 -0.118582 0.514849 0.044792 
 -0.107886 -0.397273 0.044586 
 -0.051352 0.372487 0.088603 
 -0.083281 -0.162126 -0.040782 
 0.174763 -0.136420 -0.182569 
 -0.026498 0.444335 0.085778 
 0.016410 0.966395 0.054005 
 -0.368198 -0.274233 -0.009269 
 -0.039578 -0.317674 0.080707 
 0.194751 -0.009469 -0.189203 
 0.000952 0.703778 -0.000372 
 0.246023 -0.190435 0.038057 
 0.108172 0.403001 0.214756 
 0.183997 -0.314821 0.057272 
 -0.098978 -0.086383 -0.079908 
 0.080260 0.255381 -0.095855 
 -0.076063 -0.461729 0.105996 
 0.294269 -0.359828 0.089261 
 -0.042994 -0.437585 0.109096 
 -0.019714 0.661898 -0.000677 
 -0.004269 0.396450 0.103865 
 -0.212477 -0.262835 -0.055280 
 0.187587 -0.286710 0.065905 
 0.148741 -0.355696 0.064622 
 0.098685 -0.082872 -0.199825 
 -0.018556 0.018879 -0.177027 
 -0.268432 -0.138009 -0.073570 
 0.019031 -0.417300 0.118572 
 -0.123170 -0.216494 -0.003618 
 -0.281570 -0.048062 -0.114584 
 0.143736 0.173428 -0.129823 
 -0.167885 -0.239727 -0.028946 
 -0.022357 0.076550 -0.211616 
 -0.316679 -0.087435 -0.106759 
 -0.084503 -0.431224 0.081630 
 -0.077865 -0.386840 0.069224 
 0.118571 -0.470139 0.068042 
 0.184300 -0.523472 0.073072 
 -0.210613 -0.337384 -0.028791 
 -0.008567 0.997570 0.046656 
 0.018484 0.979033 0.053043 
 0.095221 0.598122 0.146379 
 0.178858 0.227412 -0.107538 
 0.018761 0.873907 0.061254 
 0.050183 0.010334 -0.143642 
 -0.054712 0.137351 -0.242767 
 0.253972 -0.147042 -0.005031 
 0.159788 -0.503461 0.046815 
 0.157807 0.171370 -0.127289 
 0.081376 0.121524 -0.167585 
 -0.147288 -0.391037 0.016635 
 -0.026875 0.134188 -0.237750 
 -0.191024 0.523558 0.031710 
 -0.189477 -0.045507 -0.150006 
 -0.024418 -0.410125 0.110264 
 -0.148904 0.093234 -0.224453 
 0.230866 -0.292162 0.063496 
 -0.344057 -0.143136 -0.066537 
 0.004507 -0.012777 -0.149745 
 0.144382 -0.060457 -0.193037 
 -0.340800 -0.458071 0.060564 
 0.016875 0.613422 0.019265 
 0.133653 0.202681 -0.133867 
 0.176159 -0.035872 -0.189617 
 0.155932 -0.176913 -0.182859 
 -0.312638 -0.386224 0.029169 
 -0.273658 0.009486 -0.116936 
 0.020094 -0.000374 -0.147525 
 0.092455 -0.320196 0.103348 
 -0.214546 0.001241 -0.146847 
 -0.219148 -0.381418 -0.006081 
 -0.153420 -0.006705 -0.166268 
 0.275367 -0.106021 -0.055511 
 0.127491 -0.072755 -0.195552 
 -0.160976 0.342143 0.081468 
 -0.085864 0.628607 0.021695 
 0.049330 0.656582 0.062480 
 -0.112831 -0.427119 0.066240 
 0.127863 0.277517 -0.109522 
 -0.247814 -0.376972 -0.011534 
 0.243354 -0.308500 0.066840 
 -0.082719 -0.416592 0.080863 
 0.240422 -0.531535 0.113568 
 0.077367 0.481008 0.173343 
 -0.124718 0.076063 -0.199598 
 -0.142424 -0.528455 0.079181 
 0.365580 -0.265802 0.115036 
 0.232959 -0.485442 0.088725 
 -0.275547 -0.005002 -0.116183 
 0.038510 0.916249 0.061557 
 -0.101982 -0.174764 -0.022439 
 -0.239195 0.355552 0.128325 
 0.227632 -0.128974 -0.021757 
 -0.405207 -0.224884 -0.019308 
 -0.083106 -0.160983 -0.040778 
 0.128934 -0.173284 -0.187872 
 0.205051 -0.024988 -0.165699 
 0.020987 0.293333 0.177545 
 -0.189457 0.041557 -0.176646 
 -0.062287 0.964205 0.091555 
 -0.154389 -0.151393 -0.053621 
 -0.109454 -0.502807 0.082855 
 -0.015793 0.587915 0.015773 
 0.086516 0.779739 -0.013275 
 -0.000154 -0.443244 0.117500 
 -0.106146 0.305026 0.094638 
 -0.002299 0.955623 0.082131 
 -0.182434 -0.341107 -0.023642 
 0.034627 0.484381 0.144673 
 0.305163 -0.481974 0.152165 
 -0.016102 0.587908 0.017325 
 -0.178829 0.151438 0.174426 
 -0.139417 -0.140268 -0.051817 
 0.274827 -0.194063 0.022681 
 0.042813 -0.235774 -0.095563 
 0.208033 -0.246333 0.066205 
 0.205065 -0.026938 -0.165704 
 0.077373 0.481011 0.172066 
 -0.172525 -0.282852 -0.046155 
 0.152593 0.259519 -0.104035 
 0.090676 -0.226530 -0.139308 
 -0.052912 -0.406355 0.105532 
 -0.026462 0.620121 0.011641 
 -0.227023 -0.505037 0.062794 
 0.003639 0.822670 -0.009086 
 0.297809 -0.433245 0.116417 
 0.284130 -0.432521 0.091648 
 0.005026 0.733094 -0.000831 
 0.033895 -0.118026 -0.157138 
 -0.023692 -0.501681 0.138224 
 -0.050116 0.165105 -0.264351 
 0.217730 -0.393744 0.048472 
 0.200264 -0.199444 0.051191 
 0.290209 -0.388909 0.091401 
 -0.178567 -0.326183 -0.045094 
 0.019700 0.728908 -0.019343 
 -0.060736 0.241475 0.167424 
 -0.073401 -0.209380 0.128088 
 0.026196 -0.059149 -0.141487 
 -0.270072 -0.496474 0.054995 
 -0.011528 -0.307810 0.125671 
 -0.317138 -0.087442 -0.105526 
 0.143754 0.170786 -0.129830 
 -0.083278 0.288742 0.139707 
 -0.014035 -0.441354 0.114867 
 0.190082 -0.037682 -0.187849 
 -0.239669 -0.333891 -0.033944 
 0.119198 0.566464 0.174381 
 -0.159969 -0.388774 -0.016218 
 0.049090 0.829081 -0.022087 
 0.101492 -0.469893 0.107084 
 0.058218 -0.464262 0.099311 
 0.383324 -0.149214 0.078382 
 0.000409 0.530216 0.084249 
 -0.072684 0.418892 0.059874 
 -0.268404 -0.226568 -0.046976 
 -0.241689 -0.348594 -0.033187 
 -0.013626 0.809922 -0.009479 
 0.307994 -0.362157 0.112598 
 -0.080568 -0.506275 0.087692 
 -0.192564 0.168321 0.170988 
 -0.098782 -0.191618 0.101799 
 -0.192563 0.168164 0.170987 
 0.043219 0.330893 0.157716 
 -0.310453 -0.295943 -0.017197 
 -0.319154 -0.235933 -0.023841 
 0.175861 0.197188 -0.126190 
 -0.321427 -0.101105 -0.085961 
 0.194013 -0.009478 -0.188034 
 -0.133093 0.619894 0.034167 
 -0.041851 0.885486 0.080399 
 -0.046418 -0.049353 -0.124875 
 0.203089 0.194462 -0.101517 
 -0.000108 0.130521 -0.232738 
 0.228039 0.177826 -0.064686 
 -0.085155 0.435632 0.057522 
 0.110392 0.030854 -0.155217 
 0.144177 -0.281447 0.078441 
 -0.248401 0.402097 0.123365 
 0.101901 -0.242558 -0.135729 
 0.354301 -0.057963 -0.045088 
 0.219897 -0.027197 -0.185185 
 0.053559 0.407446 0.153838 
 -0.120251 0.395284 0.053567 
 0.212525 -0.215825 0.053015 
 0.218757 0.206827 -0.089057 
 0.075635 -0.137776 -0.180278 
 -0.106121 -0.487874 0.082095 
 0.096533 -0.290932 0.103198 
 0.247012 -0.279666 0.076101 
 -0.180718 -0.494005 0.059744 
 0.221768 -0.364018 0.046957 
 -0.097350 -0.160267 -0.044260 
 -0.265246 -0.465093 0.043393 
 0.027760 0.685604 0.005591 
 -0.230824 0.292972 0.113178 
 -0.075464 -0.553884 0.133458 
 -0.394761 -0.270473 -0.014418 
 0.056283 -0.048571 -0.136921 
 0.175267 -0.270326 0.062217 
 -0.187161 0.055523 -0.187429 
 0.046748 0.069680 -0.189488 
 0.217600 0.296324 -0.075884 
 -0.078221 0.084147 -0.212155 
 -0.043692 0.850039 0.052301 
 0.213093 -0.069271 -0.162169 
 -0.205655 0.185094 0.167552 
 0.090659 -0.556544 0.090342 
 0.279349 -0.165176 0.023260 
 -0.231455 -0.365034 -0.008752 
 0.237570 -0.000164 -0.152010 
 0.072328 -0.036447 -0.136344 
 -0.005837 -0.383862 0.111819 
 -0.308161 -0.523871 0.091600 
 -0.294920 -0.046210 -0.116479 
 0.187254 -0.505752 0.051965 
 -0.317588 -0.249709 -0.033107 
 -0.302916 -0.089289 -0.103808 
 -0.069703 -0.523732 0.111674 
 0.082849 -0.393637 0.097048 
 -0.195634 -0.490812 0.057147 
 0.280127 -0.255055 0.068962 
 0.072803 0.064725 -0.164276 
 0.000355 -0.041091 -0.138167 
 0.174981 -0.489291 0.048632 
 -0.004534 0.926110 0.083688 
 -0.081029 0.462891 0.054944 
 0.239779 -0.072559 -0.127726 
 0.176293 -0.136415 -0.180315 
 0.027758 0.685984 0.005592 
 -0.274475 -0.181716 -0.071908 
 -0.168667 -0.418932 0.035372 
 -0.139259 0.577471 0.035484 
 -0.006525 0.002565 -0.173184 
 0.119672 0.204512 -0.136389 
 -0.000966 -0.560944 0.095824 
 -0.155181 -0.152854 -0.053628 
 0.051933 0.259185 -0.100909 
 0.080635 0.494223 0.152802 
 0.076245 -0.123646 -0.179903 
 -0.075821 -0.372760 0.068458 
 0.213687 -0.422152 0.049257 
 -0.347563 -0.336286 -0.000753 
 -0.247647 0.402105 0.122654 
 0.106527 -0.127353 -0.195104 
 -0.179116 -0.403308 0.012216 
 -0.027220 0.532167 0.058946 
 -0.011384 -0.412669 0.134581 
 0.073154 -0.465343 0.080576 
 -0.030023 0.340152 0.144517 
 