-0.003434 0.966948 0.054931 
 -0.019983 0.975713 0.053850 
 -0.041489 0.986387 0.080143 
 -0.058084 0.995176 0.079059 
 0.004541 0.941688 0.053512 
 -0.009563 0.949546 0.038745 
 -0.026088 0.958299 0.037666 
 -0.042614 0.967051 0.036586 
 -0.059139 0.975804 0.035507 
 -0.075665 0.984557 0.034427 
 0.029065 0.907663 0.053174 
 0.012516 0.916428 0.052093 
 -0.001599 0.924321 0.037328 
 -0.018124 0.933073 0.036249 
 -0.034650 0.941826 0.035169 
 -0.051175 0.950579 0.034090 
 -0.062649 0.957490 0.005654 
 -0.079128 0.966218 0.004578 
 -0.095607 0.974947 0.003501 
 -0.112087 0.983675 0.002425 
 0.039416 0.881590 0.038070 
 0.022891 0.890343 0.036991 
 0.006365 0.899096 0.035911 
 -0.010160 0.907848 0.034832 
 -0.026686 0.916601 0.033752 
 -0.043211 0.925354 0.032673 
 -0.059737 0.934107 0.031593 
 -0.071186 0.941064 0.003165 
 -0.087666 0.949792 0.002088 
 -0.104145 0.958520 0.001012 
 -0.120624 0.967249 -0.000065 
 0.047381 0.856365 0.036653 
 0.030855 0.865118 0.035573 
 0.014330 0.873871 0.034494 
 -0.002196 0.882623 0.033415 
 -0.018721 0.891376 0.032335 
 -0.035247 0.900129 0.031256 
 -0.051773 0.908882 0.030176 
 -0.063244 0.915909 0.001751 
 -0.079724 0.924638 0.000675 
 -0.096203 0.933366 -0.000401 
 -0.112682 0.942094 -0.001478 
 -0.129162 0.950822 -0.002554 
 0.165576 0.775282 -0.026740 
 0.149166 0.783974 -0.027812 
 0.132756 0.792666 -0.028883 
 0.116346 0.801357 -0.029955 
 0.099936 0.810049 -0.031027 
 0.083526 0.818740 -0.032099 
 0.062407 0.828915 -0.005808 
 0.038819 0.839893 0.034156 
 0.022294 0.848646 0.033077 
 0.005768 0.857398 0.031997 
 -0.010757 0.866151 0.030918 
 -0.027283 0.874904 0.029839 
 -0.043808 0.883656 0.028759 
 -0.060334 0.892409 0.027680 
 -0.071782 0.899483 -0.000738 
 -0.088261 0.908211 -0.001815 
 -0.104741 0.916939 -0.002891 
 -0.121220 0.925668 -0.003967 
 -0.137699 0.934396 -0.005044 
 0.152619 0.760216 -0.001844 
 0.140665 0.767617 -0.030291 
 0.124254 0.776308 -0.031363 
 0.107844 0.785000 -0.032434 
 0.091434 0.793691 -0.033506 
 0.075024 0.802383 -0.034578 
 0.053882 0.812512 -0.008294 
 0.030258 0.823421 0.031660 
 0.013732 0.832173 0.030580 
 -0.005229 0.841681 0.043174 
 -0.021777 0.850446 0.042093 
 -0.038326 0.859211 0.041012 
 -0.054875 0.867976 0.039931 
 -0.068895 0.875937 0.025183 
 -0.085421 0.884690 0.024104 
 -0.101947 0.893442 0.023024 
 -0.118472 0.902195 0.021945 
 -0.134998 0.910948 0.020865 
 -0.151523 0.919701 0.019786 
 0.144094 0.743812 -0.004330 
 0.127637 0.752528 -0.005405 
 0.111181 0.761244 -0.006480 
 0.094725 0.769961 -0.007555 
 0.078269 0.778677 -0.008630 
 0.061812 0.787393 -0.009705 
 0.042978 0.796804 0.002894 
 0.021696 0.806948 0.029163 
 0.002746 0.816421 0.041755 
 -0.013802 0.825186 0.040674 
 -0.030351 0.833951 0.039593 
 -0.046899 0.842716 0.038512 
 -0.063448 0.851481 0.037431 
 -0.077457 0.859465 0.022687 
 -0.093982 0.868217 0.021607 
 -0.110508 0.876970 0.020528 
 -0.127034 0.885723 0.019448 
 -0.143559 0.894475 0.018369 
 -0.160085 0.903228 0.017289 
 0.133317 0.728008 0.006863 
 0.119112 0.736125 -0.007891 
 0.102656 0.744841 -0.008966 
 0.086199 0.753557 -0.010041 
 0.069743 0.762273 -0.011116 
 0.053287 0.770989 -0.012191 
 0.034440 0.780378 0.000405 
 0.013135 0.790476 0.026667 
 -0.005827 0.799926 0.039255 
 -0.022376 0.808691 0.038174 
 -0.038924 0.817456 0.037093 
 -0.055473 0.826221 0.036012 
 -0.072021 0.834986 0.034931 
 -0.088570 0.843751 0.033850 
 -0.105119 0.852515 0.032769 
 -0.119069 0.860498 0.018031 
 -0.135595 0.869250 0.016952 
 -0.152120 0.878003 0.015872 
 -0.168646 0.886756 0.014793 
 0.141258 0.702854 0.005450 
 0.124779 0.711582 0.004374 
 0.108300 0.720310 0.003298 
 0.094130 0.728438 -0.011452 
 0.077674 0.737154 -0.012527 
 0.061217 0.745870 -0.013602 
 0.044761 0.754586 -0.014677 
 0.025903 0.763952 -0.002085 
 0.004573 0.774004 0.024170 
 -0.011952 0.782756 0.023091 
 -0.030949 0.792195 0.035674 
 -0.047498 0.800960 0.034593 
 -0.069081 0.811147 0.060833 
 -0.085676 0.819936 0.059749 
 -0.102271 0.828726 0.058665 
 -0.113692 0.836020 0.030269 
 -0.130241 0.844785 0.029189 
 -0.146789 0.853550 0.028108 
 -0.160682 0.861531 0.013376 
 0.151430 0.677170 -0.009639 
 0.134973 0.685886 -0.010714 
 0.116241 0.695156 0.001884 
 0.099762 0.703884 0.000808 
 0.085604 0.712035 -0.013938 
 0.066803 0.721341 -0.001345 
 0.052692 0.729467 -0.016088 
 0.033845 0.738797 -0.003498 
 0.017365 0.747525 -0.004574 
 0.000886 0.756254 -0.005651 
 -0.020514 0.766284 0.020594 
 -0.037039 0.775037 0.019515 
 -0.056071 0.784465 0.032093 
 -0.077679 0.794605 0.058326 
 -0.094273 0.803395 0.057242 
 -0.110868 0.812184 0.056158 
 -0.127463 0.820974 0.055074 
 -0.144058 0.829763 0.053990 
 -0.155363 0.837055 0.025608 
 0.152706 0.653532 0.029972 
 0.140663 0.661273 0.001548 
 0.124183 0.670001 0.000471 
 0.107704 0.678730 -0.000605 
 0.091225 0.687458 -0.001682 
 0.074745 0.696186 -0.002758 
 0.058266 0.704914 -0.003834 
 0.041786 0.713643 -0.004911 
 0.025307 0.722371 -0.005987 
 0.003976 0.732306 0.020257 
 -0.012550 0.741059 0.019177 
 -0.031547 0.750440 0.031755 
 -0.053086 0.760485 0.057987 
 -0.069681 0.769275 0.056903 
 -0.086276 0.778064 0.055819 
 -0.105435 0.787531 0.068386 
 -0.119465 0.795643 0.053651 
 -0.136060 0.804432 0.052567 
 -0.152655 0.813222 0.051483 
 0.144144 0.637060 0.027475 
 0.132125 0.644847 -0.000942 
 0.115646 0.653575 -0.002018 
 0.094568 0.663318 0.024237 
 0.082687 0.671031 -0.004171 
 0.066208 0.679760 -0.005248 
 0.049728 0.688488 -0.006324 
 0.033249 0.697216 -0.007400 
 0.016770 0.705944 -0.008477 
 -0.004586 0.715834 0.017760 
 -0.021111 0.724587 0.016681 
 -0.040121 0.733945 0.029255 
 -0.061684 0.743944 0.055480 
 -0.080809 0.753363 0.068047 
 -0.097426 0.762165 0.066961 
 -0.114044 0.770966 0.065876 
 -0.130662 0.779768 0.064790 
 -0.144657 0.787891 0.050060 
 0.123588 0.628420 -0.003431 
 0.107108 0.637149 -0.004508 
 0.086006 0.646845 0.021741 
 0.069481 0.655598 0.020661 
 0.057670 0.663333 -0.007737 
 0.041191 0.672062 -0.008813 
 0.024711 0.680790 -0.009890 
 0.003379 0.690609 0.016343 
 -0.013147 0.699362 0.015264 
 -0.029673 0.708114 0.014184 
 -0.048694 0.717449 0.026755 
 -0.070281 0.727403 0.052973 
 -0.086876 0.736192 0.051889 
 -0.106036 0.745600 0.064451 
 -0.122654 0.754402 0.063365 
 -0.139271 0.763203 0.062280 
 0.110496 0.612868 0.021403 
 0.098571 0.620722 -0.006997 
 0.077445 0.630373 0.019244 
 0.060919 0.639126 0.018165 
 0.044394 0.647879 0.017085 
 0.027868 0.656631 0.016006 
 0.011343 0.665384 0.014926 
 -0.005183 0.674137 0.013847 
 -0.021709 0.682889 0.012767 
 -0.040719 0.692189 0.025336 
 -0.057267 0.700954 0.024255 
 -0.078878 0.710861 0.050466 
 -0.095473 0.719651 0.049382 
 0.101934 0.596395 0.018906 
 0.085409 0.605148 0.017827 
 0.068883 0.613901 0.016748 
 0.052358 0.622654 0.015668 
 0.035832 0.631406 0.014589 
 0.019307 0.640159 0.013509 
 0.002781 0.648912 0.012430 
 -0.013744 0.657664 0.011350 
 -0.030270 0.666417 0.010271 
 -0.046795 0.675170 0.009191 
 -0.065841 0.684459 0.021755 
 0.091072 0.580314 0.030065 
 0.076847 0.588676 0.015331 
 0.060322 0.597428 0.014251 
 0.043796 0.606181 0.013172 
 0.027271 0.614934 0.012092 
 0.010745 0.623687 0.011013 
 -0.005780 0.632439 0.009933 
 -0.022306 0.641192 0.008854 
 -0.038831 0.649945 0.007774 
 -0.055357 0.658697 0.006695 
 0.082498 0.563819 0.027565 
 0.065950 0.572583 0.026484 
 0.049401 0.581348 0.025403 
 0.035235 0.589709 0.010675 
 0.018709 0.598462 0.009596 
 0.002184 0.607214 0.008516 
 -0.014342 0.615967 0.007437 
 -0.030867 0.624720 0.006357 
 -0.049891 0.633938 0.018917 
 -0.066439 0.642703 0.017836 
 0.098757 0.524418 0.178488 
 0.086512 0.532676 0.150087 
 0.069756 0.541551 0.148993 
 0.055325 0.550081 0.134250 
 0.057376 0.556088 0.023984 
 0.040828 0.564853 0.022903 
 0.024279 0.573618 0.021822 
 0.007730 0.582383 0.020741 
 -0.006378 0.590742 0.006020 
 -0.022903 0.599495 0.004940 
 -0.041915 0.608678 0.017498 
 -0.058464 0.617443 0.016417 
 -0.075013 0.626208 0.015336 
 0.090052 0.507669 0.175949 
 0.077831 0.515974 0.147556 
 0.061075 0.524849 0.146462 
 0.046656 0.533402 0.131722 
 0.044083 0.540261 0.048771 
 0.032254 0.548358 0.020403 
 0.015706 0.557123 0.019322 
 -0.000843 0.565888 0.018241 
 -0.014939 0.574270 0.003523 
 -0.033940 0.583418 0.016079 
 -0.050489 0.592182 0.014998 
 -0.067037 0.600947 0.013917 
 -0.083586 0.609712 0.012836 
 0.095893 0.482271 0.188156 
 0.085907 0.490397 0.146119 
 0.071453 0.498997 0.131381 
 0.052394 0.508147 0.143930 
 0.037987 0.516723 0.129195 
 0.033113 0.524031 0.059903 
 0.018891 0.532509 0.045180 
 0.007132 0.540627 0.016822 
 -0.009416 0.549392 0.015741 
 -0.023501 0.557797 0.001027 
 -0.042514 0.566922 0.013579 
 -0.056552 0.575303 -0.001132 
 -0.075611 0.584452 0.011417 
 -0.092159 0.593217 0.010336 
 0.104002 0.456588 0.186713 
 0.087176 0.465500 0.185614 
 0.077226 0.473694 0.143588 
 0.062784 0.482318 0.128853 
 0.046051 0.491181 0.127760 
 0.034039 0.499492 0.099392 
 0.024504 0.507466 0.057393 
 0.010293 0.515968 0.042673 
 -0.001441 0.524132 0.014322 
 -0.017990 0.532897 0.013241 
 -0.032062 0.541325 -0.001470 
 -0.051087 0.550427 0.011079 
 -0.065113 0.558831 -0.003629 
 -0.081639 0.567583 -0.004708 
 -0.098164 0.576336 -0.005788 
 0.105407 0.431443 0.226200 
 0.095285 0.439817 0.184171 
 0.078459 0.448728 0.183072 
 0.068545 0.456992 0.141056 
 0.054115 0.465639 0.126325 
 0.037382 0.474501 0.125232 
 0.027767 0.482606 0.083237 
 0.015895 0.490902 0.054882 
 0.001696 0.499426 0.040166 
 -0.010015 0.507637 0.011822 
 -0.026563 0.516402 0.010741 
 -0.043112 0.525167 0.009660 
 -0.059660 0.533932 0.008579 
 -0.073675 0.542358 -0.006125 
 -0.090200 0.551111 -0.007205 
 -0.106726 0.559864 -0.008284 
 0.096655 0.414603 0.223648 
 0.086568 0.423045 0.181629 
 0.069742 0.431957 0.180530 
 0.059864 0.440289 0.138525 
 0.045446 0.448959 0.123797 
 0.033436 0.457387 0.095440 
 0.019134 0.465995 0.080719 
 0.007285 0.474337 0.052372 
 -0.006901 0.482885 0.037659 
 -0.018588 0.491141 0.009322 
 -0.035137 0.499906 0.008241 
 -0.051685 0.508671 0.007160 
 -0.068234 0.517436 0.006079 
 -0.082236 0.525886 -0.008622 
 -0.098762 0.534639 -0.009701 
 -0.115287 0.543391 -0.010781 
 0.090160 0.397629 0.207459 
 0.077851 0.406274 0.179087 
 0.063330 0.415028 0.164355 
 0.053510 0.423417 0.122362 
 0.036777 0.432280 0.121269 
 0.024791 0.440753 0.092919 
 0.015294 0.448972 0.050947 
 -0.001324 0.457773 0.049862 
 -0.017942 0.466575 0.048776 
 -0.032094 0.475133 0.034068 
 -0.048688 0.483922 0.032984 
 -0.060259 0.492176 0.004660 
 -0.076807 0.500941 0.003579 
 -0.090798 0.509414 -0.011118 
 -0.107323 0.518166 -0.012198 
 -0.123849 0.526919 -0.013277 
 0.115163 0.362940 0.207114 
 0.102785 0.371679 0.178744 
 0.085960 0.380591 0.177645 
 0.069134 0.389503 0.176546 
 0.054625 0.398279 0.161817 
 0.049520 0.406443 0.092578 
 0.032833 0.415282 0.091488 
 0.018531 0.423949 0.076773 
 0.006685 0.432407 0.048437 
 -0.009933 0.441209 0.047351 
 -0.026551 0.450010 0.046266 
 -0.040691 0.458592 0.031561 
 -0.057286 0.467381 0.030477 
 -0.073880 0.476170 0.029393 
 -0.085381 0.484446 0.001079 
 -0.099359 0.492941 -0.013615 
 -0.115885 0.501694 -0.014694 
 -0.132410 0.510447 -0.015774 
 0.160914 0.336324 -0.026107 
 0.144434 0.345052 -0.027184 
 0.094068 0.354908 0.176202 
 0.077243 0.363820 0.175103 
 0.062723 0.372632 0.160376 
 0.050577 0.381307 0.132026 
 0.040875 0.389810 0.090057 
 0.024188 0.398648 0.088967 
 0.007501 0.407487 0.087877 
 -0.001925 0.415843 0.045926 
 -0.018542 0.424644 0.044841 
 -0.035160 0.433446 0.043755 
 -0.049288 0.442050 0.029054 
 -0.068396 0.451049 0.041584 
 -0.085014 0.459851 0.040499 
 -0.099072 0.468418 0.025802 
 -0.115667 0.477208 0.024718 
 -0.127051 0.485480 -0.003583 
 -0.143600 0.494245 -0.004664 
 0.197503 0.293695 0.001902 
 0.180977 0.302448 0.000822 
 0.164452 0.311200 -0.000257 
 0.152376 0.319898 -0.028597 
 0.135897 0.328626 -0.029673 
 0.085352 0.338137 0.173660 
 0.068526 0.347048 0.172561 
 0.054018 0.355883 0.157838 
 0.037215 0.364783 0.156740 
 0.032230 0.373177 0.087536 
 0.015542 0.382015 0.086446 
 0.001265 0.390728 0.071738 
 -0.010534 0.399279 0.043416 
 -0.027152 0.408080 0.042330 
 -0.043770 0.416882 0.041245 
 -0.060387 0.425683 0.040159 
 -0.077005 0.434485 0.039074 
 -0.093623 0.443287 0.037988 
 -0.110241 0.452088 0.036903 
 -0.126859 0.460890 0.035817 
 -0.143477 0.469691 0.034732 
 -0.152173 0.477750 -0.007164 
 0.221993 0.259717 0.001564 
 0.209756 0.268558 -0.026781 
 0.193277 0.277287 -0.027857 
 0.176797 0.286015 -0.028933 
 0.160318 0.294743 -0.030010 
 0.146075 0.303467 -0.044713 
 0.129619 0.312183 -0.045788 
 0.106314 0.320986 -0.005992 
 0.062115 0.330235 0.156397 
 0.045313 0.339135 0.155299 
 0.028510 0.348034 0.154202 
 0.023584 0.356543 0.085015 
 0.006897 0.365382 0.083925 
 -0.009790 0.374220 0.082835 
 -0.019143 0.382714 0.040905 
 -0.035761 0.391516 0.039820 
 -0.052379 0.400317 0.038734 
 -0.068997 0.409119 0.037649 
 -0.085614 0.417921 0.036563 
 -0.102232 0.426722 0.035478 
 -0.118850 0.435524 0.034392 
 -0.135468 0.444325 0.033307 
 -0.152086 0.453127 0.032221 
 0.229957 0.234492 0.000147 
 0.213431 0.243245 -0.000932 
 0.196906 0.251998 -0.002012 
 0.184739 0.260860 -0.030346 
 0.168260 0.269589 -0.031423 
 0.151780 0.278317 -0.032499 
 0.137550 0.287063 -0.047199 
 0.118822 0.295773 -0.034652 
 0.097752 0.304514 -0.008488 
 0.081227 0.313267 -0.009568 
 0.043631 0.322295 0.111909 
 0.024534 0.331200 0.124431 
 0.014939 0.339910 0.082494 
 -0.001748 0.348748 0.081404 
 -0.016001 0.357507 0.066703 
 -0.032665 0.366333 0.065615 
 -0.049329 0.375159 0.064526 
 -0.065993 0.383985 0.063438 
 -0.077606 0.392555 0.035138 
 -0.099321 0.401637 0.061261 
 -0.115985 0.410464 0.060172 
 -0.132649 0.419290 0.059084 
 -0.149313 0.428116 0.057995 
 -0.165978 0.436942 0.056907 
 0.235822 0.209140 0.012361 
 0.221395 0.218020 -0.002349 
 0.204870 0.226773 -0.003429 
 0.188344 0.235525 -0.004508 
 0.171819 0.244278 -0.005588 
 0.159722 0.253162 -0.033912 
 0.143243 0.261891 -0.034989 
 0.126764 0.270619 -0.036065 
 0.110284 0.279347 -0.037142 
 0.089191 0.288042 -0.010985 
 0.072666 0.296794 -0.012064 
 0.049081 0.305570 0.027698 
 0.011100 0.314537 0.149125 
 0.008693 0.323245 0.066363 
 -0.007971 0.332071 0.065274 
 -0.027080 0.340953 0.077794 
 -0.041299 0.349723 0.063097 
 -0.057963 0.358549 0.062009 
 -0.074627 0.367375 0.060920 
 -0.091291 0.376201 0.059832 
 -0.107955 0.385027 0.058743 
 -0.127203 0.393983 0.071253 
 -0.143890 0.402821 0.070163 
 -0.160577 0.411660 0.069073 
 -0.177264 0.420498 0.067983 
 0.227248 0.192645 0.009861 
 0.212834 0.201548 -0.004846 
 0.196308 0.210300 -0.005925 
 0.179783 0.219053 -0.007005 
 0.167664 0.228008 -0.035326 
 0.151185 0.236736 -0.036402 
 0.134705 0.245464 -0.037478 
 0.113681 0.254064 -0.011322 
 0.097155 0.262817 -0.012402 
 0.080630 0.271569 -0.013481 
 0.064104 0.280322 -0.014561 
 0.040483 0.289028 0.025191 
 0.002395 0.297789 0.146587 
 -0.002351 0.306643 0.077453 
 -0.023907 0.315524 0.103574 
 -0.040640 0.324387 0.102481 
 -0.052412 0.333158 0.074183 
 -0.066596 0.341939 0.059491 
 -0.083260 0.350765 0.058403 
 -0.099924 0.359591 0.057314 
 -0.119161 0.368511 0.069823 
 -0.135848 0.377350 0.068733 
 -0.157773 0.386426 0.094830 
 -0.174506 0.395289 0.093737 
 -0.185909 0.403865 0.065463 
 0.285356 0.130453 0.121813 
 0.268623 0.139316 0.120720 
 0.218675 0.176150 0.007361 
 0.204272 0.185075 -0.007342 
 0.187747 0.193828 -0.008422 
 0.171221 0.202581 -0.009501 
 0.159127 0.211581 -0.037815 
 0.142647 0.220310 -0.038892 
 0.126168 0.229038 -0.039968 
 0.109688 0.237766 -0.041044 
 0.088594 0.246344 -0.014898 
 0.072068 0.255097 -0.015978 
 0.053189 0.263799 -0.003449 
 0.031886 0.272487 0.022684 
 -0.001509 0.281093 0.116837 
 -0.010996 0.290010 0.074932 
 -0.027683 0.298848 0.073842 
 -0.049309 0.307708 0.099953 
 -0.058565 0.316502 0.058062 
 -0.075229 0.325328 0.056974 
 -0.094432 0.334201 0.069482 
 -0.111119 0.343040 0.068392 
 -0.127806 0.351878 0.067302 
 -0.149708 0.360884 0.093395 
 -0.166442 0.369747 0.092302 
 -0.183175 0.378609 0.091209 
 0.293420 0.104911 0.120379 
 0.276687 0.113774 0.119286 
 0.259954 0.122636 0.118193 
 0.247352 0.131964 0.089851 
 0.236932 0.141463 0.047892 
 0.220314 0.150265 0.046806 
 0.210101 0.159654 0.004861 
 0.195711 0.168603 -0.009839 
 0.183548 0.177699 -0.038152 
 0.167068 0.186427 -0.039228 
 0.150589 0.195155 -0.040305 
 0.134110 0.203883 -0.041381 
 0.117630 0.212612 -0.042457 
 0.101151 0.221340 -0.043534 
 0.080032 0.229872 -0.017395 
 0.063507 0.238625 -0.018474 
 0.046981 0.247377 -0.019554 
 0.028067 0.256069 -0.007030 
 -0.010190 0.264391 0.114306 
 -0.024512 0.273303 0.099611 
 -0.041245 0.282165 0.098518 
 -0.057978 0.291028 0.097425 
 -0.069703 0.299892 0.069141 
 -0.086390 0.308730 0.068051 
 -0.103077 0.317568 0.066961 
 -0.119764 0.326406 0.065871 
 -0.141644 0.335342 0.091960 
 -0.160997 0.344265 0.104455 
 -0.177754 0.353140 0.103361 
 -0.194510 0.362015 0.102266 
 0.301484 0.079369 0.118944 
 0.288768 0.088816 0.090600 
 0.272081 0.097654 0.089510 
 0.255394 0.106492 0.088420 
 0.238707 0.115331 0.087330 
 0.222020 0.124169 0.086240 
 0.207457 0.133238 0.071532 
 0.201528 0.143159 0.002361 
 0.193660 0.152751 -0.053180 
 0.177203 0.161467 -0.054255 
 0.160747 0.170183 -0.055330 
 0.144291 0.178899 -0.056404 
 0.125572 0.187457 -0.043871 
 0.109093 0.196185 -0.044947 
 0.087996 0.204647 -0.018812 
 0.071471 0.213400 -0.019891 
 0.054945 0.222152 -0.020971 
 0.036042 0.230808 -0.008449 
 0.007489 0.239151 0.058470 
 -0.009175 0.247977 0.057382 
 -0.033181 0.256623 0.097083 
 -0.049914 0.265486 0.095990 
 -0.066647 0.274349 0.094897 
 -0.083380 0.283212 0.093804 
 -0.100114 0.292074 0.092711 
 -0.116847 0.300937 0.091618 
 -0.133580 0.309800 0.090525 
 -0.152922 0.318688 0.103018 
 -0.169678 0.327563 0.101924 
 -0.191744 0.336538 0.127996 
 -0.208547 0.345437 0.126899 
 0.341087 0.035737 0.133323 
 0.324330 0.044612 0.132228 
 0.313497 0.054506 0.090259 
 0.296810 0.063344 0.089169 
 0.280123 0.072183 0.088079 
 0.263436 0.081021 0.086989 
 0.246749 0.089859 0.085899 
 0.230062 0.098697 0.084809 
 0.213375 0.107536 0.083719 
 0.196688 0.116374 0.082629 
 0.205908 0.128115 -0.081817 
 0.189498 0.136807 -0.082889 
 0.173088 0.145498 -0.083961 
 0.156678 0.154190 -0.085033 
 0.140268 0.162882 -0.086105 
 0.119309 0.171212 -0.059965 
 0.100555 0.179759 -0.047437 
 0.079435 0.188175 -0.021308 
 0.062909 0.196927 -0.022388 
 0.044017 0.205548 -0.009868 
 0.022689 0.214074 0.016247 
 -0.010796 0.222111 0.110338 
 -0.032424 0.230796 0.136433 
 -0.044309 0.239861 0.108149 
 -0.061065 0.248736 0.107054 
 -0.077821 0.257611 0.105960 
 -0.094578 0.266486 0.104865 
 -0.111334 0.275361 0.103771 
 -0.133239 0.284192 0.129848 
 -0.144847 0.293111 0.101581 
 -0.166844 0.301991 0.127653 
 -0.183647 0.310890 0.126555 
 -0.200449 0.319790 0.125458 
 -0.217252 0.328689 0.124360 
 0.345328 0.009361 0.159139 
 0.334346 0.019422 0.117167 
 0.317613 0.028284 0.116074 
 0.304852 0.037873 0.087738 
 0.288165 0.046711 0.086648 
 0.271478 0.055549 0.085558 
 0.256846 0.064713 0.070851 
 0.240182 0.073540 0.069763 
 0.223518 0.082366 0.068674 
 0.206854 0.091192 0.067586 
 0.190190 0.100018 0.066497 
 0.210432 0.113347 -0.165953 
 0.189773 0.121460 -0.139800 
 0.173455 0.130103 -0.140866 
 0.157137 0.138746 -0.141932 
 0.134029 0.146740 -0.102187 
 0.110783 0.154808 -0.062451 
 0.092018 0.163333 -0.049926 
 0.075538 0.172061 -0.051003 
 0.054348 0.180455 -0.024884 
 0.035444 0.189053 -0.012368 
 -0.002721 0.196534 0.108901 
 -0.024327 0.205148 0.134993 
 -0.041129 0.214047 0.133895 
 -0.057932 0.222947 0.132798 
 -0.069746 0.232034 0.104523 
 -0.091537 0.240745 0.130602 
 -0.108339 0.249645 0.129505 
 -0.125142 0.258544 0.128407 
 -0.141944 0.267444 0.127310 
 -0.158747 0.276343 0.126212 
 -0.175549 0.285242 0.125115 
 -0.195007 0.294134 0.137595 
 -0.211833 0.303045 0.136496 
 -0.228658 0.311957 0.135397 
 0.336623 -0.007388 0.156600 
 0.325677 0.002742 0.114639 
 0.308943 0.011605 0.113546 
 0.298205 0.021625 0.071599 
 0.281541 0.030451 0.070511 
 0.264877 0.039277 0.069422 
 0.248213 0.048103 0.068334 
 0.231549 0.056929 0.067245 
 0.214885 0.065755 0.066157 
 0.236682 0.080204 -0.179894 
 0.222594 0.089110 -0.194564 
 0.202002 0.097128 -0.168411 
 0.185731 0.105746 -0.169474 
 0.169459 0.114365 -0.170537 
 0.153188 0.122983 -0.171600 
 0.132366 0.131123 -0.145463 
 0.109153 0.139085 -0.105733 
 0.090444 0.147550 -0.093207 
 0.069345 0.155837 -0.067087 
 0.052889 0.164553 -0.068162 
 0.000573 0.170601 0.134649 
 -0.016229 0.179500 0.133552 
 -0.033032 0.188399 0.132454 
 -0.052294 0.197158 0.144945 
 -0.066637 0.206198 0.130259 
 -0.083439 0.215098 0.129162 
 -0.100242 0.223997 0.128064 
 -0.117044 0.232896 0.126967 
 -0.133847 0.241796 0.125869 
 -0.153248 0.250627 0.138350 
 -0.167452 0.259595 0.123674 
 -0.184254 0.268494 0.122576 
 -0.203724 0.277362 0.135053 
 -0.220550 0.286274 0.133954 
 -0.237375 0.295186 0.132855 
 0.331800 -0.023245 0.126823 
 0.320936 -0.013071 0.084876 
 0.304249 -0.004232 0.083786 
 0.293592 0.005832 0.041852 
 0.276974 0.014634 0.040767 
 0.260357 0.023435 0.039681 
 0.243739 0.032237 0.038596 
 0.222916 0.040319 0.064728 
 0.244513 0.055402 -0.181288 
 0.228264 0.064008 -0.182349 
 0.214188 0.072937 -0.197015 
 0.202352 0.082153 -0.225280 
 0.179519 0.089826 -0.185533 
 0.165511 0.098718 -0.200195 
 0.147022 0.107038 -0.187656 
 0.130773 0.115644 -0.188717 
 0.114525 0.124250 -0.189779 
 0.098276 0.132856 -0.190840 
 0.082027 0.141462 -0.191901 
 0.065779 0.150068 -0.192963 
 0.051933 0.158875 -0.207614 
 -0.027360 0.162563 0.144601 
 -0.044185 0.171475 0.143502 
 -0.061011 0.180386 0.142403 
 -0.075342 0.189450 0.127721 
 -0.092144 0.198349 0.126623 
 -0.111488 0.207121 0.139106 
 -0.128313 0.216033 0.138006 
 -0.145139 0.224944 0.136907 
 -0.167185 0.233674 0.162959 
 -0.184057 0.242610 0.161857 
 -0.195616 0.251679 0.133610 
 -0.217800 0.260483 0.159653 
 -0.229267 0.269503 0.131412 
 -0.246092 0.278414 0.130313 
 0.325072 -0.039479 0.110676 
 0.314267 -0.029248 0.068742 
 0.301601 -0.019534 0.040427 
 0.287005 -0.010301 0.025731 
 0.274501 -0.000672 -0.002573 
 0.257952 0.008093 -0.003654 
 0.253952 0.019228 -0.086374 
 0.239657 0.028303 -0.101051 
 0.227545 0.037723 -0.129329 
 0.217686 0.047453 -0.171202 
 0.205782 0.056764 -0.199466 
 0.193970 0.066025 -0.227724 
 0.171101 0.073630 -0.187988 
 0.157105 0.082545 -0.202646 
 0.140880 0.091139 -0.203706 
 0.124654 0.099733 -0.204766 
 0.108429 0.108327 -0.205825 
 0.089858 0.116660 -0.193295 
 0.073609 0.125266 -0.194356 
 0.059752 0.134108 -0.209005 
 0.043527 0.142702 -0.210065 
 0.027302 0.151296 -0.211125 
 -0.052902 0.154703 0.140960 
 -0.069728 0.163615 0.139861 
 -0.084047 0.172701 0.125182 
 -0.103379 0.181438 0.137663 
 -0.125311 0.190049 0.163716 
 -0.142182 0.198985 0.162614 
 -0.159054 0.207921 0.161512 
 -0.178548 0.216743 0.173983 
 -0.195443 0.225691 0.172879 
 -0.212338 0.234640 0.171775 
 -0.229233 0.243588 0.170672 
 -0.246127 0.252536 0.169568 
 -0.263022 0.261484 0.168465 
 0.387081 -0.090529 0.085285 
 0.370394 -0.081691 0.084195 
 0.353707 -0.072852 0.083105 
 0.338961 -0.063510 0.068401 
 0.322297 -0.054684 0.067313 
 0.311597 -0.044421 0.025392 
 0.299025 -0.034697 -0.002911 
 0.282476 -0.025932 -0.003992 
 0.267985 -0.016725 -0.018679 
 0.255620 -0.007112 -0.046967 
 0.245451 0.002871 -0.088853 
 0.231167 0.011968 -0.103526 
 0.214780 0.020648 -0.104597 
 0.202738 0.030090 -0.132865 
 0.195180 0.040221 -0.188320 
 0.185588 0.049898 -0.230168 
 0.169409 0.058468 -0.231225 
 0.148699 0.066372 -0.205097 
 0.132474 0.074966 -0.206157 
 0.116248 0.083560 -0.207217 
 0.100023 0.092153 -0.208277 
 0.083797 0.100747 -0.209337 
 0.065192 0.109070 -0.196811 
 0.048943 0.117676 -0.197872 
 0.035121 0.126529 -0.212516 
 0.018896 0.135122 -0.213576 
 0.002670 0.143716 -0.214636 
 -0.078445 0.146843 0.137319 
 -0.095270 0.155755 0.136220 
 -0.112096 0.164667 0.135121 
 -0.134051 0.173231 0.161168 
 -0.153511 0.182006 0.173637 
 -0.170406 0.190954 0.172534 
 -0.187301 0.199903 0.171430 
 -0.204196 0.208851 0.170327 
 -0.221091 0.217799 0.169223 
 -0.237985 0.226747 0.168120 
 -0.254880 0.235696 0.167016 
 -0.271775 0.244644 0.165912 
 0.395123 -0.116000 0.083854 
 0.378436 -0.107162 0.082764 
 0.361749 -0.098324 0.081674 
 0.346992 -0.088947 0.066972 
 0.330328 -0.080121 0.065884 
 0.313664 -0.071295 0.064795 
 0.303000 -0.060962 0.022885 
 0.290451 -0.051193 -0.005411 
 0.275949 -0.041950 -0.020096 
 0.263562 -0.032266 -0.048380 
 0.249175 -0.023085 -0.063057 
 0.239064 -0.013045 -0.104932 
 0.222677 -0.004366 -0.106002 
 0.206290 0.004313 -0.107072 
 0.194272 0.013802 -0.135333 
 0.186762 0.024025 -0.190774 
 0.172744 0.033011 -0.205429 
 0.161026 0.042340 -0.233669 
 0.144847 0.050910 -0.234726 
 0.128668 0.059479 -0.235783 
 0.112488 0.068048 -0.236840 
 0.091617 0.075980 -0.210728 
 0.075391 0.084574 -0.211788 
 0.056774 0.092873 -0.199265 
 0.040525 0.101479 -0.200327 
 0.026715 0.110355 -0.214967 
 0.008028 0.118691 -0.202449 
 -0.005736 0.127543 -0.217087 
 -0.016946 0.136603 -0.245295 
 -0.033125 0.145172 -0.246351 
 -0.125921 0.147478 0.159721 
 -0.145369 0.156217 0.172189 
 -0.162264 0.165166 0.171085 
 -0.179159 0.174114 0.169982 
 -0.201346 0.182742 0.196008 
 -0.218287 0.191715 0.194901 
 -0.235228 0.200688 0.193794 
 -0.265746 0.209044 0.260490 
 -0.282803 0.218078 0.259376 
 -0.280528 0.227804 0.163360 
 0.399464 -0.142694 0.109651 
 0.386478 -0.132634 0.081333 
 0.369791 -0.123796 0.080243 
 0.353103 -0.114957 0.079153 
 0.338359 -0.105557 0.064455 
 0.327592 -0.095082 0.022546 
 0.314975 -0.085218 -0.005749 
 0.300438 -0.075928 -0.020433 
 0.287983 -0.066149 -0.048717 
 0.273561 -0.056920 -0.063394 
 0.257105 -0.048204 -0.064469 
 0.244857 -0.038535 -0.092739 
 0.230575 -0.029380 -0.107407 
 0.214187 -0.020700 -0.108478 
 0.197800 -0.012021 -0.109548 
 0.185807 -0.002487 -0.137802 
 0.176124 0.007414 -0.179639 
 0.162096 0.016435 -0.194290 
 0.148113 0.025432 -0.208940 
 0.131887 0.034025 -0.209999 
 0.115662 0.042619 -0.211059 
 0.099436 0.051213 -0.212119 
 0.083211 0.059807 -0.213179 
 0.066985 0.068401 -0.214239 
 0.050760 0.076994 -0.215299 
 0.034534 0.085588 -0.216359 
 0.015859 0.093889 -0.203843 
 -0.000390 0.102495 -0.204904 
 -0.016639 0.111101 -0.205965 
 -0.030367 0.119963 -0.220598 
 -0.041507 0.129045 -0.248796 
 -0.062818 0.137151 -0.222718 
 -0.079044 0.145745 -0.223778 
 -0.176241 0.147910 0.195662 
 -0.193182 0.156883 0.194555 
 -0.210123 0.165856 0.193448 
 -0.227064 0.174829 0.192342 
 -0.249413 0.183484 0.218352 
 -0.277310 0.191897 0.271470 
 -0.294389 0.200943 0.270354 
 0.407528 -0.168236 0.108216 
 0.394520 -0.158105 0.079902 
 0.377833 -0.149267 0.078812 
 0.361145 -0.140429 0.077722 
 0.346390 -0.130994 0.063026 
 0.329726 -0.122167 0.061937 
 0.318995 -0.111623 0.020039 
 0.306402 -0.101713 -0.008249 
 0.291877 -0.092400 -0.022930 
 0.279445 -0.082575 -0.051206 
 0.265036 -0.073323 -0.065880 
 0.252766 -0.063584 -0.094146 
 0.236356 -0.054893 -0.095218 
 0.222085 -0.045714 -0.109883 
 0.205698 -0.037035 -0.110953 
 0.189311 -0.028355 -0.112023 
 0.177341 -0.018775 -0.140271 
 0.167695 -0.008806 -0.182097 
 0.153678 0.000239 -0.196745 
 0.137429 0.008845 -0.197806 
 0.123481 0.017852 -0.212451 
 0.107256 0.026446 -0.213510 
 0.091030 0.035040 -0.214570 
 0.074805 0.043634 -0.215630 
 0.056186 0.051875 -0.203113 
 0.039938 0.060481 -0.204175 
 0.023689 0.069087 -0.205236 
 0.007441 0.077693 -0.206297 
 -0.008808 0.086299 -0.207359 
 -0.027565 0.094613 -0.194852 
 -0.041305 0.103511 -0.209481 
 -0.054999 0.112384 -0.224109 
 -0.073802 0.120723 -0.211604 
 -0.090051 0.129329 -0.212666 
 -0.185018 0.131024 0.193102 
 -0.201959 0.139997 0.191996 
 -0.218899 0.148969 0.190889 
 -0.235840 0.157942 0.189782 
 -0.258214 0.166552 0.215786 
 -0.275201 0.175549 0.214677 
 -0.303238 0.183918 0.267774 
 0.397008 -0.185584 0.119297 
 0.382126 -0.176052 0.104595 
 0.369187 -0.165901 0.076291 
 0.354421 -0.156430 0.061597 
 0.337757 -0.147604 0.060508 
 0.321093 -0.138778 0.059420 
 0.310398 -0.128165 0.017532 
 0.297828 -0.118208 -0.010749 
 0.283316 -0.108872 -0.025426 
 0.270908 -0.099002 -0.053696 
 0.256510 -0.089727 -0.068366 
 0.244264 -0.079942 -0.096625 
 0.227854 -0.071250 -0.097697 
 0.213595 -0.062048 -0.112358 
 0.197208 -0.053369 -0.113429 
 0.180821 -0.044690 -0.114499 
 0.164434 -0.036010 -0.115569 
 0.154778 -0.025947 -0.157390 
 0.142993 -0.016407 -0.185618 
 0.129011 -0.007352 -0.200261 
 0.115075 0.001679 -0.214902 
 0.098850 0.010273 -0.215962 
 0.082624 0.018867 -0.217022 
 0.066399 0.027460 -0.218081 
 0.047768 0.035678 -0.205568 
 0.031520 0.044285 -0.206629 
 0.015271 0.052891 -0.207691 
 -0.000977 0.061497 -0.208752 
 -0.017226 0.070103 -0.209813 
 -0.035995 0.078394 -0.197310 
 -0.049723 0.087315 -0.211936 
 -0.065972 0.095921 -0.212998 
 -0.082220 0.104527 -0.214059 
 -0.095856 0.113398 -0.228680 
 -0.112081 0.121992 -0.229740 
 -0.210735 0.123110 0.189436 
 -0.227676 0.132083 0.188330 
 -0.244617 0.141056 0.187223 
 -0.267015 0.149620 0.213220 
 -0.284002 0.158617 0.212110 
 0.388327 -0.202286 0.116765 
 0.377229 -0.191372 0.074860 
 0.360542 -0.182534 0.073770 
 0.345787 -0.173040 0.059080 
 0.329123 -0.164214 0.057991 
 0.312459 -0.155388 0.056903 
 0.299799 -0.145325 0.028621 
 0.289255 -0.134704 -0.013249 
 0.272706 -0.125939 -0.014330 
 0.258229 -0.116592 -0.029002 
 0.247985 -0.106130 -0.070852 
 0.235763 -0.096299 -0.099104 
 0.219352 -0.087607 -0.100176 
 0.205105 -0.078383 -0.114834 
 0.188718 -0.069703 -0.115904 
 0.172331 -0.061024 -0.116975 
 0.155944 -0.052344 -0.118045 
 0.144068 -0.042697 -0.146275 
 0.127727 -0.034042 -0.147343 
 0.118291 -0.024008 -0.189139 
 0.104344 -0.014942 -0.203777 
 0.090444 -0.005900 -0.218413 
 0.071847 0.002270 -0.205900 
 0.055599 0.010876 -0.206961 
 0.039350 0.019482 -0.208023 
 0.023102 0.028088 -0.209084 
 0.004390 0.036320 -0.196580 
 -0.009395 0.045300 -0.211207 
 -0.028153 0.053557 -0.198705 
 -0.044425 0.062175 -0.199768 
 -0.058141 0.071118 -0.214391 
 -0.074390 0.079724 -0.215452 
 -0.090638 0.088330 -0.216514 
 -0.106887 0.096936 -0.217575 
 -0.123135 0.105543 -0.218636 
 -0.139384 0.114149 -0.219698 
 0.379646 -0.218989 0.114234 
 0.368584 -0.208006 0.072339 
 0.351897 -0.199167 0.071249 
 0.337154 -0.189651 0.056562 
 0.320490 -0.180825 0.055474 
 0.307807 -0.170691 0.027196 
 0.291189 -0.161889 0.026111 
 0.276608 -0.152458 0.011434 
 0.264133 -0.142434 -0.016830 
 0.249667 -0.133064 -0.031499 
 0.237353 -0.123126 -0.059751 
 0.223003 -0.113817 -0.074413 
 0.210851 -0.103964 -0.102655 
 0.194441 -0.095273 -0.103727 
 0.180229 -0.086037 -0.118380 
 0.163842 -0.077358 -0.119450 
 0.147455 -0.068679 -0.120521 
 0.131068 -0.059999 -0.121591 
 0.119262 -0.050330 -0.149811 
 0.102921 -0.041675 -0.150879 
 0.093590 -0.031609 -0.192660 
 0.079678 -0.022532 -0.207293 
 0.063429 -0.013926 -0.208355 
 0.047181 -0.005320 -0.209416 
 0.030932 0.003286 -0.210477 
 0.014684 0.011892 -0.211539 
 -0.004040 0.020101 -0.199038 
 -0.020312 0.028719 -0.200101 
 -0.036583 0.037337 -0.201163 
 -0.052855 0.045956 -0.202226 
 -0.066559 0.054922 -0.216845 
 -0.082808 0.063528 -0.217907 
 -0.101670 0.071810 -0.205415 
 -0.115305 0.080740 -0.220030 
 -0.134213 0.089047 -0.207541 
 -0.150485 0.097665 -0.208604 
 -0.166756 0.106283 -0.209666 
 0.370965 -0.235691 0.111703 
 0.359939 -0.224639 0.069818 
 0.343252 -0.215801 0.068728 
 0.326565 -0.206962 0.067638 
 0.311857 -0.197435 0.052956 
 0.299198 -0.187255 0.024686 
 0.282580 -0.178453 0.023600 
 0.268011 -0.168999 0.008927 
 0.255560 -0.158930 -0.019330 
 0.241106 -0.149537 -0.033995 
 0.224580 -0.140784 -0.035075 
 0.214477 -0.130221 -0.076899 
 0.202349 -0.120322 -0.105135 
 0.188126 -0.111051 -0.119785 
 0.171739 -0.102372 -0.120855 
 0.155352 -0.093692 -0.121926 
 0.138965 -0.085013 -0.122996 
 0.122578 -0.076334 -0.124067 
 0.110796 -0.066618 -0.152280 
 0.094455 -0.057963 -0.153347 
 0.080463 -0.048815 -0.167983 
 0.068888 -0.039210 -0.196181 
 0.052617 -0.030591 -0.197244 
 0.036345 -0.021973 -0.198307 
 0.020073 -0.013355 -0.199370 
 0.003802 -0.004737 -0.200433 
 -0.012470 0.003882 -0.201496 
 -0.028742 0.012500 -0.202559 
 -0.045013 0.021118 -0.203622 
 -0.061285 0.029736 -0.204684 
 -0.074977 0.038726 -0.219300 
 -0.091226 0.047332 -0.220362 
 -0.110100 0.055591 -0.207873 
 -0.123723 0.064544 -0.222484 
 -0.142643 0.072828 -0.209999 
 -0.164304 0.080826 -0.183971 
 -0.180622 0.089468 -0.185037 
 0.362284 -0.252394 0.109171 
 0.347450 -0.242770 0.094484 
 0.334607 -0.232434 0.066207 
 0.319888 -0.222871 0.051527 
 0.303224 -0.214045 0.050439 
 0.286560 -0.205219 0.049350 
 0.273971 -0.195018 0.021090 
 0.257353 -0.186216 0.020004 
 0.242819 -0.176751 0.005336 
 0.230437 -0.166660 -0.022911 
 0.213889 -0.157895 -0.023992 
 0.199493 -0.148503 -0.038651 
 0.187319 -0.138522 -0.066883 
 0.179636 -0.127385 -0.122261 
 0.163249 -0.118706 -0.123331 
 0.146862 -0.110027 -0.124401 
 0.130475 -0.101347 -0.125472 
 0.114088 -0.092668 -0.126542 
 0.097701 -0.083989 -0.127613 
 0.081314 -0.075309 -0.128683 
 0.069648 -0.065597 -0.156883 
 0.055691 -0.056437 -0.171514 
 0.039373 -0.047795 -0.172579 
 0.023055 -0.039152 -0.173645 
 0.006738 -0.030509 -0.174711 
 -0.004628 -0.020956 -0.202891 
 -0.020900 -0.012338 -0.203954 
 -0.037171 -0.003719 -0.205017 
 -0.053443 0.004899 -0.206080 
 -0.074851 0.012704 -0.180041 
 -0.085986 0.022135 -0.208205 
 -0.102258 0.030754 -0.209268 
 -0.118530 0.039372 -0.210331 
 -0.134801 0.047990 -0.211394 
 -0.156440 0.055918 -0.185370 
 -0.172758 0.064560 -0.186436 
 -0.189076 0.073203 -0.187502 
 0.353603 -0.269096 0.106640 
 0.338781 -0.259449 0.091956 
 0.322047 -0.250586 0.090863 
 0.311255 -0.239482 0.049010 
 0.294591 -0.230656 0.047921 
 0.277927 -0.221830 0.046833 
 0.261263 -0.213003 0.045744 
 0.248744 -0.202780 0.017494 
 0.234221 -0.193293 0.002829 
 0.217627 -0.184503 0.001745 
 0.201032 -0.175714 0.000661 
 0.184437 -0.166924 -0.000423 
 0.167842 -0.158135 -0.001507 
 0.168936 -0.144345 -0.111165 
 0.152525 -0.135653 -0.112237 
 0.138372 -0.126361 -0.126877 
 0.121985 -0.117682 -0.127947 
 0.105598 -0.109002 -0.129018 
 0.089211 -0.100323 -0.130088 
 0.072824 -0.091643 -0.131159 
 0.056437 -0.082964 -0.132229 
 0.044842 -0.073230 -0.160419 
 0.028501 -0.064575 -0.161487 
 0.012160 -0.055920 -0.162554 
 -0.001716 -0.046775 -0.177176 
 -0.018034 -0.038132 -0.178242 
 -0.034352 -0.029489 -0.179308 
 -0.050670 -0.020846 -0.180374 
 -0.066987 -0.012204 -0.181440 
 -0.085885 -0.003991 -0.168958 
 -0.099623 0.005082 -0.183572 
 -0.115941 0.013724 -0.184638 
 -0.132259 0.022367 -0.185703 
 -0.148576 0.031010 -0.186769 
 -0.167590 0.039284 -0.174295 
 -0.183931 0.047939 -0.175363 
 -0.197530 0.056938 -0.189967 
 -0.213848 0.065580 -0.191033 
 -0.230165 0.074223 -0.192099 
 0.339153 -0.288219 0.144872 
 0.328166 -0.276923 0.103014 
 0.317316 -0.265701 0.061166 
 0.300629 -0.256862 0.060076 
 0.285957 -0.247266 0.045404 
 0.269293 -0.238440 0.044315 
 0.252629 -0.229614 0.043227 
 0.235965 -0.220788 0.042138 
 0.223517 -0.210543 0.013898 
 0.202637 -0.203136 0.039961 
 0.190281 -0.192940 0.011727 
 0.169309 -0.185484 0.037784 
 0.152645 -0.176657 0.036696 
 0.140427 -0.166535 0.008471 
 0.130548 -0.155826 -0.033315 
 0.127614 -0.143319 -0.115787 
 0.111204 -0.134627 -0.116859 
 0.097109 -0.125336 -0.131493 
 0.080722 -0.116657 -0.132564 
 0.064335 -0.107978 -0.133634 
 0.047948 -0.099298 -0.134705 
 0.036376 -0.089518 -0.162888 
 0.020035 -0.080863 -0.163955 
 0.003694 -0.072208 -0.165023 
 -0.012647 -0.063553 -0.166090 
 -0.026488 -0.054397 -0.180707 
 -0.042806 -0.045754 -0.181773 
 -0.059123 -0.037112 -0.182839 
 -0.075441 -0.028469 -0.183905 
 -0.094351 -0.020279 -0.171427 
 -0.108077 -0.011184 -0.186037 
 -0.124395 -0.002541 -0.187103 
 -0.140712 0.006102 -0.188169 
 -0.157030 0.014744 -0.189235 
 -0.176056 0.022996 -0.176764 
 -0.192397 0.031651 -0.177831 
 -0.205984 0.040673 -0.192432 
 -0.222301 0.049315 -0.193498 
 -0.238619 0.057958 -0.194564 
 0.332371 -0.304161 0.128746 
 0.321442 -0.292808 0.086900 
 0.308671 -0.282334 0.058645 
 0.291984 -0.273496 0.057555 
 0.277324 -0.263876 0.042886 
 0.260660 -0.255050 0.041798 
 0.243996 -0.246224 0.040709 
 0.227332 -0.237398 0.039621 
 0.210668 -0.228572 0.038532 
 0.194004 -0.219746 0.037444 
 0.177340 -0.210920 0.036355 
 0.160676 -0.202094 0.035267 
 0.144012 -0.193268 0.034178 
 0.131818 -0.183099 0.005960 
 0.121974 -0.172321 -0.035815 
 0.114550 -0.160970 -0.091143 
 0.098094 -0.152253 -0.092218 
 0.086292 -0.142293 -0.120410 
 0.069882 -0.133601 -0.121482 
 0.053471 -0.124910 -0.122554 
 0.037061 -0.116218 -0.123626 
 0.020651 -0.107527 -0.124698 
 0.004241 -0.098835 -0.125770 
 -0.009703 -0.089594 -0.140391 
 -0.028579 -0.081452 -0.127914 
 -0.042477 -0.072236 -0.142532 
 -0.058864 -0.063556 -0.143603 
 -0.075251 -0.054877 -0.144673 
 -0.091638 -0.046198 -0.145743 
 -0.108026 -0.037518 -0.146814 
 -0.119158 -0.027912 -0.174963 
 -0.135499 -0.019257 -0.176031 
 -0.151840 -0.010602 -0.177098 
 -0.168181 -0.001947 -0.178165 
 -0.189961 0.005879 -0.152166 
 -0.206348 0.014558 -0.153236 
 -0.217203 0.024017 -0.181367 
 -0.233544 0.032672 -0.182435 
 -0.249885 0.041327 -0.183502 
 -0.266226 0.049982 -0.184570 
 0.323666 -0.320909 0.126208 
 0.312773 -0.309487 0.084372 
 0.300026 -0.298967 0.056124 
 0.283339 -0.290129 0.055034 
 0.268691 -0.280487 0.040369 
 0.252027 -0.271661 0.039281 
 0.235363 -0.262835 0.038192 
 0.218699 -0.254008 0.037104 
 0.206298 -0.243672 0.008877 
 0.185371 -0.236356 0.034927 
 0.168707 -0.227530 0.033838 
 0.152043 -0.218704 0.032750 
 0.135379 -0.209878 0.031661 
 0.118715 -0.201052 0.030573 
 0.102051 -0.192226 0.029484 
 0.106024 -0.177373 -0.093629 
 0.082620 -0.170629 -0.054034 
 0.077790 -0.158650 -0.122889 
 0.061380 -0.149959 -0.123961 
 0.044970 -0.141267 -0.125033 
 0.028560 -0.132575 -0.126105 
 0.012150 -0.123884 -0.127177 
 -0.004261 -0.115192 -0.128249 
 -0.020671 -0.106501 -0.129321 
 -0.037081 -0.097809 -0.130393 
 -0.053491 -0.089117 -0.131465 
 -0.069901 -0.080426 -0.132537 
 -0.086311 -0.071734 -0.133609 
 -0.100128 -0.062532 -0.148219 
 -0.119131 -0.054351 -0.135752 
 -0.132902 -0.045173 -0.150360 
 -0.151952 -0.036968 -0.137896 
 -0.168362 -0.028276 -0.138968 
 -0.184772 -0.019585 -0.140040 
 -0.206645 -0.011768 -0.114052 
 -0.223101 -0.003052 -0.115127 
 -0.234002 0.006490 -0.143256 
 -0.250412 0.015182 -0.144328 
 -0.266823 0.023873 -0.145400 
 -0.283233 0.032565 -0.146472 
 0.314961 -0.337658 0.123670 
 0.304104 -0.326167 0.081844 
 0.291381 -0.315601 0.053603 
 0.274694 -0.306762 0.052513 
 0.260058 -0.297097 0.037852 
 0.247542 -0.286641 0.009623 
 0.230924 -0.277839 0.008538 
 0.210066 -0.270619 0.034586 
 0.197689 -0.260236 0.006367 
 0.176738 -0.252967 0.032409 
 0.160074 -0.244141 0.031321 
 0.143410 -0.235315 0.030232 
 0.126746 -0.226489 0.029144 
 0.110082 -0.217662 0.028055 
 0.093418 -0.208836 0.026967 
 0.083669 -0.197932 -0.014786 
 0.074058 -0.187101 -0.056530 
 0.062235 -0.177012 -0.084713 
 0.045756 -0.168284 -0.085789 
 0.029276 -0.159556 -0.086866 
 0.012797 -0.150827 -0.087942 
 -0.008569 -0.143338 -0.061928 
 -0.025095 -0.134585 -0.063007 
 -0.041620 -0.125832 -0.064087 
 -0.058146 -0.117080 -0.065166 
 -0.074671 -0.108327 -0.066246 
 -0.091197 -0.099574 -0.067325 
 -0.102559 -0.089730 -0.095477 
 -0.119038 -0.081001 -0.096554 
 -0.127633 -0.070708 -0.138232 
 -0.144043 -0.062017 -0.139303 
 -0.160453 -0.053325 -0.140375 
 -0.176863 -0.044634 -0.141447 
 -0.198714 -0.036887 -0.115464 
 -0.217914 -0.028632 -0.103013 
 -0.231627 -0.019455 -0.117613 
 -0.250873 -0.011175 -0.105165 
 -0.267352 -0.002447 -0.106242 
 -0.289503 0.005458 -0.080279 
 -0.306029 0.014211 -0.081358 
 0.321111 -0.364217 0.135804 
 0.306256 -0.354406 0.121131 
 0.295435 -0.342846 0.079316 
 0.282736 -0.332234 0.051082 
 0.266049 -0.323396 0.049992 
 0.251425 -0.313707 0.035334 
 0.238933 -0.303205 0.007113 
 0.218097 -0.296055 0.033157 
 0.201433 -0.287229 0.032069 
 0.189079 -0.276801 0.003856 
 0.168105 -0.269577 0.029892 
 0.151441 -0.260751 0.028803 
 0.134777 -0.251925 0.027715 
 0.118113 -0.243099 0.026626 
 0.101449 -0.234273 0.025538 
 0.084785 -0.225447 0.024449 
 0.075071 -0.214474 -0.017293 
 0.065497 -0.203574 -0.059027 
 0.053697 -0.193439 -0.087203 
 0.037218 -0.184710 -0.088279 
 0.020739 -0.175982 -0.089355 
 -0.000605 -0.168563 -0.063345 
 -0.017131 -0.159810 -0.064424 
 -0.033656 -0.151057 -0.065504 
 -0.052684 -0.142923 -0.053044 
 -0.069232 -0.134158 -0.054125 
 -0.083233 -0.124799 -0.068742 
 -0.099758 -0.116047 -0.069822 
 -0.116284 -0.107294 -0.070901 
 -0.132810 -0.098541 -0.071980 
 -0.149335 -0.089788 -0.073060 
 -0.157871 -0.079439 -0.114725 
 -0.174327 -0.070723 -0.115800 
 -0.190784 -0.062007 -0.116875 
 -0.209972 -0.053786 -0.104426 
 -0.226452 -0.045058 -0.105502 
 -0.242931 -0.036330 -0.106578 
 -0.259411 -0.027601 -0.107655 
 -0.281539 -0.019767 -0.081696 
 -0.298065 -0.011014 -0.082775 
 -0.314590 -0.002261 -0.083854 
 0.312394 -0.380988 0.133262 
 0.297551 -0.371154 0.118593 
 0.284760 -0.360435 0.090357 
 0.274091 -0.348867 0.048561 
 0.257403 -0.340029 0.047471 
 0.242791 -0.330318 0.032817 
 0.230324 -0.319770 0.004602 
 0.213706 -0.310968 0.003517 
 0.197088 -0.302166 0.002431 
 0.180470 -0.293365 0.001346 
 0.159471 -0.286187 0.027374 
 0.142807 -0.277361 0.026286 
 0.126143 -0.268535 0.025197 
 0.109479 -0.259709 0.024109 
 0.092815 -0.250883 0.023020 
 0.076151 -0.242057 0.021932 
 0.066474 -0.231015 -0.019800 
 0.054583 -0.220773 -0.047977 
 0.040410 -0.211293 -0.062603 
 0.023884 -0.202541 -0.063682 
 0.007359 -0.193788 -0.064762 
 -0.011611 -0.185713 -0.052301 
 -0.028160 -0.176948 -0.053382 
 -0.044708 -0.168183 -0.054463 
 -0.061257 -0.159418 -0.055544 
 -0.077806 -0.150653 -0.056625 
 -0.094354 -0.141888 -0.057706 
 -0.110903 -0.133123 -0.058787 
 -0.124846 -0.123766 -0.073398 
 -0.141371 -0.115013 -0.074477 
 -0.157896 -0.106261 -0.075556 
 -0.166397 -0.095842 -0.117211 
 -0.182853 -0.087126 -0.118286 
 -0.202031 -0.078941 -0.105839 
 -0.218510 -0.070213 -0.106915 
 -0.234989 -0.061484 -0.107992 
 -0.257050 -0.053744 -0.082033 
 -0.273575 -0.044992 -0.083113 
 -0.298611 -0.037648 -0.043648 
 -0.315205 -0.028859 -0.044732 
 -0.331800 -0.020070 -0.045816 
 0.303677 -0.397759 0.130720 
 0.288846 -0.387903 0.116055 
 0.276079 -0.377138 0.087826 
 0.265445 -0.365501 0.046040 
 0.248758 -0.356663 0.044950 
 0.234158 -0.346928 0.030299 
 0.221714 -0.336334 0.002092 
 0.205096 -0.327532 0.001006 
 0.188479 -0.318731 -0.000079 
 0.171861 -0.309929 -0.001165 
 0.150838 -0.302798 0.024857 
 0.134174 -0.293972 0.023768 
 0.117510 -0.285146 0.022680 
 0.098575 -0.277118 0.035140 
 0.084182 -0.267493 0.020503 
 0.072154 -0.257120 -0.007678 
 0.057877 -0.247556 -0.022307 
 0.046010 -0.237268 -0.050477 
 0.029461 -0.228503 -0.051558 
 0.012913 -0.219738 -0.052639 
 -0.003636 -0.210973 -0.053720 
 -0.020185 -0.202208 -0.054801 
 -0.036733 -0.193443 -0.055882 
 -0.053282 -0.184678 -0.056963 
 -0.074881 -0.177241 -0.030979 
 -0.086379 -0.167148 -0.059125 
 -0.102928 -0.158383 -0.060206 
 -0.119476 -0.149618 -0.061287 
 -0.136025 -0.140853 -0.062368 
 -0.152573 -0.132089 -0.063449 
 -0.169122 -0.123324 -0.064530 
 -0.177609 -0.112824 -0.106175 
 -0.194089 -0.104095 -0.107252 
 -0.216035 -0.096475 -0.081291 
 -0.232560 -0.087722 -0.082371 
 -0.249086 -0.078969 -0.083450 
 -0.265611 -0.070217 -0.084530 
 -0.290613 -0.062979 -0.045071 
 -0.310057 -0.054682 -0.032644 
 -0.326675 -0.045881 -0.033729 
 -0.343292 -0.037079 -0.034815 
 0.296944 -0.413551 0.114614 
 0.284155 -0.402715 0.086389 
 0.269428 -0.392884 0.071733 
 0.256800 -0.382134 0.043519 
 0.240113 -0.373296 0.042429 
 0.225525 -0.363538 0.027782 
 0.213105 -0.352898 -0.000419 
 0.196487 -0.344097 -0.001504 
 0.179869 -0.335295 -0.002590 
 0.163252 -0.326494 -0.003675 
 0.146634 -0.317692 -0.004761 
 0.125541 -0.310582 0.021251 
 0.108877 -0.301756 0.020162 
 0.089929 -0.293751 0.032619 
 0.073242 -0.284913 0.031529 
 0.056555 -0.276075 0.030439 
 0.049279 -0.264098 -0.024814 
 0.037437 -0.253763 -0.052977 
 0.020888 -0.244998 -0.054058 
 0.004339 -0.236233 -0.055139 
 -0.012209 -0.227468 -0.056220 
 -0.028758 -0.218703 -0.057301 
 -0.045307 -0.209938 -0.058382 
 -0.061855 -0.201173 -0.059463 
 -0.083479 -0.193782 -0.033486 
 -0.094952 -0.183644 -0.061625 
 -0.108917 -0.174216 -0.076232 
 -0.128050 -0.166114 -0.063787 
 -0.141968 -0.156711 -0.078391 
 -0.158494 -0.147958 -0.079470 
 -0.177695 -0.139819 -0.067030 
 -0.186147 -0.129250 -0.108665 
 -0.208070 -0.121700 -0.082708 
 -0.224596 -0.112947 -0.083788 
 -0.241122 -0.104194 -0.084867 
 -0.260438 -0.095994 -0.072435 
 -0.276987 -0.087229 -0.073516 
 -0.302048 -0.080048 -0.034069 
 -0.318666 -0.071247 -0.035154 
 -0.335284 -0.062445 -0.036240 
 -0.351902 -0.053644 -0.037325 
 0.288239 -0.430299 0.112075 
 0.275474 -0.419417 0.083858 
 0.258717 -0.410542 0.082763 
 0.248155 -0.398768 0.040998 
 0.231468 -0.389929 0.039908 
 0.216892 -0.380149 0.025265 
 0.204496 -0.369463 -0.002929 
 0.187878 -0.360661 -0.004015 
 0.171260 -0.351859 -0.005100 
 0.154642 -0.343058 -0.006186 
 0.133572 -0.336018 0.019822 
 0.116908 -0.327192 0.018733 
 0.100244 -0.318366 0.017645 
 0.081284 -0.310385 0.030098 
 0.064597 -0.301546 0.029008 
 0.047910 -0.292708 0.027918 
 0.033588 -0.283062 0.013291 
 0.024087 -0.271849 -0.028405 
 0.007493 -0.263060 -0.029489 
 -0.011536 -0.255042 -0.017041 
 -0.020783 -0.243964 -0.058720 
 -0.042292 -0.236692 -0.032741 
 -0.058887 -0.227903 -0.033825 
 -0.070429 -0.217669 -0.061963 
 -0.086977 -0.208904 -0.063044 
 -0.103526 -0.200139 -0.064125 
 -0.120074 -0.191374 -0.065206 
 -0.136623 -0.182609 -0.066287 
 -0.153172 -0.173844 -0.067368 
 -0.169720 -0.165079 -0.068449 
 -0.186269 -0.156314 -0.069530 
 -0.200106 -0.146925 -0.084125 
 -0.216632 -0.138172 -0.085205 
 -0.235915 -0.130019 -0.072773 
 -0.252463 -0.121254 -0.073854 
 -0.269012 -0.112489 -0.074935 
 -0.285560 -0.103725 -0.076016 
 -0.310657 -0.096613 -0.036579 
 -0.327275 -0.087811 -0.037665 
 -0.343893 -0.079009 -0.038750 
 -0.360511 -0.070208 -0.039836 
 0.283549 -0.444995 0.082421 
 0.266793 -0.436120 0.081326 
 0.252090 -0.426243 0.066677 
 0.239510 -0.415401 0.038477 
 0.222823 -0.406563 0.037387 
 0.208259 -0.396759 0.022747 
 0.195886 -0.386027 -0.005440 
 0.179269 -0.377225 -0.006525 
 0.162651 -0.368424 -0.007611 
 0.146033 -0.359622 -0.008696 
 0.124939 -0.352629 0.017305 
 0.108275 -0.343803 0.016216 
 0.089326 -0.335856 0.028667 
 0.072639 -0.327018 0.027577 
 0.055952 -0.318180 0.026487 
 0.039265 -0.309341 0.025397 
 0.022578 -0.300503 0.024307 
 0.008290 -0.290846 0.009685 
 -0.008373 -0.282020 0.008597 
 -0.025038 -0.273194 0.007508 
 -0.041702 -0.264368 0.006420 
 -0.053381 -0.254003 -0.021722 
 -0.067484 -0.244444 -0.036332 
 -0.084079 -0.235654 -0.037416 
 -0.100673 -0.226865 -0.038500 
 -0.117268 -0.218076 -0.039584 
 -0.128648 -0.207869 -0.067706 
 -0.145196 -0.199104 -0.068787 
 -0.161745 -0.190339 -0.069868 
 -0.178294 -0.181574 -0.070949 
 -0.194842 -0.172810 -0.072030 
 -0.208668 -0.163397 -0.086622 
 -0.225193 -0.154645 -0.087701 
 -0.244488 -0.146515 -0.075273 
 -0.266621 -0.138971 -0.049340 
 -0.283216 -0.130182 -0.050424 
 -0.299811 -0.121392 -0.051508 
 -0.319267 -0.113177 -0.039090 
 -0.335885 -0.104375 -0.040175 
 -0.352502 -0.095574 -0.041261 
 -0.369120 -0.086772 -0.042346 
 0.274868 -0.461697 0.079889 
 0.260154 -0.451785 0.065242 
 0.243421 -0.442922 0.064149 
 0.230865 -0.432034 0.035956 
 0.214178 -0.423196 0.034866 
 0.199625 -0.413369 0.020230 
 0.182961 -0.404543 0.019141 
 0.166297 -0.395717 0.018053 
 0.149633 -0.386891 0.016964 
 0.132969 -0.378065 0.015876 
 0.116305 -0.369239 0.014787 
 0.099641 -0.360413 0.013699 
 0.080681 -0.352490 0.026146 
 0.063994 -0.343651 0.025056 
 0.047307 -0.334813 0.023966 
 0.030620 -0.325975 0.022876 
 0.013933 -0.317136 0.021786 
 -0.002754 -0.308298 0.020696 
 -0.019442 -0.299460 0.019606 
 -0.036129 -0.290622 0.018516 
 -0.050335 -0.280979 0.003902 
 -0.066999 -0.272152 0.002814 
 -0.078608 -0.261766 -0.025318 
 -0.095226 -0.252964 -0.026403 
 -0.104124 -0.241894 -0.068044 
 -0.120673 -0.233130 -0.069125 
 -0.137221 -0.224365 -0.070206 
 -0.153770 -0.215600 -0.071287 
 -0.170318 -0.206835 -0.072368 
 -0.186867 -0.198070 -0.073449 
 -0.203416 -0.189305 -0.074530 
 -0.225434 -0.181881 -0.048595 
 -0.242029 -0.173091 -0.049679 
 -0.261405 -0.164948 -0.037258 
 -0.278023 -0.156146 -0.038344 
 -0.294640 -0.147345 -0.039429 
 -0.311258 -0.138543 -0.040515 
 -0.327876 -0.129741 -0.041600 
 -0.344494 -0.120940 -0.042686 
 -0.361112 -0.112138 -0.043771 
 0.266187 -0.478399 0.077358 
 0.251485 -0.468464 0.062714 
 0.234752 -0.459602 0.061621 
 0.222220 -0.448668 0.033436 
 0.205532 -0.439829 0.032346 
 0.190992 -0.429980 0.017712 
 0.174328 -0.421154 0.016624 
 0.157664 -0.412328 0.015535 
 0.141000 -0.403502 0.014447 
 0.124336 -0.394676 0.013358 
 0.107672 -0.385849 0.012270 
 0.091008 -0.377023 0.011181 
 0.072036 -0.369123 0.023625 
 0.055349 -0.360285 0.022535 
 0.038662 -0.351446 0.021445 
 0.021975 -0.342608 0.020355 
 0.005287 -0.333770 0.019265 
 -0.011400 -0.324932 0.018175 
 -0.028087 -0.316093 0.017085 
 -0.044774 -0.307255 0.015995 
 -0.061461 -0.298417 0.014905 
 -0.075632 -0.288763 0.000296 
 -0.092296 -0.279937 -0.000792 
 -0.103835 -0.269528 -0.028914 
 -0.117868 -0.259948 -0.043514 
 -0.129246 -0.249625 -0.071625 
 -0.145795 -0.240860 -0.072706 
 -0.162343 -0.232095 -0.073787 
 -0.178892 -0.223330 -0.074868 
 -0.195440 -0.214565 -0.075949 
 -0.211989 -0.205800 -0.077030 
 -0.234031 -0.198422 -0.051102 
 -0.250626 -0.189633 -0.052186 
 -0.270014 -0.181512 -0.039769 
 -0.286632 -0.172711 -0.040854 
 -0.300410 -0.163264 -0.055438 
 -0.319867 -0.155107 -0.043025 
 -0.336485 -0.146306 -0.044111 
 -0.353103 -0.137504 -0.045196 
 -0.369721 -0.128702 -0.046282 
 0.259549 -0.494006 0.061279 
 0.242816 -0.485144 0.060186 
 0.226083 -0.476281 0.059093 
 0.213574 -0.465301 0.030915 
 0.196887 -0.456463 0.029825 
 0.182359 -0.446590 0.015195 
 0.165695 -0.437764 0.014106 
 0.149031 -0.428938 0.013018 
 0.132367 -0.420112 0.011929 
 0.115703 -0.411286 0.010841 
 0.099039 -0.402460 0.009752 
 0.080078 -0.394595 0.022195 
 0.063391 -0.385756 0.021105 
 0.046704 -0.376918 0.020015 
 0.030016 -0.368080 0.018925 
 0.008550 -0.361065 0.044884 
 -0.008183 -0.352203 0.043791 
 -0.024916 -0.343340 0.042698 
 -0.041649 -0.334477 0.041605 
 -0.053419 -0.323888 0.013475 
 -0.070106 -0.315050 0.012385 
 -0.086793 -0.306212 0.011294 
 -0.100929 -0.296547 -0.003310 
 -0.112445 -0.286093 -0.031424 
 -0.129063 -0.277291 -0.032510 
 -0.143060 -0.267700 -0.047105 
 -0.154368 -0.257355 -0.075206 
 -0.170917 -0.248590 -0.076287 
 -0.192844 -0.241332 -0.050357 
 -0.209439 -0.232542 -0.051441 
 -0.226034 -0.223753 -0.052525 
 -0.242629 -0.214963 -0.053609 
 -0.259224 -0.206174 -0.054693 
 -0.278623 -0.198076 -0.042279 
 -0.295241 -0.189275 -0.043365 
 -0.311859 -0.180473 -0.044450 
 -0.328477 -0.171672 -0.045536 
 -0.345095 -0.162870 -0.046621 
 -0.361712 -0.154068 -0.047707 
 0.248825 -0.511804 0.072295 
 0.234147 -0.501823 0.057658 
 0.217414 -0.492960 0.056565 
 0.204929 -0.481934 0.028394 
 0.188242 -0.473096 0.027304 
 0.171555 -0.464258 0.026214 
 0.157062 -0.454374 0.011589 
 0.140398 -0.445548 0.010500 
 0.123734 -0.436722 0.009412 
 0.107070 -0.427896 0.008323 
 0.088120 -0.420066 0.020764 
 0.071433 -0.411228 0.019674 
 0.054745 -0.402390 0.018584 
 0.038058 -0.393551 0.017494 
 0.021371 -0.384713 0.016404 
 -0.000119 -0.377745 0.042356 
 -0.016852 -0.368882 0.041263 
 -0.033585 -0.360019 0.040170 
 -0.050318 -0.351157 0.039077 
 -0.062064 -0.340522 0.010954 
 -0.078751 -0.331683 0.009864 
 -0.095438 -0.322845 0.008774 
 -0.109562 -0.313157 -0.005827 
 -0.126226 -0.304331 -0.006916 
 -0.137672 -0.293855 -0.035020 
 -0.151657 -0.284241 -0.049612 
 -0.162941 -0.273851 -0.077706 
 -0.184847 -0.266662 -0.051780 
 -0.201442 -0.257873 -0.052864 
 -0.226210 -0.251375 -0.013447 
 -0.242874 -0.242549 -0.014535 
 -0.259538 -0.233723 -0.015624 
 -0.270615 -0.223442 -0.043704 
 -0.287233 -0.214641 -0.044790 
 -0.303850 -0.205839 -0.045875 
 -0.320468 -0.197038 -0.046961 
 -0.337086 -0.188236 -0.048046 
 -0.353704 -0.179434 -0.049132 
 0.250768 -0.540842 0.111485 
 0.240144 -0.528507 0.069764 
 0.225478 -0.518502 0.055131 
 0.208744 -0.509640 0.054037 
 0.196284 -0.498568 0.025873 
 0.179597 -0.489729 0.024783 
 0.162910 -0.480891 0.023693 
 0.148429 -0.470985 0.009071 
 0.131765 -0.462159 0.007983 
 0.112849 -0.454376 0.020423 
 0.096162 -0.445538 0.019333 
 0.079474 -0.436700 0.018243 
 0.062787 -0.427861 0.017153 
 0.046100 -0.419023 0.016063 
 0.029413 -0.410185 0.014973 
 0.012726 -0.401346 0.013883 
 -0.003961 -0.392508 0.012793 
 -0.020648 -0.383670 0.011703 
 -0.037335 -0.374832 0.010613 
 -0.058987 -0.367836 0.036549 
 -0.070709 -0.357155 0.008433 
 -0.087396 -0.348317 0.007343 
 -0.104083 -0.339478 0.006253 
 -0.118196 -0.329768 -0.008345 
 -0.134860 -0.320942 -0.009433 
 -0.146281 -0.310420 -0.037531 
 -0.162899 -0.301618 -0.038616 
 -0.176850 -0.291993 -0.053203 
 -0.196135 -0.284015 -0.040787 
 -0.212753 -0.275213 -0.041873 
 -0.234844 -0.267985 -0.015964 
 -0.251508 -0.259159 -0.017053 
 -0.268172 -0.250333 -0.018141 
 -0.279224 -0.240007 -0.046215 
 -0.301500 -0.232681 -0.020318 
 -0.318164 -0.223855 -0.021407 
 -0.334828 -0.215029 -0.022495 
 -0.345695 -0.204800 -0.050557 
 -0.362313 -0.195999 -0.051642 
 0.242051 -0.557614 0.108943 
 0.231463 -0.545209 0.067233 
 0.214706 -0.536334 0.066138 
 0.200075 -0.526319 0.051510 
 0.183342 -0.517456 0.050417 
 0.170952 -0.506363 0.022262 
 0.154265 -0.497524 0.021172 
 0.137578 -0.488686 0.020082 
 0.120891 -0.479848 0.018992 
 0.104203 -0.471010 0.017902 
 0.087516 -0.462171 0.016812 
 0.070829 -0.453333 0.015722 
 0.054142 -0.444495 0.014632 
 0.037455 -0.435656 0.013542 
 0.020768 -0.426818 0.012452 
 0.004081 -0.417980 0.011362 
 -0.012606 -0.409142 0.010272 
 -0.029293 -0.400303 0.009182 
 -0.050923 -0.393378 0.035114 
 -0.067657 -0.384515 0.034021 
 -0.079354 -0.373788 0.005912 
 -0.096042 -0.364950 0.004822 
 -0.112729 -0.356112 0.003732 
 -0.129416 -0.347274 0.002642 
 -0.146103 -0.338435 0.001552 
 -0.160157 -0.328726 -0.013039 
 -0.176821 -0.319900 -0.014128 
 -0.188126 -0.309381 -0.042212 
 -0.210149 -0.302248 -0.016305 
 -0.221362 -0.291778 -0.044383 
 -0.243477 -0.284596 -0.018482 
 -0.260141 -0.275770 -0.019570 
 -0.276805 -0.266944 -0.020659 
 -0.293469 -0.258117 -0.021747 
 -0.310133 -0.249291 -0.022836 
 -0.326797 -0.240465 -0.023924 
 -0.343461 -0.231639 -0.025013 
 -0.360125 -0.222813 -0.026101 
 -0.370922 -0.212563 -0.054152 
 0.218857 -0.582782 0.201147 
 0.216508 -0.565473 0.105302 
 0.201797 -0.555387 0.090671 
 0.189269 -0.544161 0.062512 
 0.174673 -0.534136 0.047889 
 0.157940 -0.525273 0.046796 
 0.145620 -0.514158 0.018651 
 0.128932 -0.505319 0.017561 
 0.112245 -0.496481 0.016471 
 0.095558 -0.487643 0.015381 
 0.078871 -0.478805 0.014291 
 0.062184 -0.469966 0.013201 
 0.045497 -0.461128 0.012111 
 0.028810 -0.452290 0.011021 
 0.012123 -0.443451 0.009931 
 -0.004564 -0.434613 0.008841 
 -0.026126 -0.427783 0.034772 
 -0.042859 -0.418920 0.033679 
 -0.059592 -0.410057 0.032586 
 -0.076326 -0.401195 0.031493 
 -0.093059 -0.392332 0.030400 
 -0.109792 -0.383469 0.029307 
 -0.126525 -0.374606 0.028214 
 -0.138061 -0.363907 0.000121 
 -0.154748 -0.355069 -0.000969 
 -0.168790 -0.345336 -0.015556 
 -0.185454 -0.336510 -0.016645 
 -0.202118 -0.327684 -0.017733 
 -0.218782 -0.318858 -0.018822 
 -0.235446 -0.310032 -0.019910 
 -0.254870 -0.302039 -0.007509 
 -0.271558 -0.293201 -0.008599 
 -0.288245 -0.284362 -0.009689 
 -0.304932 -0.275524 -0.010779 
 -0.318766 -0.265902 -0.025353 
 -0.338306 -0.257847 -0.012959 
 -0.360791 -0.250528 0.012912 
 -0.377524 -0.241665 0.011819 
 0.207977 -0.600937 0.212112 
 0.207791 -0.582245 0.102760 
 0.193092 -0.572135 0.088133 
 0.180588 -0.560864 0.059981 
 0.166004 -0.550815 0.045361 
 0.149271 -0.541952 0.044268 
 0.136974 -0.530791 0.016130 
 0.120287 -0.521953 0.015040 
 0.103600 -0.513115 0.013950 
 0.086913 -0.504276 0.012860 
 0.070226 -0.495438 0.011770 
 0.053539 -0.486600 0.010680 
 0.036852 -0.477761 0.009590 
 0.015405 -0.471050 0.035524 
 -0.001328 -0.462188 0.034431 
 -0.018062 -0.453325 0.033338 
 -0.034795 -0.444462 0.032244 
 -0.054001 -0.436614 0.044657 
 -0.070757 -0.427739 0.043563 
 -0.087513 -0.418864 0.042468 
 -0.104270 -0.409989 0.041374 
 -0.118461 -0.400149 0.026779 
 -0.135194 -0.391286 0.025686 
 -0.151928 -0.382423 0.024593 
 -0.168661 -0.373560 0.023500 
 -0.180080 -0.362864 -0.004580 
 -0.196767 -0.354025 -0.005670 
 -0.213454 -0.345187 -0.006760 
 -0.230141 -0.336349 -0.007850 
 -0.246829 -0.327511 -0.008940 
 -0.263516 -0.318672 -0.010030 
 -0.285794 -0.311521 0.015849 
 -0.302527 -0.302658 0.014756 
 -0.313577 -0.292157 -0.013300 
 -0.330264 -0.283319 -0.014390 
 -0.346951 -0.274481 -0.015480 
 -0.369460 -0.267207 0.010384 
 -0.386193 -0.258345 0.009291 
 0.194844 -0.601483 0.127271 
 0.182249 -0.590105 0.099119 
 0.167584 -0.579984 0.084497 
 0.155151 -0.568691 0.056355 
 0.140602 -0.558632 0.041740 
 0.123868 -0.549769 0.040647 
 0.111642 -0.538586 0.012519 
 0.094955 -0.529748 0.011429 
 0.078268 -0.520910 0.010339 
 0.061581 -0.512071 0.009249 
 0.044894 -0.503233 0.008159 
 0.028207 -0.494395 0.007069 
 0.006736 -0.487730 0.032996 
 -0.009998 -0.478867 0.031903 
 -0.026731 -0.470004 0.030810 
 -0.043464 -0.461142 0.029717 
 -0.062682 -0.453317 0.042126 
 -0.079438 -0.444442 0.041031 
 -0.096194 -0.435567 0.039937 
 -0.112951 -0.426692 0.038842 
 -0.129707 -0.417817 0.037748 
 -0.146463 -0.408942 0.036653 
 -0.163220 -0.400067 0.035559 
 -0.179976 -0.391192 0.034464 
 -0.196732 -0.382317 0.033370 
 -0.213489 -0.373442 0.032275 
 -0.227530 -0.363651 0.017693 
 -0.247001 -0.355692 0.030086 
 -0.263758 -0.346817 0.028992 
 -0.280514 -0.337942 0.027897 
 -0.297270 -0.329067 0.026802 
 -0.314027 -0.320192 0.025708 
 -0.327929 -0.310475 0.011135 
 -0.344663 -0.301612 0.010042 
 -0.361396 -0.292750 0.008949 
 -0.378129 -0.283887 0.007856 
 0.183976 -0.619557 0.138246 
 0.173532 -0.606876 0.096578 
 0.158880 -0.596732 0.081959 
 0.142077 -0.587833 0.080861 
 0.129713 -0.576518 0.052729 
 0.115199 -0.566448 0.038119 
 0.098466 -0.557586 0.037026 
 0.081733 -0.548723 0.035933 
 0.065000 -0.539860 0.034840 
 0.052936 -0.528705 0.006728 
 0.036249 -0.519866 0.005638 
 0.014800 -0.513272 0.031561 
 -0.001933 -0.504409 0.030468 
 -0.018667 -0.495546 0.029375 
 -0.035400 -0.486684 0.028282 
 -0.054606 -0.478894 0.040689 
 -0.071363 -0.470019 0.039595 
 -0.093158 -0.463241 0.065495 
 -0.104875 -0.452269 0.037405 
 -0.121632 -0.443394 0.036311 
 -0.138388 -0.434519 0.035216 
 -0.155144 -0.425644 0.034122 
 -0.171901 -0.416769 0.033027 
 -0.188657 -0.407894 0.031933 
 -0.205413 -0.399019 0.030838 
 -0.222170 -0.390144 0.029744 
 -0.238926 -0.381269 0.028649 
 -0.255682 -0.372394 0.027555 
 -0.277985 -0.365348 0.053422 
 -0.294788 -0.356448 0.052325 
 -0.305951 -0.345770 0.024271 
 -0.322708 -0.336895 0.023177 
 -0.330867 -0.325424 -0.018342 
 -0.353332 -0.318292 0.007514 
 -0.370065 -0.309429 0.006421 
 0.175224 -0.636397 0.135694 
 0.160491 -0.626182 0.121072 
 0.147989 -0.614736 0.092937 
 0.133372 -0.604581 0.078323 
 0.121032 -0.593221 0.050198 
 0.106530 -0.583128 0.035591 
 0.089797 -0.574265 0.034498 
 0.073064 -0.565402 0.033405 
 0.056331 -0.556539 0.032312 
 0.039597 -0.547677 0.031219 
 0.022864 -0.538814 0.030126 
 0.006131 -0.529951 0.029033 
 -0.013018 -0.522221 0.041441 
 -0.029775 -0.513346 0.040347 
 -0.046531 -0.504471 0.039252 
 -0.063287 -0.495596 0.038158 
 -0.080044 -0.486721 0.037063 
 -0.101863 -0.479990 0.062957 
 -0.113556 -0.468971 0.034874 
 -0.130313 -0.460096 0.033780 
 -0.147069 -0.451222 0.032685 
 -0.163825 -0.442347 0.031591 
 -0.180582 -0.433472 0.030496 
 -0.197338 -0.424597 0.029401 
 -0.214094 -0.415722 0.028307 
 -0.230851 -0.406847 0.027212 
 -0.247607 -0.397972 0.026118 
 -0.269888 -0.390995 0.051982 
 -0.286690 -0.382096 0.050884 
 -0.303493 -0.373197 0.049786 
 -0.320295 -0.364297 0.048689 
 -0.331389 -0.353597 0.020645 
 -0.339512 -0.342057 -0.020863 
 -0.362001 -0.334971 0.004986 
 -0.378734 -0.326108 0.003893 
 0.166471 -0.653237 0.133142 
 0.151750 -0.642999 0.118523 
 0.139273 -0.631507 0.090395 
 0.124667 -0.621330 0.075784 
 0.112351 -0.609923 0.047666 
 0.095595 -0.601048 0.046572 
 0.081128 -0.590944 0.031970 
 0.064395 -0.582082 0.030877 
 0.047661 -0.573219 0.029784 
 0.030928 -0.564356 0.028691 
 0.014195 -0.555493 0.027598 
 -0.002538 -0.546631 0.026505 
 -0.021699 -0.538924 0.038910 
 -0.038456 -0.530049 0.037815 
 -0.052738 -0.520042 0.023226 
 -0.071968 -0.512299 0.035626 
 -0.088725 -0.503424 0.034532 
 -0.110568 -0.496738 0.060419 
 -0.122237 -0.485674 0.032343 
 -0.138994 -0.476799 0.031248 
 -0.155750 -0.467924 0.030154 
 -0.172506 -0.459049 0.029059 
 -0.189263 -0.450174 0.027965 
 -0.206019 -0.441299 0.026870 
 -0.222775 -0.432424 0.025776 
 -0.239532 -0.423549 0.024681 
 -0.256288 -0.414674 0.023586 
 -0.278593 -0.407744 0.049443 
 -0.295395 -0.398844 0.048346 
 -0.312198 -0.389945 0.047248 
 -0.329000 -0.381046 0.046151 
 -0.340070 -0.370299 0.018114 
 -0.348158 -0.358691 -0.023384 
 -0.364845 -0.349852 -0.024474 
 -0.387403 -0.342788 0.001365 
 0.126138 -0.650880 0.114872 
 0.113730 -0.639367 0.086754 
 0.103670 -0.626626 0.045135 
 0.086914 -0.617751 0.044040 
 0.070157 -0.608876 0.042946 
 0.053401 -0.600001 0.041851 
 0.036645 -0.591126 0.040757 
 0.019889 -0.582251 0.039662 
 0.005526 -0.572173 0.025070 
 -0.013624 -0.564501 0.037473 
 -0.030380 -0.555626 0.036379 
 -0.047137 -0.546751 0.035284 
 -0.063893 -0.537876 0.034189 
 -0.080649 -0.529001 0.033095 
 -0.102470 -0.522386 0.058978 
 -0.119273 -0.513486 0.057880 
 -0.136075 -0.504587 0.056783 
 -0.152878 -0.495688 0.055685 
 -0.169680 -0.486788 0.054588 
 -0.186483 -0.477889 0.053490 
 -0.197944 -0.466876 0.025433 
 -0.220088 -0.460090 0.051295 
 -0.236890 -0.451190 0.050197 
 -0.253693 -0.442291 0.049100 
 -0.270495 -0.433392 0.048002 
 -0.287298 -0.424492 0.046905 
 -0.306909 -0.416576 0.059278 
 -0.323735 -0.407664 0.058179 
 -0.337705 -0.397794 0.043612 
 -0.345872 -0.386055 0.002117 
 -0.362606 -0.377193 0.001024 
 -0.373490 -0.366486 -0.026995 
 0.105013 -0.656138 0.084212 
 0.090455 -0.645927 0.069610 
 0.073652 -0.637028 0.068513 
 0.061476 -0.625578 0.040414 
 0.040047 -0.619229 0.066317 
 0.027964 -0.607828 0.038225 
 0.011207 -0.598953 0.037131 
 -0.005549 -0.590078 0.036036 
 -0.027163 -0.583631 0.061927 
 -0.043965 -0.574732 0.060830 
 -0.060768 -0.565832 0.059732 
 -0.072574 -0.554578 0.031658 
 -0.094373 -0.548034 0.057537 
 -0.111175 -0.539134 0.056440 
 -0.127978 -0.530235 0.055342 
 -0.144780 -0.521335 0.054244 
 -0.161583 -0.512436 0.053147 
 -0.178385 -0.503537 0.052049 
 -0.195188 -0.494637 0.050952 
 -0.211990 -0.485738 0.049854 
 -0.228793 -0.476838 0.048757 
 -0.248324 -0.468994 0.061132 
 -0.262398 -0.459039 0.046562 
 -0.281975 -0.451171 0.058934 
 -0.298800 -0.442259 0.057835 
 -0.315626 -0.433347 0.056736 
 -0.332452 -0.424436 0.055637 
 -0.349277 -0.415524 0.054538 
 -0.354541 -0.402735 -0.000411 
 -0.371275 -0.393872 -0.001504 
 0.079471 -0.663998 0.080571 
 0.062645 -0.655086 0.079472 
 0.048145 -0.644877 0.064877 
 0.031342 -0.635977 0.063779 
 0.014540 -0.627078 0.062682 
 -0.002263 -0.618178 0.061584 
 -0.019065 -0.609279 0.060486 
 -0.035868 -0.600380 0.059389 
 -0.052670 -0.591480 0.058291 
 -0.069473 -0.582581 0.057194 
 -0.086275 -0.573681 0.056096 
 -0.103078 -0.564782 0.054999 
 -0.119880 -0.555883 0.053901 
 -0.139262 -0.548147 0.066284 
 -0.156087 -0.539235 0.065184 
 -0.172913 -0.530323 0.064085 
 -0.189738 -0.521412 0.062986 
 -0.206564 -0.512500 0.061887 
 -0.223390 -0.503589 0.060788 
 -0.245650 -0.496857 0.086631 
 -0.262522 -0.487921 0.085529 
 -0.273866 -0.476854 0.057491 
 -0.290692 -0.467942 0.056392 
 -0.313137 -0.461113 0.082223 
 -0.330009 -0.452177 0.081121 
 -0.346881 -0.443241 0.080018 
 -0.357994 -0.432295 0.051996 
 0.030091 -0.666909 0.116311 
 0.020277 -0.654034 0.074732 
 0.003452 -0.645123 0.073633 
 -0.010968 -0.634927 0.059046 
 -0.030200 -0.627300 0.071435 
 -0.047025 -0.618388 0.070336 
 -0.063851 -0.609476 0.069237 
 -0.080676 -0.600565 0.068138 
 -0.094980 -0.590430 0.053558 
 -0.111783 -0.581530 0.052460 
 -0.131153 -0.573830 0.064841 
 -0.147979 -0.564918 0.063742 
 -0.170033 -0.558355 0.089592 
 -0.189542 -0.550581 0.101964 
 -0.203776 -0.540483 0.087388 
 -0.220648 -0.531547 0.086286 
 -0.237519 -0.522611 0.085184 
 -0.257121 -0.514788 0.097550 
 -0.274016 -0.505840 0.096447 
 -0.288135 -0.495803 0.081878 
 -0.305006 -0.486866 0.080776 
 -0.321878 -0.477930 0.079674 
 -0.338750 -0.468994 0.078572 
 -0.355622 -0.460058 0.077470 
 -0.010056 -0.664533 0.098064 
 -0.022091 -0.652983 0.069992 
 -0.038917 -0.644071 0.068893 
 -0.055742 -0.635159 0.067794 
 -0.072568 -0.626248 0.066695 
 -0.089393 -0.617336 0.065596 
 -0.106219 -0.608424 0.064497 
 -0.123044 -0.599513 0.063398 
 -0.139870 -0.590601 0.062299 
 -0.156695 -0.581689 0.061200 
 -0.186652 -0.578765 0.127459 
 -0.195645 -0.566237 0.085942 
 -0.212517 -0.557300 0.084840 
 -0.223998 -0.546043 0.056804 
 -0.248979 -0.540577 0.096101 
 -0.271357 -0.533901 0.121926 
 -0.288298 -0.524928 0.120819 
 -0.305239 -0.515955 0.119712 
 -0.322180 -0.506983 0.118606 
 -0.330619 -0.494748 0.077125 
 -0.052540 -0.663479 0.093311 
 -0.069412 -0.654543 0.092209 
 -0.086284 -0.645606 0.091107 
 -0.105678 -0.637952 0.103481 
 -0.120027 -0.627734 0.088903 
 -0.131761 -0.616284 0.060856 
 -0.166731 -0.616086 0.154055 
 -0.183718 -0.607089 0.152945 
 -0.200705 -0.598092 0.151836 
 -0.217692 -0.589095 0.150726 
 -0.234679 -0.580098 0.149617 
 -0.232715 -0.562814 0.054262 
 -0.268653 -0.562103 0.147397 
 -0.285641 -0.553106 0.146288 
 -0.302628 -0.544109 0.145178 
 -0.314015 -0.532842 0.117153 
 -0.330956 -0.523869 0.116047 
 -0.141557 -0.651013 0.153708 
 -0.153382 -0.639456 0.125660 
 -0.175531 -0.633019 0.151489 
 -0.192518 -0.624022 0.150379 
 -0.209505 -0.615024 0.149270 
 -0.221146 -0.603565 0.121233 
 -0.238087 -0.594592 0.120127 
 -0.255028 -0.585619 0.119020 
 -0.277454 -0.579036 0.144831 
 -0.294441 -0.570038 0.143722 
 -0.311428 -0.561041 0.142612 
 -0.154381 -0.652433 0.082703 
 -0.171252 -0.643497 0.081601 
 -0.201319 -0.640954 0.147813 
 -0.218306 -0.631957 0.146703 
 -0.229923 -0.620451 0.118674 
 -0.246864 -0.611479 0.117568 
 -0.263805 -0.602506 0.116461 
 -0.179993 -0.660314 0.079053 
 -0.210120 -0.657886 0.145247 
 -0.227107 -0.648889 0.144137 
 -0.238700 -0.637338 0.116115 
 -0.255641 -0.628365 0.115008 
 