0.028314 0.625380 0.059077 
 0.005211 0.625277 0.054455 
 -0.019083 0.619988 0.114483 
 -0.042305 0.619884 0.109838 
 -0.065527 0.619781 0.105192 
 -0.089136 0.618381 0.116691 
 -0.112388 0.618278 0.112039 
 -0.135640 0.618174 0.107387 
 -0.158892 0.618071 0.102736 
 -0.183156 0.615372 0.130326 
 -0.206468 0.615269 0.125662 
 -0.232044 0.609974 0.185433 
 -0.255474 0.609869 0.180746 
 -0.278905 0.609765 0.176058 
 -0.303647 0.607065 0.203553 
 -0.327137 0.606960 0.198854 
 -0.352773 0.602960 0.242391 
 -0.377842 0.600258 0.269820 
 -0.401482 0.600153 0.265091 
 -0.425121 0.600048 0.260362 
 0.260138 0.596304 0.184512 
 0.236855 0.597526 0.163635 
 0.213631 0.600074 0.126550 
 0.190469 0.599971 0.121916 
 0.167307 0.599868 0.117282 
 0.144321 0.602417 0.080245 
 0.121218 0.602315 0.075624 
 0.098115 0.602212 0.071002 
 0.075013 0.602109 0.066380 
 0.051910 0.602007 0.061758 
 0.028807 0.601904 0.057136 
 0.005169 0.599148 0.084846 
 -0.017993 0.599045 0.080212 
 -0.041155 0.598942 0.075578 
 -0.065031 0.596184 0.103241 
 -0.088253 0.596081 0.098595 
 -0.111476 0.595978 0.093950 
 -0.134698 0.595875 0.089304 
 -0.157920 0.595772 0.084658 
 -0.181648 0.594340 0.096131 
 -0.205971 0.591581 0.123704 
 -0.229282 0.591477 0.119040 
 -0.253784 0.588717 0.146577 
 -0.277155 0.588613 0.141902 
 -0.301836 0.585852 0.169402 
 -0.325267 0.585748 0.164715 
 -0.348698 0.585644 0.160027 
 -0.372128 0.585540 0.155340 
 -0.395559 0.585436 0.150653 
 -0.418990 0.585332 0.145965 
 0.354724 0.564959 0.298682 
 0.330390 0.572987 0.196514 
 0.307138 0.572883 0.191862 
 0.283795 0.574136 0.170976 
 0.260573 0.574032 0.166330 
 0.237288 0.576641 0.129238 
 0.214125 0.576538 0.124604 
 0.190963 0.576435 0.119970 
 0.167916 0.579044 0.082926 
 0.144814 0.578942 0.078305 
 0.121946 0.581552 0.041297 
 0.098903 0.581450 0.036687 
 0.075860 0.581347 0.032077 
 0.052816 0.581245 0.027467 
 0.029773 0.581142 0.022857 
 0.006197 0.578326 0.050574 
 -0.017499 0.575509 0.078266 
 -0.041314 0.572691 0.105936 
 -0.064536 0.572588 0.101290 
 -0.087758 0.572484 0.096644 
 -0.110981 0.572381 0.091999 
 -0.134648 0.570920 0.103481 
 -0.157425 0.572175 0.082707 
 -0.180647 0.572072 0.078062 
 -0.204404 0.570610 0.089526 
 -0.228785 0.567790 0.117082 
 -0.253286 0.564969 0.144614 
 -0.276657 0.564865 0.139938 
 -0.300028 0.564761 0.135263 
 -0.324767 0.561939 0.162747 
 -0.348198 0.561835 0.158059 
 -0.371629 0.561731 0.153372 
 -0.395059 0.561627 0.148684 
 -0.420097 0.558804 0.176110 
 -0.443587 0.558699 0.171410 
 0.380131 0.531557 0.415196 
 0.354499 0.546692 0.231713 
 0.330734 0.550745 0.178316 
 0.307512 0.550642 0.173670 
 0.284107 0.553311 0.136559 
 0.260944 0.553208 0.131926 
 0.237782 0.553105 0.127292 
 0.214615 0.555774 0.090229 
 0.191512 0.555672 0.085607 
 0.168409 0.555569 0.080986 
 0.145306 0.555466 0.076364 
 0.122437 0.558137 0.039361 
 0.099394 0.558035 0.034751 
 0.076351 0.557932 0.030141 
 0.053308 0.557830 0.025531 
 0.030264 0.557727 0.020921 
 0.006689 0.554850 0.048633 
 -0.017005 0.551972 0.076320 
 -0.040168 0.551870 0.071687 
 -0.063330 0.551767 0.067053 
 -0.087263 0.548888 0.094694 
 -0.110485 0.548784 0.090048 
 -0.133708 0.548681 0.085402 
 -0.155980 0.551355 0.048518 
 -0.180152 0.548475 0.076111 
 -0.203374 0.548372 0.071465 
 -0.227160 0.546880 0.082921 
 -0.252788 0.541221 0.142650 
 -0.276159 0.541117 0.137975 
 -0.300837 0.538235 0.165466 
 -0.324268 0.538131 0.160778 
 -0.347698 0.538027 0.156091 
 -0.372615 0.535143 0.183535 
 -0.396106 0.535039 0.178836 
 -0.419596 0.534934 0.174136 
 -0.443086 0.534830 0.169437 
 0.354633 0.525836 0.197259 
 0.330926 0.529980 0.143881 
 0.307763 0.529877 0.139247 
 0.284601 0.529774 0.134613 
 0.261438 0.529671 0.129980 
 0.238210 0.532401 0.092910 
 0.215107 0.532299 0.088289 
 0.192004 0.532196 0.083667 
 0.169015 0.534927 0.046645 
 0.145972 0.534824 0.042035 
 0.122929 0.534722 0.037425 
 0.099885 0.534620 0.032815 
 0.076842 0.534517 0.028205 
 0.053799 0.534415 0.023595 
 0.030756 0.534312 0.018985 
 0.007712 0.534210 0.014375 
 -0.016511 0.528436 0.074374 
 -0.039674 0.528333 0.069741 
 -0.062836 0.528230 0.065107 
 -0.086768 0.525291 0.092743 
 -0.109990 0.525188 0.088097 
 -0.133212 0.525084 0.083451 
 -0.155486 0.527819 0.046572 
 -0.179656 0.524878 0.074160 
 -0.202878 0.524775 0.069514 
 -0.226664 0.523253 0.080967 
 -0.252289 0.517473 0.140687 
 -0.275660 0.517369 0.136011 
 -0.300337 0.514426 0.163497 
 -0.323768 0.514322 0.158810 
 -0.347199 0.514218 0.154122 
 -0.372114 0.511274 0.181562 
 -0.395605 0.511169 0.176862 
 -0.419095 0.511065 0.172163 
 -0.442586 0.510961 0.167463 
 0.354217 0.509439 0.114079 
 0.331114 0.509336 0.109457 
 0.308011 0.509234 0.104835 
 0.284908 0.509131 0.100213 
 0.261679 0.511921 0.063149 
 0.238636 0.511819 0.058539 
 0.215593 0.511717 0.053929 
 0.192550 0.511614 0.049319 
 0.169506 0.511512 0.044709 
 0.146463 0.511409 0.040099 
 0.123536 0.512754 0.019303 
 0.100523 0.512652 0.014699 
 0.077509 0.512550 0.010095 
 0.054496 0.512448 0.005491 
 0.031247 0.510897 0.017049 
 0.008204 0.510795 0.012440 
 -0.015428 0.507796 0.040129 
 -0.039180 0.504797 0.067795 
 -0.062342 0.504694 0.063161 
 -0.085505 0.504591 0.058527 
 -0.108667 0.504488 0.053894 
 -0.132717 0.501488 0.081501 
 -0.154992 0.504282 0.044626 
 -0.178155 0.504180 0.039992 
 -0.202383 0.501178 0.067563 
 -0.226168 0.499626 0.079014 
 -0.250606 0.496623 0.106543 
 -0.275162 0.493620 0.134048 
 -0.298533 0.493517 0.129373 
 -0.323268 0.490513 0.156841 
 -0.346699 0.490409 0.152154 
 -0.370130 0.490305 0.147467 
 -0.395104 0.487300 0.174889 
 -0.418594 0.487196 0.170189 
 0.354709 0.485963 0.112138 
 0.331607 0.485861 0.107516 
 0.308257 0.488711 0.070433 
 0.285214 0.488609 0.065823 
 0.262170 0.488506 0.061213 
 0.239127 0.488404 0.056603 
 0.216084 0.488302 0.051993 
 0.193041 0.488199 0.047383 
 0.170053 0.489574 0.026577 
 0.147040 0.489472 0.021973 
 0.124027 0.489370 0.017369 
 0.101013 0.489267 0.012765 
 0.078000 0.489165 0.008161 
 0.054986 0.489063 0.003557 
 0.031738 0.487482 0.015114 
 0.008695 0.487380 0.010504 
 -0.014348 0.487278 0.005894 
 -0.038039 0.484218 0.033567 
 -0.061141 0.484115 0.028945 
 -0.085011 0.481055 0.056582 
 -0.107347 0.483910 0.019701 
 -0.131336 0.480849 0.047314 
 -0.153553 0.483705 0.010457 
 -0.176656 0.483602 0.005836 
 -0.200823 0.480540 0.033413 
 -0.225110 0.477478 0.060967 
 -0.248924 0.475895 0.072409 
 -0.274664 0.469872 0.132085 
 -0.298035 0.469768 0.127409 
 -0.321406 0.469665 0.122734 
 -0.346200 0.466600 0.150186 
 -0.369630 0.466496 0.145498 
 -0.393061 0.466392 0.140811 
 -0.416492 0.466288 0.136123 
 0.377878 0.465603 0.082327 
 0.354835 0.465501 0.077717 
 0.331792 0.465399 0.073107 
 0.308748 0.465296 0.068497 
 0.285705 0.465194 0.063887 
 0.262662 0.465091 0.059277 
 0.239584 0.466496 0.038456 
 0.216571 0.466394 0.033852 
 0.193557 0.466292 0.029248 
 0.170544 0.466190 0.024644 
 0.147531 0.466087 0.020040 
 0.124517 0.465985 0.015436 
 0.101504 0.465883 0.010832 
 0.078490 0.465781 0.006228 
 0.055477 0.465678 0.001624 
 0.032230 0.464067 0.013178 
 0.009186 0.463965 0.008568 
 -0.013857 0.463863 0.003958 
 -0.037546 0.460743 0.031626 
 -0.060649 0.460640 0.027004 
 -0.083752 0.460537 0.022382 
 -0.106855 0.460435 0.017760 
 -0.129957 0.460332 0.013138 
 -0.152116 0.463248 -0.023701 
 -0.176163 0.460126 0.003895 
 -0.200329 0.457004 0.031467 
 -0.224615 0.453881 0.059016 
 -0.248429 0.452268 0.070456 
 -0.272923 0.449144 0.097963 
 -0.297537 0.446020 0.125446 
 -0.320908 0.445916 0.120770 
 -0.345700 0.442791 0.148217 
 -0.369131 0.442687 0.143530 
 -0.392562 0.442583 0.138842 
 -0.417593 0.439457 0.166243 
 -0.441083 0.439353 0.161543 
 0.378155 0.443725 0.064146 
 0.355142 0.443623 0.059542 
 0.332129 0.443521 0.054938 
 0.309115 0.443419 0.050334 
 0.286102 0.443316 0.045730 
 0.263088 0.443214 0.041126 
 0.240004 0.446187 0.004107 
 0.217051 0.446085 -0.000485 
 0.194097 0.445983 -0.005077 
 0.171143 0.445881 -0.009669 
 0.148189 0.445779 -0.014261 
 0.125236 0.445677 -0.018853 
 0.102282 0.445575 -0.023445 
 0.078981 0.442396 0.004295 
 0.055968 0.442294 -0.000309 
 0.032954 0.442191 -0.004913 
 0.009678 0.440550 0.006632 
 -0.013365 0.440448 0.002022 
 -0.036408 0.440345 -0.002588 
 -0.059452 0.440243 -0.007198 
 -0.083259 0.437062 0.020441 
 -0.106362 0.436959 0.015819 
 -0.128581 0.439936 -0.021027 
 -0.151625 0.439833 -0.025637 
 -0.174668 0.439731 -0.030247 
 -0.198773 0.436548 -0.002668 
 -0.222998 0.433365 0.024887 
 -0.247342 0.430181 0.052420 
 -0.272426 0.425457 0.096005 
 -0.297038 0.422272 0.123482 
 -0.320409 0.422168 0.118807 
 -0.343780 0.422064 0.114131 
 -0.368631 0.418878 0.141561 
 -0.392062 0.418774 0.136874 
 -0.417092 0.415588 0.164269 
 -0.440582 0.415483 0.159570 
 0.401660 0.420443 0.066817 
 0.378646 0.420341 0.062213 
 0.355633 0.420238 0.057609 
 0.332619 0.420136 0.053005 
 0.309606 0.420034 0.048401 
 0.286593 0.419932 0.043797 
 0.263448 0.422965 0.006771 
 0.240494 0.422863 0.002179 
 0.217540 0.422761 -0.002413 
 0.194586 0.422659 -0.007005 
 0.171632 0.422557 -0.011597 
 0.148845 0.425591 -0.048553 
 0.125725 0.422353 -0.020782 
 0.102485 0.419113 0.006965 
 0.079472 0.419011 0.002362 
 0.056458 0.418909 -0.002242 
 0.033445 0.418807 -0.006846 
 0.010432 0.418704 -0.011450 
 -0.012582 0.418602 -0.016054 
 -0.035917 0.416930 -0.004523 
 -0.058960 0.416828 -0.009133 
 -0.082004 0.416725 -0.013743 
 -0.105047 0.416623 -0.018353 
 -0.128090 0.416521 -0.022963 
 -0.151133 0.416418 -0.027573 
 -0.174176 0.416316 -0.032183 
 -0.197220 0.416213 -0.036793 
 -0.222504 0.409829 0.022941 
 -0.245667 0.409726 0.018308 
 -0.270689 0.404911 0.061897 
 -0.295240 0.401666 0.089383 
 -0.318552 0.401562 0.084719 
 -0.343282 0.398316 0.112168 
 -0.366653 0.398212 0.107493 
 -0.391562 0.394965 0.134906 
 -0.414993 0.394861 0.130218 
 -0.440081 0.391614 0.157596 
 0.402150 0.397058 0.064883 
 0.379137 0.396956 0.060280 
 0.356123 0.396854 0.055676 
 0.333110 0.396751 0.051072 
 0.310097 0.396649 0.046468 
 0.286891 0.399743 0.009434 
 0.263804 0.402837 -0.027576 
 0.240910 0.402735 -0.032156 
 0.218029 0.399437 -0.004342 
 0.195076 0.399335 -0.008934 
 0.172228 0.402430 -0.045897 
 0.149334 0.402328 -0.050477 
 0.126214 0.399028 -0.022710 
 0.103261 0.398926 -0.027302 
 0.080307 0.398824 -0.031894 
 0.057353 0.398722 -0.036486 
 0.033936 0.395422 -0.008780 
 0.010922 0.395320 -0.013384 
 -0.012383 0.393618 -0.001849 
 -0.035426 0.393515 -0.006459 
 -0.058469 0.393413 -0.011069 
 -0.081512 0.393310 -0.015679 
 -0.104556 0.393208 -0.020289 
 -0.127158 0.394706 -0.041007 
 -0.150642 0.393003 -0.029509 
 -0.173685 0.392901 -0.034119 
 -0.196729 0.392798 -0.038729 
 -0.220891 0.389494 -0.011171 
 -0.245173 0.386190 0.016362 
 -0.269574 0.382885 0.043872 
 -0.293445 0.381180 0.055292 
 -0.316697 0.381077 0.050641 
 -0.341366 0.377771 0.078097 
 -0.364678 0.377667 0.073434 
 -0.387990 0.377564 0.068770 
 -0.412897 0.374256 0.096178 
 0.425654 0.373776 0.067554 
 0.402641 0.373673 0.062950 
 0.379627 0.373571 0.058346 
 0.356242 0.376724 0.021282 
 0.333601 0.373367 0.049138 
 0.310587 0.373264 0.044534 
 0.287380 0.376418 0.007506 
 0.264293 0.379573 -0.029499 
 0.241398 0.379471 -0.034080 
 0.218504 0.379370 -0.038660 
 0.195565 0.376010 -0.010862 
 0.172611 0.375908 -0.015454 
 0.149822 0.379064 -0.052400 
 0.126704 0.375704 -0.024638 
 0.103750 0.375602 -0.029230 
 0.080796 0.375500 -0.033822 
 0.057842 0.375398 -0.038414 
 0.034889 0.375296 -0.043006 
 0.011413 0.371935 -0.015317 
 -0.011601 0.371833 -0.019921 
 -0.034934 0.370100 -0.008395 
 -0.057978 0.369998 -0.013005 
 -0.081021 0.369895 -0.017615 
 -0.104064 0.369793 -0.022225 
 -0.126668 0.371321 -0.042941 
 -0.149681 0.371219 -0.047545 
 -0.173194 0.369486 -0.036055 
 -0.196237 0.369383 -0.040665 
 -0.220398 0.366019 -0.013112 
 -0.244679 0.362654 0.014416 
 -0.267841 0.362551 0.009782 
 -0.292301 0.359185 0.037276 
 -0.316201 0.357450 0.048687 
 -0.339453 0.357347 0.044036 
 -0.362705 0.357243 0.039384 
 -0.385957 0.357140 0.034732 
 -0.409209 0.357037 0.030081 
 0.426145 0.350391 0.065621 
 0.403132 0.350289 0.061017 
 0.380118 0.350186 0.056413 
 0.356731 0.353400 0.019354 
 0.333777 0.353298 0.014762 
 0.310823 0.353196 0.010170 
 0.287870 0.353094 0.005578 
 0.264781 0.356309 -0.031423 
 0.241887 0.356208 -0.036003 
 0.218992 0.356106 -0.040583 
 0.196055 0.352686 -0.012790 
 0.173204 0.355903 -0.049743 
 0.150310 0.355801 -0.054323 
 0.127416 0.355699 -0.058903 
 0.104239 0.352278 -0.031158 
 0.081286 0.352176 -0.035750 
 0.058733 0.355394 -0.072644 
 0.035378 0.351972 -0.044935 
 0.012424 0.351870 -0.049527 
 -0.011110 0.348448 -0.021854 
 -0.034123 0.348346 -0.026458 
 -0.057137 0.348243 -0.031062 
 -0.080530 0.346480 -0.019551 
 -0.103573 0.346378 -0.024161 
 -0.126177 0.347936 -0.044874 
 -0.149190 0.347834 -0.049478 
 -0.172703 0.346071 -0.037990 
 -0.195746 0.345968 -0.042600 
 -0.219906 0.342543 -0.015053 
 -0.244185 0.339118 0.012470 
 -0.267348 0.339015 0.007836 
 -0.291806 0.335588 0.035325 
 -0.315705 0.333823 0.046734 
 -0.338957 0.333720 0.042082 
 -0.362209 0.333616 0.037431 
 -0.386995 0.330188 0.064853 
 -0.410307 0.330085 0.060190 
 -0.433618 0.329981 0.055526 
 0.403622 0.326904 0.059084 
 0.380609 0.326802 0.054480 
 0.357220 0.330076 0.017425 
 0.334267 0.329974 0.012833 
 0.311313 0.329872 0.008241 
 0.288163 0.333148 -0.028766 
 0.265201 0.334735 -0.049547 
 0.242336 0.334633 -0.054121 
 0.219472 0.334532 -0.058696 
 0.196586 0.332741 -0.047086 
 0.173692 0.332639 -0.051666 
 0.150798 0.332537 -0.056247 
 0.127904 0.332435 -0.060827 
 0.104729 0.328954 -0.033087 
 0.082116 0.332232 -0.069987 
 0.059221 0.332130 -0.074567 
 0.035867 0.328648 -0.046863 
 0.012914 0.328546 -0.051455 
 -0.010619 0.325063 -0.023788 
 -0.033632 0.324961 -0.028391 
 -0.056646 0.324859 -0.032995 
 -0.080038 0.323065 -0.021487 
 -0.103082 0.322963 -0.026097 
 -0.125686 0.324552 -0.046807 
 -0.148699 0.324449 -0.051411 
 -0.172211 0.322656 -0.039926 
 -0.195255 0.322553 -0.044536 
 -0.219413 0.319068 -0.016994 
 -0.243691 0.315581 0.010524 
 -0.266854 0.315478 0.005891 
 -0.291311 0.311991 0.033374 
 -0.315210 0.310196 0.044780 
 -0.338461 0.310093 0.040129 
 -0.361713 0.309989 0.035477 
 -0.386498 0.306501 0.062895 
 -0.409810 0.306397 0.058231 
 -0.433121 0.306293 0.053568 
 0.425739 0.312213 -0.019449 
 0.404113 0.303519 0.057150 
 0.380664 0.306854 0.020089 
 0.357710 0.306752 0.015497 
 0.334440 0.310088 -0.021529 
 0.311545 0.309986 -0.026109 
 0.288651 0.309884 -0.030689 
 0.265688 0.311502 -0.051468 
 0.242824 0.311400 -0.056042 
 0.219959 0.311298 -0.060616 
 0.197095 0.311197 -0.065191 
 0.174231 0.311095 -0.069765 
 0.151366 0.310993 -0.074339 
 0.128392 0.309172 -0.062750 
 0.105218 0.305630 -0.035015 
 0.082604 0.308968 -0.071910 
 0.059710 0.308867 -0.076490 
 0.036815 0.308765 -0.081070 
 0.013403 0.305222 -0.053383 
 -0.009551 0.305120 -0.057975 
 -0.033142 0.301576 -0.030325 
 -0.056155 0.301474 -0.034929 
 -0.079547 0.299650 -0.023422 
 -0.102590 0.299548 -0.028032 
 -0.125195 0.301167 -0.048741 
 -0.148209 0.301065 -0.053345 
 -0.171720 0.299241 -0.041862 
 -0.194763 0.299138 -0.046472 
 -0.218920 0.295592 -0.018935 
 -0.242023 0.295489 -0.023557 
 -0.266360 0.291942 0.003945 
 -0.290815 0.288395 0.031423 
 -0.314038 0.288291 0.026777 
 -0.337260 0.288188 0.022132 
 -0.361218 0.286362 0.033524 
 -0.386001 0.282813 0.060937 
 -0.409313 0.282709 0.056273 
 -0.432624 0.282606 0.051609 
 0.449090 0.289081 -0.016796 
 0.426226 0.288980 -0.021370 
 0.403362 0.288878 -0.025944 
 0.380716 0.287028 -0.014292 
 0.357633 0.288675 -0.035092 
 0.334769 0.288573 -0.039667 
 0.311904 0.288471 -0.044241 
 0.289040 0.288370 -0.048815 
 0.266176 0.288268 -0.053389 
 0.243311 0.288167 -0.057963 
 0.220447 0.288065 -0.062537 
 0.197583 0.287963 -0.067111 
 0.174718 0.287862 -0.071685 
 0.151854 0.287760 -0.076260 
 0.128990 0.287659 -0.080834 
 0.105986 0.285807 -0.069253 
 0.083092 0.285705 -0.073833 
 0.060397 0.287354 -0.094556 
 0.037304 0.285501 -0.082994 
 0.014409 0.285400 -0.087574 
 -0.009061 0.281796 -0.059903 
 -0.032651 0.278191 -0.032258 
 -0.054969 0.281592 -0.069088 
 -0.078678 0.277987 -0.041466 
 -0.102099 0.276133 -0.029968 
 -0.124705 0.277782 -0.050674 
 -0.147718 0.277680 -0.055278 
 -0.171229 0.275826 -0.043798 
 -0.194272 0.275723 -0.048408 
 -0.218428 0.272116 -0.020876 
 -0.241531 0.272014 -0.025497 
 -0.265866 0.268406 0.001999 
 -0.290320 0.264798 0.029472 
 -0.313542 0.264695 0.024827 
 -0.337470 0.262838 0.036222 
 -0.360722 0.262735 0.031570 
 -0.385504 0.259125 0.058978 
 -0.408816 0.259022 0.054315 
 -0.432127 0.258918 0.049651 
 0.450504 0.260512 0.030009 
 0.427550 0.260410 0.025417 
 0.403850 0.265645 -0.027865 
 0.381642 0.260206 0.016233 
 0.358310 0.263662 -0.020796 
 0.335416 0.263561 -0.025376 
 0.312522 0.263459 -0.029956 
 0.289527 0.265137 -0.050736 
 0.266663 0.265035 -0.055310 
 0.243799 0.264933 -0.059884 
 0.220935 0.264832 -0.064458 
 0.198070 0.264730 -0.069032 
 0.175206 0.264629 -0.073606 
 0.152499 0.268088 -0.110508 
 0.129694 0.267986 -0.115070 
 0.106474 0.262543 -0.071177 
 0.083580 0.262441 -0.075757 
 0.060884 0.264121 -0.096477 
 0.037792 0.262238 -0.084917 
 0.014898 0.262136 -0.089497 
 -0.008572 0.258472 -0.061832 
 -0.031525 0.258370 -0.066424 
 -0.054479 0.258268 -0.071016 
 -0.078187 0.254602 -0.043399 
 -0.101201 0.254500 -0.048003 
 -0.124214 0.254398 -0.052607 
 -0.147227 0.254295 -0.057211 
 -0.170241 0.254193 -0.061815 
 -0.193781 0.252308 -0.050344 
 -0.216824 0.252206 -0.054954 
 -0.241038 0.248538 -0.027438 
 -0.265372 0.244870 0.000053 
 -0.288535 0.244767 -0.004581 
 -0.313047 0.241098 0.022876 
 -0.336269 0.240995 0.018230 
 -0.360226 0.239108 0.029617 
 -0.385007 0.235438 0.057020 
 -0.408319 0.235334 0.052356 
 -0.431630 0.235231 0.047693 
 0.450993 0.237188 0.028080 
 0.428039 0.237086 0.023488 
 0.405086 0.236984 0.018896 
 0.382132 0.236882 0.014304 
 0.358798 0.240399 -0.022719 
 0.335904 0.240297 -0.027299 
 0.312879 0.242005 -0.048082 
 0.290015 0.241903 -0.052656 
 0.267151 0.241802 -0.057231 
 0.244286 0.241700 -0.061805 
 0.221422 0.241599 -0.066379 
 0.198558 0.241497 -0.070953 
 0.175693 0.241395 -0.075527 
 0.152985 0.244915 -0.112424 
 0.130181 0.244814 -0.116986 
 0.107100 0.241091 -0.089249 
 0.084236 0.240989 -0.093824 
 0.061372 0.240887 -0.098398 
 0.038507 0.240786 -0.102972 
 0.015643 0.240684 -0.107546 
 -0.007222 0.240582 -0.112120 
 -0.030403 0.238669 -0.100580 
 -0.053297 0.238567 -0.105161 
 -0.076191 0.238466 -0.109741 
 -0.099085 0.238364 -0.114321 
 -0.122851 0.234637 -0.086720 
 -0.145805 0.234535 -0.091312 
 -0.169750 0.230808 -0.063748 
 -0.192764 0.230706 -0.068352 
 -0.216332 0.228791 -0.056889 
 -0.240546 0.225063 -0.029379 
 -0.263648 0.224960 -0.034001 
 -0.288041 0.221231 -0.006527 
 -0.311203 0.221128 -0.011160 
 -0.335774 0.217398 0.016279 
 -0.359730 0.215481 0.027664 
 -0.384510 0.211750 0.055062 
 -0.407822 0.211647 0.050398 
 -0.431133 0.211543 0.045734 
 0.451483 0.213863 0.026152 
 0.428529 0.213761 0.021560 
 0.405575 0.213659 0.016968 
 0.382621 0.213557 0.012376 
 0.359286 0.217135 -0.024642 
 0.336231 0.218873 -0.045429 
 0.313367 0.218772 -0.050003 
 0.290502 0.218670 -0.054577 
 0.267638 0.218568 -0.059151 
 0.244774 0.218467 -0.063725 
 0.221910 0.218365 -0.068300 
 0.199045 0.218264 -0.072874 
 0.176181 0.218162 -0.077448 
 0.153472 0.221742 -0.114340 
 0.130452 0.217959 -0.086596 
 0.107588 0.217857 -0.091170 
 0.084723 0.217756 -0.095744 
 0.061859 0.217654 -0.100318 
 0.038995 0.217552 -0.104893 
 0.016130 0.217451 -0.109467 
 -0.007020 0.215507 -0.097924 
 -0.029914 0.215406 -0.102504 
 -0.052809 0.215304 -0.107084 
 -0.075703 0.215202 -0.111664 
 -0.100219 0.207730 -0.051870 
 -0.122362 0.211313 -0.088649 
 -0.146246 0.207526 -0.061078 
 -0.169259 0.207424 -0.065682 
 -0.192273 0.207321 -0.070286 
 -0.215841 0.205376 -0.058825 
 -0.238884 0.205273 -0.063435 
 -0.263156 0.201484 -0.035942 
 -0.286259 0.201382 -0.040564 
 -0.310709 0.197592 -0.013106 
 -0.333872 0.197489 -0.017740 
 -0.358501 0.193698 0.009683 
 -0.381723 0.193595 0.005037 
 -0.404945 0.193491 0.000391 
 0.451972 0.190539 0.024224 
 0.428457 0.194177 -0.012825 
 0.405563 0.194075 -0.017405 
 0.383111 0.190233 0.010448 
 0.359775 0.193872 -0.026565 
 0.336719 0.195640 -0.047350 
 0.313854 0.195538 -0.051924 
 0.290990 0.195437 -0.056498 
 0.268126 0.195335 -0.061072 
 0.245262 0.195234 -0.065646 
 0.222372 0.198874 -0.102569 
 0.199567 0.198772 -0.107131 
 0.176763 0.198671 -0.111693 
 0.153958 0.198570 -0.116256 
 0.131153 0.198468 -0.120818 
 0.108075 0.194624 -0.093091 
 0.085211 0.194522 -0.097665 
 0.062347 0.194421 -0.102239 
 0.039482 0.194319 -0.106813 
 0.016618 0.194218 -0.111388 
 -0.006532 0.192244 -0.099847 
 -0.029111 0.194014 -0.120536 
 -0.052321 0.192040 -0.109007 
 -0.075215 0.191938 -0.113587 
 -0.098919 0.188091 -0.085985 
 -0.121873 0.187989 -0.090577 
 -0.145755 0.184141 -0.063011 
 -0.168769 0.184039 -0.067615 
 -0.191782 0.183937 -0.072219 
 -0.215350 0.181961 -0.060761 
 -0.238393 0.181858 -0.065371 
 -0.262663 0.178009 -0.037883 
 -0.285766 0.177906 -0.042504 
 -0.310215 0.174055 -0.015052 
 -0.334784 0.170204 0.012377 
 -0.358006 0.170101 0.007732 
 -0.381228 0.169998 0.003086 
 -0.404450 0.169895 -0.001560 
 0.452461 0.167215 0.022295 
 0.429508 0.167113 0.017703 
 0.406554 0.167011 0.013111 
 0.383600 0.166909 0.008519 
 0.360263 0.170608 -0.028489 
 0.337206 0.172407 -0.049270 
 0.314342 0.172305 -0.053845 
 0.291478 0.172204 -0.058419 
 0.268613 0.172102 -0.062993 
 0.245663 0.175802 -0.099923 
 0.222858 0.175701 -0.104485 
 0.200054 0.175600 -0.109047 
 0.177249 0.175498 -0.113609 
 0.154444 0.175397 -0.118171 
 0.131639 0.175296 -0.122734 
 0.108835 0.175194 -0.127296 
 0.085699 0.171289 -0.099586 
 0.062834 0.171187 -0.104160 
 0.039970 0.171086 -0.108734 
 0.017105 0.170984 -0.113308 
 -0.005759 0.170883 -0.117882 
 -0.028623 0.170781 -0.122457 
 -0.051832 0.168777 -0.110930 
 -0.074726 0.168675 -0.115510 
 -0.098429 0.164767 -0.087913 
 -0.121383 0.164665 -0.092505 
 -0.144337 0.164563 -0.097097 
 -0.168278 0.160654 -0.069548 
 -0.191292 0.160552 -0.074152 
 -0.214858 0.158546 -0.062697 
 -0.237902 0.158443 -0.067307 
 -0.262171 0.154533 -0.039823 
 -0.285273 0.154430 -0.044445 
 -0.308376 0.154328 -0.049067 
 -0.332884 0.150416 -0.021632 
 -0.356046 0.150313 -0.026265 
 -0.379209 0.150211 -0.030899 
 0.453575 0.140031 0.052825 
 0.429997 0.143789 0.015775 
 0.407043 0.143687 0.011183 
 0.384090 0.143585 0.006591 
 0.361136 0.143483 0.001999 
 0.337857 0.147243 -0.034992 
 0.314829 0.149072 -0.055765 
 0.291965 0.148970 -0.060340 
 0.269101 0.148869 -0.064914 
 0.246149 0.152630 -0.101838 
 0.223345 0.152528 -0.106400 
 0.200540 0.152427 -0.110963 
 0.177735 0.152326 -0.115525 
 0.154930 0.152224 -0.120087 
 0.132126 0.152123 -0.124649 
 0.109321 0.152022 -0.129211 
 0.086186 0.148056 -0.101507 
 0.063712 0.151819 -0.138336 
 0.040457 0.147853 -0.110655 
 0.017593 0.147751 -0.115229 
 -0.005272 0.147649 -0.119803 
 -0.028136 0.147548 -0.124377 
 -0.051344 0.145513 -0.112854 
 -0.074238 0.145411 -0.117434 
 -0.097940 0.141443 -0.089841 
 -0.120027 0.145208 -0.126594 
 -0.143847 0.141239 -0.099025 
 -0.167787 0.137269 -0.071482 
 -0.190801 0.137167 -0.076086 
 -0.213814 0.137065 -0.080690 
 -0.237410 0.135028 -0.069243 
 -0.261678 0.131058 -0.041764 
 -0.284781 0.130955 -0.046386 
 -0.309228 0.126983 -0.018944 
 -0.332390 0.126880 -0.023577 
 -0.355553 0.126777 -0.028211 
 -0.378715 0.126674 -0.032845 
 0.454065 0.116646 0.050892 
 0.431052 0.116544 0.046288 
 0.407533 0.120363 0.009255 
 0.384579 0.120261 0.004663 
 0.361625 0.120159 0.000071 
 0.338345 0.123979 -0.036915 
 0.315317 0.125839 -0.057686 
 0.292453 0.125737 -0.062260 
 0.269588 0.125635 -0.066834 
 0.246724 0.125534 -0.071409 
 0.223860 0.125432 -0.075983 
 0.201026 0.129254 -0.112878 
 0.178221 0.129153 -0.117441 
 0.155417 0.129052 -0.122003 
 0.132612 0.128950 -0.126565 
 0.109538 0.124924 -0.098853 
 0.086674 0.124823 -0.103427 
 0.063809 0.124721 -0.108002 
 0.040945 0.124619 -0.112576 
 0.018080 0.124518 -0.117150 
 -0.004784 0.124416 -0.121724 
 -0.027648 0.124314 -0.126298 
 -0.050856 0.122250 -0.114777 
 -0.073750 0.122148 -0.119357 
 -0.097450 0.118119 -0.091770 
 -0.119539 0.121944 -0.128517 
 -0.143358 0.117915 -0.100954 
 -0.166312 0.117813 -0.105546 
 -0.190310 0.113782 -0.078019 
 -0.213323 0.113680 -0.082623 
 -0.236919 0.111613 -0.071178 
 -0.261185 0.107582 -0.043705 
 -0.284288 0.107479 -0.048327 
 -0.308734 0.103447 -0.020889 
 -0.331896 0.103344 -0.025523 
 -0.356521 0.099311 0.001879 
 -0.379743 0.099208 -0.002766 
 0.454869 0.091271 0.065183 
 0.431543 0.093159 0.044354 
 0.408529 0.093057 0.039750 
 0.385516 0.092955 0.035146 
 0.362502 0.092852 0.030543 
 0.339161 0.096733 -0.006450 
 0.315939 0.100614 -0.043419 
 0.292940 0.102504 -0.064181 
 0.270076 0.102402 -0.068755 
 0.247212 0.102301 -0.073329 
 0.224317 0.106183 -0.110232 
 0.201512 0.106082 -0.114794 
 0.178708 0.105980 -0.119356 
 0.155903 0.105879 -0.123919 
 0.133098 0.105778 -0.128481 
 0.110293 0.105676 -0.133043 
 0.087489 0.105575 -0.137605 
 0.064684 0.105474 -0.142167 
 0.041879 0.105372 -0.146730 
 0.018568 0.101284 -0.119071 
 -0.004297 0.101183 -0.123645 
 -0.027161 0.101081 -0.128219 
 -0.050025 0.100980 -0.132793 
 -0.073262 0.098884 -0.121280 
 -0.096961 0.094795 -0.093698 
 -0.119051 0.098681 -0.130441 
 -0.142869 0.094591 -0.102882 
 -0.165822 0.094489 -0.107474 
 -0.189819 0.090398 -0.079952 
 -0.212833 0.090295 -0.084556 
 -0.236428 0.088198 -0.073114 
 -0.260693 0.084106 -0.045646 
 -0.283796 0.084004 -0.050268 
 -0.308240 0.079911 -0.022835 
 -0.331402 0.079808 -0.027469 
 -0.354565 0.079705 -0.032103 
 -0.377727 0.079602 -0.036737 
 0.455360 0.067855 0.063247 
 0.432317 0.067753 0.058637 
 0.409020 0.069672 0.037817 
 0.386006 0.069570 0.033213 
 0.362993 0.069468 0.028609 
 0.339650 0.073409 -0.008378 
 0.316427 0.077350 -0.045342 
 0.293428 0.079271 -0.066102 
 0.270563 0.079169 -0.070676 
 0.247699 0.079067 -0.075250 
 0.224835 0.078966 -0.079824 
 0.201999 0.082909 -0.116710 
 0.179194 0.082808 -0.121272 
 0.156389 0.082706 -0.125834 
 0.133377 0.078559 -0.098121 
 0.110513 0.078458 -0.102695 
 0.087975 0.082402 -0.139521 
 0.064784 0.078254 -0.111843 
 0.042365 0.082200 -0.148645 
 0.019055 0.078051 -0.120991 
 -0.003809 0.077950 -0.125566 
 -0.026673 0.077848 -0.130140 
 -0.049538 0.077746 -0.134714 
 -0.072774 0.075621 -0.123204 
 -0.096472 0.071470 -0.095626 
 -0.118562 0.075417 -0.132364 
 -0.142379 0.071266 -0.104810 
 -0.165333 0.071164 -0.109402 
 -0.189329 0.067013 -0.081886 
 -0.212342 0.066911 -0.086490 
 -0.235936 0.064783 -0.075050 
 -0.260200 0.060631 -0.047587 
 -0.283303 0.060528 -0.052209 
 -0.307746 0.056375 -0.024781 
 -0.330908 0.056272 -0.029415 
 -0.354071 0.056169 -0.034049 
 -0.377233 0.056066 -0.038682 
 0.480271 0.036338 0.130821 
 0.456480 0.040338 0.093750 
 0.432808 0.044338 0.056702 
 0.409765 0.044236 0.052092 
 0.386722 0.044133 0.047482 
 0.363484 0.046083 0.026676 
 0.340470 0.045981 0.022072 
 0.317186 0.049982 -0.014898 
 0.293915 0.056037 -0.068023 
 0.271051 0.055936 -0.072597 
 0.248187 0.055834 -0.077171 
 0.225322 0.055732 -0.081745 
 0.202485 0.059736 -0.118626 
 0.179680 0.059635 -0.123188 
 0.156875 0.059534 -0.127750 
 0.133865 0.055326 -0.100042 
 0.111000 0.055224 -0.104616 
 0.088461 0.059230 -0.141437 
 0.065657 0.059128 -0.145999 
 0.042852 0.059027 -0.150561 
 0.019543 0.054818 -0.122912 
 -0.003322 0.054716 -0.127486 
 -0.026186 0.054615 -0.132061 
 -0.049050 0.054513 -0.136635 
 -0.072286 0.052357 -0.125127 
 -0.095180 0.052255 -0.129707 
 -0.118074 0.052154 -0.134287 
 -0.140968 0.052052 -0.138867 
 -0.164843 0.047840 -0.111331 
 -0.188838 0.043628 -0.083819 
 -0.212402 0.041471 -0.072376 
 -0.235445 0.041368 -0.076986 
 -0.259708 0.037155 -0.049527 
 -0.282811 0.037052 -0.054149 
 -0.307252 0.032838 -0.026727 
 -0.330414 0.032735 -0.031361 
 -0.353577 0.032633 -0.035995 
 -0.376740 0.032530 -0.040628 
 0.480765 0.012802 0.128875 
 0.456973 0.016862 0.091809 
 0.433870 0.016760 0.087187 
 0.410256 0.020821 0.050156 
 0.387213 0.020718 0.045546 
 0.364170 0.020616 0.040936 
 0.340961 0.022596 0.020139 
 0.317675 0.026658 -0.016827 
 0.294509 0.030721 -0.053769 
 0.271538 0.032702 -0.074518 
 0.248674 0.032601 -0.079092 
 0.225810 0.032499 -0.083666 
 0.202945 0.032398 -0.088240 
 0.180081 0.032296 -0.092814 
 0.157217 0.032194 -0.097388 
 0.134352 0.032093 -0.101962 
 0.111488 0.031991 -0.106537 
 0.088624 0.031889 -0.111111 
 0.065759 0.031788 -0.115685 
 0.042895 0.031686 -0.120259 
 0.020030 0.031585 -0.124833 
 -0.002834 0.031483 -0.129407 
 -0.026009 0.029297 -0.117890 
 -0.048903 0.029195 -0.122470 
 -0.072539 0.024924 -0.094891 
 -0.095493 0.024822 -0.099483 
 -0.117586 0.028890 -0.136211 
 -0.140480 0.028788 -0.140791 
 -0.164354 0.024516 -0.113259 
 -0.188347 0.020244 -0.085752 
 -0.211361 0.020141 -0.090356 
 -0.234954 0.017953 -0.078922 
 -0.259215 0.013680 -0.051468 
 -0.282318 0.013577 -0.056090 
 -0.306758 0.009302 -0.028673 
 -0.329921 0.009199 -0.033307 
 -0.353083 0.009096 -0.037940 
 0.481259 -0.010734 0.126929 
 0.457465 -0.006613 0.089868 
 0.434363 -0.006716 0.085246 
 0.410748 -0.002594 0.048220 
 0.387705 -0.002697 0.043610 
 0.364661 -0.002799 0.039000 
 0.341452 -0.000789 0.018205 
 0.318165 0.003334 -0.018755 
 0.294997 0.007458 -0.055692 
 0.272026 0.009469 -0.076438 
 0.249162 0.009367 -0.081013 
 0.226297 0.009266 -0.085587 
 0.203433 0.009164 -0.090161 
 0.180568 0.009063 -0.094735 
 0.157704 0.008961 -0.099309 
 0.134840 0.008859 -0.103883 
 0.111844 0.006644 -0.092333 
 0.088950 0.006542 -0.096913 
 0.066247 0.008555 -0.117606 
 0.043382 0.008453 -0.122180 
 0.020267 0.006237 -0.110653 
 -0.002627 0.006135 -0.115233 
 -0.025521 0.006033 -0.119813 
 -0.048415 0.005932 -0.124393 
 -0.072050 0.001600 -0.096819 
 -0.095803 -0.002732 -0.069270 
 -0.117957 0.001396 -0.106003 
 -0.140911 0.001294 -0.110595 
 -0.164843 -0.003039 -0.083082 
 -0.187857 -0.003141 -0.087686 
 -0.211419 -0.005359 -0.076248 
 -0.234462 -0.005462 -0.080857 
 -0.258722 -0.009796 -0.053409 
 -0.281825 -0.009899 -0.058031 
 -0.306264 -0.014234 -0.030619 
 -0.329427 -0.014337 -0.035252 
 -0.352589 -0.014440 -0.039886 
 0.457958 -0.030089 0.087927 
 0.434855 -0.030192 0.083305 
 0.411752 -0.030294 0.078683 
 0.388196 -0.026112 0.041674 
 0.365153 -0.026214 0.037064 
 0.342109 -0.026317 0.032455 
 0.318929 -0.024276 0.011668 
 0.295485 -0.015806 -0.057615 
 0.272591 -0.015907 -0.062195 
 0.249697 -0.016009 -0.066776 
 0.226785 -0.013967 -0.087507 
 0.203909 -0.016213 -0.075936 
 0.181014 -0.016314 -0.080516 
 0.158120 -0.016416 -0.085096 
 0.135226 -0.016518 -0.089676 
 0.112463 -0.014475 -0.110378 
 0.089599 -0.014577 -0.114952 
 0.066734 -0.014679 -0.119526 
 0.043870 -0.014780 -0.124101 
 0.020755 -0.017027 -0.112577 
 -0.002139 -0.017128 -0.117157 
 -0.025033 -0.017230 -0.121737 
 -0.047927 -0.017332 -0.126317 
 -0.071560 -0.021724 -0.098747 
 -0.094514 -0.021826 -0.103339 
 -0.117468 -0.021928 -0.107932 
 -0.140422 -0.022030 -0.112524 
 -0.164353 -0.026424 -0.085015 
 -0.187366 -0.026526 -0.089619 
 -0.210928 -0.028774 -0.078183 
 -0.233971 -0.028877 -0.082793 
 -0.258230 -0.033272 -0.055350 
 -0.281333 -0.033374 -0.059972 
 -0.305771 -0.037770 -0.032565 
 -0.328933 -0.037873 -0.037198 
 -0.352095 -0.037976 -0.041832 
 0.459084 -0.057909 0.118404 
 0.435922 -0.058012 0.113770 
 0.412759 -0.058115 0.109136 
 0.389597 -0.058218 0.104503 
 0.366039 -0.053975 0.067499 
 0.342601 -0.049732 0.030519 
 0.319558 -0.049834 0.025909 
 0.296190 -0.043416 -0.027203 
 0.273079 -0.039171 -0.064119 
 0.250185 -0.039273 -0.068699 
 0.227272 -0.037201 -0.089428 
 0.204397 -0.039476 -0.077859 
 0.181503 -0.039578 -0.082439 
 0.158608 -0.039680 -0.087019 
 0.135513 -0.044130 -0.059348 
 0.112950 -0.037709 -0.112299 
 0.089926 -0.039985 -0.100760 
 0.067032 -0.040087 -0.105340 
 0.044138 -0.040188 -0.109920 
 0.021243 -0.040290 -0.114500 
 -0.001651 -0.040392 -0.119080 
 -0.024545 -0.040494 -0.123660 
 -0.048117 -0.044946 -0.096084 
 -0.071071 -0.045048 -0.100676 
 -0.094822 -0.049502 -0.073136 
 -0.116978 -0.045252 -0.109860 
 -0.140848 -0.049706 -0.082344 
 -0.164350 -0.051984 -0.070899 
 -0.187393 -0.052087 -0.075509 
 -0.211531 -0.056542 -0.048047 
 -0.234634 -0.056645 -0.052669 
 -0.257737 -0.056747 -0.057291 
 -0.280840 -0.056850 -0.061913 
 -0.305277 -0.061306 -0.034510 
 -0.328439 -0.061409 -0.039144 
 0.459578 -0.081446 0.116458 
 0.436991 -0.085954 0.144226 
 0.413769 -0.086058 0.139580 
 0.390091 -0.081754 0.102557 
 0.366929 -0.081857 0.097923 
 0.343429 -0.077553 0.060936 
 0.320049 -0.073249 0.023973 
 0.296679 -0.066740 -0.029132 
 0.273725 -0.066842 -0.033724 
 0.250673 -0.062536 -0.070622 
 0.227779 -0.062638 -0.075202 
 0.204885 -0.062740 -0.079782 
 0.181991 -0.062841 -0.084362 
 0.159097 -0.062943 -0.088943 
 0.136003 -0.067454 -0.061276 
 0.113049 -0.067556 -0.065868 
 0.090095 -0.067658 -0.070460 
 0.067141 -0.067760 -0.075052 
 0.044626 -0.063452 -0.111843 
 0.021234 -0.067964 -0.084236 
 -0.001162 -0.063655 -0.121003 
 -0.024674 -0.068168 -0.093420 
 -0.047628 -0.068270 -0.098012 
 -0.070581 -0.068372 -0.102604 
 -0.094331 -0.072886 -0.075070 
 -0.116489 -0.068576 -0.111788 
 -0.140358 -0.073091 -0.084278 
 -0.163859 -0.075399 -0.072835 
 -0.186902 -0.075502 -0.077445 
 -0.211039 -0.080018 -0.049988 
 -0.234142 -0.080120 -0.054610 
 -0.258458 -0.084637 -0.027189 
 -0.281620 -0.084740 -0.031822 
 -0.304783 -0.084842 -0.036456 
 -0.327945 -0.084945 -0.041090 
 0.437486 -0.109551 0.142275 
 0.413747 -0.105188 0.105245 
 0.391042 -0.109758 0.132984 
 0.367422 -0.105393 0.095977 
 0.343922 -0.101029 0.058995 
 0.320540 -0.096664 0.022037 
 0.297497 -0.096766 0.017427 
 0.274215 -0.090166 -0.035652 
 0.251261 -0.090268 -0.040244 
 0.228307 -0.090370 -0.044836 
 0.205354 -0.090472 -0.049428 
 0.182400 -0.090574 -0.054020 
 0.159446 -0.090676 -0.058612 
 0.136492 -0.090778 -0.063204 
 0.113538 -0.090880 -0.067796 
 0.090267 -0.095453 -0.040171 
 0.067631 -0.091084 -0.076980 
 0.044677 -0.091186 -0.081572 
 0.021723 -0.091288 -0.086164 
 -0.001231 -0.091390 -0.090756 
 -0.024184 -0.091492 -0.095348 
 -0.047138 -0.091594 -0.099940 
 -0.070827 -0.096169 -0.072399 
 -0.093840 -0.096271 -0.077003 
 -0.116854 -0.096373 -0.081607 
 -0.139867 -0.096476 -0.086211 
 -0.163367 -0.098814 -0.074771 
 -0.186411 -0.098917 -0.079381 
 -0.210546 -0.103493 -0.051929 
 -0.234801 -0.108070 -0.024501 
 -0.257964 -0.108173 -0.029134 
 -0.281126 -0.108276 -0.033768 
 -0.304289 -0.108379 -0.038402 
 -0.328842 -0.112957 -0.011033 
 -0.352064 -0.113060 -0.015678 
 0.414241 -0.128724 0.103299 
 0.391537 -0.133354 0.131033 
 0.368315 -0.133458 0.126387 
 0.344754 -0.129033 0.089398 
 0.321311 -0.124607 0.052433 
 0.297878 -0.117917 -0.000669 
 0.274865 -0.118019 -0.005273 
 0.251851 -0.118122 -0.009877 
 0.228838 -0.118224 -0.014481 
 0.205825 -0.118326 -0.019085 
 0.182811 -0.118428 -0.023689 
 0.159798 -0.118531 -0.028293 
 0.136784 -0.118633 -0.032897 
 0.113771 -0.118735 -0.037501 
 0.090758 -0.118838 -0.042105 
 0.067744 -0.118940 -0.046709 
 0.044731 -0.119042 -0.051313 
 0.021717 -0.119144 -0.055917 
 -0.001296 -0.119247 -0.060520 
 -0.024309 -0.119349 -0.065124 
 -0.047323 -0.119451 -0.069728 
 -0.070336 -0.119553 -0.074332 
 -0.093350 -0.119656 -0.078936 
 -0.116363 -0.119758 -0.083540 
 -0.139376 -0.119860 -0.088144 
 -0.162876 -0.122230 -0.076707 
 -0.186951 -0.126866 -0.049248 
 -0.210054 -0.126969 -0.053870 
 -0.234308 -0.131606 -0.026447 
 -0.257470 -0.131709 -0.031080 
 -0.281903 -0.136347 -0.003692 
 -0.305125 -0.136450 -0.008338 
 -0.328347 -0.136554 -0.012983 
 -0.351569 -0.136657 -0.017629 
 0.392032 -0.156951 0.129082 
 0.369010 -0.159348 0.140612 
 0.345588 -0.157157 0.119791 
 0.322085 -0.152672 0.082818 
 0.298923 -0.152775 0.078184 
 0.275436 -0.143699 0.008946 
 0.252342 -0.141506 -0.011810 
 0.229329 -0.141609 -0.016414 
 0.206315 -0.141711 -0.021018 
 0.183302 -0.141813 -0.025622 
 0.160289 -0.141915 -0.030226 
 0.137275 -0.142018 -0.034830 
 0.114262 -0.142120 -0.039434 
 0.091248 -0.142222 -0.044038 
 0.068235 -0.142325 -0.048642 
 0.045222 -0.142427 -0.053246 
 0.022208 -0.142529 -0.057850 
 -0.000805 -0.142631 -0.062454 
 -0.023819 -0.142734 -0.067058 
 -0.046832 -0.142836 -0.071662 
 -0.069846 -0.142938 -0.076266 
 -0.093255 -0.145337 -0.064813 
 -0.116298 -0.145440 -0.069423 
 -0.139341 -0.145542 -0.074033 
 -0.163355 -0.150239 -0.046567 
 -0.186458 -0.150342 -0.051189 
 -0.210651 -0.155039 -0.023759 
 -0.233814 -0.155142 -0.028392 
 -0.258186 -0.159841 -0.000997 
 -0.281408 -0.159944 -0.005643 
 -0.304630 -0.160047 -0.010289 
 -0.327852 -0.160150 -0.014934 
 -0.351074 -0.160253 -0.019580 
 0.369506 -0.182975 0.138658 
 0.346083 -0.180754 0.117840 
 0.322579 -0.176208 0.080872 
 0.299194 -0.171661 0.043929 
 0.275928 -0.167114 0.007010 
 0.252885 -0.167216 0.002400 
 0.229841 -0.167319 -0.002210 
 0.206798 -0.167421 -0.006820 
 0.183755 -0.167523 -0.011430 
 0.160712 -0.167626 -0.016040 
 0.137669 -0.167728 -0.020650 
 0.114753 -0.165505 -0.041367 
 0.091739 -0.165607 -0.045971 
 0.068726 -0.165709 -0.050575 
 0.045712 -0.165812 -0.055179 
 0.022699 -0.165914 -0.059783 
 -0.000315 -0.166016 -0.064387 
 -0.023328 -0.166118 -0.068991 
 -0.046341 -0.166221 -0.073595 
 -0.069355 -0.166323 -0.078199 
 -0.092764 -0.168752 -0.066749 
 -0.115807 -0.168855 -0.071359 
 -0.138850 -0.168957 -0.075968 
 -0.162863 -0.173715 -0.048508 
 -0.185966 -0.173817 -0.053129 
 -0.210157 -0.178575 -0.025704 
 -0.233320 -0.178678 -0.030338 
 -0.257691 -0.183437 -0.002948 
 -0.280913 -0.183541 -0.007594 
 -0.304135 -0.183644 -0.012239 
 -0.327357 -0.183747 -0.016885 
 -0.350579 -0.183850 -0.021531 
 0.323073 -0.199744 0.078926 
 0.299686 -0.195137 0.041988 
 0.276584 -0.195239 0.037367 
 0.253481 -0.195342 0.032745 
 0.230333 -0.190734 -0.004146 
 0.207289 -0.190836 -0.008756 
 0.184172 -0.195650 0.018879 
 0.161203 -0.191041 -0.017975 
 0.138160 -0.191143 -0.022585 
 0.115117 -0.191246 -0.027195 
 0.092073 -0.191348 -0.031805 
 0.069030 -0.191450 -0.036415 
 0.046203 -0.189196 -0.057113 
 0.023189 -0.189299 -0.061716 
 0.000176 -0.189401 -0.066320 
 -0.022837 -0.189503 -0.070924 
 -0.046186 -0.191962 -0.059465 
 -0.069229 -0.192065 -0.064075 
 -0.093062 -0.196882 -0.036583 
 -0.116165 -0.196985 -0.041205 
 -0.139268 -0.197087 -0.045827 
 -0.163339 -0.201906 -0.018383 
 -0.186501 -0.202009 -0.023017 
 -0.209664 -0.202112 -0.027650 
 -0.233973 -0.206931 -0.000253 
 -0.255988 -0.202317 -0.036918 
 -0.280417 -0.207137 -0.009545 
 -0.303639 -0.207241 -0.014190 
 -0.326862 -0.207344 -0.018836 
 0.277076 -0.218715 0.035426 
 0.253973 -0.218818 0.030804 
 0.230871 -0.218920 0.026182 
 0.207768 -0.219023 0.021560 
 0.184592 -0.223898 0.049178 
 0.161562 -0.219228 0.012317 
 0.138459 -0.219331 0.007695 
 0.115608 -0.214661 -0.029131 
 0.092565 -0.214763 -0.033741 
 0.069707 -0.212479 -0.054442 
 0.046694 -0.212581 -0.059046 
 0.023680 -0.212683 -0.063650 
 0.000667 -0.212786 -0.068254 
 -0.022347 -0.212888 -0.072858 
 -0.045695 -0.215378 -0.061400 
 -0.068738 -0.215480 -0.066010 
 -0.092569 -0.220358 -0.038524 
 -0.115672 -0.220460 -0.043146 
 -0.139682 -0.225339 -0.015695 
 -0.162845 -0.225442 -0.020329 
 -0.186007 -0.225545 -0.024962 
 -0.209170 -0.225648 -0.029596 
 -0.233478 -0.230528 -0.002204 
 -0.255495 -0.225854 -0.038864 
 -0.279922 -0.230734 -0.011495 
 -0.303144 -0.230837 -0.016141 
 -0.326366 -0.230941 -0.020787 
 0.277569 -0.242191 0.033485 
 0.254466 -0.242293 0.028863 
 0.231363 -0.242396 0.024241 
 0.208260 -0.242499 0.019619 
 0.185086 -0.247434 0.047232 
 0.162055 -0.242704 0.010376 
 0.138952 -0.242807 0.005754 
 0.116099 -0.238076 -0.031067 
 0.093056 -0.238178 -0.035677 
 0.070013 -0.238281 -0.040287 
 0.046969 -0.238383 -0.044897 
 0.024171 -0.236068 -0.065583 
 0.001157 -0.236170 -0.070187 
 -0.021856 -0.236272 -0.074791 
 -0.045203 -0.238793 -0.063336 
 -0.068247 -0.238895 -0.067946 
 -0.092077 -0.243833 -0.040465 
 -0.115179 -0.243936 -0.045086 
 -0.139189 -0.248875 -0.017641 
 -0.162351 -0.248978 -0.022274 
 -0.185513 -0.249081 -0.026908 
 -0.209761 -0.254021 0.000491 
 -0.232983 -0.254125 -0.004155 
 -0.255001 -0.249390 -0.040809 
 -0.278163 -0.249493 -0.045443 
 -0.301326 -0.249596 -0.050077 
 -0.325871 -0.254537 -0.022738 
 0.278061 -0.265666 0.031544 
 0.254958 -0.265769 0.026922 
 0.231856 -0.265872 0.022300 
 0.208742 -0.270867 0.049920 
 0.185580 -0.270970 0.045286 
 0.162547 -0.266180 0.008435 
 0.139444 -0.266282 0.003813 
 0.116590 -0.261491 -0.033003 
 0.093547 -0.261593 -0.037613 
 0.070504 -0.261696 -0.042223 
 0.047461 -0.261798 -0.046832 
 0.024418 -0.261900 -0.051442 
 0.001374 -0.262003 -0.056052 
 -0.021669 -0.262105 -0.060662 
 -0.044712 -0.262208 -0.065272 
 -0.067755 -0.262310 -0.069882 
 -0.091584 -0.267309 -0.042405 
 -0.115532 -0.272308 -0.014953 
 -0.138695 -0.272411 -0.019586 
 -0.161857 -0.272514 -0.024220 
 -0.186044 -0.277515 0.003186 
 -0.209266 -0.277618 -0.001460 
 -0.232488 -0.277721 -0.006106 
 -0.254507 -0.272926 -0.042755 
 -0.278932 -0.277928 -0.015397 
 -0.302154 -0.278031 -0.020043 
 0.278724 -0.294095 0.061876 
 0.255561 -0.294198 0.057242 
 0.232398 -0.294300 0.052608 
 0.209236 -0.294403 0.047974 
 0.186004 -0.299460 0.075566 
 0.162911 -0.294609 0.038707 
 0.139937 -0.289758 0.001872 
 0.117082 -0.284906 -0.034939 
 0.094039 -0.285008 -0.039548 
 0.070995 -0.285111 -0.044158 
 0.047952 -0.285213 -0.048768 
 0.025152 -0.282837 -0.069450 
 0.002139 -0.282940 -0.074054 
 -0.020875 -0.283042 -0.078658 
 -0.044221 -0.285623 -0.067208 
 -0.067989 -0.290682 -0.039724 
 -0.091092 -0.290784 -0.044346 
 -0.115038 -0.295845 -0.016899 
 -0.138201 -0.295947 -0.021532 
 -0.162327 -0.301008 0.005881 
 -0.185549 -0.301112 0.001235 
 -0.208771 -0.301215 -0.003411 
 -0.231993 -0.301318 -0.008057 
 -0.255215 -0.301421 -0.012702 
 -0.278437 -0.301524 -0.017348 
 -0.301659 -0.301628 -0.021994 
 0.279388 -0.322644 0.092198 
 0.256166 -0.322748 0.087552 
 0.232944 -0.322851 0.082906 
 0.209722 -0.322954 0.078261 
 0.186499 -0.323057 0.073615 
 0.163405 -0.318145 0.036761 
 0.140429 -0.313233 -0.000069 
 0.117326 -0.313336 -0.004690 
 0.094530 -0.308423 -0.041484 
 0.071487 -0.308526 -0.046094 
 0.048443 -0.308628 -0.050704 
 0.025400 -0.308730 -0.055314 
 0.002357 -0.308833 -0.059924 
 -0.020686 -0.308935 -0.064534 
 -0.044393 -0.314055 -0.037043 
 -0.067496 -0.314157 -0.041665 
 -0.090599 -0.314260 -0.046287 
 -0.115387 -0.324399 0.013221 
 -0.138609 -0.324502 0.008575 
 -0.161831 -0.324605 0.003930 
 -0.185054 -0.324708 -0.000716 
 -0.208276 -0.324812 -0.005362 
 -0.231498 -0.324915 -0.010007 
 -0.254720 -0.325018 -0.014653 
 -0.277942 -0.325121 -0.019299 
 -0.301164 -0.325224 -0.023944 
 0.233439 -0.346448 0.080956 
 0.210217 -0.346551 0.076310 
 0.186995 -0.346654 0.071664 
 0.163899 -0.341682 0.034815 
 0.140922 -0.336709 -0.002009 
 0.118064 -0.331736 -0.038810 
 0.095021 -0.331838 -0.043420 
 0.071978 -0.331941 -0.048030 
 0.048935 -0.332043 -0.052640 
 0.025892 -0.332145 -0.057250 
 0.002848 -0.332248 -0.061860 
 -0.020195 -0.332350 -0.066470 
 -0.043901 -0.337530 -0.038984 
 -0.067726 -0.342711 -0.011523 
 -0.090888 -0.342814 -0.016156 
 -0.114892 -0.347996 0.011270 
 -0.138114 -0.348099 0.006625 
 -0.161336 -0.348202 0.001979 
 -0.184558 -0.348305 -0.002667 
 -0.207781 -0.348408 -0.007313 
 -0.231572 -0.351051 0.004042 
 -0.254225 -0.348615 -0.016604 
 -0.277447 -0.348718 -0.021250 
 -0.300669 -0.348821 -0.025895 
 0.210712 -0.370148 0.074359 
 0.187490 -0.370251 0.069713 
 0.164393 -0.365218 0.032869 
 0.141415 -0.360185 -0.003950 
 0.118556 -0.355151 -0.040746 
 0.095513 -0.355253 -0.045356 
 0.072469 -0.355356 -0.049966 
 0.049426 -0.355458 -0.054576 
 0.026383 -0.355560 -0.059186 
 0.003340 -0.355663 -0.063796 
 -0.020305 -0.360903 -0.036303 
 -0.043408 -0.361006 -0.040925 
 -0.067232 -0.366247 -0.013468 
 -0.091175 -0.371489 0.013965 
 -0.114397 -0.371592 0.009319 
 -0.137619 -0.371696 0.004674 
 -0.161321 -0.374369 0.016043 
 -0.184063 -0.371902 -0.004618 
 -0.207285 -0.372005 -0.009263 
 -0.231077 -0.374678 0.002088 
 -0.253729 -0.372212 -0.018555 
 -0.276951 -0.372315 -0.023200 
 -0.300173 -0.372418 -0.027846 
 0.141907 -0.383660 -0.005891 
 0.119047 -0.378566 -0.042682 
 0.096004 -0.378668 -0.047292 
 0.072961 -0.378771 -0.051902 
 0.049496 -0.384071 -0.024378 
 0.026393 -0.384174 -0.029000 
 0.003290 -0.384276 -0.033622 
 -0.020413 -0.389578 -0.006147 
 -0.044236 -0.394879 0.021306 
 -0.067458 -0.394983 0.016660 
 -0.091070 -0.397686 0.028045 
 -0.113902 -0.395189 0.007368 
 -0.137573 -0.397892 0.018742 
 -0.160825 -0.397996 0.014090 
 -0.184077 -0.398099 0.009438 
 -0.207329 -0.398202 0.004787 
 -0.230581 -0.398306 0.000135 
 -0.253234 -0.395808 -0.020506 
 -0.276456 -0.395911 -0.025151 
 0.119297 -0.407238 -0.012454 
 0.096194 -0.407341 -0.017076 
 0.073091 -0.407444 -0.021697 
 0.049568 -0.412805 0.005809 
 0.026886 -0.407649 -0.030941 
 0.003243 -0.413011 -0.003459 
 -0.019919 -0.413114 -0.008093 
 -0.043740 -0.418476 0.019355 
 -0.066963 -0.418579 0.014709 
 -0.090574 -0.421313 0.026092 
 -0.113407 -0.418786 0.005418 
 -0.137077 -0.421519 0.016788 
 -0.160329 -0.421623 0.012137 
 -0.183073 -0.419095 -0.008519 
 -0.206295 -0.419199 -0.013165 
 -0.229517 -0.419302 -0.017811 
 -0.252739 -0.419405 -0.022456 
 -0.275961 -0.419508 -0.027102 
 0.142712 -0.435929 0.022398 
 0.119789 -0.430714 -0.014395 
 0.096687 -0.430817 -0.019016 
 0.073584 -0.430919 -0.023638 
 0.050062 -0.436341 0.003863 
 0.026900 -0.436444 -0.000771 
 0.003737 -0.436547 -0.005405 
 -0.020023 -0.441970 0.022050 
 -0.043245 -0.442073 0.017404 
 -0.066467 -0.442176 0.012758 
 -0.090078 -0.444940 0.024138 
 -0.112912 -0.442382 0.003467 
 -0.136582 -0.445146 0.014835 
 -0.159356 -0.442589 -0.005825 
 -0.182578 -0.442692 -0.010470 
 -0.205800 -0.442795 -0.015116 
 -0.229022 -0.442899 -0.019762 
 -0.252244 -0.443002 -0.024407 
 -0.275466 -0.443105 -0.029053 
 0.143206 -0.459465 0.020452 
 0.120043 -0.459568 0.015818 
 0.096881 -0.459671 0.011185 
 0.073718 -0.459774 0.006551 
 0.050556 -0.459877 0.001917 
 0.026916 -0.465360 0.029390 
 0.003694 -0.465463 0.024744 
 -0.019528 -0.465566 0.020099 
 -0.042750 -0.465670 0.015453 
 -0.066330 -0.468463 0.026837 
 -0.089582 -0.468567 0.022185 
 -0.112417 -0.465979 0.001516 
 -0.135639 -0.466082 -0.003130 
 -0.158861 -0.466186 -0.007775 
 -0.182083 -0.466289 -0.012421 
 -0.205305 -0.466392 -0.017067 
 -0.228527 -0.466495 -0.021712 
 -0.251749 -0.466599 -0.026358 
 -0.274971 -0.466702 -0.031004 
 0.166862 -0.482899 0.023140 
 0.143700 -0.483002 0.018506 
 0.120537 -0.483105 0.013872 
 0.097375 -0.483208 0.009239 
 0.074212 -0.483310 0.004605 
 0.050633 -0.488854 0.032085 
 0.027411 -0.488957 0.027439 
 0.004189 -0.489060 0.022794 
 -0.019033 -0.489163 0.018148 
 -0.042583 -0.491987 0.029535 
 -0.065835 -0.492090 0.024883 
 -0.089086 -0.492194 0.020232 
 -0.111921 -0.489576 -0.000435 
 -0.135143 -0.489679 -0.005081 
 -0.158365 -0.489782 -0.009726 
 -0.181588 -0.489886 -0.014372 
 -0.204810 -0.489989 -0.019018 
 -0.228032 -0.490092 -0.023663 
 -0.251254 -0.490195 -0.028309 
 0.190461 -0.511831 0.058008 
 0.167239 -0.511934 0.053363 
 0.144017 -0.512038 0.048717 
 0.120795 -0.512141 0.044071 
 0.097572 -0.512244 0.039426 
 0.074351 -0.512347 0.034780 
 0.051128 -0.512450 0.030134 
 0.027906 -0.512554 0.025488 
 0.004417 -0.515407 0.036885 
 -0.018835 -0.515511 0.032233 
 -0.042087 -0.515614 0.027582 
 -0.065339 -0.515717 0.022930 
 -0.088591 -0.515821 0.018278 
 -0.111426 -0.513173 -0.002386 
 -0.134648 -0.513276 -0.007031 
 -0.157870 -0.513379 -0.011677 
 -0.181092 -0.513482 -0.016323 
 -0.203243 -0.508082 -0.052946 
 -0.226406 -0.508185 -0.057580 
 0.190956 -0.535428 0.056057 
 0.167676 -0.538311 0.067493 
 0.144512 -0.535634 0.046766 
 0.121290 -0.535738 0.042120 
 0.098068 -0.535841 0.037475 
 0.074846 -0.535944 0.032829 
 0.051624 -0.536047 0.028183 
 0.028401 -0.536150 0.023538 
 0.004913 -0.539034 0.034932 
 -0.018339 -0.539138 0.030280 
 -0.041591 -0.539241 0.025628 
 -0.064843 -0.539344 0.020977 
 -0.088095 -0.539448 0.016325 
 -0.110931 -0.536770 -0.004337 
 -0.134153 -0.536873 -0.008982 
 -0.157375 -0.536976 -0.013628 
 -0.180597 -0.537079 -0.018274 
 -0.202749 -0.531618 -0.054892 
 -0.225912 -0.531721 -0.059526 
 0.168172 -0.561938 0.065540 
 0.144920 -0.562042 0.060888 
 0.121668 -0.562145 0.056236 
 0.098563 -0.559438 0.035524 
 0.075341 -0.559541 0.030878 
 0.052119 -0.559644 0.026233 
 0.028896 -0.559747 0.021587 
 0.005674 -0.559850 0.016941 
 -0.017843 -0.562765 0.028327 
 -0.041095 -0.562868 0.023675 
 -0.064347 -0.562972 0.019023 
 -0.088370 -0.568699 0.046399 
 -0.110851 -0.563178 0.009720 
 -0.134103 -0.563281 0.005068 
 -0.156880 -0.560573 -0.015579 
 -0.180102 -0.560676 -0.020224 
 -0.202255 -0.555154 -0.056838 
 -0.225418 -0.555257 -0.061472 
 0.168667 -0.585565 0.063586 
 0.145415 -0.585669 0.058935 
 0.122280 -0.582931 0.038219 
 0.099058 -0.583034 0.033573 
 0.075836 -0.583138 0.028927 
 0.052614 -0.583241 0.024282 
 0.029156 -0.586185 0.035676 
 0.005904 -0.586289 0.031025 
 -0.017938 -0.592075 0.058431 
 -0.041249 -0.592179 0.053768 
 -0.064561 -0.592282 0.049104 
 -0.087873 -0.592386 0.044440 
 -0.111184 -0.592490 0.039777 
 -0.133607 -0.586909 0.003115 
 -0.156385 -0.584169 -0.017530 
 -0.179607 -0.584273 -0.022175 
 -0.201762 -0.578690 -0.058784 
 -0.224924 -0.578793 -0.063417 
 0.169163 -0.609192 0.061633 
 0.145740 -0.615038 0.089118 
 0.122660 -0.609399 0.052330 
 0.099408 -0.609502 0.047678 
 0.076156 -0.609606 0.043026 
 0.052904 -0.609709 0.038375 
 0.029652 -0.609812 0.033723 
 0.005870 -0.615659 0.061136 
 -0.017441 -0.615763 0.056473 
 -0.040752 -0.615867 0.051809 
 -0.064772 -0.621715 0.079174 
 -0.088143 -0.621818 0.074499 
 -0.110687 -0.616177 0.037819 
 -0.133998 -0.616281 0.033155 
 -0.156363 -0.610639 -0.003490 
 -0.179112 -0.607869 -0.024126 
 -0.201268 -0.602227 -0.060729 
 -0.224430 -0.602330 -0.065363 
 0.169548 -0.638622 0.091823 
 0.146237 -0.638725 0.087160 
 0.123270 -0.630125 0.034317 
 0.099903 -0.633129 0.045725 
 0.076652 -0.633233 0.041073 
 0.053400 -0.633336 0.036421 
 0.030148 -0.633439 0.031770 
 0.006367 -0.639347 0.059178 
 -0.016944 -0.639451 0.054514 
 -0.040255 -0.639554 0.049851 
 -0.064274 -0.645463 0.077211 
 -0.087645 -0.645567 0.072535 
 -0.110190 -0.639865 0.035860 
 -0.132615 -0.634163 -0.000792 
 -0.155867 -0.634266 -0.005443 
 -0.178617 -0.631466 -0.026077 
 -0.200774 -0.625763 -0.062675 
 -0.223936 -0.625866 -0.067309 
 0.170045 -0.662309 0.089865 
 0.146903 -0.656550 0.053075 
 0.123765 -0.653721 0.032366 
 0.100399 -0.656756 0.043771 
 0.077147 -0.656860 0.039120 
 0.053895 -0.656963 0.034468 
 0.030643 -0.657066 0.029816 
 0.006865 -0.663035 0.057220 
 -0.016447 -0.663138 0.052556 
 -0.039758 -0.663242 0.047893 
 -0.063776 -0.669211 0.075247 
 -0.087147 -0.669315 0.070572 
 -0.109693 -0.663553 0.033902 
 -0.133004 -0.663656 0.029238 
 -0.155372 -0.657893 -0.007397 
 -0.178122 -0.655063 -0.028028 
 -0.201344 -0.655166 -0.032674 
 -0.224566 -0.655269 -0.037319 
 0.170542 -0.685997 0.087906 
 0.147399 -0.680177 0.051121 
 0.124260 -0.677318 0.030415 
 0.101038 -0.677421 0.025770 
 0.077643 -0.680487 0.037166 
 0.054391 -0.680590 0.032515 
 0.030673 -0.686619 0.059925 
 0.006836 -0.692648 0.087310 
 -0.016535 -0.692752 0.082635 
 -0.039906 -0.692855 0.077959 
 -0.063982 -0.698885 0.105297 
 -0.087412 -0.698990 0.100610 
 -0.110019 -0.693167 0.063933 
 -0.132507 -0.687344 0.027280 
 -0.154876 -0.681520 -0.009350 
 -0.177626 -0.678660 -0.029979 
 -0.200849 -0.678763 -0.034624 
 -0.224070 -0.678866 -0.039270 
 0.147894 -0.703804 0.049168 
 0.124416 -0.709892 0.076621 
 0.101105 -0.709996 0.071957 
 0.077793 -0.710099 0.067294 
 0.054482 -0.710203 0.062630 
 0.031170 -0.710306 0.057967 
 0.007334 -0.716396 0.085347 
 -0.016037 -0.716500 0.080672 
 -0.040051 -0.722590 0.108016 
 -0.063482 -0.722694 0.103329 
 -0.086913 -0.722798 0.098641 
 -0.109521 -0.716915 0.061970 
 -0.132010 -0.711031 0.025322 
 -0.154380 -0.705147 -0.011303 
 -0.177632 -0.705251 -0.015955 
 -0.200884 -0.705354 -0.020607 
 -0.223575 -0.702463 -0.041221 
 0.148225 -0.733476 0.079326 
 0.124913 -0.733580 0.074663 
 0.101602 -0.733683 0.069999 
 0.078290 -0.733787 0.065335 
 0.054979 -0.733890 0.060672 
 0.031667 -0.733994 0.056008 
 0.007310 -0.746191 0.115423 
 -0.016121 -0.746295 0.110735 
 -0.039552 -0.746399 0.106048 
 -0.062982 -0.746503 0.101360 
 -0.086413 -0.746607 0.096673 
 -0.109023 -0.740663 0.060006 
 -0.131513 -0.734719 0.023363 
 -0.154825 -0.734823 0.018700 
 -0.178136 -0.734926 0.014036 
 -0.201448 -0.735030 0.009372 
 0.195255 -0.769166 0.150954 
 0.171824 -0.769271 0.146266 
 0.148558 -0.763269 0.109474 
 0.125187 -0.763373 0.104798 
 0.102099 -0.757371 0.068041 
 0.078787 -0.757474 0.063377 
 0.055476 -0.757578 0.058713 
 0.031702 -0.763788 0.086096 
 0.008331 -0.763892 0.081420 
 -0.015621 -0.770103 0.108767 
 -0.039052 -0.770208 0.104079 
 -0.062483 -0.770312 0.099392 
 -0.085914 -0.770416 0.094705 
 -0.108525 -0.764412 0.058043 
 -0.131896 -0.764516 0.053367 
 -0.154328 -0.758510 0.016741 
 -0.177639 -0.758614 0.012078 
 -0.200951 -0.758718 0.007414 
 0.195755 -0.792975 0.148986 
 0.172324 -0.793079 0.144298 
 0.148894 -0.793183 0.139611 
 0.125463 -0.793288 0.134923 
 0.102314 -0.787225 0.098159 
 0.078943 -0.787329 0.093484 
 0.055572 -0.787433 0.088808 
 0.032201 -0.787537 0.084133 
 0.008830 -0.787640 0.079457 
 -0.015122 -0.793912 0.106799 
 -0.038552 -0.794016 0.102111 
 -0.061983 -0.794121 0.097424 
 -0.085414 -0.794225 0.092736 
 -0.108844 -0.794329 0.088049 
 -0.131397 -0.788264 0.051404 
 -0.154768 -0.788367 0.046729 
 -0.178139 -0.788471 0.042053 
 -0.200453 -0.782405 0.005456 
 0.172824 -0.816888 0.142330 
 0.149393 -0.816992 0.137642 
 0.125962 -0.817096 0.132955 
 0.102813 -0.810973 0.096196 
 0.079441 -0.811077 0.091520 
 0.056070 -0.811181 0.086845 
 0.032699 -0.811285 0.082169 
 0.009328 -0.811389 0.077494 
 -0.014622 -0.817721 0.104830 
 -0.038053 -0.817825 0.100143 
 -0.061483 -0.817929 0.095455 
 -0.084914 -0.818034 0.090768 
 -0.108345 -0.818138 0.086080 
 -0.130899 -0.812012 0.049441 
 -0.154270 -0.812116 0.044765 
 -0.177641 -0.812220 0.040090 
 0.173223 -0.846984 0.172465 
 0.149893 -0.840801 0.135674 
 0.126462 -0.840905 0.130986 
 0.103031 -0.841009 0.126299 
 0.079601 -0.841113 0.121612 
 0.056569 -0.834929 0.084881 
 0.032739 -0.841322 0.112237 
 0.009308 -0.841426 0.107549 
 -0.014122 -0.841530 0.102862 
 -0.037553 -0.841634 0.098174 
 -0.060984 -0.841738 0.093487 
 -0.084415 -0.841842 0.088800 
 -0.108662 -0.848237 0.116073 
 -0.132152 -0.848341 0.111373 
 0.150233 -0.870958 0.165792 
 0.126743 -0.871062 0.161093 
 0.103531 -0.864818 0.124331 
 0.080100 -0.864922 0.119643 
 0.056670 -0.865026 0.114956 
 0.033239 -0.865130 0.110268 
 0.009808 -0.865235 0.105581 
 -0.013623 -0.865339 0.100893 
 -0.037054 -0.865443 0.096206 
 0.150655 -0.898031 0.179859 
 0.127244 -0.894932 0.159119 
 0.104031 -0.888627 0.122362 
 0.080600 -0.888731 0.117675 
 0.033738 -0.888939 0.108300 
 0.010307 -0.889043 0.103613 
 0.151001 -0.928400 0.209959 
 0.127745 -0.918801 0.157146 
 0.104254 -0.918905 0.152447 
 0.151348 -0.958890 0.240049 
 0.127709 -0.958995 0.235320 
 